# epoch	loss_train	acc_train	loss_val	acc_val	time	acc_test	f1_test
0001	1.7932	0.1667	1.7906	0.1860	0.0533s	1.7941	0.1690	0.0482
0
0002	1.7917	0.1833	1.7904	0.1860	0.0545s	1.7930	0.1690	0.0482
0
0003	1.7882	0.1583	1.7899	0.1880	0.0540s	1.7917	0.1690	0.0482
0
0004	1.7858	0.1833	1.7892	0.1880	0.0556s	1.7900	0.1690	0.0482
0
0005	1.7827	0.2000	1.7881	0.1880	0.0536s	1.7878	0.1690	0.0482
0
0006	1.7774	0.2333	1.7864	0.1920	0.0532s	1.7851	0.1750	0.0569
0
0007	1.7743	0.3000	1.7843	0.3300	0.0530s	1.7822	0.3220	0.1654
0
0008	1.7686	0.3917	1.7819	0.3680	0.0529s	1.7790	0.3770	0.1849
0
0009	1.7605	0.3917	1.7797	0.3460	0.0534s	1.7760	0.3580	0.1906
0
0010	1.7560	0.4333	1.7767	0.3060	0.0532s	1.7724	0.3080	0.1628
0
0011	1.7462	0.4250	1.7741	0.2820	0.0531s	1.7688	0.2880	0.1493
0
0012	1.7397	0.4250	1.7713	0.2760	0.0530s	1.7653	0.2840	0.1535
0
0013	1.7380	0.4250	1.7681	0.2840	0.0528s	1.7615	0.3000	0.1851
0
0014	1.7223	0.4500	1.7644	0.2960	0.0530s	1.7574	0.3190	0.2206
0
0015	1.7144	0.4250	1.7601	0.3320	0.0531s	1.7528	0.3510	0.2512
0
0016	1.7051	0.5250	1.7554	0.3620	0.0533s	1.7481	0.3870	0.2750
0
0017	1.6929	0.5917	1.7494	0.3820	0.0534s	1.7422	0.4030	0.2992
0
0018	1.6751	0.5083	1.7427	0.3840	0.0533s	1.7354	0.4090	0.3123
0
0019	1.6635	0.5667	1.7362	0.3920	0.0529s	1.7287	0.4180	0.3297
0
0020	1.6511	0.6000	1.7291	0.3920	0.0555s	1.7214	0.4240	0.3374
0
0021	1.6209	0.7000	1.7211	0.4140	0.0536s	1.7131	0.4390	0.3532
0
0022	1.6133	0.6750	1.7124	0.4480	0.0530s	1.7045	0.4600	0.3723
0
0023	1.5964	0.6583	1.7045	0.4640	0.0538s	1.6962	0.4750	0.3912
0
0024	1.5873	0.7000	1.6944	0.4720	0.0542s	1.6861	0.4840	0.4041
0
0025	1.5492	0.8000	1.6847	0.4940	0.0531s	1.6760	0.5070	0.4401
0
0026	1.5390	0.7333	1.6742	0.4980	0.0532s	1.6652	0.5290	0.4700
0
0027	1.5233	0.7417	1.6626	0.5020	0.0544s	1.6532	0.5410	0.4793
0
0028	1.4987	0.7917	1.6508	0.5280	0.0541s	1.6415	0.5570	0.4971
0
0029	1.4712	0.8583	1.6377	0.5620	0.0539s	1.6286	0.5820	0.5275
0
0030	1.4552	0.7833	1.6258	0.5700	0.0537s	1.6160	0.5990	0.5434
0
0031	1.4111	0.8333	1.6131	0.5800	0.0535s	1.6026	0.6080	0.5545
0
0032	1.4045	0.7833	1.6002	0.5840	0.0536s	1.5889	0.6140	0.5634
0
0033	1.3831	0.8250	1.5860	0.6000	0.0534s	1.5743	0.6290	0.5794
0
0034	1.3617	0.8667	1.5734	0.6160	0.0536s	1.5607	0.6380	0.5903
0
0035	1.3273	0.8667	1.5593	0.6180	0.0541s	1.5460	0.6340	0.5833
0
0036	1.3096	0.8333	1.5455	0.6160	0.0532s	1.5322	0.6400	0.5889
0
0037	1.2787	0.8917	1.5314	0.6240	0.0533s	1.5182	0.6470	0.5970
0
0038	1.2743	0.8500	1.5186	0.6240	0.0530s	1.5049	0.6480	0.6001
0
0039	1.2415	0.8917	1.5032	0.6260	0.0531s	1.4891	0.6550	0.6090
0
0040	1.2116	0.9000	1.4881	0.6340	0.0528s	1.4732	0.6600	0.6191
0
0041	1.1842	0.9000	1.4736	0.6500	0.0530s	1.4574	0.6750	0.6376
0
0042	1.2197	0.9250	1.4594	0.6440	0.0531s	1.4417	0.6790	0.6420
0
0043	1.1590	0.8500	1.4431	0.6520	0.0532s	1.4251	0.6860	0.6491
0
0044	1.1483	0.8750	1.4280	0.6520	0.0532s	1.4099	0.6860	0.6483
0
0045	1.1007	0.8750	1.4139	0.6560	0.0534s	1.3958	0.6830	0.6446
0
0046	1.1128	0.8917	1.4002	0.6560	0.0533s	1.3824	0.6790	0.6398
0
0047	1.0897	0.9083	1.3870	0.6560	0.0531s	1.3687	0.6790	0.6422
0
0048	1.0653	0.9250	1.3750	0.6620	0.0533s	1.3555	0.6800	0.6440
0
0049	1.0816	0.8833	1.3625	0.6580	0.0535s	1.3416	0.6860	0.6491
0
0050	1.0375	0.8833	1.3507	0.6640	0.0541s	1.3280	0.6930	0.6557
0
0051	1.0452	0.9333	1.3379	0.6580	0.0532s	1.3144	0.6960	0.6576
0
0052	1.0162	0.9167	1.3239	0.6540	0.0532s	1.3005	0.6950	0.6559
0
0053	1.0370	0.9167	1.3103	0.6760	0.0530s	1.2878	0.6940	0.6571
0
0054	0.9722	0.9417	1.2989	0.6820	0.0530s	1.2768	0.6980	0.6586
0
0055	0.9827	0.9083	1.2890	0.6900	0.0537s	1.2661	0.6980	0.6585
0
0056	0.9598	0.9167	1.2794	0.6920	0.0530s	1.2549	0.7030	0.6629
0
0057	0.9942	0.8833	1.2719	0.6740	0.0531s	1.2447	0.7020	0.6653
0
0058	0.9699	0.9500	1.2640	0.6800	0.0528s	1.2344	0.7040	0.6687
0
0059	0.9498	0.9250	1.2536	0.6760	0.0531s	1.2226	0.7030	0.6677
0
0060	0.9608	0.9167	1.2415	0.6820	0.0531s	1.2106	0.7020	0.6656
0
0061	0.9133	0.9500	1.2303	0.6780	0.0529s	1.1998	0.7050	0.6651
0
0062	0.9599	0.8750	1.2205	0.6840	0.0531s	1.1907	0.7060	0.6657
0
0063	0.9520	0.9167	1.2117	0.6840	0.0533s	1.1821	0.7020	0.6607
0
0064	0.8991	0.9500	1.2028	0.6840	0.0531s	1.1726	0.7100	0.6693
0
0065	0.9236	0.9167	1.1947	0.6900	0.0532s	1.1635	0.7140	0.6750
0
0066	0.9044	0.9083	1.1877	0.6880	0.0559s	1.1552	0.7110	0.6722
0
0067	0.9022	0.9333	1.1800	0.6880	0.0579s	1.1468	0.7150	0.6759
0
0068	0.9062	0.9417	1.1735	0.6900	0.0543s	1.1397	0.7140	0.6749
0
0069	0.8806	0.9000	1.1676	0.6880	0.0542s	1.1331	0.7140	0.6747
0
0070	0.8896	0.9333	1.1594	0.6900	0.0530s	1.1253	0.7130	0.6720
0
0071	0.8689	0.9250	1.1499	0.6880	0.0531s	1.1172	0.7130	0.6687
0
0072	0.8661	0.9417	1.1412	0.6920	0.0530s	1.1093	0.7170	0.6709
0
0073	0.8590	0.8917	1.1324	0.7000	0.0541s	1.1011	0.7220	0.6790
0
0074	0.8387	0.9167	1.1249	0.7020	0.0532s	1.0942	0.7280	0.6874
0
0075	0.8983	0.9167	1.1205	0.7040	0.0530s	1.0888	0.7290	0.6897
0
0076	0.8536	0.9417	1.1164	0.7040	0.0539s	1.0838	0.7290	0.6909
0
0077	0.8468	0.8833	1.1108	0.7020	0.0535s	1.0779	0.7300	0.6917
0
0078	0.8924	0.8917	1.1030	0.7040	0.0530s	1.0704	0.7340	0.6956
0
0079	0.8427	0.9750	1.0951	0.7020	0.0532s	1.0628	0.7330	0.6931
0
0080	0.8179	0.9167	1.0903	0.7000	0.0552s	1.0571	0.7310	0.6884
0
0081	0.8308	0.9000	1.0848	0.7020	0.0539s	1.0511	0.7300	0.6861
0
0082	0.8503	0.9000	1.0792	0.7020	0.0532s	1.0445	0.7300	0.6870
0
0083	0.8287	0.9667	1.0762	0.7000	0.0541s	1.0401	0.7330	0.6911
0
0084	0.8228	0.9417	1.0726	0.6980	0.0543s	1.0360	0.7320	0.6928
0
0085	0.8174	0.9250	1.0667	0.7040	0.0535s	1.0312	0.7340	0.6948
0
0086	0.8008	0.9417	1.0613	0.7020	0.0536s	1.0265	0.7330	0.6937
0
0087	0.8414	0.9333	1.0552	0.7040	0.0536s	1.0211	0.7370	0.6975
0
0088	0.8132	0.9250	1.0486	0.7060	0.0589s	1.0156	0.7350	0.6944
0
0089	0.8093	0.9500	1.0446	0.7080	0.0543s	1.0116	0.7360	0.6925
0
0090	0.7930	0.9333	1.0427	0.7080	0.0536s	1.0085	0.7340	0.6902
0
0091	0.7883	0.9333	1.0403	0.7060	0.0540s	1.0046	0.7350	0.6931
0
0092	0.7617	0.9667	1.0385	0.7080	0.0531s	1.0010	0.7380	0.6978
0
0093	0.7775	0.9333	1.0354	0.7120	0.0540s	0.9972	0.7360	0.6942
0
0094	0.7585	0.9417	1.0336	0.7100	0.0536s	0.9946	0.7350	0.6961
0
0095	0.7623	0.9417	1.0264	0.7120	0.0543s	0.9893	0.7360	0.6955
0
0096	0.7605	0.9667	1.0208	0.7140	0.0533s	0.9849	0.7420	0.7012
0
0097	0.7799	0.9083	1.0168	0.7100	0.0536s	0.9815	0.7410	0.7002
0
0098	0.7435	0.9333	1.0131	0.7060	0.0535s	0.9779	0.7420	0.7013
0
0099	0.7197	0.9000	1.0110	0.7060	0.0530s	0.9755	0.7410	0.7004
0
0100	0.7304	0.9417	1.0075	0.7080	0.0537s	0.9722	0.7410	0.7000
0
0101	0.7302	0.9417	1.0032	0.7100	0.0540s	0.9684	0.7440	0.7029
0
0102	0.7094	0.9250	1.0002	0.7120	0.0533s	0.9652	0.7410	0.7003
0
0103	0.7192	0.9500	0.9976	0.7120	0.0531s	0.9620	0.7410	0.6992
0
0104	0.7229	0.9250	0.9956	0.7160	0.0530s	0.9586	0.7390	0.6959
0
0105	0.6984	0.9583	0.9938	0.7140	0.0531s	0.9561	0.7410	0.6991
0
0106	0.7854	0.9500	0.9914	0.7100	0.0532s	0.9535	0.7400	0.6981
0
0107	0.6843	0.9750	0.9868	0.7120	0.0531s	0.9503	0.7410	0.6992
0
0108	0.7346	0.9167	0.9829	0.7120	0.0535s	0.9477	0.7430	0.7008
0
0109	0.7125	0.9417	0.9798	0.7140	0.0535s	0.9454	0.7420	0.7008
0
0110	0.6810	0.9583	0.9750	0.7160	0.0533s	0.9418	0.7440	0.7013
0
0111	0.6809	0.9500	0.9742	0.7140	0.0541s	0.9390	0.7420	0.6996
0
0112	0.6738	0.9417	0.9725	0.7160	0.0528s	0.9359	0.7460	0.7049
0
0113	0.6748	0.9333	0.9712	0.7140	0.0528s	0.9335	0.7450	0.7044
0
0114	0.6390	0.9250	0.9668	0.7180	0.0530s	0.9299	0.7420	0.6971
0
0115	0.6214	0.9583	0.9650	0.7160	0.0531s	0.9283	0.7440	0.7001
0
0116	0.6652	0.9417	0.9628	0.7200	0.0530s	0.9274	0.7400	0.6961
0
0117	0.6720	0.9750	0.9628	0.7200	0.0532s	0.9263	0.7400	0.6976
0
0118	0.6422	0.9583	0.9630	0.7180	0.0534s	0.9246	0.7400	0.6980
0
0119	0.7207	0.9167	0.9624	0.7080	0.0533s	0.9225	0.7430	0.6991
1
0120	0.6482	0.9167	0.9585	0.7180	0.0530s	0.9191	0.7410	0.6908
0
0121	0.6432	0.9417	0.9532	0.7160	0.0532s	0.9155	0.7410	0.6928
0
0122	0.6289	0.9583	0.9482	0.7200	0.0529s	0.9118	0.7410	0.6940
0
0123	0.6222	0.9583	0.9451	0.7220	0.0533s	0.9091	0.7450	0.6976
0
0124	0.6133	0.9917	0.9469	0.7260	0.0529s	0.9085	0.7480	0.7036
0
0125	0.6271	0.9667	0.9479	0.7240	0.0530s	0.9074	0.7460	0.7019
0
0126	0.6390	0.9417	0.9469	0.7180	0.0540s	0.9056	0.7440	0.6985
1
0127	0.6616	0.9417	0.9451	0.7180	0.0527s	0.9040	0.7420	0.6949
2
0128	0.6734	0.9000	0.9398	0.7180	0.0527s	0.9010	0.7420	0.6933
3
0129	0.6276	0.9417	0.9342	0.7160	0.0543s	0.8977	0.7390	0.6892
0
0130	0.6144	0.9333	0.9319	0.7160	0.0535s	0.8956	0.7400	0.6932
0
0131	0.5775	0.9333	0.9325	0.7180	0.0531s	0.8951	0.7390	0.6935
0
0132	0.6320	0.9417	0.9338	0.7180	0.0532s	0.8943	0.7400	0.6961
1
0133	0.6270	0.9083	0.9310	0.7180	0.0531s	0.8909	0.7410	0.6941
2
0134	0.6382	0.9417	0.9243	0.7140	0.0531s	0.8862	0.7390	0.6913
0
0135	0.5788	0.9667	0.9206	0.7180	0.0531s	0.8835	0.7400	0.6873
0
0136	0.5964	0.9583	0.9195	0.7240	0.0539s	0.8821	0.7410	0.6898
0
0137	0.5629	0.9583	0.9214	0.7200	0.0530s	0.8827	0.7400	0.6886
0
0138	0.6215	0.9667	0.9243	0.7140	0.0530s	0.8836	0.7400	0.6900
1
0139	0.5814	0.9667	0.9262	0.7080	0.0528s	0.8839	0.7370	0.6883
2
0140	0.6067	0.9417	0.9248	0.7080	0.0530s	0.8823	0.7360	0.6884
3
0141	0.5723	0.9583	0.9193	0.7140	0.0540s	0.8784	0.7380	0.6874
4
0142	0.5837	0.9667	0.9149	0.7160	0.0531s	0.8746	0.7390	0.6854
0
0143	0.5646	0.9500	0.9137	0.7160	0.0530s	0.8725	0.7370	0.6808
0
0144	0.5686	0.9583	0.9129	0.7200	0.0532s	0.8715	0.7370	0.6809
0
0145	0.5375	0.9417	0.9116	0.7220	0.0530s	0.8704	0.7400	0.6869
0
0146	0.5926	0.8750	0.9083	0.7200	0.0531s	0.8686	0.7420	0.6917
0
0147	0.5728	0.9500	0.9050	0.7220	0.0532s	0.8676	0.7420	0.6913
0
0148	0.5798	0.9167	0.9042	0.7200	0.0531s	0.8662	0.7430	0.6923
0
0149	0.5752	0.9417	0.9037	0.7140	0.0532s	0.8646	0.7420	0.6886
0
0150	0.5528	0.9667	0.9062	0.7120	0.0531s	0.8640	0.7390	0.6846
0
0151	0.5818	0.9417	0.9076	0.7060	0.0535s	0.8632	0.7430	0.6892
1
0152	0.5647	0.9750	0.9048	0.7080	0.0528s	0.8608	0.7440	0.6900
2
0153	0.5609	0.9250	0.8996	0.7160	0.0528s	0.8584	0.7450	0.6882
3
0154	0.5473	0.9417	0.8981	0.7220	0.0521s	0.8580	0.7400	0.6881
0
0155	0.5251	0.9500	0.8969	0.7200	0.0529s	0.8570	0.7390	0.6858
0
0156	0.5653	0.9417	0.8941	0.7180	0.0531s	0.8548	0.7410	0.6882
0
0157	0.5595	0.9750	0.8913	0.7180	0.0531s	0.8525	0.7420	0.6875
0
0158	0.5445	0.9917	0.8915	0.7160	0.0533s	0.8512	0.7470	0.6926
0
0159	0.5373	0.9417	0.8901	0.7100	0.0532s	0.8490	0.7500	0.6955
1
0160	0.5372	0.9167	0.8901	0.7160	0.0527s	0.8477	0.7500	0.6954
0
0161	0.5683	0.9583	0.8884	0.7180	0.0526s	0.8465	0.7480	0.6934
0
0162	0.5371	0.9417	0.8911	0.7200	0.0535s	0.8476	0.7440	0.6893
0
0163	0.5265	0.9667	0.8944	0.7120	0.0531s	0.8497	0.7400	0.6857
1
0164	0.5195	0.9500	0.8928	0.7180	0.0533s	0.8503	0.7380	0.6835
2
0165	0.5193	0.9333	0.8855	0.7180	0.0553s	0.8466	0.7420	0.6872
3
0166	0.5238	0.9500	0.8789	0.7220	0.0584s	0.8423	0.7470	0.6925
0
0167	0.5474	0.9583	0.8773	0.7220	0.0536s	0.8398	0.7490	0.6942
0
0168	0.5271	0.9500	0.8830	0.7180	0.0540s	0.8407	0.7460	0.6914
0
0169	0.5519	0.9333	0.8901	0.7120	0.0543s	0.8432	0.7430	0.6875
1
0170	0.5229	0.9750	0.8922	0.7100	0.0535s	0.8440	0.7430	0.6877
2
0171	0.5394	0.9333	0.8843	0.7120	0.0538s	0.8404	0.7500	0.6949
3
0172	0.5247	0.9500	0.8776	0.7140	0.0533s	0.8379	0.7480	0.6917
4
0173	0.5297	0.9417	0.8747	0.7160	0.0579s	0.8366	0.7470	0.6908
5
0174	0.5240	0.9500	0.8772	0.7160	0.0535s	0.8366	0.7480	0.6920
0
0175	0.5176	0.9417	0.8768	0.7200	0.0533s	0.8354	0.7500	0.6934
1
0176	0.5372	0.9333	0.8810	0.7140	0.0537s	0.8362	0.7470	0.6921
2
0177	0.5077	0.9500	0.8866	0.7140	0.0535s	0.8380	0.7450	0.6897
3
0178	0.5041	0.9250	0.8885	0.7140	0.0541s	0.8387	0.7420	0.6869
4
0179	0.4764	0.9667	0.8841	0.7120	0.0545s	0.8362	0.7460	0.6911
5
0180	0.5553	0.9000	0.8791	0.7100	0.0564s	0.8340	0.7460	0.6915
6
0181	0.5300	0.9417	0.8759	0.7140	0.0547s	0.8327	0.7490	0.6946
7
0182	0.5070	0.9667	0.8738	0.7120	0.0549s	0.8321	0.7480	0.6938
8
0183	0.4835	0.9333	0.8770	0.7140	0.0550s	0.8334	0.7470	0.6928
0
0184	0.4916	0.9333	0.8791	0.7140	0.0541s	0.8333	0.7450	0.6904
1
0185	0.4982	0.9667	0.8810	0.7120	0.0536s	0.8330	0.7440	0.6891
2
0186	0.5080	0.9083	0.8823	0.7100	0.0536s	0.8326	0.7460	0.6911
3
0187	0.5394	0.9417	0.8786	0.7100	0.0552s	0.8304	0.7470	0.6923
4
0188	0.5124	0.9583	0.8755	0.7080	0.0542s	0.8287	0.7470	0.6927
5
0189	0.4982	0.9500	0.8736	0.7060	0.0559s	0.8282	0.7490	0.6949
6
0190	0.4935	0.9667	0.8720	0.7060	0.0543s	0.8285	0.7490	0.6946
0
0191	0.4680	0.9750	0.8735	0.7120	0.0575s	0.8295	0.7460	0.6899
0
0192	0.4971	0.9250	0.8743	0.7140	0.0538s	0.8291	0.7450	0.6909
1
0193	0.4907	0.9083	0.8725	0.7120	0.0539s	0.8263	0.7480	0.6934
2
0194	0.4931	0.9333	0.8701	0.7100	0.0537s	0.8233	0.7500	0.6956
3
0195	0.4908	0.9583	0.8719	0.7060	0.0528s	0.8235	0.7480	0.6938
0
0196	0.5238	0.9417	0.8724	0.7040	0.0535s	0.8236	0.7470	0.6926
1
0197	0.4788	0.9500	0.8718	0.7080	0.0538s	0.8230	0.7480	0.6938
2
0198	0.4753	0.9667	0.8675	0.7120	0.0674s	0.8216	0.7500	0.6962
3
0199	0.4885	0.9417	0.8620	0.7080	0.0543s	0.8193	0.7510	0.6972
0
0200	0.4934	0.9500	0.8571	0.7120	0.0537s	0.8172	0.7500	0.6955
0
0201	0.4856	0.9500	0.8575	0.7180	0.0535s	0.8172	0.7490	0.6945
0
0202	0.4859	0.9417	0.8621	0.7160	0.0532s	0.8183	0.7490	0.6951
1
0203	0.4887	0.9250	0.8672	0.7160	0.0537s	0.8204	0.7470	0.6935
2
0204	0.4727	0.9500	0.8720	0.7060	0.0538s	0.8219	0.7460	0.6920
3
0205	0.4976	0.9333	0.8712	0.7040	0.0531s	0.8214	0.7460	0.6919
4
0206	0.5065	0.9583	0.8669	0.7060	0.0526s	0.8192	0.7470	0.6930
5
0207	0.4950	0.9333	0.8612	0.7080	0.0527s	0.8169	0.7490	0.6925
6
0208	0.4815	0.9250	0.8565	0.7180	0.0528s	0.8151	0.7480	0.6892
7
0209	0.5045	0.9500	0.8539	0.7200	0.0526s	0.8137	0.7530	0.6985
0
0210	0.5105	0.9667	0.8558	0.7180	0.0526s	0.8139	0.7500	0.6960
0
0211	0.4672	0.9417	0.8591	0.7100	0.0529s	0.8154	0.7510	0.6969
1
0212	0.4733	0.9500	0.8631	0.7100	0.0527s	0.8177	0.7480	0.6943
2
0213	0.4857	0.9167	0.8644	0.7100	0.0560s	0.8191	0.7470	0.6913
3
0214	0.5126	0.9167	0.8639	0.7080	0.0543s	0.8192	0.7500	0.6915
4
0215	0.5183	0.9500	0.8618	0.7100	0.0533s	0.8178	0.7490	0.6902
5
0216	0.4525	0.9583	0.8588	0.7100	0.0531s	0.8153	0.7500	0.6939
6
0217	0.5217	0.9083	0.8564	0.7100	0.0532s	0.8138	0.7490	0.6933
7
0218	0.4701	0.9417	0.8552	0.7120	0.0530s	0.8138	0.7500	0.6965
8
0219	0.4498	0.9500	0.8524	0.7120	0.0530s	0.8127	0.7510	0.6976
9
0220	0.4966	0.9583	0.8508	0.7200	0.0532s	0.8121	0.7540	0.6982
0
0221	0.4937	0.9333	0.8533	0.7180	0.0530s	0.8131	0.7530	0.6947
0
0222	0.4913	0.9583	0.8603	0.7140	0.0536s	0.8156	0.7510	0.6925
1
0223	0.5219	0.9417	0.8657	0.7120	0.0531s	0.8170	0.7490	0.6942
2
0224	0.4784	0.9583	0.8675	0.7080	0.0529s	0.8165	0.7430	0.6886
3
0225	0.4578	0.9500	0.8632	0.7040	0.0530s	0.8147	0.7470	0.6938
4
0226	0.4799	0.9667	0.8621	0.7080	0.0532s	0.8145	0.7470	0.6936
5
0227	0.4727	0.9333	0.8561	0.7060	0.0531s	0.8120	0.7510	0.6974
6
0228	0.4837	0.9333	0.8518	0.7200	0.0532s	0.8113	0.7550	0.7009
7
0229	0.4962	0.9500	0.8541	0.7180	0.0533s	0.8134	0.7500	0.6915
8
0230	0.4718	0.9500	0.8559	0.7180	0.0530s	0.8140	0.7500	0.6916
9
0231	0.4545	0.9750	0.8564	0.7120	0.0532s	0.8125	0.7510	0.6926
10
0232	0.4709	0.9750	0.8596	0.7180	0.0531s	0.8123	0.7510	0.6972
11
0233	0.4811	0.9667	0.8632	0.7140	0.0532s	0.8125	0.7510	0.6970
12
0234	0.4693	0.9500	0.8603	0.7160	0.0529s	0.8097	0.7500	0.6960
13
0235	0.4826	0.9500	0.8537	0.7200	0.0532s	0.8071	0.7530	0.6989
14
0236	0.5025	0.9333	0.8485	0.7140	0.0532s	0.8067	0.7550	0.6988
15
0237	0.4655	0.9500	0.8486	0.7180	0.0546s	0.8084	0.7500	0.6917
0
0238	0.4555	0.9417	0.8527	0.7220	0.0533s	0.8119	0.7500	0.6900
1
0239	0.4852	0.9583	0.8579	0.7140	0.0532s	0.8140	0.7450	0.6857
2
0240	0.4917	0.9417	0.8605	0.7100	0.0535s	0.8118	0.7480	0.6928
3
0241	0.4893	0.9500	0.8623	0.7080	0.0538s	0.8093	0.7510	0.6969
4
0242	0.4610	0.9333	0.8604	0.7160	0.0534s	0.8075	0.7520	0.6990
5
0243	0.4592	0.9833	0.8545	0.7160	0.0530s	0.8054	0.7560	0.7026
6
0244	0.4650	0.9417	0.8492	0.7180	0.0533s	0.8048	0.7550	0.7004
7
0245	0.4515	0.9667	0.8467	0.7140	0.0532s	0.8052	0.7560	0.6976
8
0246	0.4719	0.9667	0.8497	0.7120	0.0532s	0.8082	0.7510	0.6935
0
0247	0.5010	0.9583	0.8528	0.7120	0.0533s	0.8098	0.7460	0.6909
1
0248	0.4312	0.9667	0.8520	0.7140	0.0535s	0.8073	0.7490	0.6938
2
0249	0.4470	0.9583	0.8508	0.7080	0.0530s	0.8046	0.7520	0.6983
3
0250	0.4445	0.9167	0.8533	0.7060	0.0534s	0.8049	0.7550	0.7026
4
0251	0.4482	0.9250	0.8543	0.7120	0.0531s	0.8055	0.7480	0.6931
5
0252	0.4834	0.9500	0.8542	0.7100	0.0540s	0.8056	0.7510	0.6963
6
0253	0.4680	0.9583	0.8528	0.7140	0.0534s	0.8053	0.7550	0.7006
7
0254	0.4846	0.9583	0.8498	0.7140	0.0537s	0.8059	0.7550	0.6993
8
0255	0.5028	0.9417	0.8447	0.7180	0.0542s	0.8050	0.7540	0.6943
9
0256	0.4637	0.9667	0.8430	0.7220	0.0542s	0.8026	0.7550	0.6991
0
0257	0.4740	0.9083	0.8459	0.7160	0.0541s	0.8020	0.7570	0.7028
0
0258	0.4977	0.9667	0.8526	0.7120	0.0540s	0.8040	0.7530	0.6979
1
0259	0.4398	0.9333	0.8580	0.7120	0.0533s	0.8061	0.7490	0.6937
2
0260	0.4832	0.9667	0.8554	0.7120	0.0530s	0.8044	0.7510	0.6963
3
0261	0.4310	0.9583	0.8466	0.7180	0.0543s	0.8010	0.7540	0.7003
4
0262	0.4400	0.9500	0.8396	0.7220	0.0543s	0.8000	0.7540	0.6959
5
0263	0.4938	0.9333	0.8377	0.7200	0.0541s	0.8004	0.7540	0.6961
0
0264	0.4699	0.9667	0.8394	0.7200	0.0531s	0.8016	0.7560	0.6976
0
0265	0.4875	0.9250	0.8450	0.7160	0.0536s	0.8034	0.7510	0.6924
1
0266	0.4870	0.9417	0.8475	0.7160	0.0533s	0.8034	0.7530	0.6941
2
0267	0.5001	0.9000	0.8506	0.7160	0.0536s	0.8037	0.7540	0.6998
3
0268	0.4455	0.9167	0.8526	0.7160	0.0534s	0.8039	0.7490	0.6954
4
0269	0.4782	0.9750	0.8502	0.7180	0.0533s	0.8027	0.7510	0.6952
5
0270	0.4424	0.9833	0.8433	0.7200	0.0532s	0.7999	0.7560	0.6998
6
0271	0.4850	0.9167	0.8377	0.7220	0.0523s	0.7978	0.7590	0.7030
7
0272	0.4680	0.9333	0.8358	0.7240	0.0536s	0.7969	0.7520	0.6961
8
0273	0.4589	0.9333	0.8360	0.7260	0.0532s	0.7975	0.7570	0.7007
0
0274	0.4560	0.9833	0.8446	0.7160	0.0531s	0.8011	0.7510	0.6945
0
0275	0.4441	0.9333	0.8550	0.7160	0.0531s	0.8053	0.7490	0.6926
1
0276	0.4376	0.9750	0.8576	0.7140	0.0534s	0.8060	0.7440	0.6885
2
0277	0.4667	0.9333	0.8520	0.7160	0.0533s	0.8034	0.7510	0.6960
3
0278	0.4629	0.9417	0.8429	0.7220	0.0531s	0.7994	0.7560	0.7004
4
0279	0.4411	0.9333	0.8380	0.7240	0.0534s	0.7982	0.7560	0.6981
5
0280	0.4560	0.9417	0.8387	0.7220	0.0536s	0.7995	0.7510	0.6932
6
0281	0.4273	0.9750	0.8472	0.7180	0.0531s	0.8038	0.7510	0.6921
7
0282	0.4529	0.9833	0.8542	0.7180	0.0532s	0.8075	0.7470	0.6857
8
0283	0.4375	0.9667	0.8543	0.7160	0.0531s	0.8065	0.7470	0.6886
9
0284	0.4658	0.9417	0.8541	0.7140	0.0531s	0.8043	0.7490	0.6912
10
0285	0.4300	0.9250	0.8476	0.7200	0.0565s	0.7994	0.7530	0.6951
11
0286	0.4464	0.9417	0.8418	0.7220	0.0537s	0.7961	0.7550	0.6970
12
0287	0.4806	0.9250	0.8381	0.7180	0.0533s	0.7946	0.7560	0.6976
13
0288	0.4592	0.9250	0.8402	0.7180	0.0559s	0.7966	0.7540	0.6955
14
0289	0.4561	0.9333	0.8460	0.7220	0.0536s	0.7998	0.7520	0.6932
15
0290	0.4994	0.9167	0.8538	0.7140	0.0535s	0.8034	0.7460	0.6877
16
0291	0.4547	0.9167	0.8561	0.7180	0.0541s	0.8031	0.7470	0.6916
17
0292	0.4708	0.9333	0.8494	0.7180	0.0551s	0.7981	0.7510	0.6949
18
0293	0.4349	0.9917	0.8412	0.7180	0.0547s	0.7942	0.7560	0.6996
19
0294	0.4660	0.9500	0.8336	0.7220	0.0542s	0.7922	0.7590	0.7026
20
0295	0.4813	0.9250	0.8321	0.7240	0.0544s	0.7928	0.7600	0.7012
0
0296	0.4758	0.9500	0.8372	0.7200	0.0540s	0.7957	0.7560	0.6946
0
0297	0.4881	0.9250	0.8435	0.7180	0.0536s	0.7983	0.7520	0.6908
1
0298	0.5126	0.9250	0.8474	0.7160	0.0541s	0.7997	0.7500	0.6920
2
0299	0.4718	0.9250	0.8461	0.7180	0.0542s	0.7985	0.7520	0.6944
3
0300	0.4512	0.9500	0.8419	0.7200	0.0541s	0.7961	0.7570	0.6986
4
0301	0.4718	0.9083	0.8390	0.7220	0.0538s	0.7944	0.7590	0.7023
5
0302	0.4747	0.9167	0.8362	0.7200	0.0542s	0.7930	0.7580	0.7011
6
0303	0.4702	0.9500	0.8392	0.7200	0.0535s	0.7943	0.7550	0.6982
7
0304	0.4513	0.9417	0.8461	0.7100	0.0537s	0.7975	0.7520	0.6954
8
0305	0.4645	0.9250	0.8517	0.7140	0.0535s	0.8004	0.7470	0.6909
9
0306	0.4618	0.9417	0.8489	0.7180	0.0539s	0.7986	0.7490	0.6925
10
0307	0.4294	0.9583	0.8449	0.7180	0.0545s	0.7967	0.7520	0.6929
11
0308	0.4192	0.9833	0.8374	0.7240	0.0539s	0.7934	0.7580	0.6986
12
0309	0.4244	0.9833	0.8334	0.7240	0.0535s	0.7914	0.7570	0.6982
13
0310	0.4483	0.9667	0.8351	0.7260	0.0541s	0.7915	0.7600	0.7036
14
0311	0.4487	0.9500	0.8428	0.7200	0.0539s	0.7952	0.7510	0.6952
0
0312	0.4559	0.9417	0.8531	0.7080	0.0543s	0.8009	0.7450	0.6901
1
0313	0.4349	0.9583	0.8540	0.7080	0.0538s	0.8012	0.7440	0.6890
2
0314	0.4523	0.9333	0.8495	0.7180	0.0536s	0.7987	0.7510	0.6945
3
0315	0.4648	0.9000	0.8429	0.7220	0.0530s	0.7964	0.7560	0.6970
4
0316	0.4727	0.9583	0.8368	0.7240	0.0533s	0.7948	0.7610	0.7016
5
0317	0.4537	0.9167	0.8361	0.7240	0.0529s	0.7947	0.7610	0.7000
6
0318	0.4407	0.9500	0.8419	0.7200	0.0533s	0.7970	0.7530	0.6931
7
0319	0.4579	0.9667	0.8487	0.7180	0.0530s	0.7996	0.7480	0.6887
8
0320	0.4364	0.9250	0.8510	0.7180	0.0551s	0.7999	0.7480	0.6900
9
0321	0.4299	0.9750	0.8462	0.7200	0.0530s	0.7979	0.7520	0.6935
10
0322	0.4570	0.9417	0.8425	0.7180	0.0539s	0.7975	0.7550	0.6935
11
0323	0.4287	0.9417	0.8427	0.7220	0.0532s	0.7985	0.7560	0.6943
12
0324	0.4501	0.9500	0.8461	0.7160	0.0540s	0.8006	0.7590	0.6974
13
0325	0.4565	0.9583	0.8451	0.7180	0.0533s	0.7999	0.7610	0.7024
14
0326	0.4620	0.9417	0.8458	0.7180	0.0534s	0.8003	0.7560	0.6965
15
0327	0.4223	0.9500	0.8436	0.7220	0.0545s	0.7984	0.7510	0.6922
16
0328	0.4617	0.9250	0.8399	0.7220	0.0535s	0.7940	0.7560	0.7000
17
0329	0.4498	0.9500	0.8394	0.7260	0.0534s	0.7919	0.7530	0.6964
18
0330	0.4431	0.9333	0.8409	0.7280	0.0540s	0.7924	0.7580	0.7007
0
0331	0.4654	0.9500	0.8448	0.7220	0.0534s	0.7947	0.7560	0.6988
0
0332	0.4419	0.9500	0.8456	0.7180	0.0539s	0.7966	0.7570	0.7003
1
0333	0.4287	0.9667	0.8470	0.7180	0.0536s	0.8003	0.7510	0.6913
2
0334	0.4577	0.9667	0.8452	0.7180	0.0537s	0.8004	0.7530	0.6933
3
0335	0.4514	0.9417	0.8406	0.7200	0.0542s	0.7984	0.7570	0.6968
4
0336	0.4593	0.9167	0.8334	0.7260	0.0535s	0.7940	0.7610	0.7027
5
0337	0.4570	0.9167	0.8334	0.7280	0.0536s	0.7930	0.7600	0.7018
6
0338	0.4579	0.9250	0.8386	0.7260	0.0534s	0.7945	0.7620	0.7031
0
0339	0.4154	0.9750	0.8489	0.7140	0.0542s	0.7991	0.7520	0.6956
1
0340	0.4420	0.9083	0.8526	0.7160	0.0535s	0.8008	0.7490	0.6933
2
0341	0.4374	0.9333	0.8467	0.7240	0.0538s	0.7978	0.7500	0.6944
3
0342	0.4323	0.9333	0.8376	0.7260	0.0532s	0.7942	0.7550	0.6975
4
0343	0.4509	0.9333	0.8318	0.7280	0.0530s	0.7919	0.7570	0.6974
5
0344	0.4616	0.9417	0.8303	0.7260	0.0534s	0.7904	0.7600	0.7023
0
0345	0.4526	0.9583	0.8352	0.7280	0.0530s	0.7913	0.7640	0.7054
0
0346	0.4492	0.9417	0.8419	0.7200	0.0532s	0.7935	0.7590	0.7025
0
0347	0.4485	0.9583	0.8441	0.7200	0.0532s	0.7938	0.7540	0.6975
1
0348	0.4184	0.9500	0.8426	0.7220	0.0538s	0.7925	0.7540	0.6978
2
0349	0.4520	0.9167	0.8395	0.7240	0.0535s	0.7908	0.7550	0.6988
3
0350	0.4418	0.9583	0.8343	0.7240	0.0543s	0.7896	0.7620	0.7036
4
0351	0.4567	0.9417	0.8304	0.7240	0.0537s	0.7888	0.7650	0.7062
5
0352	0.4564	0.9667	0.8298	0.7240	0.0535s	0.7892	0.7620	0.7036
6
0353	0.4496	0.9500	0.8349	0.7240	0.0541s	0.7925	0.7530	0.6936
0
0354	0.4296	0.9167	0.8381	0.7160	0.0536s	0.7945	0.7490	0.6895
1
0355	0.4240	0.9333	0.8392	0.7220	0.0530s	0.7950	0.7540	0.6933
2
0356	0.4658	0.9333	0.8382	0.7220	0.0530s	0.7940	0.7590	0.6977
3
0357	0.4518	0.9417	0.8330	0.7260	0.0532s	0.7903	0.7640	0.7049
4
0358	0.4313	0.9583	0.8345	0.7240	0.0529s	0.7906	0.7600	0.7017
5
0359	0.4382	0.9583	0.8348	0.7200	0.0530s	0.7914	0.7590	0.6988
6
0360	0.4770	0.9417	0.8381	0.7200	0.0532s	0.7935	0.7560	0.6958
7
0361	0.4357	0.9667	0.8421	0.7180	0.0532s	0.7966	0.7540	0.6937
8
0362	0.4565	0.9417	0.8463	0.7180	0.0532s	0.7997	0.7540	0.6934
9
0363	0.4358	0.9750	0.8480	0.7240	0.0529s	0.8005	0.7510	0.6905
10
0364	0.4320	0.9417	0.8409	0.7220	0.0591s	0.7959	0.7550	0.6944
11
0365	0.4341	0.9500	0.8346	0.7240	0.0548s	0.7910	0.7560	0.6979
12
0366	0.4846	0.9583	0.8317	0.7240	0.0556s	0.7890	0.7610	0.7047
13
0367	0.4415	0.9500	0.8334	0.7220	0.0557s	0.7901	0.7540	0.6982
14
0368	0.4362	0.9583	0.8366	0.7240	0.0543s	0.7921	0.7560	0.6997
15
0369	0.4548	0.9500	0.8375	0.7260	0.0535s	0.7935	0.7580	0.6990
16
0370	0.4609	0.9417	0.8373	0.7220	0.0530s	0.7948	0.7560	0.6927
17
0371	0.4320	0.9500	0.8373	0.7280	0.0531s	0.7957	0.7570	0.6942
18
0372	0.4613	0.9167	0.8353	0.7240	0.0531s	0.7933	0.7600	0.6993
0
0373	0.4485	0.9750	0.8364	0.7220	0.0531s	0.7919	0.7570	0.6989
1
0374	0.4308	0.9500	0.8348	0.7220	0.0535s	0.7909	0.7550	0.6997
2
0375	0.4637	0.9667	0.8323	0.7260	0.0543s	0.7900	0.7560	0.7005
3
0376	0.4346	0.9167	0.8296	0.7260	0.0535s	0.7892	0.7570	0.7015
4
0377	0.4650	0.9250	0.8317	0.7240	0.0532s	0.7898	0.7600	0.7036
0
0378	0.4198	0.9500	0.8369	0.7200	0.0541s	0.7924	0.7590	0.7000
1
0379	0.4327	0.9500	0.8446	0.7180	0.0536s	0.7965	0.7580	0.6965
2
0380	0.4415	0.9500	0.8507	0.7160	0.0536s	0.7988	0.7530	0.6943
3
0381	0.4172	0.9417	0.8469	0.7220	0.0538s	0.7963	0.7510	0.6930
4
0382	0.4493	0.9167	0.8396	0.7200	0.0544s	0.7919	0.7560	0.6980
5
0383	0.4526	0.9417	0.8312	0.7220	0.0536s	0.7873	0.7610	0.7025
6
0384	0.4129	0.9667	0.8301	0.7240	0.0540s	0.7866	0.7620	0.7056
7
0385	0.4291	0.9833	0.8295	0.7260	0.0540s	0.7873	0.7620	0.7056
8
0386	0.4657	0.9250	0.8342	0.7220	0.0532s	0.7905	0.7610	0.7022
0
0387	0.4579	0.9417	0.8424	0.7160	0.0530s	0.7965	0.7580	0.6974
1
0388	0.4466	0.9500	0.8500	0.7120	0.0535s	0.8014	0.7460	0.6871
2
0389	0.4440	0.9583	0.8486	0.7080	0.0530s	0.7998	0.7440	0.6847
3
0390	0.4351	0.9417	0.8435	0.7160	0.0533s	0.7959	0.7500	0.6915
4
0391	0.4500	0.9500	0.8357	0.7260	0.0531s	0.7910	0.7520	0.6935
5
0392	0.4808	0.9417	0.8309	0.7260	0.0530s	0.7889	0.7590	0.7002
6
0393	0.4548	0.9583	0.8306	0.7260	0.0530s	0.7900	0.7620	0.7038
7
0394	0.4515	0.9250	0.8352	0.7280	0.0531s	0.7936	0.7600	0.6994
8
0395	0.4449	0.9583	0.8399	0.7220	0.0530s	0.7968	0.7560	0.6961
0
0396	0.4676	0.9250	0.8425	0.7160	0.0532s	0.7980	0.7480	0.6888
1
0397	0.4691	0.9167	0.8421	0.7220	0.0530s	0.7970	0.7500	0.6900
2
0398	0.4098	0.9583	0.8402	0.7240	0.0531s	0.7950	0.7530	0.6921
3
0399	0.4540	0.9583	0.8397	0.7260	0.0533s	0.7942	0.7580	0.6985
4
0400	0.4482	0.9333	0.8402	0.7280	0.0531s	0.7949	0.7580	0.6972
5
0401	0.4596	0.9333	0.8426	0.7200	0.0533s	0.7968	0.7590	0.6985
0
0402	0.4365	0.9417	0.8450	0.7160	0.0531s	0.7973	0.7550	0.6949
1
0403	0.4318	0.9583	0.8484	0.7180	0.0531s	0.7986	0.7510	0.6957
2
0404	0.4546	0.9417	0.8451	0.7100	0.0529s	0.7962	0.7480	0.6931
3
0405	0.4650	0.9500	0.8389	0.7140	0.0532s	0.7931	0.7520	0.6961
4
0406	0.4162	0.9583	0.8323	0.7240	0.0540s	0.7908	0.7570	0.6983
5
0407	0.4144	0.9667	0.8301	0.7260	0.0528s	0.7903	0.7600	0.7007
6
0408	0.4496	0.9333	0.8306	0.7260	0.0529s	0.7902	0.7610	0.7023
7
0409	0.4453	0.9417	0.8371	0.7200	0.0530s	0.7928	0.7590	0.7000
8
0410	0.4647	0.9417	0.8445	0.7180	0.0529s	0.7959	0.7520	0.6944
9
0411	0.4207	0.9500	0.8510	0.7140	0.0531s	0.7983	0.7470	0.6913
10
0412	0.4305	0.9667	0.8480	0.7160	0.0529s	0.7969	0.7480	0.6894
11
0413	0.4419	0.9583	0.8393	0.7220	0.0530s	0.7928	0.7530	0.6939
12
0414	0.4222	0.9750	0.8314	0.7260	0.0530s	0.7907	0.7590	0.7003
13
0415	0.4618	0.9583	0.8274	0.7260	0.0530s	0.7898	0.7620	0.7033
14
0416	0.4612	0.9417	0.8306	0.7220	0.0531s	0.7908	0.7640	0.7055
0
0417	0.4394	0.9583	0.8365	0.7220	0.0533s	0.7923	0.7570	0.6980
1
0418	0.4773	0.9333	0.8428	0.7200	0.0530s	0.7943	0.7510	0.6922
2
0419	0.4321	0.9750	0.8444	0.7200	0.0529s	0.7952	0.7530	0.6939
3
0420	0.4204	0.9667	0.8392	0.7200	0.0529s	0.7938	0.7560	0.6968
4
0421	0.3836	0.9750	0.8363	0.7200	0.0530s	0.7940	0.7620	0.7006
5
0422	0.4351	0.9250	0.8317	0.7220	0.0530s	0.7927	0.7640	0.7031
6
0423	0.4518	0.9583	0.8327	0.7220	0.0525s	0.7927	0.7650	0.7038
7
0424	0.4260	0.9500	0.8371	0.7200	0.0532s	0.7929	0.7560	0.6952
8
0425	0.4424	0.9333	0.8423	0.7200	0.0530s	0.7936	0.7530	0.6964
9
0426	0.4372	0.9750	0.8449	0.7220	0.0528s	0.7937	0.7490	0.6926
10
0427	0.4515	0.9583	0.8409	0.7220	0.0539s	0.7922	0.7530	0.6943
11
0428	0.4537	0.9833	0.8361	0.7240	0.0534s	0.7913	0.7590	0.6979
12
0429	0.4192	0.9417	0.8334	0.7280	0.0530s	0.7918	0.7600	0.6994
13
0430	0.4332	0.9417	0.8322	0.7240	0.0532s	0.7914	0.7600	0.6994
0
0431	0.4364	0.9583	0.8325	0.7260	0.0534s	0.7913	0.7580	0.6980
1
0432	0.4745	0.9167	0.8354	0.7220	0.0531s	0.7918	0.7540	0.6937
2
0433	0.4527	0.9417	0.8366	0.7220	0.0530s	0.7908	0.7520	0.6913
3
0434	0.4660	0.9167	0.8362	0.7240	0.0530s	0.7892	0.7570	0.7007
4
0435	0.4208	0.9167	0.8372	0.7280	0.0530s	0.7891	0.7590	0.7021
5
0436	0.4949	0.9417	0.8372	0.7280	0.0529s	0.7892	0.7580	0.6990
0
0437	0.4744	0.9583	0.8396	0.7280	0.0531s	0.7902	0.7580	0.7012
0
0438	0.4505	0.9417	0.8406	0.7260	0.0528s	0.7909	0.7570	0.6999
0
0439	0.4427	0.9417	0.8398	0.7220	0.0532s	0.7911	0.7570	0.6976
1
0440	0.4462	0.9250	0.8380	0.7240	0.0530s	0.7918	0.7520	0.6915
2
0441	0.4312	0.9333	0.8360	0.7240	0.0881s	0.7908	0.7530	0.6921
3
0442	0.4668	0.9000	0.8373	0.7240	0.0725s	0.7909	0.7550	0.6962
4
0443	0.4567	0.9333	0.8349	0.7280	0.0623s	0.7897	0.7580	0.7013
5
0444	0.4358	0.9500	0.8335	0.7280	0.0628s	0.7894	0.7580	0.7011
0
0445	0.4354	0.9417	0.8305	0.7300	0.0619s	0.7886	0.7570	0.7007
0
0446	0.4466	0.9583	0.8312	0.7280	0.0620s	0.7894	0.7570	0.6979
0
0447	0.4441	0.9583	0.8345	0.7240	0.0622s	0.7915	0.7570	0.6973
1
0448	0.4499	0.9583	0.8395	0.7220	0.0620s	0.7938	0.7560	0.6946
2
0449	0.4599	0.9333	0.8384	0.7220	0.0618s	0.7931	0.7580	0.6991
3
0450	0.4265	0.9250	0.8361	0.7240	0.0619s	0.7910	0.7630	0.7060
4
0451	0.4289	0.9417	0.8360	0.7260	0.0622s	0.7905	0.7620	0.7049
5
0452	0.4468	0.9333	0.8341	0.7260	0.0618s	0.7904	0.7620	0.7029
6
0453	0.4496	0.9333	0.8336	0.7240	0.0618s	0.7905	0.7610	0.7018
7
0454	0.4770	0.9667	0.8344	0.7240	0.0622s	0.7905	0.7610	0.7014
8
0455	0.4251	0.9917	0.8369	0.7220	0.0620s	0.7912	0.7560	0.6967
9
0456	0.4414	0.9250	0.8364	0.7220	0.0619s	0.7907	0.7520	0.6932
10
0457	0.4434	0.9500	0.8336	0.7240	0.0590s	0.7888	0.7560	0.6978
11
0458	0.4416	0.9333	0.8339	0.7240	0.0551s	0.7888	0.7560	0.7003
12
0459	0.4465	0.9250	0.8349	0.7240	0.0535s	0.7896	0.7600	0.7016
13
0460	0.4441	0.9500	0.8373	0.7260	0.0530s	0.7910	0.7550	0.6964
14
0461	0.4331	0.9583	0.8359	0.7240	0.0532s	0.7904	0.7580	0.6964
15
0462	0.4153	0.9833	0.8358	0.7240	0.0531s	0.7905	0.7560	0.6943
16
0463	0.4520	0.9333	0.8350	0.7240	0.0531s	0.7902	0.7560	0.6944
17
0464	0.4503	0.9750	0.8348	0.7240	0.0536s	0.7906	0.7620	0.7007
18
0465	0.4373	0.9583	0.8347	0.7260	0.0531s	0.7910	0.7600	0.7014
19
0466	0.4155	0.9500	0.8349	0.7280	0.0849s	0.7910	0.7610	0.7045
20
0467	0.4341	0.9417	0.8337	0.7260	0.0694s	0.7889	0.7630	0.7064
21
0468	0.4537	0.9667	0.8318	0.7260	0.0610s	0.7868	0.7620	0.7051
22
0469	0.4279	0.9500	0.8346	0.7240	0.0603s	0.7879	0.7590	0.7018
23
0470	0.4104	0.9750	0.8391	0.7240	0.0602s	0.7912	0.7540	0.6950
24
0471	0.4466	0.9667	0.8419	0.7260	0.0603s	0.7944	0.7480	0.6876
25
0472	0.4298	0.9500	0.8434	0.7240	0.0603s	0.7972	0.7500	0.6908
26
0473	0.4582	0.9667	0.8422	0.7240	0.0603s	0.7983	0.7570	0.6971
27
0474	0.4283	0.9333	0.8391	0.7240	0.0601s	0.7947	0.7610	0.7001
28
0475	0.4707	0.9583	0.8351	0.7220	0.0603s	0.7896	0.7600	0.7010
29
0476	0.4465	0.9583	0.8339	0.7240	0.0603s	0.7882	0.7610	0.7015
30
0477	0.4149	0.9583	0.8355	0.7220	0.0608s	0.7887	0.7540	0.6956
31
0478	0.4570	0.9417	0.8422	0.7240	0.0603s	0.7923	0.7470	0.6887
32
0479	0.4325	0.9750	0.8461	0.7200	0.0600s	0.7957	0.7510	0.6906
33
0480	0.4474	0.9417	0.8420	0.7240	0.0580s	0.7949	0.7570	0.6961
34
0481	0.4289	0.9333	0.8384	0.7260	0.0565s	0.7933	0.7610	0.7023
35
0482	0.4365	0.9500	0.8337	0.7260	0.0541s	0.7910	0.7610	0.6996
36
0483	0.4512	0.9667	0.8297	0.7260	0.0536s	0.7876	0.7640	0.7045
37
0484	0.4412	0.9667	0.8293	0.7200	0.0724s	0.7868	0.7610	0.7016
38
0485	0.4385	0.9833	0.8327	0.7220	0.0772s	0.7885	0.7530	0.6947
39
0486	0.4201	0.9500	0.8397	0.7140	0.0737s	0.7931	0.7450	0.6852
40
0487	0.4935	0.9083	0.8429	0.7180	0.0740s	0.7955	0.7470	0.6875
41
0488	0.4050	0.9667	0.8382	0.7240	0.0852s	0.7931	0.7500	0.6902
42
0489	0.4341	0.9500	0.8346	0.7280	0.0700s	0.7912	0.7580	0.6992
43
0490	0.4651	0.9417	0.8347	0.7220	0.0635s	0.7912	0.7570	0.6955
44
0491	0.4894	0.9250	0.8358	0.7240	0.0632s	0.7911	0.7580	0.6985
45
0492	0.4437	0.9500	0.8400	0.7200	0.0630s	0.7922	0.7560	0.6968
46
0493	0.4439	0.9417	0.8440	0.7180	0.0631s	0.7941	0.7490	0.6907
47
0494	0.4403	0.9667	0.8415	0.7180	0.0634s	0.7938	0.7480	0.6908
48
0495	0.4098	0.9333	0.8369	0.7160	0.0632s	0.7916	0.7470	0.6899
49
0496	0.4327	0.9417	0.8290	0.7260	0.0636s	0.7876	0.7560	0.6978
50
0497	0.4383	0.9583	0.8258	0.7300	0.0632s	0.7861	0.7600	0.7010
51
0498	0.4255	0.9167	0.8295	0.7260	0.0649s	0.7875	0.7610	0.7017
0
0499	0.4427	0.9583	0.8348	0.7240	0.0634s	0.7903	0.7570	0.6977
1
0500	0.4552	0.9250	0.8436	0.7180	0.0630s	0.7941	0.7550	0.6984
2
0501	0.4376	0.9583	0.8490	0.7160	0.0631s	0.7963	0.7500	0.6939
3
0502	0.4336	0.9417	0.8438	0.7200	0.0688s	0.7938	0.7500	0.6943
4
0503	0.4267	0.9583	0.8377	0.7260	0.0619s	0.7918	0.7520	0.6961
5
0504	0.4629	0.9667	0.8324	0.7280	0.0620s	0.7895	0.7570	0.7009
6
0505	0.4554	0.8917	0.8321	0.7280	0.0616s	0.7893	0.7590	0.7025
7
0506	0.4104	0.9667	0.8347	0.7260	0.0619s	0.7902	0.7580	0.7011
8
0507	0.4406	0.9500	0.8413	0.7220	0.0645s	0.7935	0.7530	0.6918
9
0508	0.4335	0.9750	0.8453	0.7180	0.0594s	0.7954	0.7510	0.6947
10
0509	0.4210	0.9500	0.8427	0.7180	0.0546s	0.7959	0.7480	0.6876
11
0510	0.4626	0.9250	0.8348	0.7260	0.0538s	0.7931	0.7520	0.6927
12
0511	0.4440	0.9333	0.8272	0.7280	0.0532s	0.7892	0.7570	0.6971
13
0512	0.4742	0.9250	0.8239	0.7280	0.0531s	0.7871	0.7600	0.7015
14
0513	0.4158	0.9500	0.8300	0.7240	0.0534s	0.7899	0.7590	0.7003
0
0514	0.4228	0.9750	0.8357	0.7220	0.0534s	0.7937	0.7530	0.6922
1
0515	0.4440	0.9167	0.8410	0.7200	0.0530s	0.7975	0.7540	0.6936
2
0516	0.4412	0.9583	0.8418	0.7200	0.0532s	0.7977	0.7490	0.6891
3
0517	0.4626	0.9333	0.8409	0.7200	0.0577s	0.7957	0.7480	0.6878
4
0518	0.4439	0.9583	0.8394	0.7240	0.0530s	0.7936	0.7490	0.6906
5
0519	0.4444	0.9500	0.8371	0.7260	0.0533s	0.7919	0.7520	0.6934
6
0520	0.4066	0.9750	0.8310	0.7280	0.0535s	0.7894	0.7560	0.6972
7
0521	0.4278	0.8833	0.8292	0.7240	0.0535s	0.7897	0.7610	0.7023
8
0522	0.4419	0.9083	0.8319	0.7240	0.0529s	0.7914	0.7610	0.7001
9
0523	0.4027	0.9833	0.8381	0.7220	0.0527s	0.7938	0.7540	0.6938
10
0524	0.4220	0.9833	0.8458	0.7160	0.0534s	0.7968	0.7450	0.6875
11
0525	0.4249	0.9417	0.8478	0.7120	0.0533s	0.7966	0.7450	0.6896
12
0526	0.4422	0.9500	0.8410	0.7220	0.0533s	0.7929	0.7500	0.6940
13
0527	0.4350	0.9667	0.8322	0.7260	0.0536s	0.7899	0.7590	0.7027
14
0528	0.4278	0.9417	0.8266	0.7280	0.0537s	0.7888	0.7570	0.6988
15
0529	0.4368	0.9167	0.8258	0.7280	0.0534s	0.7886	0.7590	0.6984
16
0530	0.4128	0.9667	0.8289	0.7260	0.0530s	0.7896	0.7590	0.6982
17
0531	0.4351	0.9667	0.8375	0.7200	0.0540s	0.7932	0.7530	0.6926
18
0532	0.4580	0.9750	0.8491	0.7180	0.0538s	0.7982	0.7500	0.6922
19
0533	0.4538	0.9417	0.8490	0.7200	0.0529s	0.7963	0.7490	0.6927
20
0534	0.4209	0.9750	0.8417	0.7240	0.0534s	0.7920	0.7490	0.6924
21
0535	0.4197	0.9250	0.8331	0.7260	0.0542s	0.7899	0.7540	0.6932
22
0536	0.4330	0.9583	0.8288	0.7260	0.0541s	0.7901	0.7560	0.6959
23
0537	0.4449	0.9250	0.8263	0.7260	0.0563s	0.7888	0.7590	0.6985
24
0538	0.4373	0.9583	0.8285	0.7240	0.0537s	0.7894	0.7630	0.7022
25
0539	0.4280	0.9500	0.8378	0.7200	0.0541s	0.7925	0.7580	0.6994
26
0540	0.4406	0.9250	0.8477	0.7200	0.0540s	0.7969	0.7470	0.6895
27
0541	0.4662	0.9333	0.8489	0.7200	0.0533s	0.7970	0.7450	0.6877
28
0542	0.4384	0.9500	0.8417	0.7220	0.0547s	0.7934	0.7460	0.6889
29
0543	0.4147	0.9583	0.8343	0.7260	0.0537s	0.7902	0.7560	0.6951
30
0544	0.4453	0.9417	0.8321	0.7260	0.0540s	0.7915	0.7560	0.6950
31
0545	0.4164	0.9583	0.8338	0.7280	0.0532s	0.7943	0.7580	0.6969
32
0546	0.4327	0.9250	0.8376	0.7240	0.0531s	0.7961	0.7600	0.6991
33
0547	0.4234	0.9500	0.8398	0.7220	0.0532s	0.7963	0.7540	0.6941
34
0548	0.4394	0.9667	0.8398	0.7220	0.0531s	0.7950	0.7510	0.6914
35
0549	0.4495	0.9167	0.8375	0.7220	0.0528s	0.7925	0.7510	0.6912
36
0550	0.4465	0.9333	0.8333	0.7260	0.0531s	0.7895	0.7540	0.6960
37
0551	0.4462	0.9667	0.8312	0.7260	0.0532s	0.7886	0.7570	0.6984
38
0552	0.4169	0.9417	0.8337	0.7240	0.0534s	0.7905	0.7530	0.6916
39
0553	0.4009	0.9417	0.8336	0.7240	0.0532s	0.7915	0.7560	0.6944
40
0554	0.4093	0.9667	0.8340	0.7220	0.0528s	0.7920	0.7580	0.6972
41
0555	0.4353	0.9583	0.8330	0.7240	0.0567s	0.7920	0.7580	0.6976
42
0556	0.4601	0.9250	0.8322	0.7220	0.0528s	0.7906	0.7570	0.6967
43
0557	0.4319	0.9250	0.8297	0.7240	0.0534s	0.7872	0.7580	0.6978
44
0558	0.4385	0.9500	0.8313	0.7260	0.0535s	0.7864	0.7570	0.6983
45
0559	0.4447	0.9583	0.8366	0.7260	0.0531s	0.7884	0.7550	0.6980
46
0560	0.4283	0.9500	0.8379	0.7240	0.0531s	0.7902	0.7560	0.6967
47
0561	0.4430	0.9250	0.8362	0.7220	0.0531s	0.7913	0.7580	0.6995
48
0562	0.4330	0.9417	0.8356	0.7220	0.0546s	0.7929	0.7550	0.6948
49
0563	0.4109	0.9583	0.8352	0.7220	0.0532s	0.7939	0.7560	0.6960
50
0564	0.4192	0.9667	0.8320	0.7260	0.0531s	0.7921	0.7580	0.6982
51
0565	0.4507	0.9417	0.8299	0.7260	0.0531s	0.7897	0.7560	0.6961
52
0566	0.4466	0.9083	0.8295	0.7260	0.0531s	0.7874	0.7540	0.6945
53
0567	0.4384	0.9583	0.8294	0.7260	0.0533s	0.7860	0.7580	0.6999
54
0568	0.4402	0.9750	0.8337	0.7280	0.0532s	0.7874	0.7570	0.6978
55
0569	0.4692	0.9250	0.8405	0.7280	0.0532s	0.7909	0.7570	0.6974
56
0570	0.4536	0.9667	0.8396	0.7260	0.0534s	0.7909	0.7580	0.6986
57
0571	0.4425	0.9250	0.8358	0.7260	0.0536s	0.7902	0.7570	0.6960
58
0572	0.4377	0.9667	0.8312	0.7200	0.0533s	0.7893	0.7550	0.6952
59
0573	0.4365	0.9250	0.8279	0.7200	0.0531s	0.7883	0.7510	0.6944
60
0574	0.4366	0.9500	0.8298	0.7240	0.0533s	0.7872	0.7520	0.6951
61
0575	0.4743	0.9500	0.8318	0.7240	0.0530s	0.7860	0.7550	0.6990
62
0576	0.4578	0.9417	0.8344	0.7200	0.0534s	0.7866	0.7530	0.6966
63
0577	0.4109	0.9667	0.8357	0.7200	0.0530s	0.7884	0.7530	0.6942
64
0578	0.4392	0.9667	0.8335	0.7240	0.0529s	0.7891	0.7590	0.7006
65
0579	0.4508	0.9583	0.8333	0.7240	0.0531s	0.7914	0.7540	0.6942
66
0580	0.4540	0.9250	0.8292	0.7240	0.0531s	0.7903	0.7560	0.6965
67
0581	0.4411	0.9250	0.8287	0.7240	0.0533s	0.7891	0.7540	0.6945
68
0582	0.4459	0.9500	0.8301	0.7240	0.0532s	0.7885	0.7550	0.6998
69
0583	0.4390	0.9500	0.8317	0.7240	0.0530s	0.7884	0.7560	0.7000
70
0584	0.4247	0.9667	0.8342	0.7220	0.0531s	0.7892	0.7550	0.6966
71
0585	0.4575	0.9500	0.8351	0.7240	0.0532s	0.7903	0.7550	0.6963
72
0586	0.4486	0.9667	0.8376	0.7220	0.0532s	0.7920	0.7570	0.6985
73
0587	0.4165	0.9250	0.8394	0.7220	0.0532s	0.7938	0.7530	0.6950
74
0588	0.4364	0.9500	0.8402	0.7220	0.0532s	0.7954	0.7490	0.6897
75
0589	0.4285	0.9833	0.8353	0.7240	0.0531s	0.7935	0.7530	0.6936
76
0590	0.4372	0.9500	0.8283	0.7240	0.0532s	0.7889	0.7610	0.7027
77
0591	0.4443	0.9417	0.8250	0.7300	0.0529s	0.7861	0.7610	0.7027
78
0592	0.4278	0.9667	0.8257	0.7300	0.0530s	0.7864	0.7650	0.7063
0
0593	0.4261	0.9583	0.8261	0.7300	0.0530s	0.7869	0.7640	0.7053
0
0594	0.4583	0.9333	0.8294	0.7220	0.0531s	0.7887	0.7610	0.7027
0
0595	0.4120	0.9750	0.8329	0.7180	0.0528s	0.7909	0.7600	0.6992
1
0596	0.4149	0.9500	0.8373	0.7180	0.0531s	0.7942	0.7520	0.6923
2
0597	0.4205	0.9667	0.8391	0.7180	0.0532s	0.7943	0.7490	0.6888
3
0598	0.4575	0.9333	0.8374	0.7180	0.0530s	0.7920	0.7540	0.6953
4
0599	0.4303	0.9500	0.8339	0.7220	0.0531s	0.7890	0.7570	0.7005
5
0600	0.4810	0.9333	0.8287	0.7260	0.0528s	0.7868	0.7620	0.7036
6
0601	0.4353	0.9500	0.8240	0.7280	0.0532s	0.7856	0.7630	0.7047
7
0602	0.4404	0.9500	0.8258	0.7240	0.0531s	0.7870	0.7600	0.7019
8
0603	0.4145	0.9667	0.8322	0.7260	0.0531s	0.7898	0.7570	0.6970
9
0604	0.4317	0.9667	0.8397	0.7200	0.0530s	0.7936	0.7500	0.6898
10
0605	0.4304	0.9583	0.8437	0.7180	0.0531s	0.7957	0.7500	0.6894
11
0606	0.4544	0.9750	0.8351	0.7220	0.0533s	0.7916	0.7560	0.6959
12
0607	0.4437	0.9417	0.8274	0.7260	0.0535s	0.7876	0.7610	0.7025
13
0608	0.4433	0.9333	0.8260	0.7240	0.0534s	0.7856	0.7610	0.7047
14
0609	0.4434	0.9500	0.8308	0.7260	0.0532s	0.7869	0.7580	0.7022
15
0610	0.4066	0.9500	0.8359	0.7240	0.0529s	0.7897	0.7570	0.7014
16
0611	0.4363	0.9667	0.8419	0.7200	0.0531s	0.7933	0.7530	0.6951
17
0612	0.4380	0.9667	0.8427	0.7160	0.0528s	0.7936	0.7500	0.6899
18
0613	0.4497	0.9500	0.8415	0.7160	0.0536s	0.7935	0.7540	0.6938
19
0614	0.4322	0.9167	0.8347	0.7200	0.0531s	0.7899	0.7570	0.6991
20
0615	0.4647	0.9333	0.8294	0.7200	0.0679s	0.7863	0.7590	0.7029
21
0616	0.4477	0.9667	0.8278	0.7220	0.0777s	0.7844	0.7600	0.7038
22
0617	0.4249	0.9750	0.8299	0.7200	0.0885s	0.7853	0.7570	0.7008
23
0618	0.4450	0.9583	0.8340	0.7220	0.0707s	0.7882	0.7560	0.6979
24
0619	0.4569	0.9333	0.8364	0.7240	0.0629s	0.7908	0.7570	0.6966
25
0620	0.4420	0.9833	0.8347	0.7220	0.0615s	0.7917	0.7580	0.6976
26
0621	0.4466	0.9333	0.8326	0.7240	0.0618s	0.7914	0.7600	0.6997
27
0622	0.4264	0.9333	0.8304	0.7260	0.0616s	0.7905	0.7590	0.6988
28
0623	0.4178	0.9250	0.8276	0.7300	0.0625s	0.7882	0.7620	0.7037
29
0624	0.4191	0.9667	0.8254	0.7300	0.0619s	0.7867	0.7630	0.7046
0
0625	0.4314	0.9833	0.8295	0.7280	0.0619s	0.7874	0.7600	0.7034
0
0626	0.4486	0.9500	0.8376	0.7200	0.0622s	0.7906	0.7530	0.6969
1
0627	0.4094	0.9500	0.8413	0.7140	0.0620s	0.7934	0.7480	0.6924
2
0628	0.4351	0.9500	0.8390	0.7180	0.0615s	0.7929	0.7490	0.6912
3
0629	0.4488	0.9583	0.8345	0.7240	0.0619s	0.7905	0.7510	0.6908
4
0630	0.4419	0.9417	0.8279	0.7280	0.0603s	0.7878	0.7620	0.7036
5
0631	0.4586	0.9667	0.8287	0.7240	0.0553s	0.7880	0.7630	0.7045
6
0632	0.4458	0.9250	0.8318	0.7260	0.0538s	0.7886	0.7610	0.7027
7
0633	0.4592	0.9333	0.8341	0.7220	0.0533s	0.7889	0.7580	0.7017
8
0634	0.4310	0.9417	0.8366	0.7220	0.0534s	0.7903	0.7570	0.7003
9
0635	0.4345	0.9583	0.8375	0.7180	0.0534s	0.7923	0.7540	0.6957
10
0636	0.4139	0.9333	0.8366	0.7220	0.0528s	0.7939	0.7550	0.6971
11
0637	0.4271	0.9667	0.8369	0.7220	0.0539s	0.7945	0.7530	0.6952
12
0638	0.4344	0.9250	0.8345	0.7260	0.0530s	0.7918	0.7570	0.6993
13
0639	0.4598	0.9167	0.8313	0.7280	0.0531s	0.7887	0.7610	0.7045
14
0640	0.4228	0.9583	0.8316	0.7260	0.0532s	0.7873	0.7610	0.7045
15
0641	0.4346	0.9500	0.8341	0.7240	0.0532s	0.7879	0.7600	0.7037
16
0642	0.4571	0.9500	0.8374	0.7220	0.0531s	0.7902	0.7550	0.6995
17
0643	0.4667	0.9500	0.8384	0.7180	0.0533s	0.7921	0.7560	0.6963
18
0644	0.4344	0.9667	0.8392	0.7220	0.0532s	0.7941	0.7570	0.6969
19
0645	0.4249	0.9500	0.8390	0.7240	0.0532s	0.7933	0.7580	0.6974
20
0646	0.4182	0.9583	0.8359	0.7260	0.0531s	0.7904	0.7570	0.6959
21
0647	0.4404	0.9417	0.8351	0.7280	0.0532s	0.7883	0.7570	0.6982
22
0648	0.4532	0.9417	0.8337	0.7220	0.0530s	0.7874	0.7510	0.6930
23
0649	0.4539	0.9417	0.8358	0.7200	0.0532s	0.7884	0.7540	0.6989
24
0650	0.4208	0.9833	0.8375	0.7180	0.0532s	0.7904	0.7520	0.6930
25
0651	0.4416	0.9417	0.8382	0.7180	0.0530s	0.7918	0.7490	0.6901
26
0652	0.4366	0.8917	0.8378	0.7200	0.0531s	0.7922	0.7550	0.6957
27
0653	0.4340	0.9583	0.8346	0.7260	0.0530s	0.7913	0.7600	0.7000
28
0654	0.4250	0.9583	0.8279	0.7240	0.0531s	0.7882	0.7630	0.7050
29
0655	0.4364	0.9583	0.8259	0.7260	0.0532s	0.7861	0.7630	0.7045
30
0656	0.4518	0.9667	0.8283	0.7240	0.0529s	0.7858	0.7610	0.7022
31
0657	0.4343	1.0000	0.8340	0.7240	0.0530s	0.7876	0.7560	0.6978
32
0658	0.4356	0.9250	0.8390	0.7200	0.0532s	0.7900	0.7510	0.6932
33
0659	0.4251	0.9500	0.8378	0.7220	0.0532s	0.7894	0.7530	0.6954
34
0660	0.4637	0.9083	0.8314	0.7200	0.0532s	0.7867	0.7570	0.6992
35
0661	0.4170	0.9667	0.8252	0.7240	0.0531s	0.7846	0.7630	0.7047
36
0662	0.4605	0.9417	0.8235	0.7240	0.0531s	0.7836	0.7620	0.7058
37
0663	0.4469	0.9500	0.8276	0.7240	0.0533s	0.7847	0.7570	0.7011
0
0664	0.4528	0.9333	0.8353	0.7200	0.0534s	0.7875	0.7570	0.7004
1
0665	0.4271	0.9500	0.8395	0.7220	0.0530s	0.7893	0.7520	0.6957
2
0666	0.4473	0.9667	0.8427	0.7220	0.0531s	0.7911	0.7530	0.6965
3
0667	0.4279	0.9333	0.8390	0.7240	0.0532s	0.7901	0.7580	0.7012
4
0668	0.4476	0.9500	0.8326	0.7260	0.0539s	0.7876	0.7630	0.7064
5
0669	0.4272	0.9417	0.8251	0.7320	0.0533s	0.7852	0.7620	0.7061
6
0670	0.4434	0.9167	0.8208	0.7280	0.0531s	0.7841	0.7600	0.7041
0
0671	0.4440	0.9833	0.8236	0.7240	0.0532s	0.7851	0.7580	0.6995
0
0672	0.4572	0.9167	0.8285	0.7260	0.0530s	0.7872	0.7560	0.6955
1
0673	0.4331	0.9667	0.8347	0.7200	0.0531s	0.7897	0.7540	0.6933
2
0674	0.4451	0.9167	0.8381	0.7240	0.0531s	0.7908	0.7540	0.6957
3
0675	0.4524	0.9417	0.8427	0.7220	0.0532s	0.7941	0.7550	0.6968
4
0676	0.4481	0.9000	0.8401	0.7260	0.0531s	0.7933	0.7560	0.6979
5
0677	0.4391	0.9500	0.8355	0.7280	0.0532s	0.7890	0.7560	0.6974
6
0678	0.4281	0.9667	0.8330	0.7240	0.0532s	0.7871	0.7540	0.6958
7
0679	0.4189	0.9750	0.8323	0.7240	0.0530s	0.7877	0.7580	0.7017
8
0680	0.4216	0.9333	0.8327	0.7240	0.0532s	0.7885	0.7550	0.6970
9
0681	0.4345	0.9500	0.8339	0.7240	0.0538s	0.7902	0.7550	0.6975
10
0682	0.4258	0.9417	0.8354	0.7220	0.0749s	0.7932	0.7600	0.7022
11
0683	0.4416	0.9417	0.8361	0.7280	0.0660s	0.7942	0.7610	0.7032
12
0684	0.4472	0.9500	0.8350	0.7220	0.0626s	0.7917	0.7600	0.6993
13
0685	0.4687	0.9500	0.8367	0.7260	0.0571s	0.7899	0.7540	0.6931
14
0686	0.4114	0.9583	0.8379	0.7220	0.0580s	0.7891	0.7510	0.6945
15
0687	0.4636	0.9417	0.8340	0.7200	0.0549s	0.7876	0.7540	0.6975
16
0688	0.4584	0.9250	0.8289	0.7260	0.0543s	0.7852	0.7550	0.6992
17
0689	0.4505	0.9417	0.8248	0.7260	0.0532s	0.7836	0.7560	0.7006
18
0690	0.4458	0.9750	0.8270	0.7260	0.0533s	0.7856	0.7560	0.7011
19
0691	0.4207	0.9583	0.8324	0.7260	0.0531s	0.7895	0.7570	0.6975
20
0692	0.4176	0.9250	0.8349	0.7220	0.0532s	0.7906	0.7580	0.7004
21
0693	0.4293	0.9167	0.8363	0.7240	0.0536s	0.7903	0.7580	0.7000
22
0694	0.4252	0.9750	0.8351	0.7220	0.0534s	0.7875	0.7600	0.7040
23
0695	0.4551	0.9750	0.8346	0.7280	0.0531s	0.7862	0.7540	0.6979
24
0696	0.4423	0.9417	0.8328	0.7260	0.0536s	0.7858	0.7530	0.6973
25
0697	0.4077	0.9667	0.8329	0.7260	0.0533s	0.7858	0.7550	0.6994
26
0698	0.4234	0.9333	0.8317	0.7240	0.0534s	0.7863	0.7550	0.7001
27
0699	0.4193	0.9750	0.8303	0.7280	0.0533s	0.7881	0.7550	0.7005
28
0700	0.4516	0.9583	0.8309	0.7300	0.0531s	0.7892	0.7580	0.7008
29
0701	0.4306	0.9417	0.8326	0.7280	0.0530s	0.7899	0.7630	0.7049
30
0702	0.4243	0.9417	0.8324	0.7240	0.0531s	0.7879	0.7640	0.7054
31
0703	0.4366	0.9417	0.8319	0.7280	0.0540s	0.7868	0.7580	0.6995
32
0704	0.4276	0.9500	0.8332	0.7280	0.0535s	0.7876	0.7550	0.6947
33
0705	0.4410	0.9250	0.8314	0.7260	0.0544s	0.7872	0.7560	0.6964
34
0706	0.4626	0.9500	0.8300	0.7260	0.0542s	0.7867	0.7550	0.6979
35
0707	0.4584	0.9667	0.8310	0.7240	0.0543s	0.7877	0.7540	0.6947
36
0708	0.4532	0.9250	0.8336	0.7220	0.0536s	0.7886	0.7550	0.6976
37
0709	0.4580	0.9667	0.8348	0.7240	0.0534s	0.7900	0.7610	0.7031
38
0710	0.4290	0.9667	0.8366	0.7240	0.0534s	0.7916	0.7570	0.6968
39
0711	0.4310	0.9500	0.8327	0.7280	0.0592s	0.7894	0.7550	0.6939
40
0712	0.4344	0.9667	0.8284	0.7300	0.0557s	0.7881	0.7580	0.6968
41
0713	0.4365	0.9417	0.8308	0.7220	0.0545s	0.7886	0.7560	0.6979
42
0714	0.4357	0.9750	0.8338	0.7260	0.0580s	0.7893	0.7510	0.6938
43
0715	0.4415	0.9250	0.8320	0.7240	0.0535s	0.7880	0.7560	0.6988
44
0716	0.4347	0.9417	0.8326	0.7280	0.0547s	0.7884	0.7590	0.7039
45
0717	0.4416	0.9250	0.8357	0.7240	0.0536s	0.7913	0.7590	0.7039
46
0718	0.4496	0.9333	0.8406	0.7220	0.0534s	0.7942	0.7550	0.6955
47
0719	0.4467	0.9500	0.8427	0.7220	0.0564s	0.7951	0.7550	0.6948
48
0720	0.4597	0.9583	0.8434	0.7240	0.0557s	0.7949	0.7530	0.6925
49
0721	0.4516	0.9417	0.8415	0.7240	0.0594s	0.7930	0.7510	0.6909
50
0722	0.4393	0.9417	0.8341	0.7280	0.0541s	0.7889	0.7560	0.6981
51
0723	0.4663	0.9750	0.8286	0.7280	0.0564s	0.7864	0.7600	0.7023
52
0724	0.4198	0.9500	0.8271	0.7300	0.0544s	0.7863	0.7610	0.7030
53
0725	0.4294	0.9500	0.8315	0.7240	0.0533s	0.7886	0.7560	0.6990
54
0726	0.4528	0.9333	0.8375	0.7200	0.0530s	0.7915	0.7550	0.6961
55
0727	0.4330	0.9500	0.8395	0.7200	0.0530s	0.7922	0.7550	0.6951
56
0728	0.4555	0.9583	0.8369	0.7240	0.0531s	0.7905	0.7550	0.6941
57
0729	0.4373	0.9833	0.8349	0.7280	0.0531s	0.7898	0.7540	0.6950
58
0730	0.4536	0.9417	0.8309	0.7280	0.0534s	0.7877	0.7580	0.7015
59
0731	0.4284	0.9667	0.8262	0.7300	0.0531s	0.7851	0.7620	0.7059
60
0732	0.4468	0.9583	0.8247	0.7320	0.0531s	0.7848	0.7630	0.7050
61
0733	0.4363	0.9333	0.8264	0.7300	0.0532s	0.7861	0.7600	0.7023
0
0734	0.4314	0.9583	0.8317	0.7220	0.0531s	0.7883	0.7590	0.7012
1
0735	0.4154	0.9583	0.8367	0.7240	0.0531s	0.7904	0.7600	0.7018
2
0736	0.4746	0.9083	0.8375	0.7220	0.0532s	0.7896	0.7620	0.7055
3
0737	0.4512	0.9583	0.8355	0.7220	0.0530s	0.7877	0.7560	0.6968
4
0738	0.4653	0.9333	0.8310	0.7300	0.0530s	0.7857	0.7550	0.6957
5
0739	0.4237	0.9667	0.8278	0.7280	0.0530s	0.7840	0.7560	0.6968
6
0740	0.4134	0.9667	0.8250	0.7320	0.0530s	0.7829	0.7620	0.7036
7
0741	0.4348	0.9583	0.8293	0.7280	0.0533s	0.7864	0.7610	0.7034
0
0742	0.4384	0.9667	0.8361	0.7260	0.0533s	0.7927	0.7570	0.6954
1
0743	0.4326	0.9250	0.8383	0.7240	0.0532s	0.7939	0.7550	0.6932
2
0744	0.4264	0.9333	0.8363	0.7200	0.0537s	0.7907	0.7570	0.6973
3
0745	0.4230	0.9417	0.8344	0.7200	0.0535s	0.7876	0.7560	0.6978
4
0746	0.4402	0.9583	0.8325	0.7260	0.0533s	0.7859	0.7540	0.6954
5
0747	0.4252	0.9417	0.8313	0.7280	0.0531s	0.7848	0.7530	0.6944
6
0748	0.4430	0.9667	0.8316	0.7260	0.0529s	0.7851	0.7580	0.6995
7
0749	0.4401	0.9583	0.8331	0.7240	0.0532s	0.7872	0.7600	0.7017
8
0750	0.4258	0.9750	0.8354	0.7260	0.0532s	0.7897	0.7610	0.7033
9
0751	0.4228	0.9583	0.8357	0.7240	0.0531s	0.7909	0.7560	0.6968
10
0752	0.4504	0.9583	0.8347	0.7220	0.0529s	0.7909	0.7550	0.6955
11
0753	0.4598	0.9583	0.8306	0.7260	0.0533s	0.7885	0.7600	0.6996
12
0754	0.4110	0.9333	0.8334	0.7260	0.0531s	0.7891	0.7580	0.6975
13
0755	0.4173	0.9500	0.8355	0.7260	0.0530s	0.7892	0.7570	0.7003
14
0756	0.4573	0.9500	0.8357	0.7280	0.0531s	0.7887	0.7540	0.6976
15
0757	0.4420	0.9667	0.8343	0.7300	0.0532s	0.7880	0.7570	0.7009
16
0758	0.4146	0.9500	0.8342	0.7300	0.0529s	0.7890	0.7600	0.7039
17
0759	0.4126	0.9750	0.8327	0.7280	0.0532s	0.7897	0.7590	0.6989
18
0760	0.4230	0.9667	0.8325	0.7260	0.0534s	0.7901	0.7580	0.6979
19
0761	0.4292	0.9500	0.8320	0.7260	0.0532s	0.7904	0.7600	0.6999
20
0762	0.4535	0.9333	0.8349	0.7220	0.0530s	0.7917	0.7590	0.6958
21
0763	0.4228	0.9333	0.8339	0.7220	0.0529s	0.7905	0.7550	0.6944
22
0764	0.4368	0.9417	0.8287	0.7260	0.0531s	0.7873	0.7580	0.7018
23
0765	0.4246	0.9667	0.8256	0.7320	0.0530s	0.7858	0.7620	0.7077
24
0766	0.4228	0.9583	0.8272	0.7280	0.0528s	0.7874	0.7580	0.6975
0
0767	0.4564	0.9417	0.8323	0.7240	0.0531s	0.7896	0.7590	0.6988
1
0768	0.4399	0.9583	0.8410	0.7220	0.0531s	0.7934	0.7570	0.6963
2
0769	0.4298	0.9750	0.8470	0.7180	0.0562s	0.7970	0.7510	0.6907
3
0770	0.4393	0.9750	0.8456	0.7160	0.0532s	0.7979	0.7490	0.6888
4
0771	0.3957	0.9833	0.8378	0.7220	0.0530s	0.7945	0.7510	0.6882
5
0772	0.4602	0.9583	0.8293	0.7280	0.0531s	0.7903	0.7620	0.6989
6
0773	0.4657	0.9583	0.8262	0.7300	0.0531s	0.7879	0.7630	0.7024
7
0774	0.4540	0.9417	0.8286	0.7280	0.0530s	0.7871	0.7570	0.6963
8
0775	0.4418	0.9750	0.8322	0.7240	0.0531s	0.7875	0.7550	0.6946
9
0776	0.4431	0.9667	0.8388	0.7220	0.0529s	0.7903	0.7510	0.6888
10
0777	0.4574	0.9417	0.8418	0.7200	0.0531s	0.7918	0.7540	0.6977
11
0778	0.4429	0.9500	0.8380	0.7200	0.0527s	0.7904	0.7540	0.6975
12
0779	0.4130	0.9417	0.8334	0.7260	0.0530s	0.7897	0.7580	0.6971
13
0780	0.3918	0.9833	0.8301	0.7260	0.0529s	0.7889	0.7600	0.6990
14
0781	0.4483	0.9333	0.8268	0.7260	0.0531s	0.7874	0.7610	0.7000
15
0782	0.4291	0.9750	0.8293	0.7260	0.0538s	0.7883	0.7610	0.7044
16
0783	0.4284	0.9583	0.8335	0.7200	0.0532s	0.7894	0.7580	0.7016
17
0784	0.4641	0.9417	0.8383	0.7220	0.0529s	0.7913	0.7530	0.6970
18
0785	0.4295	0.9583	0.8383	0.7200	0.0529s	0.7904	0.7520	0.6957
19
0786	0.4567	0.9167	0.8344	0.7240	0.0530s	0.7887	0.7560	0.6994
20
0787	0.4362	0.9333	0.8307	0.7300	0.0532s	0.7885	0.7550	0.6961
21
0788	0.4051	0.9750	0.8290	0.7300	0.0531s	0.7888	0.7580	0.6970
22
0789	0.4490	0.9333	0.8256	0.7280	0.0531s	0.7874	0.7580	0.6973
23
0790	0.4417	0.9250	0.8254	0.7280	0.0532s	0.7866	0.7580	0.6977
24
0791	0.4427	0.9750	0.8273	0.7220	0.0531s	0.7865	0.7590	0.7029
25
0792	0.4110	0.9500	0.8308	0.7220	0.0531s	0.7865	0.7570	0.7008
26
0793	0.4290	0.9667	0.8334	0.7220	0.0541s	0.7869	0.7550	0.6985
27
0794	0.4537	0.9583	0.8367	0.7220	0.0534s	0.7890	0.7580	0.7010
28
0795	0.4503	0.9500	0.8402	0.7220	0.0530s	0.7911	0.7580	0.6985
29
0796	0.4202	0.9583	0.8410	0.7240	0.0959s	0.7910	0.7590	0.6991
30
0797	0.4569	0.9750	0.8369	0.7180	0.0911s	0.7889	0.7560	0.6966
31
0798	0.4375	0.9417	0.8294	0.7220	0.0739s	0.7866	0.7580	0.6971
32
0799	0.4199	0.9583	0.8279	0.7220	0.0902s	0.7866	0.7590	0.6984
33
0800	0.4366	0.9417	0.8293	0.7220	0.0748s	0.7857	0.7620	0.7033
34
0801	0.4350	0.9500	0.8329	0.7240	0.0737s	0.7864	0.7620	0.7027
35
0802	0.4505	0.9417	0.8386	0.7240	0.0739s	0.7875	0.7620	0.7069
36
0803	0.4484	0.9667	0.8384	0.7260	0.0737s	0.7863	0.7600	0.7042
37
0804	0.4343	0.9667	0.8362	0.7240	0.0681s	0.7853	0.7570	0.7016
38
0805	0.4694	0.9333	0.8339	0.7180	0.0631s	0.7853	0.7580	0.7030
39
0806	0.4472	0.9750	0.8338	0.7200	0.0624s	0.7873	0.7550	0.6990
40
0807	0.4524	0.9667	0.8319	0.7200	0.0603s	0.7887	0.7580	0.7001
41
0808	0.4200	0.9333	0.8320	0.7200	0.0622s	0.7898	0.7560	0.6961
42
0809	0.4647	0.9500	0.8310	0.7240	0.0619s	0.7873	0.7610	0.7047
43
0810	0.4220	0.9417	0.8328	0.7240	0.0609s	0.7866	0.7580	0.7015
44
0811	0.4506	0.9417	0.8369	0.7260	0.0610s	0.7875	0.7540	0.6994
45
0812	0.4162	0.9250	0.8419	0.7240	0.0614s	0.7897	0.7560	0.7011
46
0813	0.4217	0.9667	0.8415	0.7180	0.0613s	0.7906	0.7530	0.6964
47
0814	0.4613	0.9333	0.8385	0.7200	0.0613s	0.7911	0.7550	0.6987
48
0815	0.3861	0.9833	0.8373	0.7220	0.0615s	0.7935	0.7540	0.6936
49
0816	0.3958	0.9667	0.8361	0.7220	0.0613s	0.7946	0.7530	0.6931
50
0817	0.4047	0.9500	0.8316	0.7240	0.0610s	0.7928	0.7560	0.6957
51
0818	0.4394	0.9500	0.8301	0.7260	0.0614s	0.7903	0.7580	0.6973
52
0819	0.4326	0.9083	0.8329	0.7240	0.0613s	0.7897	0.7540	0.6958
53
0820	0.4200	0.9500	0.8360	0.7240	0.0610s	0.7899	0.7540	0.6978
54
0821	0.4455	0.9750	0.8405	0.7200	0.0611s	0.7913	0.7550	0.6986
55
0822	0.4594	0.9667	0.8389	0.7220	0.0614s	0.7906	0.7530	0.6969
56
0823	0.4539	0.9250	0.8385	0.7200	0.0610s	0.7911	0.7510	0.6953
57
0824	0.4339	0.9333	0.8372	0.7240	0.0616s	0.7917	0.7540	0.6959
58
0825	0.4292	0.9583	0.8360	0.7220	0.0614s	0.7929	0.7550	0.6946
59
0826	0.4509	0.9667	0.8326	0.7220	0.0612s	0.7918	0.7610	0.6982
60
0827	0.4580	0.9250	0.8274	0.7300	0.0612s	0.7874	0.7630	0.7043
61
0828	0.4329	0.9500	0.8282	0.7280	0.0613s	0.7848	0.7590	0.7028
62
0829	0.4432	0.9333	0.8311	0.7180	0.0611s	0.7844	0.7570	0.7051
63
0830	0.4676	0.9250	0.8345	0.7160	0.0610s	0.7854	0.7550	0.7032
64
0831	0.4200	0.9667	0.8347	0.7200	0.0621s	0.7862	0.7550	0.6991
65
0832	0.4257	0.9833	0.8335	0.7240	0.0615s	0.7883	0.7600	0.7042
66
0833	0.4488	0.9083	0.8336	0.7180	0.0615s	0.7910	0.7620	0.6992
67
0834	0.3964	0.9500	0.8296	0.7240	0.0611s	0.7907	0.7620	0.6990
68
0835	0.4456	0.9667	0.8283	0.7280	0.0617s	0.7891	0.7650	0.7042
69
0836	0.4610	0.9333	0.8301	0.7300	0.0609s	0.7875	0.7590	0.7005
70
0837	0.4479	0.9500	0.8346	0.7260	0.0612s	0.7883	0.7540	0.6982
71
0838	0.4576	0.9250	0.8386	0.7220	0.0615s	0.7898	0.7530	0.6974
72
0839	0.4658	0.9833	0.8407	0.7220	0.0614s	0.7912	0.7500	0.6943
73
0840	0.4688	0.9500	0.8396	0.7220	0.0618s	0.7918	0.7520	0.6943
74
0841	0.4627	0.9500	0.8373	0.7200	0.0615s	0.7921	0.7540	0.6941
75
0842	0.4426	0.9417	0.8319	0.7260	0.0611s	0.7904	0.7640	0.7031
76
0843	0.4514	0.9250	0.8304	0.7280	0.0614s	0.7892	0.7640	0.7030
77
0844	0.4543	0.9333	0.8332	0.7240	0.0619s	0.7876	0.7610	0.7025
78
0845	0.4241	0.9500	0.8361	0.7260	0.0614s	0.7868	0.7570	0.7012
79
0846	0.4285	0.9333	0.8399	0.7180	0.0616s	0.7879	0.7530	0.6972
80
0847	0.4528	0.9500	0.8390	0.7180	0.0618s	0.7880	0.7530	0.6971
81
0848	0.4114	0.9833	0.8388	0.7180	0.0612s	0.7897	0.7530	0.6972
82
0849	0.4349	0.9500	0.8374	0.7220	0.0615s	0.7912	0.7550	0.6974
83
0850	0.4250	0.9333	0.8363	0.7220	0.0627s	0.7920	0.7530	0.6928
84
0851	0.4430	0.9667	0.8384	0.7200	0.0622s	0.7930	0.7530	0.6930
85
0852	0.4295	0.9417	0.8364	0.7260	0.0611s	0.7912	0.7540	0.6964
86
0853	0.4361	0.9583	0.8353	0.7240	0.0615s	0.7899	0.7540	0.6965
87
0854	0.4352	0.9583	0.8360	0.7220	0.0614s	0.7893	0.7530	0.6956
88
0855	0.4477	0.9417	0.8357	0.7240	0.0609s	0.7882	0.7530	0.6973
89
0856	0.4663	0.9083	0.8329	0.7260	0.0617s	0.7868	0.7550	0.6990
90
0857	0.4403	0.9583	0.8318	0.7260	0.0613s	0.7868	0.7570	0.7023
91
0858	0.4274	0.9667	0.8345	0.7260	0.0629s	0.7889	0.7540	0.6951
92
0859	0.4517	0.9250	0.8387	0.7240	0.0623s	0.7921	0.7560	0.6947
93
0860	0.4492	0.9333	0.8391	0.7240	0.0609s	0.7927	0.7570	0.6958
94
0861	0.4481	0.9333	0.8362	0.7240	0.0610s	0.7913	0.7570	0.6986
95
0862	0.4332	0.9667	0.8344	0.7240	0.0611s	0.7898	0.7590	0.7001
96
0863	0.4599	0.9333	0.8311	0.7260	0.0616s	0.7872	0.7560	0.6976
97
0864	0.4210	0.9667	0.8297	0.7280	0.0611s	0.7864	0.7560	0.6979
98
0865	0.4240	0.9583	0.8306	0.7260	0.0616s	0.7870	0.7550	0.6972
99
0866	0.4648	0.9333	0.8316	0.7260	0.0613s	0.7875	0.7550	0.6973
100
0867	0.4674	0.9333	0.8302	0.7220	0.0618s	0.7877	0.7600	0.7022
101
0868	0.4425	0.9417	0.8296	0.7220	0.0631s	0.7873	0.7630	0.7067
102
0869	0.4638	0.9500	0.8312	0.7240	0.0618s	0.7873	0.7620	0.7055
103
0870	0.4666	0.9583	0.8283	0.7240	0.0614s	0.7863	0.7640	0.7075
104
0871	0.4488	0.9167	0.8262	0.7240	0.0615s	0.7862	0.7600	0.7017
105
0872	0.4389	0.9333	0.8281	0.7240	0.0612s	0.7865	0.7600	0.7042
106
0873	0.4670	0.9333	0.8339	0.7220	0.0612s	0.7877	0.7580	0.7021
107
0874	0.4710	0.9333	0.8362	0.7220	0.0623s	0.7876	0.7530	0.6972
108
0875	0.4305	0.9500	0.8344	0.7240	0.0622s	0.7863	0.7540	0.6981
109
0876	0.4287	0.9500	0.8310	0.7240	0.0617s	0.7857	0.7580	0.7024
110
0877	0.4136	0.9833	0.8297	0.7260	0.0616s	0.7868	0.7600	0.7040
111
0878	0.4316	0.9333	0.8292	0.7240	0.0615s	0.7887	0.7610	0.7006
112
0879	0.4525	0.9583	0.8279	0.7260	0.0612s	0.7883	0.7590	0.6960
113
0880	0.4464	0.9000	0.8281	0.7280	0.0629s	0.7862	0.7580	0.6995
114
0881	0.4468	0.9500	0.8296	0.7280	0.0618s	0.7846	0.7530	0.6947
115
0882	0.4659	0.9417	0.8316	0.7260	0.0611s	0.7842	0.7520	0.6937
116
0883	0.4545	0.9167	0.8303	0.7260	0.0618s	0.7835	0.7540	0.6979
117
0884	0.4408	0.9417	0.8304	0.7260	0.0623s	0.7852	0.7580	0.7026
118
0885	0.4593	0.9250	0.8294	0.7240	0.0610s	0.7865	0.7580	0.7004
119
0886	0.4315	0.9667	0.8312	0.7260	0.0617s	0.7891	0.7540	0.6949
120
0887	0.4373	0.9333	0.8320	0.7260	0.0629s	0.7896	0.7530	0.6937
121
0888	0.4358	0.9667	0.8321	0.7280	0.1080s	0.7888	0.7560	0.6956
122
0889	0.4548	0.9500	0.8327	0.7260	0.0755s	0.7882	0.7570	0.6957
123
0890	0.4354	0.9500	0.8326	0.7240	0.0680s	0.7873	0.7590	0.7023
124
0891	0.4364	0.9583	0.8294	0.7260	0.0638s	0.7855	0.7570	0.7009
125
0892	0.4400	0.9583	0.8303	0.7280	0.0627s	0.7862	0.7550	0.6994
126
0893	0.4373	0.9417	0.8296	0.7280	0.0618s	0.7868	0.7610	0.7048
127
0894	0.4449	0.9750	0.8302	0.7300	0.0610s	0.7881	0.7610	0.7049
128
0895	0.4491	0.9667	0.8263	0.7300	0.0611s	0.7871	0.7620	0.7035
129
0896	0.4692	0.9417	0.8250	0.7340	0.0611s	0.7867	0.7600	0.7016
130
0897	0.4412	0.9833	0.8266	0.7320	0.0610s	0.7872	0.7590	0.6983
0
0898	0.4259	0.9333	0.8270	0.7320	0.0617s	0.7867	0.7580	0.6999
1
0899	0.4746	0.9500	0.8265	0.7240	0.0621s	0.7853	0.7560	0.7007
2
0900	0.4251	0.9667	0.8263	0.7240	0.0612s	0.7838	0.7550	0.6993
3
0901	0.4404	0.9583	0.8260	0.7220	0.0618s	0.7829	0.7550	0.6992
4
0902	0.4461	0.9750	0.8275	0.7240	0.0615s	0.7833	0.7550	0.6990
5
0903	0.4448	1.0000	0.8304	0.7260	0.0618s	0.7854	0.7580	0.7020
6
0904	0.4593	0.9583	0.8342	0.7280	0.0612s	0.7881	0.7550	0.6947
7
0905	0.4153	0.9417	0.8340	0.7300	0.0615s	0.7894	0.7540	0.6939
8
0906	0.4510	0.9667	0.8319	0.7280	0.0612s	0.7886	0.7550	0.6949
9
0907	0.4434	0.9667	0.8277	0.7240	0.0610s	0.7859	0.7560	0.6960
10
0908	0.4194	0.9167	0.8235	0.7260	0.0615s	0.7832	0.7570	0.6968
11
0909	0.4311	0.9500	0.8223	0.7280	0.0611s	0.7820	0.7600	0.7039
12
0910	0.4673	0.9417	0.8254	0.7280	0.0616s	0.7827	0.7560	0.6999
13
0911	0.4322	0.9750	0.8312	0.7200	0.0619s	0.7853	0.7540	0.6981
14
0912	0.4478	0.9333	0.8346	0.7240	0.0615s	0.7883	0.7570	0.7012
15
0913	0.4604	0.9333	0.8357	0.7260	0.0614s	0.7909	0.7550	0.6973
16
0914	0.3892	0.9750	0.8356	0.7260	0.0611s	0.7924	0.7550	0.6951
17
0915	0.4520	0.9417	0.8323	0.7260	0.0614s	0.7910	0.7560	0.6981
18
0916	0.4406	0.9250	0.8297	0.7220	0.0617s	0.7886	0.7550	0.6969
19
0917	0.4478	0.9667	0.8309	0.7200	0.0612s	0.7874	0.7540	0.6958
20
0918	0.4578	0.9333	0.8296	0.7220	0.0611s	0.7850	0.7550	0.6988
21
0919	0.4159	0.9750	0.8291	0.7260	0.0618s	0.7840	0.7580	0.7016
22
0920	0.4175	0.9583	0.8285	0.7260	0.0617s	0.7844	0.7600	0.7036
23
0921	0.4680	0.9417	0.8293	0.7260	0.0613s	0.7859	0.7590	0.7006
24
0922	0.4149	0.9917	0.8313	0.7260	0.0614s	0.7876	0.7570	0.6967
25
0923	0.4226	0.9500	0.8306	0.7260	0.0624s	0.7883	0.7540	0.6939
26
0924	0.4427	0.9417	0.8283	0.7200	0.0618s	0.7872	0.7550	0.6948
27
0925	0.4388	0.9500	0.8269	0.7220	0.0610s	0.7862	0.7570	0.6987
28
0926	0.4386	0.9583	0.8256	0.7260	0.0614s	0.7844	0.7580	0.6995
29
0927	0.4110	0.9667	0.8261	0.7300	0.0623s	0.7840	0.7590	0.7005
30
0928	0.4672	0.9083	0.8277	0.7300	0.0622s	0.7847	0.7610	0.7026
31
0929	0.4644	0.9333	0.8278	0.7260	0.0616s	0.7848	0.7570	0.6991
32
0930	0.3927	0.9583	0.8285	0.7260	0.0618s	0.7850	0.7570	0.6990
33
0931	0.4322	0.9333	0.8288	0.7260	0.0611s	0.7850	0.7560	0.6999
34
0932	0.4585	0.9417	0.8309	0.7240	0.0613s	0.7862	0.7580	0.7018
35
0933	0.4105	0.9917	0.8305	0.7240	0.0618s	0.7866	0.7550	0.6992
36
0934	0.4252	0.9333	0.8313	0.7220	0.0623s	0.7874	0.7570	0.7008
37
0935	0.4684	0.9500	0.8322	0.7280	0.0614s	0.7871	0.7590	0.7023
38
0936	0.4186	0.9917	0.8322	0.7300	0.0617s	0.7872	0.7590	0.7022
39
0937	0.4398	0.9750	0.8291	0.7280	0.0612s	0.7863	0.7580	0.7014
40
0938	0.4545	0.9583	0.8288	0.7300	0.0616s	0.7869	0.7580	0.6993
41
0939	0.4243	0.9750	0.8281	0.7300	0.0622s	0.7873	0.7590	0.6984
42
0940	0.4337	0.9667	0.8290	0.7300	0.0614s	0.7874	0.7610	0.7027
43
0941	0.4396	0.9583	0.8322	0.7280	0.0611s	0.7880	0.7580	0.7000
44
0942	0.4450	0.9583	0.8316	0.7280	0.0621s	0.7865	0.7550	0.6970
45
0943	0.4410	0.9667	0.8286	0.7260	0.0614s	0.7843	0.7580	0.6997
46
0944	0.4429	0.9750	0.8244	0.7280	0.0615s	0.7831	0.7610	0.7024
47
0945	0.4322	0.9417	0.8209	0.7260	0.0617s	0.7825	0.7610	0.7021
48
0946	0.4094	0.9500	0.8221	0.7300	0.0622s	0.7838	0.7590	0.7004
49
0947	0.4381	0.9500	0.8263	0.7280	0.0613s	0.7850	0.7580	0.6995
50
0948	0.4381	0.9417	0.8342	0.7300	0.0624s	0.7873	0.7570	0.6986
51
0949	0.4384	0.9333	0.8385	0.7280	0.0616s	0.7884	0.7530	0.6945
52
0950	0.4271	0.9667	0.8380	0.7300	0.0615s	0.7881	0.7550	0.6959
53
0951	0.4527	0.9750	0.8332	0.7280	0.0613s	0.7868	0.7570	0.6985
54
0952	0.4585	0.9500	0.8278	0.7260	0.0617s	0.7865	0.7640	0.7053
55
0953	0.4381	0.9583	0.8240	0.7260	0.0611s	0.7866	0.7630	0.7021
56
0954	0.4365	0.9417	0.8256	0.7240	0.0622s	0.7877	0.7580	0.6981
57
0955	0.4272	0.9583	0.8291	0.7240	0.0622s	0.7878	0.7580	0.7003
58
0956	0.4117	0.9667	0.8292	0.7240	0.0612s	0.7858	0.7560	0.7000
59
0957	0.4229	0.9750	0.8279	0.7260	0.0652s	0.7839	0.7560	0.6999
60
0958	0.4270	0.9750	0.8303	0.7260	0.0617s	0.7850	0.7560	0.7000
61
0959	0.4178	0.9417	0.8316	0.7280	0.0615s	0.7869	0.7610	0.7048
62
0960	0.4392	0.9417	0.8312	0.7280	0.0612s	0.7888	0.7620	0.7039
63
0961	0.4567	0.9417	0.8306	0.7280	0.0613s	0.7900	0.7610	0.7008
64
0962	0.4507	0.9167	0.8290	0.7260	0.0609s	0.7894	0.7560	0.6963
65
0963	0.4450	0.9333	0.8286	0.7260	0.0623s	0.7875	0.7530	0.6937
66
0964	0.4193	0.9500	0.8276	0.7260	0.0615s	0.7858	0.7550	0.6997
67
0965	0.4163	0.9583	0.8281	0.7260	0.0622s	0.7848	0.7560	0.7000
68
0966	0.4143	0.9917	0.8309	0.7260	0.0616s	0.7859	0.7580	0.7015
69
0967	0.4428	0.9833	0.8327	0.7300	0.0610s	0.7873	0.7570	0.6984
70
0968	0.4251	0.9500	0.8289	0.7280	0.0622s	0.7865	0.7620	0.7038
71
0969	0.4573	0.9750	0.8261	0.7300	0.0616s	0.7868	0.7620	0.7015
72
0970	0.3999	0.9583	0.8249	0.7300	0.0610s	0.7876	0.7590	0.6991
73
0971	0.4352	0.9417	0.8262	0.7300	0.0626s	0.7877	0.7590	0.6992
74
0972	0.4621	0.9500	0.8255	0.7280	0.0611s	0.7856	0.7590	0.7016
75
0973	0.4586	0.9250	0.8242	0.7280	0.0616s	0.7834	0.7580	0.7023
76
0974	0.4721	0.9417	0.8248	0.7260	0.0611s	0.7829	0.7600	0.7037
77
0975	0.4280	0.9667	0.8263	0.7280	0.0611s	0.7837	0.7590	0.7026
78
0976	0.4662	0.9583	0.8252	0.7280	0.0612s	0.7841	0.7580	0.7000
79
0977	0.4489	0.9750	0.8238	0.7320	0.0615s	0.7857	0.7570	0.6949
80
0978	0.4664	0.9333	0.8246	0.7320	0.0617s	0.7866	0.7560	0.6917
81
0979	0.4289	0.9417	0.8286	0.7300	0.0621s	0.7861	0.7590	0.7014
82
0980	0.4434	0.9333	0.8303	0.7300	0.0613s	0.7849	0.7590	0.7028
83
0981	0.4242	0.9583	0.8298	0.7320	0.0612s	0.7838	0.7600	0.7054
84
0982	0.4226	0.9667	0.8279	0.7320	0.0611s	0.7833	0.7620	0.7071
85
0983	0.4148	0.9750	0.8258	0.7280	0.0617s	0.7835	0.7630	0.7043
86
0984	0.4422	0.9417	0.8274	0.7260	0.0618s	0.7856	0.7600	0.7021
87
0985	0.4377	0.9333	0.8303	0.7240	0.0612s	0.7885	0.7550	0.6958
88
0986	0.4280	0.9417	0.8331	0.7260	0.0648s	0.7909	0.7570	0.6978
89
0987	0.4083	0.9750	0.8351	0.7260	0.0611s	0.7907	0.7560	0.6963
90
0988	0.4569	0.9250	0.8377	0.7240	0.0618s	0.7897	0.7550	0.6988
91
0989	0.4277	0.9417	0.8391	0.7240	0.0639s	0.7895	0.7570	0.6977
92
0990	0.4414	0.9500	0.8379	0.7260	0.0621s	0.7889	0.7570	0.6957
93
0991	0.4108	0.9583	0.8362	0.7240	0.0622s	0.7894	0.7540	0.6933
94
0992	0.4286	0.9417	0.8351	0.7220	0.0614s	0.7912	0.7570	0.6973
95
0993	0.4287	0.9417	0.8358	0.7200	0.0614s	0.7924	0.7590	0.6991
96
0994	0.4343	0.9417	0.8354	0.7240	0.0622s	0.7905	0.7590	0.6992
97
0995	0.4443	0.9583	0.8377	0.7260	0.0620s	0.7894	0.7630	0.7066
98
0996	0.4813	0.9417	0.8366	0.7260	0.0617s	0.7873	0.7570	0.7022
99
0997	0.4294	0.9250	0.8357	0.7280	0.0626s	0.7866	0.7580	0.7032
100
0998	0.4602	0.9250	0.8342	0.7260	0.0615s	0.7864	0.7560	0.6994
101
0999	0.4856	0.9083	0.8309	0.7240	0.0624s	0.7866	0.7590	0.7013
102
1000	0.4312	0.9750	0.8294	0.7260	0.0612s	0.7878	0.7560	0.6991
103
1001	0.4655	0.9250	0.8258	0.7260	0.0611s	0.7867	0.7580	0.6984
104
1002	0.4259	0.9417	0.8227	0.7300	0.0615s	0.7843	0.7640	0.7036
105
1003	0.4650	0.9333	0.8226	0.7300	0.0611s	0.7837	0.7650	0.7059
106
1004	0.4635	0.9750	0.8220	0.7320	0.0611s	0.7831	0.7630	0.7059
107
1005	0.4470	0.9333	0.8245	0.7260	0.0613s	0.7833	0.7620	0.7055
108
1006	0.4208	0.9500	0.8257	0.7260	0.0616s	0.7834	0.7570	0.7012
109
1007	0.4597	0.9500	0.8284	0.7240	0.0614s	0.7854	0.7540	0.6989
110
1008	0.4581	0.9667	0.8332	0.7240	0.0616s	0.7885	0.7570	0.6998
111
1009	0.4613	0.9083	0.8353	0.7240	0.0622s	0.7897	0.7550	0.6953
112
1010	0.4455	0.9167	0.8362	0.7260	0.0625s	0.7901	0.7540	0.6958
113
1011	0.4431	0.9083	0.8351	0.7260	0.0615s	0.7892	0.7560	0.6998
114
1012	0.4507	0.9333	0.8309	0.7240	0.0615s	0.7867	0.7570	0.7006
115
1013	0.4466	0.9500	0.8270	0.7240	0.0614s	0.7847	0.7570	0.7007
116
1014	0.4767	0.9000	0.8258	0.7260	0.0623s	0.7842	0.7600	0.7036
117
1015	0.4272	0.9750	0.8262	0.7240	0.0623s	0.7849	0.7580	0.7025
118
1016	0.4416	0.9583	0.8281	0.7240	0.0624s	0.7860	0.7590	0.7035
119
1017	0.4230	0.9583	0.8322	0.7220	0.0616s	0.7875	0.7590	0.7033
120
1018	0.4378	0.9583	0.8343	0.7240	0.0612s	0.7877	0.7580	0.6998
121
1019	0.4409	0.9417	0.8332	0.7240	0.0618s	0.7868	0.7560	0.6972
122
1020	0.4503	0.9667	0.8314	0.7280	0.0620s	0.7863	0.7590	0.7000
123
1021	0.4495	0.9167	0.8296	0.7260	0.0617s	0.7857	0.7610	0.7023
124
1022	0.4520	0.9417	0.8276	0.7240	0.0614s	0.7854	0.7610	0.7026
125
1023	0.4263	0.9667	0.8307	0.7260	0.0614s	0.7871	0.7580	0.7002
126
1024	0.4400	0.9583	0.8307	0.7240	0.0614s	0.7878	0.7560	0.6983
127
1025	0.4696	0.9583	0.8305	0.7260	0.0614s	0.7881	0.7570	0.6992
128
1026	0.4297	0.9583	0.8318	0.7260	0.0611s	0.7885	0.7570	0.6990
129
1027	0.4404	0.9667	0.8364	0.7260	0.0613s	0.7897	0.7560	0.6974
130
1028	0.4175	0.9417	0.8356	0.7260	0.0616s	0.7885	0.7550	0.6984
131
1029	0.4619	0.9250	0.8323	0.7240	0.0611s	0.7859	0.7560	0.6995
132
1030	0.4359	0.9667	0.8295	0.7240	0.0614s	0.7844	0.7590	0.7027
133
1031	0.4357	0.9583	0.8300	0.7240	0.0612s	0.7851	0.7560	0.7003
134
1032	0.4291	0.9750	0.8312	0.7220	0.0609s	0.7861	0.7540	0.6985
135
1033	0.4378	0.9417	0.8343	0.7200	0.0610s	0.7878	0.7530	0.6976
136
1034	0.4280	0.9583	0.8374	0.7220	0.0623s	0.7893	0.7530	0.6974
137
1035	0.4382	0.9417	0.8335	0.7220	0.0618s	0.7882	0.7540	0.6961
138
1036	0.4685	0.9583	0.8259	0.7240	0.0628s	0.7851	0.7620	0.7057
139
1037	0.4370	0.9500	0.8231	0.7280	0.0635s	0.7837	0.7650	0.7062
140
1038	0.4354	0.9250	0.8250	0.7300	0.0619s	0.7840	0.7630	0.7043
141
1039	0.4767	0.9500	0.8304	0.7240	0.0622s	0.7853	0.7570	0.6985
142
1040	0.4348	0.9750	0.8355	0.7180	0.0619s	0.7873	0.7560	0.6997
143
1041	0.4358	0.9333	0.8361	0.7180	0.0631s	0.7875	0.7520	0.6962
144
1042	0.4635	0.9333	0.8325	0.7220	0.0630s	0.7862	0.7550	0.6992
145
1043	0.4381	0.9500	0.8288	0.7260	0.0624s	0.7856	0.7630	0.7068
146
1044	0.4059	0.9750	0.8257	0.7280	0.0623s	0.7863	0.7640	0.7054
147
1045	0.4398	0.9333	0.8286	0.7280	0.0633s	0.7896	0.7620	0.7041
148
1046	0.4528	0.9417	0.8354	0.7220	0.0627s	0.7933	0.7560	0.6958
149
1047	0.4543	0.9250	0.8410	0.7180	0.0620s	0.7954	0.7490	0.6889
150
1048	0.4616	0.9333	0.8430	0.7180	0.0640s	0.7943	0.7510	0.6947
151
1049	0.4484	0.9417	0.8364	0.7220	0.0648s	0.7901	0.7550	0.6985
152
1050	0.4327	0.9583	0.8323	0.7240	0.0656s	0.7877	0.7600	0.7055
153
1051	0.4528	0.9750	0.8299	0.7260	0.0650s	0.7866	0.7600	0.7060
154
1052	0.4315	0.9500	0.8279	0.7260	0.0634s	0.7869	0.7600	0.7039
155
1053	0.4366	0.9333	0.8300	0.7240	0.0621s	0.7894	0.7580	0.6973
156
1054	0.4239	0.9667	0.8329	0.7220	0.0618s	0.7920	0.7560	0.6954
157
1055	0.4194	0.9417	0.8331	0.7240	0.0615s	0.7914	0.7560	0.6955
158
1056	0.4312	0.9417	0.8362	0.7200	0.0616s	0.7908	0.7530	0.6925
159
1057	0.4293	0.9417	0.8342	0.7220	0.0626s	0.7881	0.7550	0.6988
160
1058	0.4470	0.9417	0.8312	0.7240	0.0629s	0.7856	0.7570	0.7006
161
1059	0.4516	0.9333	0.8307	0.7260	0.0618s	0.7855	0.7600	0.7033
162
1060	0.4273	0.9583	0.8292	0.7260	0.0623s	0.7854	0.7580	0.7017
163
1061	0.4482	0.9667	0.8302	0.7180	0.0619s	0.7865	0.7580	0.6998
164
1062	0.4461	0.9250	0.8332	0.7200	0.0615s	0.7883	0.7550	0.6970
165
1063	0.4462	0.9500	0.8340	0.7200	0.0619s	0.7883	0.7550	0.6970
166
1064	0.4419	0.9417	0.8319	0.7180	0.0612s	0.7870	0.7570	0.6989
167
1065	0.4126	0.9583	0.8289	0.7200	0.0611s	0.7857	0.7590	0.7034
168
1066	0.4420	0.9333	0.8281	0.7200	0.0616s	0.7856	0.7580	0.7023
169
1067	0.4312	0.9917	0.8285	0.7240	0.0614s	0.7861	0.7620	0.7056
170
1068	0.4461	0.9417	0.8309	0.7260	0.0615s	0.7872	0.7590	0.7027
171
1069	0.4338	0.9667	0.8355	0.7180	0.0624s	0.7898	0.7570	0.7008
172
1070	0.4462	0.9500	0.8385	0.7140	0.0621s	0.7916	0.7530	0.6969
173
1071	0.4285	0.9667	0.8399	0.7140	0.0611s	0.7939	0.7490	0.6887
174
1072	0.4460	0.9333	0.8354	0.7180	0.0617s	0.7934	0.7540	0.6941
175
1073	0.3943	0.9750	0.8296	0.7220	0.0615s	0.7918	0.7550	0.6953
176
1074	0.4754	0.9583	0.8279	0.7260	0.0611s	0.7900	0.7590	0.6990
177
1075	0.4603	0.9250	0.8332	0.7260	0.0614s	0.7902	0.7590	0.7004
178
1076	0.4297	0.9583	0.8386	0.7220	0.0625s	0.7915	0.7540	0.6953
179
1077	0.4551	0.9417	0.8428	0.7200	0.0614s	0.7934	0.7530	0.6966
180
1078	0.4296	0.9333	0.8452	0.7180	0.0613s	0.7958	0.7490	0.6908
181
1079	0.4051	0.9667	0.8406	0.7160	0.0609s	0.7948	0.7470	0.6868
182
1080	0.4301	0.9583	0.8315	0.7220	0.0616s	0.7922	0.7510	0.6911
183
1081	0.4268	0.9500	0.8262	0.7240	0.0614s	0.7897	0.7600	0.6997
184
1082	0.4316	0.9667	0.8245	0.7260	0.0615s	0.7880	0.7640	0.7031
185
1083	0.4549	0.9500	0.8273	0.7280	0.0611s	0.7878	0.7650	0.7063
186
1084	0.4298	0.9333	0.8345	0.7220	0.0623s	0.7894	0.7600	0.7016
187
1085	0.4674	0.9333	0.8402	0.7200	0.0643s	0.7915	0.7580	0.7017
188
1086	0.4457	0.9250	0.8442	0.7220	0.0622s	0.7933	0.7540	0.6953
189
1087	0.4502	0.9583	0.8432	0.7240	0.0614s	0.7938	0.7490	0.6887
190
1088	0.4784	0.9083	0.8374	0.7240	0.0614s	0.7923	0.7530	0.6930
191
1089	0.4209	0.9667	0.8310	0.7260	0.0617s	0.7902	0.7580	0.6981
192
1090	0.4500	0.9333	0.8292	0.7300	0.0611s	0.7893	0.7620	0.7017
193
1091	0.4521	0.9417	0.8334	0.7260	0.0620s	0.7902	0.7620	0.7038
194
1092	0.4024	0.9583	0.8432	0.7220	0.0620s	0.7944	0.7570	0.7008
195
1093	0.4202	0.9667	0.8466	0.7200	0.0615s	0.7963	0.7530	0.6967
196
1094	0.4583	0.9500	0.8412	0.7240	0.0616s	0.7941	0.7510	0.6954
197
1095	0.4850	0.9333	0.8299	0.7220	0.0613s	0.7894	0.7570	0.7010
198
1096	0.4310	0.9750	0.8246	0.7260	0.0618s	0.7878	0.7590	0.7011
199
Early stop! Min loss:0.8208011388778687,  Max accuracy:0.734
Early stop model validation loss:0.8208011388778687,  accuracy:0.728
Optimization Finished!
Total time elapsed: 63.0061s
test max acc:0.7650
Loading 669th epoch
stru_node_to_hop attention:tensor([[0.3095, 0.3453, 0.3453],
        [0.2095, 0.4715, 0.3190],
        [0.3058, 0.3471, 0.3471],
        [0.2543, 0.3414, 0.4043],
        [0.3072, 0.3464, 0.3464],
        [0.3408, 0.3282, 0.3310],
        [0.3041, 0.3480, 0.3480],
        [0.2896, 0.2536, 0.4568],
        [0.5421, 0.2419, 0.2160],
        [0.4207, 0.3097, 0.2697],
        [0.4195, 0.2978, 0.2827],
        [0.2596, 0.3702, 0.3702],
        [0.2588, 0.3739, 0.3673],
        [0.2627, 0.3556, 0.3817],
        [0.2799, 0.3560, 0.3642],
        [0.2884, 0.3558, 0.3558],
        [0.2693, 0.3665, 0.3642],
        [0.2515, 0.4101, 0.3384],
        [0.2229, 0.2602, 0.5169],
        [0.2584, 0.4226, 0.3190],
        [0.2769, 0.3800, 0.3431],
        [0.2725, 0.3337, 0.3938],
        [0.2466, 0.3358, 0.4176],
        [0.2830, 0.3466, 0.3704],
        [0.3054, 0.3385, 0.3562],
        [0.4831, 0.2757, 0.2412],
        [0.5145, 0.2568, 0.2287],
        [0.2354, 0.2993, 0.4653],
        [0.2500, 0.4235, 0.3265],
        [0.3855, 0.2645, 0.3501],
        [0.3523, 0.3027, 0.3450],
        [0.3817, 0.2994, 0.3189],
        [0.3673, 0.2823, 0.3504],
        [0.2537, 0.3377, 0.4086],
        [0.2568, 0.3175, 0.4257],
        [0.2606, 0.3697, 0.3697],
        [0.2720, 0.3640, 0.3640],
        [0.2780, 0.3610, 0.3610],
        [0.2979, 0.3342, 0.3679],
        [0.2959, 0.3911, 0.3131],
        [0.2606, 0.3559, 0.3835],
        [0.3155, 0.3020, 0.3825],
        [0.4185, 0.2923, 0.2892],
        [0.4891, 0.3100, 0.2009],
        [0.2723, 0.3482, 0.3795],
        [0.3178, 0.3411, 0.3411],
        [0.2559, 0.3349, 0.4091],
        [0.3258, 0.3069, 0.3674],
        [0.3786, 0.2892, 0.3322],
        [0.2338, 0.4016, 0.3646],
        [0.2994, 0.3800, 0.3207],
        [0.2920, 0.3342, 0.3739],
        [0.4813, 0.2769, 0.2418],
        [0.5208, 0.2326, 0.2465],
        [0.4368, 0.2630, 0.3002],
        [0.4846, 0.2766, 0.2389],
        [0.2796, 0.3601, 0.3603],
        [0.2559, 0.3525, 0.3917],
        [0.2503, 0.3796, 0.3701],
        [0.3041, 0.2755, 0.4204],
        [0.5902, 0.1985, 0.2113],
        [0.4563, 0.2582, 0.2854],
        [0.3040, 0.3076, 0.3884],
        [0.2846, 0.3577, 0.3577],
        [0.2829, 0.3152, 0.4019],
        [0.3200, 0.3683, 0.3117],
        [0.2839, 0.3383, 0.3779],
        [0.3129, 0.3418, 0.3453],
        [0.2743, 0.3533, 0.3724],
        [0.3389, 0.3766, 0.2845],
        [0.2674, 0.3716, 0.3609],
        [0.2783, 0.3535, 0.3682],
        [0.3262, 0.3145, 0.3593],
        [0.2871, 0.3423, 0.3706],
        [0.2847, 0.3150, 0.4003],
        [0.2227, 0.4220, 0.3553],
        [0.2187, 0.4049, 0.3764],
        [0.2654, 0.3152, 0.4194],
        [0.2715, 0.4112, 0.3173],
        [0.2460, 0.4690, 0.2850],
        [0.2568, 0.3686, 0.3746],
        [0.2119, 0.4209, 0.3673],
        [0.2974, 0.3371, 0.3655],
        [0.2450, 0.4050, 0.3501],
        [0.2876, 0.3022, 0.4102],
        [0.3275, 0.3535, 0.3191],
        [0.2650, 0.3796, 0.3554],
        [0.2647, 0.3322, 0.4031],
        [0.2882, 0.3279, 0.3840],
        [0.2742, 0.3629, 0.3629],
        [0.5238, 0.2439, 0.2323],
        [0.4511, 0.2723, 0.2766],
        [0.2938, 0.2854, 0.4208],
        [0.2864, 0.3373, 0.3763],
        [0.2695, 0.3653, 0.3653],
        [0.6178, 0.1950, 0.1872],
        [0.6164, 0.1871, 0.1965],
        [0.2869, 0.3558, 0.3573],
        [0.2624, 0.3923, 0.3454],
        [0.6579, 0.1662, 0.1759]], device='cuda:1')
fea_node_to_hop attention:tensor([[0.2667, 0.3580, 0.1833, 0.1920],
        [0.3441, 0.2570, 0.1936, 0.2053],
        [0.2210, 0.4029, 0.2020, 0.1741],
        [0.2423, 0.2970, 0.2468, 0.2139],
        [0.3325, 0.3175, 0.1729, 0.1771],
        [0.3896, 0.2608, 0.1702, 0.1795],
        [0.3139, 0.2867, 0.1950, 0.2044],
        [0.7004, 0.1057, 0.1013, 0.0926],
        [0.4264, 0.2359, 0.1585, 0.1792],
        [0.4148, 0.2200, 0.1892, 0.1759],
        [0.3614, 0.2862, 0.1808, 0.1716],
        [0.3703, 0.2488, 0.1872, 0.1936],
        [0.5565, 0.1493, 0.1482, 0.1460],
        [0.2050, 0.3487, 0.2389, 0.2074],
        [0.2787, 0.3252, 0.2100, 0.1861],
        [0.2938, 0.3087, 0.2063, 0.1911],
        [0.2084, 0.3001, 0.2580, 0.2335],
        [0.2321, 0.3310, 0.2347, 0.2022],
        [0.2889, 0.2881, 0.2219, 0.2010],
        [0.6242, 0.1411, 0.1212, 0.1135],
        [0.3184, 0.2884, 0.2099, 0.1833],
        [0.2435, 0.3611, 0.2093, 0.1861],
        [0.2142, 0.3110, 0.2513, 0.2235],
        [0.2709, 0.3076, 0.2211, 0.2004],
        [0.2049, 0.3695, 0.2293, 0.1962],
        [0.4764, 0.1881, 0.1703, 0.1652],
        [0.5597, 0.1625, 0.1392, 0.1386],
        [0.1948, 0.3452, 0.2482, 0.2118],
        [0.2075, 0.3383, 0.2395, 0.2147],
        [0.2606, 0.3378, 0.2160, 0.1856],
        [0.3594, 0.2854, 0.1840, 0.1711],
        [0.2510, 0.3612, 0.2070, 0.1809],
        [0.3008, 0.3134, 0.2038, 0.1820],
        [0.3001, 0.3148, 0.2027, 0.1823],
        [0.3636, 0.3075, 0.1739, 0.1550],
        [0.2772, 0.2704, 0.2388, 0.2136],
        [0.2714, 0.3219, 0.2137, 0.1930],
        [0.3447, 0.2660, 0.2040, 0.1853],
        [0.2005, 0.3252, 0.2477, 0.2265],
        [0.2358, 0.3252, 0.2313, 0.2077],
        [0.2884, 0.2885, 0.2244, 0.1986],
        [0.2584, 0.3370, 0.2131, 0.1915],
        [0.5035, 0.1963, 0.1546, 0.1455],
        [0.2595, 0.3443, 0.2133, 0.1830],
        [0.2304, 0.3570, 0.2219, 0.1907],
        [0.1904, 0.4127, 0.2117, 0.1852],
        [0.4108, 0.2420, 0.1814, 0.1658],
        [0.2570, 0.3499, 0.2081, 0.1850],
        [0.2307, 0.4140, 0.1919, 0.1634],
        [0.2038, 0.2991, 0.2614, 0.2357],
        [0.3068, 0.2562, 0.2272, 0.2098],
        [0.2722, 0.2863, 0.2321, 0.2094],
        [0.4840, 0.2068, 0.1590, 0.1502],
        [0.4727, 0.2496, 0.1432, 0.1346],
        [0.3884, 0.2581, 0.1837, 0.1698],
        [0.4146, 0.2485, 0.1731, 0.1639],
        [0.2023, 0.2936, 0.2684, 0.2357],
        [0.2320, 0.3419, 0.2264, 0.1996],
        [0.1959, 0.3152, 0.2589, 0.2299],
        [0.3950, 0.2241, 0.1965, 0.1844],
        [0.6235, 0.1323, 0.1225, 0.1217],
        [0.3571, 0.2797, 0.1904, 0.1728],
        [0.2071, 0.3859, 0.2185, 0.1885],
        [0.3421, 0.2716, 0.2036, 0.1826],
        [0.1910, 0.3660, 0.2361, 0.2069],
        [0.3059, 0.3523, 0.1787, 0.1631],
        [0.1979, 0.3082, 0.2564, 0.2375],
        [0.2585, 0.3302, 0.2201, 0.1912],
        [0.1958, 0.3497, 0.2492, 0.2053],
        [0.3287, 0.3390, 0.1779, 0.1544],
        [0.2061, 0.3134, 0.2537, 0.2268],
        [0.2719, 0.2955, 0.2292, 0.2034],
        [0.3257, 0.2847, 0.2067, 0.1829],
        [0.2184, 0.3647, 0.2251, 0.1919],
        [0.5426, 0.1798, 0.1456, 0.1320],
        [0.3074, 0.3150, 0.1970, 0.1806],
        [0.3662, 0.3000, 0.1822, 0.1516],
        [0.2110, 0.3124, 0.2505, 0.2261],
        [0.2469, 0.2844, 0.2521, 0.2166],
        [0.4381, 0.2312, 0.1742, 0.1566],
        [0.2387, 0.3342, 0.2249, 0.2021],
        [0.2443, 0.3008, 0.2416, 0.2134],
        [0.2729, 0.3398, 0.2087, 0.1786],
        [0.2146, 0.2833, 0.2614, 0.2407],
        [0.2464, 0.2641, 0.2565, 0.2330],
        [0.6933, 0.1180, 0.0974, 0.0913],
        [0.2045, 0.3339, 0.2482, 0.2134],
        [0.2619, 0.2934, 0.2359, 0.2089],
        [0.3058, 0.2949, 0.2118, 0.1876],
        [0.2892, 0.2780, 0.2247, 0.2081],
        [0.4069, 0.2583, 0.1720, 0.1628],
        [0.3158, 0.3129, 0.1987, 0.1727],
        [0.1836, 0.3663, 0.2396, 0.2106],
        [0.1862, 0.2840, 0.2735, 0.2563],
        [0.2030, 0.3236, 0.2468, 0.2266],
        [0.3443, 0.2954, 0.1898, 0.1706],
        [0.3070, 0.2484, 0.2308, 0.2138],
        [0.2485, 0.3376, 0.2200, 0.1939],
        [0.1994, 0.2947, 0.2565, 0.2494],
        [0.6234, 0.1247, 0.1255, 0.1263]], device='cuda:1')
perception attention:tensor([0.4503, 0.5497], device='cuda:1')
Test set results: loss= 0.7841 accuracy= 0.7600 F1_score= 0.7041
