# epoch	loss_train	acc_train	loss_val	acc_val	time	acc_test	f1_test
0001	1.8000	0.1833	1.7935	0.2320	0.0535s	1.7985	0.1810	0.0511
0
0002	1.7974	0.1500	1.7923	0.2320	0.0532s	1.7968	0.1810	0.0511
0
0003	1.7920	0.1833	1.7908	0.2320	0.0531s	1.7945	0.1810	0.0511
0
0004	1.7854	0.2167	1.7892	0.2320	0.0530s	1.7922	0.1810	0.0511
0
0005	1.7817	0.2083	1.7879	0.2320	0.0530s	1.7900	0.1820	0.0530
0
0006	1.7765	0.2250	1.7865	0.2600	0.0530s	1.7876	0.2200	0.1351
0
0007	1.7693	0.3333	1.7851	0.2180	0.0532s	1.7853	0.2020	0.1690
0
0008	1.7662	0.3250	1.7835	0.1520	0.0534s	1.7827	0.1660	0.1607
0
0009	1.7580	0.4333	1.7814	0.2080	0.0531s	1.7798	0.2390	0.1891
0
0010	1.7512	0.4750	1.7791	0.2520	0.0533s	1.7765	0.2950	0.2089
0
0011	1.7435	0.5000	1.7769	0.2800	0.0533s	1.7731	0.3250	0.2277
0
0012	1.7362	0.5417	1.7744	0.3000	0.0533s	1.7694	0.3480	0.2625
0
0013	1.7307	0.5500	1.7714	0.3260	0.0535s	1.7652	0.3570	0.2762
0
0014	1.7181	0.6250	1.7676	0.3600	0.0532s	1.7608	0.3850	0.3111
0
0015	1.7084	0.6167	1.7630	0.4180	0.0536s	1.7559	0.4400	0.3669
0
0016	1.6935	0.6417	1.7572	0.4620	0.0649s	1.7499	0.4770	0.3988
0
0017	1.6820	0.6667	1.7508	0.4760	0.0590s	1.7437	0.5030	0.4193
0
0018	1.6589	0.7083	1.7436	0.4880	0.0556s	1.7369	0.5060	0.4169
0
0019	1.6513	0.7333	1.7351	0.4920	0.0537s	1.7288	0.5140	0.4244
0
0020	1.6344	0.7917	1.7276	0.5060	0.0532s	1.7213	0.5160	0.4269
0
0021	1.6158	0.7417	1.7195	0.5100	0.0541s	1.7132	0.5200	0.4361
0
0022	1.6102	0.8083	1.7114	0.5320	0.0562s	1.7051	0.5420	0.4690
0
0023	1.5896	0.7917	1.7040	0.5560	0.0536s	1.6972	0.5800	0.5262
0
0024	1.5583	0.8167	1.6936	0.5580	0.0531s	1.6868	0.5900	0.5360
0
0025	1.5429	0.8500	1.6829	0.5760	0.0541s	1.6758	0.5970	0.5424
0
0026	1.5282	0.8417	1.6713	0.5880	0.0533s	1.6638	0.6040	0.5468
0
0027	1.4969	0.8833	1.6597	0.5960	0.0531s	1.6514	0.6150	0.5549
0
0028	1.4758	0.8500	1.6479	0.6100	0.0529s	1.6387	0.6260	0.5686
0
0029	1.4643	0.8583	1.6361	0.6160	0.0530s	1.6263	0.6390	0.5866
0
0030	1.4228	0.8333	1.6249	0.6320	0.0533s	1.6142	0.6480	0.5976
0
0031	1.4006	0.8500	1.6134	0.6240	0.0533s	1.6016	0.6450	0.5949
0
0032	1.3737	0.8667	1.6007	0.6160	0.0532s	1.5877	0.6440	0.5971
0
0033	1.3618	0.8083	1.5869	0.6200	0.0533s	1.5732	0.6450	0.5968
0
0034	1.3399	0.8750	1.5744	0.6260	0.0530s	1.5595	0.6490	0.5992
0
0035	1.2849	0.8500	1.5629	0.6280	0.0530s	1.5466	0.6500	0.5998
0
0036	1.2974	0.8667	1.5506	0.6300	0.0533s	1.5331	0.6530	0.6041
0
0037	1.2559	0.9000	1.5371	0.6360	0.0529s	1.5184	0.6560	0.6083
0
0038	1.2348	0.8917	1.5229	0.6400	0.0531s	1.5033	0.6570	0.6114
0
0039	1.2166	0.8833	1.5088	0.6400	0.0532s	1.4887	0.6600	0.6154
0
0040	1.1973	0.8917	1.4947	0.6320	0.0529s	1.4742	0.6620	0.6201
0
0041	1.1702	0.8917	1.4790	0.6340	0.0530s	1.4578	0.6560	0.6133
0
0042	1.1515	0.9000	1.4631	0.6380	0.0531s	1.4411	0.6570	0.6143
0
0043	1.1331	0.9000	1.4458	0.6440	0.0531s	1.4238	0.6690	0.6235
0
0044	1.1191	0.8833	1.4293	0.6460	0.0531s	1.4071	0.6700	0.6254
0
0045	1.0779	0.9000	1.4148	0.6540	0.0530s	1.3919	0.6780	0.6332
0
0046	1.0643	0.8500	1.4022	0.6600	0.0530s	1.3779	0.6840	0.6398
0
0047	1.0518	0.9250	1.3896	0.6660	0.0540s	1.3636	0.6830	0.6401
0
0048	1.0611	0.9000	1.3792	0.6640	0.0534s	1.3511	0.6760	0.6337
0
0049	0.9919	0.9333	1.3684	0.6580	0.0530s	1.3389	0.6750	0.6320
0
0050	1.0175	0.8750	1.3557	0.6560	0.0530s	1.3257	0.6790	0.6363
0
0051	1.0130	0.9000	1.3427	0.6540	0.0534s	1.3123	0.6830	0.6395
0
0052	0.9952	0.9333	1.3309	0.6540	0.0532s	1.2997	0.6780	0.6334
0
0053	1.0054	0.9000	1.3179	0.6580	0.0528s	1.2866	0.6830	0.6384
0
0054	0.9678	0.9250	1.3078	0.6580	0.0532s	1.2753	0.6840	0.6391
0
0055	0.9757	0.9083	1.2982	0.6660	0.0536s	1.2641	0.6870	0.6443
0
0056	0.9362	0.9250	1.2888	0.6640	0.0534s	1.2530	0.6890	0.6467
0
0057	0.9697	0.9333	1.2797	0.6700	0.0532s	1.2425	0.6870	0.6445
0
0058	0.9383	0.9333	1.2698	0.6700	0.0528s	1.2323	0.6910	0.6465
0
0059	0.9486	0.9333	1.2624	0.6620	0.0531s	1.2241	0.6910	0.6473
0
0060	0.9070	0.9500	1.2513	0.6640	0.0531s	1.2134	0.6910	0.6467
0
0061	0.9320	0.9667	1.2402	0.6620	0.0531s	1.2023	0.6970	0.6531
0
0062	0.9014	0.9500	1.2315	0.6640	0.0532s	1.1930	0.6940	0.6495
0
0063	0.9130	0.9500	1.2237	0.6680	0.0531s	1.1842	0.6970	0.6527
0
0064	0.8954	0.9167	1.2179	0.6660	0.0529s	1.1767	0.6950	0.6518
0
0065	0.8834	0.8833	1.2117	0.6620	0.0535s	1.1691	0.6930	0.6482
0
0066	0.8939	0.9250	1.2031	0.6660	0.0531s	1.1606	0.6940	0.6480
0
0067	0.8677	0.9583	1.1947	0.6680	0.0532s	1.1520	0.7000	0.6556
0
0068	0.8721	0.9583	1.1857	0.6660	0.0530s	1.1432	0.7090	0.6646
0
0069	0.8802	0.9583	1.1761	0.6660	0.0532s	1.1333	0.7120	0.6672
0
0070	0.8378	0.9417	1.1670	0.6680	0.0531s	1.1236	0.7110	0.6671
0
0071	0.8928	0.8917	1.1607	0.6700	0.0532s	1.1161	0.7080	0.6633
0
0072	0.8485	0.9333	1.1538	0.6720	0.0534s	1.1090	0.7090	0.6639
0
0073	0.8152	0.9167	1.1491	0.6700	0.0556s	1.1044	0.7130	0.6681
0
0074	0.8851	0.8833	1.1450	0.6740	0.0538s	1.1010	0.7140	0.6664
0
0075	0.8311	0.9083	1.1373	0.6820	0.0530s	1.0943	0.7140	0.6661
0
0076	0.8331	0.9333	1.1294	0.6840	0.0532s	1.0867	0.7220	0.6757
0
0077	0.8424	0.9167	1.1210	0.6880	0.0542s	1.0782	0.7230	0.6775
0
0078	0.8389	0.9167	1.1147	0.6840	0.0532s	1.0709	0.7240	0.6809
0
0079	0.8496	0.9083	1.1127	0.6800	0.0536s	1.0669	0.7190	0.6766
0
0080	0.8338	0.9417	1.1078	0.6800	0.0536s	1.0614	0.7190	0.6736
0
0081	0.8221	0.9417	1.0998	0.6860	0.0623s	1.0540	0.7210	0.6763
0
0082	0.8204	0.9083	1.0938	0.6900	0.0578s	1.0480	0.7270	0.6812
0
0083	0.7905	0.9500	1.0902	0.6920	0.0550s	1.0436	0.7290	0.6840
0
0084	0.8031	0.9417	1.0842	0.6940	0.0550s	1.0385	0.7310	0.6855
0
0085	0.8058	0.9250	1.0780	0.6880	0.0545s	1.0342	0.7340	0.6874
0
0086	0.7627	0.9250	1.0740	0.6840	0.0536s	1.0305	0.7330	0.6883
0
0087	0.7813	0.9000	1.0714	0.6880	0.0532s	1.0269	0.7320	0.6875
0
0088	0.7859	0.9083	1.0683	0.6880	0.0532s	1.0223	0.7320	0.6880
0
0089	0.7337	0.9417	1.0607	0.6940	0.0530s	1.0152	0.7320	0.6864
0
0090	0.7838	0.9083	1.0530	0.7040	0.0531s	1.0083	0.7360	0.6907
0
0091	0.7998	0.9500	1.0454	0.7100	0.0532s	1.0018	0.7340	0.6856
0
0092	0.8159	0.9333	1.0433	0.7060	0.0532s	0.9993	0.7370	0.6898
0
0093	0.7469	0.9250	1.0418	0.7000	0.0530s	0.9975	0.7330	0.6859
0
0094	0.7631	0.9667	1.0438	0.6900	0.0531s	0.9972	0.7330	0.6868
0
0095	0.7688	0.9500	1.0455	0.6880	0.0533s	0.9964	0.7310	0.6865
1
0096	0.7478	0.9333	1.0426	0.6900	0.0530s	0.9925	0.7320	0.6891
2
0097	0.7175	0.9333	1.0368	0.6960	0.0531s	0.9870	0.7320	0.6863
3
0098	0.7469	0.8917	1.0277	0.6940	0.0532s	0.9801	0.7390	0.6934
0
0099	0.7285	0.8833	1.0168	0.7100	0.0532s	0.9731	0.7370	0.6901
0
0100	0.7468	0.9167	1.0105	0.7120	0.0533s	0.9690	0.7340	0.6840
0
0101	0.7517	0.9583	1.0094	0.7060	0.0531s	0.9680	0.7320	0.6837
0
0102	0.7259	0.9333	1.0124	0.7020	0.0529s	0.9686	0.7370	0.6906
0
0103	0.7356	0.9083	1.0172	0.6960	0.0533s	0.9702	0.7360	0.6923
1
0104	0.6722	0.9417	1.0135	0.6980	0.0532s	0.9662	0.7370	0.6923
2
0105	0.7238	0.9667	1.0063	0.6960	0.0532s	0.9601	0.7370	0.6910
3
0106	0.6870	0.9667	0.9981	0.7080	0.0531s	0.9534	0.7370	0.6918
0
0107	0.7056	0.9667	0.9921	0.7100	0.0535s	0.9485	0.7360	0.6876
0
0108	0.7434	0.9333	0.9879	0.7120	0.0536s	0.9448	0.7380	0.6891
0
0109	0.6982	0.9417	0.9847	0.7100	0.0537s	0.9421	0.7370	0.6878
0
0110	0.6938	0.9417	0.9846	0.7100	0.0535s	0.9405	0.7340	0.6852
0
0111	0.7013	0.9417	0.9850	0.7080	0.0532s	0.9396	0.7380	0.6915
0
0112	0.6996	0.9500	0.9866	0.7120	0.0530s	0.9391	0.7320	0.6861
1
0113	0.6615	0.9500	0.9834	0.7160	0.0530s	0.9363	0.7330	0.6871
0
0114	0.6449	0.9667	0.9773	0.7160	0.0532s	0.9314	0.7350	0.6897
0
0115	0.6553	0.9333	0.9714	0.7100	0.0541s	0.9275	0.7340	0.6857
0
0116	0.6721	0.9583	0.9688	0.7120	0.0533s	0.9257	0.7300	0.6786
0
0117	0.6778	0.9417	0.9700	0.7100	0.0532s	0.9259	0.7290	0.6769
0
0118	0.6477	0.9667	0.9721	0.7080	0.0528s	0.9259	0.7340	0.6848
1
0119	0.6654	0.9417	0.9718	0.7120	0.0532s	0.9236	0.7330	0.6866
2
0120	0.6798	0.9250	0.9705	0.7160	0.0530s	0.9214	0.7340	0.6884
3
0121	0.6419	0.9750	0.9653	0.7160	0.0532s	0.9177	0.7370	0.6914
0
0122	0.6209	0.9750	0.9616	0.7180	0.0533s	0.9144	0.7380	0.6920
0
0123	0.6389	0.9583	0.9576	0.7140	0.0531s	0.9116	0.7350	0.6864
0
0124	0.6426	0.9583	0.9548	0.7140	0.0529s	0.9099	0.7310	0.6807
0
0125	0.5948	0.9750	0.9544	0.7120	0.0530s	0.9093	0.7330	0.6805
0
0126	0.6435	0.9583	0.9517	0.7140	0.0532s	0.9071	0.7340	0.6818
0
0127	0.6627	0.9333	0.9505	0.7120	0.0530s	0.9048	0.7340	0.6839
0
0128	0.6264	0.9500	0.9516	0.7140	0.0531s	0.9041	0.7400	0.6929
0
0129	0.6029	0.9750	0.9519	0.7160	0.0531s	0.9032	0.7390	0.6919
1
0130	0.5755	0.9750	0.9515	0.7140	0.0529s	0.9024	0.7370	0.6896
2
0131	0.6035	0.9667	0.9468	0.7140	0.0530s	0.8996	0.7330	0.6827
3
0132	0.5825	0.9583	0.9408	0.7160	0.0531s	0.8967	0.7320	0.6792
0
0133	0.5964	0.9583	0.9355	0.7180	0.0530s	0.8939	0.7350	0.6805
0
0134	0.5846	0.9250	0.9351	0.7140	0.0532s	0.8925	0.7370	0.6803
0
0135	0.6227	0.9000	0.9371	0.7120	0.0530s	0.8912	0.7380	0.6848
0
0136	0.5931	0.9583	0.9399	0.7140	0.0532s	0.8911	0.7420	0.6915
1
0137	0.5939	0.9500	0.9408	0.7160	0.0532s	0.8911	0.7390	0.6884
2
0138	0.6076	0.9417	0.9379	0.7200	0.0531s	0.8898	0.7410	0.6919
3
0139	0.5692	0.9417	0.9346	0.7200	0.0529s	0.8881	0.7410	0.6906
0
0140	0.5261	0.9417	0.9292	0.7200	0.0531s	0.8853	0.7370	0.6821
0
0141	0.5942	0.9333	0.9269	0.7200	0.0531s	0.8834	0.7370	0.6802
0
0142	0.6144	0.9750	0.9269	0.7140	0.0530s	0.8819	0.7320	0.6755
0
0143	0.6132	0.9417	0.9263	0.7120	0.0528s	0.8797	0.7390	0.6841
0
0144	0.5702	0.9333	0.9251	0.7140	0.0530s	0.8777	0.7420	0.6870
0
0145	0.5971	0.9333	0.9231	0.7100	0.0530s	0.8757	0.7400	0.6852
0
0146	0.5986	0.9417	0.9216	0.7160	0.0534s	0.8744	0.7400	0.6832
0
0147	0.5898	0.9167	0.9193	0.7180	0.0529s	0.8730	0.7380	0.6814
0
0148	0.5594	0.9500	0.9175	0.7200	0.0530s	0.8723	0.7340	0.6778
0
0149	0.5953	0.9500	0.9141	0.7220	0.0531s	0.8703	0.7330	0.6771
0
0150	0.5708	0.9333	0.9103	0.7240	0.0531s	0.8679	0.7370	0.6811
0
0151	0.5817	0.9500	0.9101	0.7260	0.0530s	0.8660	0.7370	0.6812
0
0152	0.5859	0.9250	0.9113	0.7220	0.0533s	0.8643	0.7360	0.6799
0
0153	0.5862	0.9667	0.9146	0.7040	0.0529s	0.8639	0.7400	0.6831
1
0154	0.5681	0.9500	0.9168	0.7000	0.0530s	0.8642	0.7400	0.6830
2
0155	0.5538	0.9333	0.9143	0.7000	0.0534s	0.8628	0.7390	0.6822
3
0156	0.5693	0.9583	0.9100	0.7060	0.0532s	0.8605	0.7400	0.6811
4
0157	0.5600	0.9417	0.9078	0.7180	0.0538s	0.8593	0.7360	0.6778
0
0158	0.5666	0.9250	0.9048	0.7260	0.0534s	0.8578	0.7360	0.6781
0
0159	0.5410	0.9583	0.9031	0.7220	0.0530s	0.8565	0.7350	0.6771
0
0160	0.5773	0.9167	0.9018	0.7220	0.0531s	0.8554	0.7350	0.6771
0
0161	0.5205	0.9417	0.9006	0.7240	0.0534s	0.8544	0.7350	0.6771
0
0162	0.5290	0.9167	0.9019	0.7180	0.0532s	0.8536	0.7370	0.6787
0
0163	0.5606	0.9500	0.9049	0.7020	0.0531s	0.8540	0.7360	0.6773
1
0164	0.5802	0.9250	0.9059	0.7100	0.0532s	0.8538	0.7370	0.6782
2
0165	0.5385	0.9500	0.9001	0.7200	0.0531s	0.8505	0.7370	0.6788
3
0166	0.5540	0.9167	0.8947	0.7180	0.0531s	0.8479	0.7370	0.6789
0
0167	0.5449	0.9417	0.8900	0.7280	0.0557s	0.8460	0.7380	0.6800
0
0168	0.5696	0.9167	0.8908	0.7220	0.0550s	0.8462	0.7380	0.6800
0
0169	0.5151	0.9333	0.8966	0.7100	0.0548s	0.8485	0.7370	0.6804
1
0170	0.5296	0.9583	0.9025	0.7100	0.0551s	0.8506	0.7380	0.6830
2
0171	0.5140	0.9500	0.9024	0.7080	0.0540s	0.8496	0.7400	0.6865
3
0172	0.5095	0.9500	0.8983	0.7200	0.0536s	0.8469	0.7410	0.6861
4
0173	0.5421	0.9667	0.8950	0.7160	0.0531s	0.8455	0.7430	0.6860
5
0174	0.5260	0.9583	0.8911	0.7160	0.0530s	0.8431	0.7420	0.6856
6
0175	0.5510	0.9417	0.8879	0.7060	0.0530s	0.8412	0.7400	0.6837
7
0176	0.5083	0.9667	0.8878	0.7100	0.0532s	0.8411	0.7410	0.6849
0
0177	0.5304	0.9083	0.8867	0.7160	0.0530s	0.8410	0.7390	0.6826
0
0178	0.5416	0.9250	0.8862	0.7280	0.0530s	0.8406	0.7430	0.6880
0
0179	0.5034	0.9500	0.8859	0.7260	0.0531s	0.8398	0.7430	0.6901
0
0180	0.5249	0.9167	0.8861	0.7180	0.0531s	0.8388	0.7410	0.6865
0
0181	0.5230	0.9417	0.8899	0.7120	0.0528s	0.8401	0.7400	0.6857
1
0182	0.5593	0.9167	0.8887	0.7080	0.0533s	0.8393	0.7400	0.6837
2
0183	0.5378	0.9417	0.8853	0.7080	0.0530s	0.8371	0.7430	0.6867
3
0184	0.5403	0.9333	0.8816	0.7140	0.0531s	0.8351	0.7450	0.6886
0
0185	0.5513	0.9250	0.8820	0.7100	0.0535s	0.8347	0.7430	0.6867
0
0186	0.4894	0.9083	0.8826	0.7160	0.0531s	0.8350	0.7430	0.6867
1
0187	0.5136	0.9750	0.8863	0.7100	0.0536s	0.8368	0.7400	0.6832
2
0188	0.5119	0.9333	0.8863	0.7080	0.0531s	0.8368	0.7390	0.6821
3
0189	0.5049	0.9583	0.8827	0.7140	0.0531s	0.8343	0.7430	0.6864
4
0190	0.4986	0.9500	0.8774	0.7180	0.0532s	0.8316	0.7470	0.6906
5
0191	0.5078	0.9417	0.8776	0.7200	0.0532s	0.8312	0.7470	0.6906
0
0192	0.5309	0.9417	0.8805	0.7160	0.0530s	0.8317	0.7450	0.6885
1
0193	0.5195	0.9333	0.8855	0.7100	0.0534s	0.8334	0.7420	0.6852
2
0194	0.5409	0.9333	0.8853	0.7060	0.0532s	0.8330	0.7420	0.6871
3
0195	0.5124	0.9500	0.8823	0.7100	0.0531s	0.8310	0.7430	0.6880
4
0196	0.4851	0.9583	0.8772	0.7120	0.0532s	0.8292	0.7450	0.6884
5
0197	0.5330	0.9333	0.8747	0.7180	0.0533s	0.8291	0.7460	0.6874
0
0198	0.5157	0.9500	0.8741	0.7220	0.0539s	0.8294	0.7470	0.6881
0
0199	0.5143	0.9833	0.8730	0.7180	0.0541s	0.8274	0.7450	0.6864
0
0200	0.4901	0.9583	0.8742	0.7120	0.0536s	0.8259	0.7470	0.6883
0
0201	0.5205	0.9500	0.8776	0.7080	0.0537s	0.8258	0.7450	0.6906
1
0202	0.5225	0.9750	0.8820	0.7060	0.0530s	0.8274	0.7420	0.6876
2
0203	0.5243	0.9083	0.8793	0.7100	0.0533s	0.8263	0.7430	0.6867
3
0204	0.4789	0.9583	0.8741	0.7080	0.0540s	0.8240	0.7450	0.6882
4
0205	0.4714	0.9583	0.8737	0.7080	0.0534s	0.8245	0.7470	0.6878
5
0206	0.4992	0.9750	0.8741	0.7200	0.0532s	0.8250	0.7450	0.6862
6
0207	0.4748	0.9583	0.8744	0.7100	0.0529s	0.8244	0.7460	0.6897
7
0208	0.4869	0.9583	0.8732	0.7040	0.0530s	0.8232	0.7450	0.6887
8
0209	0.4977	0.9417	0.8744	0.7060	0.0530s	0.8237	0.7440	0.6898
9
0210	0.5154	0.9500	0.8745	0.7080	0.0530s	0.8240	0.7450	0.6904
10
0211	0.5066	0.9500	0.8719	0.7040	0.0531s	0.8236	0.7440	0.6873
11
0212	0.5293	0.9417	0.8699	0.7080	0.0533s	0.8243	0.7450	0.6885
0
0213	0.4954	0.9167	0.8717	0.7080	0.0531s	0.8255	0.7460	0.6891
0
0214	0.4783	0.9333	0.8743	0.7080	0.0532s	0.8254	0.7470	0.6900
1
0215	0.5016	0.9750	0.8743	0.7080	0.0532s	0.8236	0.7450	0.6883
2
0216	0.4827	0.9583	0.8732	0.7100	0.0531s	0.8219	0.7450	0.6910
3
0217	0.4845	0.9500	0.8713	0.7080	0.0533s	0.8204	0.7440	0.6903
4
0218	0.4818	0.9500	0.8726	0.7060	0.0532s	0.8208	0.7440	0.6898
5
0219	0.5117	0.9000	0.8721	0.7080	0.0535s	0.8208	0.7470	0.6902
6
0220	0.4980	0.9833	0.8722	0.7080	0.0532s	0.8214	0.7430	0.6844
7
0221	0.4889	0.9750	0.8679	0.7120	0.0532s	0.8193	0.7460	0.6872
8
0222	0.5141	0.9667	0.8645	0.7200	0.0533s	0.8173	0.7450	0.6867
0
0223	0.4859	0.9500	0.8637	0.7180	0.0534s	0.8162	0.7480	0.6897
0
0224	0.4978	0.9417	0.8657	0.7180	0.0531s	0.8162	0.7490	0.6926
0
0225	0.5244	0.9167	0.8717	0.7080	0.0532s	0.8186	0.7460	0.6895
1
0226	0.4816	0.9667	0.8739	0.7060	0.0532s	0.8200	0.7460	0.6891
2
0227	0.4990	0.9500	0.8728	0.7060	0.0530s	0.8202	0.7420	0.6835
3
0228	0.4907	0.9417	0.8654	0.7160	0.0530s	0.8174	0.7450	0.6865
4
0229	0.4518	0.9667	0.8626	0.7180	0.0532s	0.8161	0.7450	0.6865
5
0230	0.4713	0.9417	0.8642	0.7200	0.0534s	0.8165	0.7470	0.6881
0
0231	0.4917	0.9667	0.8637	0.7160	0.0532s	0.8155	0.7440	0.6856
1
0232	0.5070	0.9333	0.8604	0.7200	0.0530s	0.8133	0.7460	0.6922
2
0233	0.4774	0.9583	0.8603	0.7200	0.0536s	0.8127	0.7460	0.6922
0
0234	0.4719	0.9500	0.8580	0.7220	0.0530s	0.8119	0.7480	0.6940
0
0235	0.4900	0.9583	0.8574	0.7180	0.0529s	0.8122	0.7460	0.6899
0
0236	0.4562	0.9583	0.8571	0.7220	0.0531s	0.8130	0.7470	0.6887
0
0237	0.4777	0.9417	0.8621	0.7140	0.0532s	0.8150	0.7410	0.6833
0
0238	0.4837	0.9750	0.8673	0.7080	0.0530s	0.8175	0.7430	0.6845
1
0239	0.4757	0.9500	0.8730	0.7060	0.0530s	0.8192	0.7410	0.6824
2
0240	0.4896	0.9500	0.8721	0.7080	0.0535s	0.8179	0.7420	0.6835
3
0241	0.4875	0.9667	0.8678	0.7120	0.0545s	0.8155	0.7470	0.6881
4
0242	0.4930	0.9417	0.8601	0.7200	0.0533s	0.8121	0.7530	0.6938
5
0243	0.4519	0.9333	0.8559	0.7220	0.0533s	0.8107	0.7470	0.6888
6
0244	0.4608	0.9667	0.8565	0.7180	0.0532s	0.8113	0.7470	0.6889
0
0245	0.4896	0.9583	0.8615	0.7140	0.0531s	0.8132	0.7430	0.6850
1
0246	0.4737	0.9333	0.8648	0.7120	0.0530s	0.8135	0.7430	0.6849
2
0247	0.4827	0.9417	0.8665	0.7100	0.0536s	0.8138	0.7450	0.6888
3
0248	0.4641	0.9167	0.8668	0.7080	0.0536s	0.8139	0.7470	0.6906
4
0249	0.4512	0.9500	0.8643	0.7120	0.0533s	0.8135	0.7450	0.6866
5
0250	0.4756	0.9167	0.8573	0.7180	0.0531s	0.8110	0.7490	0.6905
6
0251	0.5011	0.9417	0.8564	0.7200	0.0531s	0.8104	0.7450	0.6893
7
0252	0.4666	0.9667	0.8594	0.7140	0.0531s	0.8113	0.7440	0.6875
8
0253	0.4778	0.9750	0.8597	0.7160	0.0539s	0.8101	0.7430	0.6862
9
0254	0.4544	0.9833	0.8601	0.7180	0.0536s	0.8092	0.7500	0.6955
10
0255	0.4388	0.9583	0.8612	0.7160	0.0532s	0.8099	0.7540	0.6996
11
0256	0.4649	0.9000	0.8626	0.7120	0.0531s	0.8115	0.7480	0.6920
12
0257	0.5186	0.9083	0.8585	0.7120	0.0530s	0.8098	0.7470	0.6910
13
0258	0.4845	0.9583	0.8548	0.7180	0.0530s	0.8079	0.7500	0.6939
14
0259	0.4399	0.9417	0.8522	0.7180	0.0532s	0.8058	0.7460	0.6902
0
0260	0.4784	0.9333	0.8532	0.7200	0.0531s	0.8047	0.7490	0.6949
0
0261	0.4670	0.9417	0.8565	0.7180	0.0532s	0.8052	0.7470	0.6930
1
0262	0.5091	0.9417	0.8582	0.7160	0.0530s	0.8063	0.7480	0.6940
2
0263	0.4696	0.9667	0.8567	0.7160	0.0532s	0.8074	0.7430	0.6875
3
0264	0.4817	0.9500	0.8569	0.7140	0.0531s	0.8091	0.7460	0.6884
4
0265	0.4798	0.9417	0.8545	0.7180	0.0531s	0.8084	0.7460	0.6883
5
0266	0.4781	0.9417	0.8495	0.7180	0.0535s	0.8046	0.7450	0.6894
6
0267	0.4807	0.9500	0.8501	0.7180	0.0532s	0.8036	0.7530	0.6988
0
0268	0.4517	0.9417	0.8535	0.7200	0.0532s	0.8048	0.7550	0.7019
1
0269	0.4879	0.9333	0.8544	0.7180	0.0533s	0.8055	0.7510	0.6965
2
0270	0.5112	0.9667	0.8544	0.7220	0.0536s	0.8063	0.7470	0.6931
3
0271	0.4352	0.9833	0.8537	0.7160	0.0534s	0.8076	0.7450	0.6867
4
0272	0.4761	0.9000	0.8535	0.7180	0.0539s	0.8086	0.7440	0.6861
5
0273	0.4501	0.9417	0.8528	0.7160	0.0539s	0.8071	0.7440	0.6864
6
0274	0.4930	0.9500	0.8560	0.7180	0.0532s	0.8065	0.7480	0.6943
7
0275	0.4440	0.9667	0.8589	0.7160	0.0530s	0.8073	0.7480	0.6938
8
0276	0.4408	0.9417	0.8583	0.7120	0.0533s	0.8070	0.7500	0.6955
9
0277	0.4349	0.9667	0.8583	0.7100	0.0533s	0.8074	0.7480	0.6938
10
0278	0.4543	0.9667	0.8580	0.7120	0.0531s	0.8085	0.7450	0.6911
11
0279	0.4740	0.9167	0.8557	0.7140	0.0540s	0.8080	0.7450	0.6889
12
0280	0.4650	0.9583	0.8551	0.7180	0.0543s	0.8073	0.7430	0.6854
13
0281	0.4431	0.9667	0.8567	0.7140	0.0535s	0.8070	0.7490	0.6906
14
0282	0.4707	0.9417	0.8600	0.7160	0.0533s	0.8080	0.7500	0.6914
15
0283	0.5061	0.9083	0.8650	0.7100	0.0539s	0.8100	0.7540	0.6945
16
0284	0.4866	0.9500	0.8631	0.7120	0.0543s	0.8088	0.7530	0.6954
17
0285	0.5008	0.9167	0.8555	0.7140	0.0534s	0.8046	0.7540	0.6968
18
0286	0.4606	0.9500	0.8532	0.7180	0.0588s	0.8032	0.7490	0.6926
19
0287	0.4611	0.9500	0.8538	0.7160	0.0559s	0.8036	0.7470	0.6916
20
0288	0.4701	0.9250	0.8527	0.7140	0.0541s	0.8023	0.7460	0.6908
21
0289	0.4636	0.9500	0.8502	0.7220	0.0533s	0.8002	0.7520	0.6958
22
0290	0.4748	0.9583	0.8515	0.7200	0.0537s	0.8011	0.7530	0.6942
23
0291	0.5195	0.9333	0.8537	0.7200	0.0530s	0.8024	0.7550	0.6933
24
0292	0.4669	0.9000	0.8565	0.7240	0.0530s	0.8028	0.7540	0.6943
25
0293	0.4405	0.9417	0.8581	0.7200	0.0530s	0.8031	0.7490	0.6898
26
0294	0.4673	0.9667	0.8553	0.7180	0.0532s	0.8022	0.7520	0.6975
27
0295	0.4753	0.9667	0.8520	0.7140	0.0531s	0.8014	0.7530	0.6992
28
0296	0.4433	0.9750	0.8515	0.7140	0.0812s	0.8019	0.7490	0.6936
29
0297	0.4659	0.9417	0.8515	0.7160	0.0663s	0.8018	0.7500	0.6944
30
0298	0.4356	0.9333	0.8498	0.7180	0.0833s	0.8013	0.7530	0.6922
31
0299	0.4934	0.9583	0.8530	0.7200	0.0682s	0.8031	0.7560	0.6947
32
0300	0.4795	0.9500	0.8547	0.7220	0.0633s	0.8026	0.7550	0.6935
33
0301	0.4762	0.9750	0.8562	0.7180	0.0619s	0.8015	0.7540	0.6967
34
0302	0.4928	0.9417	0.8550	0.7140	0.0622s	0.8007	0.7510	0.6940
35
0303	0.4749	0.9250	0.8512	0.7160	0.0618s	0.7990	0.7520	0.6955
36
0304	0.4366	0.9667	0.8465	0.7180	0.0619s	0.7976	0.7500	0.6943
37
0305	0.4515	0.9500	0.8436	0.7200	0.0620s	0.7966	0.7500	0.6951
0
0306	0.4691	0.9083	0.8465	0.7180	0.0620s	0.7980	0.7540	0.6930
0
0307	0.4451	0.9583	0.8506	0.7180	0.0619s	0.7999	0.7540	0.6928
1
0308	0.4611	0.9417	0.8536	0.7180	0.0618s	0.8008	0.7530	0.6912
2
0309	0.4600	0.9417	0.8528	0.7220	0.0618s	0.7989	0.7530	0.6908
3
0310	0.4575	0.9417	0.8512	0.7160	0.0620s	0.7966	0.7520	0.6969
4
0311	0.4542	0.9167	0.8517	0.7140	0.0615s	0.7969	0.7490	0.6945
5
0312	0.4534	0.9667	0.8488	0.7120	0.0569s	0.7964	0.7540	0.7000
6
0313	0.4540	0.9500	0.8428	0.7160	0.0541s	0.7951	0.7530	0.6923
7
0314	0.4602	0.9500	0.8417	0.7180	0.0538s	0.7966	0.7550	0.6938
0
0315	0.4458	0.9500	0.8489	0.7160	0.0533s	0.8017	0.7560	0.6946
0
0316	0.4162	0.9667	0.8541	0.7140	0.0550s	0.8025	0.7540	0.6923
1
0317	0.4921	0.9667	0.8558	0.7200	0.0533s	0.8008	0.7540	0.6964
2
0318	0.4572	0.9583	0.8547	0.7160	0.0531s	0.7992	0.7500	0.6956
3
0319	0.4572	0.9417	0.8524	0.7120	0.0531s	0.7986	0.7470	0.6935
4
0320	0.4532	0.9667	0.8475	0.7140	0.0533s	0.7975	0.7510	0.6976
5
0321	0.4254	0.9500	0.8443	0.7200	0.0530s	0.7971	0.7550	0.6988
6
0322	0.4700	0.9333	0.8483	0.7160	0.0532s	0.8006	0.7520	0.6909
7
0323	0.4337	0.9500	0.8558	0.7140	0.0531s	0.8041	0.7460	0.6830
8
0324	0.4712	0.9583	0.8615	0.7160	0.0531s	0.8058	0.7450	0.6821
9
0325	0.4430	0.9417	0.8572	0.7160	0.0531s	0.8026	0.7490	0.6881
10
0326	0.4633	0.9333	0.8482	0.7200	0.0541s	0.7971	0.7530	0.6967
11
0327	0.4494	0.9167	0.8438	0.7200	0.0541s	0.7946	0.7570	0.7006
12
0328	0.4645	0.9667	0.8459	0.7220	0.0532s	0.7956	0.7530	0.6942
13
0329	0.4782	0.9167	0.8493	0.7220	0.0531s	0.7974	0.7500	0.6914
14
0330	0.4357	0.9333	0.8529	0.7180	0.0528s	0.7999	0.7480	0.6896
15
0331	0.4655	0.9500	0.8550	0.7160	0.0530s	0.8018	0.7480	0.6873
16
0332	0.4446	0.9667	0.8531	0.7100	0.0531s	0.8012	0.7460	0.6857
17
0333	0.4587	0.9500	0.8493	0.7200	0.0531s	0.7988	0.7530	0.6948
18
0334	0.4548	0.9417	0.8455	0.7200	0.0532s	0.7959	0.7570	0.6979
19
0335	0.4757	0.9333	0.8478	0.7180	0.0536s	0.7961	0.7520	0.6930
20
0336	0.4316	0.9583	0.8515	0.7160	0.0542s	0.7983	0.7510	0.6941
21
0337	0.4582	0.9250	0.8541	0.7160	0.0536s	0.8010	0.7450	0.6844
22
0338	0.4572	0.9333	0.8556	0.7140	0.0535s	0.8027	0.7460	0.6852
23
0339	0.4229	0.9333	0.8484	0.7160	0.0532s	0.7989	0.7500	0.6916
24
0340	0.4487	0.9583	0.8441	0.7200	0.0529s	0.7961	0.7570	0.6978
25
0341	0.4347	0.9667	0.8415	0.7240	0.0532s	0.7940	0.7590	0.7022
26
0342	0.4763	0.9417	0.8448	0.7200	0.0533s	0.7951	0.7550	0.6980
0
0343	0.4614	0.9667	0.8539	0.7180	0.0531s	0.8000	0.7520	0.6952
1
0344	0.4552	0.9500	0.8553	0.7180	0.0530s	0.8016	0.7500	0.6934
2
0345	0.4446	0.9833	0.8521	0.7180	0.0531s	0.8011	0.7490	0.6904
3
0346	0.4593	0.9000	0.8445	0.7200	0.0532s	0.7976	0.7550	0.6962
4
0347	0.4648	0.9750	0.8426	0.7160	0.0534s	0.7971	0.7570	0.6978
5
0348	0.4601	0.9583	0.8435	0.7180	0.0532s	0.7971	0.7550	0.6960
6
0349	0.4726	0.9000	0.8466	0.7180	0.0546s	0.7976	0.7560	0.6965
7
0350	0.4510	0.9417	0.8506	0.7160	0.0863s	0.7991	0.7510	0.6918
8
0351	0.4671	0.9500	0.8510	0.7160	0.0704s	0.7994	0.7520	0.6925
9
0352	0.4738	0.9417	0.8451	0.7180	0.0625s	0.7975	0.7550	0.6953
10
0353	0.4423	0.9250	0.8407	0.7180	0.0620s	0.7961	0.7580	0.6989
11
0354	0.4591	0.9500	0.8422	0.7180	0.0622s	0.7959	0.7580	0.6989
0
0355	0.4342	0.9500	0.8478	0.7120	0.0622s	0.7982	0.7500	0.6917
1
0356	0.4424	0.9417	0.8539	0.7120	0.0617s	0.8007	0.7490	0.6927
2
0357	0.4217	0.9500	0.8531	0.7160	0.0620s	0.8007	0.7470	0.6881
3
0358	0.4548	0.9583	0.8503	0.7160	0.0616s	0.7995	0.7510	0.6938
4
0359	0.4785	0.9167	0.8436	0.7180	0.0620s	0.7968	0.7520	0.6952
5
0360	0.4706	0.9333	0.8375	0.7220	0.0618s	0.7945	0.7540	0.6976
6
0361	0.4399	0.9500	0.8393	0.7200	0.0619s	0.7947	0.7530	0.6969
0
0362	0.4153	0.9667	0.8486	0.7140	0.0619s	0.7989	0.7480	0.6923
1
0363	0.4430	0.9500	0.8599	0.7120	0.0602s	0.8056	0.7440	0.6885
2
0364	0.4544	0.9583	0.8607	0.7140	0.0557s	0.8062	0.7430	0.6870
3
0365	0.4385	0.9583	0.8555	0.7120	0.0543s	0.8024	0.7460	0.6893
4
0366	0.4507	0.9167	0.8486	0.7180	0.0537s	0.7993	0.7500	0.6907
5
0367	0.4799	0.9583	0.8416	0.7180	0.0531s	0.7977	0.7530	0.6938
6
0368	0.4707	0.9583	0.8387	0.7200	0.0531s	0.7973	0.7500	0.6895
7
0369	0.4347	0.9500	0.8443	0.7200	0.0531s	0.7988	0.7550	0.6914
8
0370	0.4598	0.9250	0.8562	0.7180	0.0532s	0.8031	0.7480	0.6873
9
0371	0.4444	0.9583	0.8658	0.7140	0.0531s	0.8075	0.7410	0.6805
10
0372	0.4665	0.9250	0.8611	0.7120	0.0535s	0.8045	0.7430	0.6826
11
0373	0.4135	0.9500	0.8451	0.7160	0.0534s	0.7963	0.7550	0.6933
12
0374	0.4628	0.9667	0.8330	0.7280	0.0533s	0.7906	0.7600	0.7029
13
0375	0.4276	0.9583	0.8316	0.7280	0.0531s	0.7903	0.7590	0.6978
0
0376	0.4431	0.9167	0.8379	0.7180	0.0533s	0.7927	0.7560	0.6949
0
0377	0.4613	0.9500	0.8471	0.7180	0.0531s	0.7973	0.7480	0.6849
1
0378	0.4356	0.9500	0.8559	0.7180	0.0531s	0.8031	0.7440	0.6811
2
0379	0.4299	0.9583	0.8555	0.7160	0.0533s	0.8031	0.7460	0.6826
3
0380	0.4510	0.9250	0.8502	0.7160	0.0532s	0.8004	0.7490	0.6852
4
0381	0.4573	0.9500	0.8423	0.7160	0.0530s	0.7963	0.7520	0.6911
5
0382	0.4701	0.9083	0.8347	0.7260	0.0532s	0.7924	0.7550	0.6967
6
0383	0.4610	0.9583	0.8329	0.7280	0.0535s	0.7907	0.7570	0.7008
7
0384	0.4302	1.0000	0.8405	0.7200	0.0531s	0.7929	0.7520	0.6942
0
0385	0.4266	0.9583	0.8490	0.7180	0.0533s	0.7967	0.7530	0.6921
1
0386	0.4427	0.9583	0.8567	0.7120	0.0532s	0.8001	0.7510	0.6895
2
0387	0.4632	0.9417	0.8549	0.7140	0.0538s	0.7993	0.7510	0.6896
3
0388	0.4579	0.9583	0.8481	0.7180	0.0541s	0.7972	0.7500	0.6888
4
0389	0.4407	0.9500	0.8377	0.7200	0.0535s	0.7929	0.7570	0.6963
5
0390	0.4636	0.9500	0.8302	0.7280	0.0543s	0.7900	0.7570	0.6964
6
0391	0.4453	0.9667	0.8318	0.7260	0.0543s	0.7898	0.7570	0.6966
0
0392	0.4595	0.9417	0.8396	0.7220	0.0543s	0.7920	0.7560	0.6979
1
0393	0.4673	0.9250	0.8475	0.7180	0.0542s	0.7948	0.7470	0.6911
2
0394	0.4410	0.9500	0.8513	0.7200	0.0547s	0.7966	0.7480	0.6915
3
0395	0.4302	0.9250	0.8508	0.7220	0.0543s	0.7969	0.7530	0.6961
4
0396	0.4323	0.9500	0.8466	0.7220	0.0537s	0.7956	0.7530	0.6961
5
0397	0.4348	0.9500	0.8429	0.7200	0.0538s	0.7952	0.7530	0.6924
6
0398	0.4507	0.9250	0.8420	0.7220	0.0535s	0.7956	0.7550	0.6967
7
0399	0.4257	0.9333	0.8400	0.7180	0.0538s	0.7948	0.7540	0.6958
8
0400	0.4383	0.9750	0.8408	0.7220	0.0535s	0.7937	0.7550	0.6990
9
0401	0.4517	0.9167	0.8451	0.7200	0.0531s	0.7947	0.7510	0.6948
10
0402	0.4326	0.9417	0.8493	0.7200	0.0541s	0.7968	0.7460	0.6897
11
0403	0.4243	0.9833	0.8492	0.7200	0.0533s	0.7976	0.7480	0.6917
12
0404	0.4210	0.9750	0.8476	0.7200	0.0531s	0.7978	0.7560	0.6995
13
0405	0.4298	0.9500	0.8438	0.7240	0.0531s	0.7973	0.7570	0.6959
14
0406	0.4364	0.9333	0.8392	0.7280	0.0538s	0.7955	0.7560	0.6949
15
0407	0.4450	0.9250	0.8396	0.7260	0.0529s	0.7951	0.7540	0.6926
0
0408	0.4445	0.9667	0.8443	0.7220	0.0533s	0.7957	0.7530	0.6939
1
0409	0.4630	0.9333	0.8496	0.7200	0.0533s	0.7972	0.7470	0.6885
2
0410	0.4602	0.9167	0.8485	0.7200	0.0533s	0.7956	0.7470	0.6909
3
0411	0.4412	0.9500	0.8431	0.7220	0.0533s	0.7922	0.7510	0.6949
4
0412	0.4292	0.9417	0.8370	0.7220	0.0534s	0.7893	0.7550	0.6988
5
0413	0.4711	0.9250	0.8387	0.7240	0.0530s	0.7896	0.7550	0.6959
6
0414	0.4552	0.9333	0.8390	0.7280	0.0529s	0.7901	0.7570	0.6980
7
0415	0.4325	0.9667	0.8423	0.7240	0.0531s	0.7926	0.7570	0.6956
0
0416	0.4117	0.9667	0.8438	0.7240	0.0534s	0.7932	0.7570	0.6955
1
0417	0.4646	0.9250	0.8425	0.7220	0.0531s	0.7922	0.7520	0.6918
2
0418	0.4403	0.9167	0.8396	0.7240	0.0535s	0.7908	0.7490	0.6893
3
0419	0.4607	0.9750	0.8381	0.7220	0.0530s	0.7896	0.7530	0.6948
4
0420	0.4562	0.9417	0.8343	0.7260	0.0531s	0.7876	0.7550	0.6967
5
0421	0.4562	0.9333	0.8360	0.7220	0.0533s	0.7890	0.7590	0.6977
6
0422	0.4924	0.9417	0.8413	0.7220	0.0528s	0.7914	0.7580	0.6990
7
0423	0.4262	0.9583	0.8442	0.7180	0.0530s	0.7924	0.7530	0.6920
8
0424	0.4308	0.9083	0.8486	0.7220	0.0531s	0.7951	0.7460	0.6882
9
0425	0.4340	0.9417	0.8448	0.7200	0.0532s	0.7941	0.7460	0.6863
10
0426	0.4243	0.9750	0.8342	0.7220	0.0531s	0.7888	0.7530	0.6929
11
0427	0.4344	0.9583	0.8341	0.7240	0.0534s	0.7883	0.7560	0.6949
12
0428	0.4754	0.9583	0.8373	0.7260	0.0532s	0.7907	0.7540	0.6925
13
0429	0.4281	0.9583	0.8399	0.7280	0.0532s	0.7927	0.7560	0.6946
14
0430	0.4684	0.9167	0.8426	0.7200	0.0532s	0.7937	0.7570	0.6959
0
0431	0.4536	0.9500	0.8452	0.7140	0.0532s	0.7950	0.7500	0.6899
1
0432	0.4326	0.9500	0.8428	0.7200	0.0530s	0.7948	0.7480	0.6882
2
0433	0.4630	0.9000	0.8365	0.7220	0.0531s	0.7921	0.7520	0.6917
3
0434	0.4127	0.9750	0.8314	0.7240	0.0533s	0.7890	0.7580	0.6967
4
0435	0.4207	0.9750	0.8315	0.7260	0.0532s	0.7877	0.7550	0.6957
5
0436	0.4500	0.8833	0.8341	0.7260	0.0534s	0.7880	0.7540	0.6974
6
0437	0.4124	0.9417	0.8395	0.7200	0.0531s	0.7911	0.7560	0.6975
7
0438	0.4186	0.9750	0.8446	0.7160	0.0530s	0.7957	0.7560	0.6956
8
0439	0.4303	0.9583	0.8455	0.7160	0.0531s	0.7983	0.7530	0.6926
9
0440	0.4539	0.9417	0.8366	0.7180	0.0530s	0.7946	0.7560	0.6963
10
0441	0.4302	0.9667	0.8291	0.7280	0.0529s	0.7906	0.7610	0.7003
11
0442	0.4314	0.9583	0.8303	0.7280	0.0531s	0.7884	0.7600	0.6989
0
0443	0.4518	0.9250	0.8367	0.7260	0.0532s	0.7887	0.7570	0.7000
0
0444	0.4501	0.9500	0.8406	0.7200	0.0531s	0.7894	0.7530	0.6968
1
0445	0.4741	0.9167	0.8432	0.7200	0.0531s	0.7914	0.7550	0.6989
2
0446	0.4271	0.9667	0.8440	0.7180	0.0534s	0.7939	0.7540	0.6964
3
0447	0.4772	0.9000	0.8376	0.7180	0.0529s	0.7918	0.7550	0.6950
4
0448	0.4304	0.9583	0.8312	0.7240	0.0532s	0.7886	0.7600	0.6993
5
0449	0.4549	0.9750	0.8294	0.7260	0.0530s	0.7871	0.7590	0.6979
6
0450	0.4484	0.9333	0.8292	0.7240	0.0534s	0.7866	0.7590	0.7000
7
0451	0.4636	0.9083	0.8277	0.7240	0.0531s	0.7857	0.7590	0.7004
8
0452	0.4531	0.9500	0.8323	0.7260	0.0531s	0.7880	0.7560	0.6959
0
0453	0.4384	0.9750	0.8384	0.7200	0.0530s	0.7916	0.7530	0.6934
1
0454	0.4667	0.9250	0.8391	0.7200	0.0532s	0.7923	0.7540	0.6942
2
0455	0.4356	0.9333	0.8391	0.7200	0.0533s	0.7919	0.7560	0.6957
3
0456	0.4558	0.9417	0.8382	0.7220	0.0533s	0.7916	0.7550	0.6942
4
0457	0.4475	0.9000	0.8326	0.7220	0.0531s	0.7898	0.7590	0.6980
5
0458	0.4755	0.9417	0.8286	0.7260	0.0531s	0.7876	0.7600	0.6994
6
0459	0.4413	0.9250	0.8241	0.7260	0.0745s	0.7850	0.7600	0.6993
7
0460	0.4347	0.9500	0.8234	0.7300	0.0635s	0.7848	0.7600	0.6995
0
0461	0.4376	0.9500	0.8304	0.7300	0.0579s	0.7870	0.7600	0.7024
0
0462	0.4158	0.9667	0.8397	0.7220	0.0541s	0.7906	0.7540	0.6966
0
0463	0.4655	0.8917	0.8427	0.7200	0.0534s	0.7913	0.7540	0.6980
1
0464	0.4700	0.9167	0.8424	0.7240	0.0531s	0.7907	0.7550	0.6987
2
0465	0.4855	0.9417	0.8367	0.7240	0.0531s	0.7881	0.7550	0.6989
3
0466	0.4233	0.9583	0.8301	0.7260	0.0530s	0.7860	0.7570	0.7010
4
0467	0.4249	0.9500	0.8266	0.7260	0.0531s	0.7863	0.7610	0.7029
5
0468	0.4648	0.9333	0.8291	0.7280	0.0531s	0.7876	0.7610	0.7032
6
0469	0.4196	0.9583	0.8360	0.7240	0.0531s	0.7908	0.7590	0.7010
7
0470	0.4517	0.9667	0.8434	0.7200	0.0531s	0.7938	0.7600	0.7016
8
0471	0.4303	0.9833	0.8447	0.7200	0.0530s	0.7932	0.7580	0.6994
9
0472	0.4672	0.9417	0.8379	0.7240	0.0529s	0.7887	0.7580	0.7017
10
0473	0.4386	0.9167	0.8328	0.7260	0.0531s	0.7856	0.7590	0.7049
11
0474	0.4368	0.9667	0.8310	0.7280	0.0531s	0.7851	0.7560	0.7000
12
0475	0.4287	0.9917	0.8311	0.7280	0.0853s	0.7863	0.7540	0.6937
13
0476	0.4607	0.9583	0.8342	0.7220	0.0664s	0.7890	0.7570	0.6966
14
0477	0.4547	0.9583	0.8375	0.7180	0.0622s	0.7903	0.7540	0.6935
15
0478	0.4552	0.9667	0.8367	0.7200	0.0618s	0.7894	0.7530	0.6925
16
0479	0.4405	0.9750	0.8345	0.7260	0.0623s	0.7870	0.7570	0.6965
17
0480	0.4588	0.9667	0.8310	0.7280	0.0620s	0.7841	0.7580	0.6992
18
0481	0.4585	0.9417	0.8276	0.7300	0.0619s	0.7828	0.7600	0.7015
19
0482	0.4474	0.9000	0.8269	0.7300	0.0620s	0.7837	0.7600	0.6995
0
0483	0.4306	0.9833	0.8286	0.7240	0.0630s	0.7852	0.7580	0.6977
0
0484	0.4698	0.9333	0.8306	0.7240	0.0619s	0.7853	0.7580	0.6979
1
0485	0.4491	0.9583	0.8360	0.7240	0.0619s	0.7873	0.7570	0.6971
2
0486	0.4544	0.9500	0.8386	0.7260	0.0620s	0.7878	0.7560	0.6979
3
0487	0.4578	0.9583	0.8363	0.7240	0.0619s	0.7864	0.7570	0.6986
4
0488	0.4425	0.9500	0.8358	0.7260	0.0602s	0.7855	0.7530	0.6947
5
0489	0.4414	0.9417	0.8333	0.7260	0.0557s	0.7850	0.7560	0.6980
6
0490	0.4256	0.9417	0.8303	0.7260	0.0557s	0.7855	0.7540	0.6942
7
0491	0.4378	0.9750	0.8296	0.7280	0.0542s	0.7866	0.7550	0.6952
8
0492	0.4412	0.9333	0.8318	0.7300	0.0535s	0.7879	0.7560	0.6964
9
0493	0.4607	0.9083	0.8362	0.7240	0.0531s	0.7886	0.7530	0.6934
0
0494	0.4521	0.9333	0.8431	0.7180	0.0531s	0.7908	0.7520	0.6937
1
0495	0.4634	0.9333	0.8439	0.7260	0.0533s	0.7910	0.7560	0.6970
2
0496	0.4216	0.9583	0.8373	0.7280	0.0531s	0.7876	0.7580	0.6991
3
0497	0.4280	0.9250	0.8316	0.7260	0.0530s	0.7857	0.7610	0.7027
4
0498	0.4470	0.9667	0.8294	0.7300	0.0532s	0.7860	0.7590	0.6994
5
0499	0.3969	0.9583	0.8284	0.7300	0.0531s	0.7859	0.7590	0.6992
0
0500	0.4759	0.9500	0.8308	0.7280	0.0531s	0.7860	0.7580	0.6997
0
0501	0.4254	0.9583	0.8345	0.7260	0.0530s	0.7867	0.7560	0.6994
1
0502	0.4447	0.9667	0.8396	0.7260	0.0531s	0.7888	0.7530	0.6941
2
0503	0.4493	0.9667	0.8384	0.7280	0.0531s	0.7886	0.7570	0.6998
3
0504	0.4414	0.9667	0.8347	0.7300	0.0529s	0.7874	0.7570	0.6978
4
0505	0.4603	0.9417	0.8339	0.7260	0.0532s	0.7879	0.7570	0.6981
0
0506	0.4256	0.9750	0.8374	0.7260	0.0534s	0.7907	0.7500	0.6901
1
0507	0.4432	0.9333	0.8416	0.7240	0.0531s	0.7931	0.7460	0.6860
2
0508	0.4383	0.9417	0.8382	0.7260	0.0531s	0.7901	0.7500	0.6900
3
0509	0.4246	0.9500	0.8320	0.7220	0.0533s	0.7858	0.7590	0.7004
4
0510	0.4280	0.9750	0.8317	0.7280	0.0531s	0.7857	0.7600	0.7031
5
0511	0.4212	0.9583	0.8317	0.7260	0.0536s	0.7860	0.7620	0.7050
6
0512	0.4689	0.9750	0.8352	0.7260	0.0533s	0.7872	0.7560	0.6972
7
0513	0.4332	0.9333	0.8401	0.7180	0.0531s	0.7899	0.7540	0.6956
8
0514	0.4595	0.9667	0.8432	0.7200	0.0533s	0.7919	0.7510	0.6906
9
0515	0.4545	0.9167	0.8412	0.7200	0.0534s	0.7916	0.7480	0.6882
10
0516	0.4523	0.9667	0.8355	0.7220	0.0534s	0.7890	0.7530	0.6925
11
0517	0.4279	0.9583	0.8294	0.7280	0.0536s	0.7854	0.7570	0.6984
12
0518	0.4457	0.9417	0.8275	0.7260	0.0535s	0.7846	0.7600	0.7007
13
0519	0.4382	0.9417	0.8276	0.7260	0.0533s	0.7848	0.7630	0.7040
14
0520	0.4365	0.9250	0.8299	0.7260	0.0532s	0.7844	0.7620	0.7073
15
0521	0.4416	0.9417	0.8330	0.7220	0.0537s	0.7858	0.7560	0.6998
16
0522	0.4492	0.9083	0.8373	0.7220	0.0530s	0.7884	0.7490	0.6915
17
0523	0.4614	0.9333	0.8352	0.7220	0.0530s	0.7879	0.7540	0.6962
18
0524	0.4306	0.9750	0.8332	0.7240	0.0530s	0.7876	0.7580	0.6997
19
0525	0.4773	0.9417	0.8307	0.7280	0.0540s	0.7868	0.7580	0.6974
20
0526	0.4327	0.9583	0.8276	0.7300	0.0534s	0.7854	0.7600	0.7015
21
0527	0.4396	0.9417	0.8275	0.7280	0.0530s	0.7852	0.7610	0.7024
0
0528	0.4243	0.9917	0.8273	0.7260	0.0539s	0.7848	0.7630	0.7063
1
0529	0.4497	0.9500	0.8277	0.7260	0.0542s	0.7847	0.7610	0.7042
2
0530	0.4377	0.9417	0.8321	0.7220	0.0544s	0.7866	0.7540	0.6973
3
0531	0.4179	0.9833	0.8404	0.7200	0.0545s	0.7910	0.7530	0.6919
4
0532	0.4501	0.9583	0.8418	0.7180	0.0545s	0.7922	0.7520	0.6909
5
0533	0.4701	0.9250	0.8379	0.7280	0.0533s	0.7911	0.7550	0.6938
6
0534	0.3901	0.9833	0.8334	0.7280	0.0532s	0.7893	0.7560	0.6954
7
0535	0.4651	0.9667	0.8294	0.7300	0.0534s	0.7874	0.7580	0.6972
8
0536	0.4325	0.9417	0.8264	0.7320	0.0531s	0.7855	0.7590	0.6984
0
0537	0.4669	0.9583	0.8308	0.7240	0.0529s	0.7863	0.7530	0.6924
0
0538	0.4798	0.9417	0.8348	0.7220	0.0532s	0.7880	0.7510	0.6902
1
0539	0.4152	0.9500	0.8368	0.7220	0.0533s	0.7885	0.7520	0.6935
2
0540	0.4227	0.9583	0.8349	0.7280	0.0531s	0.7885	0.7550	0.6947
3
0541	0.4365	0.9417	0.8315	0.7300	0.0531s	0.7885	0.7600	0.6996
4
0542	0.4304	0.9750	0.8283	0.7300	0.0531s	0.7881	0.7620	0.6993
5
0543	0.4247	0.9750	0.8265	0.7280	0.0537s	0.7874	0.7590	0.6965
6
0544	0.4061	0.9667	0.8261	0.7220	0.0533s	0.7860	0.7580	0.6972
7
0545	0.4509	0.9417	0.8334	0.7200	0.0531s	0.7874	0.7550	0.6968
8
0546	0.4418	0.9250	0.8395	0.7160	0.0540s	0.7894	0.7520	0.6959
9
0547	0.4434	0.9667	0.8379	0.7240	0.0535s	0.7876	0.7540	0.6954
10
0548	0.4490	0.9333	0.8341	0.7280	0.0531s	0.7861	0.7570	0.6984
11
0549	0.4459	0.9583	0.8332	0.7300	0.0531s	0.7873	0.7590	0.6989
12
0550	0.4368	0.9500	0.8335	0.7240	0.0537s	0.7883	0.7580	0.6983
13
0551	0.4449	0.9583	0.8325	0.7240	0.0532s	0.7882	0.7560	0.6964
14
0552	0.4194	0.9417	0.8297	0.7280	0.0530s	0.7866	0.7590	0.6986
15
0553	0.4478	0.9333	0.8267	0.7260	0.0606s	0.7849	0.7600	0.7012
16
0554	0.4436	0.9333	0.8297	0.7240	0.0568s	0.7853	0.7590	0.7022
17
0555	0.4302	0.9500	0.8303	0.7240	0.0542s	0.7843	0.7580	0.7015
18
0556	0.4276	0.9417	0.8301	0.7260	0.0531s	0.7839	0.7590	0.7028
19
0557	0.4390	0.9833	0.8344	0.7220	0.0534s	0.7871	0.7560	0.7004
20
0558	0.4669	0.9583	0.8382	0.7180	0.0529s	0.7900	0.7580	0.7023
21
0559	0.4299	0.9583	0.8366	0.7200	0.0531s	0.7895	0.7570	0.7012
22
0560	0.4232	0.9500	0.8333	0.7260	0.0532s	0.7880	0.7560	0.6998
23
0561	0.4296	0.9417	0.8321	0.7240	0.0536s	0.7876	0.7550	0.6986
24
0562	0.4370	0.9333	0.8314	0.7220	0.0531s	0.7872	0.7560	0.6994
25
0563	0.4536	0.9500	0.8315	0.7220	0.0531s	0.7863	0.7550	0.6983
26
0564	0.4420	0.9417	0.8312	0.7240	0.0533s	0.7855	0.7560	0.6997
27
0565	0.4556	0.9667	0.8337	0.7240	0.0531s	0.7868	0.7540	0.6981
28
0566	0.4353	0.9833	0.8369	0.7220	0.0530s	0.7894	0.7570	0.7007
29
0567	0.4623	0.9667	0.8345	0.7260	0.0530s	0.7893	0.7550	0.6949
30
0568	0.4372	0.9500	0.8288	0.7260	0.0569s	0.7865	0.7560	0.6959
31
0569	0.4614	0.9583	0.8248	0.7260	0.0542s	0.7852	0.7580	0.6974
32
0570	0.4765	0.9250	0.8264	0.7260	0.0532s	0.7862	0.7580	0.6969
33
0571	0.4681	0.9333	0.8341	0.7240	0.0532s	0.7887	0.7540	0.6952
34
0572	0.4395	0.9750	0.8416	0.7220	0.0531s	0.7916	0.7520	0.6911
35
0573	0.4176	1.0000	0.8466	0.7180	0.0530s	0.7946	0.7450	0.6854
36
0574	0.4134	0.9500	0.8441	0.7200	0.0532s	0.7939	0.7480	0.6891
37
0575	0.4232	0.9417	0.8337	0.7180	0.0530s	0.7889	0.7560	0.6985
38
0576	0.4161	0.9667	0.8274	0.7300	0.0532s	0.7868	0.7620	0.7035
39
0577	0.4247	0.9833	0.8280	0.7240	0.0531s	0.7880	0.7610	0.7020
40
0578	0.4559	0.9917	0.8283	0.7260	0.0517s	0.7882	0.7560	0.6944
41
0579	0.4597	0.9750	0.8328	0.7220	0.0534s	0.7897	0.7510	0.6896
42
0580	0.4373	0.9667	0.8419	0.7220	0.0532s	0.7932	0.7490	0.6885
43
0581	0.4699	0.9417	0.8441	0.7200	0.0524s	0.7940	0.7500	0.6893
44
0582	0.4438	0.9417	0.8387	0.7200	0.0525s	0.7903	0.7470	0.6872
45
0583	0.4456	0.9167	0.8308	0.7240	0.0533s	0.7869	0.7580	0.7004
46
0584	0.4613	0.9583	0.8248	0.7280	0.0518s	0.7856	0.7620	0.7036
47
0585	0.4365	0.9500	0.8226	0.7280	0.0525s	0.7849	0.7650	0.7063
48
0586	0.4232	0.9667	0.8263	0.7260	0.0538s	0.7852	0.7630	0.7061
0
0587	0.4246	0.9750	0.8365	0.7200	0.0538s	0.7892	0.7520	0.6958
1
0588	0.4207	0.9667	0.8427	0.7140	0.0532s	0.7921	0.7510	0.6945
2
0589	0.4414	0.9583	0.8437	0.7200	0.0533s	0.7912	0.7500	0.6939
3
0590	0.4593	0.9500	0.8403	0.7140	0.0530s	0.7894	0.7480	0.6923
4
0591	0.4322	0.9667	0.8378	0.7180	0.0531s	0.7899	0.7550	0.6989
5
0592	0.4492	0.9417	0.8366	0.7240	0.0531s	0.7907	0.7580	0.6997
6
0593	0.4448	0.9333	0.8336	0.7260	0.0532s	0.7891	0.7600	0.7015
7
0594	0.4307	0.9667	0.8345	0.7200	0.0528s	0.7897	0.7600	0.7033
8
0595	0.4624	0.9917	0.8338	0.7200	0.0531s	0.7898	0.7510	0.6926
9
0596	0.4413	0.9500	0.8337	0.7200	0.0530s	0.7891	0.7520	0.6960
10
0597	0.4585	0.9583	0.8346	0.7200	0.0532s	0.7881	0.7570	0.7010
11
0598	0.4552	0.9333	0.8321	0.7220	0.0533s	0.7859	0.7560	0.7001
12
0599	0.4449	0.9417	0.8313	0.7300	0.0568s	0.7856	0.7590	0.7002
13
0600	0.4029	0.9583	0.8327	0.7260	0.0604s	0.7868	0.7550	0.6970
14
0601	0.4359	0.9417	0.8373	0.7240	0.0541s	0.7890	0.7580	0.6976
15
0602	0.4727	0.9667	0.8368	0.7200	0.0525s	0.7887	0.7560	0.6959
16
0603	0.4536	0.9083	0.8392	0.7200	0.0528s	0.7888	0.7530	0.6929
17
0604	0.4390	0.9167	0.8405	0.7180	0.0532s	0.7897	0.7510	0.6902
18
0605	0.4209	0.9417	0.8413	0.7160	0.0526s	0.7901	0.7490	0.6879
19
0606	0.4388	0.9667	0.8354	0.7220	0.0531s	0.7871	0.7510	0.6896
20
0607	0.4313	0.9500	0.8275	0.7260	0.0533s	0.7842	0.7590	0.7020
21
0608	0.4592	0.9417	0.8246	0.7300	0.0532s	0.7850	0.7610	0.7001
22
0609	0.4574	0.9667	0.8275	0.7340	0.0534s	0.7878	0.7570	0.6922
23
0610	0.4364	0.9583	0.8334	0.7280	0.0532s	0.7902	0.7570	0.6922
0
0611	0.4070	0.9583	0.8394	0.7180	0.0534s	0.7917	0.7540	0.6943
1
0612	0.4556	0.9417	0.8385	0.7220	0.0530s	0.7891	0.7540	0.6979
2
0613	0.4226	0.9583	0.8332	0.7240	0.0532s	0.7862	0.7550	0.6986
3
0614	0.4888	0.9500	0.8294	0.7240	0.0530s	0.7848	0.7570	0.7002
4
0615	0.4321	0.9667	0.8275	0.7220	0.0530s	0.7845	0.7580	0.7007
5
0616	0.4207	0.9417	0.8286	0.7320	0.0529s	0.7861	0.7590	0.6978
6
0617	0.4274	0.9667	0.8333	0.7280	0.0532s	0.7890	0.7610	0.7004
7
0618	0.4230	0.9417	0.8410	0.7200	0.0528s	0.7934	0.7520	0.6927
8
0619	0.4497	0.9500	0.8468	0.7160	0.0532s	0.7957	0.7490	0.6896
9
0620	0.4451	0.9333	0.8412	0.7200	0.0528s	0.7916	0.7520	0.6923
10
0621	0.4501	0.9583	0.8314	0.7240	0.0532s	0.7862	0.7550	0.6967
11
0622	0.4501	0.9583	0.8278	0.7220	0.0534s	0.7844	0.7580	0.6993
12
0623	0.4209	0.9500	0.8267	0.7240	0.0532s	0.7846	0.7590	0.7000
13
0624	0.4563	0.9333	0.8333	0.7260	0.0530s	0.7878	0.7560	0.6969
14
0625	0.4343	0.9667	0.8388	0.7240	0.0533s	0.7909	0.7520	0.6913
15
0626	0.4394	0.9500	0.8422	0.7240	0.0529s	0.7927	0.7540	0.6933
16
0627	0.4596	0.9417	0.8396	0.7220	0.0532s	0.7908	0.7510	0.6914
17
0628	0.4308	0.9250	0.8335	0.7220	0.0531s	0.7870	0.7540	0.6964
18
0629	0.4588	0.9750	0.8273	0.7300	0.0534s	0.7843	0.7590	0.7005
19
0630	0.4547	0.9333	0.8242	0.7300	0.0529s	0.7842	0.7610	0.7023
20
0631	0.4274	0.9583	0.8281	0.7260	0.0533s	0.7866	0.7590	0.6977
21
0632	0.4283	0.9750	0.8349	0.7220	0.0532s	0.7896	0.7540	0.6937
22
0633	0.4507	0.9583	0.8389	0.7220	0.0530s	0.7915	0.7480	0.6884
23
0634	0.4492	0.9750	0.8408	0.7220	0.0533s	0.7915	0.7520	0.6944
24
0635	0.4137	0.9250	0.8398	0.7240	0.0533s	0.7896	0.7550	0.6966
25
0636	0.4482	0.9417	0.8368	0.7260	0.0535s	0.7873	0.7560	0.6974
26
0637	0.4462	0.9583	0.8318	0.7260	0.0532s	0.7851	0.7540	0.6953
27
0638	0.4515	0.9250	0.8271	0.7260	0.0530s	0.7844	0.7570	0.6982
28
0639	0.4256	0.9500	0.8267	0.7220	0.0530s	0.7857	0.7570	0.6964
29
0640	0.4496	0.9667	0.8297	0.7240	0.0532s	0.7885	0.7580	0.6977
30
0641	0.4270	0.9667	0.8338	0.7200	0.0530s	0.7907	0.7540	0.6941
31
0642	0.4658	0.9167	0.8369	0.7240	0.0530s	0.7910	0.7580	0.6976
32
0643	0.4364	0.9833	0.8387	0.7260	0.0533s	0.7900	0.7560	0.6973
33
0644	0.4520	0.9583	0.8402	0.7240	0.0533s	0.7893	0.7560	0.6994
34
0645	0.4274	0.9583	0.8388	0.7220	0.0530s	0.7886	0.7560	0.7012
35
0646	0.4153	0.9667	0.8353	0.7240	0.0532s	0.7884	0.7560	0.6971
36
0647	0.4452	0.9417	0.8300	0.7220	0.0531s	0.7874	0.7610	0.7025
37
0648	0.4588	0.9333	0.8290	0.7220	0.0531s	0.7882	0.7590	0.6983
38
0649	0.4349	0.9750	0.8320	0.7200	0.0533s	0.7890	0.7550	0.6948
39
0650	0.4631	0.9083	0.8347	0.7220	0.0532s	0.7885	0.7560	0.7000
40
0651	0.4422	0.9500	0.8400	0.7240	0.0532s	0.7895	0.7550	0.6985
41
0652	0.4461	0.9583	0.8451	0.7220	0.0538s	0.7924	0.7520	0.6956
42
0653	0.4269	0.9583	0.8503	0.7180	0.0533s	0.7963	0.7490	0.6903
43
0654	0.4487	0.9417	0.8452	0.7220	0.0537s	0.7947	0.7510	0.6904
44
0655	0.4285	0.9500	0.8363	0.7240	0.0532s	0.7914	0.7530	0.6925
45
0656	0.4403	0.9250	0.8290	0.7220	0.0539s	0.7895	0.7560	0.6962
46
0657	0.4218	0.9500	0.8258	0.7240	0.0544s	0.7894	0.7490	0.6899
47
0658	0.4327	0.9417	0.8279	0.7200	0.0543s	0.7888	0.7500	0.6907
48
0659	0.4399	0.9750	0.8331	0.7160	0.0534s	0.7888	0.7470	0.6877
49
0660	0.4304	0.9333	0.8406	0.7220	0.0536s	0.7909	0.7510	0.6906
50
0661	0.4588	0.9333	0.8482	0.7220	0.0538s	0.7941	0.7510	0.6901
51
0662	0.4479	0.9583	0.8501	0.7180	0.0540s	0.7948	0.7530	0.6963
52
0663	0.4266	0.9417	0.8463	0.7220	0.0770s	0.7925	0.7540	0.6974
53
0664	0.4447	0.9833	0.8348	0.7180	0.0644s	0.7875	0.7530	0.6948
54
0665	0.4365	0.9500	0.8267	0.7260	0.0591s	0.7861	0.7550	0.6976
55
0666	0.4484	0.9500	0.8230	0.7240	0.0552s	0.7875	0.7510	0.6940
56
0667	0.4599	0.9417	0.8282	0.7240	0.0541s	0.7897	0.7530	0.6959
57
0668	0.4187	0.9500	0.8369	0.7160	0.0532s	0.7919	0.7500	0.6925
58
0669	0.4339	0.9500	0.8455	0.7140	0.0533s	0.7935	0.7510	0.6929
59
0670	0.4632	0.9333	0.8499	0.7180	0.0532s	0.7939	0.7530	0.6940
60
0671	0.4228	0.9500	0.8472	0.7200	0.0543s	0.7921	0.7550	0.6980
61
0672	0.4484	0.9333	0.8376	0.7260	0.0534s	0.7877	0.7540	0.6972
62
0673	0.4675	0.9667	0.8275	0.7240	0.0539s	0.7834	0.7610	0.7043
63
0674	0.4357	0.9750	0.8226	0.7260	0.0530s	0.7830	0.7610	0.7045
64
0675	0.4374	0.9167	0.8243	0.7240	0.0532s	0.7860	0.7570	0.6988
65
0676	0.4297	0.9667	0.8321	0.7220	0.0532s	0.7899	0.7570	0.6984
66
0677	0.4293	0.9500	0.8386	0.7180	0.0531s	0.7923	0.7500	0.6903
67
0678	0.4151	0.9750	0.8415	0.7180	0.0531s	0.7913	0.7490	0.6914
68
0679	0.4119	0.9750	0.8408	0.7200	0.0528s	0.7894	0.7490	0.6912
69
0680	0.4415	0.9500	0.8348	0.7240	0.0541s	0.7859	0.7560	0.6995
70
0681	0.4308	0.9500	0.8283	0.7280	0.0539s	0.7843	0.7590	0.7026
71
0682	0.4552	0.9500	0.8246	0.7260	0.0533s	0.7843	0.7610	0.7020
72
0683	0.4287	0.9250	0.8271	0.7220	0.0543s	0.7866	0.7600	0.6989
73
0684	0.4384	0.9250	0.8304	0.7180	0.0557s	0.7885	0.7530	0.6929
74
0685	0.4698	0.9583	0.8323	0.7160	0.0543s	0.7875	0.7490	0.6893
75
0686	0.4414	0.9500	0.8301	0.7200	0.0601s	0.7846	0.7570	0.7010
76
0687	0.4273	0.9917	0.8299	0.7260	0.0544s	0.7839	0.7590	0.7028
77
0688	0.4172	0.9250	0.8314	0.7260	0.0536s	0.7846	0.7580	0.7018
78
0689	0.4148	0.9583	0.8334	0.7240	0.0541s	0.7857	0.7540	0.6976
79
0690	0.4441	0.9333	0.8339	0.7200	0.0533s	0.7874	0.7550	0.6981
80
0691	0.4543	0.9250	0.8358	0.7160	0.0540s	0.7894	0.7530	0.6939
81
0692	0.4572	0.9333	0.8365	0.7160	0.0534s	0.7905	0.7500	0.6895
82
0693	0.4450	0.9500	0.8342	0.7180	0.0534s	0.7897	0.7520	0.6938
83
0694	0.4274	0.9417	0.8300	0.7200	0.0557s	0.7869	0.7560	0.7003
84
0695	0.4244	0.9417	0.8306	0.7200	0.0543s	0.7869	0.7610	0.7046
85
0696	0.4032	0.9500	0.8301	0.7240	0.0531s	0.7862	0.7610	0.7045
86
0697	0.4584	0.9417	0.8311	0.7240	0.0553s	0.7871	0.7590	0.7021
87
0698	0.4604	0.9167	0.8340	0.7240	0.0537s	0.7893	0.7530	0.6917
88
0699	0.4527	0.9333	0.8380	0.7180	0.0532s	0.7910	0.7480	0.6874
89
0700	0.4163	0.9417	0.8390	0.7200	0.0532s	0.7905	0.7490	0.6909
90
0701	0.4527	0.9333	0.8350	0.7220	0.0532s	0.7876	0.7510	0.6955
91
0702	0.4714	0.9750	0.8290	0.7300	0.0549s	0.7845	0.7580	0.7019
92
0703	0.4703	0.9250	0.8246	0.7280	0.0531s	0.7833	0.7640	0.7092
93
0704	0.4683	0.9250	0.8249	0.7260	0.0532s	0.7845	0.7640	0.7074
94
0705	0.4451	0.9667	0.8305	0.7220	0.0532s	0.7863	0.7590	0.7041
95
0706	0.4376	0.9417	0.8378	0.7260	0.0533s	0.7891	0.7510	0.6923
96
0707	0.4367	0.9500	0.8403	0.7220	0.0534s	0.7912	0.7500	0.6893
97
0708	0.4472	0.9750	0.8364	0.7240	0.0532s	0.7895	0.7490	0.6885
98
0709	0.4497	0.9667	0.8293	0.7240	0.0532s	0.7858	0.7530	0.6947
99
0710	0.4126	0.9583	0.8222	0.7300	0.0533s	0.7829	0.7590	0.7004
100
0711	0.4506	0.9417	0.8202	0.7320	0.0533s	0.7824	0.7630	0.7066
0
0712	0.4600	0.9500	0.8222	0.7280	0.0530s	0.7842	0.7620	0.7039
0
0713	0.4349	0.9500	0.8265	0.7220	0.0546s	0.7860	0.7630	0.7047
1
0714	0.4330	0.9500	0.8310	0.7240	0.0537s	0.7886	0.7540	0.6960
2
0715	0.4204	0.9833	0.8341	0.7240	0.0566s	0.7899	0.7500	0.6901
3
0716	0.4372	0.9167	0.8304	0.7240	0.0563s	0.7880	0.7510	0.6909
4
0717	0.4359	0.9500	0.8268	0.7240	0.0546s	0.7860	0.7540	0.6961
5
0718	0.4260	0.9583	0.8224	0.7300	0.0536s	0.7840	0.7600	0.7014
6
0719	0.4544	0.9583	0.8215	0.7300	0.0532s	0.7838	0.7630	0.7043
7
0720	0.4455	0.9250	0.8252	0.7320	0.0542s	0.7848	0.7630	0.7042
8
0721	0.4348	0.9417	0.8319	0.7260	0.0533s	0.7864	0.7530	0.6948
9
0722	0.4572	0.9417	0.8336	0.7220	0.0531s	0.7864	0.7520	0.6963
10
0723	0.4456	0.9417	0.8322	0.7220	0.0531s	0.7861	0.7530	0.6972
11
0724	0.4470	0.9250	0.8282	0.7260	0.0529s	0.7855	0.7570	0.6986
12
0725	0.4396	0.9500	0.8263	0.7320	0.0533s	0.7856	0.7590	0.7004
13
0726	0.4268	0.9500	0.8248	0.7280	0.0530s	0.7848	0.7600	0.7013
14
0727	0.4399	0.9417	0.8238	0.7280	0.0531s	0.7829	0.7560	0.6974
15
0728	0.4588	0.9167	0.8267	0.7260	0.0531s	0.7825	0.7530	0.6970
16
0729	0.4487	0.9417	0.8308	0.7240	0.0531s	0.7840	0.7540	0.6981
17
0730	0.4262	0.9500	0.8306	0.7260	0.0531s	0.7848	0.7560	0.6999
18
0731	0.4328	0.9583	0.8275	0.7280	0.0532s	0.7847	0.7610	0.7023
19
0732	0.4511	0.9333	0.8292	0.7260	0.0530s	0.7869	0.7590	0.6977
20
0733	0.4499	0.9500	0.8314	0.7260	0.0530s	0.7878	0.7580	0.6966
21
0734	0.4391	0.9667	0.8313	0.7300	0.0532s	0.7867	0.7590	0.6997
22
0735	0.4412	0.9583	0.8297	0.7240	0.0530s	0.7845	0.7570	0.7005
23
0736	0.4159	0.9500	0.8301	0.7220	0.0531s	0.7846	0.7540	0.6982
24
0737	0.4503	0.9500	0.8287	0.7220	0.0534s	0.7847	0.7520	0.6970
25
0738	0.4558	0.9500	0.8286	0.7220	0.0531s	0.7850	0.7550	0.6991
26
0739	0.4327	0.9750	0.8306	0.7240	0.0531s	0.7873	0.7580	0.7017
27
0740	0.4433	0.9500	0.8347	0.7280	0.0532s	0.7904	0.7570	0.6976
28
0741	0.4240	0.9667	0.8339	0.7280	0.0532s	0.7902	0.7560	0.6970
29
0742	0.4129	0.9750	0.8307	0.7260	0.0539s	0.7876	0.7580	0.7017
30
0743	0.4307	0.9333	0.8307	0.7240	0.0535s	0.7865	0.7540	0.6980
31
0744	0.4392	0.9583	0.8326	0.7260	0.0531s	0.7866	0.7550	0.6992
32
0745	0.4391	0.9583	0.8335	0.7240	0.0530s	0.7869	0.7550	0.6993
33
0746	0.4315	0.9667	0.8337	0.7240	0.0532s	0.7872	0.7540	0.6982
34
0747	0.4242	0.9667	0.8345	0.7280	0.0532s	0.7886	0.7540	0.6931
35
0748	0.4124	0.9583	0.8319	0.7260	0.0531s	0.7885	0.7550	0.6936
36
0749	0.4144	0.9667	0.8290	0.7280	0.0532s	0.7872	0.7560	0.6946
37
0750	0.4333	0.9250	0.8276	0.7220	0.0846s	0.7860	0.7530	0.6924
38
0751	0.4297	0.8917	0.8289	0.7220	0.0684s	0.7856	0.7530	0.6951
39
0752	0.4368	0.9333	0.8344	0.7260	0.0640s	0.7880	0.7530	0.6926
40
0753	0.4503	0.9667	0.8393	0.7220	0.0619s	0.7906	0.7530	0.6921
41
0754	0.4402	0.9000	0.8374	0.7240	0.0619s	0.7905	0.7530	0.6923
42
0755	0.4410	0.9417	0.8334	0.7240	0.0617s	0.7887	0.7550	0.6943
43
0756	0.4448	0.9333	0.8272	0.7220	0.0652s	0.7853	0.7550	0.6940
44
0757	0.4432	0.9667	0.8226	0.7220	0.0611s	0.7827	0.7590	0.7025
45
0758	0.4280	0.9667	0.8268	0.7240	0.0625s	0.7834	0.7540	0.6981
46
0759	0.4323	0.9750	0.8332	0.7220	0.0616s	0.7866	0.7520	0.6965
47
0760	0.4240	0.9417	0.8416	0.7220	0.0619s	0.7916	0.7460	0.6866
48
0761	0.4497	0.9417	0.8445	0.7240	0.0615s	0.7937	0.7520	0.6921
49
0762	0.4572	0.9167	0.8410	0.7240	0.0613s	0.7925	0.7530	0.6950
50
0763	0.4274	0.9250	0.8374	0.7260	0.0581s	0.7912	0.7570	0.6964
51
0764	0.4390	0.9083	0.8308	0.7260	0.0539s	0.7873	0.7630	0.7039
52
0765	0.4661	0.9083	0.8279	0.7280	0.0525s	0.7860	0.7610	0.7042
53
0766	0.4654	0.9167	0.8284	0.7240	0.0522s	0.7861	0.7560	0.6995
54
0767	0.4380	0.9417	0.8336	0.7220	0.0541s	0.7881	0.7500	0.6920
55
0768	0.4625	0.9250	0.8428	0.7200	0.0841s	0.7912	0.7490	0.6915
56
0769	0.4480	0.9417	0.8457	0.7180	0.0681s	0.7927	0.7490	0.6916
57
0770	0.4477	0.9667	0.8435	0.7200	0.0621s	0.7921	0.7500	0.6926
58
0771	0.4569	0.9250	0.8369	0.7200	0.0624s	0.7894	0.7550	0.6972
59
0772	0.4381	0.9667	0.8334	0.7220	0.0620s	0.7890	0.7610	0.7020
60
0773	0.4130	0.9583	0.8330	0.7220	0.0616s	0.7896	0.7580	0.6966
61
0774	0.4289	0.9917	0.8325	0.7260	0.0618s	0.7902	0.7550	0.6939
62
0775	0.4393	0.9333	0.8322	0.7240	0.0620s	0.7896	0.7530	0.6927
63
0776	0.4564	0.9417	0.8347	0.7200	0.0617s	0.7894	0.7540	0.6962
64
0777	0.4347	0.9083	0.8336	0.7200	0.0615s	0.7878	0.7550	0.6973
65
0778	0.4645	0.9667	0.8314	0.7220	0.0620s	0.7862	0.7560	0.6981
66
0779	0.4270	0.9833	0.8329	0.7220	0.0619s	0.7870	0.7590	0.7027
67
0780	0.4650	0.9083	0.8346	0.7240	0.0633s	0.7879	0.7590	0.7047
68
0781	0.4493	0.9417	0.8335	0.7280	0.0624s	0.7883	0.7570	0.6958
69
0782	0.4397	0.9583	0.8322	0.7280	0.0615s	0.7896	0.7560	0.6948
70
0783	0.4326	0.9667	0.8337	0.7300	0.0567s	0.7918	0.7550	0.6943
71
0784	0.4147	0.9583	0.8350	0.7300	0.0541s	0.7916	0.7550	0.6947
72
0785	0.4196	0.9250	0.8370	0.7260	0.0531s	0.7909	0.7510	0.6913
73
0786	0.4162	0.9417	0.8376	0.7220	0.0530s	0.7895	0.7530	0.6956
74
0787	0.4568	0.9750	0.8371	0.7240	0.0540s	0.7879	0.7510	0.6953
75
0788	0.4353	0.9167	0.8358	0.7220	0.0530s	0.7870	0.7510	0.6953
76
0789	0.4698	0.9167	0.8332	0.7240	0.0532s	0.7862	0.7550	0.6985
77
0790	0.4126	0.9583	0.8309	0.7240	0.0531s	0.7867	0.7550	0.6939
78
0791	0.4358	0.9750	0.8314	0.7300	0.0532s	0.7886	0.7570	0.6954
79
0792	0.4488	0.9500	0.8318	0.7320	0.0529s	0.7890	0.7570	0.6956
80
0793	0.4019	0.9583	0.8339	0.7320	0.0539s	0.7887	0.7560	0.6950
81
0794	0.4783	0.9250	0.8335	0.7320	0.0530s	0.7862	0.7580	0.7018
82
0795	0.4450	0.9750	0.8336	0.7260	0.0530s	0.7851	0.7560	0.7000
83
0796	0.4365	0.9500	0.8341	0.7260	0.0529s	0.7848	0.7540	0.6982
84
0797	0.4168	0.9333	0.8334	0.7260	0.0532s	0.7849	0.7560	0.6996
85
0798	0.4491	0.9583	0.8319	0.7240	0.0531s	0.7858	0.7540	0.6975
86
0799	0.4473	0.9250	0.8313	0.7240	0.0531s	0.7869	0.7550	0.6981
87
0800	0.4658	0.9167	0.8295	0.7260	0.0538s	0.7863	0.7580	0.7011
88
0801	0.4683	0.9333	0.8276	0.7260	0.0533s	0.7844	0.7610	0.7042
89
0802	0.4251	0.9583	0.8313	0.7260	0.0530s	0.7857	0.7600	0.7038
90
0803	0.4332	0.9667	0.8337	0.7220	0.0531s	0.7859	0.7570	0.7014
91
0804	0.4402	0.9583	0.8320	0.7220	0.0530s	0.7841	0.7570	0.7014
92
0805	0.4306	0.9417	0.8303	0.7240	0.0532s	0.7827	0.7540	0.6981
93
0806	0.4292	0.9750	0.8314	0.7200	0.0550s	0.7840	0.7550	0.6983
94
0807	0.4548	0.9333	0.8349	0.7200	0.0532s	0.7877	0.7520	0.6904
95
0808	0.4683	0.9417	0.8333	0.7260	0.0531s	0.7887	0.7570	0.6952
96
0809	0.4616	0.9333	0.8275	0.7280	0.0531s	0.7862	0.7580	0.6967
97
0810	0.4065	0.9500	0.8273	0.7260	0.0531s	0.7853	0.7590	0.6982
98
0811	0.3997	0.9583	0.8318	0.7240	0.0531s	0.7864	0.7570	0.6986
99
0812	0.4645	0.9250	0.8355	0.7220	0.0535s	0.7875	0.7500	0.6928
100
0813	0.4302	0.9333	0.8352	0.7240	0.0551s	0.7868	0.7520	0.6963
101
0814	0.4740	0.9417	0.8333	0.7240	0.0536s	0.7859	0.7520	0.6959
102
0815	0.4394	0.9583	0.8326	0.7240	0.0530s	0.7866	0.7520	0.6931
103
0816	0.4188	0.9583	0.8309	0.7280	0.0531s	0.7869	0.7530	0.6941
104
0817	0.4523	0.9500	0.8311	0.7280	0.0532s	0.7876	0.7540	0.6953
105
0818	0.4246	0.9667	0.8317	0.7280	0.0530s	0.7885	0.7560	0.6978
106
0819	0.4603	0.9583	0.8333	0.7240	0.0532s	0.7896	0.7570	0.6995
107
0820	0.4839	0.9333	0.8322	0.7240	0.0530s	0.7884	0.7560	0.7007
108
0821	0.4302	0.9667	0.8325	0.7240	0.0529s	0.7881	0.7570	0.7016
109
0822	0.4475	0.9583	0.8358	0.7240	0.0530s	0.7892	0.7550	0.6992
110
0823	0.4179	0.9750	0.8373	0.7220	0.0527s	0.7904	0.7540	0.6978
111
0824	0.4324	0.9333	0.8363	0.7220	0.0530s	0.7903	0.7550	0.6989
112
0825	0.4252	0.9417	0.8297	0.7280	0.0532s	0.7883	0.7580	0.7019
113
0826	0.4210	0.9583	0.8274	0.7280	0.0530s	0.7890	0.7610	0.7030
114
0827	0.4501	0.9500	0.8308	0.7240	0.0529s	0.7905	0.7600	0.7019
115
0828	0.4209	0.9667	0.8349	0.7220	0.0530s	0.7917	0.7560	0.7005
116
0829	0.4347	0.9583	0.8353	0.7220	0.0530s	0.7910	0.7530	0.6952
117
0830	0.4507	0.9500	0.8344	0.7200	0.0530s	0.7897	0.7550	0.6942
118
0831	0.4338	0.9500	0.8322	0.7260	0.0531s	0.7882	0.7560	0.6997
119
0832	0.4277	0.9500	0.8307	0.7280	0.0531s	0.7873	0.7560	0.6985
120
0833	0.4278	0.9500	0.8306	0.7260	0.0530s	0.7881	0.7560	0.6988
121
0834	0.4367	0.9417	0.8313	0.7260	0.0531s	0.7890	0.7570	0.6968
122
0835	0.4278	0.9333	0.8338	0.7260	0.0530s	0.7905	0.7580	0.6978
123
0836	0.4314	0.9250	0.8373	0.7240	0.0531s	0.7928	0.7570	0.6968
124
0837	0.4506	0.9667	0.8413	0.7240	0.0537s	0.7943	0.7560	0.6931
125
0838	0.4096	0.9500	0.8395	0.7260	0.0532s	0.7920	0.7550	0.6942
126
0839	0.4300	0.9667	0.8380	0.7240	0.0532s	0.7899	0.7560	0.6975
127
0840	0.4246	0.9333	0.8380	0.7240	0.0529s	0.7898	0.7560	0.6995
128
0841	0.4497	0.9333	0.8374	0.7220	0.0531s	0.7897	0.7570	0.7006
129
0842	0.4722	0.9500	0.8378	0.7180	0.0531s	0.7900	0.7540	0.6959
130
0843	0.4240	0.9667	0.8338	0.7220	0.0531s	0.7888	0.7570	0.6989
131
0844	0.4138	0.9667	0.8301	0.7240	0.0533s	0.7878	0.7590	0.7008
132
0845	0.4665	0.9500	0.8305	0.7240	0.0530s	0.7886	0.7610	0.7003
133
0846	0.4406	0.9583	0.8355	0.7220	0.0547s	0.7910	0.7590	0.6982
134
0847	0.4299	0.9583	0.8403	0.7260	0.0536s	0.7929	0.7550	0.6940
135
0848	0.4541	0.9500	0.8422	0.7280	0.0530s	0.7936	0.7560	0.6971
136
0849	0.4319	0.9583	0.8398	0.7220	0.0529s	0.7929	0.7550	0.6941
137
0850	0.4515	0.9417	0.8347	0.7240	0.0538s	0.7913	0.7550	0.6941
138
0851	0.4135	0.9250	0.8317	0.7240	0.0530s	0.7900	0.7520	0.6917
139
0852	0.4252	0.9583	0.8269	0.7240	0.0530s	0.7877	0.7610	0.7004
140
0853	0.4490	0.9333	0.8260	0.7280	0.0530s	0.7869	0.7610	0.7025
141
0854	0.4704	0.9583	0.8316	0.7200	0.0538s	0.7887	0.7550	0.6968
142
0855	0.4312	0.9500	0.8397	0.7180	0.0531s	0.7916	0.7530	0.6944
143
0856	0.4438	0.9583	0.8447	0.7200	0.0531s	0.7930	0.7520	0.6929
144
0857	0.4323	0.9500	0.8485	0.7220	0.0545s	0.7948	0.7520	0.6927
145
0858	0.4414	0.9667	0.8477	0.7220	0.0530s	0.7952	0.7550	0.6957
146
0859	0.4313	0.9667	0.8429	0.7240	0.0531s	0.7940	0.7550	0.6938
147
0860	0.4454	0.9417	0.8344	0.7240	0.0531s	0.7914	0.7550	0.6946
148
0861	0.4545	0.9500	0.8281	0.7260	0.0536s	0.7892	0.7590	0.6989
149
0862	0.4399	0.9500	0.8271	0.7240	0.0531s	0.7876	0.7580	0.6974
150
0863	0.4682	0.9667	0.8313	0.7220	0.0530s	0.7878	0.7500	0.6922
151
0864	0.4774	0.9417	0.8354	0.7220	0.0530s	0.7878	0.7530	0.6972
152
0865	0.4359	0.9417	0.8406	0.7200	0.0531s	0.7888	0.7550	0.6987
153
0866	0.4102	0.9250	0.8443	0.7220	0.0531s	0.7903	0.7560	0.6991
154
0867	0.4413	0.9750	0.8435	0.7280	0.0529s	0.7907	0.7570	0.6999
155
0868	0.4422	0.9750	0.8399	0.7300	0.0540s	0.7906	0.7590	0.7020
156
0869	0.4626	0.9333	0.8353	0.7260	0.0530s	0.7891	0.7570	0.6983
157
0870	0.4377	0.9250	0.8315	0.7280	0.0532s	0.7866	0.7580	0.7013
158
0871	0.4573	0.9083	0.8303	0.7240	0.0531s	0.7848	0.7530	0.6972
159
0872	0.4618	0.9333	0.8322	0.7220	0.0532s	0.7843	0.7540	0.6983
160
0873	0.4360	0.9833	0.8342	0.7200	0.0533s	0.7845	0.7550	0.6989
161
0874	0.4394	0.9333	0.8367	0.7240	0.0531s	0.7854	0.7580	0.7017
162
0875	0.4287	0.9583	0.8373	0.7240	0.0531s	0.7872	0.7580	0.7017
163
0876	0.4619	0.9500	0.8350	0.7300	0.0532s	0.7875	0.7560	0.6952
164
0877	0.4364	0.9750	0.8328	0.7300	0.0530s	0.7874	0.7550	0.6913
165
0878	0.4405	0.9667	0.8305	0.7300	0.0531s	0.7871	0.7590	0.6972
166
0879	0.4623	0.9667	0.8310	0.7240	0.0544s	0.7871	0.7560	0.6947
167
0880	0.4286	0.9583	0.8329	0.7240	0.0533s	0.7881	0.7510	0.6906
168
0881	0.4272	0.9917	0.8359	0.7260	0.0531s	0.7892	0.7540	0.6962
169
0882	0.4431	0.9833	0.8375	0.7260	0.0526s	0.7892	0.7560	0.6981
170
0883	0.4024	0.9500	0.8387	0.7240	0.0531s	0.7890	0.7550	0.6986
171
0884	0.4467	0.9417	0.8361	0.7240	0.0531s	0.7874	0.7590	0.7019
172
0885	0.4141	0.9667	0.8321	0.7280	0.0531s	0.7858	0.7580	0.7006
173
0886	0.4300	0.9333	0.8298	0.7260	0.0529s	0.7847	0.7620	0.7051
174
0887	0.4675	0.9500	0.8314	0.7260	0.0529s	0.7858	0.7580	0.7018
175
0888	0.4181	0.9583	0.8334	0.7260	0.0527s	0.7871	0.7550	0.6970
176
0889	0.4475	0.9417	0.8360	0.7260	0.0529s	0.7885	0.7530	0.6923
177
0890	0.4334	0.9417	0.8380	0.7240	0.0534s	0.7892	0.7520	0.6912
178
0891	0.4540	0.9500	0.8351	0.7240	0.0531s	0.7875	0.7540	0.6930
179
0892	0.4104	0.9250	0.8321	0.7260	0.0530s	0.7858	0.7570	0.6981
180
0893	0.4353	0.9583	0.8297	0.7260	0.0545s	0.7853	0.7550	0.6943
181
0894	0.4655	0.9500	0.8273	0.7260	0.0544s	0.7853	0.7600	0.6995
182
0895	0.4553	0.9333	0.8307	0.7260	0.0547s	0.7869	0.7590	0.6984
183
0896	0.4360	0.9333	0.8361	0.7240	0.0549s	0.7885	0.7560	0.6952
184
0897	0.4209	0.9750	0.8414	0.7240	0.0560s	0.7904	0.7540	0.6929
185
0898	0.4404	0.9583	0.8399	0.7240	0.0542s	0.7892	0.7530	0.6922
186
0899	0.4542	0.9583	0.8357	0.7220	0.0535s	0.7870	0.7510	0.6929
187
0900	0.4669	0.9000	0.8274	0.7220	0.0531s	0.7834	0.7530	0.6950
188
0901	0.4347	0.9750	0.8225	0.7260	0.0532s	0.7821	0.7560	0.6979
189
0902	0.4228	0.9583	0.8231	0.7260	0.0530s	0.7832	0.7560	0.6976
190
0903	0.4342	0.9500	0.8280	0.7260	0.0531s	0.7865	0.7590	0.6987
191
0904	0.4376	0.9667	0.8357	0.7240	0.0534s	0.7905	0.7580	0.6975
192
0905	0.4427	0.9583	0.8400	0.7220	0.0532s	0.7912	0.7580	0.6968
193
0906	0.4390	0.9333	0.8407	0.7260	0.0530s	0.7903	0.7540	0.6946
194
0907	0.4298	0.9500	0.8383	0.7240	0.0531s	0.7881	0.7550	0.6958
195
0908	0.4471	0.9333	0.8360	0.7220	0.0532s	0.7870	0.7510	0.6931
196
0909	0.4571	0.9583	0.8313	0.7280	0.0530s	0.7859	0.7550	0.6970
197
0910	0.4587	0.9667	0.8275	0.7260	0.0530s	0.7869	0.7570	0.6974
198
0911	0.4323	0.9333	0.8269	0.7260	0.0531s	0.7869	0.7580	0.6984
199
Early stop! Min loss:0.8201777935028076,  Max accuracy:0.734
Early stop model validation loss:0.8201777935028076,  accuracy:0.732
Optimization Finished!
Total time elapsed: 50.3455s
test max acc:0.7650
Loading 710th epoch
stru_node_to_hop attention:tensor([[0.2816, 0.3592, 0.3592],
        [0.2152, 0.4686, 0.3162],
        [0.3152, 0.3424, 0.3424],
        [0.2391, 0.3339, 0.4270],
        [0.3036, 0.3482, 0.3482],
        [0.3488, 0.3425, 0.3087],
        [0.3502, 0.3249, 0.3249],
        [0.2309, 0.2547, 0.5144],
        [0.5593, 0.2315, 0.2092],
        [0.4083, 0.3110, 0.2807],
        [0.3597, 0.3222, 0.3180],
        [0.2796, 0.3602, 0.3602],
        [0.2611, 0.3477, 0.3912],
        [0.2506, 0.3617, 0.3877],
        [0.2408, 0.3728, 0.3864],
        [0.2801, 0.3599, 0.3599],
        [0.2713, 0.3668, 0.3619],
        [0.2372, 0.4247, 0.3380],
        [0.2242, 0.2399, 0.5359],
        [0.2634, 0.4108, 0.3257],
        [0.2522, 0.3895, 0.3583],
        [0.2754, 0.3342, 0.3904],
        [0.2543, 0.3382, 0.4075],
        [0.2802, 0.3483, 0.3716],
        [0.3132, 0.3421, 0.3447],
        [0.4727, 0.2786, 0.2486],
        [0.5581, 0.2357, 0.2063],
        [0.2446, 0.2955, 0.4599],
        [0.2387, 0.4374, 0.3239],
        [0.3499, 0.2801, 0.3700],
        [0.3376, 0.3126, 0.3498],
        [0.3793, 0.2992, 0.3214],
        [0.3094, 0.3027, 0.3879],
        [0.2561, 0.3434, 0.4005],
        [0.2529, 0.3269, 0.4202],
        [0.2746, 0.3627, 0.3627],
        [0.2768, 0.3616, 0.3616],
        [0.2648, 0.3676, 0.3676],
        [0.2793, 0.3409, 0.3799],
        [0.3059, 0.3777, 0.3164],
        [0.2458, 0.3739, 0.3803],
        [0.2991, 0.3123, 0.3886],
        [0.4381, 0.2823, 0.2797],
        [0.4758, 0.3189, 0.2053],
        [0.2722, 0.3528, 0.3749],
        [0.2984, 0.3508, 0.3508],
        [0.2520, 0.3302, 0.4178],
        [0.3108, 0.3111, 0.3781],
        [0.3988, 0.2795, 0.3217],
        [0.2423, 0.3950, 0.3627],
        [0.3126, 0.3779, 0.3094],
        [0.2619, 0.3386, 0.3996],
        [0.4960, 0.2698, 0.2341],
        [0.5312, 0.2271, 0.2417],
        [0.4283, 0.2627, 0.3090],
        [0.4559, 0.3073, 0.2368],
        [0.2740, 0.3836, 0.3424],
        [0.2716, 0.3326, 0.3957],
        [0.2587, 0.3728, 0.3685],
        [0.2718, 0.2771, 0.4512],
        [0.5960, 0.1954, 0.2087],
        [0.4549, 0.2589, 0.2862],
        [0.2837, 0.3017, 0.4146],
        [0.3193, 0.3404, 0.3404],
        [0.2732, 0.3274, 0.3994],
        [0.3111, 0.3801, 0.3089],
        [0.2994, 0.3347, 0.3659],
        [0.3153, 0.3271, 0.3576],
        [0.2909, 0.3569, 0.3522],
        [0.3298, 0.3854, 0.2848],
        [0.2505, 0.3933, 0.3563],
        [0.2670, 0.3661, 0.3669],
        [0.3164, 0.3217, 0.3620],
        [0.2845, 0.3492, 0.3663],
        [0.2602, 0.3178, 0.4220],
        [0.2374, 0.4016, 0.3610],
        [0.2196, 0.3966, 0.3839],
        [0.2604, 0.3120, 0.4276],
        [0.2748, 0.3992, 0.3260],
        [0.2460, 0.4751, 0.2789],
        [0.2406, 0.3720, 0.3874],
        [0.2329, 0.4093, 0.3578],
        [0.3042, 0.3228, 0.3730],
        [0.2514, 0.4001, 0.3485],
        [0.3139, 0.2971, 0.3890],
        [0.3274, 0.3567, 0.3158],
        [0.2704, 0.3797, 0.3499],
        [0.2538, 0.3402, 0.4060],
        [0.2906, 0.3158, 0.3936],
        [0.2646, 0.3677, 0.3677],
        [0.5267, 0.2395, 0.2338],
        [0.4494, 0.2707, 0.2799],
        [0.2967, 0.2828, 0.4206],
        [0.3010, 0.3385, 0.3605],
        [0.2631, 0.3685, 0.3685],
        [0.6185, 0.1927, 0.1887],
        [0.6155, 0.1884, 0.1961],
        [0.2666, 0.3637, 0.3697],
        [0.2550, 0.3982, 0.3468],
        [0.6763, 0.1562, 0.1675]], device='cuda:1')
fea_node_to_hop attention:tensor([[0.2898, 0.3181, 0.1937, 0.1984],
        [0.3391, 0.2556, 0.1978, 0.2075],
        [0.2121, 0.3930, 0.2097, 0.1852],
        [0.2255, 0.3139, 0.2464, 0.2141],
        [0.3006, 0.3228, 0.1883, 0.1883],
        [0.4203, 0.2316, 0.1711, 0.1771],
        [0.3283, 0.2924, 0.1832, 0.1961],
        [0.7070, 0.1029, 0.0993, 0.0907],
        [0.4565, 0.2127, 0.1617, 0.1691],
        [0.4116, 0.2358, 0.1807, 0.1719],
        [0.3562, 0.2903, 0.1835, 0.1699],
        [0.3897, 0.2614, 0.1694, 0.1796],
        [0.5510, 0.1477, 0.1501, 0.1511],
        [0.2114, 0.3432, 0.2381, 0.2073],
        [0.2470, 0.3577, 0.2111, 0.1842],
        [0.3270, 0.2882, 0.2009, 0.1838],
        [0.2255, 0.2828, 0.2560, 0.2357],
        [0.2063, 0.3518, 0.2384, 0.2036],
        [0.2983, 0.2847, 0.2168, 0.2002],
        [0.6050, 0.1498, 0.1270, 0.1182],
        [0.3055, 0.2881, 0.2179, 0.1884],
        [0.2476, 0.3591, 0.2097, 0.1835],
        [0.2448, 0.2912, 0.2452, 0.2188],
        [0.2647, 0.3065, 0.2255, 0.2033],
        [0.2042, 0.3704, 0.2266, 0.1989],
        [0.4868, 0.1846, 0.1672, 0.1614],
        [0.5258, 0.1717, 0.1516, 0.1508],
        [0.2038, 0.3315, 0.2489, 0.2157],
        [0.1955, 0.3401, 0.2468, 0.2176],
        [0.2512, 0.3609, 0.2084, 0.1795],
        [0.3719, 0.2796, 0.1804, 0.1681],
        [0.2603, 0.3607, 0.2021, 0.1769],
        [0.2542, 0.3525, 0.2128, 0.1805],
        [0.2999, 0.3128, 0.2030, 0.1842],
        [0.3723, 0.2869, 0.1801, 0.1608],
        [0.2883, 0.2620, 0.2369, 0.2128],
        [0.2762, 0.3327, 0.2058, 0.1852],
        [0.3874, 0.2392, 0.1945, 0.1789],
        [0.2051, 0.3463, 0.2353, 0.2133],
        [0.2331, 0.3192, 0.2353, 0.2124],
        [0.2669, 0.3038, 0.2294, 0.1999],
        [0.2693, 0.3381, 0.2076, 0.1850],
        [0.5140, 0.1883, 0.1529, 0.1448],
        [0.2862, 0.3337, 0.2033, 0.1768],
        [0.2086, 0.3737, 0.2258, 0.1919],
        [0.1984, 0.4103, 0.2083, 0.1830],
        [0.3845, 0.2685, 0.1828, 0.1642],
        [0.2648, 0.3524, 0.2034, 0.1794],
        [0.2452, 0.3813, 0.2016, 0.1718],
        [0.2014, 0.2926, 0.2644, 0.2416],
        [0.2885, 0.2704, 0.2291, 0.2121],
        [0.2566, 0.3098, 0.2305, 0.2031],
        [0.4402, 0.2306, 0.1688, 0.1604],
        [0.4785, 0.2335, 0.1492, 0.1387],
        [0.3974, 0.2541, 0.1814, 0.1671],
        [0.3824, 0.2591, 0.1840, 0.1745],
        [0.1857, 0.2955, 0.2766, 0.2422],
        [0.2357, 0.3462, 0.2208, 0.1973],
        [0.2093, 0.3095, 0.2520, 0.2292],
        [0.3691, 0.2451, 0.2005, 0.1853],
        [0.6280, 0.1305, 0.1209, 0.1206],
        [0.3317, 0.3098, 0.1899, 0.1685],
        [0.2000, 0.3859, 0.2272, 0.1869],
        [0.3641, 0.2604, 0.1988, 0.1767],
        [0.2039, 0.3583, 0.2348, 0.2030],
        [0.2990, 0.3556, 0.1804, 0.1650],
        [0.2268, 0.2827, 0.2536, 0.2368],
        [0.2481, 0.3497, 0.2157, 0.1865],
        [0.2175, 0.3330, 0.2420, 0.2075],
        [0.3565, 0.3146, 0.1757, 0.1533],
        [0.2019, 0.3252, 0.2516, 0.2213],
        [0.2803, 0.2872, 0.2270, 0.2056],
        [0.2977, 0.3028, 0.2125, 0.1870],
        [0.2171, 0.3671, 0.2226, 0.1932],
        [0.5305, 0.1921, 0.1461, 0.1313],
        [0.3255, 0.2929, 0.1984, 0.1832],
        [0.3530, 0.3064, 0.1870, 0.1536],
        [0.2256, 0.3095, 0.2436, 0.2213],
        [0.2625, 0.2710, 0.2491, 0.2174],
        [0.4568, 0.2319, 0.1637, 0.1477],
        [0.2199, 0.3504, 0.2264, 0.2033],
        [0.2933, 0.2721, 0.2281, 0.2066],
        [0.2473, 0.3523, 0.2160, 0.1844],
        [0.2143, 0.2823, 0.2590, 0.2444],
        [0.2462, 0.2673, 0.2526, 0.2338],
        [0.6824, 0.1262, 0.0993, 0.0921],
        [0.2218, 0.3177, 0.2461, 0.2143],
        [0.2703, 0.3075, 0.2243, 0.1979],
        [0.3214, 0.2846, 0.2097, 0.1842],
        [0.2805, 0.2921, 0.2227, 0.2047],
        [0.3844, 0.2720, 0.1765, 0.1671],
        [0.2723, 0.3522, 0.2038, 0.1717],
        [0.1955, 0.3445, 0.2453, 0.2147],
        [0.2057, 0.2794, 0.2653, 0.2497],
        [0.2379, 0.3003, 0.2413, 0.2205],
        [0.4166, 0.2324, 0.1841, 0.1668],
        [0.3307, 0.2294, 0.2261, 0.2137],
        [0.2481, 0.3330, 0.2215, 0.1973],
        [0.2159, 0.2810, 0.2577, 0.2454],
        [0.6121, 0.1292, 0.1289, 0.1297]], device='cuda:1')
perception attention:tensor([0.4496, 0.5504], device='cuda:1')
Test set results: loss= 0.7824 accuracy= 0.7630 F1_score= 0.7066
