# epoch	loss_train	acc_train	loss_val	acc_val	time	acc_test	f1_test
0001	1.7934	0.1750	1.7915	0.2140	0.0528s	1.7896	0.2310	0.0644
0
0002	1.7919	0.2083	1.7912	0.2140	0.0530s	1.7889	0.2310	0.0626
0
0003	1.7894	0.1833	1.7902	0.2140	0.0532s	1.7877	0.2310	0.0626
0
0004	1.7855	0.1917	1.7885	0.2140	0.0530s	1.7860	0.2310	0.0626
0
0005	1.7807	0.2167	1.7861	0.2140	0.0530s	1.7837	0.2310	0.0626
0
0006	1.7799	0.2083	1.7838	0.2140	0.0534s	1.7817	0.2310	0.0626
0
0007	1.7733	0.1917	1.7814	0.2140	0.0537s	1.7794	0.2310	0.0626
0
0008	1.7683	0.2250	1.7788	0.2140	0.0533s	1.7769	0.2310	0.0626
0
0009	1.7618	0.2250	1.7758	0.2160	0.0534s	1.7742	0.2320	0.0646
0
0010	1.7574	0.2583	1.7730	0.2160	0.0533s	1.7713	0.2320	0.0646
0
0011	1.7502	0.2583	1.7700	0.2160	0.0531s	1.7681	0.2320	0.0646
0
0012	1.7445	0.2500	1.7671	0.2160	0.0816s	1.7648	0.2320	0.0646
0
0013	1.7326	0.3333	1.7635	0.2160	0.0662s	1.7606	0.2320	0.0646
0
0014	1.7282	0.3333	1.7600	0.2200	0.0617s	1.7565	0.2350	0.0708
0
0015	1.7164	0.3917	1.7557	0.2240	0.0620s	1.7519	0.2420	0.0892
0
0016	1.7095	0.3750	1.7512	0.2360	0.0620s	1.7469	0.2600	0.1288
0
0017	1.6941	0.4750	1.7464	0.2680	0.0620s	1.7416	0.2920	0.1875
0
0018	1.6828	0.5333	1.7405	0.3100	0.0618s	1.7353	0.3270	0.2414
0
0019	1.6714	0.6500	1.7332	0.3500	0.0620s	1.7282	0.3690	0.2975
0
0020	1.6632	0.6333	1.7254	0.3960	0.0619s	1.7204	0.4200	0.3551
0
0021	1.6431	0.6750	1.7182	0.4260	0.0620s	1.7127	0.4670	0.4024
0
0022	1.6280	0.7333	1.7103	0.4580	0.0618s	1.7047	0.4960	0.4415
0
0023	1.6091	0.7500	1.7026	0.4840	0.0618s	1.6967	0.5180	0.4698
0
0024	1.5937	0.7917	1.6946	0.5080	0.0620s	1.6885	0.5380	0.4908
0
0025	1.5766	0.8000	1.6869	0.5400	0.0621s	1.6802	0.5700	0.5206
0
0026	1.5486	0.8333	1.6788	0.5640	0.0617s	1.6716	0.5930	0.5457
0
0027	1.5300	0.7917	1.6698	0.5760	0.0578s	1.6621	0.6030	0.5567
0
0028	1.5161	0.8583	1.6600	0.5960	0.0552s	1.6522	0.6180	0.5749
0
0029	1.4953	0.8250	1.6494	0.6060	0.0543s	1.6415	0.6280	0.5875
0
0030	1.4531	0.8750	1.6382	0.6260	0.0535s	1.6301	0.6510	0.6132
0
0031	1.4422	0.8667	1.6270	0.6360	0.0532s	1.6183	0.6670	0.6332
0
0032	1.4020	0.9000	1.6160	0.6460	0.0540s	1.6063	0.6770	0.6428
0
0033	1.4012	0.8833	1.6043	0.6440	0.0534s	1.5932	0.6790	0.6439
0
0034	1.3795	0.9000	1.5921	0.6400	0.0534s	1.5801	0.6810	0.6459
0
0035	1.3585	0.8500	1.5793	0.6540	0.0533s	1.5666	0.6820	0.6437
0
0036	1.3095	0.9000	1.5662	0.6600	0.0529s	1.5532	0.6810	0.6422
0
0037	1.2986	0.8667	1.5526	0.6640	0.0533s	1.5395	0.6770	0.6379
0
0038	1.2747	0.9000	1.5396	0.6620	0.0548s	1.5262	0.6850	0.6442
0
0039	1.2541	0.9333	1.5264	0.6680	0.0533s	1.5125	0.6870	0.6469
0
0040	1.2490	0.9000	1.5124	0.6700	0.0531s	1.4981	0.6900	0.6504
0
0041	1.2168	0.9333	1.4988	0.6680	0.0536s	1.4831	0.6870	0.6484
0
0042	1.1977	0.9333	1.4859	0.6640	0.0536s	1.4686	0.6860	0.6466
0
0043	1.1534	0.9250	1.4723	0.6620	0.0531s	1.4538	0.6850	0.6455
0
0044	1.1557	0.8833	1.4579	0.6560	0.0529s	1.4388	0.6910	0.6519
0
0045	1.1313	0.9000	1.4441	0.6620	0.0533s	1.4244	0.6930	0.6537
0
0046	1.1356	0.9000	1.4317	0.6620	0.0532s	1.4111	0.6900	0.6508
0
0047	1.1066	0.8917	1.4192	0.6600	0.0527s	1.3972	0.6880	0.6496
0
0048	1.0792	0.9083	1.4058	0.6620	0.0530s	1.3833	0.6880	0.6497
0
0049	1.0652	0.9000	1.3927	0.6600	0.0532s	1.3696	0.6880	0.6487
0
0050	1.0526	0.9417	1.3808	0.6640	0.0530s	1.3569	0.6930	0.6542
0
0051	1.0137	0.9083	1.3708	0.6680	0.0532s	1.3455	0.6960	0.6573
0
0052	1.0286	0.9417	1.3586	0.6780	0.0535s	1.3328	0.6970	0.6593
0
0053	1.0168	0.9250	1.3474	0.6720	0.0526s	1.3205	0.6950	0.6573
0
0054	1.0606	0.9333	1.3348	0.6680	0.0531s	1.3077	0.6930	0.6540
0
0055	0.9955	0.8917	1.3207	0.6740	0.0530s	1.2945	0.6950	0.6569
0
0056	1.0005	0.9583	1.3077	0.6740	0.0531s	1.2819	0.7030	0.6629
0
0057	0.9824	0.9417	1.2954	0.6840	0.0533s	1.2704	0.7100	0.6703
0
0058	0.9588	0.9167	1.2843	0.6920	0.0531s	1.2589	0.7130	0.6751
0
0059	0.9257	0.9417	1.2754	0.6960	0.0530s	1.2486	0.7150	0.6783
0
0060	0.9279	0.9500	1.2662	0.6920	0.0531s	1.2377	0.7150	0.6789
0
0061	0.9291	0.9667	1.2569	0.6900	0.0530s	1.2272	0.7140	0.6768
0
0062	0.9049	0.8917	1.2470	0.6880	0.0531s	1.2170	0.7130	0.6719
0
0063	0.9239	0.8917	1.2360	0.6880	0.0530s	1.2067	0.7160	0.6742
0
0064	0.9578	0.9417	1.2240	0.6940	0.0529s	1.1961	0.7210	0.6788
0
0065	0.9126	0.9333	1.2146	0.7000	0.0531s	1.1866	0.7250	0.6842
0
0066	0.9092	0.9333	1.2069	0.7040	0.0531s	1.1781	0.7220	0.6816
0
0067	0.8884	0.9417	1.2000	0.7040	0.0536s	1.1698	0.7210	0.6783
0
0068	0.8794	0.9333	1.1925	0.6980	0.0542s	1.1605	0.7230	0.6809
0
0069	0.8825	0.9417	1.1844	0.7020	0.0537s	1.1514	0.7240	0.6832
0
0070	0.8650	0.9417	1.1740	0.7040	0.0530s	1.1413	0.7260	0.6871
0
0071	0.8781	0.9417	1.1635	0.7060	0.0531s	1.1323	0.7290	0.6902
0
0072	0.8734	0.8750	1.1553	0.7120	0.0532s	1.1256	0.7290	0.6874
0
0073	0.8895	0.9333	1.1486	0.7100	0.0530s	1.1198	0.7270	0.6854
0
0074	0.8668	0.9417	1.1420	0.7020	0.0533s	1.1128	0.7260	0.6844
0
0075	0.8617	0.9000	1.1348	0.6980	0.0533s	1.1043	0.7270	0.6823
0
0076	0.8937	0.9417	1.1261	0.6920	0.0532s	1.0940	0.7300	0.6866
0
0077	0.8669	0.9083	1.1173	0.7000	0.0532s	1.0846	0.7280	0.6856
0
0078	0.8467	0.9000	1.1118	0.7020	0.0536s	1.0781	0.7310	0.6895
0
0079	0.8575	0.9583	1.1060	0.7040	0.0531s	1.0726	0.7320	0.6906
0
0080	0.8455	0.9417	1.1019	0.7140	0.0531s	1.0687	0.7300	0.6866
0
0081	0.8390	0.8917	1.0958	0.7140	0.0536s	1.0636	0.7320	0.6896
0
0082	0.7896	0.9500	1.0894	0.7160	0.0537s	1.0577	0.7340	0.6918
0
0083	0.8087	0.9417	1.0830	0.7220	0.0540s	1.0513	0.7330	0.6909
0
0084	0.8190	0.9750	1.0757	0.7240	0.0534s	1.0437	0.7340	0.6903
0
0085	0.8353	0.9417	1.0683	0.7240	0.0532s	1.0358	0.7380	0.6960
0
0086	0.7749	0.9417	1.0631	0.7180	0.0534s	1.0301	0.7340	0.6893
0
0087	0.8333	0.9167	1.0590	0.7160	0.0533s	1.0250	0.7330	0.6885
0
0088	0.7960	0.9167	1.0543	0.7160	0.0533s	1.0201	0.7340	0.6878
0
0089	0.8153	0.9250	1.0507	0.7220	0.0539s	1.0176	0.7330	0.6879
0
0090	0.7875	0.9333	1.0458	0.7260	0.0546s	1.0133	0.7330	0.6879
0
0091	0.7772	0.9333	1.0401	0.7300	0.0543s	1.0077	0.7370	0.6918
0
0092	0.8049	0.9167	1.0337	0.7280	0.0544s	1.0006	0.7400	0.6979
0
0093	0.7723	0.9417	1.0303	0.7220	0.0552s	0.9951	0.7380	0.6965
0
0094	0.7842	0.9250	1.0270	0.7220	0.0543s	0.9914	0.7370	0.6957
0
0095	0.8147	0.9000	1.0221	0.7260	0.0543s	0.9872	0.7390	0.6972
0
0096	0.7702	0.9333	1.0179	0.7260	0.0539s	0.9836	0.7380	0.6947
0
0097	0.7714	0.9500	1.0150	0.7300	0.0530s	0.9809	0.7390	0.6948
0
0098	0.7414	0.9667	1.0136	0.7320	0.0530s	0.9796	0.7370	0.6913
0
0099	0.7667	0.9500	1.0087	0.7340	0.0534s	0.9756	0.7410	0.6993
0
0100	0.7577	0.9333	1.0035	0.7360	0.0537s	0.9700	0.7390	0.6960
0
0101	0.7421	0.9667	0.9983	0.7300	0.0539s	0.9638	0.7400	0.6978
0
0102	0.7280	0.9250	0.9935	0.7320	0.0538s	0.9593	0.7380	0.6961
0
0103	0.7199	0.9333	0.9882	0.7320	0.0542s	0.9556	0.7400	0.6981
0
0104	0.7168	0.9583	0.9847	0.7300	0.0535s	0.9531	0.7450	0.7028
0
0105	0.7409	0.9500	0.9821	0.7300	0.0533s	0.9511	0.7420	0.6986
0
0106	0.7484	0.9500	0.9789	0.7320	0.0538s	0.9486	0.7420	0.6965
0
0107	0.7175	0.9417	0.9772	0.7320	0.0543s	0.9465	0.7420	0.6965
0
0108	0.7169	0.9500	0.9760	0.7300	0.0541s	0.9440	0.7420	0.6959
0
0109	0.7001	0.9500	0.9768	0.7280	0.0540s	0.9416	0.7380	0.6917
0
0110	0.6884	0.9833	0.9746	0.7240	0.0541s	0.9379	0.7380	0.6969
1
0111	0.7264	0.9083	0.9708	0.7260	0.0538s	0.9336	0.7410	0.7027
0
0112	0.6702	0.9583	0.9686	0.7260	0.0534s	0.9304	0.7450	0.7083
0
0113	0.6945	0.9583	0.9651	0.7240	0.0533s	0.9271	0.7440	0.7076
0
0114	0.6646	0.9750	0.9601	0.7240	0.0610s	0.9236	0.7480	0.7081
0
0115	0.6737	0.9250	0.9573	0.7260	0.0577s	0.9224	0.7440	0.6981
0
0116	0.6646	0.9083	0.9549	0.7300	0.0543s	0.9222	0.7420	0.6944
0
0117	0.6412	0.9333	0.9518	0.7320	0.0536s	0.9199	0.7430	0.6970
0
0118	0.6617	0.9500	0.9484	0.7300	0.0535s	0.9149	0.7470	0.7043
0
0119	0.7091	0.9000	0.9463	0.7260	0.0532s	0.9100	0.7490	0.7091
0
0120	0.6462	0.9333	0.9470	0.7260	0.0540s	0.9078	0.7460	0.7080
0
0121	0.6400	0.9833	0.9475	0.7220	0.0535s	0.9061	0.7450	0.7070
1
0122	0.6846	0.9500	0.9464	0.7180	0.0533s	0.9048	0.7480	0.7079
2
0123	0.6463	0.9083	0.9466	0.7200	0.0529s	0.9052	0.7400	0.6958
3
0124	0.6321	0.9750	0.9423	0.7260	0.0532s	0.9039	0.7420	0.6989
4
0125	0.5972	0.9750	0.9373	0.7260	0.0531s	0.9014	0.7490	0.7099
0
0126	0.6294	0.9417	0.9337	0.7260	0.0529s	0.8991	0.7480	0.7091
0
0127	0.6103	0.9667	0.9314	0.7260	0.0551s	0.8962	0.7490	0.7101
0
0128	0.6462	0.9583	0.9305	0.7280	0.0551s	0.8934	0.7500	0.7099
0
0129	0.6223	0.9417	0.9280	0.7260	0.0541s	0.8899	0.7440	0.7020
0
0130	0.6197	0.9500	0.9251	0.7280	0.0543s	0.8874	0.7450	0.7032
0
0131	0.5776	0.9667	0.9251	0.7240	0.0543s	0.8871	0.7460	0.7054
0
0132	0.6036	0.9250	0.9251	0.7240	0.0544s	0.8866	0.7460	0.7051
0
0133	0.5986	0.9667	0.9230	0.7280	0.0536s	0.8862	0.7480	0.7067
1
0134	0.5783	0.9583	0.9197	0.7320	0.0536s	0.8848	0.7470	0.7058
0
0135	0.6099	0.9500	0.9160	0.7340	0.0538s	0.8829	0.7470	0.7060
0
0136	0.6022	0.9167	0.9136	0.7340	0.0532s	0.8796	0.7450	0.7045
0
0137	0.6168	0.9333	0.9117	0.7320	0.0580s	0.8764	0.7440	0.7024
0
0138	0.6165	0.9083	0.9113	0.7300	0.0556s	0.8741	0.7410	0.6985
0
0139	0.6133	0.9417	0.9109	0.7320	0.0539s	0.8723	0.7410	0.6984
0
0140	0.5992	0.9250	0.9108	0.7220	0.0532s	0.8718	0.7420	0.7003
0
0141	0.5965	0.9333	0.9102	0.7200	0.0534s	0.8719	0.7440	0.7038
0
0142	0.5805	0.9583	0.9087	0.7240	0.0532s	0.8714	0.7440	0.7033
0
0143	0.5762	0.9583	0.9057	0.7280	0.0531s	0.8686	0.7440	0.7033
0
0144	0.5560	0.9667	0.9030	0.7300	0.0535s	0.8646	0.7460	0.7058
0
0145	0.5897	0.9583	0.9028	0.7220	0.0532s	0.8619	0.7440	0.7015
0
0146	0.5925	0.9417	0.9013	0.7240	0.0536s	0.8594	0.7420	0.6997
0
0147	0.5909	0.9000	0.8976	0.7240	0.0532s	0.8572	0.7460	0.7038
0
0148	0.5721	0.9417	0.8950	0.7280	0.0533s	0.8566	0.7510	0.7082
0
0149	0.5293	0.9333	0.8946	0.7260	0.0533s	0.8570	0.7500	0.7050
0
0150	0.5957	0.9167	0.8946	0.7260	0.0530s	0.8564	0.7510	0.7076
0
0151	0.5314	0.9667	0.8929	0.7300	0.0537s	0.8546	0.7490	0.7055
1
0152	0.5468	0.9667	0.8921	0.7320	0.0532s	0.8533	0.7480	0.7051
0
0153	0.5650	0.9667	0.8958	0.7260	0.0531s	0.8543	0.7450	0.7022
0
0154	0.5429	0.9500	0.8972	0.7220	0.0528s	0.8546	0.7410	0.6984
1
0155	0.5817	0.9500	0.8942	0.7260	0.0531s	0.8524	0.7410	0.6986
2
0156	0.5487	0.9583	0.8905	0.7280	0.0534s	0.8500	0.7460	0.7021
3
0157	0.5382	0.9000	0.8878	0.7260	0.0530s	0.8493	0.7490	0.7036
0
0158	0.5692	0.9333	0.8879	0.7280	0.0542s	0.8501	0.7500	0.7039
0
0159	0.5302	0.9750	0.8906	0.7220	0.0535s	0.8505	0.7480	0.7035
1
0160	0.5399	0.9500	0.8936	0.7260	0.0533s	0.8503	0.7430	0.6989
2
0161	0.5577	0.9750	0.8946	0.7220	0.0528s	0.8493	0.7420	0.6977
3
0162	0.5449	0.9500	0.8900	0.7320	0.0539s	0.8457	0.7400	0.6961
4
0163	0.5491	0.9250	0.8818	0.7300	0.0531s	0.8415	0.7500	0.7067
5
0164	0.5316	0.9333	0.8788	0.7320	0.0532s	0.8399	0.7480	0.7013
0
0165	0.5438	0.9750	0.8809	0.7320	0.0530s	0.8413	0.7450	0.6927
0
0166	0.5526	0.9333	0.8829	0.7260	0.0538s	0.8421	0.7450	0.6927
1
0167	0.5418	0.9500	0.8842	0.7220	0.0534s	0.8411	0.7470	0.6993
2
0168	0.5029	0.9250	0.8841	0.7280	0.0539s	0.8389	0.7460	0.6996
3
0169	0.5426	0.9500	0.8848	0.7260	0.0536s	0.8381	0.7460	0.7003
4
0170	0.5374	0.9750	0.8796	0.7240	0.0542s	0.8349	0.7460	0.6994
5
0171	0.5295	0.9333	0.8751	0.7300	0.0533s	0.8327	0.7480	0.7012
6
0172	0.5171	0.9583	0.8730	0.7260	0.0537s	0.8327	0.7460	0.6942
0
0173	0.5007	0.9500	0.8760	0.7240	0.0534s	0.8347	0.7480	0.6955
0
0174	0.5510	0.9667	0.8781	0.7200	0.0539s	0.8342	0.7490	0.6979
1
0175	0.5411	0.9583	0.8784	0.7200	0.0533s	0.8326	0.7510	0.7012
2
0176	0.5296	0.9083	0.8749	0.7240	0.0536s	0.8302	0.7490	0.6998
3
0177	0.5186	0.9583	0.8722	0.7220	0.0532s	0.8286	0.7490	0.7018
4
0178	0.5208	0.9750	0.8700	0.7240	0.0531s	0.8273	0.7490	0.7017
0
0179	0.5114	0.9250	0.8727	0.7200	0.0531s	0.8283	0.7480	0.6992
0
0180	0.5463	0.9333	0.8737	0.7180	0.0536s	0.8298	0.7450	0.6929
1
0181	0.4796	0.9583	0.8729	0.7240	0.0534s	0.8305	0.7480	0.6955
2
0182	0.5005	0.9500	0.8647	0.7260	0.0533s	0.8273	0.7500	0.6993
3
0183	0.4955	0.9583	0.8589	0.7300	0.0534s	0.8247	0.7550	0.7076
0
0184	0.5158	0.9333	0.8601	0.7220	0.0531s	0.8236	0.7600	0.7121
0
0185	0.5169	0.9750	0.8655	0.7220	0.0531s	0.8243	0.7580	0.7110
1
0186	0.5097	0.9333	0.8741	0.7200	0.0532s	0.8275	0.7470	0.6971
2
0187	0.5201	0.9333	0.8817	0.7080	0.0530s	0.8308	0.7420	0.6876
3
0188	0.5141	0.9667	0.8827	0.7040	0.0528s	0.8312	0.7420	0.6875
4
0189	0.5239	0.9083	0.8727	0.7180	0.0533s	0.8262	0.7460	0.6920
5
0190	0.5075	0.9250	0.8619	0.7240	0.0532s	0.8219	0.7460	0.6923
6
0191	0.4924	0.9500	0.8538	0.7280	0.0533s	0.8183	0.7510	0.6972
7
0192	0.5009	0.9583	0.8524	0.7300	0.0536s	0.8171	0.7530	0.6994
0
0193	0.5074	0.9417	0.8577	0.7240	0.0531s	0.8181	0.7540	0.7001
0
0194	0.5153	0.9583	0.8637	0.7160	0.0531s	0.8198	0.7450	0.6917
1
0195	0.5119	0.9167	0.8709	0.7140	0.0531s	0.8226	0.7480	0.6935
2
0196	0.4770	0.9750	0.8726	0.7140	0.0587s	0.8231	0.7450	0.6906
3
0197	0.4838	0.9750	0.8684	0.7140	0.0580s	0.8205	0.7430	0.6892
4
0198	0.5001	0.9667	0.8638	0.7180	0.0542s	0.8186	0.7430	0.6897
5
0199	0.5050	0.9750	0.8605	0.7200	0.0532s	0.8173	0.7420	0.6868
6
0200	0.5248	0.9417	0.8591	0.7180	0.0531s	0.8171	0.7460	0.6907
7
0201	0.5096	0.9417	0.8607	0.7160	0.0534s	0.8183	0.7470	0.6940
8
0202	0.4911	0.9500	0.8635	0.7140	0.0532s	0.8196	0.7470	0.6935
9
0203	0.4779	0.9750	0.8609	0.7140	0.0530s	0.8178	0.7460	0.6923
10
0204	0.4849	0.9667	0.8548	0.7260	0.0531s	0.8140	0.7500	0.6962
11
0205	0.4736	0.9500	0.8538	0.7260	0.0529s	0.8129	0.7530	0.7048
12
0206	0.4895	0.9583	0.8532	0.7280	0.0530s	0.8124	0.7490	0.6976
13
0207	0.4712	0.9500	0.8547	0.7220	0.0530s	0.8128	0.7480	0.6950
14
0208	0.4980	0.9333	0.8609	0.7160	0.0529s	0.8157	0.7490	0.6954
15
0209	0.4937	0.9667	0.8649	0.7140	0.0533s	0.8175	0.7480	0.6939
16
0210	0.5033	0.8917	0.8654	0.7100	0.0537s	0.8176	0.7470	0.6930
17
0211	0.5190	0.9250	0.8600	0.7160	0.0532s	0.8144	0.7500	0.6963
18
0212	0.4702	0.9417	0.8552	0.7160	0.0523s	0.8120	0.7510	0.6974
19
0213	0.4765	0.9667	0.8526	0.7240	0.0533s	0.8110	0.7540	0.7023
20
0214	0.4915	0.9333	0.8551	0.7220	0.0537s	0.8124	0.7490	0.6973
21
0215	0.4891	0.9333	0.8560	0.7220	0.0530s	0.8126	0.7480	0.6965
22
0216	0.4754	0.9583	0.8557	0.7160	0.0530s	0.8119	0.7490	0.6959
23
0217	0.4834	0.9833	0.8572	0.7160	0.0531s	0.8122	0.7500	0.6965
24
0218	0.4747	0.9500	0.8593	0.7180	0.0545s	0.8127	0.7540	0.6975
25
0219	0.4751	0.9500	0.8602	0.7180	0.0536s	0.8133	0.7490	0.6927
26
0220	0.5022	0.9417	0.8559	0.7180	0.0529s	0.8108	0.7500	0.6960
27
0221	0.4997	0.9167	0.8551	0.7180	0.0531s	0.8095	0.7520	0.6984
28
0222	0.4786	0.9583	0.8542	0.7200	0.0531s	0.8090	0.7520	0.6983
29
0223	0.5050	0.9667	0.8571	0.7100	0.0531s	0.8107	0.7500	0.6943
30
0224	0.4659	0.9250	0.8605	0.7120	0.0531s	0.8130	0.7510	0.6950
31
0225	0.4894	0.9333	0.8598	0.7160	0.0531s	0.8115	0.7540	0.6976
32
0226	0.4878	0.9583	0.8581	0.7200	0.0534s	0.8094	0.7550	0.6984
33
0227	0.4907	0.9333	0.8572	0.7200	0.0538s	0.8087	0.7550	0.7003
34
0228	0.4634	0.9167	0.8557	0.7160	0.0536s	0.8091	0.7520	0.6975
35
0229	0.4758	0.9667	0.8543	0.7180	0.0530s	0.8091	0.7510	0.6950
36
0230	0.4749	0.9333	0.8523	0.7160	0.0529s	0.8090	0.7480	0.6905
37
0231	0.4642	0.9417	0.8529	0.7160	0.0535s	0.8095	0.7490	0.6933
0
0232	0.4998	0.9583	0.8535	0.7200	0.0537s	0.8090	0.7520	0.6958
1
0233	0.4667	0.9833	0.8529	0.7180	0.0531s	0.8074	0.7540	0.6972
2
0234	0.4849	0.9417	0.8519	0.7180	0.0532s	0.8058	0.7570	0.7001
3
0235	0.4816	0.9583	0.8528	0.7200	0.0535s	0.8053	0.7570	0.7001
0
0236	0.4990	0.9333	0.8532	0.7200	0.0534s	0.8052	0.7550	0.6983
1
0237	0.4976	0.9333	0.8545	0.7180	0.0531s	0.8063	0.7510	0.6949
2
0238	0.4766	0.9750	0.8527	0.7200	0.0531s	0.8052	0.7530	0.6968
3
0239	0.5138	0.9167	0.8494	0.7220	0.0533s	0.8035	0.7500	0.6942
4
0240	0.4279	0.9833	0.8460	0.7200	0.0530s	0.8018	0.7530	0.6967
0
0241	0.4858	0.9500	0.8452	0.7220	0.0621s	0.8015	0.7530	0.6969
0
0242	0.4947	0.9417	0.8457	0.7180	0.0581s	0.8007	0.7550	0.6986
0
0243	0.4853	0.9583	0.8462	0.7240	0.0542s	0.7998	0.7560	0.6993
1
0244	0.4889	0.9333	0.8468	0.7240	0.0530s	0.7997	0.7570	0.7001
2
0245	0.4667	0.9750	0.8493	0.7180	0.0531s	0.8007	0.7520	0.6958
3
0246	0.4746	0.9333	0.8544	0.7220	0.0531s	0.8036	0.7510	0.6947
4
0247	0.4893	0.9750	0.8545	0.7220	0.0533s	0.8042	0.7500	0.6936
5
0248	0.4461	0.9250	0.8503	0.7220	0.0536s	0.8022	0.7510	0.6946
6
0249	0.4886	0.9167	0.8464	0.7200	0.0537s	0.7999	0.7530	0.6967
7
0250	0.4686	0.9500	0.8422	0.7200	0.0531s	0.7975	0.7520	0.6963
8
0251	0.4761	0.9250	0.8432	0.7220	0.0531s	0.7976	0.7540	0.6977
0
0252	0.4688	0.9000	0.8456	0.7240	0.0544s	0.7976	0.7540	0.6996
1
0253	0.4432	0.9750	0.8517	0.7220	0.0532s	0.8001	0.7530	0.6961
2
0254	0.4690	0.9667	0.8521	0.7200	0.0530s	0.8013	0.7510	0.6942
3
0255	0.4691	0.9750	0.8510	0.7180	0.0533s	0.8033	0.7480	0.6896
4
0256	0.4559	0.9667	0.8472	0.7180	0.0542s	0.8030	0.7520	0.6943
5
0257	0.4752	0.9583	0.8422	0.7180	0.0540s	0.7998	0.7500	0.6923
6
0258	0.4352	0.9583	0.8385	0.7200	0.0548s	0.7964	0.7550	0.6988
0
0259	0.5155	0.9083	0.8369	0.7240	0.0541s	0.7947	0.7590	0.7023
0
0260	0.4654	0.9583	0.8408	0.7200	0.0542s	0.7956	0.7580	0.7056
0
0261	0.4524	0.9500	0.8471	0.7160	0.0534s	0.7986	0.7520	0.6962
1
0262	0.4701	0.9417	0.8508	0.7180	0.0530s	0.8017	0.7500	0.6942
2
0263	0.4601	0.9167	0.8514	0.7180	0.0533s	0.8030	0.7500	0.6918
3
0264	0.4698	0.9833	0.8448	0.7160	0.0531s	0.8005	0.7520	0.6938
4
0265	0.4400	0.9750	0.8360	0.7220	0.0586s	0.7964	0.7610	0.7046
5
0266	0.4497	0.9250	0.8343	0.7260	0.0552s	0.7943	0.7600	0.7032
0
0267	0.4810	0.9333	0.8395	0.7220	0.0541s	0.7954	0.7590	0.7042
0
0268	0.4370	0.9333	0.8505	0.7160	0.0531s	0.8004	0.7530	0.6985
1
0269	0.4458	0.9500	0.8569	0.7200	0.0530s	0.8046	0.7500	0.6937
2
0270	0.4441	0.9833	0.8577	0.7200	0.0534s	0.8073	0.7540	0.6977
3
0271	0.4520	0.9417	0.8532	0.7220	0.0555s	0.8072	0.7530	0.6901
4
0272	0.4734	0.9250	0.8433	0.7240	0.0569s	0.8019	0.7570	0.6940
5
0273	0.4981	0.9500	0.8351	0.7280	0.0550s	0.7961	0.7600	0.7032
6
0274	0.4813	0.9583	0.8365	0.7220	0.0547s	0.7950	0.7590	0.7043
7
0275	0.4560	0.9500	0.8444	0.7200	0.0543s	0.7974	0.7570	0.7044
8
0276	0.4673	0.9500	0.8494	0.7220	0.0543s	0.7996	0.7530	0.6965
9
0277	0.4802	0.9833	0.8480	0.7260	0.0541s	0.8001	0.7540	0.6974
10
0278	0.4674	0.9333	0.8455	0.7280	0.0533s	0.8000	0.7550	0.6986
11
0279	0.4390	0.9583	0.8434	0.7240	0.0531s	0.8001	0.7520	0.6962
12
0280	0.4528	0.9417	0.8403	0.7240	0.0748s	0.7991	0.7500	0.6943
13
0281	0.4837	0.9417	0.8378	0.7240	0.0637s	0.7963	0.7530	0.6974
14
0282	0.4906	0.9417	0.8386	0.7240	0.0579s	0.7948	0.7590	0.7024
15
0283	0.4651	0.9083	0.8412	0.7240	0.0548s	0.7950	0.7610	0.7058
16
0284	0.4599	0.9833	0.8435	0.7220	0.0541s	0.7960	0.7570	0.7003
17
0285	0.4447	0.9583	0.8423	0.7240	0.0536s	0.7965	0.7510	0.6951
18
0286	0.4549	0.9750	0.8401	0.7240	0.0533s	0.7964	0.7510	0.6955
19
0287	0.4463	0.9500	0.8363	0.7240	0.0531s	0.7952	0.7510	0.6962
20
0288	0.4542	0.9500	0.8353	0.7260	0.0529s	0.7948	0.7520	0.6971
21
0289	0.4719	0.9250	0.8324	0.7280	0.0539s	0.7926	0.7600	0.7038
22
0290	0.4528	0.9667	0.8332	0.7260	0.0532s	0.7919	0.7610	0.7043
0
0291	0.4723	0.9417	0.8373	0.7260	0.0533s	0.7932	0.7590	0.7021
1
0292	0.4479	0.9500	0.8418	0.7260	0.0535s	0.7948	0.7590	0.7020
2
0293	0.4420	0.9583	0.8463	0.7240	0.0540s	0.7972	0.7540	0.6980
3
0294	0.4130	0.9667	0.8495	0.7220	0.0533s	0.8001	0.7500	0.6924
4
0295	0.4603	0.9417	0.8447	0.7260	0.0533s	0.7991	0.7520	0.6923
5
0296	0.4630	0.9167	0.8395	0.7260	0.0529s	0.7966	0.7560	0.6984
6
0297	0.4784	0.9083	0.8329	0.7300	0.0530s	0.7923	0.7580	0.6998
7
0298	0.4457	0.9667	0.8315	0.7260	0.0540s	0.7904	0.7600	0.7034
8
0299	0.4447	0.9750	0.8355	0.7260	0.0530s	0.7912	0.7600	0.7033
0
0300	0.4475	0.9417	0.8394	0.7260	0.0532s	0.7928	0.7550	0.6990
1
0301	0.4546	0.9333	0.8431	0.7260	0.0531s	0.7957	0.7480	0.6903
2
0302	0.4897	0.9167	0.8455	0.7240	0.0529s	0.7984	0.7490	0.6886
3
0303	0.4508	0.9417	0.8467	0.7260	0.0532s	0.7996	0.7560	0.6947
4
0304	0.4541	0.9500	0.8440	0.7240	0.0530s	0.7988	0.7560	0.6953
5
0305	0.4647	0.9500	0.8418	0.7220	0.0530s	0.7975	0.7550	0.6970
6
0306	0.4344	0.9500	0.8419	0.7200	0.0532s	0.7968	0.7560	0.7003
7
0307	0.4645	0.9417	0.8412	0.7220	0.0537s	0.7958	0.7520	0.6968
8
0308	0.4344	0.9500	0.8399	0.7260	0.0548s	0.7946	0.7540	0.6980
9
0309	0.4494	0.9417	0.8453	0.7280	0.0537s	0.7968	0.7520	0.6959
10
0310	0.4367	0.9583	0.8460	0.7260	0.0533s	0.7980	0.7520	0.6958
11
0311	0.4628	0.9500	0.8435	0.7260	0.0533s	0.7980	0.7560	0.6994
12
0312	0.4751	0.9250	0.8374	0.7260	0.0531s	0.7959	0.7590	0.7003
13
0313	0.4580	0.9500	0.8320	0.7280	0.0531s	0.7945	0.7620	0.7011
14
0314	0.4601	0.9583	0.8339	0.7260	0.0537s	0.7949	0.7610	0.7024
15
0315	0.4248	0.9500	0.8380	0.7260	0.0535s	0.7954	0.7560	0.6996
16
0316	0.4563	0.9083	0.8413	0.7260	0.0533s	0.7956	0.7520	0.6960
17
0317	0.4588	0.9333	0.8421	0.7260	0.0531s	0.7955	0.7500	0.6941
18
0318	0.4511	0.9667	0.8377	0.7260	0.0530s	0.7935	0.7540	0.6980
19
0319	0.4435	0.9750	0.8360	0.7280	0.0537s	0.7924	0.7560	0.6969
20
0320	0.4233	0.9333	0.8379	0.7260	0.0534s	0.7942	0.7570	0.6961
21
0321	0.4314	0.9500	0.8395	0.7260	0.0533s	0.7950	0.7580	0.6971
22
0322	0.4205	0.9583	0.8394	0.7240	0.0535s	0.7948	0.7570	0.6963
23
0323	0.4446	0.9250	0.8355	0.7240	0.0533s	0.7926	0.7570	0.6986
24
0324	0.4390	0.9750	0.8318	0.7260	0.0530s	0.7907	0.7570	0.6987
25
0325	0.4446	0.9083	0.8319	0.7300	0.0531s	0.7906	0.7540	0.6962
26
0326	0.4344	0.9667	0.8355	0.7280	0.0531s	0.7922	0.7530	0.6952
27
0327	0.4523	0.9417	0.8403	0.7280	0.0531s	0.7940	0.7560	0.6972
28
0328	0.4417	0.9167	0.8481	0.7220	0.0532s	0.7983	0.7570	0.6961
29
0329	0.4545	0.9417	0.8518	0.7220	0.0530s	0.8010	0.7570	0.6962
30
0330	0.4326	0.9500	0.8485	0.7220	0.0531s	0.8000	0.7560	0.6956
31
0331	0.4373	0.9500	0.8381	0.7260	0.0533s	0.7969	0.7550	0.6926
32
0332	0.4261	0.9750	0.8331	0.7260	0.0533s	0.7962	0.7540	0.6917
33
0333	0.4492	0.9583	0.8297	0.7220	0.0532s	0.7934	0.7570	0.6967
34
0334	0.4630	0.9250	0.8315	0.7240	0.0532s	0.7917	0.7590	0.7009
0
0335	0.4551	0.9417	0.8382	0.7240	0.0533s	0.7922	0.7590	0.7027
1
0336	0.4488	0.9500	0.8445	0.7240	0.0531s	0.7947	0.7560	0.6992
2
0337	0.4510	0.9750	0.8461	0.7240	0.0529s	0.7960	0.7560	0.6975
3
0338	0.4770	0.9417	0.8448	0.7240	0.0531s	0.7959	0.7570	0.6985
4
0339	0.4613	0.9250	0.8394	0.7240	0.0531s	0.7941	0.7590	0.7009
5
0340	0.4307	0.9667	0.8328	0.7260	0.0534s	0.7924	0.7590	0.7009
6
0341	0.4453	0.9167	0.8281	0.7280	0.0530s	0.7915	0.7600	0.6970
7
0342	0.4518	0.9333	0.8278	0.7260	0.0532s	0.7913	0.7610	0.6978
0
0343	0.4830	0.9583	0.8306	0.7260	0.0532s	0.7915	0.7620	0.7009
0
0344	0.4474	0.9583	0.8372	0.7280	0.0534s	0.7930	0.7600	0.6988
1
0345	0.4231	0.9833	0.8447	0.7260	0.0530s	0.7959	0.7550	0.6939
2
0346	0.4662	0.9333	0.8479	0.7240	0.0536s	0.7972	0.7490	0.6908
3
0347	0.4473	0.9417	0.8426	0.7280	0.0530s	0.7948	0.7540	0.6962
4
0348	0.4552	0.9417	0.8352	0.7240	0.0533s	0.7917	0.7610	0.7029
5
0349	0.4595	0.9500	0.8290	0.7260	0.0533s	0.7904	0.7620	0.7012
6
0350	0.4449	0.9500	0.8281	0.7280	0.0532s	0.7902	0.7620	0.7012
7
0351	0.4549	0.9333	0.8301	0.7260	0.0531s	0.7911	0.7610	0.6979
8
0352	0.4858	0.9333	0.8380	0.7240	0.0532s	0.7943	0.7580	0.6954
9
0353	0.4625	0.9583	0.8453	0.7280	0.0532s	0.7976	0.7550	0.6921
10
0354	0.4435	0.9167	0.8472	0.7220	0.0531s	0.7980	0.7550	0.6969
11
0355	0.4702	0.9250	0.8440	0.7260	0.0533s	0.7946	0.7570	0.7008
12
0356	0.4564	0.9500	0.8366	0.7220	0.0532s	0.7904	0.7590	0.7030
13
0357	0.4804	0.9250	0.8308	0.7240	0.0530s	0.7879	0.7580	0.7017
14
0358	0.4555	0.9750	0.8306	0.7220	0.0530s	0.7884	0.7600	0.7015
15
0359	0.4442	0.9417	0.8329	0.7240	0.0529s	0.7899	0.7620	0.7037
16
0360	0.4628	0.9250	0.8371	0.7260	0.0533s	0.7925	0.7560	0.6985
17
0361	0.4303	0.9417	0.8385	0.7240	0.0534s	0.7929	0.7590	0.7009
18
0362	0.4667	0.9333	0.8333	0.7240	0.0531s	0.7896	0.7600	0.7019
19
0363	0.4716	0.9583	0.8285	0.7260	0.0531s	0.7869	0.7620	0.7035
20
0364	0.4378	0.9583	0.8280	0.7280	0.0537s	0.7861	0.7630	0.7081
21
0365	0.4540	0.9583	0.8297	0.7260	0.0532s	0.7869	0.7640	0.7092
22
0366	0.4400	0.9417	0.8351	0.7260	0.0534s	0.7907	0.7580	0.7019
23
0367	0.4648	0.9000	0.8424	0.7240	0.0529s	0.7961	0.7560	0.7004
24
0368	0.4551	0.9583	0.8461	0.7200	0.0534s	0.7985	0.7560	0.6959
25
0369	0.4359	0.9083	0.8444	0.7240	0.0531s	0.7968	0.7610	0.7024
26
0370	0.4726	0.9500	0.8376	0.7260	0.0531s	0.7927	0.7600	0.7031
27
0371	0.4437	0.9417	0.8326	0.7260	0.0530s	0.7909	0.7580	0.7029
28
0372	0.4699	0.9417	0.8288	0.7280	0.0530s	0.7888	0.7620	0.7048
29
0373	0.4380	0.9583	0.8327	0.7240	0.0530s	0.7902	0.7590	0.7028
30
0374	0.4619	0.9500	0.8408	0.7240	0.0536s	0.7953	0.7550	0.6994
31
0375	0.4463	0.9333	0.8414	0.7240	0.0541s	0.7958	0.7530	0.6977
32
0376	0.4411	0.9417	0.8349	0.7240	0.0535s	0.7920	0.7630	0.7068
33
0377	0.4389	0.9333	0.8293	0.7260	0.0542s	0.7896	0.7630	0.7046
34
0378	0.4177	0.9500	0.8276	0.7280	0.0543s	0.7896	0.7610	0.7022
35
0379	0.4681	0.9833	0.8310	0.7280	0.0542s	0.7906	0.7620	0.7051
0
0380	0.4529	0.9167	0.8361	0.7220	0.0540s	0.7932	0.7610	0.7001
1
0381	0.4269	0.9417	0.8411	0.7220	0.0536s	0.7960	0.7550	0.6970
2
0382	0.4427	0.9750	0.8414	0.7220	0.0535s	0.7958	0.7530	0.6958
3
0383	0.4519	0.9583	0.8326	0.7280	0.0532s	0.7909	0.7590	0.7031
4
0384	0.4457	0.9500	0.8259	0.7280	0.0533s	0.7874	0.7640	0.7058
5
0385	0.4305	0.9417	0.8251	0.7320	0.0535s	0.7875	0.7620	0.7035
0
0386	0.4313	0.9583	0.8292	0.7280	0.0532s	0.7893	0.7610	0.7023
0
0387	0.4697	0.9250	0.8366	0.7320	0.0535s	0.7924	0.7580	0.6969
1
0388	0.4504	0.9500	0.8424	0.7240	0.0541s	0.7958	0.7530	0.6928
2
0389	0.4655	0.9500	0.8409	0.7220	0.0535s	0.7949	0.7560	0.6965
3
0390	0.4746	0.9083	0.8351	0.7240	0.0534s	0.7909	0.7610	0.7030
4
0391	0.4509	0.9583	0.8282	0.7300	0.0534s	0.7872	0.7630	0.7024
5
0392	0.4166	0.9750	0.8242	0.7280	0.0534s	0.7852	0.7640	0.7057
6
0393	0.4533	0.9583	0.8261	0.7260	0.0538s	0.7852	0.7640	0.7055
0
0394	0.4340	0.9833	0.8308	0.7300	0.0542s	0.7870	0.7630	0.7040
1
0395	0.4491	0.9500	0.8350	0.7260	0.0542s	0.7893	0.7600	0.7017
2
0396	0.4440	0.9750	0.8349	0.7280	0.0541s	0.7903	0.7600	0.7000
3
0397	0.4263	0.9500	0.8355	0.7280	0.0536s	0.7907	0.7620	0.7014
4
0398	0.4319	0.9833	0.8357	0.7280	0.0531s	0.7910	0.7630	0.7045
5
0399	0.4524	0.9333	0.8357	0.7260	0.0536s	0.7909	0.7640	0.7057
6
0400	0.4781	0.9417	0.8360	0.7260	0.0538s	0.7893	0.7640	0.7055
7
0401	0.4696	0.9417	0.8353	0.7300	0.0535s	0.7877	0.7610	0.7042
8
0402	0.4319	0.9667	0.8345	0.7300	0.0555s	0.7879	0.7620	0.7055
9
0403	0.4753	0.9500	0.8311	0.7300	0.0538s	0.7890	0.7610	0.7031
10
0404	0.4398	0.9667	0.8311	0.7300	0.0534s	0.7912	0.7580	0.6984
11
0405	0.4816	0.9333	0.8334	0.7300	0.0531s	0.7915	0.7640	0.7031
12
0406	0.4736	0.9500	0.8364	0.7260	0.0534s	0.7919	0.7600	0.6990
13
0407	0.4232	0.9250	0.8359	0.7260	0.0542s	0.7900	0.7620	0.7034
14
0408	0.4719	0.9583	0.8311	0.7300	0.0537s	0.7867	0.7650	0.7089
15
0409	0.4529	0.9583	0.8284	0.7280	0.0532s	0.7853	0.7610	0.7055
16
0410	0.4455	0.9750	0.8264	0.7320	0.0535s	0.7847	0.7620	0.7064
17
0411	0.4229	0.9833	0.8280	0.7320	0.0542s	0.7853	0.7660	0.7100
18
0412	0.4490	0.9333	0.8280	0.7300	0.0534s	0.7859	0.7650	0.7068
19
0413	0.4461	0.9417	0.8347	0.7260	0.0531s	0.7890	0.7610	0.7021
20
0414	0.4525	0.9833	0.8346	0.7260	0.0534s	0.7893	0.7630	0.7041
21
0415	0.4430	0.9333	0.8310	0.7280	0.0529s	0.7876	0.7650	0.7063
22
0416	0.4435	0.9333	0.8305	0.7280	0.0532s	0.7872	0.7620	0.7040
23
0417	0.4250	0.9500	0.8340	0.7280	0.0534s	0.7881	0.7580	0.6983
24
0418	0.4490	0.9500	0.8366	0.7240	0.0532s	0.7895	0.7530	0.6938
25
0419	0.4420	0.9250	0.8402	0.7220	0.0532s	0.7915	0.7540	0.6938
26
0420	0.4414	0.9500	0.8388	0.7240	0.0540s	0.7906	0.7560	0.6952
27
0421	0.4541	0.9667	0.8378	0.7220	0.0541s	0.7909	0.7610	0.7001
28
0422	0.4381	0.9583	0.8343	0.7300	0.0541s	0.7905	0.7600	0.6974
29
0423	0.4331	0.9667	0.8299	0.7320	0.0537s	0.7891	0.7590	0.6990
30
0424	0.4552	0.9583	0.8284	0.7300	0.0531s	0.7880	0.7560	0.6966
31
0425	0.4826	0.9167	0.8304	0.7220	0.0536s	0.7867	0.7550	0.6980
32
0426	0.4430	0.9167	0.8352	0.7240	0.0534s	0.7878	0.7570	0.7011
33
0427	0.4647	0.9583	0.8388	0.7300	0.0533s	0.7895	0.7600	0.7029
34
0428	0.4335	0.9667	0.8400	0.7280	0.0528s	0.7918	0.7590	0.6980
35
0429	0.4680	0.9250	0.8375	0.7300	0.0531s	0.7919	0.7580	0.6949
36
0430	0.4123	0.9667	0.8317	0.7300	0.0530s	0.7894	0.7620	0.7017
37
0431	0.4689	0.9250	0.8262	0.7320	0.0533s	0.7875	0.7630	0.7025
38
0432	0.4182	0.9500	0.8280	0.7340	0.0533s	0.7874	0.7640	0.7058
39
0433	0.4189	0.9333	0.8319	0.7320	0.0531s	0.7878	0.7620	0.7061
40
0434	0.4431	0.9583	0.8398	0.7280	0.0530s	0.7901	0.7570	0.7004
41
0435	0.4351	0.9583	0.8458	0.7240	0.0534s	0.7929	0.7550	0.6980
42
0436	0.4146	0.9583	0.8462	0.7260	0.0532s	0.7939	0.7590	0.7018
43
0437	0.4731	0.9583	0.8415	0.7260	0.0530s	0.7929	0.7590	0.7004
44
0438	0.4441	0.9333	0.8332	0.7260	0.0533s	0.7910	0.7630	0.7050
45
0439	0.4335	0.9250	0.8299	0.7320	0.0533s	0.7908	0.7610	0.7010
46
0440	0.4364	0.9667	0.8313	0.7280	0.0531s	0.7915	0.7600	0.7023
47
0441	0.4573	0.9083	0.8380	0.7220	0.0530s	0.7925	0.7590	0.7013
48
0442	0.4266	0.9417	0.8461	0.7240	0.0530s	0.7946	0.7590	0.6996
49
0443	0.4246	0.9500	0.8496	0.7240	0.0530s	0.7953	0.7590	0.7013
50
0444	0.4624	0.9417	0.8448	0.7280	0.0531s	0.7925	0.7600	0.7027
51
0445	0.4447	0.9750	0.8354	0.7300	0.0531s	0.7891	0.7590	0.7003
52
0446	0.4374	0.9667	0.8279	0.7300	0.0530s	0.7875	0.7600	0.7000
53
0447	0.4336	0.9417	0.8257	0.7280	0.0528s	0.7881	0.7600	0.6978
54
0448	0.4339	0.9750	0.8277	0.7260	0.0532s	0.7896	0.7590	0.6968
55
0449	0.4518	0.9417	0.8349	0.7280	0.0529s	0.7916	0.7590	0.6966
56
0450	0.4394	0.9583	0.8431	0.7240	0.0530s	0.7933	0.7600	0.6997
57
0451	0.4363	0.9250	0.8486	0.7220	0.0531s	0.7939	0.7570	0.6982
58
0452	0.4374	0.9667	0.8459	0.7240	0.0532s	0.7927	0.7570	0.6983
59
0453	0.4168	0.9583	0.8396	0.7260	0.0530s	0.7909	0.7590	0.7007
60
0454	0.4449	0.9500	0.8337	0.7300	0.0529s	0.7904	0.7600	0.6978
61
0455	0.4404	0.9667	0.8314	0.7280	0.0530s	0.7896	0.7600	0.6977
62
0456	0.4211	0.9583	0.8325	0.7280	0.0558s	0.7890	0.7620	0.7017
63
0457	0.4629	0.9250	0.8346	0.7280	0.0543s	0.7884	0.7610	0.7029
64
0458	0.4495	0.9083	0.8345	0.7240	0.0544s	0.7880	0.7610	0.7050
65
0459	0.4066	0.9667	0.8344	0.7260	0.0551s	0.7886	0.7590	0.7008
66
0460	0.4538	0.9167	0.8327	0.7280	0.0561s	0.7897	0.7590	0.6988
67
0461	0.4396	0.9583	0.8306	0.7280	0.0541s	0.7898	0.7580	0.6978
68
0462	0.4601	0.8833	0.8309	0.7280	0.0534s	0.7887	0.7600	0.6998
69
0463	0.4215	0.9750	0.8337	0.7280	0.0534s	0.7885	0.7590	0.6991
70
0464	0.4419	0.9167	0.8356	0.7280	0.0531s	0.7888	0.7600	0.7019
71
0465	0.4390	0.9583	0.8362	0.7280	0.0530s	0.7895	0.7580	0.6977
72
0466	0.4466	0.9500	0.8379	0.7260	0.0528s	0.7911	0.7570	0.6966
73
0467	0.4586	0.9500	0.8348	0.7260	0.0550s	0.7904	0.7600	0.6998
74
0468	0.4439	0.9417	0.8295	0.7280	0.0545s	0.7877	0.7600	0.7001
75
0469	0.4540	0.9250	0.8272	0.7280	0.0545s	0.7861	0.7600	0.7001
76
0470	0.4427	0.9667	0.8288	0.7300	0.0550s	0.7855	0.7620	0.7038
77
0471	0.4328	0.9500	0.8345	0.7260	0.0546s	0.7870	0.7630	0.7068
78
0472	0.4515	0.9417	0.8364	0.7280	0.0545s	0.7880	0.7610	0.7042
79
0473	0.4435	0.9750	0.8337	0.7300	0.0541s	0.7889	0.7580	0.6969
80
0474	0.4441	0.9500	0.8327	0.7300	0.0534s	0.7899	0.7600	0.6992
81
0475	0.4357	0.9750	0.8330	0.7300	0.0533s	0.7903	0.7600	0.6996
82
0476	0.4103	0.9417	0.8324	0.7280	0.0531s	0.7883	0.7610	0.7029
83
0477	0.4625	0.9000	0.8320	0.7280	0.0532s	0.7864	0.7610	0.7030
84
0478	0.4349	0.9583	0.8343	0.7280	0.0531s	0.7862	0.7590	0.7027
85
0479	0.4314	0.9583	0.8391	0.7240	0.0529s	0.7888	0.7570	0.6983
86
0480	0.4492	0.9167	0.8421	0.7260	0.0532s	0.7918	0.7570	0.6980
87
0481	0.4371	0.9333	0.8429	0.7280	0.0533s	0.7945	0.7600	0.7015
88
0482	0.4415	0.9417	0.8416	0.7240	0.0528s	0.7952	0.7580	0.6972
89
0483	0.4630	0.9583	0.8357	0.7260	0.0531s	0.7925	0.7600	0.6996
90
0484	0.4336	0.9417	0.8302	0.7280	0.0528s	0.7894	0.7620	0.7013
91
0485	0.4636	0.9583	0.8293	0.7300	0.0531s	0.7875	0.7630	0.7045
92
0486	0.4396	0.9500	0.8305	0.7220	0.0532s	0.7871	0.7600	0.7019
93
0487	0.4366	0.9417	0.8331	0.7240	0.0532s	0.7883	0.7590	0.7012
94
0488	0.4557	0.9417	0.8358	0.7240	0.0532s	0.7890	0.7600	0.7016
95
0489	0.4211	0.9833	0.8379	0.7200	0.0531s	0.7898	0.7590	0.7002
96
0490	0.4500	0.9333	0.8391	0.7260	0.0531s	0.7902	0.7580	0.6988
97
0491	0.4495	0.9333	0.8359	0.7260	0.0530s	0.7889	0.7590	0.7005
98
0492	0.4481	0.9750	0.8312	0.7280	0.0534s	0.7872	0.7660	0.7074
99
0493	0.4530	0.9583	0.8269	0.7240	0.0530s	0.7857	0.7670	0.7084
100
0494	0.4168	0.9750	0.8268	0.7280	0.0530s	0.7853	0.7650	0.7086
101
0495	0.4552	0.9417	0.8311	0.7220	0.0529s	0.7874	0.7590	0.7032
102
0496	0.4292	0.9667	0.8327	0.7220	0.0532s	0.7878	0.7570	0.7018
103
0497	0.4349	0.9500	0.8318	0.7220	0.0527s	0.7865	0.7610	0.7051
104
0498	0.4309	0.9583	0.8297	0.7300	0.0530s	0.7852	0.7630	0.7066
105
0499	0.4747	0.9250	0.8297	0.7280	0.0528s	0.7859	0.7660	0.7092
106
0500	0.4360	0.9417	0.8295	0.7280	0.0531s	0.7867	0.7650	0.7082
107
0501	0.4728	0.9417	0.8327	0.7260	0.0532s	0.7882	0.7610	0.7028
108
0502	0.4443	0.9583	0.8374	0.7220	0.0530s	0.7903	0.7530	0.6954
109
0503	0.4365	0.9500	0.8377	0.7240	0.0530s	0.7905	0.7540	0.6938
110
0504	0.4325	0.9583	0.8369	0.7300	0.0531s	0.7904	0.7560	0.6957
111
0505	0.4355	0.9667	0.8339	0.7300	0.0529s	0.7894	0.7640	0.7054
112
0506	0.4500	0.9667	0.8326	0.7260	0.0531s	0.7895	0.7630	0.7045
113
0507	0.4262	0.9667	0.8320	0.7260	0.0528s	0.7899	0.7610	0.7028
114
0508	0.4185	0.9583	0.8339	0.7280	0.0537s	0.7901	0.7590	0.7007
115
0509	0.4360	0.9750	0.8359	0.7240	0.0535s	0.7911	0.7580	0.6976
116
0510	0.4554	0.9583	0.8347	0.7240	0.0528s	0.7903	0.7560	0.6952
117
0511	0.4379	0.9750	0.8329	0.7260	0.0529s	0.7893	0.7570	0.6964
118
0512	0.4195	0.9250	0.8298	0.7300	0.0531s	0.7882	0.7590	0.7005
119
0513	0.4577	0.9583	0.8314	0.7280	0.0530s	0.7889	0.7600	0.7015
120
0514	0.4153	0.9583	0.8327	0.7260	0.0529s	0.7904	0.7600	0.6995
121
0515	0.4414	0.9667	0.8327	0.7240	0.0535s	0.7906	0.7600	0.6995
122
0516	0.4309	0.9333	0.8343	0.7260	0.0531s	0.7907	0.7580	0.6953
123
0517	0.4415	0.9417	0.8353	0.7220	0.0531s	0.7893	0.7550	0.6966
124
0518	0.4530	0.9917	0.8338	0.7260	0.0532s	0.7881	0.7560	0.6977
125
0519	0.4361	0.9333	0.8301	0.7280	0.0530s	0.7868	0.7580	0.6992
126
0520	0.4616	0.9417	0.8253	0.7280	0.0531s	0.7855	0.7590	0.7001
127
0521	0.4439	0.9333	0.8241	0.7280	0.0531s	0.7859	0.7610	0.7003
128
0522	0.4280	0.9583	0.8303	0.7260	0.0533s	0.7882	0.7610	0.7029
0
0523	0.4344	0.9417	0.8363	0.7240	0.0530s	0.7897	0.7590	0.7007
1
0524	0.4871	0.9667	0.8366	0.7200	0.0532s	0.7894	0.7570	0.6987
2
0525	0.4302	0.9833	0.8323	0.7260	0.0533s	0.7866	0.7560	0.6977
3
0526	0.4288	0.9750	0.8276	0.7260	0.0535s	0.7850	0.7590	0.7006
4
0527	0.4692	0.9500	0.8252	0.7320	0.0531s	0.7847	0.7610	0.7024
5
0528	0.4417	0.9667	0.8288	0.7280	0.0531s	0.7871	0.7630	0.7049
6
0529	0.4080	0.9583	0.8331	0.7260	0.0534s	0.7895	0.7620	0.7040
7
0530	0.3958	0.9583	0.8365	0.7240	0.0533s	0.7907	0.7620	0.7038
8
0531	0.4478	0.9583	0.8355	0.7280	0.0531s	0.7886	0.7600	0.7013
9
0532	0.4590	0.9667	0.8334	0.7280	0.0532s	0.7870	0.7540	0.6963
10
0533	0.4084	0.9417	0.8298	0.7260	0.0535s	0.7854	0.7540	0.6964
11
0534	0.4447	0.9333	0.8263	0.7300	0.0535s	0.7835	0.7570	0.6988
12
0535	0.4299	0.9667	0.8259	0.7280	0.0535s	0.7832	0.7600	0.7014
13
0536	0.4800	0.9167	0.8301	0.7320	0.0532s	0.7856	0.7620	0.7030
14
0537	0.4475	0.9667	0.8349	0.7260	0.0531s	0.7893	0.7600	0.7013
15
0538	0.4440	0.9250	0.8405	0.7260	0.0529s	0.7919	0.7610	0.7023
16
0539	0.4455	0.9417	0.8415	0.7200	0.0531s	0.7915	0.7580	0.6994
17
0540	0.4449	0.9250	0.8379	0.7240	0.0530s	0.7892	0.7550	0.6970
18
0541	0.4212	0.9583	0.8298	0.7280	0.0529s	0.7855	0.7570	0.6993
19
0542	0.4380	0.9500	0.8235	0.7320	0.0532s	0.7825	0.7600	0.7015
20
0543	0.4269	0.9583	0.8218	0.7300	0.0534s	0.7822	0.7620	0.7054
0
0544	0.4079	0.9833	0.8232	0.7260	0.0530s	0.7840	0.7630	0.7044
0
0545	0.4145	0.9583	0.8296	0.7320	0.0530s	0.7879	0.7600	0.6993
1
0546	0.4355	0.9333	0.8415	0.7240	0.0530s	0.7932	0.7550	0.6946
2
0547	0.4397	0.9167	0.8469	0.7220	0.0535s	0.7946	0.7520	0.6943
3
0548	0.4532	0.9500	0.8447	0.7240	0.0532s	0.7918	0.7560	0.6973
4
0549	0.4322	0.9167	0.8346	0.7300	0.0530s	0.7866	0.7590	0.7000
5
0550	0.4380	0.9333	0.8255	0.7300	0.0531s	0.7841	0.7610	0.7027
6
0551	0.4293	0.9583	0.8227	0.7320	0.0531s	0.7845	0.7600	0.7019
7
0552	0.4527	0.9750	0.8299	0.7320	0.0533s	0.7880	0.7590	0.6991
8
0553	0.4643	0.9250	0.8345	0.7260	0.0531s	0.7895	0.7580	0.6978
9
0554	0.4333	0.9417	0.8364	0.7260	0.0531s	0.7900	0.7570	0.6963
10
0555	0.4584	0.9583	0.8342	0.7300	0.0531s	0.7886	0.7590	0.7005
11
0556	0.4399	0.9583	0.8319	0.7280	0.0531s	0.7876	0.7600	0.7010
12
0557	0.4538	0.9333	0.8295	0.7320	0.0531s	0.7862	0.7600	0.7012
13
0558	0.4502	0.9750	0.8318	0.7320	0.0531s	0.7864	0.7570	0.6983
14
0559	0.4253	0.9500	0.8321	0.7320	0.0532s	0.7877	0.7560	0.6979
15
0560	0.4192	0.9500	0.8336	0.7280	0.0534s	0.7895	0.7570	0.6967
16
0561	0.4442	0.9417	0.8336	0.7300	0.0530s	0.7893	0.7560	0.6956
17
0562	0.4092	0.9750	0.8317	0.7300	0.0532s	0.7876	0.7570	0.6986
18
0563	0.4579	0.9500	0.8290	0.7320	0.0531s	0.7853	0.7610	0.7040
19
0564	0.4364	0.9833	0.8292	0.7320	0.0530s	0.7845	0.7600	0.7030
20
0565	0.4461	0.9583	0.8320	0.7300	0.0531s	0.7850	0.7570	0.7006
21
0566	0.4491	0.9583	0.8331	0.7280	0.0529s	0.7869	0.7580	0.6993
22
0567	0.4116	0.9667	0.8343	0.7260	0.0532s	0.7898	0.7530	0.6932
23
0568	0.4635	0.9500	0.8345	0.7280	0.0531s	0.7919	0.7540	0.6943
24
0569	0.4459	0.9500	0.8354	0.7280	0.0533s	0.7925	0.7550	0.6924
25
0570	0.4304	0.9167	0.8329	0.7280	0.0530s	0.7910	0.7610	0.6980
26
0571	0.4501	0.9583	0.8297	0.7300	0.0531s	0.7890	0.7620	0.7009
27
0572	0.4409	0.9750	0.8285	0.7280	0.0530s	0.7870	0.7600	0.6985
28
0573	0.4297	0.9417	0.8330	0.7240	0.0532s	0.7877	0.7550	0.6961
29
0574	0.4329	0.9333	0.8369	0.7220	0.0532s	0.7903	0.7530	0.6950
30
0575	0.4686	0.9583	0.8376	0.7200	0.0530s	0.7920	0.7510	0.6910
31
0576	0.4556	0.9750	0.8317	0.7260	0.0532s	0.7907	0.7560	0.6962
32
0577	0.4135	0.9667	0.8294	0.7300	0.0529s	0.7903	0.7630	0.7025
33
0578	0.4588	0.9333	0.8313	0.7300	0.0532s	0.7913	0.7600	0.6994
34
0579	0.4211	0.9750	0.8345	0.7280	0.0531s	0.7917	0.7580	0.6970
35
0580	0.4370	0.9667	0.8365	0.7300	0.0531s	0.7910	0.7540	0.6927
36
0581	0.4381	0.9333	0.8372	0.7240	0.0534s	0.7906	0.7510	0.6907
37
0582	0.4669	0.9333	0.8316	0.7260	0.0531s	0.7879	0.7530	0.6956
38
0583	0.4511	0.9083	0.8272	0.7260	0.0530s	0.7863	0.7550	0.6975
39
0584	0.4047	0.9750	0.8254	0.7280	0.0531s	0.7870	0.7640	0.7038
40
0585	0.4395	0.9333	0.8273	0.7300	0.0530s	0.7883	0.7660	0.7030
41
0586	0.4518	0.9417	0.8306	0.7280	0.0530s	0.7883	0.7640	0.7029
42
0587	0.4118	0.9250	0.8349	0.7280	0.0532s	0.7890	0.7580	0.6993
43
0588	0.4225	0.9500	0.8360	0.7260	0.0530s	0.7884	0.7570	0.6986
44
0589	0.4261	0.9583	0.8326	0.7280	0.0534s	0.7861	0.7600	0.7036
45
0590	0.4555	0.9417	0.8283	0.7240	0.0538s	0.7842	0.7640	0.7093
46
0591	0.4045	0.9667	0.8250	0.7240	0.0531s	0.7842	0.7630	0.7043
47
0592	0.4107	0.9500	0.8245	0.7260	0.0531s	0.7857	0.7640	0.7033
48
0593	0.4598	0.9333	0.8285	0.7300	0.0529s	0.7881	0.7640	0.7032
49
0594	0.4122	0.9750	0.8369	0.7280	0.0528s	0.7908	0.7560	0.6956
50
0595	0.4342	0.9667	0.8410	0.7280	0.0531s	0.7922	0.7550	0.6947
51
0596	0.4386	0.9167	0.8347	0.7280	0.0530s	0.7891	0.7590	0.6984
52
0597	0.3987	0.9833	0.8288	0.7280	0.0530s	0.7859	0.7640	0.7033
53
0598	0.4387	0.9250	0.8261	0.7280	0.0531s	0.7843	0.7630	0.7045
54
0599	0.4399	0.9583	0.8259	0.7280	0.0532s	0.7843	0.7590	0.7009
55
0600	0.4367	0.9417	0.8273	0.7260	0.0530s	0.7848	0.7560	0.6961
56
0601	0.4309	0.9583	0.8301	0.7320	0.0534s	0.7865	0.7600	0.6994
57
0602	0.4335	0.9500	0.8335	0.7320	0.0530s	0.7886	0.7570	0.6962
58
0603	0.4243	0.9667	0.8376	0.7300	0.0531s	0.7896	0.7560	0.6953
59
0604	0.4233	0.9750	0.8409	0.7240	0.0533s	0.7907	0.7550	0.6945
60
0605	0.4745	0.9667	0.8372	0.7280	0.0530s	0.7889	0.7580	0.6997
61
0606	0.4177	0.9500	0.8334	0.7280	0.0536s	0.7871	0.7610	0.7025
62
0607	0.4397	0.9333	0.8266	0.7280	0.0527s	0.7851	0.7630	0.7045
63
0608	0.4264	0.9417	0.8231	0.7300	0.0537s	0.7838	0.7650	0.7065
64
0609	0.4315	0.9417	0.8262	0.7280	0.0535s	0.7838	0.7640	0.7054
65
0610	0.4182	0.9417	0.8322	0.7260	0.0530s	0.7851	0.7610	0.7048
66
0611	0.4349	0.9250	0.8367	0.7240	0.0529s	0.7874	0.7580	0.7019
67
0612	0.4487	0.9500	0.8397	0.7220	0.0535s	0.7898	0.7530	0.6975
68
0613	0.4791	0.9417	0.8389	0.7200	0.0534s	0.7903	0.7530	0.6957
69
0614	0.4373	0.9250	0.8323	0.7240	0.0531s	0.7877	0.7620	0.7038
70
0615	0.4354	0.9750	0.8269	0.7320	0.0531s	0.7869	0.7630	0.7026
71
0616	0.4300	0.9333	0.8261	0.7320	0.0532s	0.7874	0.7640	0.7036
72
0617	0.4474	0.9417	0.8267	0.7280	0.0537s	0.7870	0.7610	0.6984
73
0618	0.4774	0.9250	0.8301	0.7220	0.0536s	0.7879	0.7600	0.6970
74
0619	0.4652	0.9333	0.8335	0.7220	0.0542s	0.7891	0.7510	0.6911
75
0620	0.4322	0.9333	0.8326	0.7220	0.0542s	0.7885	0.7570	0.6958
76
0621	0.4547	0.9583	0.8296	0.7260	0.0534s	0.7868	0.7580	0.6965
77
0622	0.4306	0.9583	0.8268	0.7260	0.0531s	0.7857	0.7610	0.7016
78
0623	0.4272	0.9667	0.8268	0.7280	0.0530s	0.7852	0.7590	0.6977
79
0624	0.4558	0.9500	0.8313	0.7300	0.0532s	0.7865	0.7610	0.7045
80
0625	0.4198	0.9417	0.8355	0.7220	0.0531s	0.7896	0.7510	0.6917
81
0626	0.4433	0.9583	0.8347	0.7220	0.0531s	0.7898	0.7490	0.6901
82
0627	0.4386	0.9667	0.8301	0.7260	0.0533s	0.7870	0.7540	0.6940
83
0628	0.4542	0.9750	0.8263	0.7280	0.0530s	0.7850	0.7600	0.6966
84
0629	0.4496	0.9167	0.8291	0.7280	0.0533s	0.7858	0.7610	0.7000
85
0630	0.4404	0.9833	0.8318	0.7280	0.0531s	0.7869	0.7610	0.7000
86
0631	0.4635	0.9500	0.8338	0.7300	0.0536s	0.7873	0.7590	0.6983
87
0632	0.4571	0.9250	0.8335	0.7280	0.0533s	0.7877	0.7560	0.6955
88
0633	0.4401	0.9667	0.8329	0.7260	0.0530s	0.7883	0.7580	0.6974
89
0634	0.4188	0.9833	0.8317	0.7240	0.0532s	0.7879	0.7570	0.6960
90
0635	0.4406	0.9583	0.8327	0.7280	0.0539s	0.7874	0.7550	0.6942
91
0636	0.4462	0.9500	0.8334	0.7280	0.0532s	0.7871	0.7600	0.7016
92
0637	0.4302	0.9667	0.8343	0.7260	0.0525s	0.7866	0.7600	0.7015
93
0638	0.4429	0.9667	0.8340	0.7300	0.0531s	0.7869	0.7620	0.7038
94
0639	0.4345	0.9500	0.8330	0.7300	0.0531s	0.7876	0.7620	0.7038
95
0640	0.4289	0.9750	0.8327	0.7280	0.0530s	0.7878	0.7630	0.7048
96
0641	0.4395	0.9417	0.8336	0.7260	0.0529s	0.7880	0.7570	0.6988
97
0642	0.4334	0.9583	0.8375	0.7180	0.0531s	0.7897	0.7490	0.6910
98
0643	0.4377	0.9500	0.8390	0.7200	0.0546s	0.7901	0.7490	0.6909
99
0644	0.4200	0.9583	0.8355	0.7260	0.0541s	0.7883	0.7550	0.6965
100
0645	0.4414	0.9583	0.8307	0.7320	0.0546s	0.7870	0.7630	0.7044
101
0646	0.4571	0.9583	0.8287	0.7300	0.0574s	0.7888	0.7620	0.7015
102
0647	0.4670	0.9083	0.8288	0.7320	0.0550s	0.7906	0.7620	0.6992
103
0648	0.4533	0.9583	0.8307	0.7280	0.0565s	0.7901	0.7610	0.7004
104
0649	0.4399	0.9750	0.8351	0.7280	0.0540s	0.7896	0.7580	0.6992
105
0650	0.4572	0.9250	0.8396	0.7240	0.0531s	0.7903	0.7540	0.6952
106
0651	0.4237	0.9583	0.8387	0.7260	0.0531s	0.7899	0.7490	0.6911
107
0652	0.4525	0.9417	0.8304	0.7280	0.0533s	0.7873	0.7560	0.6981
108
0653	0.4537	0.9583	0.8276	0.7320	0.0531s	0.7868	0.7620	0.7035
109
0654	0.4186	0.9333	0.8318	0.7300	0.0534s	0.7894	0.7610	0.7025
110
0655	0.4807	0.9083	0.8394	0.7220	0.0535s	0.7933	0.7580	0.6971
111
0656	0.4439	0.9833	0.8472	0.7240	0.0531s	0.7960	0.7580	0.6991
112
0657	0.4477	0.9417	0.8462	0.7260	0.0537s	0.7947	0.7570	0.6983
113
0658	0.4182	0.9500	0.8383	0.7260	0.0539s	0.7909	0.7550	0.6944
114
0659	0.4357	0.9667	0.8260	0.7320	0.0541s	0.7859	0.7620	0.7035
115
0660	0.4447	0.9333	0.8220	0.7300	0.0535s	0.7848	0.7580	0.7000
116
0661	0.4345	0.9750	0.8264	0.7280	0.0534s	0.7868	0.7620	0.7059
117
0662	0.4415	0.9500	0.8331	0.7300	0.0540s	0.7894	0.7580	0.6999
118
0663	0.4498	0.9583	0.8397	0.7240	0.0535s	0.7923	0.7550	0.6965
119
0664	0.4247	0.9500	0.8407	0.7240	0.0538s	0.7932	0.7540	0.6958
120
0665	0.4375	0.9583	0.8386	0.7260	0.0539s	0.7930	0.7550	0.6947
121
0666	0.4314	0.9833	0.8344	0.7280	0.0537s	0.7924	0.7580	0.6975
122
0667	0.4371	0.9583	0.8343	0.7280	0.0534s	0.7927	0.7570	0.6968
123
0668	0.4374	0.9333	0.8329	0.7300	0.0533s	0.7907	0.7560	0.6956
124
0669	0.4320	0.9417	0.8313	0.7300	0.0543s	0.7886	0.7550	0.6970
125
0670	0.4139	0.9583	0.8336	0.7300	0.0546s	0.7890	0.7570	0.7008
126
0671	0.4161	0.9750	0.8338	0.7320	0.0543s	0.7886	0.7600	0.7032
127
0672	0.4236	0.9750	0.8336	0.7320	0.0543s	0.7881	0.7600	0.7034
128
0673	0.4615	0.9667	0.8327	0.7300	0.0545s	0.7884	0.7590	0.7025
129
0674	0.4373	0.9250	0.8338	0.7300	0.0543s	0.7894	0.7600	0.7039
130
0675	0.4409	0.9333	0.8359	0.7260	0.0542s	0.7910	0.7560	0.6959
131
0676	0.4399	0.9167	0.8373	0.7260	0.0537s	0.7922	0.7530	0.6932
132
0677	0.4499	0.9417	0.8359	0.7260	0.0543s	0.7912	0.7540	0.6941
133
0678	0.4230	0.9583	0.8326	0.7320	0.0539s	0.7889	0.7590	0.6986
134
0679	0.4283	0.9583	0.8303	0.7320	0.0528s	0.7874	0.7620	0.7058
135
0680	0.4269	0.9750	0.8312	0.7300	0.0532s	0.7878	0.7610	0.7044
136
0681	0.4418	0.9417	0.8338	0.7320	0.0526s	0.7894	0.7590	0.7004
137
0682	0.4416	0.9667	0.8376	0.7260	0.0545s	0.7926	0.7580	0.6975
138
0683	0.4479	0.9000	0.8380	0.7240	0.0519s	0.7945	0.7570	0.6968
139
0684	0.4469	0.9500	0.8350	0.7240	0.0523s	0.7934	0.7570	0.6969
140
0685	0.4367	0.9333	0.8305	0.7240	0.0530s	0.7906	0.7580	0.6977
141
0686	0.4389	0.9417	0.8319	0.7300	0.0531s	0.7896	0.7580	0.6977
142
0687	0.4394	0.9833	0.8350	0.7280	0.0531s	0.7905	0.7600	0.7019
143
0688	0.4465	0.9417	0.8368	0.7280	0.0531s	0.7905	0.7580	0.6998
144
0689	0.4449	0.9500	0.8376	0.7280	0.0529s	0.7910	0.7580	0.6999
145
0690	0.4393	0.9083	0.8347	0.7260	0.0531s	0.7897	0.7580	0.6978
146
0691	0.4599	0.9333	0.8310	0.7280	0.0530s	0.7877	0.7580	0.6977
147
0692	0.4165	0.9750	0.8292	0.7280	0.0528s	0.7863	0.7570	0.6969
148
0693	0.4560	0.9583	0.8293	0.7260	0.0530s	0.7860	0.7580	0.7001
149
0694	0.4285	0.9417	0.8296	0.7260	0.0540s	0.7862	0.7600	0.7019
150
0695	0.4161	0.9583	0.8312	0.7280	0.0532s	0.7877	0.7610	0.7029
151
0696	0.4513	0.9250	0.8315	0.7260	0.0527s	0.7881	0.7640	0.7057
152
0697	0.4172	0.9417	0.8333	0.7280	0.0532s	0.7874	0.7640	0.7077
153
0698	0.4452	0.9167	0.8320	0.7300	0.0530s	0.7865	0.7640	0.7074
154
0699	0.4604	0.9667	0.8318	0.7300	0.0530s	0.7863	0.7610	0.7044
155
0700	0.4631	0.9250	0.8345	0.7300	0.0531s	0.7878	0.7560	0.6975
156
0701	0.4269	0.9333	0.8369	0.7260	0.0533s	0.7892	0.7570	0.6987
157
0702	0.4545	0.9500	0.8359	0.7280	0.0529s	0.7883	0.7590	0.7005
158
0703	0.4482	0.9250	0.8339	0.7260	0.0536s	0.7868	0.7620	0.7060
159
0704	0.4125	0.9583	0.8315	0.7320	0.0530s	0.7847	0.7650	0.7087
160
0705	0.4263	0.9583	0.8298	0.7320	0.0531s	0.7832	0.7630	0.7064
161
0706	0.4582	0.9500	0.8278	0.7260	0.0530s	0.7830	0.7600	0.7033
162
0707	0.4125	0.9583	0.8283	0.7240	0.0530s	0.7846	0.7610	0.7017
163
0708	0.4322	0.9417	0.8322	0.7260	0.0531s	0.7868	0.7580	0.6993
164
0709	0.4369	0.9250	0.8333	0.7280	0.0529s	0.7869	0.7580	0.6997
165
0710	0.4427	0.9417	0.8339	0.7260	0.0532s	0.7870	0.7580	0.6980
166
0711	0.4476	0.9250	0.8292	0.7320	0.0531s	0.7852	0.7600	0.6999
167
0712	0.4545	0.9333	0.8214	0.7320	0.0532s	0.7822	0.7640	0.7055
168
0713	0.4558	0.9417	0.8197	0.7320	0.0532s	0.7813	0.7660	0.7070
0
0714	0.4330	0.9417	0.8227	0.7300	0.0532s	0.7828	0.7610	0.6998
0
0715	0.4240	0.9500	0.8273	0.7260	0.0532s	0.7847	0.7610	0.6997
1
0716	0.4635	0.9500	0.8330	0.7280	0.0530s	0.7867	0.7580	0.6972
2
0717	0.4267	0.9750	0.8333	0.7260	0.0531s	0.7885	0.7560	0.6964
3
0718	0.4380	0.9000	0.8311	0.7280	0.0529s	0.7876	0.7560	0.6967
4
0719	0.4470	0.9583	0.8260	0.7320	0.0531s	0.7838	0.7600	0.7047
5
0720	0.4504	0.9250	0.8243	0.7300	0.0531s	0.7816	0.7660	0.7094
6
0721	0.4450	0.9667	0.8243	0.7280	0.0531s	0.7823	0.7620	0.7047
7
0722	0.4357	0.9750	0.8275	0.7280	0.0530s	0.7843	0.7570	0.6999
8
0723	0.4549	0.9667	0.8315	0.7280	0.0529s	0.7854	0.7570	0.7005
9
0724	0.4361	0.9417	0.8338	0.7220	0.0531s	0.7869	0.7560	0.6998
10
0725	0.4266	0.9417	0.8360	0.7220	0.0530s	0.7887	0.7540	0.6969
11
0726	0.4288	0.9500	0.8329	0.7260	0.0538s	0.7878	0.7620	0.7064
12
0727	0.4407	0.9167	0.8273	0.7320	0.0532s	0.7849	0.7640	0.7080
13
0728	0.4431	0.9667	0.8252	0.7260	0.0530s	0.7836	0.7630	0.7062
14
0729	0.4457	0.9083	0.8272	0.7220	0.0532s	0.7836	0.7570	0.7001
15
0730	0.4294	0.9667	0.8308	0.7240	0.0535s	0.7853	0.7550	0.6982
16
0731	0.4472	0.9667	0.8298	0.7240	0.0535s	0.7851	0.7550	0.6989
17
0732	0.4473	0.9083	0.8326	0.7240	0.0536s	0.7864	0.7580	0.7017
18
0733	0.4139	0.9667	0.8322	0.7220	0.0534s	0.7870	0.7620	0.7061
19
0734	0.4384	0.9417	0.8288	0.7280	0.0530s	0.7857	0.7590	0.7038
20
0735	0.4445	0.9583	0.8245	0.7280	0.0530s	0.7834	0.7590	0.7033
21
0736	0.4489	0.9667	0.8220	0.7260	0.0530s	0.7822	0.7560	0.7002
22
0737	0.4528	0.9750	0.8257	0.7260	0.0531s	0.7835	0.7570	0.6988
23
0738	0.4530	0.9417	0.8320	0.7220	0.0531s	0.7864	0.7510	0.6930
24
0739	0.4560	0.9750	0.8370	0.7220	0.0530s	0.7892	0.7530	0.6929
25
0740	0.4229	0.9250	0.8393	0.7200	0.0533s	0.7913	0.7510	0.6913
26
0741	0.4340	0.9250	0.8341	0.7240	0.0532s	0.7882	0.7570	0.6970
27
0742	0.4546	0.9333	0.8277	0.7300	0.0529s	0.7842	0.7620	0.7036
28
0743	0.4312	0.9333	0.8257	0.7300	0.0531s	0.7831	0.7670	0.7103
29
0744	0.4407	0.9333	0.8275	0.7300	0.0531s	0.7834	0.7670	0.7120
30
0745	0.4313	0.9500	0.8282	0.7300	0.0532s	0.7836	0.7610	0.7046
31
0746	0.4328	0.9583	0.8299	0.7260	0.0850s	0.7850	0.7630	0.7070
32
0747	0.4298	0.9833	0.8335	0.7260	0.0663s	0.7879	0.7550	0.6952
33
0748	0.4747	0.9500	0.8356	0.7260	0.0620s	0.7885	0.7540	0.6941
34
0749	0.4411	0.9417	0.8355	0.7280	0.0616s	0.7871	0.7560	0.6976
35
0750	0.4464	0.9583	0.8339	0.7280	0.0619s	0.7857	0.7610	0.7024
36
0751	0.4282	0.9667	0.8306	0.7280	0.0619s	0.7853	0.7650	0.7066
37
0752	0.4701	0.9250	0.8269	0.7300	0.0618s	0.7841	0.7650	0.7065
38
0753	0.4494	0.9333	0.8263	0.7280	0.0617s	0.7829	0.7640	0.7056
39
0754	0.4425	0.9417	0.8297	0.7280	0.0618s	0.7843	0.7550	0.6949
40
0755	0.4590	0.9417	0.8320	0.7300	0.0627s	0.7855	0.7550	0.6971
41
0756	0.4765	0.9083	0.8331	0.7280	0.0616s	0.7856	0.7570	0.7011
42
0757	0.4624	0.9333	0.8330	0.7280	0.0618s	0.7853	0.7600	0.7040
43
0758	0.4357	0.9500	0.8328	0.7280	0.0618s	0.7860	0.7620	0.7053
44
0759	0.4188	0.9250	0.8295	0.7300	0.0614s	0.7848	0.7650	0.7085
45
0760	0.4206	0.9917	0.8293	0.7300	0.0570s	0.7849	0.7630	0.7069
46
0761	0.4605	0.9500	0.8322	0.7300	0.0542s	0.7867	0.7590	0.7008
47
0762	0.4307	0.9417	0.8353	0.7240	0.0531s	0.7880	0.7550	0.6971
48
0763	0.4316	0.9417	0.8355	0.7240	0.0530s	0.7873	0.7540	0.6961
49
0764	0.4248	0.9583	0.8305	0.7260	0.0530s	0.7854	0.7580	0.7000
50
0765	0.4559	0.9583	0.8269	0.7300	0.0537s	0.7849	0.7630	0.7069
51
0766	0.4331	0.9500	0.8260	0.7300	0.0531s	0.7856	0.7620	0.7060
52
0767	0.4251	0.9750	0.8252	0.7240	0.0532s	0.7869	0.7590	0.7009
53
0768	0.4356	0.9667	0.8300	0.7260	0.0532s	0.7886	0.7610	0.7024
54
0769	0.4268	0.9500	0.8384	0.7240	0.0530s	0.7909	0.7550	0.6968
55
0770	0.4476	0.9500	0.8429	0.7220	0.0531s	0.7927	0.7520	0.6942
56
0771	0.4518	0.9333	0.8385	0.7240	0.0528s	0.7902	0.7590	0.7009
57
0772	0.4618	0.9333	0.8336	0.7280	0.0541s	0.7881	0.7630	0.7091
58
0773	0.4645	0.9417	0.8288	0.7300	0.0533s	0.7855	0.7650	0.7129
59
0774	0.4181	0.9583	0.8267	0.7280	0.0531s	0.7839	0.7660	0.7138
60
0775	0.4225	0.9583	0.8269	0.7280	0.0531s	0.7850	0.7610	0.7048
61
0776	0.4432	0.9583	0.8282	0.7240	0.0532s	0.7870	0.7610	0.7027
62
0777	0.4582	0.9500	0.8301	0.7280	0.0530s	0.7882	0.7600	0.7022
63
0778	0.4310	1.0000	0.8330	0.7260	0.0532s	0.7895	0.7580	0.6956
64
0779	0.4199	0.9833	0.8355	0.7300	0.0529s	0.7910	0.7580	0.6931
65
0780	0.4375	0.9417	0.8347	0.7300	0.0529s	0.7900	0.7580	0.6952
66
0781	0.4689	0.9417	0.8307	0.7300	0.0529s	0.7868	0.7600	0.6994
67
0782	0.4389	0.9500	0.8282	0.7320	0.0531s	0.7842	0.7610	0.7025
68
0783	0.4449	0.9750	0.8300	0.7260	0.0529s	0.7847	0.7590	0.7010
69
0784	0.4218	0.9917	0.8336	0.7240	0.0534s	0.7868	0.7550	0.6978
70
0785	0.4429	0.9333	0.8334	0.7240	0.0532s	0.7871	0.7540	0.6967
71
0786	0.4444	0.9583	0.8317	0.7280	0.0531s	0.7877	0.7620	0.7042
72
0787	0.4138	0.9167	0.8333	0.7300	0.0531s	0.7903	0.7580	0.6979
73
0788	0.4067	0.9333	0.8356	0.7300	0.0533s	0.7920	0.7570	0.6945
74
0789	0.4232	0.9583	0.8352	0.7300	0.0531s	0.7898	0.7590	0.7009
75
0790	0.4565	0.9333	0.8290	0.7320	0.0533s	0.7850	0.7590	0.7031
76
0791	0.4342	0.9667	0.8239	0.7340	0.0533s	0.7822	0.7580	0.7005
77
0792	0.4399	0.9667	0.8257	0.7220	0.0531s	0.7829	0.7560	0.7010
78
0793	0.4115	0.9417	0.8279	0.7220	0.0531s	0.7846	0.7540	0.6993
79
0794	0.4032	0.9500	0.8299	0.7260	0.0529s	0.7860	0.7540	0.6950
80
0795	0.4497	0.9250	0.8346	0.7260	0.0531s	0.7892	0.7560	0.6959
81
0796	0.4349	0.9667	0.8388	0.7300	0.0532s	0.7923	0.7580	0.6969
82
0797	0.4555	0.9583	0.8396	0.7300	0.0530s	0.7916	0.7560	0.6949
83
0798	0.4744	0.9083	0.8367	0.7260	0.0533s	0.7882	0.7570	0.6955
84
0799	0.4385	0.9250	0.8330	0.7220	0.0531s	0.7852	0.7530	0.6976
85
0800	0.3994	0.9750	0.8295	0.7260	0.0530s	0.7835	0.7560	0.7006
86
0801	0.4617	0.9000	0.8250	0.7260	0.0533s	0.7818	0.7550	0.6997
87
0802	0.4175	0.9667	0.8229	0.7240	0.0533s	0.7822	0.7580	0.7005
88
0803	0.4326	0.9583	0.8273	0.7280	0.0534s	0.7857	0.7650	0.7067
89
0804	0.4553	0.9417	0.8331	0.7240	0.0532s	0.7898	0.7620	0.7012
90
0805	0.4104	0.9250	0.8360	0.7260	0.0536s	0.7910	0.7580	0.6971
91
0806	0.4212	0.9667	0.8358	0.7280	0.0532s	0.7884	0.7590	0.7001
92
0807	0.4191	0.9583	0.8367	0.7220	0.0531s	0.7882	0.7530	0.6967
93
0808	0.4258	0.9333	0.8362	0.7220	0.0530s	0.7877	0.7530	0.6974
94
0809	0.4174	0.9750	0.8338	0.7240	0.0530s	0.7870	0.7540	0.6985
95
0810	0.4328	0.9417	0.8314	0.7180	0.0529s	0.7863	0.7570	0.7008
96
0811	0.4340	0.9167	0.8284	0.7260	0.0528s	0.7877	0.7620	0.7034
97
0812	0.4409	0.9750	0.8293	0.7260	0.0530s	0.7894	0.7610	0.6987
98
0813	0.4394	0.9500	0.8321	0.7260	0.0530s	0.7900	0.7590	0.6963
99
0814	0.4054	0.9667	0.8395	0.7220	0.0530s	0.7921	0.7530	0.6933
100
0815	0.4448	0.9667	0.8459	0.7140	0.0538s	0.7943	0.7460	0.6889
101
0816	0.4443	0.9583	0.8433	0.7140	0.0534s	0.7919	0.7480	0.6926
102
0817	0.4489	0.9333	0.8351	0.7240	0.0531s	0.7867	0.7570	0.7008
103
0818	0.3898	0.9833	0.8329	0.7260	0.0531s	0.7870	0.7580	0.6976
104
0819	0.4603	0.9333	0.8336	0.7240	0.0534s	0.7891	0.7590	0.6984
105
0820	0.4552	0.9333	0.8348	0.7240	0.0531s	0.7898	0.7580	0.6976
106
0821	0.4219	0.9417	0.8347	0.7260	0.0530s	0.7897	0.7570	0.6969
107
0822	0.4517	0.9583	0.8330	0.7260	0.0532s	0.7890	0.7520	0.6903
108
0823	0.4275	0.9417	0.8318	0.7260	0.0529s	0.7884	0.7510	0.6916
109
0824	0.4389	0.9417	0.8313	0.7220	0.0531s	0.7865	0.7550	0.6969
110
0825	0.4353	0.8917	0.8307	0.7300	0.0530s	0.7860	0.7600	0.7013
111
0826	0.4223	0.9417	0.8328	0.7260	0.0543s	0.7883	0.7560	0.6951
112
0827	0.4040	0.9583	0.8387	0.7240	0.0546s	0.7921	0.7560	0.6928
113
0828	0.4408	0.9000	0.8440	0.7240	0.0544s	0.7951	0.7500	0.6875
114
0829	0.4574	0.9167	0.8432	0.7220	0.0546s	0.7941	0.7490	0.6888
115
0830	0.4338	0.9583	0.8391	0.7220	0.0693s	0.7908	0.7520	0.6920
116
0831	0.4453	0.9417	0.8341	0.7200	0.0557s	0.7877	0.7560	0.6977
117
0832	0.4754	0.9333	0.8296	0.7240	0.0534s	0.7858	0.7600	0.7053
118
0833	0.4182	0.9750	0.8318	0.7260	0.0532s	0.7864	0.7630	0.7080
119
0834	0.4426	0.9333	0.8370	0.7260	0.0530s	0.7896	0.7550	0.6964
120
0835	0.4365	0.9750	0.8440	0.7180	0.0531s	0.7951	0.7520	0.6917
121
0836	0.4504	0.9583	0.8473	0.7200	0.0529s	0.7982	0.7500	0.6900
122
0837	0.4447	0.9417	0.8446	0.7180	0.0531s	0.7954	0.7510	0.6905
123
0838	0.4069	0.9500	0.8398	0.7180	0.0535s	0.7914	0.7530	0.6920
124
0839	0.4328	0.9583	0.8351	0.7220	0.0533s	0.7883	0.7540	0.6970
125
0840	0.4468	0.9500	0.8290	0.7240	0.0537s	0.7855	0.7630	0.7079
126
0841	0.4408	0.9750	0.8263	0.7220	0.0537s	0.7849	0.7640	0.7073
127
0842	0.4699	0.9250	0.8282	0.7240	0.0539s	0.7859	0.7590	0.7008
128
0843	0.4485	0.9250	0.8291	0.7260	0.0532s	0.7873	0.7600	0.6998
129
0844	0.4453	0.9167	0.8334	0.7260	0.0537s	0.7899	0.7580	0.6978
130
0845	0.4318	0.9500	0.8357	0.7240	0.0537s	0.7908	0.7570	0.6962
131
0846	0.4673	0.9167	0.8386	0.7260	0.0533s	0.7914	0.7570	0.6960
132
0847	0.4116	0.9583	0.8384	0.7280	0.0532s	0.7908	0.7600	0.7012
133
0848	0.4328	0.9833	0.8373	0.7240	0.0534s	0.7900	0.7560	0.6979
134
0849	0.4087	0.9667	0.8348	0.7220	0.0538s	0.7882	0.7580	0.7000
135
0850	0.4203	0.9333	0.8334	0.7220	0.0533s	0.7873	0.7590	0.7030
136
0851	0.4095	0.9750	0.8318	0.7260	0.0533s	0.7864	0.7580	0.7020
137
0852	0.4309	0.9500	0.8352	0.7240	0.0532s	0.7885	0.7540	0.6935
138
0853	0.4370	0.9417	0.8369	0.7200	0.0534s	0.7892	0.7530	0.6925
139
0854	0.4421	0.9333	0.8396	0.7220	0.0529s	0.7902	0.7570	0.6961
140
0855	0.4318	0.9500	0.8419	0.7220	0.0540s	0.7914	0.7580	0.6994
141
0856	0.4560	0.9417	0.8389	0.7200	0.0536s	0.7893	0.7600	0.7014
142
0857	0.4460	0.9667	0.8348	0.7200	0.0533s	0.7877	0.7560	0.6954
143
0858	0.4393	0.9583	0.8315	0.7240	0.0531s	0.7868	0.7560	0.6956
144
0859	0.4119	0.9417	0.8339	0.7240	0.0533s	0.7883	0.7550	0.6941
145
0860	0.4262	0.9500	0.8362	0.7260	0.0534s	0.7889	0.7550	0.6937
146
0861	0.4480	0.9500	0.8364	0.7260	0.0530s	0.7885	0.7560	0.6950
147
0862	0.4504	0.9500	0.8377	0.7260	0.0536s	0.7888	0.7600	0.6989
148
0863	0.4339	0.9583	0.8398	0.7200	0.0536s	0.7901	0.7590	0.7003
149
0864	0.4393	0.9500	0.8370	0.7220	0.0533s	0.7880	0.7580	0.7012
150
0865	0.4195	0.9333	0.8354	0.7240	0.0533s	0.7870	0.7570	0.6978
151
0866	0.4295	0.9667	0.8374	0.7220	0.0550s	0.7884	0.7540	0.6944
152
0867	0.4145	0.9583	0.8359	0.7240	0.0540s	0.7883	0.7540	0.6944
153
0868	0.4538	0.9500	0.8339	0.7280	0.0535s	0.7876	0.7560	0.6969
154
0869	0.4726	0.9167	0.8345	0.7240	0.0535s	0.7885	0.7560	0.6994
155
0870	0.4298	0.9667	0.8350	0.7220	0.0535s	0.7895	0.7590	0.7002
156
0871	0.4251	0.9000	0.8336	0.7240	0.0532s	0.7892	0.7600	0.6992
157
0872	0.4399	0.9500	0.8349	0.7220	0.0536s	0.7897	0.7590	0.7008
158
0873	0.4817	0.9417	0.8316	0.7240	0.0537s	0.7888	0.7600	0.7016
159
0874	0.4360	0.9667	0.8283	0.7260	0.0536s	0.7867	0.7600	0.7038
160
0875	0.4533	0.9500	0.8276	0.7260	0.0532s	0.7850	0.7570	0.7007
161
0876	0.4409	0.9500	0.8297	0.7240	0.0542s	0.7851	0.7550	0.6986
162
0877	0.4179	0.9667	0.8307	0.7240	0.0545s	0.7859	0.7560	0.6996
163
0878	0.4615	0.9167	0.8294	0.7220	0.0534s	0.7859	0.7570	0.6991
164
0879	0.4540	0.9250	0.8325	0.7220	0.0541s	0.7882	0.7540	0.6946
165
0880	0.4337	0.9583	0.8354	0.7220	0.0535s	0.7893	0.7520	0.6919
166
0881	0.4364	0.9500	0.8373	0.7260	0.0536s	0.7897	0.7550	0.6962
167
0882	0.4474	0.9250	0.8359	0.7240	0.0532s	0.7886	0.7560	0.6969
168
0883	0.4237	0.9333	0.8327	0.7300	0.0539s	0.7870	0.7550	0.6963
169
0884	0.4510	0.9417	0.8276	0.7280	0.0542s	0.7854	0.7590	0.7007
170
0885	0.4386	0.9417	0.8245	0.7280	0.0544s	0.7849	0.7570	0.6968
171
0886	0.4090	0.9333	0.8236	0.7280	0.0542s	0.7850	0.7560	0.6959
172
0887	0.4194	0.9583	0.8252	0.7280	0.0544s	0.7855	0.7560	0.6958
173
0888	0.4210	0.9500	0.8302	0.7300	0.0542s	0.7871	0.7550	0.6973
174
0889	0.4267	0.9833	0.8391	0.7240	0.0534s	0.7904	0.7530	0.6957
175
0890	0.4462	0.9583	0.8420	0.7240	0.0542s	0.7914	0.7560	0.6983
176
0891	0.4333	0.9333	0.8399	0.7260	0.0538s	0.7898	0.7580	0.7000
177
0892	0.4352	0.9667	0.8353	0.7280	0.0541s	0.7882	0.7580	0.6979
178
0893	0.4517	0.9583	0.8316	0.7280	0.0539s	0.7864	0.7570	0.6974
179
0894	0.4197	0.9750	0.8358	0.7240	0.0536s	0.7870	0.7520	0.6927
180
0895	0.3944	0.9833	0.8378	0.7220	0.0543s	0.7871	0.7520	0.6946
181
0896	0.4559	0.9333	0.8387	0.7240	0.0541s	0.7870	0.7550	0.6973
182
0897	0.4263	0.9500	0.8355	0.7240	0.0534s	0.7855	0.7580	0.6998
183
0898	0.4478	0.9333	0.8323	0.7260	0.0534s	0.7847	0.7620	0.7035
184
0899	0.4631	0.9583	0.8314	0.7280	0.0532s	0.7845	0.7610	0.7002
185
0900	0.4743	0.9000	0.8299	0.7280	0.0534s	0.7843	0.7610	0.7004
186
0901	0.3998	0.9333	0.8319	0.7280	0.0535s	0.7858	0.7560	0.6967
187
0902	0.4539	0.9750	0.8348	0.7260	0.0546s	0.7867	0.7540	0.6950
188
0903	0.4243	0.9583	0.8349	0.7240	0.0538s	0.7853	0.7560	0.6985
189
0904	0.4188	0.9583	0.8350	0.7240	0.0535s	0.7839	0.7590	0.7023
190
0905	0.4391	0.9667	0.8301	0.7280	0.0542s	0.7817	0.7630	0.7064
191
0906	0.4317	0.9750	0.8272	0.7260	0.0544s	0.7816	0.7590	0.7029
192
0907	0.4410	0.9667	0.8266	0.7260	0.0536s	0.7830	0.7570	0.6993
193
0908	0.4376	0.9583	0.8287	0.7220	0.0540s	0.7837	0.7580	0.7005
194
0909	0.4210	0.9917	0.8323	0.7260	0.0538s	0.7849	0.7550	0.6980
195
0910	0.4225	0.9583	0.8332	0.7280	0.0535s	0.7860	0.7610	0.7030
196
0911	0.4440	0.9500	0.8390	0.7280	0.0533s	0.7896	0.7590	0.7005
197
0912	0.4340	0.9417	0.8419	0.7300	0.0535s	0.7913	0.7600	0.7014
198
0913	0.4301	0.9500	0.8417	0.7260	0.0537s	0.7908	0.7580	0.7009
199
Early stop! Min loss:0.8197032809257507,  Max accuracy:0.736
Early stop model validation loss:0.8197032809257507,  accuracy:0.732
Optimization Finished!
Total time elapsed: 49.8745s
test max acc:0.7670
Loading 712th epoch
stru_node_to_hop attention:tensor([[0.2866, 0.3567, 0.3567],
        [0.2084, 0.4765, 0.3152],
        [0.3221, 0.3390, 0.3390],
        [0.2466, 0.3283, 0.4250],
        [0.3149, 0.3426, 0.3426],
        [0.3475, 0.3321, 0.3204],
        [0.3405, 0.3298, 0.3298],
        [0.3091, 0.2464, 0.4446],
        [0.5586, 0.2325, 0.2089],
        [0.3616, 0.3440, 0.2944],
        [0.3925, 0.3119, 0.2957],
        [0.2551, 0.3724, 0.3724],
        [0.2855, 0.3328, 0.3817],
        [0.2536, 0.3681, 0.3784],
        [0.2724, 0.3632, 0.3644],
        [0.3099, 0.3450, 0.3450],
        [0.2934, 0.3466, 0.3600],
        [0.2611, 0.4103, 0.3286],
        [0.2565, 0.2522, 0.4912],
        [0.2368, 0.4276, 0.3356],
        [0.2893, 0.3761, 0.3346],
        [0.2778, 0.3336, 0.3886],
        [0.2596, 0.3444, 0.3960],
        [0.3047, 0.3330, 0.3623],
        [0.3023, 0.3438, 0.3539],
        [0.4691, 0.2828, 0.2481],
        [0.5416, 0.2441, 0.2143],
        [0.2473, 0.3009, 0.4519],
        [0.2509, 0.4261, 0.3229],
        [0.3759, 0.2712, 0.3529],
        [0.3215, 0.3283, 0.3502],
        [0.3755, 0.2997, 0.3248],
        [0.3353, 0.2958, 0.3689],
        [0.2369, 0.3567, 0.4064],
        [0.2860, 0.3269, 0.3871],
        [0.2502, 0.3749, 0.3749],
        [0.2825, 0.3588, 0.3588],
        [0.2423, 0.3788, 0.3788],
        [0.2861, 0.3460, 0.3679],
        [0.2899, 0.3980, 0.3121],
        [0.2552, 0.3745, 0.3703],
        [0.3202, 0.3031, 0.3767],
        [0.3827, 0.3000, 0.3173],
        [0.4598, 0.3295, 0.2107],
        [0.2602, 0.3422, 0.3976],
        [0.3089, 0.3455, 0.3455],
        [0.2454, 0.3291, 0.4255],
        [0.3213, 0.3065, 0.3722],
        [0.3847, 0.2849, 0.3304],
        [0.2313, 0.4102, 0.3586],
        [0.3051, 0.3856, 0.3093],
        [0.2726, 0.3310, 0.3964],
        [0.5025, 0.2662, 0.2313],
        [0.5231, 0.2317, 0.2452],
        [0.4457, 0.2603, 0.2941],
        [0.4590, 0.3007, 0.2403],
        [0.2768, 0.3702, 0.3530],
        [0.2736, 0.3263, 0.4000],
        [0.2530, 0.3778, 0.3692],
        [0.3012, 0.2836, 0.4152],
        [0.5044, 0.2409, 0.2547],
        [0.4425, 0.2668, 0.2907],
        [0.2928, 0.3041, 0.4031],
        [0.2859, 0.3571, 0.3571],
        [0.2865, 0.3225, 0.3910],
        [0.3244, 0.3747, 0.3009],
        [0.2733, 0.3452, 0.3815],
        [0.2876, 0.3499, 0.3625],
        [0.3177, 0.3337, 0.3486],
        [0.3223, 0.3816, 0.2961],
        [0.2585, 0.3783, 0.3632],
        [0.2585, 0.3652, 0.3763],
        [0.3142, 0.3148, 0.3710],
        [0.2773, 0.3566, 0.3661],
        [0.3085, 0.3060, 0.3855],
        [0.2276, 0.4145, 0.3579],
        [0.2364, 0.3976, 0.3660],
        [0.2911, 0.3235, 0.3854],
        [0.2609, 0.4216, 0.3175],
        [0.2703, 0.4399, 0.2897],
        [0.2419, 0.3694, 0.3887],
        [0.2664, 0.3877, 0.3459],
        [0.2932, 0.3338, 0.3730],
        [0.2555, 0.3973, 0.3471],
        [0.2813, 0.3106, 0.4081],
        [0.3314, 0.3568, 0.3118],
        [0.2627, 0.3805, 0.3568],
        [0.2655, 0.3402, 0.3943],
        [0.2795, 0.3253, 0.3952],
        [0.2595, 0.3703, 0.3703],
        [0.4751, 0.2699, 0.2550],
        [0.4683, 0.2647, 0.2669],
        [0.2999, 0.2823, 0.4179],
        [0.2984, 0.3428, 0.3588],
        [0.2706, 0.3647, 0.3647],
        [0.6123, 0.1950, 0.1927],
        [0.6042, 0.1942, 0.2016],
        [0.2838, 0.3581, 0.3581],
        [0.2463, 0.4083, 0.3454],
        [0.6873, 0.1513, 0.1614]], device='cuda:1')
fea_node_to_hop attention:tensor([[0.3061, 0.3285, 0.1809, 0.1845],
        [0.3197, 0.2832, 0.1898, 0.2073],
        [0.2060, 0.4126, 0.1998, 0.1816],
        [0.2103, 0.3301, 0.2443, 0.2153],
        [0.3425, 0.2943, 0.1816, 0.1816],
        [0.3429, 0.3114, 0.1690, 0.1768],
        [0.3787, 0.2548, 0.1829, 0.1835],
        [0.7111, 0.1014, 0.0976, 0.0899],
        [0.4719, 0.2038, 0.1582, 0.1661],
        [0.4204, 0.2316, 0.1778, 0.1701],
        [0.3862, 0.2486, 0.1883, 0.1769],
        [0.3611, 0.2658, 0.1834, 0.1897],
        [0.5632, 0.1457, 0.1444, 0.1468],
        [0.2214, 0.3338, 0.2373, 0.2074],
        [0.2810, 0.3233, 0.2096, 0.1861],
        [0.3145, 0.3062, 0.1973, 0.1820],
        [0.2188, 0.2866, 0.2558, 0.2388],
        [0.2354, 0.3273, 0.2346, 0.2027],
        [0.2901, 0.2822, 0.2215, 0.2062],
        [0.6270, 0.1422, 0.1198, 0.1111],
        [0.2913, 0.2931, 0.2235, 0.1921],
        [0.2392, 0.3515, 0.2173, 0.1920],
        [0.2303, 0.2941, 0.2496, 0.2259],
        [0.2576, 0.3213, 0.2225, 0.1986],
        [0.2033, 0.3891, 0.2163, 0.1914],
        [0.4957, 0.1791, 0.1656, 0.1596],
        [0.5413, 0.1694, 0.1452, 0.1441],
        [0.2112, 0.3324, 0.2449, 0.2115],
        [0.2180, 0.3221, 0.2421, 0.2178],
        [0.2810, 0.3335, 0.2058, 0.1797],
        [0.3680, 0.2813, 0.1817, 0.1689],
        [0.2360, 0.3746, 0.2109, 0.1786],
        [0.3047, 0.3108, 0.2037, 0.1809],
        [0.2926, 0.3138, 0.2076, 0.1860],
        [0.3763, 0.2808, 0.1803, 0.1625],
        [0.3030, 0.2606, 0.2294, 0.2070],
        [0.2684, 0.3152, 0.2183, 0.1981],
        [0.3613, 0.2587, 0.2000, 0.1801],
        [0.2101, 0.3409, 0.2340, 0.2149],
        [0.2412, 0.3139, 0.2337, 0.2113],
        [0.2750, 0.3021, 0.2247, 0.1982],
        [0.2544, 0.3539, 0.2050, 0.1867],
        [0.5353, 0.1819, 0.1451, 0.1376],
        [0.2954, 0.3326, 0.1985, 0.1735],
        [0.1983, 0.3970, 0.2181, 0.1865],
        [0.1862, 0.4181, 0.2131, 0.1826],
        [0.3710, 0.2854, 0.1810, 0.1626],
        [0.2277, 0.3797, 0.2084, 0.1841],
        [0.2340, 0.4005, 0.1962, 0.1692],
        [0.2144, 0.2879, 0.2612, 0.2365],
        [0.2971, 0.2678, 0.2262, 0.2090],
        [0.2526, 0.3192, 0.2276, 0.2006],
        [0.4596, 0.2235, 0.1632, 0.1537],
        [0.4955, 0.2231, 0.1453, 0.1362],
        [0.3755, 0.2688, 0.1854, 0.1703],
        [0.3776, 0.2648, 0.1837, 0.1739],
        [0.1941, 0.2967, 0.2722, 0.2370],
        [0.2420, 0.3308, 0.2256, 0.2016],
        [0.1999, 0.2981, 0.2660, 0.2360],
        [0.4025, 0.2206, 0.1940, 0.1829],
        [0.6263, 0.1327, 0.1208, 0.1201],
        [0.3271, 0.2956, 0.1996, 0.1777],
        [0.2138, 0.3927, 0.2127, 0.1808],
        [0.3198, 0.3031, 0.2020, 0.1751],
        [0.1791, 0.3732, 0.2396, 0.2081],
        [0.2940, 0.3529, 0.1858, 0.1673],
        [0.1922, 0.3231, 0.2544, 0.2303],
        [0.2379, 0.3429, 0.2250, 0.1942],
        [0.2113, 0.3377, 0.2446, 0.2065],
        [0.3476, 0.3280, 0.1739, 0.1505],
        [0.2121, 0.3132, 0.2510, 0.2238],
        [0.2700, 0.2941, 0.2306, 0.2053],
        [0.2863, 0.3077, 0.2150, 0.1909],
        [0.2351, 0.3473, 0.2230, 0.1945],
        [0.5432, 0.1741, 0.1476, 0.1352],
        [0.3095, 0.3115, 0.1997, 0.1792],
        [0.3773, 0.2842, 0.1848, 0.1537],
        [0.2197, 0.3063, 0.2482, 0.2257],
        [0.2703, 0.2637, 0.2476, 0.2184],
        [0.4306, 0.2440, 0.1716, 0.1537],
        [0.2179, 0.3390, 0.2338, 0.2093],
        [0.2681, 0.2780, 0.2369, 0.2170],
        [0.2454, 0.3414, 0.2239, 0.1893],
        [0.2207, 0.2812, 0.2569, 0.2412],
        [0.2391, 0.2601, 0.2594, 0.2414],
        [0.6696, 0.1329, 0.1029, 0.0947],
        [0.2081, 0.3486, 0.2365, 0.2067],
        [0.2557, 0.3035, 0.2338, 0.2070],
        [0.2817, 0.3123, 0.2168, 0.1891],
        [0.2801, 0.2845, 0.2251, 0.2104],
        [0.4127, 0.2603, 0.1693, 0.1578],
        [0.3133, 0.3155, 0.1982, 0.1730],
        [0.1749, 0.3620, 0.2485, 0.2146],
        [0.2284, 0.2659, 0.2588, 0.2469],
        [0.2289, 0.3001, 0.2453, 0.2256],
        [0.3924, 0.2607, 0.1819, 0.1649],
        [0.3510, 0.2178, 0.2229, 0.2083],
        [0.2338, 0.3553, 0.2163, 0.1946],
        [0.2046, 0.2999, 0.2534, 0.2421],
        [0.5912, 0.1398, 0.1339, 0.1351]], device='cuda:1')
perception attention:tensor([0.4523, 0.5477], device='cuda:1')
Test set results: loss= 0.7813 accuracy= 0.7660 F1_score= 0.7070
