# epoch	loss_train	acc_train	loss_val	acc_val	time	acc_test	f1_test
0001	1.7974	0.1500	1.7988	0.1860	0.0523s	1.7943	0.1690	0.0482
0
0002	1.7897	0.1917	1.7950	0.1840	0.0511s	1.7911	0.1710	0.0531
0
0003	1.7881	0.2000	1.7921	0.2460	0.0514s	1.7883	0.2690	0.1313
0
0004	1.7808	0.2833	1.7891	0.2180	0.0520s	1.7856	0.2370	0.0772
0
0005	1.7759	0.3833	1.7864	0.2220	0.0514s	1.7834	0.2360	0.0772
0
0006	1.7694	0.3583	1.7835	0.2240	0.0516s	1.7809	0.2420	0.0987
0
0007	1.7679	0.3167	1.7802	0.2240	0.0524s	1.7780	0.2470	0.1087
0
0008	1.7577	0.3417	1.7764	0.2240	0.0516s	1.7744	0.2490	0.1130
0
0009	1.7533	0.3333	1.7719	0.2240	0.0522s	1.7702	0.2460	0.1086
0
0010	1.7435	0.4250	1.7673	0.2260	0.0523s	1.7658	0.2490	0.1156
0
0011	1.7368	0.4333	1.7634	0.2300	0.0526s	1.7619	0.2610	0.1342
0
0012	1.7244	0.3500	1.7593	0.2520	0.0510s	1.7578	0.2740	0.1532
0
0013	1.7198	0.4833	1.7548	0.2860	0.0507s	1.7535	0.3060	0.2020
0
0014	1.7038	0.5083	1.7493	0.3320	0.0509s	1.7482	0.3450	0.2483
0
0015	1.6954	0.6250	1.7432	0.3720	0.0512s	1.7423	0.3880	0.2887
0
0016	1.6857	0.5750	1.7354	0.3840	0.0514s	1.7349	0.4040	0.3054
0
0017	1.6720	0.6417	1.7272	0.3780	0.0507s	1.7268	0.4120	0.3223
0
0018	1.6567	0.6583	1.7202	0.3960	0.0519s	1.7194	0.4280	0.3471
0
0019	1.6450	0.6917	1.7132	0.4300	0.0515s	1.7124	0.4620	0.3856
0
0020	1.6245	0.7000	1.7063	0.4740	0.0533s	1.7053	0.4860	0.4193
0
0021	1.6048	0.8250	1.6984	0.4960	0.0530s	1.6975	0.5140	0.4597
0
0022	1.5978	0.7500	1.6895	0.5040	0.0529s	1.6885	0.5290	0.4786
0
0023	1.5748	0.8417	1.6802	0.5300	0.0525s	1.6792	0.5460	0.4999
0
0024	1.5588	0.7250	1.6702	0.5660	0.0514s	1.6692	0.5690	0.5258
0
0025	1.5382	0.8000	1.6592	0.5840	0.0522s	1.6582	0.5840	0.5423
0
0026	1.5142	0.8250	1.6470	0.5880	0.0533s	1.6460	0.6020	0.5554
0
0027	1.4953	0.7917	1.6346	0.5940	0.0511s	1.6334	0.6020	0.5506
0
0028	1.4689	0.8750	1.6220	0.5960	0.0512s	1.6205	0.6070	0.5524
0
0029	1.4484	0.8167	1.6099	0.6140	0.0510s	1.6078	0.6240	0.5694
0
0030	1.4304	0.8250	1.5962	0.6240	0.0509s	1.5938	0.6420	0.5910
0
0031	1.4013	0.8417	1.5834	0.6400	0.0505s	1.5806	0.6480	0.5953
0
0032	1.3674	0.8583	1.5712	0.6520	0.0502s	1.5679	0.6610	0.6087
0
0033	1.3625	0.8417	1.5584	0.6500	0.0512s	1.5546	0.6600	0.6060
0
0034	1.3351	0.8333	1.5443	0.6560	0.0506s	1.5396	0.6630	0.6068
0
0035	1.2813	0.8750	1.5303	0.6700	0.0504s	1.5247	0.6700	0.6142
0
0036	1.2992	0.8000	1.5153	0.6740	0.0501s	1.5092	0.6800	0.6251
0
0037	1.2321	0.9083	1.5014	0.6740	0.0530s	1.4946	0.6880	0.6369
0
0038	1.2451	0.9083	1.4885	0.6700	0.0508s	1.4809	0.6820	0.6343
0
0039	1.2157	0.8833	1.4752	0.6660	0.0522s	1.4669	0.6790	0.6340
0
0040	1.2311	0.9000	1.4619	0.6580	0.0527s	1.4529	0.6780	0.6325
0
0041	1.1646	0.9000	1.4486	0.6580	0.0526s	1.4382	0.6810	0.6375
0
0042	1.1582	0.9000	1.4352	0.6660	0.0525s	1.4239	0.6900	0.6483
0
0043	1.1480	0.9250	1.4214	0.6720	0.0528s	1.4096	0.6960	0.6533
0
0044	1.1489	0.9083	1.4076	0.6740	0.0525s	1.3950	0.6950	0.6527
0
0045	1.1115	0.9167	1.3931	0.6780	0.0521s	1.3799	0.7000	0.6574
0
0046	1.0967	0.9333	1.3795	0.6800	0.0502s	1.3654	0.7040	0.6616
0
0047	1.0798	0.9000	1.3670	0.6820	0.0509s	1.3522	0.7060	0.6640
0
0048	1.0449	0.9417	1.3556	0.6860	0.0515s	1.3397	0.7040	0.6615
0
0049	1.0246	0.9500	1.3436	0.6860	0.0523s	1.3271	0.7070	0.6664
0
0050	1.0174	0.9333	1.3317	0.6860	0.0523s	1.3147	0.7040	0.6629
0
0051	1.0245	0.9000	1.3185	0.6840	0.0517s	1.3013	0.7100	0.6690
0
0052	0.9887	0.9083	1.3047	0.6860	0.0517s	1.2873	0.7120	0.6705
0
0053	1.0181	0.8917	1.2925	0.6820	0.0512s	1.2748	0.7120	0.6703
0
0054	0.9752	0.9083	1.2820	0.6860	0.0517s	1.2633	0.7080	0.6666
0
0055	0.9863	0.9250	1.2708	0.6880	0.0521s	1.2515	0.7080	0.6677
0
0056	0.9636	0.9333	1.2594	0.6940	0.0519s	1.2400	0.7160	0.6763
0
0057	0.9557	0.8917	1.2487	0.7060	0.0528s	1.2291	0.7200	0.6811
0
0058	0.9441	0.9167	1.2379	0.7040	0.0527s	1.2179	0.7190	0.6803
0
0059	0.9266	0.9333	1.2264	0.7060	0.0523s	1.2064	0.7180	0.6791
0
0060	0.9020	0.9250	1.2159	0.7060	0.0535s	1.1956	0.7230	0.6840
0
0061	0.8944	0.9000	1.2066	0.7020	0.0526s	1.1853	0.7190	0.6800
0
0062	0.9165	0.9000	1.1982	0.7000	0.0528s	1.1754	0.7180	0.6796
0
0063	0.9286	0.9333	1.1899	0.7000	0.0513s	1.1658	0.7100	0.6711
0
0064	0.8973	0.9250	1.1810	0.6980	0.0515s	1.1572	0.7120	0.6714
0
0065	0.8649	0.9250	1.1718	0.7040	0.0504s	1.1485	0.7120	0.6665
0
0066	0.9189	0.8917	1.1627	0.7060	0.0506s	1.1400	0.7190	0.6732
0
0067	0.8723	0.9083	1.1550	0.7100	0.0531s	1.1317	0.7260	0.6842
0
0068	0.9161	0.9250	1.1467	0.7080	0.0525s	1.1227	0.7300	0.6895
0
0069	0.8901	0.9167	1.1402	0.7100	0.0533s	1.1152	0.7320	0.6943
0
0070	0.8534	0.9250	1.1334	0.7100	0.0511s	1.1081	0.7320	0.6930
0
0071	0.8888	0.8917	1.1263	0.7100	0.0505s	1.1007	0.7300	0.6883
0
0072	0.8278	0.9667	1.1193	0.7060	0.0507s	1.0932	0.7250	0.6809
0
0073	0.8365	0.9417	1.1123	0.7080	0.0517s	1.0862	0.7260	0.6822
0
0074	0.8363	0.9417	1.1044	0.7100	0.0522s	1.0788	0.7300	0.6889
0
0075	0.8022	0.9500	1.0991	0.7100	0.0515s	1.0732	0.7320	0.6918
0
0076	0.8546	0.9417	1.0925	0.7120	0.0513s	1.0668	0.7320	0.6920
0
0077	0.8177	0.9333	1.0889	0.7140	0.0515s	1.0623	0.7330	0.6928
0
0078	0.8731	0.9000	1.0865	0.7080	0.0517s	1.0588	0.7310	0.6918
0
0079	0.8422	0.9500	1.0816	0.7100	0.0515s	1.0536	0.7310	0.6906
0
0080	0.8061	0.9417	1.0747	0.7100	0.0514s	1.0462	0.7310	0.6893
0
0081	0.8413	0.9333	1.0667	0.7160	0.0514s	1.0383	0.7280	0.6826
0
0082	0.8236	0.9000	1.0599	0.7240	0.0506s	1.0315	0.7290	0.6819
0
0083	0.8577	0.9500	1.0525	0.7280	0.0517s	1.0254	0.7340	0.6866
0
0084	0.7952	0.9083	1.0461	0.7280	0.0506s	1.0196	0.7350	0.6873
0
0085	0.8336	0.9083	1.0418	0.7240	0.0516s	1.0153	0.7320	0.6848
0
0086	0.8163	0.8750	1.0419	0.7240	0.0522s	1.0140	0.7330	0.6858
0
0087	0.7556	0.9333	1.0393	0.7180	0.0509s	1.0105	0.7320	0.6869
1
0088	0.8043	0.9250	1.0338	0.7240	0.0521s	1.0045	0.7380	0.6945
0
0089	0.7605	0.9083	1.0271	0.7260	0.0512s	0.9980	0.7350	0.6902
0
0090	0.7505	0.9583	1.0218	0.7300	0.0510s	0.9935	0.7350	0.6891
0
0091	0.7720	0.9333	1.0172	0.7340	0.0534s	0.9895	0.7360	0.6899
0
0092	0.7737	0.9333	1.0132	0.7300	0.0531s	0.9860	0.7390	0.6926
0
0093	0.7908	0.9000	1.0117	0.7320	0.0522s	0.9837	0.7390	0.6935
0
0094	0.7754	0.9250	1.0094	0.7240	0.0511s	0.9812	0.7420	0.6993
0
0095	0.7867	0.9333	1.0044	0.7260	0.0520s	0.9764	0.7450	0.7052
0
0096	0.7529	0.9250	1.0001	0.7340	0.0512s	0.9711	0.7440	0.7030
0
0097	0.7418	0.9583	0.9989	0.7300	0.0517s	0.9679	0.7380	0.6959
0
0098	0.7612	0.9333	0.9974	0.7280	0.0529s	0.9651	0.7350	0.6903
0
0099	0.7277	0.9250	0.9954	0.7260	0.0527s	0.9632	0.7360	0.6928
0
0100	0.7128	0.9500	0.9925	0.7280	0.0517s	0.9608	0.7410	0.6989
0
0101	0.7512	0.9000	0.9878	0.7300	0.0504s	0.9568	0.7390	0.6955
0
0102	0.7238	0.9500	0.9845	0.7280	0.0513s	0.9528	0.7410	0.6989
0
0103	0.7064	0.9500	0.9826	0.7300	0.0515s	0.9494	0.7400	0.6980
0
0104	0.7193	0.9750	0.9810	0.7280	0.0521s	0.9474	0.7400	0.6975
0
0105	0.7256	0.9500	0.9792	0.7260	0.0525s	0.9455	0.7400	0.6975
0
0106	0.7318	0.9417	0.9748	0.7300	0.0528s	0.9423	0.7400	0.6975
0
0107	0.7106	0.9417	0.9709	0.7300	0.0520s	0.9392	0.7400	0.6965
0
0108	0.7108	0.9250	0.9675	0.7360	0.0551s	0.9364	0.7400	0.6968
0
0109	0.6783	0.9417	0.9658	0.7320	0.0518s	0.9346	0.7410	0.6992
0
0110	0.6927	0.9167	0.9642	0.7320	0.0523s	0.9326	0.7400	0.6998
0
0111	0.6576	0.9417	0.9608	0.7300	0.0521s	0.9300	0.7440	0.7059
0
0112	0.7035	0.9250	0.9569	0.7360	0.0517s	0.9271	0.7440	0.7029
0
0113	0.7187	0.9250	0.9543	0.7440	0.0548s	0.9245	0.7410	0.6959
0
0114	0.6566	0.9583	0.9530	0.7440	0.0553s	0.9231	0.7420	0.6966
0
0115	0.6978	0.9583	0.9522	0.7340	0.0542s	0.9217	0.7390	0.6936
0
0116	0.6687	0.9417	0.9503	0.7280	0.0555s	0.9197	0.7410	0.6983
0
0117	0.6898	0.9667	0.9459	0.7280	0.0541s	0.9157	0.7410	0.6986
0
0118	0.6859	0.9083	0.9418	0.7360	0.0526s	0.9115	0.7420	0.6981
0
0119	0.6711	0.9583	0.9379	0.7380	0.0516s	0.9082	0.7420	0.6983
0
0120	0.6637	0.9000	0.9360	0.7400	0.0531s	0.9057	0.7420	0.6986
0
0121	0.6475	0.9583	0.9352	0.7320	0.0537s	0.9037	0.7390	0.6938
0
0122	0.6469	0.9333	0.9335	0.7300	0.0570s	0.9018	0.7370	0.6920
0
0123	0.6629	0.9500	0.9314	0.7360	0.0544s	0.9004	0.7380	0.6928
0
0124	0.6353	0.9500	0.9295	0.7320	0.0528s	0.8993	0.7380	0.6929
0
0125	0.6164	0.9750	0.9296	0.7300	0.0531s	0.8985	0.7360	0.6907
0
0126	0.6236	0.9500	0.9294	0.7300	0.0532s	0.8970	0.7360	0.6907
1
0127	0.6379	0.9583	0.9263	0.7300	0.0535s	0.8942	0.7360	0.6912
0
0128	0.6573	0.9500	0.9232	0.7360	0.0571s	0.8922	0.7390	0.6937
0
0129	0.6446	0.9417	0.9214	0.7320	0.0532s	0.8901	0.7390	0.6937
0
0130	0.6149	0.9500	0.9207	0.7300	0.0522s	0.8884	0.7380	0.6931
0
0131	0.6354	0.9667	0.9183	0.7340	0.0511s	0.8856	0.7370	0.6922
0
0132	0.6087	0.9667	0.9172	0.7340	0.0509s	0.8844	0.7380	0.6930
0
0133	0.6460	0.9167	0.9137	0.7340	0.0521s	0.8826	0.7380	0.6932
0
0134	0.6366	0.9500	0.9095	0.7360	0.0518s	0.8810	0.7380	0.6915
0
0135	0.6285	0.9417	0.9089	0.7420	0.0516s	0.8802	0.7460	0.7002
0
0136	0.6247	0.9417	0.9105	0.7420	0.0522s	0.8794	0.7430	0.6988
0
0137	0.5913	0.9417	0.9111	0.7340	0.0526s	0.8777	0.7420	0.6996
1
0138	0.5611	0.9750	0.9113	0.7340	0.0515s	0.8756	0.7380	0.6930
2
0139	0.5727	0.9583	0.9084	0.7360	0.0515s	0.8735	0.7370	0.6910
3
0140	0.5703	0.9667	0.9057	0.7360	0.0519s	0.8729	0.7390	0.6931
0
0141	0.5722	0.9833	0.9041	0.7360	0.0511s	0.8723	0.7420	0.6958
0
0142	0.5557	0.9500	0.9017	0.7360	0.0514s	0.8712	0.7390	0.6925
0
0143	0.6074	0.9417	0.9008	0.7360	0.0516s	0.8705	0.7420	0.6952
0
0144	0.5936	0.9333	0.9013	0.7360	0.0514s	0.8694	0.7410	0.6942
0
0145	0.5399	0.9667	0.9038	0.7340	0.0510s	0.8690	0.7360	0.6894
1
0146	0.5723	0.9333	0.9040	0.7300	0.0512s	0.8677	0.7350	0.6883
2
0147	0.5873	0.9417	0.9035	0.7320	0.0511s	0.8658	0.7410	0.6942
3
0148	0.5868	0.9167	0.9024	0.7320	0.0514s	0.8645	0.7400	0.6933
4
0149	0.5631	0.9333	0.8993	0.7320	0.0513s	0.8628	0.7420	0.6954
5
0150	0.5700	0.9500	0.8952	0.7340	0.0530s	0.8603	0.7420	0.6959
0
0151	0.5676	0.9250	0.8926	0.7340	0.0527s	0.8585	0.7420	0.6944
0
0152	0.5485	0.9583	0.8938	0.7340	0.0521s	0.8577	0.7410	0.6932
0
0153	0.5587	0.9500	0.8984	0.7280	0.0536s	0.8587	0.7360	0.6882
1
0154	0.5915	0.9250	0.8989	0.7260	0.0532s	0.8580	0.7350	0.6873
2
0155	0.5780	0.9583	0.8978	0.7260	0.0531s	0.8564	0.7330	0.6855
3
0156	0.5823	0.9417	0.8942	0.7300	0.0531s	0.8540	0.7390	0.6909
4
0157	0.5706	0.9333	0.8915	0.7280	0.0533s	0.8533	0.7440	0.6951
5
0158	0.5254	0.9750	0.8887	0.7300	0.0528s	0.8532	0.7410	0.6909
0
0159	0.5520	0.9333	0.8884	0.7320	0.0521s	0.8532	0.7380	0.6880
0
0160	0.5407	0.9583	0.8889	0.7340	0.0535s	0.8523	0.7380	0.6880
0
0161	0.5265	0.9750	0.8899	0.7340	0.0530s	0.8502	0.7350	0.6856
1
0162	0.5361	0.9167	0.8887	0.7340	0.0527s	0.8476	0.7410	0.6930
2
0163	0.5492	0.9500	0.8863	0.7320	0.0527s	0.8456	0.7430	0.6969
3
0164	0.5441	0.9667	0.8821	0.7300	0.0536s	0.8438	0.7440	0.6958
0
0165	0.5316	0.9667	0.8818	0.7280	0.0531s	0.8446	0.7420	0.6936
0
0166	0.5307	0.9250	0.8843	0.7220	0.0532s	0.8471	0.7400	0.6910
0
0167	0.5174	0.9667	0.8825	0.7240	0.0539s	0.8466	0.7410	0.6905
1
0168	0.5332	0.9417	0.8790	0.7280	0.0530s	0.8440	0.7390	0.6907
2
0169	0.4933	0.9750	0.8779	0.7300	0.0848s	0.8416	0.7420	0.6943
0
0170	0.5194	0.9667	0.8790	0.7300	0.0881s	0.8397	0.7430	0.6971
0
0171	0.5447	0.9333	0.8810	0.7280	0.0738s	0.8389	0.7450	0.6988
1
0172	0.5414	0.9250	0.8813	0.7260	0.0738s	0.8388	0.7450	0.6985
2
0173	0.5416	0.9500	0.8792	0.7240	0.0741s	0.8385	0.7390	0.6899
3
0174	0.5287	0.9500	0.8793	0.7220	0.0738s	0.8389	0.7340	0.6817
4
0175	0.5513	0.9333	0.8756	0.7280	0.0740s	0.8369	0.7350	0.6829
5
0176	0.5364	0.9583	0.8700	0.7320	0.0739s	0.8337	0.7380	0.6838
0
0177	0.5171	0.9417	0.8681	0.7340	0.0748s	0.8322	0.7420	0.6878
0
0178	0.5294	0.9250	0.8700	0.7320	0.0740s	0.8310	0.7440	0.6980
0
0179	0.5495	0.9250	0.8707	0.7300	0.0720s	0.8299	0.7470	0.7004
1
0180	0.5152	0.9417	0.8732	0.7260	0.0643s	0.8305	0.7440	0.6941
2
0181	0.5221	0.9750	0.8724	0.7240	0.0613s	0.8304	0.7360	0.6799
3
0182	0.5073	0.9583	0.8707	0.7240	0.0613s	0.8298	0.7330	0.6772
4
0183	0.5013	0.9167	0.8666	0.7260	0.0614s	0.8277	0.7390	0.6828
5
0184	0.5105	0.9583	0.8637	0.7280	0.0610s	0.8255	0.7440	0.6892
0
0185	0.5466	0.9167	0.8614	0.7300	0.0607s	0.8235	0.7450	0.6917
0
0186	0.5153	0.9583	0.8623	0.7260	0.0609s	0.8227	0.7500	0.6998
0
0187	0.5241	0.9417	0.8634	0.7280	0.0613s	0.8226	0.7490	0.6992
1
0188	0.5160	0.9417	0.8666	0.7240	0.0611s	0.8244	0.7410	0.6846
2
0189	0.5081	0.9333	0.8704	0.7220	0.0610s	0.8278	0.7320	0.6740
3
0190	0.4749	0.9500	0.8723	0.7200	0.0613s	0.8296	0.7320	0.6738
4
0191	0.5175	0.9583	0.8682	0.7200	0.0613s	0.8272	0.7340	0.6755
5
0192	0.5293	0.9333	0.8616	0.7240	0.0610s	0.8225	0.7380	0.6816
6
0193	0.5359	0.9417	0.8559	0.7320	0.0612s	0.8179	0.7500	0.6972
7
0194	0.4966	0.9333	0.8549	0.7320	0.0611s	0.8166	0.7480	0.6955
0
0195	0.4913	0.9500	0.8588	0.7300	0.0611s	0.8179	0.7470	0.6975
0
0196	0.5185	0.9500	0.8591	0.7240	0.0614s	0.8191	0.7430	0.6901
1
0197	0.4947	0.9583	0.8624	0.7240	0.0614s	0.8215	0.7360	0.6793
2
0198	0.5017	0.9833	0.8639	0.7200	0.0615s	0.8216	0.7340	0.6757
3
0199	0.4857	0.9250	0.8594	0.7280	0.0608s	0.8180	0.7410	0.6846
4
0200	0.5330	0.9250	0.8541	0.7320	0.0609s	0.8151	0.7450	0.6887
5
0201	0.5178	0.9417	0.8502	0.7320	0.0608s	0.8127	0.7480	0.6939
0
0202	0.4962	0.9417	0.8524	0.7300	0.0610s	0.8121	0.7470	0.6968
0
0203	0.4882	0.9417	0.8570	0.7260	0.0608s	0.8138	0.7440	0.6918
1
0204	0.5114	0.9667	0.8634	0.7220	0.0615s	0.8174	0.7410	0.6888
2
0205	0.5319	0.9333	0.8627	0.7220	0.0610s	0.8179	0.7400	0.6876
3
0206	0.5191	0.9250	0.8588	0.7240	0.0619s	0.8163	0.7360	0.6798
4
0207	0.4703	0.9667	0.8533	0.7320	0.0613s	0.8138	0.7460	0.6914
5
0208	0.4847	0.9500	0.8515	0.7320	0.0614s	0.8115	0.7510	0.6961
6
0209	0.4690	0.9500	0.8495	0.7280	0.0607s	0.8094	0.7470	0.6909
7
0210	0.4920	0.9667	0.8549	0.7220	0.0610s	0.8114	0.7410	0.6876
0
0211	0.4811	0.9667	0.8630	0.7220	0.0614s	0.8155	0.7380	0.6849
1
0212	0.4859	0.9417	0.8659	0.7180	0.0610s	0.8170	0.7400	0.6865
2
0213	0.4773	0.9583	0.8592	0.7220	0.0610s	0.8132	0.7400	0.6844
3
0214	0.4577	0.9417	0.8530	0.7240	0.0610s	0.8116	0.7460	0.6879
4
0215	0.4705	0.9583	0.8496	0.7280	0.0614s	0.8115	0.7520	0.6929
5
0216	0.4820	0.9750	0.8496	0.7260	0.0611s	0.8105	0.7520	0.6930
6
0217	0.5249	0.9250	0.8529	0.7160	0.0612s	0.8105	0.7440	0.6878
7
0218	0.4769	0.9667	0.8599	0.7140	0.0611s	0.8124	0.7390	0.6856
8
0219	0.4775	0.9667	0.8633	0.7200	0.0609s	0.8136	0.7370	0.6836
9
0220	0.5386	0.9417	0.8558	0.7200	0.0613s	0.8105	0.7390	0.6860
10
0221	0.5126	0.9417	0.8497	0.7280	0.0613s	0.8090	0.7460	0.6925
11
0222	0.5095	0.9333	0.8486	0.7240	0.0612s	0.8093	0.7510	0.6925
12
0223	0.5094	0.9417	0.8497	0.7240	0.0610s	0.8101	0.7490	0.6899
0
0224	0.4677	0.9500	0.8531	0.7180	0.0609s	0.8110	0.7440	0.6850
1
0225	0.4946	0.9417	0.8558	0.7180	0.0614s	0.8108	0.7440	0.6874
2
0226	0.5028	0.9583	0.8550	0.7160	0.0609s	0.8095	0.7410	0.6873
3
0227	0.4683	0.9250	0.8526	0.7180	0.0610s	0.8075	0.7440	0.6908
4
0228	0.4843	0.9583	0.8466	0.7240	0.0610s	0.8048	0.7520	0.6983
5
0229	0.5090	0.9667	0.8421	0.7240	0.0612s	0.8041	0.7510	0.6950
0
0230	0.4965	0.9167	0.8427	0.7240	0.0611s	0.8049	0.7490	0.6908
0
0231	0.4984	0.9250	0.8486	0.7200	0.0610s	0.8070	0.7500	0.6912
1
0232	0.4949	0.9333	0.8561	0.7220	0.0613s	0.8110	0.7420	0.6831
2
0233	0.4959	0.9417	0.8569	0.7200	0.0613s	0.8109	0.7400	0.6813
3
0234	0.4921	0.9333	0.8543	0.7200	0.0610s	0.8079	0.7400	0.6840
4
0235	0.4930	0.9583	0.8494	0.7180	0.0611s	0.8042	0.7450	0.6915
5
0236	0.4483	0.9750	0.8470	0.7240	0.0610s	0.8020	0.7500	0.6962
6
0237	0.4925	0.9167	0.8463	0.7200	0.0617s	0.8015	0.7490	0.6948
7
0238	0.4923	0.9667	0.8493	0.7220	0.0615s	0.8035	0.7480	0.6939
8
0239	0.5049	0.9333	0.8520	0.7160	0.0610s	0.8060	0.7440	0.6854
9
0240	0.4866	0.9417	0.8517	0.7180	0.0609s	0.8068	0.7430	0.6842
10
0241	0.4800	0.9417	0.8529	0.7180	0.0609s	0.8073	0.7400	0.6816
11
0242	0.4870	0.9083	0.8502	0.7180	0.0616s	0.8052	0.7430	0.6848
12
0243	0.4967	0.9333	0.8447	0.7220	0.0614s	0.8021	0.7430	0.6874
13
0244	0.4787	0.9917	0.8415	0.7280	0.0609s	0.8007	0.7480	0.6941
14
0245	0.4775	0.9583	0.8444	0.7220	0.0610s	0.8013	0.7480	0.6940
0
0246	0.4669	0.9417	0.8509	0.7220	0.0612s	0.8040	0.7460	0.6915
1
0247	0.5014	0.9500	0.8527	0.7180	0.0615s	0.8051	0.7440	0.6892
2
0248	0.4756	0.9667	0.8504	0.7180	0.0615s	0.8043	0.7470	0.6927
3
0249	0.4431	0.9583	0.8449	0.7200	0.0620s	0.8033	0.7440	0.6906
4
0250	0.4854	0.9583	0.8429	0.7260	0.0622s	0.8036	0.7440	0.6890
5
0251	0.4522	0.9500	0.8420	0.7280	0.0612s	0.8025	0.7470	0.6938
6
0252	0.4609	0.9667	0.8441	0.7240	0.0629s	0.8016	0.7450	0.6916
7
0253	0.4608	0.9417	0.8487	0.7220	0.0628s	0.8019	0.7470	0.6927
8
0254	0.4895	0.9000	0.8557	0.7260	0.0639s	0.8042	0.7450	0.6923
9
0255	0.4936	0.9667	0.8557	0.7260	0.0624s	0.8041	0.7430	0.6897
10
0256	0.4530	0.9667	0.8476	0.7220	0.0630s	0.8005	0.7500	0.6957
11
0257	0.4829	0.9750	0.8418	0.7280	0.0642s	0.7996	0.7490	0.6935
12
0258	0.4875	0.9250	0.8411	0.7300	0.0641s	0.7996	0.7430	0.6856
13
0259	0.4883	0.9083	0.8421	0.7260	0.0639s	0.7984	0.7490	0.6931
0
0260	0.4901	0.9417	0.8467	0.7240	0.0630s	0.7986	0.7480	0.6917
1
0261	0.4567	0.9500	0.8499	0.7240	0.0622s	0.7994	0.7470	0.6926
2
0262	0.4559	0.9667	0.8520	0.7220	0.0623s	0.8006	0.7440	0.6893
3
0263	0.4777	0.9333	0.8512	0.7220	0.0612s	0.8002	0.7440	0.6900
4
0264	0.4614	0.9417	0.8454	0.7240	0.0614s	0.7981	0.7460	0.6924
5
0265	0.4723	0.9583	0.8386	0.7240	0.0611s	0.7969	0.7510	0.6976
6
0266	0.4554	0.9667	0.8371	0.7280	0.0610s	0.7977	0.7480	0.6903
0
0267	0.4875	0.9583	0.8403	0.7280	0.0615s	0.7983	0.7500	0.6965
0
0268	0.4854	0.9250	0.8498	0.7240	0.0636s	0.8013	0.7430	0.6896
1
0269	0.4575	0.9250	0.8527	0.7160	0.0634s	0.8028	0.7470	0.6931
2
0270	0.4813	0.9417	0.8534	0.7200	0.0634s	0.8024	0.7490	0.6948
3
0271	0.5037	0.9333	0.8481	0.7240	0.0615s	0.7993	0.7500	0.6958
4
0272	0.4748	0.9417	0.8402	0.7240	0.0612s	0.7954	0.7490	0.6948
5
0273	0.4586	0.9417	0.8353	0.7280	0.0614s	0.7936	0.7570	0.7025
6
0274	0.4319	0.9583	0.8405	0.7220	0.0610s	0.7958	0.7560	0.7018
0
0275	0.4556	0.9583	0.8499	0.7200	0.0612s	0.8000	0.7470	0.6937
1
0276	0.4734	0.9500	0.8553	0.7160	0.0609s	0.8026	0.7460	0.6923
2
0277	0.5051	0.9250	0.8526	0.7140	0.0609s	0.8020	0.7420	0.6885
3
0278	0.4555	0.9167	0.8441	0.7240	0.0615s	0.7986	0.7480	0.6940
4
0279	0.4233	0.9417	0.8387	0.7240	0.0611s	0.7964	0.7470	0.6907
5
0280	0.4580	0.9250	0.8353	0.7300	0.0614s	0.7939	0.7520	0.6956
6
0281	0.4741	0.9167	0.8368	0.7280	0.0617s	0.7934	0.7530	0.6967
0
0282	0.4252	0.9667	0.8446	0.7220	0.0621s	0.7967	0.7480	0.6945
1
0283	0.4650	0.9750	0.8484	0.7180	0.0609s	0.7996	0.7450	0.6923
2
0284	0.4551	0.9417	0.8465	0.7240	0.0615s	0.7994	0.7430	0.6888
3
0285	0.4705	0.9667	0.8421	0.7200	0.0629s	0.7976	0.7450	0.6902
4
0286	0.4704	0.9083	0.8393	0.7280	0.0682s	0.7960	0.7500	0.6959
5
0287	0.4469	0.9583	0.8419	0.7280	0.0645s	0.7965	0.7460	0.6915
6
0288	0.4478	0.9667	0.8430	0.7280	0.0650s	0.7953	0.7520	0.6972
7
0289	0.4780	0.9583	0.8445	0.7220	0.0622s	0.7952	0.7540	0.6996
8
0290	0.4658	0.9500	0.8432	0.7220	0.0615s	0.7960	0.7510	0.6982
9
0291	0.4524	0.9750	0.8409	0.7240	0.0609s	0.7962	0.7480	0.6956
10
0292	0.4597	0.9417	0.8400	0.7240	0.0612s	0.7962	0.7490	0.6920
11
0293	0.4395	0.9833	0.8414	0.7240	0.0614s	0.7967	0.7500	0.6918
12
0294	0.4438	0.9417	0.8456	0.7240	0.0614s	0.7982	0.7490	0.6900
13
0295	0.4580	0.9417	0.8472	0.7220	0.0611s	0.7975	0.7480	0.6911
14
0296	0.4606	0.9250	0.8448	0.7220	0.0613s	0.7951	0.7500	0.6936
15
0297	0.4956	0.9250	0.8418	0.7220	0.0610s	0.7929	0.7500	0.6947
16
0298	0.4611	0.9583	0.8399	0.7260	0.0617s	0.7919	0.7530	0.6972
17
0299	0.4435	0.9583	0.8377	0.7280	0.0611s	0.7916	0.7570	0.7009
18
0300	0.4368	0.9500	0.8366	0.7240	0.0621s	0.7929	0.7550	0.6966
19
0301	0.4925	0.9583	0.8338	0.7240	0.0611s	0.7929	0.7560	0.6975
20
0302	0.5156	0.9500	0.8339	0.7280	0.0610s	0.7923	0.7570	0.6982
0
0303	0.4715	0.9583	0.8372	0.7280	0.0610s	0.7926	0.7540	0.6954
1
0304	0.4524	0.9500	0.8381	0.7260	0.0615s	0.7917	0.7530	0.6991
2
0305	0.4441	0.9500	0.8402	0.7240	0.0613s	0.7918	0.7550	0.7010
3
0306	0.4573	0.9583	0.8443	0.7260	0.0611s	0.7928	0.7520	0.6980
4
0307	0.4451	0.9500	0.8464	0.7240	0.0613s	0.7938	0.7490	0.6951
5
0308	0.4530	0.9500	0.8463	0.7200	0.0611s	0.7946	0.7510	0.6974
6
0309	0.4634	0.9500	0.8424	0.7240	0.0612s	0.7939	0.7550	0.7010
7
0310	0.4382	0.9583	0.8351	0.7280	0.0611s	0.7927	0.7560	0.6998
8
0311	0.4194	0.9667	0.8305	0.7300	0.0611s	0.7909	0.7580	0.6973
9
0312	0.4405	0.9333	0.8340	0.7280	0.0609s	0.7915	0.7560	0.6952
0
0313	0.4790	0.9500	0.8415	0.7180	0.0613s	0.7936	0.7560	0.7019
1
0314	0.4652	0.9583	0.8492	0.7160	0.0611s	0.7969	0.7490	0.6957
2
0315	0.4851	0.9500	0.8497	0.7120	0.0611s	0.7969	0.7470	0.6935
3
0316	0.4557	0.9333	0.8434	0.7160	0.0616s	0.7945	0.7520	0.6987
4
0317	0.4644	0.9667	0.8342	0.7260	0.0609s	0.7906	0.7560	0.7020
5
0318	0.4172	0.9750	0.8291	0.7300	0.0617s	0.7894	0.7600	0.7032
6
0319	0.4476	0.9750	0.8317	0.7320	0.0610s	0.7904	0.7580	0.6991
0
0320	0.4146	0.9500	0.8361	0.7240	0.0611s	0.7919	0.7570	0.6983
1
0321	0.4331	0.9833	0.8411	0.7200	0.0612s	0.7935	0.7520	0.6960
2
0322	0.4970	0.9583	0.8478	0.7200	0.0613s	0.7962	0.7500	0.6962
3
0323	0.4832	0.9417	0.8474	0.7160	0.0611s	0.7962	0.7490	0.6953
4
0324	0.4846	0.9167	0.8446	0.7140	0.0611s	0.7950	0.7530	0.6969
5
0325	0.4350	0.9750	0.8357	0.7240	0.0612s	0.7912	0.7530	0.6951
6
0326	0.4433	0.9500	0.8303	0.7280	0.0613s	0.7887	0.7570	0.6983
7
0327	0.4818	0.9167	0.8311	0.7300	0.0610s	0.7882	0.7610	0.7017
8
0328	0.4535	0.9667	0.8373	0.7240	0.0612s	0.7895	0.7600	0.7028
9
0329	0.4420	0.9583	0.8454	0.7200	0.0622s	0.7917	0.7560	0.7008
10
0330	0.4842	0.9417	0.8509	0.7160	0.0625s	0.7944	0.7510	0.6942
11
0331	0.4864	0.9500	0.8510	0.7140	0.0621s	0.7972	0.7450	0.6876
12
0332	0.4398	0.9667	0.8417	0.7180	0.0629s	0.7954	0.7470	0.6899
13
0333	0.4468	0.9583	0.8309	0.7240	0.0623s	0.7900	0.7510	0.6937
14
0334	0.4658	0.9750	0.8288	0.7300	0.0611s	0.7875	0.7570	0.6984
15
0335	0.4656	0.9417	0.8316	0.7260	0.0610s	0.7878	0.7580	0.7029
0
0336	0.4503	0.9583	0.8337	0.7240	0.0611s	0.7879	0.7580	0.7026
1
0337	0.4357	0.9667	0.8376	0.7280	0.0610s	0.7888	0.7540	0.6996
2
0338	0.4504	0.9500	0.8471	0.7160	0.0611s	0.7945	0.7420	0.6872
3
0339	0.4747	0.9333	0.8525	0.7040	0.0611s	0.8000	0.7390	0.6852
4
0340	0.4606	0.9250	0.8451	0.7140	0.0612s	0.7961	0.7490	0.6943
5
0341	0.4404	0.9917	0.8345	0.7220	0.0609s	0.7904	0.7520	0.6921
6
0342	0.4759	0.9500	0.8297	0.7220	0.0611s	0.7882	0.7600	0.6987
7
0343	0.4209	0.9917	0.8321	0.7200	0.0610s	0.7890	0.7600	0.7026
8
0344	0.4621	0.9417	0.8359	0.7220	0.0611s	0.7897	0.7550	0.7023
9
0345	0.4187	0.9833	0.8402	0.7200	0.0612s	0.7915	0.7530	0.6987
10
0346	0.4400	0.9833	0.8431	0.7120	0.0611s	0.7944	0.7520	0.6984
11
0347	0.4514	0.9000	0.8399	0.7160	0.0612s	0.7943	0.7500	0.6951
12
0348	0.4248	0.9667	0.8372	0.7220	0.0610s	0.7922	0.7520	0.6966
13
0349	0.4273	0.9583	0.8351	0.7260	0.0609s	0.7904	0.7530	0.6971
14
0350	0.4602	0.9417	0.8363	0.7260	0.0615s	0.7908	0.7500	0.6939
15
0351	0.4744	0.9750	0.8391	0.7240	0.0612s	0.7914	0.7490	0.6946
16
0352	0.4813	0.9083	0.8404	0.7220	0.0616s	0.7913	0.7510	0.6967
17
0353	0.4360	0.9583	0.8418	0.7180	0.0615s	0.7922	0.7530	0.6989
18
0354	0.4289	0.9583	0.8433	0.7120	0.0612s	0.7946	0.7510	0.6957
19
0355	0.4551	0.9333	0.8412	0.7140	0.0615s	0.7943	0.7490	0.6914
20
0356	0.4381	0.9333	0.8367	0.7220	0.0610s	0.7924	0.7520	0.6942
21
0357	0.4372	0.9500	0.8328	0.7240	0.0611s	0.7905	0.7520	0.6919
22
0358	0.4510	0.9250	0.8338	0.7280	0.0614s	0.7899	0.7550	0.6967
23
0359	0.4049	0.9750	0.8386	0.7280	0.0611s	0.7911	0.7510	0.6928
24
0360	0.4496	0.9417	0.8475	0.7200	0.0614s	0.7944	0.7500	0.6937
25
0361	0.4635	0.9667	0.8512	0.7120	0.0610s	0.7955	0.7510	0.6971
26
0362	0.4665	0.9750	0.8474	0.7140	0.0613s	0.7937	0.7490	0.6935
27
0363	0.4378	0.9500	0.8383	0.7240	0.0620s	0.7902	0.7530	0.6956
28
0364	0.4220	0.9667	0.8342	0.7220	0.0609s	0.7889	0.7570	0.6989
29
0365	0.4338	0.9333	0.8338	0.7300	0.0621s	0.7890	0.7580	0.6995
30
0366	0.4425	0.9250	0.8357	0.7260	0.0614s	0.7906	0.7530	0.6924
31
0367	0.4170	0.9833	0.8418	0.7220	0.0616s	0.7938	0.7490	0.6911
32
0368	0.4669	0.9833	0.8471	0.7180	0.0613s	0.7966	0.7490	0.6908
33
0369	0.4507	0.9167	0.8458	0.7200	0.0609s	0.7957	0.7470	0.6895
34
0370	0.4446	0.9250	0.8398	0.7240	0.0613s	0.7917	0.7500	0.6946
35
0371	0.4446	0.9583	0.8323	0.7260	0.0615s	0.7883	0.7570	0.7009
36
0372	0.4404	0.9417	0.8265	0.7320	0.0613s	0.7865	0.7600	0.7037
37
0373	0.4401	0.9583	0.8288	0.7260	0.0610s	0.7868	0.7550	0.6990
0
0374	0.4243	0.9583	0.8374	0.7200	0.0615s	0.7912	0.7480	0.6901
1
0375	0.4651	0.9833	0.8470	0.7120	0.0611s	0.7968	0.7470	0.6890
2
0376	0.4458	0.9417	0.8489	0.7160	0.0611s	0.7977	0.7460	0.6854
3
0377	0.4381	0.9583	0.8458	0.7180	0.0610s	0.7949	0.7460	0.6857
4
0378	0.4624	0.9417	0.8373	0.7260	0.0611s	0.7904	0.7500	0.6894
5
0379	0.4299	0.9500	0.8304	0.7280	0.0612s	0.7875	0.7610	0.7001
6
0380	0.4322	0.9250	0.8268	0.7280	0.0614s	0.7861	0.7590	0.6986
7
0381	0.4629	0.9500	0.8268	0.7280	0.0609s	0.7852	0.7520	0.6926
8
0382	0.4465	0.9833	0.8316	0.7260	0.0610s	0.7867	0.7500	0.6903
9
0383	0.4232	0.9500	0.8367	0.7180	0.0614s	0.7888	0.7500	0.6923
10
0384	0.4453	0.9583	0.8386	0.7160	0.0610s	0.7894	0.7500	0.6896
11
0385	0.4694	0.9333	0.8370	0.7220	0.0860s	0.7882	0.7530	0.6919
12
0386	0.4196	0.9583	0.8340	0.7260	0.0700s	0.7870	0.7550	0.6964
13
0387	0.4387	0.9250	0.8286	0.7280	0.0620s	0.7861	0.7610	0.7023
14
0388	0.4458	0.9583	0.8254	0.7280	0.0620s	0.7856	0.7590	0.6985
15
0389	0.4468	0.9500	0.8265	0.7280	0.0621s	0.7863	0.7550	0.6947
0
0390	0.4580	0.9667	0.8287	0.7300	0.0617s	0.7882	0.7540	0.6937
1
0391	0.4564	0.9583	0.8318	0.7280	0.0620s	0.7890	0.7520	0.6916
2
0392	0.4428	0.9500	0.8351	0.7180	0.0616s	0.7894	0.7520	0.6913
3
0393	0.4502	0.9667	0.8371	0.7240	0.0619s	0.7893	0.7550	0.6963
4
0394	0.4097	0.9667	0.8378	0.7260	0.0619s	0.7884	0.7560	0.6975
5
0395	0.4613	0.9250	0.8394	0.7200	0.0620s	0.7892	0.7530	0.6952
6
0396	0.4473	0.9750	0.8384	0.7200	0.0619s	0.7898	0.7480	0.6887
7
0397	0.4787	0.9583	0.8353	0.7220	0.0617s	0.7889	0.7480	0.6886
8
0398	0.4459	0.9667	0.8315	0.7260	0.0568s	0.7870	0.7560	0.6958
9
0399	0.4548	0.9417	0.8301	0.7280	0.0558s	0.7860	0.7580	0.6993
10
0400	0.4356	0.9750	0.8316	0.7260	0.0541s	0.7875	0.7580	0.6969
11
0401	0.4652	0.9500	0.8316	0.7240	0.0532s	0.7875	0.7580	0.6991
12
0402	0.4463	0.9333	0.8344	0.7240	0.0528s	0.7881	0.7550	0.6992
13
0403	0.4668	0.9417	0.8367	0.7240	0.0532s	0.7886	0.7490	0.6922
14
0404	0.4275	0.9333	0.8380	0.7240	0.0531s	0.7887	0.7490	0.6923
15
0405	0.4487	0.9500	0.8374	0.7220	0.0531s	0.7871	0.7510	0.6935
16
0406	0.4335	0.9500	0.8319	0.7260	0.0531s	0.7843	0.7570	0.7010
17
0407	0.4731	0.9167	0.8263	0.7280	0.0532s	0.7831	0.7640	0.7072
18
0408	0.4521	0.9583	0.8248	0.7300	0.0532s	0.7841	0.7650	0.7060
19
0409	0.4679	0.9667	0.8309	0.7220	0.0530s	0.7876	0.7570	0.6966
0
0410	0.4335	0.9583	0.8360	0.7220	0.0534s	0.7894	0.7520	0.6926
1
0411	0.4295	0.9667	0.8388	0.7220	0.0530s	0.7898	0.7530	0.6979
2
0412	0.4380	0.9500	0.8385	0.7240	0.0539s	0.7896	0.7520	0.6971
3
0413	0.4514	0.9250	0.8353	0.7240	0.0539s	0.7880	0.7540	0.6984
4
0414	0.4645	0.9250	0.8313	0.7260	0.0540s	0.7865	0.7580	0.6999
5
0415	0.4474	0.9333	0.8272	0.7280	0.0552s	0.7854	0.7610	0.7026
6
0416	0.4446	0.9583	0.8279	0.7280	0.0611s	0.7855	0.7610	0.7029
7
0417	0.4242	0.9917	0.8326	0.7220	0.0569s	0.7877	0.7550	0.6953
8
0418	0.4516	0.9833	0.8373	0.7200	0.0558s	0.7902	0.7500	0.6928
9
0419	0.4534	0.9500	0.8418	0.7200	0.0537s	0.7918	0.7500	0.6927
10
0420	0.4742	0.9333	0.8397	0.7200	0.0534s	0.7900	0.7510	0.6908
11
0421	0.4689	0.9667	0.8354	0.7220	0.0534s	0.7872	0.7530	0.6925
12
0422	0.4464	0.9333	0.8281	0.7260	0.0531s	0.7845	0.7570	0.6965
13
0423	0.4608	0.9583	0.8237	0.7320	0.0534s	0.7834	0.7630	0.7023
14
0424	0.4120	0.9333	0.8233	0.7320	0.0533s	0.7838	0.7620	0.7016
0
0425	0.4377	0.9333	0.8279	0.7320	0.0531s	0.7850	0.7630	0.7025
0
0426	0.4611	0.9417	0.8366	0.7260	0.0534s	0.7869	0.7550	0.6945
1
0427	0.4355	0.9000	0.8459	0.7240	0.0534s	0.7903	0.7520	0.6911
2
0428	0.4497	0.9583	0.8454	0.7200	0.0536s	0.7900	0.7510	0.6899
3
0429	0.4417	0.9667	0.8348	0.7240	0.0537s	0.7852	0.7560	0.6969
4
0430	0.4550	0.9750	0.8252	0.7260	0.0544s	0.7827	0.7630	0.7038
5
0431	0.4397	0.9583	0.8209	0.7280	0.0529s	0.7823	0.7620	0.7054
6
0432	0.4121	0.9667	0.8234	0.7220	0.0532s	0.7831	0.7620	0.7055
0
0433	0.4496	0.9750	0.8293	0.7240	0.0534s	0.7855	0.7580	0.7000
1
0434	0.4400	0.9500	0.8397	0.7220	0.0533s	0.7901	0.7530	0.6929
2
0435	0.4529	0.9583	0.8455	0.7200	0.0532s	0.7928	0.7550	0.6984
3
0436	0.4386	0.9333	0.8413	0.7220	0.0532s	0.7918	0.7560	0.6975
4
0437	0.4257	0.9917	0.8341	0.7260	0.0532s	0.7894	0.7590	0.6987
5
0438	0.4512	0.9583	0.8249	0.7320	0.0529s	0.7863	0.7600	0.6993
6
0439	0.4462	0.9333	0.8209	0.7300	0.0532s	0.7846	0.7620	0.7011
7
0440	0.4434	0.9750	0.8258	0.7260	0.0529s	0.7853	0.7590	0.6978
0
0441	0.4412	0.9583	0.8320	0.7260	0.0532s	0.7867	0.7590	0.7022
1
0442	0.4785	0.9583	0.8388	0.7260	0.0531s	0.7897	0.7510	0.6914
2
0443	0.4638	0.9333	0.8430	0.7280	0.0600s	0.7922	0.7480	0.6885
3
0444	0.4259	0.9583	0.8408	0.7300	0.0531s	0.7911	0.7480	0.6888
4
0445	0.4275	0.9167	0.8349	0.7300	0.0532s	0.7885	0.7560	0.6951
5
0446	0.4796	1.0000	0.8293	0.7260	0.0531s	0.7865	0.7600	0.6987
6
0447	0.4709	0.9333	0.8267	0.7260	0.0529s	0.7858	0.7570	0.6960
7
0448	0.4517	0.9500	0.8291	0.7260	0.0529s	0.7863	0.7540	0.6934
8
0449	0.4485	0.9583	0.8364	0.7220	0.0529s	0.7884	0.7540	0.6938
9
0450	0.4415	0.9333	0.8405	0.7220	0.0532s	0.7900	0.7490	0.6911
10
0451	0.4348	0.9667	0.8380	0.7240	0.0530s	0.7888	0.7540	0.6958
11
0452	0.4505	0.9417	0.8312	0.7300	0.0530s	0.7862	0.7610	0.7026
12
0453	0.4242	0.9333	0.8254	0.7260	0.0548s	0.7851	0.7610	0.7002
13
0454	0.4628	0.9583	0.8240	0.7280	0.0567s	0.7856	0.7590	0.6978
14
0455	0.4383	0.9833	0.8271	0.7240	0.0554s	0.7870	0.7560	0.6954
15
0456	0.4291	0.9500	0.8316	0.7280	0.0540s	0.7884	0.7540	0.6941
16
0457	0.4747	0.9583	0.8352	0.7240	0.0662s	0.7880	0.7540	0.6936
17
0458	0.4588	0.9500	0.8384	0.7280	0.0529s	0.7880	0.7580	0.6991
18
0459	0.4386	0.9417	0.8411	0.7220	0.0528s	0.7886	0.7560	0.6966
19
0460	0.4394	0.9667	0.8334	0.7300	0.0530s	0.7853	0.7610	0.7058
20
0461	0.4446	0.9333	0.8227	0.7260	0.0529s	0.7819	0.7630	0.7060
21
0462	0.4475	0.9333	0.8157	0.7340	0.0530s	0.7810	0.7620	0.7037
22
0463	0.4455	0.9167	0.8169	0.7300	0.0530s	0.7827	0.7600	0.6994
0
0464	0.4470	0.9417	0.8240	0.7300	0.0530s	0.7846	0.7610	0.6998
1
0465	0.4459	0.9833	0.8348	0.7260	0.0530s	0.7882	0.7560	0.6949
2
0466	0.4534	0.9417	0.8428	0.7200	0.0532s	0.7912	0.7540	0.6929
3
0467	0.4270	0.9667	0.8395	0.7200	0.0531s	0.7895	0.7560	0.6972
4
0468	0.4462	0.9500	0.8306	0.7300	0.0526s	0.7852	0.7610	0.7022
5
0469	0.4559	0.9667	0.8251	0.7280	0.0528s	0.7822	0.7620	0.7031
6
0470	0.4316	0.9167	0.8261	0.7240	0.0532s	0.7825	0.7610	0.7021
7
0471	0.4093	0.9833	0.8298	0.7260	0.0532s	0.7845	0.7570	0.6963
8
0472	0.4276	0.9667	0.8344	0.7260	0.0530s	0.7867	0.7550	0.6942
9
0473	0.4304	0.9750	0.8377	0.7220	0.0532s	0.7886	0.7540	0.6933
10
0474	0.4349	0.9833	0.8346	0.7240	0.0525s	0.7879	0.7570	0.6970
11
0475	0.4315	0.9500	0.8295	0.7280	0.0534s	0.7859	0.7620	0.7015
12
0476	0.4446	0.9417	0.8273	0.7320	0.0530s	0.7849	0.7640	0.7057
13
0477	0.4637	0.9417	0.8269	0.7320	0.0532s	0.7837	0.7630	0.7045
14
0478	0.4651	0.9583	0.8307	0.7300	0.0532s	0.7843	0.7580	0.6991
15
0479	0.4385	0.9667	0.8355	0.7240	0.0532s	0.7861	0.7560	0.6996
16
0480	0.4291	0.9750	0.8405	0.7240	0.0531s	0.7889	0.7530	0.6968
17
0481	0.4703	0.9750	0.8374	0.7240	0.0530s	0.7888	0.7550	0.6966
18
0482	0.4505	0.9667	0.8323	0.7260	0.0534s	0.7883	0.7600	0.7018
19
0483	0.4501	0.9500	0.8296	0.7280	0.0534s	0.7878	0.7620	0.7039
20
0484	0.4388	0.9500	0.8302	0.7300	0.0540s	0.7880	0.7610	0.7028
21
0485	0.4652	0.9833	0.8306	0.7280	0.0543s	0.7868	0.7600	0.7014
22
0486	0.4346	0.9833	0.8314	0.7300	0.0536s	0.7862	0.7570	0.6987
23
0487	0.4297	0.9833	0.8323	0.7260	0.0529s	0.7859	0.7560	0.7000
24
0488	0.4445	0.9500	0.8359	0.7240	0.0534s	0.7866	0.7570	0.7004
25
0489	0.4421	0.9667	0.8360	0.7240	0.0531s	0.7876	0.7580	0.6991
26
0490	0.4321	0.9333	0.8364	0.7180	0.0530s	0.7902	0.7610	0.7024
27
0491	0.4143	0.9750	0.8351	0.7180	0.0536s	0.7915	0.7590	0.6985
28
0492	0.4398	0.9667	0.8322	0.7240	0.0533s	0.7904	0.7540	0.6948
29
0493	0.4356	0.9167	0.8323	0.7240	0.0531s	0.7902	0.7500	0.6909
30
0494	0.4516	0.9417	0.8307	0.7280	0.0532s	0.7878	0.7530	0.6932
31
0495	0.4162	0.9500	0.8351	0.7280	0.0537s	0.7879	0.7550	0.6988
32
0496	0.4420	0.9250	0.8411	0.7240	0.0532s	0.7910	0.7580	0.6989
33
0497	0.4564	0.9417	0.8442	0.7240	0.0531s	0.7934	0.7590	0.6998
34
0498	0.4392	0.9667	0.8386	0.7220	0.0538s	0.7919	0.7580	0.6969
35
0499	0.4533	0.9250	0.8284	0.7260	0.0551s	0.7895	0.7580	0.6984
36
0500	0.4504	0.9333	0.8234	0.7280	0.0535s	0.7893	0.7550	0.6957
37
0501	0.4362	0.9750	0.8236	0.7280	0.0529s	0.7881	0.7560	0.6966
38
0502	0.4486	0.9583	0.8303	0.7260	0.0530s	0.7883	0.7580	0.6978
39
0503	0.4530	0.9583	0.8419	0.7240	0.0531s	0.7917	0.7570	0.6980
40
0504	0.4634	0.9250	0.8498	0.7220	0.0807s	0.7946	0.7580	0.7006
41
0505	0.4609	0.9333	0.8468	0.7200	0.0652s	0.7931	0.7540	0.6973
42
0506	0.4501	0.9417	0.8353	0.7240	0.0605s	0.7890	0.7530	0.6978
43
0507	0.4368	0.9833	0.8238	0.7280	0.0608s	0.7869	0.7580	0.6979
44
0508	0.4468	0.9667	0.8208	0.7300	0.0606s	0.7866	0.7590	0.6986
45
0509	0.4134	0.9583	0.8241	0.7280	0.0606s	0.7874	0.7590	0.6984
46
0510	0.4383	0.9417	0.8329	0.7280	0.0786s	0.7891	0.7570	0.6960
47
0511	0.4420	0.9417	0.8398	0.7280	0.0641s	0.7912	0.7590	0.6976
48
0512	0.4607	0.9667	0.8415	0.7240	0.0603s	0.7908	0.7570	0.6982
49
0513	0.4352	0.9167	0.8377	0.7280	0.0601s	0.7884	0.7590	0.7007
50
0514	0.4610	0.9750	0.8278	0.7300	0.0604s	0.7847	0.7610	0.7028
51
0515	0.4575	0.9417	0.8222	0.7300	0.0605s	0.7834	0.7580	0.7023
52
0516	0.4712	0.9583	0.8216	0.7320	0.0603s	0.7834	0.7590	0.7011
53
0517	0.4288	0.9500	0.8258	0.7320	0.0602s	0.7848	0.7600	0.7019
54
0518	0.4354	0.9500	0.8340	0.7300	0.0605s	0.7870	0.7590	0.7007
55
0519	0.4505	0.9417	0.8420	0.7280	0.0599s	0.7902	0.7580	0.6994
56
0520	0.4356	0.9750	0.8427	0.7280	0.0601s	0.7903	0.7550	0.6967
57
0521	0.4527	0.9333	0.8363	0.7300	0.0600s	0.7876	0.7560	0.6981
58
0522	0.4257	0.9417	0.8307	0.7320	0.0558s	0.7859	0.7560	0.6956
59
0523	0.4363	0.9583	0.8279	0.7300	0.0532s	0.7850	0.7620	0.7038
60
0524	0.4588	0.9250	0.8296	0.7300	0.0530s	0.7858	0.7610	0.7008
61
0525	0.4360	0.9583	0.8354	0.7240	0.0526s	0.7873	0.7580	0.6975
62
0526	0.4142	0.9833	0.8368	0.7240	0.0514s	0.7871	0.7560	0.6976
63
0527	0.4488	0.9750	0.8358	0.7200	0.0517s	0.7867	0.7550	0.6966
64
0528	0.4851	0.9167	0.8321	0.7260	0.0517s	0.7854	0.7560	0.6978
65
0529	0.4068	0.9250	0.8304	0.7280	0.0514s	0.7850	0.7590	0.6982
66
0530	0.4736	0.9583	0.8295	0.7280	0.0511s	0.7854	0.7630	0.7023
67
0531	0.4358	0.9417	0.8317	0.7240	0.0513s	0.7866	0.7610	0.6979
68
0532	0.4435	0.9417	0.8320	0.7200	0.0516s	0.7871	0.7560	0.6936
69
0533	0.4306	0.9250	0.8313	0.7240	0.0515s	0.7859	0.7580	0.6975
70
0534	0.4540	0.9500	0.8326	0.7240	0.0518s	0.7850	0.7530	0.6971
71
0535	0.4482	0.9500	0.8338	0.7220	0.0521s	0.7847	0.7520	0.6961
72
0536	0.4476	0.9333	0.8329	0.7260	0.0514s	0.7846	0.7510	0.6951
73
0537	0.4400	0.9333	0.8317	0.7300	0.0514s	0.7850	0.7570	0.7010
74
0538	0.4301	0.9583	0.8308	0.7280	0.0514s	0.7856	0.7610	0.7026
75
0539	0.4346	0.9667	0.8291	0.7260	0.0516s	0.7864	0.7630	0.7020
76
0540	0.4955	0.9167	0.8294	0.7220	0.0511s	0.7869	0.7630	0.7021
77
0541	0.4331	0.9333	0.8288	0.7240	0.0518s	0.7856	0.7600	0.6992
78
0542	0.4368	0.9667	0.8295	0.7260	0.0519s	0.7846	0.7560	0.6956
79
0543	0.4329	0.9167	0.8310	0.7280	0.0522s	0.7846	0.7480	0.6906
80
0544	0.4531	0.9667	0.8304	0.7260	0.0515s	0.7839	0.7520	0.6942
81
0545	0.4332	0.9167	0.8290	0.7300	0.0521s	0.7833	0.7590	0.7026
82
0546	0.4196	0.9667	0.8279	0.7300	0.0517s	0.7842	0.7620	0.7036
83
0547	0.4432	0.9500	0.8290	0.7300	0.0518s	0.7861	0.7620	0.7014
84
0548	0.4362	0.9583	0.8297	0.7260	0.0515s	0.7877	0.7620	0.7012
85
0549	0.4293	0.9667	0.8317	0.7240	0.0515s	0.7886	0.7590	0.6984
86
0550	0.4293	0.9750	0.8326	0.7220	0.0517s	0.7886	0.7540	0.6941
87
0551	0.4558	0.9500	0.8319	0.7240	0.0515s	0.7868	0.7520	0.6921
88
0552	0.4309	0.9500	0.8291	0.7240	0.0529s	0.7838	0.7570	0.7011
89
0553	0.4432	0.9667	0.8289	0.7240	0.0531s	0.7831	0.7560	0.7001
90
0554	0.4156	0.9667	0.8281	0.7280	0.0527s	0.7833	0.7550	0.6971
91
0555	0.4343	0.9750	0.8272	0.7280	0.0531s	0.7845	0.7580	0.7002
92
0556	0.4367	0.9583	0.8295	0.7280	0.0535s	0.7861	0.7590	0.7009
93
0557	0.4408	0.9417	0.8315	0.7280	0.0534s	0.7868	0.7590	0.7006
94
0558	0.4251	0.9583	0.8334	0.7280	0.0533s	0.7873	0.7590	0.7001
95
0559	0.4357	0.8833	0.8349	0.7240	0.0535s	0.7875	0.7550	0.6940
96
0560	0.4457	0.9333	0.8335	0.7200	0.0530s	0.7869	0.7530	0.6926
97
0561	0.4530	0.9083	0.8307	0.7240	0.0520s	0.7852	0.7520	0.6946
98
0562	0.4453	0.9833	0.8290	0.7280	0.0528s	0.7843	0.7520	0.6969
99
0563	0.4390	0.9333	0.8271	0.7260	0.0532s	0.7838	0.7560	0.7006
100
0564	0.4376	0.9667	0.8271	0.7300	0.0533s	0.7846	0.7590	0.7008
101
0565	0.4645	0.9333	0.8313	0.7260	0.0530s	0.7869	0.7600	0.7015
102
0566	0.4504	0.9500	0.8335	0.7260	0.0532s	0.7881	0.7600	0.6990
103
0567	0.4259	0.9500	0.8328	0.7280	0.0533s	0.7868	0.7590	0.7002
104
0568	0.4400	0.9750	0.8279	0.7240	0.0529s	0.7839	0.7590	0.7028
105
0569	0.4154	0.9667	0.8238	0.7260	0.0534s	0.7824	0.7590	0.7032
106
0570	0.4356	0.9667	0.8202	0.7260	0.0536s	0.7815	0.7600	0.7041
107
0571	0.5038	0.9417	0.8216	0.7280	0.0522s	0.7822	0.7550	0.6974
108
0572	0.4689	0.9667	0.8272	0.7280	0.0514s	0.7852	0.7570	0.6973
109
0573	0.4335	0.9583	0.8338	0.7240	0.0520s	0.7885	0.7580	0.6979
110
0574	0.4139	0.9583	0.8368	0.7200	0.0520s	0.7910	0.7560	0.6953
111
0575	0.4661	0.9417	0.8370	0.7220	0.0515s	0.7903	0.7580	0.6968
112
0576	0.4284	0.9667	0.8321	0.7280	0.0517s	0.7867	0.7570	0.6984
113
0577	0.4270	0.9667	0.8284	0.7260	0.0521s	0.7844	0.7580	0.7019
114
0578	0.4430	0.9333	0.8260	0.7260	0.0512s	0.7835	0.7580	0.7001
115
0579	0.4546	0.9417	0.8255	0.7260	0.0517s	0.7838	0.7590	0.7010
116
0580	0.4219	0.9500	0.8274	0.7300	0.0516s	0.7854	0.7600	0.7018
117
0581	0.4408	0.9667	0.8332	0.7300	0.0521s	0.7880	0.7580	0.6994
118
0582	0.4218	0.9667	0.8365	0.7240	0.0517s	0.7898	0.7570	0.6985
119
0583	0.4036	0.9583	0.8397	0.7240	0.0515s	0.7912	0.7570	0.6960
120
0584	0.4150	0.9417	0.8398	0.7240	0.0519s	0.7900	0.7530	0.6948
121
0585	0.3962	0.9667	0.8356	0.7200	0.0516s	0.7869	0.7520	0.6943
122
0586	0.4620	0.9250	0.8273	0.7240	0.0516s	0.7828	0.7570	0.6984
123
0587	0.4769	0.9667	0.8246	0.7240	0.0514s	0.7824	0.7590	0.7003
124
0588	0.4353	0.9417	0.8273	0.7300	0.0523s	0.7844	0.7600	0.7010
125
0589	0.4565	0.9667	0.8336	0.7320	0.0512s	0.7872	0.7590	0.7005
126
0590	0.4388	0.9583	0.8363	0.7260	0.0511s	0.7885	0.7550	0.6946
127
0591	0.4528	0.9167	0.8351	0.7240	0.0519s	0.7875	0.7550	0.6972
128
0592	0.4139	0.9917	0.8306	0.7200	0.0514s	0.7846	0.7560	0.7002
129
0593	0.4209	0.9250	0.8276	0.7240	0.0513s	0.7830	0.7620	0.7052
130
0594	0.3882	0.9417	0.8272	0.7240	0.0515s	0.7832	0.7620	0.7051
131
0595	0.4184	0.9833	0.8257	0.7240	0.0521s	0.7825	0.7610	0.7041
132
0596	0.4513	0.9583	0.8264	0.7220	0.0513s	0.7832	0.7600	0.7036
133
0597	0.4513	0.9583	0.8297	0.7240	0.0516s	0.7856	0.7570	0.7015
134
0598	0.4235	0.9583	0.8334	0.7200	0.0517s	0.7884	0.7540	0.6963
135
0599	0.4543	0.9667	0.8357	0.7220	0.0519s	0.7900	0.7540	0.6932
136
0600	0.4369	0.9667	0.8354	0.7240	0.0515s	0.7898	0.7560	0.6950
137
0601	0.4590	0.9250	0.8296	0.7240	0.0511s	0.7861	0.7580	0.6966
138
0602	0.4570	0.9000	0.8252	0.7260	0.0521s	0.7831	0.7590	0.7023
139
0603	0.4698	0.9417	0.8225	0.7220	0.0514s	0.7811	0.7590	0.7023
140
0604	0.4321	0.9583	0.8236	0.7240	0.0521s	0.7812	0.7580	0.6994
141
0605	0.4489	0.9500	0.8278	0.7240	0.0519s	0.7836	0.7540	0.6941
142
0606	0.4147	0.9750	0.8308	0.7240	0.0547s	0.7859	0.7570	0.6969
143
0607	0.4264	0.9583	0.8345	0.7160	0.0546s	0.7876	0.7560	0.6956
144
0608	0.4616	0.9333	0.8327	0.7220	0.0532s	0.7866	0.7600	0.7014
145
0609	0.4512	0.9417	0.8274	0.7260	0.0529s	0.7846	0.7610	0.6996
146
0610	0.4464	0.9500	0.8243	0.7240	0.0532s	0.7831	0.7640	0.7048
147
0611	0.4190	0.9500	0.8220	0.7240	0.0530s	0.7817	0.7640	0.7027
148
0612	0.4549	0.9750	0.8242	0.7280	0.0519s	0.7823	0.7640	0.7027
149
0613	0.4120	0.9500	0.8299	0.7280	0.0527s	0.7843	0.7600	0.6994
150
0614	0.4328	0.9583	0.8405	0.7220	0.0535s	0.7887	0.7530	0.6951
151
0615	0.4298	0.9583	0.8428	0.7160	0.0527s	0.7898	0.7500	0.6922
152
0616	0.4306	0.9750	0.8348	0.7200	0.0534s	0.7867	0.7560	0.6978
153
0617	0.4181	0.9583	0.8276	0.7240	0.0526s	0.7840	0.7620	0.7033
154
0618	0.4587	0.9083	0.8240	0.7280	0.0534s	0.7822	0.7650	0.7061
155
0619	0.4585	0.9583	0.8245	0.7280	0.0532s	0.7822	0.7640	0.7052
156
0620	0.4564	0.9333	0.8293	0.7280	0.0528s	0.7839	0.7590	0.7004
157
0621	0.4371	0.9500	0.8359	0.7260	0.0549s	0.7867	0.7570	0.6982
158
0622	0.4310	0.9500	0.8389	0.7220	0.0529s	0.7890	0.7530	0.6921
159
0623	0.4486	0.9750	0.8385	0.7240	0.0536s	0.7896	0.7560	0.6947
160
0624	0.4407	0.9417	0.8351	0.7240	0.0530s	0.7889	0.7580	0.6971
161
0625	0.4300	0.9917	0.8296	0.7240	0.0539s	0.7876	0.7580	0.6981
162
0626	0.4384	0.9250	0.8257	0.7260	0.0603s	0.7864	0.7590	0.6992
163
0627	0.4581	0.9333	0.8248	0.7260	0.0600s	0.7852	0.7570	0.6971
164
0628	0.4285	0.9583	0.8268	0.7260	0.0599s	0.7843	0.7600	0.7020
165
0629	0.4327	0.9583	0.8291	0.7200	0.0605s	0.7843	0.7610	0.7024
166
0630	0.4689	0.9250	0.8316	0.7220	0.0601s	0.7853	0.7590	0.7004
167
0631	0.4154	0.9667	0.8316	0.7280	0.0603s	0.7862	0.7590	0.7007
168
0632	0.4541	0.9500	0.8333	0.7240	0.0604s	0.7882	0.7570	0.6972
169
0633	0.4452	0.9583	0.8347	0.7240	0.0600s	0.7899	0.7540	0.6921
170
0634	0.4280	0.9833	0.8327	0.7240	0.0601s	0.7879	0.7560	0.6937
171
0635	0.4765	0.9250	0.8281	0.7260	0.0603s	0.7843	0.7620	0.7013
172
0636	0.4197	0.9667	0.8243	0.7280	0.0603s	0.7825	0.7590	0.6979
173
0637	0.4166	0.9833	0.8229	0.7280	0.0629s	0.7816	0.7610	0.7041
174
0638	0.4506	0.9417	0.8214	0.7280	0.0589s	0.7803	0.7590	0.7024
175
0639	0.4494	0.9333	0.8208	0.7300	0.0528s	0.7799	0.7580	0.6996
176
0640	0.4357	0.9583	0.8239	0.7260	0.0555s	0.7817	0.7600	0.6998
177
0641	0.4389	0.9167	0.8269	0.7280	0.0531s	0.7836	0.7570	0.6974
178
0642	0.4605	0.9333	0.8278	0.7260	0.0525s	0.7845	0.7580	0.6980
179
0643	0.4420	0.9417	0.8263	0.7260	0.0517s	0.7838	0.7580	0.6974
180
0644	0.4300	0.9500	0.8285	0.7240	0.0522s	0.7849	0.7600	0.6988
181
0645	0.4017	0.9833	0.8281	0.7240	0.0518s	0.7847	0.7600	0.6988
182
0646	0.4539	0.9667	0.8290	0.7260	0.0519s	0.7846	0.7590	0.6982
183
0647	0.4222	0.9250	0.8291	0.7280	0.0517s	0.7840	0.7560	0.6979
184
0648	0.4172	0.9333	0.8292	0.7280	0.0515s	0.7839	0.7570	0.6987
185
0649	0.4383	0.9417	0.8235	0.7280	0.0514s	0.7822	0.7600	0.7015
186
0650	0.4487	0.9583	0.8194	0.7260	0.0517s	0.7820	0.7610	0.7028
187
0651	0.4126	0.9500	0.8213	0.7300	0.0519s	0.7838	0.7580	0.6976
188
0652	0.4517	0.9500	0.8279	0.7260	0.0518s	0.7864	0.7590	0.6985
189
0653	0.4082	0.9500	0.8344	0.7240	0.0522s	0.7892	0.7590	0.6982
190
0654	0.4473	0.9667	0.8337	0.7220	0.0523s	0.7883	0.7600	0.7016
191
0655	0.4307	0.9250	0.8282	0.7260	0.0513s	0.7852	0.7600	0.7020
192
0656	0.4305	0.9583	0.8257	0.7280	0.0516s	0.7840	0.7600	0.7023
193
0657	0.4342	0.9500	0.8232	0.7300	0.0529s	0.7831	0.7590	0.7010
194
0658	0.4567	0.9417	0.8225	0.7300	0.0521s	0.7831	0.7570	0.6967
195
0659	0.4283	0.9500	0.8229	0.7300	0.0515s	0.7831	0.7600	0.7019
196
0660	0.4619	0.9417	0.8283	0.7280	0.0517s	0.7848	0.7590	0.7033
197
0661	0.4345	0.9333	0.8356	0.7240	0.0519s	0.7882	0.7590	0.7030
198
0662	0.4533	0.9167	0.8383	0.7280	0.0519s	0.7907	0.7580	0.6994
199
Early stop! Min loss:0.8157192468643188,  Max accuracy:0.744
Early stop model validation loss:0.8157192468643188,  accuracy:0.734
Optimization Finished!
Total time elapsed: 37.9698s
test max acc:0.7650
Loading 461th epoch
stru_node_to_hop attention:tensor([[0.3031, 0.3485, 0.3485],
        [0.2107, 0.4638, 0.3255],
        [0.3001, 0.3499, 0.3499],
        [0.2555, 0.3465, 0.3979],
        [0.3105, 0.3448, 0.3448],
        [0.3459, 0.3435, 0.3105],
        [0.3162, 0.3419, 0.3419],
        [0.2975, 0.2414, 0.4611],
        [0.5492, 0.2370, 0.2138],
        [0.4062, 0.3161, 0.2777],
        [0.3652, 0.3164, 0.3185],
        [0.2689, 0.3655, 0.3655],
        [0.2407, 0.3778, 0.3815],
        [0.2728, 0.3497, 0.3775],
        [0.2585, 0.3679, 0.3736],
        [0.2666, 0.3667, 0.3667],
        [0.2617, 0.3689, 0.3694],
        [0.2723, 0.3892, 0.3385],
        [0.2238, 0.2285, 0.5476],
        [0.2626, 0.4189, 0.3186],
        [0.2881, 0.3524, 0.3595],
        [0.2740, 0.3316, 0.3944],
        [0.2521, 0.3325, 0.4154],
        [0.2962, 0.3339, 0.3700],
        [0.3045, 0.3389, 0.3566],
        [0.4747, 0.2781, 0.2472],
        [0.5530, 0.2390, 0.2079],
        [0.2362, 0.2879, 0.4759],
        [0.2389, 0.4400, 0.3210],
        [0.3704, 0.2771, 0.3525],
        [0.3202, 0.3147, 0.3651],
        [0.3528, 0.3026, 0.3446],
        [0.3587, 0.2871, 0.3542],
        [0.2464, 0.3348, 0.4187],
        [0.2650, 0.3144, 0.4206],
        [0.2869, 0.3565, 0.3565],
        [0.2649, 0.3675, 0.3675],
        [0.2560, 0.3720, 0.3720],
        [0.2802, 0.3428, 0.3771],
        [0.2849, 0.3970, 0.3181],
        [0.2636, 0.3587, 0.3777],
        [0.3077, 0.3095, 0.3828],
        [0.3905, 0.3004, 0.3091],
        [0.4817, 0.3148, 0.2035],
        [0.2693, 0.3484, 0.3823],
        [0.3166, 0.3417, 0.3417],
        [0.2678, 0.3211, 0.4111],
        [0.3458, 0.2899, 0.3644],
        [0.3741, 0.2840, 0.3419],
        [0.2534, 0.4062, 0.3404],
        [0.3298, 0.3685, 0.3017],
        [0.2884, 0.3267, 0.3849],
        [0.4951, 0.2696, 0.2353],
        [0.5109, 0.2388, 0.2504],
        [0.4447, 0.2621, 0.2932],
        [0.4630, 0.2979, 0.2391],
        [0.2783, 0.3678, 0.3539],
        [0.2518, 0.3441, 0.4040],
        [0.2521, 0.3798, 0.3681],
        [0.2697, 0.2733, 0.4570],
        [0.5015, 0.2424, 0.2560],
        [0.4895, 0.2430, 0.2675],
        [0.2952, 0.3009, 0.4039],
        [0.2537, 0.3731, 0.3731],
        [0.2780, 0.3326, 0.3894],
        [0.3303, 0.3610, 0.3086],
        [0.2774, 0.3384, 0.3842],
        [0.3170, 0.3300, 0.3530],
        [0.2926, 0.3420, 0.3654],
        [0.3371, 0.3745, 0.2884],
        [0.2633, 0.3711, 0.3655],
        [0.2741, 0.3631, 0.3628],
        [0.3163, 0.3220, 0.3616],
        [0.2740, 0.3519, 0.3741],
        [0.2729, 0.3310, 0.3962],
        [0.2142, 0.4287, 0.3571],
        [0.2241, 0.4336, 0.3423],
        [0.2810, 0.3102, 0.4088],
        [0.2497, 0.4173, 0.3330],
        [0.2444, 0.4718, 0.2838],
        [0.2328, 0.3790, 0.3882],
        [0.2308, 0.4255, 0.3437],
        [0.2904, 0.3292, 0.3804],
        [0.2443, 0.4085, 0.3472],
        [0.2948, 0.2871, 0.4180],
        [0.3185, 0.3677, 0.3138],
        [0.2666, 0.3816, 0.3518],
        [0.2704, 0.3362, 0.3934],
        [0.2800, 0.3206, 0.3994],
        [0.2734, 0.3633, 0.3633],
        [0.4947, 0.2591, 0.2462],
        [0.4629, 0.2666, 0.2705],
        [0.3016, 0.2906, 0.4078],
        [0.2892, 0.3424, 0.3685],
        [0.2639, 0.3681, 0.3681],
        [0.5775, 0.2194, 0.2031],
        [0.5955, 0.1975, 0.2070],
        [0.2856, 0.3555, 0.3590],
        [0.2535, 0.3958, 0.3508],
        [0.6820, 0.1535, 0.1645]], device='cuda:1')
fea_node_to_hop attention:tensor([[0.2840, 0.3444, 0.1857, 0.1859],
        [0.3366, 0.2625, 0.1958, 0.2051],
        [0.2203, 0.3880, 0.2081, 0.1836],
        [0.2184, 0.3209, 0.2480, 0.2127],
        [0.3092, 0.3376, 0.1716, 0.1817],
        [0.3545, 0.2857, 0.1741, 0.1857],
        [0.3194, 0.2901, 0.1906, 0.2000],
        [0.7111, 0.1017, 0.0984, 0.0888],
        [0.4814, 0.1984, 0.1559, 0.1643],
        [0.3735, 0.2608, 0.1881, 0.1776],
        [0.3853, 0.2636, 0.1829, 0.1682],
        [0.3786, 0.2615, 0.1790, 0.1809],
        [0.5684, 0.1436, 0.1442, 0.1438],
        [0.2131, 0.3376, 0.2397, 0.2096],
        [0.2963, 0.3165, 0.2040, 0.1832],
        [0.3157, 0.3000, 0.2003, 0.1840],
        [0.2066, 0.2996, 0.2585, 0.2353],
        [0.2339, 0.3242, 0.2365, 0.2054],
        [0.3032, 0.2825, 0.2158, 0.1985],
        [0.6181, 0.1442, 0.1231, 0.1146],
        [0.3182, 0.2789, 0.2164, 0.1866],
        [0.2264, 0.3768, 0.2113, 0.1856],
        [0.2042, 0.3220, 0.2503, 0.2235],
        [0.2793, 0.2957, 0.2238, 0.2012],
        [0.1940, 0.3971, 0.2178, 0.1911],
        [0.5228, 0.1653, 0.1581, 0.1538],
        [0.5315, 0.1704, 0.1497, 0.1484],
        [0.1885, 0.3435, 0.2548, 0.2132],
        [0.1947, 0.3490, 0.2439, 0.2124],
        [0.2704, 0.3307, 0.2136, 0.1852],
        [0.3848, 0.2653, 0.1811, 0.1689],
        [0.2450, 0.3919, 0.1952, 0.1679],
        [0.2824, 0.3318, 0.2058, 0.1800],
        [0.3047, 0.3029, 0.2072, 0.1852],
        [0.3802, 0.2859, 0.1761, 0.1579],
        [0.2984, 0.2772, 0.2247, 0.1997],
        [0.2663, 0.3148, 0.2202, 0.1986],
        [0.3616, 0.2516, 0.2034, 0.1833],
        [0.1979, 0.3415, 0.2424, 0.2182],
        [0.2508, 0.3026, 0.2337, 0.2129],
        [0.3080, 0.2727, 0.2213, 0.1981],
        [0.2623, 0.3409, 0.2088, 0.1880],
        [0.5497, 0.1691, 0.1441, 0.1370],
        [0.2735, 0.3394, 0.2064, 0.1806],
        [0.2097, 0.3754, 0.2220, 0.1929],
        [0.1983, 0.4085, 0.2107, 0.1825],
        [0.3625, 0.2789, 0.1879, 0.1707],
        [0.2580, 0.3670, 0.1985, 0.1765],
        [0.2301, 0.4177, 0.1907, 0.1614],
        [0.2099, 0.2990, 0.2566, 0.2345],
        [0.3028, 0.2548, 0.2314, 0.2110],
        [0.2748, 0.2903, 0.2290, 0.2059],
        [0.4762, 0.2123, 0.1599, 0.1517],
        [0.4798, 0.2402, 0.1444, 0.1355],
        [0.3730, 0.2579, 0.1923, 0.1768],
        [0.3746, 0.2698, 0.1826, 0.1730],
        [0.1970, 0.2903, 0.2732, 0.2395],
        [0.2369, 0.3417, 0.2261, 0.1953],
        [0.1985, 0.3139, 0.2589, 0.2287],
        [0.3992, 0.2260, 0.1942, 0.1806],
        [0.6260, 0.1327, 0.1210, 0.1203],
        [0.3516, 0.2796, 0.1935, 0.1753],
        [0.2043, 0.4145, 0.2073, 0.1739],
        [0.3240, 0.2886, 0.2069, 0.1804],
        [0.2084, 0.3442, 0.2404, 0.2069],
        [0.2877, 0.3677, 0.1801, 0.1645],
        [0.2015, 0.3104, 0.2541, 0.2340],
        [0.2432, 0.3317, 0.2292, 0.1959],
        [0.2027, 0.3421, 0.2488, 0.2064],
        [0.3636, 0.3077, 0.1767, 0.1520],
        [0.2049, 0.3276, 0.2471, 0.2204],
        [0.2625, 0.3028, 0.2301, 0.2047],
        [0.2814, 0.3240, 0.2102, 0.1845],
        [0.2094, 0.3675, 0.2296, 0.1935],
        [0.5612, 0.1725, 0.1393, 0.1271],
        [0.3224, 0.2960, 0.2002, 0.1813],
        [0.3302, 0.3279, 0.1873, 0.1545],
        [0.2223, 0.3044, 0.2492, 0.2241],
        [0.2528, 0.2811, 0.2508, 0.2153],
        [0.4364, 0.2452, 0.1679, 0.1505],
        [0.2388, 0.3315, 0.2286, 0.2010],
        [0.2516, 0.3030, 0.2349, 0.2105],
        [0.2578, 0.3463, 0.2137, 0.1821],
        [0.2122, 0.2874, 0.2602, 0.2401],
        [0.2438, 0.2741, 0.2524, 0.2297],
        [0.6597, 0.1321, 0.1078, 0.1003],
        [0.2083, 0.3320, 0.2458, 0.2140],
        [0.2693, 0.2836, 0.2353, 0.2117],
        [0.2974, 0.2972, 0.2146, 0.1907],
        [0.2768, 0.2925, 0.2264, 0.2043],
        [0.4038, 0.2623, 0.1715, 0.1624],
        [0.2700, 0.3514, 0.2028, 0.1757],
        [0.1972, 0.3456, 0.2454, 0.2118],
        [0.1951, 0.2798, 0.2705, 0.2546],
        [0.2261, 0.3076, 0.2453, 0.2210],
        [0.3715, 0.2732, 0.1885, 0.1668],
        [0.3835, 0.2154, 0.2071, 0.1940],
        [0.2578, 0.3336, 0.2148, 0.1938],
        [0.1972, 0.3009, 0.2580, 0.2438],
        [0.5908, 0.1389, 0.1347, 0.1356]], device='cuda:1')
perception attention:tensor([0.4418, 0.5582], device='cuda:1')
Test set results: loss= 0.7810 accuracy= 0.7620 F1_score= 0.7037
