# epoch	loss_train	acc_train	loss_val	acc_val	time	acc_test	f1_test
0001	1.7965	0.1250	1.7849	0.1700	0.0529s	1.7864	0.1840	0.0559
0
0002	1.7926	0.1417	1.7847	0.1940	0.0533s	1.7859	0.2110	0.0956
0
0003	1.7888	0.1667	1.7846	0.2360	0.0529s	1.7854	0.2470	0.1031
0
0004	1.7878	0.1750	1.7845	0.2120	0.0530s	1.7851	0.2310	0.0644
0
0005	1.7839	0.2000	1.7844	0.2120	0.0531s	1.7845	0.2310	0.0626
0
0006	1.7783	0.2750	1.7843	0.2160	0.0528s	1.7839	0.2340	0.0765
0
0007	1.7782	0.2833	1.7837	0.2220	0.0532s	1.7826	0.2390	0.0881
0
0008	1.7704	0.3417	1.7832	0.2380	0.0532s	1.7815	0.2490	0.1093
0
0009	1.7675	0.3250	1.7829	0.2720	0.0529s	1.7805	0.2860	0.1718
0
0010	1.7632	0.3500	1.7820	0.2840	0.0532s	1.7788	0.2940	0.1809
0
0011	1.7571	0.3583	1.7796	0.2780	0.0531s	1.7761	0.2910	0.1770
0
0012	1.7507	0.3417	1.7764	0.2820	0.0531s	1.7728	0.2910	0.1766
0
0013	1.7443	0.3417	1.7729	0.2760	0.0530s	1.7692	0.2890	0.1714
0
0014	1.7376	0.3250	1.7691	0.2660	0.0531s	1.7649	0.2800	0.1564
0
0015	1.7291	0.3333	1.7648	0.2660	0.0529s	1.7600	0.2820	0.1620
0
0016	1.7165	0.4083	1.7603	0.2740	0.0528s	1.7551	0.2880	0.1714
0
0017	1.7075	0.4167	1.7545	0.2820	0.0529s	1.7495	0.2940	0.1802
0
0018	1.6993	0.4167	1.7487	0.2980	0.0531s	1.7437	0.3100	0.2036
0
0019	1.6816	0.4750	1.7430	0.3260	0.0531s	1.7378	0.3250	0.2200
0
0020	1.6708	0.5167	1.7367	0.3360	0.0530s	1.7313	0.3570	0.2603
0
0021	1.6548	0.5583	1.7295	0.3600	0.0529s	1.7242	0.3670	0.2688
0
0022	1.6414	0.5417	1.7219	0.3640	0.0530s	1.7165	0.3780	0.2844
0
0023	1.6218	0.5583	1.7138	0.3700	0.0530s	1.7081	0.3760	0.2820
0
0024	1.6153	0.6083	1.7053	0.3720	0.0532s	1.6993	0.3780	0.2862
0
0025	1.5900	0.6000	1.6968	0.3700	0.0539s	1.6904	0.3810	0.2906
0
0026	1.5801	0.7083	1.6878	0.3700	0.0530s	1.6810	0.3860	0.2969
0
0027	1.5483	0.7167	1.6790	0.3780	0.0530s	1.6718	0.3870	0.3022
0
0028	1.5432	0.7083	1.6693	0.3820	0.0530s	1.6618	0.3970	0.3174
0
0029	1.5330	0.7417	1.6594	0.3940	0.0530s	1.6519	0.4150	0.3461
0
0030	1.5037	0.7500	1.6485	0.3980	0.0532s	1.6405	0.4240	0.3614
0
0031	1.4681	0.7500	1.6382	0.4020	0.0532s	1.6294	0.4290	0.3683
0
0032	1.4469	0.7667	1.6275	0.4160	0.0531s	1.6175	0.4510	0.3991
0
0033	1.4323	0.8167	1.6160	0.4280	0.0546s	1.6047	0.4630	0.4152
0
0034	1.4060	0.8167	1.6053	0.4520	0.0537s	1.5925	0.4770	0.4276
0
0035	1.3762	0.8333	1.5942	0.4660	0.0568s	1.5802	0.4930	0.4443
0
0036	1.3737	0.8333	1.5812	0.4960	0.0556s	1.5666	0.5120	0.4681
0
0037	1.3479	0.8167	1.5668	0.5060	0.0550s	1.5523	0.5300	0.4881
0
0038	1.3301	0.8500	1.5522	0.5320	0.0536s	1.5381	0.5400	0.5007
0
0039	1.3015	0.8583	1.5372	0.5540	0.0530s	1.5230	0.5520	0.5150
0
0040	1.2744	0.8333	1.5238	0.5640	0.0530s	1.5091	0.5670	0.5332
0
0041	1.2489	0.8667	1.5108	0.5680	0.0531s	1.4949	0.5760	0.5416
0
0042	1.1968	0.9000	1.4972	0.5720	0.0531s	1.4802	0.5740	0.5395
0
0043	1.2143	0.9083	1.4836	0.5660	0.0532s	1.4653	0.5670	0.5311
0
0044	1.1760	0.9167	1.4681	0.5660	0.0529s	1.4493	0.5800	0.5438
0
0045	1.1736	0.9167	1.4525	0.5680	0.0815s	1.4331	0.5790	0.5412
0
0046	1.1662	0.8917	1.4392	0.5640	0.0835s	1.4182	0.5790	0.5431
0
0047	1.1243	0.8750	1.4264	0.5740	0.0658s	1.4040	0.5840	0.5486
0
0048	1.1065	0.8500	1.4156	0.5840	0.0607s	1.3914	0.5920	0.5589
0
0049	1.1098	0.8417	1.4056	0.5980	0.0604s	1.3797	0.6010	0.5695
0
0050	1.0944	0.8917	1.3951	0.6000	0.0606s	1.3674	0.6000	0.5684
0
0051	1.0475	0.8917	1.3836	0.6020	0.0550s	1.3547	0.6030	0.5720
0
0052	1.0298	0.8833	1.3727	0.5940	0.0537s	1.3428	0.6060	0.5741
0
0053	1.0703	0.8667	1.3613	0.5980	0.0531s	1.3309	0.6070	0.5751
0
0054	1.0438	0.9000	1.3498	0.5960	0.0530s	1.3191	0.6090	0.5763
0
0055	0.9834	0.8917	1.3394	0.6020	0.0530s	1.3077	0.6080	0.5740
0
0056	0.9535	0.9000	1.3302	0.6020	0.0529s	1.2971	0.6080	0.5733
0
0057	0.9690	0.8917	1.3207	0.6040	0.0530s	1.2866	0.6110	0.5766
0
0058	1.0287	0.8917	1.3111	0.6060	0.0532s	1.2765	0.6150	0.5819
0
0059	1.0115	0.9000	1.3013	0.6100	0.0532s	1.2665	0.6170	0.5815
0
0060	0.9721	0.9250	1.2921	0.6200	0.0530s	1.2569	0.6270	0.5902
0
0061	0.9379	0.8833	1.2802	0.6280	0.0530s	1.2453	0.6370	0.5991
0
0062	0.9815	0.8583	1.2718	0.6200	0.0531s	1.2357	0.6380	0.5983
0
0063	0.9621	0.8917	1.2652	0.6140	0.0532s	1.2277	0.6340	0.5939
0
0064	0.9263	0.9083	1.2589	0.6160	0.0532s	1.2199	0.6340	0.5948
0
0065	0.9621	0.9250	1.2518	0.6260	0.0531s	1.2117	0.6380	0.6005
0
0066	0.9304	0.8583	1.2433	0.6300	0.0533s	1.2026	0.6480	0.6112
0
0067	0.9226	0.9083	1.2329	0.6480	0.0530s	1.1922	0.6570	0.6198
0
0068	0.8938	0.9167	1.2242	0.6600	0.0531s	1.1829	0.6680	0.6295
0
0069	0.8940	0.9000	1.2165	0.6580	0.0528s	1.1746	0.6780	0.6398
0
0070	0.9001	0.8583	1.2101	0.6600	0.0531s	1.1676	0.6790	0.6410
0
0071	0.9224	0.8583	1.2041	0.6640	0.0532s	1.1607	0.6790	0.6396
0
0072	0.8623	0.9250	1.1958	0.6620	0.0528s	1.1525	0.6780	0.6381
0
0073	0.9074	0.9333	1.1878	0.6560	0.0531s	1.1450	0.6740	0.6349
0
0074	0.8802	0.9167	1.1810	0.6580	0.0529s	1.1382	0.6760	0.6371
0
0075	0.8360	0.9417	1.1733	0.6640	0.0554s	1.1308	0.6850	0.6451
0
0076	0.8382	0.9250	1.1628	0.6660	0.0534s	1.1209	0.6920	0.6506
0
0077	0.8393	0.9250	1.1549	0.6700	0.0532s	1.1129	0.6960	0.6555
0
0078	0.8403	0.9250	1.1453	0.6740	0.0552s	1.1035	0.6990	0.6583
0
0079	0.8303	0.9167	1.1383	0.6740	0.0541s	1.0957	0.7030	0.6634
0
0080	0.8154	0.9083	1.1334	0.6760	0.0532s	1.0894	0.7060	0.6670
0
0081	0.8428	0.9333	1.1303	0.6760	0.0534s	1.0848	0.7010	0.6597
0
0082	0.7989	0.9167	1.1266	0.6720	0.0530s	1.0803	0.7020	0.6601
0
0083	0.8360	0.9167	1.1216	0.6740	0.0533s	1.0755	0.6980	0.6575
0
0084	0.8200	0.9250	1.1109	0.6780	0.0531s	1.0665	0.7030	0.6618
0
0085	0.8528	0.9500	1.0989	0.6840	0.0531s	1.0564	0.7150	0.6744
0
0086	0.8151	0.9333	1.0870	0.6880	0.0528s	1.0462	0.7240	0.6823
0
0087	0.8150	0.9083	1.0828	0.6940	0.0542s	1.0403	0.7260	0.6853
0
0088	0.7603	0.9417	1.0813	0.6880	0.0533s	1.0361	0.7180	0.6780
0
0089	0.7884	0.9583	1.0794	0.6880	0.0530s	1.0328	0.7170	0.6770
0
0090	0.7297	0.9667	1.0767	0.6840	0.0530s	1.0297	0.7160	0.6747
0
0091	0.8262	0.9500	1.0703	0.6880	0.0539s	1.0246	0.7180	0.6751
0
0092	0.7859	0.9667	1.0599	0.6860	0.0534s	1.0166	0.7240	0.6792
0
0093	0.7829	0.9167	1.0490	0.6900	0.0530s	1.0083	0.7260	0.6829
0
0094	0.7613	0.9333	1.0419	0.6940	0.0529s	1.0015	0.7290	0.6889
0
0095	0.7312	0.9583	1.0420	0.6920	0.0531s	0.9991	0.7250	0.6845
0
0096	0.7570	0.9417	1.0446	0.6940	0.0532s	0.9990	0.7250	0.6844
1
0097	0.7528	0.9333	1.0459	0.6860	0.0531s	0.9985	0.7220	0.6812
0
0098	0.7646	0.9417	1.0398	0.6860	0.0530s	0.9925	0.7250	0.6850
1
0099	0.7304	0.9250	1.0285	0.6900	0.0532s	0.9836	0.7290	0.6875
0
0100	0.7704	0.9333	1.0202	0.6960	0.0543s	0.9770	0.7290	0.6878
0
0101	0.7178	0.9333	1.0149	0.7040	0.0530s	0.9727	0.7300	0.6902
0
0102	0.7247	0.9250	1.0113	0.7060	0.0530s	0.9697	0.7310	0.6921
0
0103	0.7484	0.9417	1.0065	0.7100	0.0530s	0.9658	0.7320	0.6918
0
0104	0.7114	0.9667	1.0032	0.7080	0.0530s	0.9629	0.7300	0.6899
0
0105	0.7008	0.9333	1.0012	0.7040	0.0543s	0.9608	0.7320	0.6905
0
0106	0.7246	0.8917	1.0002	0.7000	0.0530s	0.9588	0.7310	0.6896
0
0107	0.6771	0.9500	0.9990	0.7020	0.0532s	0.9562	0.7320	0.6930
0
0108	0.7074	0.9417	0.9927	0.7120	0.0530s	0.9502	0.7350	0.6962
0
0109	0.7166	0.9417	0.9870	0.7160	0.0529s	0.9446	0.7360	0.6976
0
0110	0.6883	0.9083	0.9821	0.7180	0.0533s	0.9402	0.7370	0.6984
0
0111	0.6897	0.9333	0.9776	0.7100	0.0531s	0.9365	0.7340	0.6950
0
0112	0.7066	0.9333	0.9782	0.7060	0.0532s	0.9366	0.7320	0.6915
0
0113	0.6941	0.9000	0.9801	0.7020	0.0531s	0.9373	0.7320	0.6918
1
0114	0.6944	0.9583	0.9764	0.7020	0.0532s	0.9346	0.7330	0.6957
2
0115	0.6848	0.9333	0.9702	0.7160	0.0530s	0.9297	0.7370	0.6983
0
0116	0.6494	0.9500	0.9641	0.7180	0.0530s	0.9245	0.7380	0.6994
0
0117	0.6503	0.9333	0.9592	0.7180	0.0531s	0.9199	0.7400	0.7018
0
0118	0.6978	0.9750	0.9583	0.7180	0.0533s	0.9171	0.7400	0.7015
0
0119	0.6640	0.9500	0.9576	0.7080	0.0532s	0.9148	0.7340	0.6947
0
0120	0.6480	0.9417	0.9573	0.7060	0.0530s	0.9136	0.7330	0.6922
0
0121	0.6118	0.9667	0.9560	0.7060	0.0550s	0.9121	0.7340	0.6946
0
0122	0.6241	0.9583	0.9524	0.7140	0.0539s	0.9096	0.7370	0.6984
0
0123	0.6801	0.9333	0.9487	0.7220	0.0531s	0.9075	0.7410	0.7038
0
0124	0.6192	0.9500	0.9456	0.7260	0.0530s	0.9050	0.7410	0.7036
0
0125	0.6716	0.9250	0.9455	0.7240	0.0531s	0.9034	0.7400	0.7027
0
0126	0.6281	0.9250	0.9466	0.7180	0.0560s	0.9023	0.7370	0.6980
0
0127	0.5966	0.9500	0.9486	0.7040	0.0533s	0.9021	0.7310	0.6909
1
0128	0.5978	0.9500	0.9521	0.7020	0.0532s	0.9036	0.7290	0.6877
2
0129	0.5963	0.9667	0.9470	0.7000	0.0531s	0.8995	0.7310	0.6917
3
0130	0.6483	0.9750	0.9407	0.7120	0.0530s	0.8947	0.7380	0.6996
4
0131	0.6201	0.9417	0.9326	0.7300	0.0527s	0.8894	0.7370	0.6985
0
0132	0.5933	0.9417	0.9321	0.7240	0.0532s	0.8885	0.7390	0.7003
0
0133	0.6269	0.9583	0.9330	0.7200	0.0528s	0.8889	0.7360	0.6972
0
0134	0.6021	0.9583	0.9367	0.7060	0.0535s	0.8906	0.7300	0.6895
1
0135	0.6102	0.9500	0.9345	0.7040	0.0530s	0.8887	0.7300	0.6881
2
0136	0.6004	0.9667	0.9316	0.7060	0.0531s	0.8859	0.7300	0.6872
3
0137	0.5866	0.9417	0.9261	0.7120	0.0543s	0.8814	0.7360	0.6953
0
0138	0.5957	0.9667	0.9215	0.7160	0.0535s	0.8778	0.7370	0.6961
0
0139	0.5762	0.9583	0.9240	0.7220	0.0533s	0.8786	0.7380	0.6983
0
0140	0.5800	0.9583	0.9229	0.7180	0.0530s	0.8772	0.7370	0.6971
1
0141	0.6047	0.9167	0.9194	0.7120	0.0530s	0.8740	0.7390	0.6997
2
0142	0.5647	1.0000	0.9166	0.7140	0.0528s	0.8712	0.7390	0.6968
0
0143	0.5976	0.9500	0.9155	0.7080	0.0529s	0.8699	0.7420	0.6996
0
0144	0.5699	0.9500	0.9131	0.7100	0.0531s	0.8682	0.7420	0.6947
0
0145	0.5441	0.9583	0.9116	0.7120	0.0530s	0.8670	0.7380	0.6911
0
0146	0.5785	0.9417	0.9157	0.7080	0.0533s	0.8686	0.7390	0.6950
0
0147	0.5386	0.9500	0.9137	0.7120	0.0530s	0.8666	0.7370	0.6961
1
0148	0.5450	0.9500	0.9063	0.7180	0.0532s	0.8615	0.7420	0.7000
2
0149	0.5434	0.9917	0.9047	0.7200	0.0527s	0.8596	0.7430	0.7010
0
0150	0.5699	0.9667	0.9083	0.7140	0.0534s	0.8602	0.7420	0.7011
0
0151	0.5646	0.9417	0.9099	0.7100	0.0530s	0.8604	0.7380	0.6945
1
0152	0.5364	0.9583	0.9056	0.7120	0.0530s	0.8580	0.7370	0.6916
2
0153	0.5295	0.9583	0.9053	0.7100	0.0531s	0.8577	0.7390	0.6913
3
0154	0.5472	0.9167	0.9015	0.7120	0.0531s	0.8554	0.7390	0.6916
4
0155	0.5426	0.9417	0.9006	0.7180	0.0529s	0.8537	0.7430	0.6966
0
0156	0.5647	0.9667	0.9006	0.7200	0.0530s	0.8526	0.7460	0.7005
0
0157	0.5207	0.9750	0.8988	0.7200	0.0532s	0.8507	0.7440	0.6992
0
0158	0.5214	0.9333	0.8928	0.7120	0.0531s	0.8476	0.7400	0.6930
0
0159	0.5451	0.9583	0.8912	0.7140	0.0531s	0.8477	0.7330	0.6837
0
0160	0.5216	0.9583	0.8929	0.7100	0.0531s	0.8483	0.7340	0.6824
0
0161	0.5844	0.9333	0.8942	0.7040	0.0534s	0.8475	0.7370	0.6864
1
0162	0.5350	0.9417	0.8961	0.7080	0.0531s	0.8472	0.7380	0.6898
2
0163	0.5445	0.9500	0.8953	0.7100	0.0533s	0.8460	0.7380	0.6901
3
0164	0.5446	0.9583	0.8943	0.7120	0.0535s	0.8448	0.7400	0.6938
4
0165	0.5711	0.9083	0.8890	0.7100	0.0533s	0.8416	0.7380	0.6890
5
0166	0.5284	0.9667	0.8838	0.7160	0.0531s	0.8385	0.7410	0.6909
0
0167	0.5221	0.9500	0.8824	0.7160	0.0532s	0.8378	0.7370	0.6866
0
0168	0.5266	0.9500	0.8859	0.7060	0.0533s	0.8391	0.7380	0.6871
0
0169	0.5081	0.9417	0.8887	0.7080	0.0532s	0.8399	0.7390	0.6888
1
0170	0.4989	0.9500	0.8860	0.7120	0.0533s	0.8382	0.7460	0.6989
2
0171	0.5241	0.9750	0.8828	0.7200	0.0541s	0.8361	0.7470	0.7003
3
0172	0.5390	0.9417	0.8796	0.7200	0.0532s	0.8341	0.7430	0.6937
4
0173	0.5173	0.9500	0.8812	0.7140	0.0530s	0.8349	0.7430	0.6926
0
0174	0.5188	0.9500	0.8818	0.7140	0.0532s	0.8354	0.7350	0.6837
1
0175	0.5266	0.9583	0.8799	0.7140	0.0529s	0.8334	0.7350	0.6812
2
0176	0.4975	0.9500	0.8821	0.7100	0.0531s	0.8340	0.7380	0.6831
3
0177	0.4989	0.9583	0.8815	0.7080	0.0527s	0.8329	0.7400	0.6848
4
0178	0.5265	0.9583	0.8778	0.7140	0.0531s	0.8300	0.7420	0.6873
5
0179	0.4976	0.9750	0.8765	0.7120	0.0533s	0.8287	0.7420	0.6898
0
0180	0.4873	0.9583	0.8783	0.7100	0.0531s	0.8294	0.7400	0.6887
0
0181	0.4961	0.9750	0.8766	0.7100	0.0529s	0.8282	0.7410	0.6896
1
0182	0.5567	0.9417	0.8752	0.7100	0.0532s	0.8272	0.7440	0.6926
2
0183	0.5160	0.9333	0.8728	0.7160	0.0533s	0.8247	0.7480	0.6956
0
0184	0.5066	0.9417	0.8720	0.7180	0.0531s	0.8239	0.7510	0.6997
0
0185	0.5278	0.9667	0.8698	0.7220	0.0534s	0.8226	0.7530	0.7034
0
0186	0.5150	0.9833	0.8707	0.7160	0.0530s	0.8229	0.7490	0.6963
0
0187	0.5079	0.9417	0.8767	0.7120	0.0535s	0.8271	0.7430	0.6917
1
0188	0.4899	0.9917	0.8778	0.7020	0.0530s	0.8275	0.7440	0.6929
2
0189	0.4993	0.9500	0.8787	0.7020	0.0537s	0.8258	0.7430	0.6918
3
0190	0.5322	0.9583	0.8758	0.7040	0.0532s	0.8230	0.7440	0.6917
4
0191	0.4912	0.9417	0.8713	0.7120	0.0531s	0.8205	0.7470	0.6944
5
0192	0.4847	0.9417	0.8676	0.7140	0.0535s	0.8191	0.7490	0.6963
6
0193	0.5041	0.9833	0.8658	0.7120	0.0538s	0.8188	0.7480	0.6934
0
0194	0.4864	0.9750	0.8650	0.7140	0.0534s	0.8184	0.7490	0.6967
0
0195	0.4898	0.9667	0.8680	0.7160	0.0529s	0.8198	0.7440	0.6924
0
0196	0.4830	0.9500	0.8747	0.7040	0.0531s	0.8232	0.7410	0.6896
1
0197	0.5233	0.9417	0.8770	0.7020	0.0553s	0.8234	0.7420	0.6861
2
0198	0.4706	0.9417	0.8700	0.7060	0.0536s	0.8197	0.7420	0.6864
3
0199	0.5083	0.9833	0.8639	0.7180	0.0531s	0.8164	0.7420	0.6867
4
0200	0.5044	0.9417	0.8614	0.7160	0.0533s	0.8145	0.7430	0.6876
0
0201	0.5224	0.9083	0.8684	0.7060	0.0532s	0.8171	0.7400	0.6847
0
0202	0.5108	0.9333	0.8714	0.7020	0.0544s	0.8182	0.7420	0.6903
1
0203	0.4795	0.9667	0.8688	0.7080	0.0531s	0.8169	0.7410	0.6896
2
0204	0.4799	0.9417	0.8644	0.7200	0.0540s	0.8140	0.7440	0.6923
3
0205	0.5091	0.9583	0.8587	0.7240	0.0531s	0.8109	0.7520	0.7037
4
0206	0.4815	0.9500	0.8565	0.7180	0.0531s	0.8102	0.7490	0.6994
0
0207	0.4823	0.9333	0.8626	0.7120	0.0533s	0.8137	0.7430	0.6898
0
0208	0.4859	0.9750	0.8659	0.7100	0.0531s	0.8155	0.7410	0.6855
1
0209	0.4936	0.9583	0.8628	0.7060	0.0544s	0.8138	0.7430	0.6875
2
0210	0.4925	0.9583	0.8585	0.7120	0.0533s	0.8116	0.7430	0.6901
3
0211	0.4956	0.9500	0.8564	0.7180	0.0531s	0.8100	0.7440	0.6911
4
0212	0.5104	0.9417	0.8585	0.7240	0.0530s	0.8100	0.7490	0.6952
0
0213	0.4791	0.9750	0.8599	0.7240	0.0558s	0.8103	0.7500	0.6997
1
0214	0.4855	0.9500	0.8591	0.7200	0.0551s	0.8102	0.7490	0.6971
2
0215	0.4947	0.9417	0.8547	0.7140	0.0546s	0.8089	0.7470	0.6936
3
0216	0.4750	0.9417	0.8539	0.7120	0.0561s	0.8103	0.7450	0.6876
0
0217	0.4850	0.9417	0.8557	0.7120	0.0556s	0.8114	0.7450	0.6877
0
0218	0.4863	0.9083	0.8596	0.7040	0.0544s	0.8117	0.7450	0.6916
1
0219	0.5062	0.9583	0.8628	0.7080	0.0532s	0.8113	0.7470	0.6929
2
0220	0.4956	0.9333	0.8626	0.7120	0.0533s	0.8098	0.7460	0.6923
3
0221	0.4746	0.9417	0.8631	0.7100	0.0533s	0.8097	0.7440	0.6931
4
0222	0.4805	0.9167	0.8640	0.7020	0.0530s	0.8107	0.7420	0.6891
5
0223	0.5082	0.9583	0.8602	0.7020	0.0531s	0.8093	0.7440	0.6912
6
0224	0.4677	0.9250	0.8567	0.7100	0.0541s	0.8077	0.7500	0.6962
7
0225	0.4989	0.9250	0.8536	0.7200	0.0533s	0.8065	0.7530	0.6986
8
0226	0.4946	0.9250	0.8540	0.7220	0.0531s	0.8067	0.7530	0.6986
0
0227	0.4641	0.9750	0.8575	0.7140	0.0532s	0.8074	0.7480	0.6943
1
0228	0.4756	0.9833	0.8595	0.7100	0.0532s	0.8077	0.7460	0.6950
2
0229	0.4996	0.9667	0.8610	0.7080	0.0531s	0.8082	0.7470	0.6960
3
0230	0.4721	0.9667	0.8640	0.7080	0.0531s	0.8094	0.7450	0.6939
4
0231	0.4722	0.9583	0.8618	0.7120	0.0532s	0.8086	0.7480	0.6957
5
0232	0.4743	0.9583	0.8581	0.7120	0.0535s	0.8083	0.7490	0.6943
6
0233	0.4942	0.9333	0.8520	0.7200	0.0535s	0.8062	0.7510	0.6963
7
0234	0.4535	0.9417	0.8464	0.7240	0.0531s	0.8035	0.7540	0.6997
0
0235	0.4622	0.9500	0.8472	0.7200	0.0533s	0.8032	0.7500	0.6966
0
0236	0.4463	0.9750	0.8542	0.7120	0.0532s	0.8057	0.7470	0.6934
1
0237	0.5152	0.9167	0.8557	0.7140	0.0533s	0.8057	0.7450	0.6943
2
0238	0.5052	0.9333	0.8570	0.7160	0.0529s	0.8054	0.7460	0.6947
3
0239	0.4845	0.9083	0.8584	0.7160	0.0530s	0.8059	0.7460	0.6920
4
0240	0.4879	0.9583	0.8536	0.7140	0.0532s	0.8035	0.7480	0.6939
5
0241	0.4606	0.9333	0.8490	0.7180	0.0526s	0.8014	0.7530	0.6988
6
0242	0.4763	0.9500	0.8447	0.7240	0.0534s	0.8005	0.7530	0.6969
7
0243	0.5099	0.9333	0.8444	0.7240	0.0531s	0.8005	0.7550	0.6989
0
0244	0.5238	0.9167	0.8481	0.7160	0.0530s	0.8009	0.7510	0.6953
0
0245	0.4669	0.9083	0.8508	0.7120	0.0540s	0.8011	0.7490	0.6959
1
0246	0.4869	0.9667	0.8566	0.7020	0.0532s	0.8038	0.7420	0.6869
2
0247	0.5002	0.9333	0.8550	0.7120	0.0529s	0.8026	0.7470	0.6934
3
0248	0.4576	0.9417	0.8528	0.7140	0.0530s	0.8014	0.7460	0.6926
4
0249	0.4818	0.9500	0.8496	0.7200	0.0530s	0.7998	0.7490	0.6948
5
0250	0.4824	0.9750	0.8461	0.7260	0.0531s	0.7983	0.7600	0.7067
6
0251	0.4521	0.9583	0.8474	0.7240	0.0530s	0.7993	0.7550	0.7002
7
0252	0.4691	0.9417	0.8485	0.7180	0.0530s	0.8003	0.7490	0.6957
8
0253	0.4579	0.9417	0.8496	0.7140	0.0530s	0.8015	0.7450	0.6881
9
0254	0.4524	0.9167	0.8480	0.7160	0.0532s	0.8009	0.7450	0.6883
10
0255	0.4687	0.9500	0.8472	0.7180	0.0530s	0.7995	0.7470	0.6923
11
0256	0.4844	0.9667	0.8481	0.7200	0.0532s	0.7986	0.7500	0.6967
12
0257	0.4714	0.9250	0.8492	0.7220	0.0534s	0.7986	0.7510	0.6987
13
0258	0.4737	0.9500	0.8544	0.7160	0.0555s	0.8010	0.7490	0.6965
14
0259	0.4453	0.9583	0.8602	0.7140	0.0533s	0.8045	0.7490	0.6941
15
0260	0.4640	0.9417	0.8584	0.7100	0.0531s	0.8046	0.7470	0.6910
16
0261	0.4255	0.9667	0.8480	0.7200	0.0530s	0.8008	0.7470	0.6897
17
0262	0.4503	0.9583	0.8404	0.7240	0.0530s	0.7979	0.7570	0.7011
18
0263	0.4372	0.9417	0.8383	0.7260	0.0530s	0.7971	0.7560	0.7003
0
0264	0.4642	0.9500	0.8460	0.7200	0.0530s	0.7990	0.7500	0.6951
0
0265	0.4781	0.9583	0.8519	0.7200	0.0553s	0.8009	0.7470	0.6936
1
0266	0.4760	0.9833	0.8560	0.7160	0.0533s	0.8026	0.7490	0.6946
2
0267	0.4911	0.9417	0.8550	0.7180	0.0530s	0.8022	0.7470	0.6926
3
0268	0.4675	0.9250	0.8507	0.7200	0.0532s	0.8000	0.7500	0.6964
4
0269	0.4618	0.9333	0.8461	0.7180	0.0531s	0.7983	0.7550	0.6988
5
0270	0.4617	0.9167	0.8460	0.7180	0.0531s	0.7988	0.7550	0.6965
6
0271	0.4667	0.9500	0.8476	0.7180	0.0530s	0.7993	0.7550	0.6965
7
0272	0.4761	0.9417	0.8485	0.7180	0.0534s	0.7995	0.7500	0.6924
8
0273	0.4705	0.9750	0.8490	0.7180	0.0530s	0.7997	0.7490	0.6933
9
0274	0.4536	0.9667	0.8511	0.7120	0.0530s	0.8006	0.7480	0.6922
10
0275	0.4779	0.9500	0.8490	0.7180	0.0529s	0.7995	0.7520	0.6958
11
0276	0.4480	0.9583	0.8442	0.7200	0.0531s	0.7972	0.7530	0.6947
12
0277	0.4498	0.9250	0.8434	0.7220	0.0538s	0.7968	0.7550	0.6963
13
0278	0.4767	0.9417	0.8459	0.7200	0.0533s	0.7978	0.7510	0.6952
14
0279	0.4663	0.9417	0.8470	0.7180	0.0532s	0.7987	0.7450	0.6902
15
0280	0.4558	0.9167	0.8495	0.7140	0.0528s	0.8001	0.7410	0.6859
16
0281	0.4744	0.9333	0.8491	0.7120	0.0532s	0.8000	0.7460	0.6928
17
0282	0.5042	0.9417	0.8425	0.7180	0.0529s	0.7970	0.7490	0.6957
18
0283	0.4609	0.9583	0.8393	0.7220	0.0530s	0.7955	0.7510	0.6956
19
0284	0.4637	0.9333	0.8415	0.7200	0.0531s	0.7964	0.7490	0.6937
20
0285	0.4737	0.9333	0.8470	0.7180	0.0531s	0.7984	0.7470	0.6929
21
0286	0.4610	0.9583	0.8523	0.7120	0.0528s	0.8011	0.7450	0.6894
22
0287	0.4625	0.9833	0.8523	0.7120	0.0535s	0.8015	0.7430	0.6877
23
0288	0.4489	0.9417	0.8511	0.7160	0.0529s	0.8016	0.7430	0.6876
24
0289	0.4485	0.9583	0.8444	0.7180	0.0531s	0.7988	0.7430	0.6879
25
0290	0.4511	0.9500	0.8399	0.7180	0.0534s	0.7965	0.7490	0.6937
26
0291	0.4695	0.9667	0.8402	0.7200	0.0531s	0.7964	0.7530	0.6970
27
0292	0.4541	0.9750	0.8464	0.7220	0.0531s	0.7985	0.7540	0.6994
28
0293	0.4854	0.9333	0.8521	0.7160	0.0532s	0.8008	0.7540	0.6987
29
0294	0.4460	0.9500	0.8528	0.7120	0.0531s	0.8012	0.7470	0.6908
30
0295	0.4518	0.9500	0.8497	0.7120	0.0528s	0.8003	0.7430	0.6860
31
0296	0.4573	0.9833	0.8439	0.7180	0.0534s	0.7983	0.7460	0.6894
32
0297	0.4923	0.9750	0.8411	0.7160	0.0528s	0.7969	0.7480	0.6913
33
0298	0.4457	0.9417	0.8424	0.7200	0.0532s	0.7971	0.7500	0.6921
34
0299	0.4408	0.9333	0.8478	0.7200	0.0542s	0.7999	0.7510	0.6899
35
0300	0.4613	0.9250	0.8494	0.7180	0.0534s	0.8000	0.7490	0.6879
36
0301	0.4772	0.9417	0.8448	0.7200	0.0532s	0.7968	0.7530	0.6942
37
0302	0.4914	0.9167	0.8401	0.7220	0.0533s	0.7943	0.7530	0.6954
38
0303	0.4971	0.9500	0.8424	0.7160	0.0530s	0.7955	0.7420	0.6863
39
0304	0.4500	0.9667	0.8485	0.7080	0.0530s	0.7974	0.7430	0.6868
40
0305	0.4257	0.9250	0.8509	0.7100	0.0531s	0.7970	0.7430	0.6855
41
0306	0.4603	0.9583	0.8493	0.7100	0.0530s	0.7957	0.7530	0.6963
42
0307	0.4793	0.9417	0.8447	0.7160	0.0533s	0.7938	0.7580	0.7032
43
0308	0.4830	0.9500	0.8409	0.7200	0.0531s	0.7920	0.7550	0.6986
44
0309	0.4212	0.9583	0.8433	0.7220	0.0531s	0.7941	0.7450	0.6883
45
0310	0.4662	0.9250	0.8441	0.7160	0.0529s	0.7954	0.7450	0.6884
46
0311	0.4543	0.9667	0.8436	0.7200	0.0542s	0.7945	0.7470	0.6920
47
0312	0.4472	0.9667	0.8463	0.7180	0.0530s	0.7952	0.7500	0.6940
48
0313	0.4545	0.9583	0.8484	0.7160	0.0531s	0.7967	0.7550	0.6981
49
0314	0.4576	0.9250	0.8477	0.7140	0.0532s	0.7973	0.7550	0.6983
50
0315	0.4139	0.9583	0.8461	0.7180	0.0532s	0.7974	0.7480	0.6883
51
0316	0.4497	0.9583	0.8420	0.7200	0.0531s	0.7968	0.7450	0.6862
52
0317	0.4586	0.9500	0.8409	0.7200	0.0532s	0.7956	0.7480	0.6912
53
0318	0.4339	0.9417	0.8450	0.7160	0.0531s	0.7962	0.7450	0.6881
54
0319	0.4526	0.9833	0.8498	0.7160	0.0531s	0.7978	0.7510	0.6950
55
0320	0.4573	0.9417	0.8525	0.7140	0.0531s	0.7987	0.7540	0.6990
56
0321	0.4363	0.9417	0.8495	0.7160	0.0531s	0.7969	0.7530	0.6978
57
0322	0.4595	0.9667	0.8454	0.7200	0.0532s	0.7954	0.7490	0.6880
58
0323	0.4469	0.9417	0.8399	0.7220	0.0542s	0.7937	0.7500	0.6893
59
0324	0.4740	0.9250	0.8352	0.7240	0.0531s	0.7922	0.7510	0.6912
60
0325	0.4730	0.9333	0.8358	0.7260	0.0531s	0.7922	0.7480	0.6911
0
0326	0.4551	0.9667	0.8400	0.7220	0.0532s	0.7930	0.7490	0.6919
1
0327	0.4624	0.9333	0.8419	0.7260	0.0531s	0.7932	0.7500	0.6918
2
0328	0.4358	0.9500	0.8437	0.7240	0.0531s	0.7942	0.7500	0.6913
3
0329	0.4255	0.9667	0.8409	0.7260	0.0532s	0.7935	0.7510	0.6923
4
0330	0.4380	0.9167	0.8351	0.7280	0.0531s	0.7918	0.7510	0.6926
5
0331	0.4950	0.9417	0.8341	0.7260	0.0529s	0.7913	0.7500	0.6946
0
0332	0.4454	0.9583	0.8371	0.7220	0.0529s	0.7929	0.7480	0.6932
0
0333	0.4552	0.9583	0.8410	0.7200	0.0531s	0.7945	0.7460	0.6913
1
0334	0.4403	0.9417	0.8430	0.7200	0.0530s	0.7958	0.7480	0.6905
2
0335	0.4648	0.9417	0.8419	0.7200	0.0532s	0.7954	0.7490	0.6906
3
0336	0.4633	0.9417	0.8380	0.7300	0.0530s	0.7932	0.7500	0.6915
4
0337	0.4181	0.9833	0.8327	0.7300	0.0531s	0.7909	0.7530	0.6956
0
0338	0.4390	0.9667	0.8313	0.7280	0.0550s	0.7900	0.7520	0.6946
0
0339	0.4174	0.9583	0.8359	0.7300	0.0546s	0.7913	0.7520	0.6965
0
0340	0.4614	0.9583	0.8391	0.7240	0.0544s	0.7931	0.7530	0.6973
0
0341	0.4230	0.9750	0.8397	0.7240	0.0544s	0.7943	0.7520	0.6940
1
0342	0.4269	0.9167	0.8381	0.7260	0.0543s	0.7946	0.7530	0.6949
2
0343	0.4319	0.9333	0.8374	0.7280	0.0548s	0.7947	0.7530	0.6951
3
0344	0.4680	0.9583	0.8391	0.7280	0.0545s	0.7953	0.7480	0.6909
4
0345	0.4772	0.9167	0.8400	0.7260	0.0545s	0.7949	0.7460	0.6886
5
0346	0.5131	0.9083	0.8384	0.7280	0.0558s	0.7929	0.7530	0.6948
6
0347	0.4504	0.9167	0.8377	0.7320	0.0545s	0.7924	0.7570	0.7006
7
0348	0.4381	0.9333	0.8360	0.7300	0.0545s	0.7923	0.7550	0.6941
0
0349	0.4430	0.9583	0.8357	0.7280	0.0536s	0.7923	0.7530	0.6953
1
0350	0.4481	0.9500	0.8378	0.7240	0.0534s	0.7928	0.7530	0.6953
2
0351	0.4369	0.9667	0.8409	0.7260	0.0532s	0.7937	0.7490	0.6917
3
0352	0.4332	0.9667	0.8437	0.7240	0.0544s	0.7947	0.7490	0.6911
4
0353	0.4577	0.9500	0.8417	0.7260	0.0536s	0.7933	0.7530	0.6967
5
0354	0.4195	0.9583	0.8376	0.7260	0.0535s	0.7911	0.7590	0.7025
6
0355	0.4504	0.9333	0.8358	0.7240	0.0541s	0.7903	0.7600	0.7039
7
0356	0.4382	0.9417	0.8366	0.7260	0.0535s	0.7915	0.7560	0.7005
8
0357	0.4456	0.9333	0.8357	0.7280	0.0539s	0.7914	0.7510	0.6940
9
0358	0.4313	0.9583	0.8357	0.7260	0.0537s	0.7917	0.7530	0.6954
10
0359	0.4527	0.9417	0.8328	0.7280	0.0552s	0.7904	0.7540	0.6962
11
0360	0.4359	0.9667	0.8314	0.7280	0.0541s	0.7896	0.7570	0.6988
12
0361	0.4535	0.9500	0.8355	0.7300	0.0542s	0.7908	0.7580	0.7000
13
0362	0.4419	0.9417	0.8408	0.7260	0.0537s	0.7932	0.7530	0.6952
14
0363	0.4516	0.9500	0.8435	0.7180	0.0543s	0.7950	0.7470	0.6904
15
0364	0.4177	0.9833	0.8396	0.7220	0.0541s	0.7942	0.7480	0.6914
16
0365	0.4160	0.9583	0.8365	0.7220	0.0539s	0.7921	0.7490	0.6922
17
0366	0.4512	0.9500	0.8336	0.7260	0.0531s	0.7903	0.7520	0.6946
18
0367	0.4466	0.9750	0.8341	0.7280	0.0540s	0.7904	0.7520	0.6946
19
0368	0.4211	0.9333	0.8383	0.7260	0.0538s	0.7920	0.7530	0.6953
20
0369	0.4235	0.9500	0.8376	0.7280	0.0531s	0.7923	0.7550	0.6973
21
0370	0.4155	0.9583	0.8372	0.7240	0.0539s	0.7921	0.7520	0.6947
22
0371	0.4740	0.9500	0.8362	0.7260	0.0540s	0.7909	0.7530	0.6955
23
0372	0.4511	0.9583	0.8352	0.7260	0.0541s	0.7903	0.7570	0.6987
24
0373	0.4499	0.9417	0.8355	0.7240	0.0534s	0.7903	0.7570	0.7004
25
0374	0.4592	0.9417	0.8375	0.7240	0.0531s	0.7908	0.7560	0.6992
26
0375	0.4278	0.9750	0.8399	0.7260	0.0540s	0.7919	0.7530	0.6967
27
0376	0.4511	0.9500	0.8392	0.7260	0.0536s	0.7917	0.7540	0.6961
28
0377	0.4451	0.9750	0.8361	0.7240	0.0531s	0.7910	0.7550	0.6973
29
0378	0.4639	0.9250	0.8374	0.7220	0.0555s	0.7920	0.7540	0.6963
30
0379	0.4612	0.9250	0.8407	0.7240	0.0536s	0.7931	0.7480	0.6902
31
0380	0.4289	0.9500	0.8372	0.7240	0.0532s	0.7914	0.7530	0.6938
32
0381	0.4252	0.9583	0.8352	0.7280	0.0532s	0.7905	0.7530	0.6939
33
0382	0.4403	0.9000	0.8367	0.7260	0.0534s	0.7907	0.7530	0.6946
34
0383	0.4607	0.9417	0.8398	0.7240	0.0534s	0.7933	0.7440	0.6872
35
0384	0.4487	0.9333	0.8389	0.7220	0.0531s	0.7932	0.7460	0.6896
36
0385	0.4597	0.9500	0.8368	0.7240	0.0544s	0.7919	0.7510	0.6940
37
0386	0.4473	0.9500	0.8340	0.7260	0.0543s	0.7906	0.7540	0.6958
38
0387	0.4343	0.9167	0.8350	0.7260	0.0538s	0.7911	0.7540	0.6928
39
0388	0.4592	0.9417	0.8393	0.7260	0.0539s	0.7930	0.7540	0.6928
40
0389	0.4320	0.9667	0.8432	0.7280	0.0540s	0.7938	0.7500	0.6916
41
0390	0.4460	0.9750	0.8452	0.7240	0.0545s	0.7945	0.7430	0.6862
42
0391	0.4272	0.9583	0.8455	0.7220	0.0537s	0.7951	0.7440	0.6879
43
0392	0.4315	0.9500	0.8407	0.7280	0.0543s	0.7924	0.7490	0.6920
44
0393	0.4316	0.9750	0.8377	0.7260	0.0545s	0.7908	0.7540	0.6983
45
0394	0.4443	0.9167	0.8346	0.7280	0.0539s	0.7899	0.7550	0.6967
46
0395	0.4400	0.9583	0.8336	0.7300	0.0534s	0.7899	0.7530	0.6923
47
0396	0.4601	0.9417	0.8331	0.7300	0.0546s	0.7890	0.7550	0.6962
48
0397	0.4300	0.9333	0.8382	0.7280	0.0542s	0.7903	0.7530	0.6968
49
0398	0.4622	0.9333	0.8444	0.7200	0.0547s	0.7934	0.7530	0.6968
50
0399	0.4512	0.9583	0.8467	0.7180	0.0543s	0.7954	0.7500	0.6942
51
0400	0.4730	0.9417	0.8436	0.7180	0.0547s	0.7949	0.7520	0.6946
52
0401	0.4345	0.9583	0.8358	0.7240	0.0543s	0.7913	0.7550	0.6972
53
0402	0.4254	0.9667	0.8352	0.7220	0.0544s	0.7901	0.7560	0.6973
54
0403	0.4173	0.9583	0.8354	0.7260	0.0543s	0.7891	0.7570	0.7005
55
0404	0.4316	0.9583	0.8358	0.7240	0.0533s	0.7891	0.7570	0.7007
56
0405	0.4546	0.9667	0.8365	0.7240	0.0533s	0.7896	0.7560	0.6998
57
0406	0.4205	0.9917	0.8349	0.7280	0.0532s	0.7890	0.7560	0.6970
58
0407	0.4401	0.9333	0.8330	0.7280	0.0531s	0.7883	0.7570	0.6985
59
0408	0.4299	0.9417	0.8337	0.7280	0.0545s	0.7888	0.7580	0.6997
60
0409	0.4576	0.9250	0.8364	0.7240	0.0585s	0.7901	0.7550	0.6968
61
0410	0.4220	0.9000	0.8405	0.7260	0.0594s	0.7915	0.7540	0.6978
62
0411	0.4236	0.9333	0.8430	0.7260	0.0813s	0.7922	0.7540	0.6976
63
0412	0.4609	0.9333	0.8407	0.7280	0.0636s	0.7911	0.7550	0.6982
64
0413	0.4823	0.9583	0.8347	0.7280	0.0616s	0.7884	0.7570	0.6997
65
0414	0.4475	0.9333	0.8296	0.7280	0.0620s	0.7863	0.7600	0.7034
66
0415	0.4659	0.9667	0.8322	0.7260	0.0618s	0.7871	0.7570	0.7014
0
0416	0.4542	0.9250	0.8388	0.7240	0.0621s	0.7902	0.7500	0.6931
1
0417	0.4369	0.9167	0.8455	0.7220	0.0617s	0.7941	0.7420	0.6833
2
0418	0.4631	0.9583	0.8447	0.7220	0.0621s	0.7932	0.7480	0.6878
3
0419	0.4551	0.9417	0.8374	0.7240	0.0621s	0.7894	0.7540	0.6930
4
0420	0.4466	0.9167	0.8321	0.7300	0.0621s	0.7866	0.7580	0.6989
5
0421	0.4392	0.9333	0.8303	0.7320	0.0619s	0.7855	0.7560	0.6972
6
0422	0.4389	0.9500	0.8342	0.7240	0.0631s	0.7874	0.7530	0.6970
0
0423	0.4938	0.9750	0.8391	0.7220	0.0619s	0.7907	0.7480	0.6909
1
0424	0.4412	0.9250	0.8406	0.7200	0.0618s	0.7920	0.7470	0.6902
2
0425	0.4355	0.9417	0.8420	0.7220	0.0619s	0.7929	0.7480	0.6882
3
0426	0.4198	0.9500	0.8395	0.7240	0.0618s	0.7915	0.7540	0.6978
4
0427	0.4676	0.9417	0.8375	0.7240	0.0615s	0.7907	0.7560	0.6997
5
0428	0.4773	0.9417	0.8333	0.7300	0.0579s	0.7890	0.7620	0.7058
6
0429	0.4358	0.9667	0.8342	0.7220	0.0537s	0.7898	0.7550	0.6976
7
0430	0.4718	0.9417	0.8374	0.7220	0.0532s	0.7915	0.7530	0.6950
8
0431	0.4574	0.9750	0.8397	0.7220	0.0532s	0.7917	0.7540	0.6954
9
0432	0.4484	0.9333	0.8380	0.7220	0.0534s	0.7910	0.7530	0.6941
10
0433	0.4427	0.9750	0.8359	0.7220	0.0529s	0.7904	0.7550	0.6941
11
0434	0.4325	0.9583	0.8348	0.7220	0.0531s	0.7895	0.7550	0.6970
12
0435	0.4418	0.9833	0.8359	0.7240	0.0536s	0.7891	0.7540	0.6962
13
0436	0.4503	0.9667	0.8371	0.7280	0.0531s	0.7895	0.7550	0.6947
14
0437	0.4423	0.9500	0.8381	0.7260	0.0529s	0.7907	0.7520	0.6921
15
0438	0.4400	0.9667	0.8371	0.7260	0.0530s	0.7906	0.7550	0.6950
16
0439	0.4342	0.9167	0.8370	0.7280	0.0541s	0.7897	0.7570	0.6964
17
0440	0.4153	0.9417	0.8397	0.7220	0.0528s	0.7910	0.7550	0.6942
18
0441	0.4400	0.9500	0.8396	0.7240	0.0529s	0.7912	0.7540	0.6932
19
0442	0.4442	0.9500	0.8370	0.7260	0.0532s	0.7899	0.7540	0.6929
20
0443	0.4156	0.9833	0.8334	0.7260	0.0547s	0.7882	0.7550	0.6941
21
0444	0.4154	0.9417	0.8340	0.7280	0.0534s	0.7889	0.7550	0.6950
22
0445	0.4151	0.9500	0.8372	0.7240	0.0530s	0.7910	0.7510	0.6923
23
0446	0.4293	0.9583	0.8418	0.7220	0.0529s	0.7926	0.7450	0.6865
24
0447	0.4650	0.9417	0.8419	0.7280	0.0532s	0.7910	0.7480	0.6887
25
0448	0.4406	0.9167	0.8411	0.7220	0.0531s	0.7901	0.7540	0.6932
26
0449	0.4328	0.9167	0.8373	0.7280	0.0533s	0.7890	0.7550	0.6938
27
0450	0.4393	0.9667	0.8357	0.7260	0.0533s	0.7896	0.7550	0.6938
28
0451	0.4849	0.9667	0.8335	0.7300	0.0530s	0.7888	0.7560	0.6951
29
0452	0.4394	0.9417	0.8346	0.7300	0.0532s	0.7899	0.7530	0.6935
30
0453	0.4738	0.9583	0.8388	0.7280	0.0531s	0.7919	0.7470	0.6884
31
0454	0.4494	0.9583	0.8401	0.7260	0.0533s	0.7915	0.7460	0.6872
32
0455	0.4533	0.9667	0.8390	0.7280	0.0533s	0.7899	0.7490	0.6917
33
0456	0.4584	0.9500	0.8355	0.7300	0.0540s	0.7883	0.7540	0.6959
34
0457	0.4445	0.9500	0.8327	0.7280	0.0529s	0.7888	0.7560	0.6950
35
0458	0.4246	0.9750	0.8334	0.7260	0.0532s	0.7908	0.7550	0.6940
36
0459	0.4305	0.9500	0.8328	0.7260	0.0532s	0.7905	0.7550	0.6941
37
0460	0.4426	0.9833	0.8301	0.7300	0.0532s	0.7879	0.7580	0.6995
38
0461	0.4540	0.9417	0.8317	0.7280	0.0534s	0.7881	0.7580	0.6998
39
0462	0.4411	0.9750	0.8359	0.7280	0.0528s	0.7898	0.7530	0.6973
40
0463	0.4517	0.9583	0.8410	0.7240	0.0531s	0.7920	0.7500	0.6924
41
0464	0.4298	0.9500	0.8429	0.7240	0.0538s	0.7926	0.7490	0.6911
42
0465	0.4292	0.9667	0.8371	0.7280	0.0540s	0.7906	0.7520	0.6936
43
0466	0.4863	0.9333	0.8313	0.7260	0.0530s	0.7893	0.7600	0.7009
44
0467	0.4426	0.9667	0.8289	0.7260	0.0531s	0.7894	0.7620	0.7034
45
0468	0.4782	0.9333	0.8292	0.7260	0.0541s	0.7888	0.7610	0.7026
0
0469	0.4448	0.9333	0.8332	0.7260	0.0536s	0.7892	0.7560	0.6983
1
0470	0.4419	0.9750	0.8353	0.7300	0.0532s	0.7896	0.7570	0.6968
2
0471	0.4383	0.9583	0.8379	0.7260	0.0533s	0.7907	0.7500	0.6901
3
0472	0.4370	0.9333	0.8387	0.7240	0.0533s	0.7905	0.7520	0.6937
4
0473	0.4332	0.9333	0.8408	0.7280	0.0531s	0.7907	0.7520	0.6953
5
0474	0.4432	0.9583	0.8401	0.7220	0.0541s	0.7911	0.7510	0.6901
6
0475	0.4634	0.9583	0.8380	0.7240	0.0532s	0.7916	0.7500	0.6899
7
0476	0.4764	0.9167	0.8300	0.7280	0.0536s	0.7894	0.7540	0.6938
8
0477	0.4524	0.9500	0.8229	0.7280	0.0531s	0.7870	0.7600	0.7022
9
0478	0.4670	0.9333	0.8225	0.7300	0.0530s	0.7866	0.7590	0.7011
0
0479	0.4575	0.9500	0.8286	0.7280	0.0533s	0.7885	0.7580	0.7001
0
0480	0.4680	0.9333	0.8403	0.7220	0.0533s	0.7930	0.7480	0.6907
1
0481	0.4362	0.9333	0.8470	0.7220	0.0531s	0.7963	0.7440	0.6846
2
0482	0.4392	0.9250	0.8391	0.7240	0.0532s	0.7917	0.7510	0.6932
3
0483	0.4347	0.9500	0.8282	0.7280	0.0529s	0.7861	0.7600	0.7038
4
0484	0.4551	0.9500	0.8230	0.7300	0.0533s	0.7843	0.7600	0.7040
5
0485	0.4646	0.9167	0.8236	0.7300	0.0532s	0.7837	0.7590	0.7032
6
0486	0.4510	0.9750	0.8311	0.7260	0.0530s	0.7852	0.7560	0.7005
7
0487	0.4449	0.9500	0.8370	0.7240	0.0531s	0.7875	0.7540	0.6978
8
0488	0.4156	0.9500	0.8415	0.7260	0.0531s	0.7905	0.7540	0.6952
9
0489	0.4501	0.9583	0.8418	0.7240	0.0533s	0.7913	0.7550	0.6938
10
0490	0.4438	0.9083	0.8347	0.7280	0.0530s	0.7887	0.7570	0.6963
11
0491	0.4444	0.9750	0.8269	0.7260	0.0531s	0.7864	0.7590	0.7014
12
0492	0.4751	0.9333	0.8229	0.7280	0.0544s	0.7850	0.7610	0.7031
13
0493	0.4387	0.9333	0.8250	0.7300	0.0531s	0.7850	0.7600	0.7021
14
0494	0.4554	0.9417	0.8298	0.7260	0.0530s	0.7869	0.7570	0.6993
15
0495	0.4045	0.9500	0.8376	0.7180	0.0532s	0.7906	0.7510	0.6940
16
0496	0.4410	0.9917	0.8432	0.7200	0.0532s	0.7928	0.7460	0.6892
17
0497	0.4266	0.9917	0.8393	0.7240	0.0535s	0.7901	0.7520	0.6940
18
0498	0.4257	0.9417	0.8373	0.7240	0.0531s	0.7893	0.7560	0.6974
19
0499	0.4370	0.9167	0.8350	0.7240	0.0529s	0.7891	0.7560	0.6971
20
0500	0.4475	0.9750	0.8311	0.7240	0.0534s	0.7873	0.7610	0.7018
21
0501	0.4128	0.9750	0.8291	0.7280	0.0677s	0.7862	0.7600	0.7012
22
0502	0.4374	0.9417	0.8325	0.7200	0.0615s	0.7887	0.7600	0.7022
23
0503	0.4569	0.9583	0.8366	0.7220	0.0568s	0.7910	0.7460	0.6872
24
0504	0.4236	0.9583	0.8370	0.7200	0.0549s	0.7904	0.7490	0.6899
25
0505	0.4351	0.9417	0.8333	0.7240	0.0534s	0.7872	0.7510	0.6956
26
0506	0.4390	0.9500	0.8286	0.7240	0.0532s	0.7841	0.7570	0.7007
27
0507	0.4532	0.9500	0.8299	0.7260	0.0532s	0.7846	0.7600	0.7029
28
0508	0.4344	0.9167	0.8370	0.7300	0.0532s	0.7877	0.7590	0.7038
29
0509	0.4315	0.9583	0.8414	0.7280	0.0530s	0.7897	0.7570	0.6998
30
0510	0.4572	0.9583	0.8421	0.7260	0.0541s	0.7903	0.7560	0.6993
31
0511	0.4287	0.9500	0.8435	0.7240	0.0532s	0.7928	0.7450	0.6876
32
0512	0.4643	0.9583	0.8403	0.7180	0.0529s	0.7927	0.7490	0.6920
33
0513	0.4539	0.9583	0.8340	0.7200	0.0531s	0.7890	0.7530	0.6961
34
0514	0.4388	0.9583	0.8271	0.7220	0.0531s	0.7836	0.7590	0.7029
35
0515	0.4257	0.9583	0.8258	0.7320	0.0531s	0.7823	0.7650	0.7100
36
0516	0.4551	0.9583	0.8293	0.7300	0.0532s	0.7843	0.7600	0.7049
0
0517	0.4256	0.9750	0.8338	0.7280	0.0529s	0.7870	0.7560	0.6971
1
0518	0.4255	0.9667	0.8406	0.7200	0.0550s	0.7914	0.7530	0.6924
2
0519	0.4434	0.9250	0.8438	0.7200	0.0574s	0.7937	0.7440	0.6848
3
0520	0.4483	0.9500	0.8444	0.7180	0.0543s	0.7939	0.7430	0.6844
4
0521	0.4340	0.9500	0.8359	0.7220	0.0523s	0.7886	0.7500	0.6931
5
0522	0.4475	0.9417	0.8270	0.7280	0.0532s	0.7831	0.7590	0.7029
6
0523	0.4166	0.9667	0.8252	0.7300	0.0532s	0.7822	0.7610	0.7042
7
0524	0.4277	0.9667	0.8279	0.7280	0.0529s	0.7841	0.7600	0.7031
8
0525	0.4231	0.9667	0.8310	0.7280	0.0549s	0.7862	0.7550	0.6944
9
0526	0.4499	0.9833	0.8358	0.7260	0.0528s	0.7896	0.7510	0.6893
10
0527	0.4240	0.9583	0.8382	0.7240	0.0586s	0.7909	0.7510	0.6892
11
0528	0.4365	0.9500	0.8388	0.7240	0.0542s	0.7905	0.7500	0.6904
12
0529	0.4607	0.9083	0.8356	0.7220	0.0530s	0.7875	0.7520	0.6960
13
0530	0.4223	0.9333	0.8351	0.7260	0.0533s	0.7863	0.7530	0.6968
14
0531	0.4505	0.9167	0.8339	0.7280	0.0530s	0.7862	0.7550	0.6988
15
0532	0.4407	0.9750	0.8323	0.7260	0.0530s	0.7861	0.7560	0.7002
16
0533	0.4496	0.9167	0.8347	0.7220	0.0532s	0.7879	0.7510	0.6960
17
0534	0.4489	0.9083	0.8340	0.7200	0.0532s	0.7896	0.7520	0.6932
18
0535	0.4490	0.9333	0.8308	0.7260	0.0530s	0.7878	0.7570	0.6971
19
0536	0.4477	0.9417	0.8317	0.7280	0.0533s	0.7875	0.7580	0.6997
20
0537	0.4370	0.9750	0.8348	0.7280	0.0529s	0.7883	0.7550	0.6962
21
0538	0.4371	0.9750	0.8385	0.7240	0.0531s	0.7891	0.7570	0.7001
22
0539	0.4682	0.9333	0.8368	0.7260	0.0531s	0.7885	0.7570	0.7002
23
0540	0.4361	0.9583	0.8365	0.7240	0.0541s	0.7892	0.7570	0.7005
24
0541	0.4540	0.9667	0.8335	0.7240	0.0534s	0.7894	0.7530	0.6936
25
0542	0.4293	0.9583	0.8312	0.7220	0.0530s	0.7896	0.7530	0.6938
26
0543	0.4355	0.9417	0.8280	0.7320	0.0529s	0.7876	0.7590	0.6986
27
0544	0.4295	0.9667	0.8305	0.7300	0.0540s	0.7872	0.7620	0.7056
0
0545	0.4604	0.9583	0.8387	0.7240	0.0531s	0.7893	0.7600	0.7030
1
0546	0.4467	0.9500	0.8466	0.7240	0.0531s	0.7916	0.7550	0.6979
2
0547	0.4438	0.9417	0.8463	0.7220	0.0533s	0.7909	0.7510	0.6966
3
0548	0.4548	0.9500	0.8393	0.7200	0.0532s	0.7884	0.7500	0.6950
4
0549	0.4245	0.9417	0.8344	0.7240	0.0529s	0.7882	0.7520	0.6970
5
0550	0.4703	0.9167	0.8334	0.7240	0.0532s	0.7894	0.7500	0.6934
6
0551	0.4279	0.9417	0.8345	0.7240	0.0535s	0.7892	0.7520	0.6947
7
0552	0.4505	0.9333	0.8359	0.7280	0.0532s	0.7891	0.7570	0.7004
8
0553	0.4335	0.9500	0.8409	0.7260	0.0529s	0.7907	0.7580	0.7012
9
0554	0.4194	0.9417	0.8395	0.7260	0.0531s	0.7900	0.7570	0.7004
10
0555	0.4290	0.9583	0.8394	0.7260	0.0524s	0.7896	0.7560	0.6994
11
0556	0.4282	0.9917	0.8408	0.7240	0.0535s	0.7905	0.7500	0.6929
12
0557	0.4204	0.9833	0.8420	0.7220	0.0536s	0.7921	0.7490	0.6922
13
0558	0.4462	0.9417	0.8372	0.7240	0.0526s	0.7909	0.7510	0.6941
14
0559	0.4200	0.9750	0.8328	0.7240	0.0530s	0.7901	0.7570	0.6971
15
0560	0.4440	0.9583	0.8319	0.7240	0.0537s	0.7894	0.7590	0.6991
16
0561	0.4278	0.9583	0.8345	0.7240	0.0526s	0.7880	0.7610	0.7027
17
0562	0.4084	0.9583	0.8392	0.7280	0.0556s	0.7880	0.7550	0.6961
18
0563	0.4348	0.9333	0.8448	0.7240	0.0535s	0.7899	0.7500	0.6940
19
0564	0.4256	0.9667	0.8468	0.7220	0.0525s	0.7907	0.7500	0.6941
20
0565	0.4252	0.9667	0.8411	0.7260	0.0532s	0.7884	0.7510	0.6933
21
0566	0.4323	0.9333	0.8329	0.7280	0.0533s	0.7861	0.7580	0.6982
22
0567	0.4446	0.9500	0.8280	0.7260	0.0525s	0.7851	0.7610	0.7011
23
0568	0.4322	0.9583	0.8272	0.7240	0.0533s	0.7851	0.7650	0.7068
24
0569	0.4410	0.9667	0.8305	0.7260	0.0532s	0.7850	0.7620	0.7036
25
0570	0.4441	0.9667	0.8371	0.7260	0.0527s	0.7864	0.7550	0.6961
26
0571	0.4438	0.9250	0.8441	0.7240	0.0528s	0.7886	0.7500	0.6941
27
0572	0.4322	0.9333	0.8451	0.7220	0.0532s	0.7890	0.7490	0.6930
28
0573	0.4320	0.9417	0.8427	0.7260	0.0537s	0.7891	0.7480	0.6884
29
0574	0.4599	0.9500	0.8356	0.7280	0.0531s	0.7882	0.7530	0.6939
30
0575	0.4197	0.9583	0.8259	0.7260	0.0530s	0.7862	0.7620	0.7018
31
0576	0.4523	0.9417	0.8240	0.7260	0.0530s	0.7857	0.7640	0.7033
32
0577	0.4282	0.9750	0.8271	0.7260	0.0532s	0.7851	0.7640	0.7030
33
0578	0.4369	0.9417	0.8322	0.7260	0.0529s	0.7841	0.7610	0.7042
34
0579	0.4421	0.9833	0.8381	0.7260	0.0570s	0.7850	0.7600	0.7029
35
0580	0.4598	0.9417	0.8381	0.7240	0.0589s	0.7851	0.7580	0.7012
36
0581	0.4605	0.9750	0.8348	0.7240	0.0559s	0.7848	0.7560	0.6994
37
0582	0.4566	0.9667	0.8314	0.7280	0.0547s	0.7857	0.7590	0.6982
38
0583	0.4395	0.9250	0.8304	0.7260	0.0535s	0.7872	0.7610	0.7003
39
0584	0.4393	0.9500	0.8290	0.7240	0.0529s	0.7865	0.7610	0.7005
40
0585	0.4343	0.9833	0.8307	0.7240	0.0526s	0.7857	0.7610	0.7026
41
0586	0.4203	0.9333	0.8373	0.7260	0.0528s	0.7874	0.7530	0.6970
42
0587	0.4588	0.9083	0.8416	0.7220	0.0535s	0.7893	0.7500	0.6939
43
0588	0.4434	0.9167	0.8426	0.7220	0.0530s	0.7908	0.7480	0.6901
44
0589	0.4610	0.9333	0.8409	0.7240	0.0532s	0.7910	0.7520	0.6937
45
0590	0.4508	0.9250	0.8372	0.7280	0.0531s	0.7903	0.7560	0.6950
46
0591	0.4124	1.0000	0.8315	0.7300	0.0532s	0.7880	0.7580	0.6972
47
0592	0.4244	0.9583	0.8311	0.7320	0.0532s	0.7866	0.7610	0.7024
48
0593	0.4475	0.9500	0.8315	0.7300	0.0538s	0.7850	0.7590	0.7006
0
0594	0.4193	0.9500	0.8356	0.7260	0.0533s	0.7868	0.7570	0.7012
1
0595	0.4408	0.9500	0.8384	0.7220	0.0533s	0.7885	0.7530	0.6953
2
0596	0.4027	0.9583	0.8420	0.7200	0.0536s	0.7906	0.7520	0.6940
3
0597	0.4377	0.9333	0.8395	0.7240	0.0540s	0.7893	0.7540	0.6957
4
0598	0.4334	0.9500	0.8334	0.7300	0.0540s	0.7871	0.7560	0.6953
5
0599	0.4164	0.9750	0.8316	0.7300	0.0533s	0.7870	0.7580	0.6969
6
0600	0.4654	0.9500	0.8306	0.7280	0.0538s	0.7859	0.7590	0.7002
7
0601	0.4478	0.9583	0.8301	0.7240	0.0538s	0.7845	0.7580	0.6992
8
0602	0.4593	0.9417	0.8328	0.7240	0.0537s	0.7854	0.7570	0.6988
9
0603	0.4415	0.9417	0.8398	0.7200	0.0534s	0.7887	0.7550	0.6964
10
0604	0.4200	0.9500	0.8413	0.7220	0.0533s	0.7897	0.7520	0.6914
11
0605	0.4474	0.9583	0.8374	0.7260	0.0537s	0.7884	0.7530	0.6928
12
0606	0.4596	0.9667	0.8340	0.7260	0.0533s	0.7864	0.7560	0.6976
13
0607	0.4452	0.9167	0.8312	0.7280	0.0536s	0.7856	0.7590	0.7002
14
0608	0.4161	0.9583	0.8331	0.7280	0.0539s	0.7860	0.7590	0.7003
15
0609	0.4152	0.9500	0.8350	0.7240	0.0542s	0.7874	0.7580	0.6997
16
0610	0.4324	0.9333	0.8362	0.7220	0.0559s	0.7888	0.7590	0.7027
17
0611	0.4282	0.9917	0.8370	0.7240	0.0533s	0.7896	0.7580	0.6996
18
0612	0.4542	0.9333	0.8372	0.7240	0.0537s	0.7884	0.7560	0.6996
19
0613	0.4603	0.9500	0.8354	0.7240	0.0542s	0.7866	0.7600	0.7031
20
0614	0.4592	0.9500	0.8315	0.7240	0.0538s	0.7849	0.7570	0.7027
21
0615	0.4261	0.9833	0.8285	0.7240	0.0531s	0.7842	0.7580	0.7016
22
0616	0.4386	0.9750	0.8320	0.7280	0.0532s	0.7864	0.7610	0.7040
23
0617	0.4252	0.9583	0.8357	0.7240	0.0538s	0.7892	0.7580	0.6973
24
0618	0.4098	0.9417	0.8366	0.7240	0.0531s	0.7898	0.7570	0.6964
25
0619	0.4524	0.9250	0.8337	0.7240	0.0539s	0.7877	0.7600	0.6986
26
0620	0.4478	0.9083	0.8351	0.7240	0.0532s	0.7875	0.7570	0.6955
27
0621	0.4391	0.9417	0.8358	0.7260	0.0543s	0.7871	0.7560	0.6969
28
0622	0.4516	0.9333	0.8328	0.7240	0.0537s	0.7855	0.7550	0.6965
29
0623	0.4665	0.9667	0.8307	0.7240	0.0536s	0.7849	0.7530	0.6971
30
0624	0.4439	0.9583	0.8288	0.7240	0.0534s	0.7849	0.7550	0.6968
31
0625	0.4531	0.9500	0.8295	0.7280	0.0531s	0.7860	0.7580	0.6996
32
0626	0.4587	0.9250	0.8307	0.7260	0.0531s	0.7870	0.7570	0.6962
33
0627	0.4061	0.9667	0.8354	0.7260	0.0531s	0.7896	0.7550	0.6941
34
0628	0.4383	0.9167	0.8396	0.7180	0.0743s	0.7907	0.7520	0.6916
35
0629	0.4278	0.9333	0.8396	0.7240	0.0626s	0.7896	0.7490	0.6912
36
0630	0.4373	0.9583	0.8356	0.7240	0.0569s	0.7867	0.7500	0.6942
37
0631	0.4092	0.9500	0.8339	0.7200	0.0542s	0.7854	0.7520	0.6960
38
0632	0.4139	0.9667	0.8331	0.7260	0.0533s	0.7854	0.7540	0.6959
39
0633	0.4556	0.9667	0.8318	0.7300	0.0531s	0.7872	0.7570	0.6965
40
0634	0.4674	0.9583	0.8336	0.7240	0.0531s	0.7901	0.7620	0.7013
41
0635	0.4707	0.8917	0.8331	0.7240	0.0529s	0.7893	0.7580	0.6948
42
0636	0.4277	0.9417	0.8352	0.7240	0.0530s	0.7890	0.7560	0.6954
43
0637	0.4369	0.9583	0.8353	0.7260	0.0531s	0.7878	0.7520	0.6940
44
0638	0.4312	0.9417	0.8316	0.7260	0.0528s	0.7858	0.7520	0.6962
45
0639	0.4440	0.9333	0.8294	0.7220	0.0540s	0.7846	0.7500	0.6949
46
0640	0.4324	0.9417	0.8309	0.7240	0.0531s	0.7853	0.7570	0.6993
47
0641	0.4434	0.9417	0.8375	0.7260	0.0531s	0.7887	0.7560	0.6983
48
0642	0.4200	0.9583	0.8402	0.7260	0.0531s	0.7908	0.7560	0.6979
49
0643	0.4290	0.9167	0.8416	0.7260	0.0531s	0.7916	0.7540	0.6957
50
0644	0.4510	0.9417	0.8387	0.7240	0.0531s	0.7890	0.7540	0.6953
51
0645	0.4175	0.9500	0.8332	0.7260	0.0531s	0.7861	0.7550	0.6963
52
0646	0.4480	0.9583	0.8305	0.7260	0.0531s	0.7848	0.7550	0.6970
53
0647	0.4280	0.9500	0.8316	0.7240	0.0531s	0.7858	0.7530	0.6936
54
0648	0.4179	0.9583	0.8330	0.7240	0.0531s	0.7871	0.7550	0.6956
55
0649	0.3972	0.9833	0.8345	0.7300	0.0529s	0.7870	0.7580	0.6999
56
0650	0.4451	0.9167	0.8346	0.7300	0.0531s	0.7867	0.7600	0.7010
57
0651	0.4259	0.9583	0.8367	0.7280	0.0531s	0.7879	0.7580	0.6987
58
0652	0.4372	0.9167	0.8391	0.7200	0.0531s	0.7892	0.7550	0.6961
59
0653	0.4452	0.9583	0.8403	0.7200	0.0529s	0.7903	0.7500	0.6918
60
0654	0.4644	0.9500	0.8361	0.7220	0.0532s	0.7888	0.7550	0.6971
61
0655	0.4334	0.9583	0.8311	0.7280	0.0530s	0.7861	0.7540	0.6967
62
0656	0.4315	0.9417	0.8246	0.7320	0.0530s	0.7830	0.7570	0.6971
63
0657	0.4653	0.9417	0.8252	0.7280	0.0530s	0.7830	0.7630	0.7045
0
0658	0.4350	0.9417	0.8305	0.7240	0.0531s	0.7864	0.7600	0.6987
1
0659	0.4318	0.9417	0.8334	0.7240	0.0529s	0.7886	0.7590	0.6977
2
0660	0.4606	0.9583	0.8342	0.7240	0.0532s	0.7882	0.7580	0.6965
3
0661	0.4249	0.9583	0.8346	0.7240	0.0569s	0.7869	0.7530	0.6925
4
0662	0.4427	0.9583	0.8315	0.7260	0.0543s	0.7843	0.7540	0.6976
5
0663	0.4248	0.9750	0.8270	0.7280	0.0532s	0.7822	0.7600	0.7035
6
0664	0.4395	0.9667	0.8246	0.7280	0.0526s	0.7822	0.7590	0.7025
7
0665	0.4601	0.9250	0.8247	0.7260	0.0531s	0.7839	0.7580	0.6953
8
0666	0.4462	0.9500	0.8278	0.7240	0.0531s	0.7866	0.7580	0.6952
9
0667	0.4182	0.9333	0.8336	0.7260	0.0530s	0.7903	0.7560	0.6930
10
0668	0.4374	0.9583	0.8364	0.7280	0.0529s	0.7915	0.7530	0.6907
11
0669	0.4360	0.9583	0.8363	0.7200	0.0542s	0.7897	0.7510	0.6916
12
0670	0.4586	0.9583	0.8357	0.7200	0.0532s	0.7884	0.7460	0.6889
13
0671	0.4508	0.9500	0.8314	0.7220	0.0529s	0.7862	0.7530	0.6949
14
0672	0.4215	0.9667	0.8272	0.7280	0.0532s	0.7849	0.7590	0.6982
15
0673	0.4327	0.9000	0.8267	0.7280	0.0530s	0.7857	0.7640	0.7031
16
0674	0.4256	0.9833	0.8281	0.7260	0.0532s	0.7868	0.7590	0.6959
17
0675	0.4298	0.9667	0.8328	0.7220	0.0531s	0.7891	0.7520	0.6894
18
0676	0.4386	0.9750	0.8319	0.7240	0.0533s	0.7879	0.7530	0.6931
19
0677	0.3979	0.9917	0.8311	0.7220	0.0531s	0.7866	0.7540	0.6969
20
0678	0.4444	0.9583	0.8270	0.7280	0.0531s	0.7840	0.7560	0.6967
21
0679	0.4471	0.9667	0.8260	0.7260	0.0530s	0.7822	0.7610	0.7048
22
0680	0.4257	0.9500	0.8295	0.7300	0.0533s	0.7839	0.7600	0.7034
23
0681	0.4268	0.9667	0.8354	0.7300	0.0532s	0.7876	0.7570	0.6982
24
0682	0.4688	0.9333	0.8391	0.7280	0.0530s	0.7901	0.7530	0.6946
25
0683	0.4163	0.9583	0.8407	0.7260	0.0531s	0.7921	0.7520	0.6936
26
0684	0.4121	0.9500	0.8378	0.7280	0.0533s	0.7914	0.7480	0.6881
27
0685	0.4615	0.9333	0.8301	0.7260	0.0529s	0.7866	0.7530	0.6934
28
0686	0.4496	0.9333	0.8254	0.7300	0.0531s	0.7842	0.7570	0.6972
29
0687	0.4389	0.9500	0.8231	0.7300	0.0534s	0.7828	0.7640	0.7080
30
0688	0.4484	0.9583	0.8267	0.7260	0.0531s	0.7834	0.7610	0.7047
31
0689	0.4451	0.9417	0.8345	0.7260	0.0530s	0.7873	0.7540	0.6936
32
0690	0.4461	0.9750	0.8429	0.7260	0.0533s	0.7927	0.7500	0.6896
33
0691	0.4522	0.9167	0.8408	0.7260	0.0530s	0.7933	0.7490	0.6888
34
0692	0.4476	0.9417	0.8352	0.7240	0.0531s	0.7909	0.7520	0.6920
35
0693	0.4220	0.9583	0.8260	0.7280	0.0529s	0.7865	0.7570	0.6968
36
0694	0.4306	0.9167	0.8196	0.7280	0.0530s	0.7832	0.7630	0.7047
37
0695	0.4176	0.9750	0.8233	0.7260	0.0532s	0.7843	0.7620	0.7059
0
0696	0.4243	0.9583	0.8329	0.7260	0.0532s	0.7883	0.7600	0.7023
1
0697	0.4215	0.9250	0.8412	0.7220	0.0533s	0.7915	0.7500	0.6903
2
0698	0.4345	0.9250	0.8445	0.7240	0.0532s	0.7926	0.7440	0.6867
3
0699	0.4480	0.9417	0.8457	0.7220	0.0530s	0.7945	0.7460	0.6885
4
0700	0.4474	0.9583	0.8440	0.7220	0.0531s	0.7951	0.7500	0.6899
5
0701	0.4402	0.9333	0.8353	0.7260	0.0531s	0.7911	0.7510	0.6910
6
0702	0.4333	0.9333	0.8279	0.7220	0.0532s	0.7881	0.7600	0.7018
7
0703	0.4618	0.9583	0.8249	0.7280	0.0532s	0.7874	0.7600	0.7018
8
0704	0.4376	0.9667	0.8267	0.7260	0.0532s	0.7878	0.7600	0.7041
9
0705	0.4597	0.9500	0.8344	0.7260	0.0530s	0.7902	0.7550	0.6977
10
0706	0.4304	0.9333	0.8429	0.7240	0.0531s	0.7932	0.7470	0.6895
11
0707	0.4246	0.9583	0.8468	0.7220	0.0531s	0.7953	0.7460	0.6884
12
0708	0.4443	0.9333	0.8449	0.7200	0.0531s	0.7952	0.7480	0.6901
13
0709	0.4315	0.9583	0.8389	0.7240	0.0531s	0.7923	0.7530	0.6944
14
0710	0.4393	0.9667	0.8323	0.7260	0.0531s	0.7890	0.7560	0.6995
15
0711	0.4196	0.9667	0.8279	0.7260	0.0532s	0.7875	0.7580	0.7000
16
0712	0.3966	0.9333	0.8297	0.7260	0.0529s	0.7885	0.7590	0.7012
17
0713	0.4167	0.9750	0.8345	0.7240	0.0530s	0.7893	0.7550	0.6997
18
0714	0.4085	0.9667	0.8387	0.7200	0.0533s	0.7905	0.7520	0.6964
19
0715	0.4007	0.9500	0.8442	0.7200	0.0529s	0.7941	0.7460	0.6856
20
0716	0.3950	0.9583	0.8470	0.7200	0.0534s	0.7968	0.7480	0.6876
21
0717	0.4515	0.9417	0.8435	0.7220	0.0532s	0.7950	0.7490	0.6888
22
0718	0.4437	0.9750	0.8386	0.7240	0.0529s	0.7913	0.7530	0.6929
23
0719	0.4462	0.9250	0.8337	0.7260	0.0530s	0.7865	0.7530	0.6953
24
0720	0.4575	0.9417	0.8313	0.7260	0.0532s	0.7843	0.7560	0.7003
25
0721	0.4210	0.9500	0.8310	0.7240	0.0531s	0.7839	0.7540	0.6985
26
0722	0.4433	0.9417	0.8316	0.7240	0.0530s	0.7850	0.7500	0.6906
27
0723	0.4563	0.9500	0.8344	0.7280	0.0535s	0.7874	0.7530	0.6930
28
0724	0.4364	0.9667	0.8389	0.7260	0.0528s	0.7911	0.7520	0.6919
29
0725	0.4337	0.9667	0.8363	0.7260	0.0532s	0.7916	0.7580	0.6970
30
0726	0.4309	0.9500	0.8343	0.7240	0.0531s	0.7910	0.7600	0.6987
31
0727	0.4407	0.9500	0.8286	0.7280	0.0535s	0.7869	0.7630	0.7017
32
0728	0.4686	0.9500	0.8258	0.7260	0.0531s	0.7841	0.7620	0.7050
33
0729	0.4660	0.9333	0.8268	0.7260	0.0533s	0.7835	0.7590	0.7049
34
0730	0.4385	0.9500	0.8315	0.7260	0.0531s	0.7848	0.7550	0.7010
35
0731	0.4232	0.9583	0.8365	0.7260	0.0532s	0.7875	0.7520	0.6918
36
0732	0.4415	0.9667	0.8407	0.7280	0.0530s	0.7907	0.7500	0.6901
37
0733	0.4646	0.9167	0.8403	0.7260	0.0530s	0.7918	0.7510	0.6913
38
0734	0.4570	0.9417	0.8370	0.7260	0.0529s	0.7906	0.7530	0.6930
39
0735	0.4718	0.9750	0.8306	0.7240	0.0533s	0.7870	0.7600	0.7011
40
0736	0.4569	0.9500	0.8285	0.7240	0.0532s	0.7847	0.7630	0.7082
41
0737	0.4524	0.9417	0.8348	0.7220	0.0529s	0.7859	0.7580	0.7035
42
0738	0.4341	0.9500	0.8407	0.7220	0.0539s	0.7884	0.7550	0.7009
43
0739	0.4430	0.9417	0.8441	0.7220	0.0530s	0.7902	0.7490	0.6932
44
0740	0.4221	0.9500	0.8377	0.7280	0.0532s	0.7881	0.7510	0.6956
45
0741	0.4468	0.9667	0.8309	0.7260	0.0532s	0.7865	0.7500	0.6927
46
0742	0.4169	0.9417	0.8268	0.7280	0.0557s	0.7858	0.7550	0.6948
47
0743	0.4599	0.9417	0.8248	0.7260	0.0540s	0.7861	0.7610	0.7024
48
0744	0.3823	0.9750	0.8276	0.7260	0.0530s	0.7879	0.7590	0.6986
49
0745	0.4131	0.9750	0.8337	0.7240	0.0531s	0.7900	0.7540	0.6946
50
0746	0.4233	0.9750	0.8410	0.7220	0.0530s	0.7930	0.7530	0.6959
51
0747	0.4264	0.9750	0.8415	0.7220	0.0530s	0.7918	0.7510	0.6960
52
0748	0.4398	0.9667	0.8340	0.7280	0.0529s	0.7869	0.7540	0.6986
53
0749	0.4496	0.9417	0.8273	0.7260	0.0530s	0.7845	0.7570	0.7005
54
0750	0.4028	0.9917	0.8269	0.7260	0.0530s	0.7856	0.7550	0.6967
55
0751	0.4424	0.9500	0.8320	0.7260	0.0530s	0.7885	0.7540	0.6940
56
0752	0.4426	0.9500	0.8391	0.7220	0.0531s	0.7921	0.7480	0.6884
57
0753	0.4358	0.9417	0.8433	0.7200	0.0531s	0.7940	0.7490	0.6895
58
0754	0.4308	0.9583	0.8445	0.7220	0.0530s	0.7932	0.7500	0.6922
59
0755	0.4198	0.9417	0.8401	0.7220	0.0531s	0.7894	0.7520	0.6940
60
0756	0.4304	0.9583	0.8329	0.7260	0.0530s	0.7858	0.7560	0.7001
61
0757	0.4258	0.9250	0.8266	0.7300	0.0531s	0.7837	0.7640	0.7076
62
0758	0.4490	0.9333	0.8234	0.7260	0.0530s	0.7841	0.7580	0.6975
63
0759	0.4166	0.9583	0.8263	0.7300	0.0531s	0.7860	0.7560	0.6935
64
0760	0.4356	0.9500	0.8333	0.7240	0.0530s	0.7887	0.7520	0.6897
65
0761	0.4614	0.9250	0.8378	0.7240	0.0530s	0.7898	0.7530	0.6928
66
0762	0.4174	0.9667	0.8400	0.7240	0.0531s	0.7902	0.7520	0.6944
67
0763	0.4344	0.9667	0.8368	0.7240	0.0529s	0.7883	0.7550	0.6996
68
0764	0.4146	0.9583	0.8311	0.7220	0.0539s	0.7851	0.7580	0.7023
69
0765	0.4312	0.9667	0.8257	0.7280	0.0563s	0.7822	0.7600	0.7038
70
0766	0.4471	0.9417	0.8222	0.7300	0.0549s	0.7810	0.7630	0.7065
71
0767	0.4284	0.9500	0.8209	0.7300	0.0545s	0.7809	0.7620	0.7057
72
0768	0.4525	0.9583	0.8269	0.7260	0.0543s	0.7835	0.7570	0.6989
73
0769	0.4301	0.9417	0.8365	0.7240	0.0544s	0.7882	0.7550	0.6966
74
0770	0.4290	0.9333	0.8431	0.7260	0.0533s	0.7920	0.7510	0.6907
75
0771	0.4197	0.9500	0.8403	0.7240	0.0530s	0.7904	0.7530	0.6949
76
0772	0.4471	0.9417	0.8314	0.7240	0.0532s	0.7860	0.7550	0.6970
77
0773	0.4480	0.9667	0.8231	0.7280	0.0533s	0.7825	0.7630	0.7068
78
0774	0.4450	0.9750	0.8193	0.7280	0.0529s	0.7821	0.7660	0.7096
79
0775	0.4441	0.9417	0.8214	0.7280	0.0530s	0.7837	0.7620	0.7016
0
0776	0.4571	0.9833	0.8274	0.7280	0.0530s	0.7862	0.7580	0.6975
1
0777	0.4237	0.9667	0.8353	0.7260	0.0531s	0.7892	0.7590	0.7007
2
0778	0.4077	0.9417	0.8400	0.7260	0.0532s	0.7910	0.7550	0.6972
3
0779	0.4444	0.9417	0.8375	0.7260	0.0536s	0.7889	0.7570	0.6992
4
0780	0.4326	0.9583	0.8314	0.7260	0.0528s	0.7860	0.7610	0.7049
5
0781	0.4243	0.9500	0.8250	0.7260	0.0531s	0.7830	0.7620	0.7059
6
0782	0.4210	0.9417	0.8207	0.7280	0.0528s	0.7821	0.7660	0.7094
7
0783	0.4211	0.9500	0.8226	0.7300	0.0538s	0.7831	0.7650	0.7085
8
0784	0.4375	0.9250	0.8299	0.7240	0.0531s	0.7862	0.7600	0.7043
9
0785	0.4642	0.9500	0.8347	0.7220	0.0529s	0.7887	0.7580	0.6979
10
0786	0.4646	0.9583	0.8341	0.7240	0.0531s	0.7878	0.7550	0.6952
11
0787	0.4566	0.9000	0.8326	0.7240	0.0528s	0.7867	0.7580	0.6976
12
0788	0.4473	0.9500	0.8293	0.7220	0.0530s	0.7846	0.7600	0.6995
13
0789	0.4452	0.9750	0.8248	0.7300	0.0528s	0.7815	0.7600	0.7040
14
0790	0.4203	0.9500	0.8256	0.7280	0.0534s	0.7821	0.7580	0.7023
15
0791	0.4154	0.9500	0.8297	0.7280	0.0536s	0.7838	0.7550	0.6994
16
0792	0.4737	0.9667	0.8362	0.7300	0.0529s	0.7869	0.7560	0.7001
17
0793	0.4255	0.9667	0.8368	0.7260	0.0530s	0.7879	0.7560	0.6997
18
0794	0.4534	0.9417	0.8322	0.7260	0.0537s	0.7870	0.7590	0.6981
19
0795	0.4376	0.9583	0.8257	0.7260	0.0531s	0.7842	0.7590	0.6988
20
0796	0.4620	0.9083	0.8236	0.7240	0.0532s	0.7823	0.7610	0.7054
21
0797	0.4262	0.9917	0.8246	0.7240	0.0528s	0.7815	0.7590	0.7032
22
0798	0.4101	0.9500	0.8291	0.7260	0.0531s	0.7830	0.7580	0.7020
23
0799	0.4579	0.9833	0.8326	0.7260	0.0536s	0.7855	0.7540	0.6983
24
0800	0.4254	0.9000	0.8373	0.7260	0.0534s	0.7889	0.7570	0.6985
25
0801	0.4414	0.9500	0.8400	0.7220	0.0531s	0.7910	0.7560	0.6951
26
0802	0.4283	0.9500	0.8352	0.7260	0.0531s	0.7882	0.7590	0.7000
27
0803	0.4162	0.9333	0.8295	0.7220	0.0531s	0.7855	0.7580	0.7022
28
0804	0.4372	0.9500	0.8282	0.7260	0.0530s	0.7856	0.7570	0.7013
29
0805	0.4581	0.9583	0.8314	0.7220	0.0530s	0.7880	0.7510	0.6940
30
0806	0.4768	0.9417	0.8338	0.7220	0.0532s	0.7890	0.7520	0.6952
31
0807	0.4424	0.9667	0.8352	0.7220	0.0530s	0.7887	0.7560	0.6987
32
0808	0.4204	0.9667	0.8410	0.7220	0.0530s	0.7917	0.7580	0.6997
33
0809	0.4592	0.9417	0.8417	0.7200	0.0529s	0.7931	0.7600	0.7012
34
0810	0.4530	0.9417	0.8407	0.7240	0.0531s	0.7922	0.7590	0.7002
35
0811	0.4422	0.9500	0.8358	0.7200	0.0535s	0.7887	0.7560	0.6997
36
0812	0.4526	0.9667	0.8313	0.7260	0.0531s	0.7868	0.7580	0.7022
37
0813	0.4200	0.9417	0.8290	0.7240	0.0531s	0.7861	0.7540	0.6988
38
0814	0.4145	0.9833	0.8294	0.7260	0.0531s	0.7855	0.7540	0.6989
39
0815	0.4390	0.9667	0.8349	0.7240	0.0530s	0.7880	0.7580	0.7002
40
0816	0.4410	0.9417	0.8414	0.7240	0.0531s	0.7921	0.7570	0.6992
41
0817	0.4437	0.9500	0.8424	0.7240	0.0530s	0.7929	0.7550	0.6966
42
0818	0.4164	0.9417	0.8353	0.7260	0.0529s	0.7899	0.7590	0.7002
43
0819	0.4564	0.9500	0.8314	0.7240	0.0530s	0.7878	0.7560	0.6976
44
0820	0.4511	0.9667	0.8276	0.7240	0.0540s	0.7854	0.7560	0.6981
45
0821	0.4225	0.9500	0.8270	0.7260	0.0532s	0.7839	0.7570	0.6990
46
0822	0.4347	0.9583	0.8271	0.7280	0.0531s	0.7834	0.7610	0.7047
47
0823	0.4749	0.9250	0.8266	0.7260	0.0530s	0.7839	0.7630	0.7069
48
0824	0.4188	0.9500	0.8306	0.7260	0.0532s	0.7866	0.7620	0.7038
49
0825	0.4516	0.9667	0.8366	0.7240	0.0530s	0.7902	0.7600	0.7016
50
0826	0.4355	0.9583	0.8426	0.7180	0.0531s	0.7928	0.7530	0.6919
51
0827	0.4480	0.9750	0.8402	0.7260	0.0531s	0.7916	0.7530	0.6918
52
0828	0.4321	0.9500	0.8289	0.7220	0.0532s	0.7864	0.7530	0.6923
53
0829	0.4553	0.9417	0.8214	0.7260	0.0532s	0.7834	0.7600	0.7014
54
0830	0.4725	0.8917	0.8169	0.7300	0.0530s	0.7817	0.7610	0.7045
55
0831	0.4442	0.9667	0.8214	0.7280	0.0531s	0.7834	0.7640	0.7055
0
0832	0.4503	0.9417	0.8350	0.7260	0.0533s	0.7901	0.7600	0.7023
1
0833	0.4494	0.9333	0.8415	0.7200	0.0531s	0.7937	0.7540	0.6942
2
0834	0.4480	0.9500	0.8399	0.7240	0.0530s	0.7912	0.7570	0.6993
3
0835	0.4157	0.9417	0.8349	0.7260	0.0532s	0.7881	0.7580	0.7019
4
0836	0.4367	0.9667	0.8318	0.7280	0.0532s	0.7865	0.7550	0.6986
5
0837	0.4167	0.9250	0.8294	0.7260	0.0529s	0.7865	0.7550	0.6990
6
0838	0.4520	0.9333	0.8271	0.7300	0.0530s	0.7860	0.7590	0.7029
7
0839	0.4621	0.9417	0.8284	0.7240	0.0535s	0.7880	0.7570	0.6973
8
0840	0.4607	0.9417	0.8330	0.7320	0.0531s	0.7915	0.7560	0.6963
9
0841	0.4646	0.9250	0.8383	0.7260	0.0530s	0.7936	0.7580	0.7003
0
0842	0.4085	0.9583	0.8371	0.7240	0.0530s	0.7902	0.7600	0.7044
1
0843	0.4628	0.9500	0.8343	0.7260	0.0530s	0.7869	0.7600	0.7057
2
0844	0.4604	0.9167	0.8310	0.7300	0.0531s	0.7852	0.7600	0.7059
3
0845	0.4442	0.9583	0.8254	0.7280	0.0531s	0.7835	0.7610	0.7051
4
0846	0.4418	0.9667	0.8210	0.7320	0.0532s	0.7824	0.7600	0.7040
5
0847	0.4523	0.9750	0.8220	0.7300	0.0531s	0.7832	0.7600	0.7044
0
0848	0.4740	0.9333	0.8242	0.7280	0.0530s	0.7835	0.7620	0.7060
1
0849	0.4394	0.9583	0.8270	0.7240	0.0531s	0.7838	0.7650	0.7109
2
0850	0.4099	0.9833	0.8275	0.7240	0.0534s	0.7829	0.7620	0.7077
3
0851	0.4512	0.9250	0.8282	0.7260	0.0541s	0.7829	0.7590	0.7028
4
0852	0.4201	0.9583	0.8296	0.7240	0.0530s	0.7842	0.7560	0.6981
5
0853	0.4390	0.9500	0.8289	0.7240	0.0530s	0.7848	0.7550	0.6972
6
0854	0.4354	0.9500	0.8267	0.7260	0.0532s	0.7846	0.7620	0.7040
7
0855	0.4501	0.9583	0.8271	0.7260	0.0534s	0.7853	0.7620	0.7018
8
0856	0.4232	0.9417	0.8306	0.7260	0.0529s	0.7865	0.7620	0.7017
9
0857	0.4454	0.9583	0.8319	0.7240	0.0533s	0.7854	0.7640	0.7099
10
0858	0.4083	0.9583	0.8308	0.7260	0.0531s	0.7837	0.7620	0.7052
11
0859	0.4369	0.9583	0.8269	0.7220	0.0530s	0.7833	0.7570	0.6999
12
0860	0.4037	0.9750	0.8249	0.7260	0.0533s	0.7842	0.7550	0.6979
13
0861	0.4620	0.9417	0.8224	0.7280	0.0528s	0.7837	0.7610	0.7009
14
0862	0.4203	0.9750	0.8260	0.7280	0.0530s	0.7837	0.7590	0.6989
15
0863	0.4547	0.9583	0.8305	0.7220	0.0530s	0.7859	0.7630	0.7022
16
0864	0.4328	0.9750	0.8357	0.7240	0.0532s	0.7885	0.7630	0.7045
17
0865	0.4226	0.9750	0.8364	0.7240	0.0531s	0.7883	0.7590	0.7007
18
0866	0.4382	0.9333	0.8302	0.7280	0.0530s	0.7841	0.7580	0.7000
19
0867	0.4443	0.8833	0.8222	0.7280	0.0528s	0.7802	0.7580	0.6998
20
0868	0.4288	0.9333	0.8168	0.7360	0.0529s	0.7784	0.7620	0.7056
21
0869	0.4369	0.9667	0.8164	0.7300	0.0529s	0.7788	0.7650	0.7087
0
0870	0.4780	0.9250	0.8219	0.7300	0.0528s	0.7816	0.7620	0.7063
0
0871	0.4287	0.9583	0.8316	0.7260	0.0536s	0.7871	0.7570	0.7014
1
0872	0.4191	0.9500	0.8368	0.7240	0.0533s	0.7907	0.7550	0.6972
2
0873	0.4350	0.9667	0.8353	0.7220	0.0537s	0.7890	0.7560	0.6976
3
0874	0.4458	0.9583	0.8255	0.7220	0.0530s	0.7836	0.7610	0.7045
4
0875	0.4394	0.9417	0.8219	0.7260	0.0532s	0.7819	0.7620	0.7057
5
0876	0.4375	0.9167	0.8217	0.7280	0.0533s	0.7816	0.7630	0.7066
6
0877	0.4303	0.9583	0.8289	0.7240	0.0531s	0.7849	0.7570	0.7012
7
0878	0.4447	0.9667	0.8364	0.7280	0.0535s	0.7885	0.7560	0.6978
8
0879	0.4389	0.9333	0.8395	0.7260	0.0534s	0.7903	0.7550	0.6969
9
0880	0.4159	0.9667	0.8342	0.7260	0.0530s	0.7884	0.7570	0.6989
10
0881	0.4435	0.9333	0.8286	0.7240	0.0532s	0.7862	0.7610	0.7048
11
0882	0.4195	0.9583	0.8234	0.7240	0.0541s	0.7831	0.7650	0.7081
12
0883	0.4441	0.9500	0.8225	0.7240	0.0533s	0.7821	0.7660	0.7091
13
0884	0.4309	0.9250	0.8259	0.7240	0.0530s	0.7830	0.7640	0.7073
14
0885	0.4488	0.9333	0.8302	0.7220	0.0531s	0.7846	0.7580	0.7018
15
0886	0.4250	0.9250	0.8357	0.7260	0.0533s	0.7878	0.7560	0.6996
16
0887	0.4271	0.9667	0.8352	0.7260	0.0533s	0.7889	0.7550	0.6967
17
0888	0.4462	0.9750	0.8332	0.7260	0.0529s	0.7883	0.7580	0.6995
18
0889	0.4350	0.9750	0.8263	0.7240	0.0537s	0.7860	0.7610	0.7030
19
0890	0.4386	0.9583	0.8212	0.7260	0.0536s	0.7839	0.7630	0.7069
20
0891	0.4678	0.9417	0.8208	0.7240	0.0529s	0.7831	0.7640	0.7078
21
0892	0.4337	0.9583	0.8219	0.7260	0.0531s	0.7826	0.7630	0.7066
22
0893	0.4723	0.9500	0.8251	0.7260	0.0535s	0.7825	0.7580	0.7015
23
0894	0.4814	0.9500	0.8298	0.7240	0.0530s	0.7841	0.7570	0.7004
24
0895	0.4339	0.9833	0.8337	0.7220	0.0532s	0.7862	0.7530	0.6969
25
0896	0.4555	0.9583	0.8341	0.7200	0.0531s	0.7872	0.7530	0.6969
26
0897	0.4203	0.9583	0.8324	0.7220	0.0530s	0.7877	0.7560	0.6980
27
0898	0.4285	0.9333	0.8287	0.7220	0.0528s	0.7872	0.7560	0.6984
28
0899	0.4474	0.9583	0.8252	0.7260	0.0531s	0.7860	0.7570	0.6994
29
0900	0.4406	0.9667	0.8223	0.7280	0.0537s	0.7844	0.7610	0.7054
30
0901	0.4587	0.9500	0.8179	0.7280	0.0532s	0.7820	0.7630	0.7047
31
0902	0.4213	0.9500	0.8203	0.7300	0.0531s	0.7820	0.7650	0.7088
32
0903	0.4160	0.9417	0.8271	0.7260	0.0529s	0.7840	0.7550	0.6991
33
0904	0.4388	0.9833	0.8308	0.7280	0.0538s	0.7858	0.7550	0.6986
34
0905	0.4161	0.9417	0.8332	0.7300	0.0532s	0.7870	0.7570	0.6980
35
0906	0.4694	0.9500	0.8334	0.7260	0.0531s	0.7884	0.7590	0.6982
36
0907	0.4350	0.9583	0.8306	0.7260	0.0530s	0.7877	0.7560	0.6962
37
0908	0.4367	0.9750	0.8264	0.7260	0.0534s	0.7856	0.7560	0.6962
38
0909	0.4535	0.9667	0.8246	0.7300	0.0529s	0.7854	0.7580	0.6958
39
0910	0.4256	0.9833	0.8259	0.7300	0.0531s	0.7856	0.7580	0.6953
40
0911	0.4486	0.9500	0.8309	0.7260	0.0534s	0.7864	0.7550	0.6964
41
0912	0.4362	0.9583	0.8353	0.7220	0.0530s	0.7876	0.7510	0.6925
42
0913	0.4567	0.9667	0.8377	0.7260	0.0530s	0.7882	0.7520	0.6959
43
0914	0.4178	0.9500	0.8356	0.7260	0.0529s	0.7879	0.7490	0.6914
44
0915	0.4432	0.9417	0.8335	0.7260	0.0533s	0.7880	0.7530	0.6958
45
0916	0.4191	0.9417	0.8302	0.7300	0.0531s	0.7872	0.7560	0.6941
46
0917	0.4085	0.9667	0.8303	0.7280	0.0531s	0.7866	0.7590	0.7033
47
0918	0.4307	0.9417	0.8333	0.7280	0.0530s	0.7877	0.7580	0.6991
48
0919	0.4515	0.9417	0.8380	0.7240	0.0534s	0.7898	0.7510	0.6902
49
0920	0.4470	0.9333	0.8409	0.7260	0.0530s	0.7909	0.7530	0.6942
50
0921	0.4371	0.9833	0.8379	0.7280	0.0529s	0.7894	0.7560	0.6997
51
0922	0.4159	0.9417	0.8284	0.7320	0.0533s	0.7864	0.7630	0.7024
52
0923	0.4425	0.9417	0.8241	0.7300	0.0530s	0.7858	0.7610	0.7011
53
0924	0.4288	0.9500	0.8257	0.7320	0.0531s	0.7869	0.7590	0.6994
54
0925	0.4716	0.9083	0.8280	0.7320	0.0525s	0.7866	0.7610	0.7008
55
0926	0.4402	0.9417	0.8322	0.7300	0.0537s	0.7876	0.7610	0.7047
56
0927	0.4225	0.9417	0.8365	0.7240	0.0530s	0.7892	0.7550	0.6967
57
0928	0.4468	0.9667	0.8385	0.7260	0.0530s	0.7896	0.7530	0.6946
58
0929	0.4013	0.9833	0.8389	0.7240	0.0530s	0.7888	0.7520	0.6959
59
0930	0.4383	0.9417	0.8361	0.7260	0.0530s	0.7877	0.7530	0.6971
60
0931	0.4681	0.9250	0.8337	0.7280	0.0532s	0.7865	0.7540	0.6961
61
0932	0.4336	0.9333	0.8316	0.7280	0.0530s	0.7868	0.7580	0.7002
62
0933	0.4393	0.9750	0.8317	0.7260	0.0532s	0.7885	0.7570	0.6973
63
0934	0.4588	0.9167	0.8345	0.7240	0.0531s	0.7896	0.7550	0.6951
64
0935	0.4500	0.9167	0.8344	0.7240	0.0532s	0.7879	0.7570	0.6963
65
0936	0.4212	0.9250	0.8353	0.7280	0.0533s	0.7868	0.7550	0.6963
66
0937	0.4664	0.9667	0.8364	0.7280	0.0531s	0.7863	0.7510	0.6949
67
0938	0.4151	0.9667	0.8350	0.7260	0.0528s	0.7863	0.7500	0.6925
68
0939	0.3961	0.9667	0.8295	0.7260	0.0530s	0.7854	0.7520	0.6953
69
0940	0.4459	0.9583	0.8268	0.7260	0.0532s	0.7858	0.7530	0.6967
70
0941	0.4354	0.9333	0.8249	0.7260	0.0539s	0.7855	0.7570	0.6978
71
0942	0.4439	0.9417	0.8284	0.7220	0.0535s	0.7861	0.7600	0.7045
72
0943	0.4411	0.9750	0.8363	0.7220	0.0531s	0.7886	0.7550	0.7006
73
0944	0.4340	0.9583	0.8421	0.7240	0.0533s	0.7910	0.7530	0.6982
74
0945	0.4393	0.9250	0.8393	0.7260	0.0530s	0.7898	0.7510	0.6947
75
0946	0.4369	0.9500	0.8325	0.7280	0.0530s	0.7873	0.7580	0.7019
76
0947	0.4402	0.9250	0.8243	0.7260	0.0535s	0.7855	0.7600	0.7022
77
0948	0.4418	0.9333	0.8219	0.7280	0.0530s	0.7854	0.7590	0.7012
78
0949	0.4146	0.9750	0.8226	0.7260	0.0530s	0.7853	0.7570	0.7015
79
0950	0.4149	0.9417	0.8303	0.7200	0.0528s	0.7870	0.7560	0.7002
80
0951	0.4472	0.9167	0.8388	0.7200	0.0546s	0.7892	0.7500	0.6937
81
0952	0.4333	0.9500	0.8401	0.7180	0.0539s	0.7883	0.7520	0.6978
82
0953	0.4405	0.9750	0.8345	0.7220	0.0544s	0.7853	0.7540	0.6997
83
0954	0.4573	0.9250	0.8300	0.7240	0.0541s	0.7839	0.7590	0.7046
84
0955	0.4696	0.9667	0.8253	0.7240	0.0548s	0.7835	0.7630	0.7048
85
0956	0.4411	0.9417	0.8237	0.7260	0.0535s	0.7848	0.7580	0.7003
86
0957	0.4384	0.9917	0.8244	0.7240	0.0531s	0.7855	0.7540	0.6966
87
0958	0.4346	0.9500	0.8286	0.7240	0.0533s	0.7868	0.7540	0.6969
88
0959	0.4407	0.9583	0.8337	0.7240	0.0533s	0.7878	0.7520	0.6966
89
0960	0.4362	0.9417	0.8352	0.7220	0.0526s	0.7873	0.7500	0.6943
90
0961	0.4386	0.9750	0.8313	0.7260	0.0530s	0.7847	0.7560	0.6997
91
0962	0.4390	0.9667	0.8280	0.7260	0.0532s	0.7833	0.7560	0.6997
92
0963	0.4265	0.9083	0.8247	0.7260	0.0529s	0.7821	0.7580	0.7017
93
0964	0.4532	0.9583	0.8200	0.7240	0.0531s	0.7815	0.7550	0.6969
94
0965	0.4410	0.9250	0.8180	0.7240	0.0530s	0.7825	0.7570	0.6988
95
0966	0.4319	0.9750	0.8212	0.7280	0.0536s	0.7845	0.7530	0.6954
96
0967	0.4281	0.9583	0.8298	0.7220	0.0532s	0.7873	0.7510	0.6939
97
0968	0.4713	0.9417	0.8414	0.7180	0.0530s	0.7919	0.7510	0.6927
98
0969	0.4285	0.9417	0.8448	0.7200	0.0530s	0.7932	0.7540	0.6927
99
0970	0.4607	0.9417	0.8373	0.7240	0.0530s	0.7888	0.7530	0.6921
100
0971	0.4280	0.9583	0.8262	0.7260	0.0551s	0.7837	0.7580	0.7015
101
0972	0.4331	0.9583	0.8217	0.7260	0.0531s	0.7823	0.7610	0.7023
102
0973	0.4148	0.9583	0.8229	0.7280	0.0532s	0.7832	0.7540	0.6986
103
0974	0.4575	0.9583	0.8278	0.7260	0.0529s	0.7859	0.7530	0.6977
104
0975	0.4573	0.9500	0.8327	0.7240	0.0532s	0.7889	0.7520	0.6942
105
0976	0.4200	0.9750	0.8357	0.7240	0.0533s	0.7904	0.7540	0.6954
106
0977	0.4474	0.9583	0.8327	0.7240	0.0530s	0.7886	0.7570	0.6980
107
0978	0.3982	0.9500	0.8300	0.7300	0.0531s	0.7866	0.7580	0.6990
108
0979	0.4689	0.9333	0.8281	0.7260	0.0529s	0.7847	0.7580	0.7014
109
0980	0.4298	0.9500	0.8284	0.7240	0.0535s	0.7843	0.7570	0.7008
110
0981	0.4292	0.9750	0.8320	0.7240	0.0531s	0.7853	0.7530	0.6968
111
0982	0.4688	0.9500	0.8375	0.7220	0.0530s	0.7883	0.7510	0.6934
112
0983	0.4373	0.9667	0.8392	0.7180	0.0531s	0.7898	0.7530	0.6957
113
0984	0.4464	0.9583	0.8368	0.7200	0.0531s	0.7886	0.7510	0.6936
114
0985	0.4509	0.9083	0.8343	0.7240	0.0530s	0.7866	0.7540	0.6983
115
0986	0.4775	0.9000	0.8323	0.7240	0.0530s	0.7858	0.7520	0.6938
116
0987	0.4300	0.9500	0.8309	0.7240	0.0533s	0.7853	0.7560	0.6973
117
0988	0.4270	0.9333	0.8323	0.7260	0.0530s	0.7858	0.7550	0.6963
118
0989	0.4473	0.9417	0.8339	0.7280	0.0529s	0.7870	0.7550	0.6970
119
0990	0.4575	0.9500	0.8369	0.7300	0.0533s	0.7886	0.7550	0.6970
120
0991	0.4458	0.9167	0.8361	0.7280	0.0559s	0.7878	0.7550	0.6969
121
0992	0.4443	0.9583	0.8332	0.7280	0.0541s	0.7869	0.7550	0.6976
122
0993	0.4329	0.9500	0.8297	0.7280	0.0531s	0.7856	0.7560	0.6984
123
0994	0.4524	0.9500	0.8279	0.7260	0.0533s	0.7851	0.7570	0.6989
124
0995	0.4524	0.9667	0.8294	0.7240	0.0529s	0.7853	0.7560	0.6977
125
0996	0.4154	0.9583	0.8311	0.7240	0.0530s	0.7859	0.7570	0.7009
126
0997	0.4209	0.9500	0.8332	0.7240	0.0530s	0.7873	0.7550	0.6989
127
0998	0.4527	0.9333	0.8333	0.7220	0.0532s	0.7880	0.7540	0.6981
128
0999	0.4617	0.9583	0.8311	0.7260	0.0531s	0.7872	0.7520	0.6945
129
1000	0.4526	0.9417	0.8278	0.7240	0.0533s	0.7858	0.7530	0.6958
130
1001	0.4389	0.9500	0.8267	0.7280	0.0531s	0.7850	0.7570	0.6995
131
1002	0.4481	0.9750	0.8249	0.7260	0.0530s	0.7838	0.7560	0.6981
132
1003	0.4171	0.9500	0.8287	0.7260	0.0529s	0.7853	0.7540	0.6959
133
1004	0.4385	0.9583	0.8347	0.7260	0.0533s	0.7880	0.7530	0.6945
134
1005	0.4491	0.9417	0.8388	0.7200	0.0532s	0.7895	0.7510	0.6906
135
1006	0.4197	0.9667	0.8392	0.7220	0.0532s	0.7888	0.7520	0.6938
136
1007	0.4279	0.9750	0.8331	0.7220	0.0530s	0.7857	0.7530	0.6954
137
1008	0.4294	0.9500	0.8281	0.7240	0.0528s	0.7835	0.7540	0.6987
138
1009	0.4268	0.9417	0.8245	0.7280	0.0532s	0.7822	0.7520	0.6947
139
1010	0.4407	0.9750	0.8263	0.7260	0.0531s	0.7834	0.7520	0.6931
140
1011	0.4556	0.9667	0.8336	0.7240	0.0530s	0.7872	0.7510	0.6915
141
1012	0.4333	0.9667	0.8387	0.7200	0.0533s	0.7901	0.7470	0.6875
142
1013	0.4200	0.9583	0.8395	0.7240	0.0530s	0.7909	0.7490	0.6890
143
1014	0.4345	0.8917	0.8350	0.7260	0.0529s	0.7883	0.7530	0.6927
144
1015	0.4246	0.9750	0.8294	0.7300	0.0532s	0.7850	0.7580	0.6995
145
1016	0.4292	0.9583	0.8235	0.7300	0.0530s	0.7823	0.7620	0.7036
146
1017	0.4565	0.9083	0.8222	0.7320	0.0531s	0.7821	0.7610	0.7029
147
1018	0.4463	0.9500	0.8259	0.7320	0.0531s	0.7840	0.7560	0.6980
148
1019	0.4362	0.9583	0.8330	0.7240	0.0536s	0.7875	0.7490	0.6913
149
1020	0.4374	0.9667	0.8394	0.7280	0.0547s	0.7907	0.7470	0.6867
150
1021	0.4241	0.9583	0.8372	0.7260	0.0533s	0.7899	0.7500	0.6920
151
1022	0.4326	0.9333	0.8346	0.7280	0.0531s	0.7881	0.7520	0.6962
152
1023	0.4773	0.9333	0.8284	0.7320	0.0531s	0.7850	0.7590	0.7031
153
1024	0.4661	0.9500	0.8261	0.7340	0.0529s	0.7836	0.7630	0.7067
154
1025	0.4465	0.9417	0.8249	0.7300	0.0530s	0.7832	0.7610	0.7048
155
1026	0.4288	0.9417	0.8298	0.7260	0.0532s	0.7853	0.7530	0.6974
156
1027	0.4532	0.9167	0.8347	0.7220	0.0532s	0.7879	0.7510	0.6954
157
1028	0.4286	0.9583	0.8408	0.7240	0.0530s	0.7923	0.7510	0.6927
158
1029	0.4283	0.9417	0.8413	0.7240	0.0529s	0.7935	0.7510	0.6880
159
1030	0.4422	0.9417	0.8377	0.7260	0.0534s	0.7911	0.7570	0.6988
160
1031	0.4309	0.9833	0.8298	0.7300	0.0531s	0.7867	0.7570	0.7016
161
1032	0.4476	0.9250	0.8284	0.7260	0.0530s	0.7851	0.7510	0.6962
162
1033	0.4595	0.9333	0.8294	0.7280	0.0530s	0.7854	0.7500	0.6951
163
1034	0.4430	0.9333	0.8306	0.7260	0.0531s	0.7854	0.7560	0.7001
164
1035	0.4209	0.9417	0.8331	0.7240	0.0532s	0.7869	0.7530	0.6950
165
1036	0.4272	0.9417	0.8364	0.7200	0.0532s	0.7892	0.7540	0.6958
166
1037	0.4300	0.9583	0.8374	0.7260	0.0533s	0.7909	0.7550	0.6946
167
1038	0.4378	0.9417	0.8330	0.7260	0.0529s	0.7887	0.7590	0.6987
168
1039	0.4914	0.9167	0.8282	0.7280	0.0532s	0.7849	0.7620	0.7060
169
1040	0.4032	0.9167	0.8250	0.7300	0.0530s	0.7828	0.7590	0.7030
170
1041	0.4334	0.9583	0.8268	0.7280	0.0532s	0.7837	0.7530	0.6959
171
1042	0.4170	0.9667	0.8321	0.7200	0.0533s	0.7868	0.7500	0.6934
172
1043	0.4487	0.9333	0.8363	0.7220	0.0530s	0.7889	0.7510	0.6938
173
1044	0.4070	0.9667	0.8362	0.7200	0.0530s	0.7887	0.7530	0.6952
174
1045	0.4158	0.9333	0.8338	0.7260	0.0533s	0.7880	0.7580	0.6993
175
1046	0.4504	0.9417	0.8292	0.7300	0.0530s	0.7858	0.7590	0.7006
176
1047	0.4618	0.9667	0.8264	0.7280	0.0530s	0.7841	0.7580	0.7018
177
1048	0.4683	0.9500	0.8257	0.7260	0.0532s	0.7834	0.7570	0.7009
178
1049	0.4158	0.9583	0.8312	0.7240	0.0530s	0.7860	0.7550	0.6990
179
1050	0.4193	0.9333	0.8372	0.7180	0.0530s	0.7892	0.7520	0.6960
180
1051	0.4583	0.9583	0.8423	0.7220	0.0532s	0.7927	0.7510	0.6904
181
1052	0.4396	0.9333	0.8405	0.7220	0.0532s	0.7930	0.7530	0.6927
182
1053	0.4752	0.9333	0.8339	0.7260	0.0532s	0.7902	0.7580	0.6975
183
1054	0.4425	0.9667	0.8263	0.7300	0.0532s	0.7866	0.7580	0.6976
184
1055	0.4282	0.9250	0.8218	0.7240	0.0531s	0.7839	0.7630	0.7044
185
1056	0.4625	0.9417	0.8208	0.7280	0.0531s	0.7825	0.7600	0.7016
186
1057	0.4323	0.9667	0.8234	0.7280	0.0533s	0.7831	0.7570	0.7010
187
1058	0.4434	0.9750	0.8277	0.7240	0.0883s	0.7850	0.7540	0.6983
188
1059	0.4384	0.9583	0.8316	0.7220	0.0684s	0.7870	0.7520	0.6942
189
1060	0.4184	0.9917	0.8345	0.7220	0.0620s	0.7885	0.7540	0.6938
190
1061	0.4415	0.9500	0.8331	0.7240	0.0619s	0.7881	0.7560	0.6954
191
1062	0.4181	0.9667	0.8314	0.7280	0.0619s	0.7866	0.7610	0.7046
192
1063	0.4480	0.9167	0.8301	0.7260	0.0619s	0.7852	0.7610	0.7044
193
1064	0.4557	0.9500	0.8274	0.7260	0.0622s	0.7835	0.7590	0.7023
194
1065	0.4546	0.9583	0.8261	0.7240	0.0620s	0.7831	0.7600	0.7034
195
1066	0.4412	0.9667	0.8268	0.7240	0.0619s	0.7840	0.7570	0.7008
196
1067	0.4184	0.9333	0.8306	0.7240	0.0622s	0.7874	0.7540	0.6968
197
1068	0.4181	0.9833	0.8352	0.7240	0.0620s	0.7906	0.7530	0.6959
198
1069	0.4309	0.9500	0.8356	0.7240	0.0618s	0.7909	0.7530	0.6956
199
Early stop! Min loss:0.816390872001648,  Max accuracy:0.736
Early stop model validation loss:0.816390872001648,  accuracy:0.73
Optimization Finished!
Total time elapsed: 58.3030s
test max acc:0.7660
Loading 868th epoch
stru_node_to_hop attention:tensor([[0.2928, 0.3536, 0.3536],
        [0.2120, 0.4713, 0.3167],
        [0.3021, 0.3490, 0.3490],
        [0.2393, 0.3313, 0.4294],
        [0.3048, 0.3476, 0.3476],
        [0.3688, 0.3219, 0.3093],
        [0.3271, 0.3365, 0.3365],
        [0.2727, 0.2638, 0.4635],
        [0.5461, 0.2377, 0.2162],
        [0.4314, 0.2986, 0.2700],
        [0.4046, 0.2956, 0.2998],
        [0.2687, 0.3656, 0.3656],
        [0.2295, 0.3732, 0.3973],
        [0.2694, 0.3587, 0.3719],
        [0.2709, 0.3608, 0.3683],
        [0.3126, 0.3437, 0.3437],
        [0.2819, 0.3611, 0.3570],
        [0.2370, 0.4234, 0.3396],
        [0.2219, 0.2483, 0.5298],
        [0.2272, 0.4487, 0.3240],
        [0.2584, 0.3851, 0.3564],
        [0.2727, 0.3278, 0.3995],
        [0.2397, 0.3588, 0.4015],
        [0.2885, 0.3376, 0.3740],
        [0.3094, 0.3333, 0.3573],
        [0.5157, 0.2532, 0.2311],
        [0.5420, 0.2423, 0.2156],
        [0.2644, 0.2840, 0.4515],
        [0.2430, 0.4348, 0.3222],
        [0.3951, 0.2594, 0.3456],
        [0.3630, 0.2999, 0.3371],
        [0.3556, 0.3108, 0.3336],
        [0.3265, 0.3064, 0.3671],
        [0.2620, 0.3460, 0.3920],
        [0.2419, 0.3212, 0.4369],
        [0.2920, 0.3540, 0.3540],
        [0.2572, 0.3714, 0.3714],
        [0.2700, 0.3650, 0.3650],
        [0.2780, 0.3491, 0.3729],
        [0.2816, 0.4025, 0.3158],
        [0.2574, 0.3739, 0.3687],
        [0.2885, 0.3304, 0.3811],
        [0.4203, 0.2913, 0.2884],
        [0.4771, 0.3199, 0.2031],
        [0.2728, 0.3439, 0.3833],
        [0.3203, 0.3399, 0.3399],
        [0.2335, 0.3234, 0.4432],
        [0.3149, 0.3177, 0.3673],
        [0.3828, 0.2811, 0.3360],
        [0.2502, 0.3930, 0.3568],
        [0.2968, 0.3813, 0.3220],
        [0.2561, 0.3425, 0.4014],
        [0.5162, 0.2579, 0.2259],
        [0.5308, 0.2254, 0.2438],
        [0.4658, 0.2464, 0.2879],
        [0.5295, 0.2504, 0.2201],
        [0.2805, 0.3609, 0.3586],
        [0.2414, 0.3522, 0.4064],
        [0.2662, 0.3755, 0.3583],
        [0.2767, 0.2693, 0.4539],
        [0.5713, 0.2076, 0.2211],
        [0.4673, 0.2563, 0.2764],
        [0.2880, 0.3064, 0.4056],
        [0.2929, 0.3535, 0.3535],
        [0.2848, 0.3334, 0.3817],
        [0.3271, 0.3723, 0.3006],
        [0.2819, 0.3310, 0.3871],
        [0.3089, 0.3403, 0.3508],
        [0.2883, 0.3344, 0.3774],
        [0.3309, 0.3860, 0.2831],
        [0.2654, 0.3772, 0.3575],
        [0.2807, 0.3542, 0.3651],
        [0.3172, 0.3116, 0.3712],
        [0.3072, 0.3417, 0.3511],
        [0.2794, 0.3069, 0.4137],
        [0.2435, 0.4029, 0.3536],
        [0.2259, 0.4177, 0.3565],
        [0.2801, 0.3240, 0.3959],
        [0.2525, 0.4239, 0.3236],
        [0.2712, 0.4462, 0.2826],
        [0.2540, 0.3739, 0.3722],
        [0.2343, 0.4128, 0.3529],
        [0.2790, 0.3380, 0.3830],
        [0.2482, 0.4021, 0.3496],
        [0.3117, 0.3036, 0.3847],
        [0.3482, 0.3447, 0.3070],
        [0.2778, 0.3736, 0.3486],
        [0.2838, 0.3278, 0.3883],
        [0.2858, 0.3270, 0.3872],
        [0.2672, 0.3664, 0.3664],
        [0.5108, 0.2516, 0.2375],
        [0.4511, 0.2689, 0.2800],
        [0.2906, 0.2842, 0.4253],
        [0.2887, 0.3346, 0.3767],
        [0.2888, 0.3556, 0.3556],
        [0.6105, 0.1991, 0.1904],
        [0.6324, 0.1778, 0.1898],
        [0.2822, 0.3553, 0.3626],
        [0.2546, 0.3945, 0.3509],
        [0.6612, 0.1632, 0.1756]], device='cuda:1')
fea_node_to_hop attention:tensor([[0.3134, 0.3145, 0.1867, 0.1854],
        [0.3505, 0.2567, 0.1884, 0.2044],
        [0.2616, 0.3585, 0.2020, 0.1779],
        [0.2394, 0.3086, 0.2418, 0.2102],
        [0.3489, 0.2912, 0.1751, 0.1848],
        [0.3804, 0.2640, 0.1732, 0.1824],
        [0.3103, 0.2905, 0.1984, 0.2007],
        [0.7125, 0.1007, 0.0976, 0.0893],
        [0.4569, 0.2124, 0.1585, 0.1722],
        [0.4495, 0.2077, 0.1753, 0.1676],
        [0.3569, 0.2677, 0.1948, 0.1807],
        [0.4029, 0.2406, 0.1770, 0.1795],
        [0.5530, 0.1487, 0.1487, 0.1496],
        [0.2167, 0.3418, 0.2343, 0.2072],
        [0.2719, 0.3413, 0.2060, 0.1809],
        [0.3101, 0.2975, 0.2034, 0.1890],
        [0.2030, 0.2901, 0.2628, 0.2442],
        [0.2292, 0.3354, 0.2356, 0.1998],
        [0.2956, 0.2906, 0.2158, 0.1980],
        [0.6123, 0.1465, 0.1250, 0.1162],
        [0.2900, 0.3017, 0.2193, 0.1890],
        [0.2347, 0.3720, 0.2083, 0.1850],
        [0.2215, 0.2934, 0.2574, 0.2276],
        [0.2515, 0.3161, 0.2280, 0.2044],
        [0.2098, 0.3751, 0.2213, 0.1938],
        [0.4950, 0.1790, 0.1656, 0.1605],
        [0.5492, 0.1695, 0.1409, 0.1404],
        [0.1908, 0.3304, 0.2556, 0.2231],
        [0.2122, 0.3283, 0.2435, 0.2160],
        [0.2473, 0.3486, 0.2165, 0.1875],
        [0.3648, 0.2767, 0.1863, 0.1723],
        [0.2463, 0.3786, 0.2024, 0.1727],
        [0.2647, 0.3328, 0.2141, 0.1884],
        [0.3295, 0.2857, 0.2010, 0.1838],
        [0.3629, 0.3016, 0.1781, 0.1575],
        [0.2879, 0.2817, 0.2278, 0.2026],
        [0.2569, 0.3318, 0.2185, 0.1927],
        [0.3673, 0.2497, 0.1998, 0.1832],
        [0.2035, 0.3375, 0.2396, 0.2194],
        [0.2344, 0.3078, 0.2396, 0.2183],
        [0.2553, 0.3058, 0.2337, 0.2052],
        [0.2562, 0.3563, 0.2064, 0.1811],
        [0.4958, 0.1996, 0.1570, 0.1476],
        [0.2887, 0.3348, 0.2011, 0.1754],
        [0.2032, 0.3938, 0.2192, 0.1837],
        [0.1819, 0.4327, 0.2061, 0.1793],
        [0.3528, 0.2966, 0.1842, 0.1664],
        [0.2587, 0.3675, 0.1983, 0.1754],
        [0.2563, 0.3781, 0.1986, 0.1670],
        [0.2193, 0.2833, 0.2616, 0.2357],
        [0.3137, 0.2688, 0.2177, 0.1998],
        [0.2570, 0.2973, 0.2390, 0.2067],
        [0.4775, 0.2075, 0.1616, 0.1534],
        [0.4737, 0.2462, 0.1442, 0.1358],
        [0.4474, 0.2213, 0.1712, 0.1600],
        [0.4090, 0.2433, 0.1779, 0.1698],
        [0.2062, 0.2864, 0.2701, 0.2373],
        [0.2321, 0.3459, 0.2261, 0.1959],
        [0.1925, 0.3177, 0.2566, 0.2332],
        [0.3784, 0.2398, 0.1981, 0.1837],
        [0.6212, 0.1335, 0.1228, 0.1225],
        [0.3332, 0.3122, 0.1868, 0.1678],
        [0.2058, 0.3978, 0.2149, 0.1815],
        [0.3411, 0.2825, 0.1990, 0.1774],
        [0.1986, 0.3548, 0.2383, 0.2083],
        [0.3067, 0.3432, 0.1822, 0.1679],
        [0.1980, 0.3090, 0.2571, 0.2360],
        [0.2829, 0.3183, 0.2126, 0.1862],
        [0.2475, 0.3191, 0.2345, 0.1989],
        [0.3497, 0.3183, 0.1781, 0.1539],
        [0.2097, 0.3160, 0.2513, 0.2230],
        [0.2530, 0.2981, 0.2386, 0.2104],
        [0.2993, 0.3000, 0.2117, 0.1889],
        [0.2392, 0.3456, 0.2221, 0.1931],
        [0.5469, 0.1790, 0.1439, 0.1302],
        [0.3208, 0.2856, 0.2048, 0.1888],
        [0.3572, 0.3035, 0.1854, 0.1539],
        [0.2210, 0.3076, 0.2485, 0.2229],
        [0.2468, 0.2857, 0.2508, 0.2167],
        [0.4575, 0.2239, 0.1665, 0.1520],
        [0.2449, 0.3147, 0.2322, 0.2082],
        [0.2763, 0.2786, 0.2347, 0.2103],
        [0.2313, 0.3517, 0.2268, 0.1902],
        [0.2116, 0.2826, 0.2612, 0.2445],
        [0.2578, 0.2604, 0.2513, 0.2306],
        [0.6803, 0.1225, 0.1018, 0.0954],
        [0.2015, 0.3487, 0.2403, 0.2094],
        [0.2711, 0.2881, 0.2327, 0.2080],
        [0.3103, 0.2755, 0.2192, 0.1951],
        [0.2996, 0.2808, 0.2189, 0.2007],
        [0.4164, 0.2555, 0.1690, 0.1591],
        [0.2982, 0.3298, 0.1998, 0.1723],
        [0.1823, 0.3601, 0.2462, 0.2115],
        [0.2094, 0.2777, 0.2648, 0.2481],
        [0.2419, 0.2940, 0.2416, 0.2225],
        [0.3806, 0.2556, 0.1915, 0.1724],
        [0.3299, 0.2317, 0.2269, 0.2115],
        [0.2687, 0.3245, 0.2151, 0.1918],
        [0.2062, 0.3016, 0.2522, 0.2399],
        [0.6123, 0.1324, 0.1274, 0.1279]], device='cuda:1')
perception attention:tensor([0.4483, 0.5517], device='cuda:1')
Test set results: loss= 0.7788 accuracy= 0.7650 F1_score= 0.7087
