# epoch	loss_train	acc_train	loss_val	acc_val	time	acc_test	f1_test
0001	1.7944	0.1917	1.7949	0.2200	0.0528s	1.7907	0.2280	0.0835
0
0002	1.7915	0.2167	1.7938	0.2240	0.0530s	1.7904	0.2370	0.0956
0
0003	1.7882	0.1750	1.7916	0.2320	0.0552s	1.7891	0.2420	0.1000
0
0004	1.7827	0.2250	1.7893	0.2440	0.0534s	1.7876	0.2510	0.1083
0
0005	1.7797	0.2500	1.7873	0.2520	0.0530s	1.7863	0.2760	0.1467
0
0006	1.7763	0.2417	1.7851	0.3400	0.0530s	1.7846	0.3400	0.2434
0
0007	1.7719	0.3333	1.7829	0.4040	0.0530s	1.7828	0.4070	0.3224
0
0008	1.7660	0.3667	1.7802	0.4760	0.0530s	1.7804	0.4590	0.3771
0
0009	1.7605	0.4500	1.7778	0.4620	0.0530s	1.7783	0.4420	0.3710
0
0010	1.7531	0.5667	1.7753	0.4240	0.0531s	1.7759	0.4030	0.3300
0
0011	1.7473	0.5583	1.7729	0.4040	0.0559s	1.7732	0.3990	0.3214
0
0012	1.7340	0.6333	1.7692	0.4060	0.0543s	1.7692	0.3970	0.3179
0
0013	1.7261	0.5583	1.7655	0.4040	0.0532s	1.7649	0.4130	0.3306
0
0014	1.7192	0.5917	1.7616	0.4380	0.0530s	1.7606	0.4390	0.3548
0
0015	1.7045	0.6583	1.7573	0.4720	0.0533s	1.7558	0.4600	0.3750
0
0016	1.6936	0.6250	1.7521	0.4940	0.0531s	1.7505	0.4940	0.4108
0
0017	1.6797	0.7083	1.7469	0.5160	0.0532s	1.7450	0.5120	0.4369
0
0018	1.6630	0.7917	1.7406	0.5400	0.0529s	1.7386	0.5450	0.4746
0
0019	1.6533	0.7333	1.7334	0.5720	0.0531s	1.7314	0.5590	0.4906
0
0020	1.6370	0.7167	1.7264	0.5760	0.0533s	1.7242	0.5540	0.4881
0
0021	1.6235	0.7583	1.7199	0.5720	0.0536s	1.7168	0.5660	0.4987
0
0022	1.6062	0.7500	1.7129	0.5740	0.0533s	1.7089	0.5830	0.5163
0
0023	1.5776	0.7500	1.7049	0.5920	0.0530s	1.7005	0.5900	0.5248
0
0024	1.5585	0.8250	1.6962	0.5980	0.0533s	1.6917	0.5900	0.5261
0
0025	1.5406	0.8000	1.6864	0.6020	0.0533s	1.6819	0.5950	0.5298
0
0026	1.5259	0.8417	1.6760	0.6080	0.0531s	1.6707	0.6080	0.5393
0
0027	1.4942	0.8500	1.6646	0.5960	0.0529s	1.6584	0.6160	0.5468
0
0028	1.4851	0.8167	1.6531	0.6060	0.0532s	1.6462	0.6240	0.5586
0
0029	1.4641	0.8250	1.6417	0.6020	0.0531s	1.6340	0.6240	0.5629
0
0030	1.4371	0.8083	1.6320	0.5960	0.0530s	1.6226	0.6190	0.5591
0
0031	1.4046	0.8917	1.6198	0.5960	0.0534s	1.6099	0.6210	0.5636
0
0032	1.4014	0.8500	1.6080	0.6020	0.0531s	1.5978	0.6260	0.5691
0
0033	1.3592	0.8750	1.5954	0.6120	0.0532s	1.5849	0.6190	0.5629
0
0034	1.3394	0.8750	1.5819	0.6140	0.0530s	1.5710	0.6210	0.5674
0
0035	1.3186	0.8750	1.5681	0.6180	0.0530s	1.5570	0.6230	0.5715
0
0036	1.3207	0.9000	1.5522	0.6380	0.0530s	1.5412	0.6310	0.5769
0
0037	1.2627	0.9250	1.5383	0.6480	0.0530s	1.5270	0.6440	0.5942
0
0038	1.2531	0.9083	1.5257	0.6520	0.0541s	1.5134	0.6470	0.6002
0
0039	1.2024	0.9000	1.5126	0.6460	0.0533s	1.4992	0.6520	0.6050
0
0040	1.2004	0.8750	1.4979	0.6520	0.0529s	1.4842	0.6560	0.6095
0
0041	1.1915	0.9083	1.4832	0.6580	0.0532s	1.4690	0.6580	0.6119
0
0042	1.1495	0.8750	1.4688	0.6600	0.0530s	1.4543	0.6580	0.6123
0
0043	1.1500	0.9167	1.4564	0.6660	0.0549s	1.4411	0.6610	0.6163
0
0044	1.1381	0.9417	1.4454	0.6700	0.0535s	1.4282	0.6640	0.6211
0
0045	1.1309	0.8750	1.4330	0.6680	0.0532s	1.4144	0.6680	0.6260
0
0046	1.1044	0.9250	1.4177	0.6680	0.0531s	1.3988	0.6750	0.6339
0
0047	1.0950	0.9167	1.4035	0.6640	0.0531s	1.3834	0.6740	0.6313
0
0048	1.0423	0.9250	1.3897	0.6600	0.0532s	1.3685	0.6780	0.6328
0
0049	1.0410	0.9333	1.3770	0.6580	0.0530s	1.3549	0.6750	0.6293
0
0050	1.0221	0.9333	1.3647	0.6620	0.0530s	1.3423	0.6770	0.6344
0
0051	1.0387	0.9083	1.3538	0.6640	0.0530s	1.3311	0.6820	0.6405
0
0052	1.0038	0.9333	1.3420	0.6720	0.0530s	1.3194	0.6820	0.6415
0
0053	1.0012	0.9417	1.3294	0.6760	0.0533s	1.3066	0.6850	0.6448
0
0054	0.9949	0.9667	1.3150	0.6840	0.0531s	1.2926	0.6900	0.6483
0
0055	0.9686	0.9250	1.3008	0.6740	0.0541s	1.2781	0.6960	0.6536
0
0056	0.9908	0.9083	1.2876	0.6760	0.0530s	1.2645	0.6950	0.6524
0
0057	0.9813	0.9167	1.2779	0.6780	0.0531s	1.2537	0.6940	0.6496
0
0058	0.9778	0.9000	1.2708	0.6740	0.0529s	1.2451	0.6890	0.6452
0
0059	0.9698	0.9500	1.2649	0.6740	0.0530s	1.2376	0.6890	0.6461
0
0060	0.9309	0.9250	1.2547	0.6800	0.0533s	1.2277	0.6970	0.6552
0
0061	0.9347	0.9583	1.2413	0.6780	0.0530s	1.2153	0.6960	0.6529
0
0062	0.8970	0.9333	1.2278	0.6880	0.0530s	1.2022	0.7020	0.6603
0
0063	0.9204	0.9417	1.2160	0.6920	0.0531s	1.1906	0.7030	0.6615
0
0064	0.9318	0.9417	1.2071	0.6860	0.0530s	1.1812	0.7080	0.6662
0
0065	0.9104	0.9417	1.2013	0.6960	0.0530s	1.1740	0.7090	0.6682
0
0066	0.9121	0.9333	1.1985	0.6880	0.0530s	1.1691	0.7070	0.6646
0
0067	0.9081	0.9583	1.1941	0.6800	0.0529s	1.1634	0.7070	0.6650
0
0068	0.8927	0.9250	1.1873	0.6820	0.0531s	1.1559	0.7080	0.6680
0
0069	0.8684	0.9583	1.1783	0.6900	0.0568s	1.1474	0.7100	0.6689
0
0070	0.8827	0.9083	1.1690	0.6920	0.0580s	1.1386	0.7110	0.6706
0
0071	0.8877	0.9333	1.1594	0.6960	0.0561s	1.1294	0.7140	0.6723
0
0072	0.8729	0.9250	1.1507	0.7000	0.0540s	1.1211	0.7190	0.6789
0
0073	0.8671	0.9167	1.1439	0.7020	0.0548s	1.1133	0.7190	0.6792
0
0074	0.8330	0.9083	1.1398	0.7000	0.0537s	1.1076	0.7170	0.6769
0
0075	0.8926	0.9583	1.1355	0.7000	0.0532s	1.1025	0.7160	0.6756
0
0076	0.8455	0.9667	1.1293	0.7020	0.0530s	1.0965	0.7180	0.6774
0
0077	0.8548	0.9250	1.1234	0.7040	0.0532s	1.0904	0.7190	0.6782
0
0078	0.8218	0.9000	1.1147	0.7100	0.0531s	1.0831	0.7200	0.6793
0
0079	0.8147	0.9417	1.1070	0.7140	0.0531s	1.0756	0.7230	0.6827
0
0080	0.8519	0.9083	1.1023	0.7120	0.0531s	1.0693	0.7220	0.6815
0
0081	0.8591	0.9250	1.0980	0.7120	0.0530s	1.0641	0.7230	0.6825
0
0082	0.8221	0.9250	1.0930	0.7120	0.0577s	1.0592	0.7200	0.6795
0
0083	0.8016	0.9250	1.0867	0.7160	0.0541s	1.0531	0.7240	0.6844
0
0084	0.8209	0.9333	1.0803	0.7180	0.0532s	1.0478	0.7260	0.6864
0
0085	0.8066	0.9417	1.0748	0.7180	0.0530s	1.0430	0.7270	0.6871
0
0086	0.8133	0.9333	1.0726	0.7140	0.0531s	1.0394	0.7240	0.6836
0
0087	0.7888	0.9583	1.0695	0.7140	0.0532s	1.0358	0.7230	0.6818
0
0088	0.7692	0.9500	1.0630	0.7160	0.0531s	1.0299	0.7230	0.6819
0
0089	0.7919	0.8917	1.0549	0.7220	0.0532s	1.0241	0.7300	0.6891
0
0090	0.8200	0.9583	1.0492	0.7220	0.0541s	1.0195	0.7330	0.6927
0
0091	0.7859	0.9417	1.0456	0.7260	0.0532s	1.0155	0.7310	0.6909
0
0092	0.7574	0.9500	1.0424	0.7260	0.0530s	1.0120	0.7300	0.6895
0
0093	0.7473	0.9750	1.0400	0.7260	0.0531s	1.0086	0.7280	0.6861
0
0094	0.7816	0.9250	1.0387	0.7160	0.0531s	1.0057	0.7220	0.6809
0
0095	0.7673	0.9083	1.0341	0.7140	0.0531s	1.0012	0.7270	0.6853
0
0096	0.7896	0.9250	1.0276	0.7160	0.0530s	0.9958	0.7310	0.6910
0
0097	0.7131	0.9000	1.0230	0.7240	0.0530s	0.9915	0.7330	0.6929
0
0098	0.7534	0.9000	1.0185	0.7280	0.0529s	0.9870	0.7370	0.6972
0
0099	0.7505	0.9083	1.0162	0.7240	0.0532s	0.9838	0.7360	0.6974
0
0100	0.7442	0.9333	1.0148	0.7240	0.0530s	0.9801	0.7300	0.6906
0
0101	0.7495	0.9333	1.0125	0.7200	0.0529s	0.9771	0.7300	0.6894
0
0102	0.7251	0.9583	1.0066	0.7240	0.0532s	0.9733	0.7270	0.6871
0
0103	0.7250	0.9833	1.0003	0.7280	0.0531s	0.9693	0.7330	0.6934
0
0104	0.7316	0.9250	0.9957	0.7280	0.0530s	0.9656	0.7370	0.6973
0
0105	0.7337	0.9333	0.9925	0.7300	0.0532s	0.9616	0.7380	0.6986
0
0106	0.7220	0.9333	0.9909	0.7300	0.0533s	0.9580	0.7360	0.6980
0
0107	0.7136	0.9583	0.9912	0.7260	0.0531s	0.9548	0.7350	0.6982
0
0108	0.7090	0.9333	0.9890	0.7240	0.0543s	0.9523	0.7320	0.6958
1
0109	0.7275	0.9667	0.9839	0.7280	0.0531s	0.9491	0.7360	0.6997
0
0110	0.7054	0.9750	0.9803	0.7360	0.0530s	0.9471	0.7360	0.6994
0
0111	0.7076	0.9333	0.9785	0.7280	0.0531s	0.9464	0.7380	0.7011
0
0112	0.7098	0.9333	0.9777	0.7280	0.0531s	0.9451	0.7360	0.6977
0
0113	0.6837	0.9583	0.9759	0.7300	0.0530s	0.9411	0.7370	0.7006
0
0114	0.7052	0.9750	0.9719	0.7260	0.0530s	0.9360	0.7380	0.7010
0
0115	0.6832	0.9583	0.9669	0.7280	0.0529s	0.9313	0.7410	0.7036
0
0116	0.6953	0.9250	0.9636	0.7300	0.0530s	0.9296	0.7390	0.7014
0
0117	0.6843	0.9583	0.9618	0.7320	0.0528s	0.9286	0.7420	0.7041
0
0118	0.6500	0.9583	0.9606	0.7380	0.0531s	0.9275	0.7430	0.7055
0
0119	0.6643	0.9417	0.9628	0.7280	0.0529s	0.9269	0.7400	0.7020
0
0120	0.6822	0.9417	0.9629	0.7240	0.0530s	0.9245	0.7390	0.7015
1
0121	0.6721	0.9500	0.9604	0.7240	0.0531s	0.9210	0.7340	0.6958
2
0122	0.6984	0.9250	0.9555	0.7220	0.0529s	0.9175	0.7350	0.6967
0
0123	0.6835	0.9500	0.9492	0.7220	0.0532s	0.9138	0.7390	0.7008
0
0124	0.6766	0.9500	0.9441	0.7300	0.0530s	0.9110	0.7440	0.7056
0
0125	0.6080	0.9750	0.9427	0.7400	0.0529s	0.9107	0.7470	0.7083
0
0126	0.6524	0.9667	0.9433	0.7380	0.0541s	0.9106	0.7460	0.7087
0
0127	0.6515	0.9583	0.9435	0.7360	0.0531s	0.9092	0.7440	0.7062
1
0128	0.6239	0.9417	0.9438	0.7280	0.0529s	0.9073	0.7400	0.7016
2
0129	0.6295	0.9333	0.9404	0.7200	0.0531s	0.9032	0.7390	0.7006
3
0130	0.6276	0.9667	0.9366	0.7240	0.0530s	0.8997	0.7380	0.6966
0
0131	0.6292	0.9500	0.9348	0.7240	0.0530s	0.8986	0.7420	0.7001
0
0132	0.6768	0.9417	0.9340	0.7240	0.0530s	0.8980	0.7450	0.7069
0
0133	0.5944	0.9500	0.9333	0.7220	0.0530s	0.8973	0.7410	0.7040
0
0134	0.6539	0.9500	0.9320	0.7240	0.0531s	0.8957	0.7400	0.7030
0
0135	0.6230	0.9667	0.9282	0.7220	0.0530s	0.8917	0.7420	0.7048
0
0136	0.6327	0.9583	0.9245	0.7300	0.0531s	0.8883	0.7450	0.7078
0
0137	0.6338	0.9333	0.9219	0.7240	0.0531s	0.8855	0.7430	0.7036
0
0138	0.6351	0.9250	0.9206	0.7280	0.0531s	0.8843	0.7470	0.7084
0
0139	0.5765	0.9417	0.9218	0.7320	0.0529s	0.8850	0.7470	0.7102
0
0140	0.5870	0.9667	0.9215	0.7360	0.0531s	0.8842	0.7430	0.7060
1
0141	0.5887	0.9417	0.9190	0.7340	0.0532s	0.8822	0.7430	0.7063
2
0142	0.5877	0.9667	0.9170	0.7280	0.0532s	0.8802	0.7400	0.7024
0
0143	0.5847	0.9667	0.9138	0.7300	0.0538s	0.8766	0.7430	0.7061
0
0144	0.5996	0.9333	0.9101	0.7300	0.0533s	0.8729	0.7420	0.7019
0
0145	0.5777	0.9833	0.9081	0.7300	0.0531s	0.8709	0.7410	0.6993
0
0146	0.6098	0.9583	0.9071	0.7280	0.0529s	0.8701	0.7420	0.7001
0
0147	0.6095	0.9333	0.9082	0.7320	0.0531s	0.8696	0.7420	0.7026
0
0148	0.5451	0.9250	0.9090	0.7340	0.0529s	0.8698	0.7430	0.7059
1
0149	0.5484	0.9667	0.9083	0.7320	0.0530s	0.8701	0.7420	0.7033
2
0150	0.5781	0.9417	0.9095	0.7340	0.0531s	0.8714	0.7400	0.6998
3
0151	0.5743	0.9750	0.9095	0.7300	0.0529s	0.8714	0.7350	0.6925
4
0152	0.5780	0.9667	0.9098	0.7240	0.0531s	0.8707	0.7370	0.6954
5
0153	0.5983	0.9417	0.9089	0.7320	0.0530s	0.8685	0.7360	0.6936
6
0154	0.5541	0.9250	0.9070	0.7340	0.0531s	0.8651	0.7360	0.6927
7
0155	0.5642	0.9583	0.9034	0.7340	0.0532s	0.8622	0.7380	0.6944
0
0156	0.5933	0.9333	0.8981	0.7300	0.0531s	0.8594	0.7410	0.6973
0
0157	0.5871	0.9333	0.8925	0.7360	0.0531s	0.8568	0.7450	0.7024
0
0158	0.5737	0.9167	0.8911	0.7340	0.0530s	0.8566	0.7450	0.7011
0
0159	0.5070	0.9583	0.8943	0.7220	0.0531s	0.8571	0.7410	0.6972
0
0160	0.5119	0.9417	0.8952	0.7200	0.0533s	0.8553	0.7400	0.6966
1
0161	0.5494	0.9833	0.8950	0.7260	0.0532s	0.8535	0.7360	0.6931
2
0162	0.5475	0.9417	0.8945	0.7320	0.0531s	0.8532	0.7390	0.6967
3
0163	0.5394	0.9417	0.8933	0.7320	0.0532s	0.8520	0.7390	0.6966
4
0164	0.5291	0.9583	0.8904	0.7340	0.0530s	0.8502	0.7400	0.6949
5
0165	0.5414	0.9583	0.8857	0.7280	0.0531s	0.8487	0.7450	0.6995
0
0166	0.5121	0.9583	0.8834	0.7280	0.0530s	0.8472	0.7460	0.6989
0
0167	0.5535	0.9500	0.8800	0.7320	0.0530s	0.8440	0.7450	0.6985
0
0168	0.5446	0.9417	0.8821	0.7300	0.0531s	0.8430	0.7410	0.6953
0
0169	0.5305	0.9500	0.8869	0.7220	0.0530s	0.8448	0.7390	0.6948
1
0170	0.5391	0.9333	0.8915	0.7280	0.0531s	0.8469	0.7370	0.6923
2
0171	0.5751	0.9167	0.8901	0.7220	0.0532s	0.8458	0.7370	0.6922
3
0172	0.5285	0.9583	0.8825	0.7360	0.0529s	0.8410	0.7370	0.6905
4
0173	0.5568	0.9417	0.8775	0.7360	0.0530s	0.8384	0.7400	0.6939
5
0174	0.5360	0.9500	0.8762	0.7340	0.0532s	0.8368	0.7390	0.6930
0
0175	0.5218	0.9667	0.8786	0.7240	0.0531s	0.8372	0.7400	0.6922
0
0176	0.5101	0.9667	0.8831	0.7280	0.0530s	0.8401	0.7420	0.6969
1
0177	0.4980	0.9333	0.8825	0.7300	0.0532s	0.8404	0.7410	0.6963
2
0178	0.5169	0.9333	0.8775	0.7320	0.0553s	0.8378	0.7400	0.6932
3
0179	0.5376	0.9500	0.8726	0.7360	0.0535s	0.8350	0.7390	0.6925
4
0180	0.5118	0.9583	0.8685	0.7360	0.0531s	0.8319	0.7430	0.6952
0
0181	0.5282	0.9583	0.8669	0.7360	0.0532s	0.8295	0.7410	0.6935
0
0182	0.5178	0.9583	0.8678	0.7320	0.0530s	0.8286	0.7390	0.6916
0
0183	0.5127	0.9417	0.8719	0.7320	0.0530s	0.8303	0.7390	0.6926
1
0184	0.5506	0.9417	0.8730	0.7300	0.0530s	0.8313	0.7400	0.6930
2
0185	0.5133	0.9500	0.8703	0.7320	0.0532s	0.8299	0.7390	0.6923
3
0186	0.5230	0.9667	0.8664	0.7280	0.0531s	0.8275	0.7390	0.6916
4
0187	0.4894	0.9500	0.8627	0.7280	0.0531s	0.8252	0.7420	0.6930
0
0188	0.5316	0.9500	0.8600	0.7300	0.0536s	0.8239	0.7450	0.6957
0
0189	0.5070	0.9667	0.8621	0.7300	0.0531s	0.8244	0.7460	0.6966
0
0190	0.5212	0.9583	0.8687	0.7240	0.0530s	0.8254	0.7390	0.6894
1
0191	0.5139	0.9583	0.8713	0.7160	0.0531s	0.8259	0.7400	0.6920
2
0192	0.5402	0.9333	0.8707	0.7240	0.0531s	0.8255	0.7390	0.6933
3
0193	0.4977	0.9083	0.8663	0.7220	0.0530s	0.8240	0.7380	0.6908
4
0194	0.4791	0.9333	0.8613	0.7260	0.0531s	0.8221	0.7370	0.6852
5
0195	0.4870	0.9583	0.8577	0.7320	0.0533s	0.8203	0.7440	0.6920
6
0196	0.5066	0.9500	0.8570	0.7360	0.0551s	0.8192	0.7480	0.6989
0
0197	0.5266	0.9333	0.8588	0.7300	0.0535s	0.8190	0.7470	0.6974
0
0198	0.4796	0.9583	0.8627	0.7240	0.0530s	0.8198	0.7440	0.6942
1
0199	0.5010	0.9167	0.8668	0.7200	0.0531s	0.8212	0.7390	0.6912
2
0200	0.4808	0.9833	0.8659	0.7220	0.0531s	0.8203	0.7350	0.6835
3
0201	0.4912	0.9500	0.8592	0.7280	0.0532s	0.8155	0.7380	0.6872
4
0202	0.4670	0.9667	0.8530	0.7260	0.0532s	0.8122	0.7440	0.6906
5
0203	0.5111	0.9417	0.8517	0.7260	0.0531s	0.8119	0.7450	0.6915
0
0204	0.5146	0.9333	0.8528	0.7220	0.0720s	0.8128	0.7440	0.6908
0
0205	0.4826	0.9417	0.8598	0.7220	0.0613s	0.8167	0.7400	0.6866
1
0206	0.4694	0.9417	0.8646	0.7220	0.0604s	0.8195	0.7340	0.6807
2
0207	0.4878	0.9833	0.8643	0.7180	0.0606s	0.8185	0.7340	0.6806
3
0208	0.4681	0.9500	0.8598	0.7220	0.0604s	0.8149	0.7410	0.6904
4
0209	0.4872	0.9500	0.8513	0.7240	0.0602s	0.8099	0.7440	0.6919
5
0210	0.4811	0.9417	0.8499	0.7260	0.0605s	0.8082	0.7460	0.6929
0
0211	0.4976	0.9917	0.8536	0.7260	0.0604s	0.8104	0.7470	0.6937
0
0212	0.4679	0.9500	0.8535	0.7200	0.0607s	0.8117	0.7420	0.6886
1
0213	0.4890	0.9167	0.8559	0.7180	0.0610s	0.8142	0.7370	0.6834
2
0214	0.4976	0.9583	0.8559	0.7180	0.0604s	0.8141	0.7380	0.6845
3
0215	0.4942	0.9583	0.8542	0.7220	0.0604s	0.8121	0.7400	0.6870
4
0216	0.5166	0.9333	0.8530	0.7240	0.0606s	0.8094	0.7440	0.6926
5
0217	0.4820	0.9500	0.8498	0.7240	0.0609s	0.8067	0.7480	0.6963
6
0218	0.5019	0.9667	0.8454	0.7280	0.0603s	0.8045	0.7500	0.6998
0
0219	0.5224	0.9417	0.8438	0.7260	0.0589s	0.8043	0.7480	0.6981
0
0220	0.5000	0.9500	0.8467	0.7300	0.0552s	0.8070	0.7440	0.6905
0
0221	0.4844	0.9583	0.8504	0.7180	0.0539s	0.8089	0.7410	0.6874
1
0222	0.4900	0.9667	0.8498	0.7200	0.0533s	0.8070	0.7460	0.6926
2
0223	0.4594	0.9417	0.8445	0.7240	0.0674s	0.8023	0.7480	0.6951
3
0224	0.4856	0.9250	0.8394	0.7260	0.0638s	0.7991	0.7520	0.7005
4
0225	0.4876	0.9500	0.8412	0.7260	0.0620s	0.7990	0.7470	0.6958
0
0226	0.4875	0.9583	0.8483	0.7280	0.0619s	0.8025	0.7440	0.6915
1
0227	0.4859	0.9833	0.8550	0.7240	0.0616s	0.8069	0.7380	0.6839
2
0228	0.5039	0.9500	0.8557	0.7220	0.0619s	0.8083	0.7390	0.6853
3
0229	0.4780	0.9667	0.8520	0.7240	0.0619s	0.8073	0.7470	0.6947
4
0230	0.4944	0.9333	0.8461	0.7260	0.0622s	0.8037	0.7500	0.6941
5
0231	0.5014	0.9333	0.8413	0.7260	0.0622s	0.8001	0.7520	0.7004
6
0232	0.4655	0.9750	0.8421	0.7220	0.0621s	0.7993	0.7470	0.6942
7
0233	0.4733	0.9583	0.8452	0.7260	0.0617s	0.8016	0.7400	0.6879
8
0234	0.5018	0.9667	0.8489	0.7200	0.0619s	0.8044	0.7390	0.6886
9
0235	0.4425	0.9833	0.8534	0.7200	0.0618s	0.8080	0.7320	0.6791
10
0236	0.5026	0.8917	0.8561	0.7180	0.0623s	0.8100	0.7410	0.6882
11
0237	0.4566	0.9667	0.8540	0.7200	0.0620s	0.8085	0.7480	0.6952
12
0238	0.4787	0.9583	0.8474	0.7220	0.0618s	0.8033	0.7490	0.6970
13
0239	0.4615	0.9417	0.8425	0.7220	0.0620s	0.7994	0.7480	0.6953
14
0240	0.4736	0.9417	0.8406	0.7240	0.0619s	0.7988	0.7460	0.6946
15
0241	0.4765	0.9333	0.8416	0.7240	0.0602s	0.7993	0.7420	0.6911
16
0242	0.4703	0.9250	0.8450	0.7180	0.0559s	0.8008	0.7410	0.6897
17
0243	0.4742	0.9583	0.8487	0.7200	0.0540s	0.8022	0.7450	0.6938
18
0244	0.5076	0.9417	0.8462	0.7260	0.0542s	0.8008	0.7500	0.6995
19
0245	0.4628	0.9250	0.8421	0.7260	0.0531s	0.7991	0.7550	0.7026
20
0246	0.4618	0.9750	0.8395	0.7260	0.0541s	0.7979	0.7540	0.7018
21
0247	0.4798	0.9417	0.8411	0.7240	0.0548s	0.7983	0.7490	0.6941
22
0248	0.4670	0.9833	0.8453	0.7220	0.0536s	0.8009	0.7430	0.6895
23
0249	0.4617	0.9250	0.8507	0.7180	0.0720s	0.8034	0.7390	0.6859
24
0250	0.5062	0.9167	0.8471	0.7220	0.0550s	0.8000	0.7400	0.6864
25
0251	0.4685	0.9500	0.8400	0.7280	0.0534s	0.7961	0.7500	0.6967
26
0252	0.4418	0.9667	0.8391	0.7260	0.0533s	0.7963	0.7510	0.6972
27
0253	0.4549	0.9583	0.8401	0.7260	0.0530s	0.7973	0.7520	0.6980
0
0254	0.4410	0.9417	0.8413	0.7280	0.0530s	0.7981	0.7490	0.6938
1
0255	0.4428	0.9750	0.8439	0.7200	0.0531s	0.8002	0.7460	0.6918
2
0256	0.4648	0.9417	0.8466	0.7160	0.0545s	0.8016	0.7430	0.6898
3
0257	0.4909	0.9167	0.8464	0.7200	0.0530s	0.8002	0.7410	0.6878
4
0258	0.5014	0.9333	0.8425	0.7260	0.0530s	0.7965	0.7450	0.6913
5
0259	0.4492	0.9250	0.8390	0.7260	0.0539s	0.7941	0.7510	0.7000
6
0260	0.4642	0.9250	0.8381	0.7280	0.0533s	0.7939	0.7520	0.7009
0
0261	0.5003	0.9250	0.8388	0.7260	0.0532s	0.7957	0.7500	0.6951
0
0262	0.4526	0.9667	0.8432	0.7200	0.0531s	0.7999	0.7480	0.6910
1
0263	0.4588	0.9583	0.8487	0.7200	0.0536s	0.8024	0.7430	0.6865
2
0264	0.4324	0.9500	0.8462	0.7180	0.0541s	0.7999	0.7460	0.6916
3
0265	0.4632	0.9750	0.8425	0.7260	0.0532s	0.7951	0.7440	0.6898
4
0266	0.4401	0.9583	0.8417	0.7280	0.0532s	0.7934	0.7480	0.6952
5
0267	0.4892	0.9333	0.8450	0.7240	0.0542s	0.7945	0.7430	0.6892
6
0268	0.4481	0.9417	0.8474	0.7220	0.0534s	0.7967	0.7410	0.6872
7
0269	0.4402	0.9583	0.8481	0.7200	0.0530s	0.7987	0.7420	0.6878
8
0270	0.4851	0.9500	0.8437	0.7240	0.0550s	0.7984	0.7470	0.6925
9
0271	0.4570	0.9333	0.8413	0.7260	0.0532s	0.7978	0.7480	0.6911
10
0272	0.4750	0.9667	0.8409	0.7280	0.0528s	0.7962	0.7500	0.6969
11
0273	0.4592	0.9667	0.8435	0.7300	0.0582s	0.7951	0.7480	0.6965
12
0274	0.4656	0.9500	0.8459	0.7300	0.0565s	0.7946	0.7490	0.6965
13
0275	0.4853	0.9583	0.8472	0.7260	0.0559s	0.7948	0.7460	0.6940
14
0276	0.4627	0.9417	0.8457	0.7260	0.0544s	0.7953	0.7400	0.6871
15
0277	0.4393	0.9500	0.8403	0.7280	0.0541s	0.7934	0.7450	0.6911
16
0278	0.4332	0.9583	0.8378	0.7280	0.0545s	0.7936	0.7480	0.6950
17
0279	0.4566	0.9583	0.8342	0.7300	0.0555s	0.7934	0.7500	0.6968
0
0280	0.4492	0.9417	0.8345	0.7320	0.0542s	0.7928	0.7530	0.6995
0
0281	0.4615	0.9750	0.8383	0.7280	0.0543s	0.7930	0.7510	0.6979
1
0282	0.4596	0.9583	0.8452	0.7200	0.0545s	0.7949	0.7520	0.6997
2
0283	0.4460	0.9583	0.8464	0.7160	0.0544s	0.7954	0.7500	0.6977
3
0284	0.4703	0.9667	0.8451	0.7240	0.0546s	0.7948	0.7490	0.6951
4
0285	0.4304	0.9750	0.8408	0.7240	0.0545s	0.7945	0.7440	0.6907
5
0286	0.4632	0.9500	0.8357	0.7200	0.0540s	0.7936	0.7460	0.6921
6
0287	0.4475	0.9500	0.8337	0.7260	0.0545s	0.7939	0.7480	0.6935
7
0288	0.4463	0.9417	0.8358	0.7260	0.0554s	0.7943	0.7510	0.6963
0
0289	0.4744	0.9417	0.8381	0.7220	0.0543s	0.7941	0.7510	0.6962
1
0290	0.4714	0.9250	0.8431	0.7220	0.0543s	0.7952	0.7500	0.6955
2
0291	0.4592	0.9667	0.8484	0.7220	0.0543s	0.7972	0.7460	0.6923
3
0292	0.4704	0.9583	0.8512	0.7120	0.0541s	0.7992	0.7420	0.6866
4
0293	0.4549	0.9583	0.8434	0.7180	0.0555s	0.7958	0.7450	0.6888
5
0294	0.4426	0.9750	0.8328	0.7280	0.0543s	0.7916	0.7490	0.6923
6
0295	0.4647	0.9917	0.8292	0.7260	0.0544s	0.7900	0.7520	0.6973
0
0296	0.4608	0.9417	0.8312	0.7280	0.0543s	0.7903	0.7570	0.7019
0
0297	0.4902	0.9500	0.8412	0.7240	0.0545s	0.7947	0.7510	0.6963
1
0298	0.4787	0.9500	0.8539	0.7120	0.0556s	0.8007	0.7460	0.6914
2
0299	0.4638	0.9583	0.8556	0.7180	0.0543s	0.8012	0.7430	0.6882
3
0300	0.4369	0.9750	0.8469	0.7220	0.0549s	0.7962	0.7440	0.6912
4
0301	0.4626	0.9667	0.8357	0.7220	0.0546s	0.7912	0.7520	0.7010
5
0302	0.4547	0.9583	0.8309	0.7280	0.0542s	0.7898	0.7520	0.6998
6
0303	0.4613	0.9583	0.8325	0.7280	0.0554s	0.7912	0.7500	0.6982
7
0304	0.4516	0.9500	0.8363	0.7200	0.0546s	0.7928	0.7500	0.6982
8
0305	0.4519	0.9667	0.8417	0.7220	0.0545s	0.7950	0.7500	0.6979
9
0306	0.4343	0.9667	0.8482	0.7200	0.0544s	0.7979	0.7460	0.6947
10
0307	0.4758	0.9417	0.8478	0.7220	0.0543s	0.7971	0.7490	0.6987
11
0308	0.4832	0.9250	0.8426	0.7240	0.0544s	0.7939	0.7500	0.6997
12
0309	0.4594	0.9750	0.8368	0.7280	0.0545s	0.7905	0.7510	0.7013
13
0310	0.4736	0.9583	0.8326	0.7260	0.0543s	0.7886	0.7500	0.6983
14
0311	0.4789	0.9083	0.8351	0.7200	0.0542s	0.7916	0.7490	0.6960
15
0312	0.4552	0.9417	0.8376	0.7160	0.0543s	0.7933	0.7440	0.6918
16
0313	0.4395	0.9417	0.8391	0.7200	0.0542s	0.7927	0.7460	0.6931
17
0314	0.4656	0.9500	0.8405	0.7220	0.0545s	0.7905	0.7520	0.6998
18
0315	0.4723	0.9667	0.8421	0.7260	0.0544s	0.7906	0.7520	0.7004
19
0316	0.4337	0.9750	0.8438	0.7240	0.0567s	0.7925	0.7460	0.6926
20
0317	0.4770	0.9583	0.8427	0.7220	0.0546s	0.7933	0.7440	0.6891
21
0318	0.4299	0.9750	0.8413	0.7220	0.0542s	0.7937	0.7410	0.6872
22
0319	0.4461	0.9667	0.8412	0.7200	0.0544s	0.7934	0.7470	0.6935
23
0320	0.4708	0.9333	0.8409	0.7260	0.0543s	0.7928	0.7430	0.6904
24
0321	0.4396	0.9500	0.8386	0.7240	0.0565s	0.7910	0.7510	0.6975
25
0322	0.4693	0.9417	0.8375	0.7240	0.0543s	0.7897	0.7530	0.6991
26
0323	0.4496	0.9833	0.8393	0.7280	0.0544s	0.7908	0.7510	0.6967
27
0324	0.4772	0.9250	0.8382	0.7220	0.0542s	0.7912	0.7520	0.6975
28
0325	0.4394	0.9333	0.8384	0.7240	0.0545s	0.7918	0.7500	0.6955
29
0326	0.4525	0.9667	0.8389	0.7260	0.0544s	0.7928	0.7510	0.6963
30
0327	0.4440	0.9500	0.8384	0.7240	0.0545s	0.7913	0.7490	0.6946
31
0328	0.4503	0.9417	0.8381	0.7200	0.0544s	0.7902	0.7510	0.6967
32
0329	0.4226	0.9667	0.8397	0.7220	0.0559s	0.7906	0.7490	0.6950
33
0330	0.4342	0.9583	0.8418	0.7180	0.0544s	0.7915	0.7490	0.6952
34
0331	0.4702	0.9250	0.8429	0.7180	0.0543s	0.7923	0.7460	0.6921
35
0332	0.4698	0.9583	0.8412	0.7260	0.0545s	0.7919	0.7500	0.6957
36
0333	0.4537	0.9833	0.8359	0.7200	0.0542s	0.7903	0.7500	0.6957
37
0334	0.4523	0.9333	0.8312	0.7300	0.0546s	0.7886	0.7520	0.6976
38
0335	0.4631	0.9500	0.8295	0.7300	0.0545s	0.7883	0.7530	0.6992
39
0336	0.4362	0.9417	0.8300	0.7260	0.0548s	0.7878	0.7530	0.6993
40
0337	0.4465	0.9167	0.8345	0.7260	0.0543s	0.7884	0.7540	0.7004
41
0338	0.4598	0.9667	0.8401	0.7200	0.0545s	0.7895	0.7480	0.6944
42
0339	0.4650	0.9417	0.8455	0.7220	0.0545s	0.7909	0.7450	0.6934
43
0340	0.4296	0.9167	0.8477	0.7200	0.0545s	0.7916	0.7490	0.6985
44
0341	0.4273	0.9667	0.8433	0.7220	0.0545s	0.7901	0.7500	0.6993
45
0342	0.4501	0.9583	0.8348	0.7260	0.0544s	0.7883	0.7510	0.6965
46
0343	0.4572	0.9000	0.8315	0.7280	0.0544s	0.7881	0.7580	0.7036
47
0344	0.4447	0.9333	0.8320	0.7280	0.0546s	0.7883	0.7570	0.7029
48
0345	0.4382	0.9167	0.8348	0.7260	0.0542s	0.7883	0.7520	0.6980
49
0346	0.4228	0.9667	0.8394	0.7200	0.0544s	0.7896	0.7440	0.6907
50
0347	0.4750	0.9500	0.8405	0.7200	0.0544s	0.7893	0.7520	0.6997
51
0348	0.4446	0.9417	0.8402	0.7220	0.0544s	0.7887	0.7540	0.7030
52
0349	0.4562	0.9583	0.8413	0.7180	0.0546s	0.7895	0.7510	0.6983
53
0350	0.4515	0.9667	0.8381	0.7240	0.0571s	0.7893	0.7490	0.6946
54
0351	0.4482	0.9333	0.8334	0.7240	0.0554s	0.7886	0.7530	0.6986
55
0352	0.4759	0.9500	0.8295	0.7240	0.0549s	0.7874	0.7530	0.6989
56
0353	0.4657	0.9667	0.8279	0.7240	0.0545s	0.7859	0.7530	0.6995
57
0354	0.4091	0.9583	0.8313	0.7280	0.0544s	0.7852	0.7550	0.7012
0
0355	0.4763	0.9167	0.8379	0.7220	0.0546s	0.7868	0.7530	0.6986
1
0356	0.4387	0.9583	0.8399	0.7220	0.0544s	0.7874	0.7540	0.7012
2
0357	0.4466	0.9250	0.8407	0.7220	0.0546s	0.7884	0.7530	0.7000
3
0358	0.4341	0.9667	0.8387	0.7280	0.0542s	0.7894	0.7490	0.6942
4
0359	0.4249	0.9750	0.8357	0.7240	0.0556s	0.7903	0.7570	0.7027
5
0360	0.4418	0.9500	0.8294	0.7260	0.0543s	0.7883	0.7550	0.7012
6
0361	0.4497	0.9583	0.8259	0.7300	0.0545s	0.7860	0.7550	0.6993
7
0362	0.4061	0.9583	0.8290	0.7260	0.0542s	0.7857	0.7550	0.7037
0
0363	0.4349	0.9667	0.8344	0.7260	0.0544s	0.7865	0.7560	0.7045
1
0364	0.4087	0.9500	0.8402	0.7240	0.0544s	0.7883	0.7530	0.7029
2
0365	0.4578	0.9333	0.8439	0.7240	0.0543s	0.7907	0.7490	0.6960
3
0366	0.4382	0.9583	0.8403	0.7280	0.0544s	0.7906	0.7530	0.7000
4
0367	0.4560	0.9333	0.8339	0.7300	0.0556s	0.7895	0.7520	0.6956
5
0368	0.4196	0.9583	0.8267	0.7280	0.0542s	0.7881	0.7540	0.6936
6
0369	0.4443	0.9333	0.8262	0.7260	0.0541s	0.7880	0.7560	0.6959
7
0370	0.4579	0.9500	0.8295	0.7240	0.0539s	0.7881	0.7570	0.7032
8
0371	0.4578	0.9333	0.8395	0.7220	0.0545s	0.7906	0.7500	0.6964
9
0372	0.4424	0.9417	0.8462	0.7220	0.0544s	0.7930	0.7480	0.6939
10
0373	0.4432	0.9417	0.8437	0.7220	0.0543s	0.7918	0.7490	0.6946
11
0374	0.4737	0.9333	0.8329	0.7240	0.0544s	0.7875	0.7560	0.7014
12
0375	0.4547	0.9083	0.8240	0.7280	0.0602s	0.7845	0.7580	0.7038
13
0376	0.4330	0.9500	0.8234	0.7300	0.0557s	0.7848	0.7570	0.7008
0
0377	0.4746	0.9333	0.8274	0.7300	0.0543s	0.7867	0.7550	0.6971
0
0378	0.4553	0.9583	0.8335	0.7240	0.0542s	0.7891	0.7540	0.6965
1
0379	0.4517	0.9250	0.8378	0.7200	0.0544s	0.7893	0.7520	0.6959
2
0380	0.4405	0.9750	0.8369	0.7200	0.0544s	0.7869	0.7550	0.7006
3
0381	0.4354	0.9667	0.8372	0.7240	0.0543s	0.7856	0.7550	0.7045
4
0382	0.4484	0.9583	0.8342	0.7240	0.0548s	0.7845	0.7550	0.7043
5
0383	0.4544	0.9500	0.8287	0.7280	0.0543s	0.7830	0.7610	0.7086
6
0384	0.4583	0.9333	0.8252	0.7280	0.0544s	0.7830	0.7600	0.7057
7
0385	0.4782	0.9250	0.8275	0.7260	0.0544s	0.7846	0.7600	0.7057
8
0386	0.4448	0.9583	0.8317	0.7280	0.0543s	0.7866	0.7570	0.7028
9
0387	0.4246	0.9917	0.8378	0.7220	0.0543s	0.7888	0.7530	0.6988
10
0388	0.4280	0.9500	0.8416	0.7200	0.0543s	0.7902	0.7520	0.6978
11
0389	0.4278	0.9417	0.8418	0.7220	0.0554s	0.7902	0.7520	0.6980
12
0390	0.4737	0.9500	0.8355	0.7260	0.0545s	0.7872	0.7560	0.7013
13
0391	0.4439	0.9583	0.8290	0.7260	0.0861s	0.7849	0.7620	0.7072
14
0392	0.4375	0.9250	0.8279	0.7300	0.0682s	0.7853	0.7600	0.7056
15
0393	0.4515	0.9500	0.8264	0.7300	0.0630s	0.7858	0.7530	0.6972
16
0394	0.4716	0.9583	0.8275	0.7320	0.0661s	0.7861	0.7580	0.7017
17
0395	0.4474	0.9667	0.8297	0.7240	0.0638s	0.7862	0.7580	0.7034
18
0396	0.4344	0.9167	0.8356	0.7260	0.0632s	0.7881	0.7540	0.6996
19
0397	0.4354	0.9417	0.8427	0.7240	0.0633s	0.7915	0.7500	0.6934
20
0398	0.4346	0.9417	0.8471	0.7220	0.0633s	0.7933	0.7470	0.6906
21
0399	0.4760	0.9500	0.8429	0.7240	0.0631s	0.7903	0.7490	0.6928
22
0400	0.4618	0.9333	0.8337	0.7260	0.0618s	0.7851	0.7540	0.6999
23
0401	0.4697	0.9417	0.8262	0.7260	0.0636s	0.7822	0.7610	0.7045
24
0402	0.4436	0.9417	0.8241	0.7260	0.0634s	0.7820	0.7600	0.7017
25
0403	0.4492	0.9500	0.8294	0.7280	0.0630s	0.7844	0.7540	0.6960
26
0404	0.4198	0.9417	0.8400	0.7240	0.0636s	0.7899	0.7520	0.6938
27
0405	0.4276	0.9583	0.8457	0.7220	0.0617s	0.7920	0.7460	0.6897
28
0406	0.4200	0.9417	0.8468	0.7200	0.0623s	0.7915	0.7480	0.6935
29
0407	0.4379	0.9667	0.8403	0.7200	0.0585s	0.7874	0.7530	0.6964
30
0408	0.4587	0.9750	0.8322	0.7240	0.0564s	0.7839	0.7590	0.7017
31
0409	0.4381	0.9500	0.8278	0.7220	0.0566s	0.7832	0.7620	0.7031
32
0410	0.4417	0.9750	0.8292	0.7260	0.0547s	0.7846	0.7540	0.6963
33
0411	0.4322	0.9583	0.8370	0.7180	0.0544s	0.7893	0.7530	0.6973
34
0412	0.4677	0.9333	0.8410	0.7140	0.0561s	0.7913	0.7510	0.6956
35
0413	0.4541	0.9417	0.8358	0.7240	0.0548s	0.7879	0.7570	0.7026
36
0414	0.4471	0.9583	0.8314	0.7260	0.0542s	0.7853	0.7550	0.7006
37
0415	0.4513	0.9417	0.8268	0.7200	0.0545s	0.7840	0.7580	0.7050
38
0416	0.4060	0.9583	0.8241	0.7240	0.0548s	0.7837	0.7590	0.7025
39
0417	0.4454	0.9500	0.8279	0.7260	0.0544s	0.7867	0.7530	0.6934
40
0418	0.4346	0.9583	0.8364	0.7220	0.0545s	0.7915	0.7510	0.6958
41
0419	0.4297	0.9333	0.8408	0.7200	0.0543s	0.7930	0.7480	0.6926
42
0420	0.4435	0.9333	0.8390	0.7260	0.0548s	0.7905	0.7500	0.6958
43
0421	0.4645	0.9583	0.8372	0.7220	0.0544s	0.7882	0.7510	0.6960
44
0422	0.4264	0.9417	0.8346	0.7220	0.0543s	0.7872	0.7590	0.7051
45
0423	0.4263	0.9500	0.8333	0.7220	0.0544s	0.7871	0.7580	0.7044
46
0424	0.4288	0.9500	0.8326	0.7260	0.0550s	0.7872	0.7590	0.7044
47
0425	0.4318	0.9667	0.8359	0.7300	0.0573s	0.7900	0.7530	0.6975
48
0426	0.4478	0.9333	0.8389	0.7220	0.0557s	0.7917	0.7520	0.6966
49
0427	0.4400	0.9333	0.8382	0.7200	0.0562s	0.7898	0.7520	0.6982
50
0428	0.4404	0.9750	0.8340	0.7200	0.0560s	0.7854	0.7530	0.6985
51
0429	0.4328	0.9583	0.8350	0.7200	0.0572s	0.7851	0.7570	0.7038
52
0430	0.4397	0.9417	0.8396	0.7200	0.0558s	0.7869	0.7560	0.7028
53
0431	0.4562	0.9667	0.8417	0.7240	0.0546s	0.7887	0.7510	0.6966
54
0432	0.4498	0.9250	0.8409	0.7220	0.0543s	0.7902	0.7510	0.6967
55
0433	0.4467	0.9500	0.8389	0.7200	0.0544s	0.7912	0.7530	0.6971
56
0434	0.4559	0.9750	0.8351	0.7220	0.0545s	0.7892	0.7530	0.6973
57
0435	0.4348	0.9500	0.8321	0.7260	0.0572s	0.7872	0.7570	0.7010
58
0436	0.4286	0.9500	0.8344	0.7280	0.0564s	0.7875	0.7570	0.7002
59
0437	0.4647	0.9833	0.8369	0.7280	0.0549s	0.7879	0.7580	0.7046
60
0438	0.4463	0.9583	0.8380	0.7260	0.0547s	0.7878	0.7540	0.7012
61
0439	0.4574	0.9667	0.8385	0.7180	0.0548s	0.7883	0.7470	0.6945
62
0440	0.4250	0.9750	0.8392	0.7160	0.0547s	0.7900	0.7450	0.6914
63
0441	0.4450	0.9417	0.8415	0.7200	0.0545s	0.7916	0.7490	0.6926
64
0442	0.4351	0.9333	0.8427	0.7220	0.0543s	0.7926	0.7500	0.6936
65
0443	0.4298	0.9500	0.8435	0.7220	0.0547s	0.7931	0.7510	0.6941
66
0444	0.4743	0.9417	0.8418	0.7200	0.0545s	0.7914	0.7510	0.6965
67
0445	0.4517	0.9417	0.8337	0.7200	0.0543s	0.7865	0.7540	0.6996
68
0446	0.4291	0.9333	0.8276	0.7260	0.0545s	0.7834	0.7580	0.7058
69
0447	0.4694	0.9500	0.8266	0.7240	0.0544s	0.7839	0.7540	0.7017
70
0448	0.4669	0.9500	0.8311	0.7260	0.0544s	0.7867	0.7530	0.6981
71
0449	0.4682	0.9333	0.8385	0.7240	0.0560s	0.7897	0.7510	0.6963
72
0450	0.4265	0.9667	0.8422	0.7200	0.0548s	0.7906	0.7490	0.6946
73
0451	0.4211	0.9750	0.8419	0.7220	0.0548s	0.7896	0.7540	0.6991
74
0452	0.4533	0.9750	0.8377	0.7240	0.0546s	0.7875	0.7570	0.7023
75
0453	0.4376	0.9417	0.8302	0.7220	0.0546s	0.7844	0.7580	0.7034
76
0454	0.4499	0.9333	0.8275	0.7220	0.0545s	0.7839	0.7580	0.7038
77
0455	0.4444	0.9583	0.8294	0.7260	0.0547s	0.7855	0.7550	0.7008
78
0456	0.4581	0.9833	0.8378	0.7220	0.0546s	0.7898	0.7520	0.6981
79
0457	0.4831	0.9333	0.8472	0.7160	0.0624s	0.7937	0.7490	0.6943
80
0458	0.4662	0.9250	0.8498	0.7200	0.0584s	0.7937	0.7490	0.6938
81
0459	0.4214	0.9583	0.8456	0.7220	0.0558s	0.7903	0.7520	0.6968
82
0460	0.4274	0.9417	0.8373	0.7260	0.0813s	0.7858	0.7580	0.7050
83
0461	0.4134	0.9417	0.8302	0.7220	0.0693s	0.7835	0.7590	0.7047
84
0462	0.4549	0.9667	0.8261	0.7260	0.0626s	0.7835	0.7580	0.7018
85
0463	0.4588	0.9333	0.8292	0.7280	0.0583s	0.7861	0.7530	0.6952
86
0464	0.4615	0.9583	0.8342	0.7260	0.0551s	0.7875	0.7530	0.6971
87
0465	0.4523	0.9500	0.8406	0.7220	0.0543s	0.7889	0.7470	0.6925
88
0466	0.4407	0.9417	0.8468	0.7180	0.0552s	0.7908	0.7460	0.6913
89
0467	0.4333	0.9750	0.8442	0.7260	0.0716s	0.7898	0.7510	0.6957
90
0468	0.4392	0.9667	0.8379	0.7200	0.0627s	0.7875	0.7550	0.7001
91
0469	0.4644	0.9333	0.8311	0.7240	0.0594s	0.7859	0.7580	0.7014
92
0470	0.4794	0.9250	0.8278	0.7240	0.0558s	0.7858	0.7580	0.7017
93
0471	0.4421	0.9750	0.8268	0.7240	0.0546s	0.7853	0.7550	0.6989
94
0472	0.4450	0.9750	0.8273	0.7240	0.0556s	0.7853	0.7540	0.6998
95
0473	0.4608	0.9500	0.8302	0.7240	0.0547s	0.7861	0.7530	0.6988
96
0474	0.4300	0.9333	0.8365	0.7220	0.0541s	0.7882	0.7510	0.6964
97
0475	0.4410	0.9583	0.8419	0.7280	0.0544s	0.7904	0.7530	0.6982
98
0476	0.4415	0.9333	0.8422	0.7280	0.0545s	0.7906	0.7570	0.7022
99
0477	0.4344	0.9500	0.8379	0.7260	0.0543s	0.7887	0.7550	0.7007
100
0478	0.4248	0.9333	0.8322	0.7260	0.0544s	0.7870	0.7530	0.6991
101
0479	0.4212	0.9667	0.8282	0.7300	0.0545s	0.7871	0.7510	0.6952
102
0480	0.4214	0.9500	0.8275	0.7280	0.0542s	0.7866	0.7550	0.7008
103
0481	0.4580	0.9750	0.8297	0.7260	0.0544s	0.7866	0.7570	0.7026
104
0482	0.4575	0.9417	0.8367	0.7200	0.0543s	0.7889	0.7540	0.6973
105
0483	0.5038	0.9417	0.8452	0.7220	0.0543s	0.7926	0.7520	0.6947
106
0484	0.4371	0.9500	0.8460	0.7240	0.0544s	0.7925	0.7520	0.6950
107
0485	0.4330	0.9667	0.8395	0.7260	0.0555s	0.7892	0.7560	0.7010
108
0486	0.4834	0.9417	0.8307	0.7300	0.0547s	0.7856	0.7570	0.7029
109
0487	0.4530	0.9417	0.8258	0.7320	0.0545s	0.7844	0.7620	0.7075
110
0488	0.4282	0.9250	0.8293	0.7340	0.0543s	0.7866	0.7540	0.6981
111
0489	0.4508	0.9583	0.8338	0.7260	0.0544s	0.7885	0.7530	0.6974
112
0490	0.4282	0.9583	0.8392	0.7240	0.0543s	0.7911	0.7510	0.6950
113
0491	0.4448	0.9750	0.8394	0.7240	0.0544s	0.7900	0.7520	0.6956
114
0492	0.4216	0.9417	0.8369	0.7260	0.0544s	0.7888	0.7550	0.6980
115
0493	0.4043	0.9583	0.8338	0.7260	0.0543s	0.7871	0.7600	0.7047
116
0494	0.4507	0.9417	0.8332	0.7280	0.0544s	0.7860	0.7540	0.6994
117
0495	0.4334	0.9417	0.8351	0.7300	0.0547s	0.7877	0.7530	0.6990
118
0496	0.4278	0.9500	0.8351	0.7260	0.0546s	0.7894	0.7510	0.6957
119
0497	0.4009	0.9750	0.8351	0.7260	0.0552s	0.7905	0.7530	0.6978
120
0498	0.4339	0.9250	0.8305	0.7220	0.0544s	0.7887	0.7550	0.6947
121
0499	0.4443	0.9500	0.8320	0.7260	0.0544s	0.7883	0.7560	0.6993
122
0500	0.4632	0.9250	0.8400	0.7280	0.0547s	0.7916	0.7570	0.7016
123
0501	0.4705	0.9667	0.8407	0.7240	0.0545s	0.7913	0.7550	0.7013
124
0502	0.4558	0.9500	0.8379	0.7220	0.0544s	0.7892	0.7540	0.7006
125
0503	0.4544	0.9333	0.8353	0.7260	0.0545s	0.7878	0.7510	0.6968
126
0504	0.4427	0.9417	0.8333	0.7240	0.0545s	0.7881	0.7530	0.6976
127
0505	0.4262	0.9500	0.8314	0.7220	0.0544s	0.7886	0.7510	0.6939
128
0506	0.4292	0.9667	0.8286	0.7240	0.0544s	0.7876	0.7550	0.6991
129
0507	0.4166	0.9667	0.8276	0.7260	0.0543s	0.7870	0.7590	0.7023
130
0508	0.4132	0.9333	0.8285	0.7260	0.0545s	0.7875	0.7560	0.6991
131
0509	0.4158	0.9167	0.8316	0.7260	0.0538s	0.7883	0.7580	0.7052
132
0510	0.4170	0.9583	0.8333	0.7320	0.0547s	0.7883	0.7580	0.7032
133
0511	0.4125	0.9500	0.8346	0.7300	0.0544s	0.7887	0.7540	0.7002
134
0512	0.4013	0.9750	0.8381	0.7220	0.0543s	0.7909	0.7480	0.6933
135
0513	0.4258	0.9250	0.8407	0.7220	0.0545s	0.7926	0.7460	0.6914
136
0514	0.4459	0.9500	0.8366	0.7220	0.0544s	0.7900	0.7490	0.6940
137
0515	0.4322	0.9583	0.8300	0.7300	0.0545s	0.7871	0.7580	0.7038
138
0516	0.4494	0.9500	0.8266	0.7260	0.0547s	0.7865	0.7620	0.7049
139
0517	0.4261	0.9583	0.8286	0.7240	0.0544s	0.7879	0.7610	0.7038
140
0518	0.4649	0.9333	0.8340	0.7240	0.0549s	0.7892	0.7590	0.7017
141
0519	0.4583	0.9583	0.8371	0.7260	0.0553s	0.7887	0.7560	0.7015
142
0520	0.4207	0.9750	0.8379	0.7240	0.0544s	0.7888	0.7510	0.6955
143
0521	0.4448	0.9500	0.8336	0.7220	0.0543s	0.7872	0.7490	0.6942
144
0522	0.4299	0.9500	0.8291	0.7280	0.0548s	0.7855	0.7520	0.6928
145
0523	0.4508	0.9583	0.8252	0.7300	0.0546s	0.7832	0.7560	0.6981
146
0524	0.4408	0.9417	0.8282	0.7300	0.0544s	0.7841	0.7560	0.6998
147
0525	0.4722	0.9333	0.8329	0.7280	0.0543s	0.7869	0.7500	0.6895
148
0526	0.4362	0.9333	0.8383	0.7240	0.0543s	0.7900	0.7510	0.6923
149
0527	0.4408	0.9667	0.8431	0.7240	0.0542s	0.7921	0.7460	0.6875
150
0528	0.4294	0.9833	0.8403	0.7220	0.0545s	0.7904	0.7480	0.6901
151
0529	0.4502	0.9500	0.8353	0.7260	0.0543s	0.7882	0.7470	0.6876
152
0530	0.4480	0.9833	0.8290	0.7300	0.0544s	0.7866	0.7550	0.6954
153
0531	0.4296	0.9917	0.8251	0.7300	0.0542s	0.7854	0.7540	0.6942
154
0532	0.4401	0.9417	0.8239	0.7300	0.0542s	0.7841	0.7560	0.7001
155
0533	0.4367	0.9500	0.8283	0.7280	0.0545s	0.7852	0.7560	0.7002
156
0534	0.4233	0.9500	0.8365	0.7260	0.0546s	0.7893	0.7480	0.6878
157
0535	0.4605	0.9500	0.8453	0.7160	0.0544s	0.7937	0.7430	0.6879
158
0536	0.4731	0.9500	0.8486	0.7140	0.0544s	0.7951	0.7400	0.6843
159
0537	0.4543	0.9417	0.8441	0.7240	0.0545s	0.7919	0.7480	0.6918
160
0538	0.4578	0.9417	0.8360	0.7220	0.0545s	0.7878	0.7520	0.6956
161
0539	0.4442	0.9417	0.8301	0.7240	0.0544s	0.7857	0.7550	0.6993
162
0540	0.4538	0.9083	0.8270	0.7240	0.0547s	0.7849	0.7530	0.6976
163
0541	0.4573	0.9667	0.8254	0.7280	0.0545s	0.7832	0.7550	0.6993
164
0542	0.4649	0.9500	0.8290	0.7280	0.0545s	0.7840	0.7570	0.7006
165
0543	0.4715	0.9083	0.8337	0.7280	0.0543s	0.7855	0.7530	0.6984
166
0544	0.4266	0.9417	0.8384	0.7240	0.0546s	0.7873	0.7540	0.7030
167
0545	0.4402	0.9667	0.8380	0.7260	0.0543s	0.7874	0.7540	0.6990
168
0546	0.4465	0.9667	0.8337	0.7260	0.0546s	0.7868	0.7540	0.6971
169
0547	0.4011	0.9750	0.8300	0.7260	0.0548s	0.7869	0.7600	0.7035
170
0548	0.4214	0.9500	0.8285	0.7240	0.0548s	0.7880	0.7570	0.6968
171
0549	0.4241	0.9667	0.8296	0.7220	0.0543s	0.7887	0.7570	0.6972
172
0550	0.4201	0.9417	0.8289	0.7260	0.0532s	0.7874	0.7600	0.6995
173
0551	0.4486	0.9583	0.8278	0.7200	0.0544s	0.7854	0.7590	0.7023
174
0552	0.4534	0.9500	0.8299	0.7180	0.0545s	0.7853	0.7560	0.6992
175
0553	0.4196	0.9667	0.8332	0.7200	0.0544s	0.7865	0.7520	0.6955
176
0554	0.4484	0.9833	0.8386	0.7260	0.0541s	0.7885	0.7500	0.6936
177
0555	0.4619	0.9000	0.8385	0.7240	0.0546s	0.7881	0.7500	0.6938
178
0556	0.4379	0.9667	0.8365	0.7200	0.0562s	0.7875	0.7500	0.6941
179
0557	0.4563	0.9583	0.8353	0.7200	0.0546s	0.7868	0.7540	0.6958
180
0558	0.3961	0.9583	0.8345	0.7220	0.0541s	0.7871	0.7570	0.6985
181
0559	0.4253	0.9500	0.8341	0.7220	0.0545s	0.7872	0.7550	0.6948
182
0560	0.4372	0.9583	0.8329	0.7220	0.0542s	0.7864	0.7490	0.6894
183
0561	0.4566	0.9167	0.8291	0.7280	0.0543s	0.7848	0.7530	0.6931
184
0562	0.4202	0.9417	0.8297	0.7280	0.0544s	0.7845	0.7560	0.6959
185
0563	0.4487	0.9583	0.8321	0.7200	0.0543s	0.7838	0.7540	0.6956
186
0564	0.4611	0.9417	0.8331	0.7240	0.0543s	0.7834	0.7580	0.7009
187
0565	0.4070	0.9417	0.8313	0.7200	0.0547s	0.7828	0.7600	0.7050
188
0566	0.4490	0.9583	0.8261	0.7220	0.0545s	0.7812	0.7590	0.7001
189
0567	0.4552	0.9083	0.8253	0.7260	0.0545s	0.7829	0.7560	0.6977
190
0568	0.4436	0.9500	0.8284	0.7260	0.0547s	0.7855	0.7520	0.6921
191
0569	0.4463	0.9083	0.8315	0.7260	0.0545s	0.7867	0.7520	0.6924
192
0570	0.4884	0.9500	0.8362	0.7180	0.0548s	0.7885	0.7520	0.6967
193
0571	0.4618	0.9083	0.8376	0.7180	0.0546s	0.7880	0.7550	0.6992
194
0572	0.4447	0.9333	0.8381	0.7220	0.0548s	0.7870	0.7560	0.7013
195
0573	0.4294	0.9667	0.8322	0.7200	0.0549s	0.7842	0.7590	0.7039
196
0574	0.4391	0.9667	0.8253	0.7260	0.0550s	0.7828	0.7610	0.7058
197
0575	0.4575	0.9667	0.8220	0.7220	0.0545s	0.7831	0.7570	0.7008
198
0576	0.4753	0.9500	0.8231	0.7240	0.0545s	0.7844	0.7570	0.7009
0
0577	0.4554	0.9000	0.8286	0.7240	0.0552s	0.7871	0.7530	0.6958
1
0578	0.4583	0.9167	0.8323	0.7180	0.0759s	0.7884	0.7520	0.6970
2
0579	0.4561	0.9500	0.8352	0.7160	0.0663s	0.7877	0.7520	0.6964
3
0580	0.4426	0.9250	0.8327	0.7200	0.0603s	0.7855	0.7590	0.7040
4
0581	0.4316	0.9667	0.8273	0.7200	0.0556s	0.7832	0.7600	0.7045
5
0582	0.4469	0.9333	0.8245	0.7220	0.0547s	0.7826	0.7620	0.7064
6
0583	0.4560	0.9583	0.8209	0.7240	0.0545s	0.7819	0.7590	0.7020
7
0584	0.4078	0.9750	0.8219	0.7240	0.0544s	0.7826	0.7600	0.7036
0
0585	0.4581	0.9583	0.8272	0.7220	0.0544s	0.7850	0.7480	0.6910
1
0586	0.3941	0.9583	0.8308	0.7240	0.0545s	0.7867	0.7490	0.6921
2
0587	0.4237	0.9583	0.8293	0.7240	0.0545s	0.7859	0.7510	0.6936
3
0588	0.4383	0.9667	0.8266	0.7240	0.0543s	0.7846	0.7600	0.7011
4
0589	0.4362	0.9417	0.8256	0.7200	0.0542s	0.7835	0.7630	0.7058
5
0590	0.4286	0.9667	0.8248	0.7260	0.0544s	0.7828	0.7610	0.7037
6
0591	0.4331	0.9750	0.8256	0.7220	0.0545s	0.7820	0.7630	0.7078
7
0592	0.4325	0.9667	0.8271	0.7260	0.0545s	0.7825	0.7550	0.6989
8
0593	0.4391	0.9667	0.8295	0.7260	0.0542s	0.7849	0.7500	0.6948
9
0594	0.4286	0.9333	0.8271	0.7280	0.0543s	0.7854	0.7510	0.6959
10
0595	0.4433	0.9333	0.8257	0.7300	0.0544s	0.7860	0.7530	0.6934
11
0596	0.4496	0.9333	0.8268	0.7320	0.0541s	0.7860	0.7600	0.7015
12
0597	0.4442	0.9667	0.8319	0.7280	0.0555s	0.7867	0.7560	0.6990
13
0598	0.4168	0.9417	0.8378	0.7220	0.0545s	0.7885	0.7570	0.7019
14
0599	0.4283	0.9500	0.8394	0.7200	0.0546s	0.7877	0.7550	0.6981
15
0600	0.4320	0.9500	0.8371	0.7180	0.0543s	0.7871	0.7490	0.6932
16
0601	0.4678	0.9583	0.8337	0.7220	0.0544s	0.7879	0.7460	0.6888
17
0602	0.4223	0.9333	0.8310	0.7220	0.0544s	0.7887	0.7470	0.6881
18
0603	0.4340	0.9417	0.8316	0.7200	0.0558s	0.7893	0.7490	0.6897
19
0604	0.4388	0.9250	0.8333	0.7280	0.0555s	0.7885	0.7530	0.6929
20
0605	0.4848	0.9333	0.8356	0.7240	0.0550s	0.7871	0.7570	0.7000
21
0606	0.4580	0.9000	0.8369	0.7200	0.0558s	0.7864	0.7570	0.7016
22
0607	0.4681	0.9667	0.8362	0.7240	0.0564s	0.7853	0.7580	0.7024
23
0608	0.4112	0.9583	0.8347	0.7220	0.0565s	0.7851	0.7540	0.6974
24
0609	0.4222	0.9667	0.8326	0.7240	0.0558s	0.7855	0.7540	0.6978
25
0610	0.4701	0.9583	0.8282	0.7260	0.0555s	0.7849	0.7560	0.6997
26
0611	0.4316	0.9750	0.8269	0.7300	0.0556s	0.7847	0.7600	0.7012
27
0612	0.4482	0.9750	0.8270	0.7320	0.0556s	0.7845	0.7620	0.7033
28
0613	0.4184	0.9583	0.8285	0.7280	0.0545s	0.7838	0.7610	0.7048
29
0614	0.4455	0.9667	0.8285	0.7260	0.0543s	0.7823	0.7610	0.7045
30
0615	0.4293	0.9083	0.8315	0.7240	0.0545s	0.7829	0.7580	0.7020
31
0616	0.4648	0.9417	0.8322	0.7200	0.0536s	0.7834	0.7550	0.6991
32
0617	0.4393	0.9333	0.8297	0.7220	0.0545s	0.7842	0.7580	0.7018
33
0618	0.4521	0.9333	0.8277	0.7240	0.0555s	0.7852	0.7560	0.6977
34
0619	0.4583	0.9500	0.8263	0.7260	0.0548s	0.7864	0.7570	0.6964
35
0620	0.4482	0.9500	0.8295	0.7280	0.0548s	0.7883	0.7580	0.6972
36
0621	0.4489	0.9417	0.8302	0.7280	0.0545s	0.7882	0.7590	0.7006
37
0622	0.4447	0.9583	0.8318	0.7240	0.0544s	0.7870	0.7580	0.7042
38
0623	0.4466	0.9750	0.8339	0.7200	0.0543s	0.7872	0.7550	0.7034
39
0624	0.4496	0.9333	0.8324	0.7240	0.0543s	0.7865	0.7570	0.7073
40
0625	0.4489	0.9250	0.8323	0.7200	0.0546s	0.7869	0.7540	0.6983
41
0626	0.4108	0.9500	0.8307	0.7260	0.0545s	0.7870	0.7550	0.6991
42
0627	0.4413	0.9583	0.8301	0.7300	0.0542s	0.7879	0.7580	0.6992
43
0628	0.4240	0.9917	0.8301	0.7300	0.0543s	0.7886	0.7590	0.6999
44
0629	0.4997	0.9250	0.8292	0.7280	0.0542s	0.7870	0.7570	0.6984
45
0630	0.4880	0.9417	0.8297	0.7240	0.0542s	0.7855	0.7560	0.6997
46
0631	0.4429	0.9833	0.8305	0.7220	0.0545s	0.7843	0.7570	0.7031
47
0632	0.4199	0.9250	0.8320	0.7200	0.0544s	0.7838	0.7550	0.7013
48
0633	0.4332	0.9333	0.8316	0.7220	0.0542s	0.7832	0.7550	0.7031
49
0634	0.4373	0.9417	0.8291	0.7280	0.0545s	0.7830	0.7590	0.7045
50
0635	0.4575	0.9500	0.8277	0.7260	0.0543s	0.7844	0.7630	0.7062
51
0636	0.4547	0.9167	0.8274	0.7220	0.0544s	0.7858	0.7570	0.6964
52
0637	0.4433	0.9583	0.8288	0.7200	0.0542s	0.7867	0.7560	0.6953
53
0638	0.4373	0.9417	0.8305	0.7220	0.0543s	0.7861	0.7570	0.7005
54
0639	0.4555	0.9417	0.8303	0.7220	0.0554s	0.7853	0.7580	0.7034
55
0640	0.4679	0.9667	0.8280	0.7240	0.0543s	0.7841	0.7580	0.7036
56
0641	0.4219	0.9667	0.8251	0.7260	0.0545s	0.7831	0.7590	0.7047
57
0642	0.4219	0.9333	0.8228	0.7240	0.0545s	0.7830	0.7580	0.7038
58
0643	0.4585	0.9333	0.8232	0.7240	0.0544s	0.7839	0.7570	0.7010
59
0644	0.4297	0.9583	0.8276	0.7300	0.0544s	0.7860	0.7570	0.6967
60
0645	0.4385	0.9583	0.8355	0.7240	0.0542s	0.7888	0.7550	0.6984
61
0646	0.4406	0.9417	0.8399	0.7220	0.0543s	0.7907	0.7540	0.6972
62
0647	0.4541	0.9500	0.8380	0.7200	0.0545s	0.7903	0.7500	0.6889
63
0648	0.4168	0.9583	0.8325	0.7200	0.0542s	0.7879	0.7550	0.6961
64
0649	0.4290	0.9583	0.8246	0.7240	0.0543s	0.7847	0.7610	0.7044
65
0650	0.4365	0.9667	0.8212	0.7260	0.0546s	0.7835	0.7600	0.7036
66
0651	0.4481	0.9417	0.8230	0.7260	0.0543s	0.7837	0.7580	0.7020
67
0652	0.4432	0.9333	0.8289	0.7220	0.0544s	0.7857	0.7540	0.6987
68
0653	0.4481	0.9583	0.8345	0.7200	0.0551s	0.7876	0.7510	0.6960
69
0654	0.4457	0.9583	0.8365	0.7200	0.0542s	0.7879	0.7520	0.6959
70
0655	0.4376	0.9333	0.8290	0.7200	0.0544s	0.7849	0.7590	0.7042
71
0656	0.4601	0.9833	0.8236	0.7240	0.0543s	0.7834	0.7610	0.7063
72
0657	0.4646	0.9333	0.8218	0.7240	0.0546s	0.7827	0.7650	0.7101
73
0658	0.4307	0.9583	0.8236	0.7260	0.0542s	0.7827	0.7620	0.7051
74
0659	0.4633	0.9583	0.8296	0.7260	0.0544s	0.7845	0.7570	0.7006
75
0660	0.4326	0.9583	0.8372	0.7240	0.0544s	0.7873	0.7530	0.6969
76
0661	0.4742	0.9417	0.8373	0.7240	0.0555s	0.7877	0.7500	0.6944
77
0662	0.4103	0.9333	0.8295	0.7220	0.0543s	0.7847	0.7540	0.6981
78
0663	0.4513	0.9500	0.8237	0.7220	0.0545s	0.7831	0.7610	0.7021
79
0664	0.4252	0.9750	0.8233	0.7200	0.0545s	0.7830	0.7620	0.7029
80
0665	0.4224	0.9750	0.8232	0.7280	0.0544s	0.7825	0.7640	0.7073
81
0666	0.4354	0.9583	0.8276	0.7300	0.0543s	0.7842	0.7640	0.7074
82
0667	0.4429	0.9417	0.8348	0.7220	0.0545s	0.7874	0.7580	0.7015
83
0668	0.4109	0.9667	0.8407	0.7200	0.0544s	0.7910	0.7490	0.6933
84
0669	0.4304	0.9417	0.8420	0.7200	0.0543s	0.7926	0.7460	0.6882
85
0670	0.4534	0.9583	0.8357	0.7200	0.0545s	0.7898	0.7470	0.6869
86
0671	0.4333	0.9667	0.8296	0.7260	0.0543s	0.7865	0.7580	0.6992
87
0672	0.4280	0.9417	0.8267	0.7220	0.0542s	0.7847	0.7590	0.7020
88
0673	0.4513	0.9333	0.8269	0.7300	0.0545s	0.7843	0.7600	0.7031
89
0674	0.4384	0.9750	0.8302	0.7220	0.0542s	0.7856	0.7590	0.7023
90
0675	0.4570	0.9250	0.8331	0.7220	0.0548s	0.7873	0.7550	0.6993
91
0676	0.4375	0.9250	0.8325	0.7220	0.0546s	0.7884	0.7520	0.6971
92
0677	0.4584	0.9333	0.8312	0.7200	0.0544s	0.7881	0.7530	0.6975
93
0678	0.4363	0.9417	0.8310	0.7240	0.0541s	0.7878	0.7530	0.6923
94
0679	0.4169	0.9833	0.8325	0.7240	0.0544s	0.7889	0.7560	0.6943
95
0680	0.4550	0.9583	0.8336	0.7240	0.0545s	0.7897	0.7550	0.6931
96
0681	0.4376	0.9667	0.8332	0.7280	0.0543s	0.7886	0.7550	0.6931
97
0682	0.4496	0.9500	0.8324	0.7260	0.0553s	0.7875	0.7530	0.6946
98
0683	0.4401	0.9500	0.8314	0.7260	0.0542s	0.7873	0.7530	0.6981
99
0684	0.4349	0.9417	0.8299	0.7260	0.0545s	0.7871	0.7500	0.6935
100
0685	0.4457	0.9500	0.8279	0.7260	0.0546s	0.7854	0.7540	0.6989
101
0686	0.4435	0.9333	0.8272	0.7280	0.0544s	0.7846	0.7610	0.7042
102
0687	0.4478	0.9750	0.8289	0.7260	0.0544s	0.7861	0.7570	0.6952
103
0688	0.4142	0.9583	0.8329	0.7280	0.0542s	0.7880	0.7560	0.6943
104
0689	0.4171	0.9333	0.8345	0.7300	0.0544s	0.7879	0.7560	0.6964
105
0690	0.4249	0.9583	0.8360	0.7260	0.0545s	0.7876	0.7560	0.6990
106
0691	0.4462	0.9583	0.8372	0.7220	0.0544s	0.7886	0.7520	0.6966
107
0692	0.4482	0.9417	0.8363	0.7240	0.0539s	0.7891	0.7530	0.6983
108
0693	0.4371	0.9583	0.8336	0.7220	0.0543s	0.7879	0.7530	0.6982
109
0694	0.4670	0.9333	0.8308	0.7240	0.0546s	0.7853	0.7540	0.6985
110
0695	0.4354	0.9833	0.8290	0.7260	0.0543s	0.7846	0.7560	0.6991
111
0696	0.4289	0.9500	0.8311	0.7260	0.0543s	0.7869	0.7580	0.7009
112
0697	0.4479	0.9417	0.8297	0.7260	0.0544s	0.7879	0.7600	0.6985
113
0698	0.4538	0.9167	0.8333	0.7220	0.0545s	0.7903	0.7540	0.6927
114
0699	0.4509	0.9500	0.8343	0.7200	0.0543s	0.7912	0.7480	0.6881
115
0700	0.4346	0.9583	0.8342	0.7240	0.0543s	0.7909	0.7500	0.6907
116
0701	0.4277	0.9833	0.8346	0.7220	0.0544s	0.7899	0.7540	0.6987
117
0702	0.4270	0.9750	0.8296	0.7240	0.0545s	0.7865	0.7550	0.6993
118
0703	0.4367	0.9500	0.8260	0.7280	0.0550s	0.7845	0.7570	0.7010
119
0704	0.4445	0.9417	0.8256	0.7220	0.0545s	0.7847	0.7530	0.6947
120
0705	0.4371	0.9750	0.8281	0.7240	0.0543s	0.7864	0.7530	0.6968
121
0706	0.4308	0.9500	0.8321	0.7220	0.0542s	0.7891	0.7490	0.6888
122
0707	0.4482	0.9333	0.8357	0.7180	0.0544s	0.7917	0.7470	0.6874
123
0708	0.4257	0.9583	0.8359	0.7160	0.0542s	0.7915	0.7470	0.6875
124
0709	0.4434	0.9417	0.8325	0.7220	0.0542s	0.7894	0.7520	0.6950
125
0710	0.4614	0.9417	0.8284	0.7260	0.0544s	0.7871	0.7550	0.6973
126
0711	0.4645	0.9500	0.8263	0.7240	0.0544s	0.7852	0.7590	0.7030
127
0712	0.4227	0.9417	0.8288	0.7240	0.0545s	0.7851	0.7550	0.6996
128
0713	0.4072	0.9667	0.8352	0.7200	0.0543s	0.7874	0.7510	0.6953
129
0714	0.4206	0.9583	0.8379	0.7200	0.0546s	0.7899	0.7450	0.6848
130
0715	0.4498	0.9417	0.8376	0.7200	0.0544s	0.7903	0.7470	0.6864
131
0716	0.4268	0.9750	0.8367	0.7200	0.0543s	0.7898	0.7490	0.6880
132
0717	0.4510	0.9333	0.8331	0.7260	0.0543s	0.7871	0.7580	0.7016
133
0718	0.4461	0.9333	0.8311	0.7260	0.0543s	0.7859	0.7560	0.7003
134
0719	0.4471	0.9500	0.8311	0.7220	0.0542s	0.7858	0.7520	0.6948
135
0720	0.4436	0.9000	0.8329	0.7260	0.0545s	0.7870	0.7520	0.6948
136
0721	0.4605	0.9250	0.8353	0.7260	0.0547s	0.7894	0.7510	0.6936
137
0722	0.4677	0.9583	0.8328	0.7240	0.0547s	0.7889	0.7500	0.6902
138
0723	0.4677	0.9750	0.8306	0.7200	0.0547s	0.7878	0.7520	0.6916
139
0724	0.4471	0.9667	0.8281	0.7260	0.0544s	0.7866	0.7590	0.7007
140
0725	0.4310	0.9667	0.8288	0.7240	0.0545s	0.7862	0.7570	0.6988
141
0726	0.4472	0.9917	0.8334	0.7240	0.0545s	0.7881	0.7570	0.6987
142
0727	0.4460	0.9417	0.8382	0.7200	0.0538s	0.7903	0.7550	0.6972
143
0728	0.4364	0.9750	0.8371	0.7260	0.0543s	0.7905	0.7540	0.6938
144
0729	0.4316	0.9250	0.8316	0.7240	0.0543s	0.7885	0.7530	0.6927
145
0730	0.4218	0.9500	0.8287	0.7220	0.0544s	0.7868	0.7540	0.6958
146
0731	0.4314	0.9750	0.8267	0.7220	0.0574s	0.7853	0.7560	0.6979
147
0732	0.4390	0.9667	0.8277	0.7220	0.0554s	0.7852	0.7550	0.6993
148
0733	0.4293	0.9583	0.8292	0.7220	0.0545s	0.7859	0.7550	0.6994
149
0734	0.4351	0.9667	0.8321	0.7220	0.0544s	0.7874	0.7570	0.7008
150
0735	0.4482	0.9583	0.8351	0.7240	0.0547s	0.7893	0.7560	0.6956
151
0736	0.4134	0.9583	0.8390	0.7240	0.0550s	0.7914	0.7530	0.6927
152
0737	0.4524	0.9750	0.8384	0.7240	0.0545s	0.7912	0.7500	0.6900
153
0738	0.4435	0.9250	0.8351	0.7240	0.0740s	0.7892	0.7510	0.6910
154
0739	0.4291	0.9250	0.8304	0.7280	0.0629s	0.7860	0.7570	0.7007
155
0740	0.4415	0.9417	0.8278	0.7260	0.0618s	0.7840	0.7590	0.7025
156
0741	0.4259	0.9583	0.8320	0.7240	0.0618s	0.7857	0.7580	0.7015
157
0742	0.4385	0.9667	0.8382	0.7220	0.0620s	0.7893	0.7510	0.6913
158
0743	0.4640	0.9083	0.8393	0.7240	0.0829s	0.7909	0.7550	0.6940
159
0744	0.4385	0.9417	0.8380	0.7220	0.0747s	0.7912	0.7580	0.6964
160
0745	0.4379	0.9167	0.8326	0.7220	0.0739s	0.7882	0.7590	0.6978
161
0746	0.4525	0.9333	0.8268	0.7280	0.0739s	0.7849	0.7630	0.7019
162
0747	0.4541	0.9333	0.8252	0.7220	0.0740s	0.7835	0.7590	0.7006
163
0748	0.4414	0.9500	0.8267	0.7240	0.0740s	0.7842	0.7560	0.6959
164
0749	0.4150	0.9417	0.8297	0.7160	0.0739s	0.7850	0.7580	0.6999
165
0750	0.4343	0.9333	0.8360	0.7200	0.0740s	0.7877	0.7610	0.7029
166
0751	0.4655	0.9250	0.8342	0.7200	0.0740s	0.7872	0.7630	0.7049
167
0752	0.4421	0.9583	0.8300	0.7220	0.0740s	0.7860	0.7650	0.7065
168
0753	0.4449	0.9500	0.8258	0.7260	0.0740s	0.7845	0.7640	0.7033
169
0754	0.4771	0.9750	0.8241	0.7260	0.0762s	0.7837	0.7660	0.7072
170
0755	0.4327	0.9917	0.8258	0.7240	0.0707s	0.7831	0.7610	0.7026
171
0756	0.3988	0.9750	0.8312	0.7180	0.0632s	0.7852	0.7580	0.7001
172
0757	0.4356	0.9667	0.8368	0.7200	0.0613s	0.7882	0.7540	0.6964
173
0758	0.4392	0.9583	0.8408	0.7240	0.0631s	0.7916	0.7550	0.6947
174
0759	0.4195	0.9250	0.8390	0.7200	0.0613s	0.7923	0.7570	0.6946
175
0760	0.4257	0.9667	0.8343	0.7220	0.0615s	0.7901	0.7620	0.7019
176
0761	0.4589	0.9583	0.8312	0.7280	0.0614s	0.7875	0.7620	0.7041
177
0762	0.4649	0.9583	0.8285	0.7220	0.0614s	0.7860	0.7550	0.6973
178
0763	0.4410	0.9750	0.8267	0.7260	0.0616s	0.7843	0.7560	0.6979
179
0764	0.4452	0.9167	0.8264	0.7240	0.0611s	0.7830	0.7610	0.7046
180
0765	0.4500	0.9667	0.8300	0.7220	0.0622s	0.7845	0.7650	0.7100
181
0766	0.4488	0.9250	0.8350	0.7220	0.0615s	0.7878	0.7610	0.7068
182
0767	0.4503	0.9417	0.8384	0.7220	0.0614s	0.7900	0.7570	0.7015
183
0768	0.4632	0.9417	0.8370	0.7240	0.0616s	0.7893	0.7570	0.7017
184
0769	0.4393	0.9417	0.8340	0.7240	0.0621s	0.7887	0.7520	0.6943
185
0770	0.4226	0.9667	0.8310	0.7200	0.0614s	0.7883	0.7510	0.6934
186
0771	0.4451	0.9417	0.8262	0.7220	0.0613s	0.7857	0.7520	0.6941
187
0772	0.4250	0.9750	0.8227	0.7220	0.0614s	0.7833	0.7560	0.6975
188
0773	0.4163	0.9750	0.8212	0.7300	0.0621s	0.7824	0.7620	0.7032
189
0774	0.4484	0.9500	0.8223	0.7300	0.0618s	0.7825	0.7650	0.7083
190
0775	0.4195	0.9333	0.8281	0.7260	0.0611s	0.7844	0.7630	0.7064
191
0776	0.4521	0.9500	0.8337	0.7240	0.0612s	0.7871	0.7580	0.7025
192
0777	0.4261	0.9333	0.8383	0.7240	0.0650s	0.7892	0.7520	0.6948
193
0778	0.4345	0.9417	0.8372	0.7260	0.0621s	0.7885	0.7510	0.6932
194
0779	0.4531	0.9583	0.8318	0.7300	0.0631s	0.7865	0.7570	0.6984
195
0780	0.4410	0.9333	0.8239	0.7300	0.0638s	0.7839	0.7600	0.6991
196
0781	0.4385	0.9667	0.8214	0.7300	0.0639s	0.7818	0.7610	0.7002
197
0782	0.4459	0.9250	0.8267	0.7320	0.0648s	0.7819	0.7560	0.6975
198
0783	0.4532	0.9583	0.8329	0.7300	0.0644s	0.7834	0.7530	0.6945
199
Early stop! Min loss:0.8208914399147034,  Max accuracy:0.74
Early stop model validation loss:0.8208914399147034,  accuracy:0.724
Optimization Finished!
Total time elapsed: 44.2370s
test max acc:0.7660
Loading 582th epoch
stru_node_to_hop attention:tensor([[0.3156, 0.3422, 0.3422],
        [0.2050, 0.4818, 0.3133],
        [0.3258, 0.3371, 0.3371],
        [0.2416, 0.3397, 0.4187],
        [0.2975, 0.3512, 0.3512],
        [0.3415, 0.3447, 0.3138],
        [0.3376, 0.3312, 0.3312],
        [0.2406, 0.2659, 0.4935],
        [0.5460, 0.2397, 0.2142],
        [0.3955, 0.3177, 0.2868],
        [0.3652, 0.3218, 0.3129],
        [0.2619, 0.3691, 0.3691],
        [0.2292, 0.3759, 0.3948],
        [0.2673, 0.3480, 0.3847],
        [0.2674, 0.3633, 0.3693],
        [0.3172, 0.3414, 0.3414],
        [0.2622, 0.3691, 0.3687],
        [0.2617, 0.4030, 0.3353],
        [0.2134, 0.2385, 0.5481],
        [0.2302, 0.4446, 0.3252],
        [0.2859, 0.3795, 0.3345],
        [0.2840, 0.3329, 0.3831],
        [0.2552, 0.3498, 0.3950],
        [0.2701, 0.3478, 0.3820],
        [0.3123, 0.3355, 0.3522],
        [0.4462, 0.3045, 0.2493],
        [0.4973, 0.2726, 0.2301],
        [0.2516, 0.2985, 0.4499],
        [0.2399, 0.4489, 0.3113],
        [0.3706, 0.2736, 0.3558],
        [0.3842, 0.2883, 0.3275],
        [0.3594, 0.3055, 0.3351],
        [0.3567, 0.2948, 0.3485],
        [0.2658, 0.3356, 0.3986],
        [0.2336, 0.3084, 0.4580],
        [0.2719, 0.3641, 0.3641],
        [0.2698, 0.3651, 0.3651],
        [0.2639, 0.3681, 0.3681],
        [0.2823, 0.3380, 0.3798],
        [0.2762, 0.4102, 0.3136],
        [0.2560, 0.3640, 0.3801],
        [0.3059, 0.3035, 0.3906],
        [0.4155, 0.2940, 0.2906],
        [0.4926, 0.3164, 0.1911],
        [0.2377, 0.3626, 0.3996],
        [0.3197, 0.3402, 0.3402],
        [0.2665, 0.3348, 0.3987],
        [0.3092, 0.3155, 0.3753],
        [0.3834, 0.2735, 0.3431],
        [0.2409, 0.4044, 0.3548],
        [0.2856, 0.3984, 0.3160],
        [0.2919, 0.3254, 0.3828],
        [0.4793, 0.2818, 0.2389],
        [0.5298, 0.2298, 0.2403],
        [0.4323, 0.2655, 0.3022],
        [0.5043, 0.2692, 0.2265],
        [0.2816, 0.3644, 0.3540],
        [0.2548, 0.3404, 0.4048],
        [0.2589, 0.3742, 0.3668],
        [0.2751, 0.2754, 0.4494],
        [0.5514, 0.2173, 0.2314],
        [0.4959, 0.2401, 0.2640],
        [0.2995, 0.2958, 0.4047],
        [0.3127, 0.3437, 0.3437],
        [0.2835, 0.3215, 0.3950],
        [0.3077, 0.3867, 0.3055],
        [0.2760, 0.3393, 0.3847],
        [0.3017, 0.3312, 0.3671],
        [0.2841, 0.3491, 0.3667],
        [0.3020, 0.4070, 0.2910],
        [0.2481, 0.3876, 0.3643],
        [0.2598, 0.3676, 0.3726],
        [0.3089, 0.3136, 0.3775],
        [0.2837, 0.3469, 0.3693],
        [0.2434, 0.3307, 0.4259],
        [0.2147, 0.4308, 0.3545],
        [0.2429, 0.3962, 0.3609],
        [0.2866, 0.2940, 0.4195],
        [0.2453, 0.4314, 0.3233],
        [0.2595, 0.4365, 0.3040],
        [0.2349, 0.3797, 0.3854],
        [0.2247, 0.4209, 0.3545],
        [0.2909, 0.3353, 0.3738],
        [0.2443, 0.4023, 0.3534],
        [0.2701, 0.3109, 0.4190],
        [0.3352, 0.3482, 0.3166],
        [0.2504, 0.3930, 0.3566],
        [0.2550, 0.3409, 0.4041],
        [0.2671, 0.3206, 0.4123],
        [0.2600, 0.3700, 0.3700],
        [0.4822, 0.2659, 0.2519],
        [0.4506, 0.2694, 0.2800],
        [0.2897, 0.2881, 0.4222],
        [0.2952, 0.3285, 0.3764],
        [0.2579, 0.3711, 0.3711],
        [0.6020, 0.2027, 0.1953],
        [0.6130, 0.1879, 0.1992],
        [0.2845, 0.3566, 0.3589],
        [0.2522, 0.3957, 0.3522],
        [0.6655, 0.1622, 0.1723]], device='cuda:1')
fea_node_to_hop attention:tensor([[0.3142, 0.3008, 0.1905, 0.1945],
        [0.3612, 0.2587, 0.1834, 0.1968],
        [0.2095, 0.4157, 0.1991, 0.1757],
        [0.2374, 0.2988, 0.2448, 0.2190],
        [0.3342, 0.2995, 0.1823, 0.1840],
        [0.4339, 0.2363, 0.1629, 0.1669],
        [0.3176, 0.2850, 0.1930, 0.2044],
        [0.6910, 0.1086, 0.1047, 0.0957],
        [0.4570, 0.2126, 0.1589, 0.1715],
        [0.4163, 0.2332, 0.1767, 0.1738],
        [0.3546, 0.2913, 0.1832, 0.1708],
        [0.3769, 0.2559, 0.1797, 0.1875],
        [0.5351, 0.1556, 0.1545, 0.1549],
        [0.2317, 0.3366, 0.2304, 0.2012],
        [0.3029, 0.2970, 0.2118, 0.1882],
        [0.3066, 0.3119, 0.1988, 0.1827],
        [0.2107, 0.2878, 0.2613, 0.2403],
        [0.2538, 0.3125, 0.2323, 0.2015],
        [0.2742, 0.2965, 0.2250, 0.2044],
        [0.6054, 0.1511, 0.1263, 0.1172],
        [0.3284, 0.2679, 0.2135, 0.1902],
        [0.2495, 0.3507, 0.2106, 0.1892],
        [0.2232, 0.3014, 0.2490, 0.2264],
        [0.3036, 0.2787, 0.2192, 0.1985],
        [0.2050, 0.3768, 0.2212, 0.1970],
        [0.4834, 0.1846, 0.1691, 0.1629],
        [0.5116, 0.1807, 0.1539, 0.1538],
        [0.2178, 0.3164, 0.2484, 0.2173],
        [0.2181, 0.3264, 0.2381, 0.2175],
        [0.2490, 0.3529, 0.2118, 0.1863],
        [0.3996, 0.2518, 0.1802, 0.1684],
        [0.2629, 0.3458, 0.2103, 0.1810],
        [0.2588, 0.3471, 0.2114, 0.1826],
        [0.2925, 0.3099, 0.2080, 0.1897],
        [0.3661, 0.3036, 0.1746, 0.1557],
        [0.2946, 0.2773, 0.2257, 0.2024],
        [0.2678, 0.3283, 0.2139, 0.1900],
        [0.3661, 0.2517, 0.2005, 0.1818],
        [0.2059, 0.3452, 0.2342, 0.2148],
        [0.2539, 0.2903, 0.2387, 0.2171],
        [0.2809, 0.2922, 0.2269, 0.2000],
        [0.2956, 0.3167, 0.2043, 0.1834],
        [0.5258, 0.1835, 0.1490, 0.1417],
        [0.2791, 0.3179, 0.2171, 0.1859],
        [0.1999, 0.3805, 0.2264, 0.1932],
        [0.2026, 0.4156, 0.2047, 0.1771],
        [0.3789, 0.2755, 0.1805, 0.1651],
        [0.2624, 0.3651, 0.1974, 0.1751],
        [0.2435, 0.3832, 0.2026, 0.1707],
        [0.2231, 0.2893, 0.2565, 0.2311],
        [0.2890, 0.2775, 0.2261, 0.2074],
        [0.2750, 0.2975, 0.2244, 0.2031],
        [0.4834, 0.2111, 0.1569, 0.1486],
        [0.4755, 0.2349, 0.1489, 0.1406],
        [0.4211, 0.2303, 0.1797, 0.1688],
        [0.4376, 0.2323, 0.1690, 0.1611],
        [0.2041, 0.2899, 0.2714, 0.2346],
        [0.2457, 0.3256, 0.2277, 0.2009],
        [0.2233, 0.2960, 0.2547, 0.2260],
        [0.3708, 0.2355, 0.2035, 0.1902],
        [0.6274, 0.1326, 0.1203, 0.1197],
        [0.3034, 0.3141, 0.2020, 0.1804],
        [0.2131, 0.3911, 0.2139, 0.1820],
        [0.3321, 0.2882, 0.2012, 0.1785],
        [0.1960, 0.3525, 0.2406, 0.2109],
        [0.3495, 0.3090, 0.1788, 0.1627],
        [0.1935, 0.3127, 0.2581, 0.2357],
        [0.2431, 0.3557, 0.2158, 0.1853],
        [0.2102, 0.3386, 0.2430, 0.2082],
        [0.3433, 0.3237, 0.1773, 0.1557],
        [0.2057, 0.3265, 0.2477, 0.2201],
        [0.2641, 0.3133, 0.2250, 0.1976],
        [0.3279, 0.2912, 0.2024, 0.1785],
        [0.2060, 0.3812, 0.2188, 0.1940],
        [0.4884, 0.2092, 0.1598, 0.1426],
        [0.3075, 0.3083, 0.2011, 0.1831],
        [0.3909, 0.2793, 0.1792, 0.1506],
        [0.2279, 0.3070, 0.2463, 0.2188],
        [0.2476, 0.2801, 0.2546, 0.2177],
        [0.4561, 0.2193, 0.1714, 0.1531],
        [0.2411, 0.3398, 0.2201, 0.1990],
        [0.2946, 0.2782, 0.2249, 0.2022],
        [0.2933, 0.3084, 0.2134, 0.1849],
        [0.2174, 0.2812, 0.2588, 0.2426],
        [0.2286, 0.2738, 0.2600, 0.2377],
        [0.6611, 0.1345, 0.1061, 0.0983],
        [0.2272, 0.3283, 0.2359, 0.2086],
        [0.2763, 0.2819, 0.2328, 0.2090],
        [0.2913, 0.2997, 0.2181, 0.1909],
        [0.3010, 0.2730, 0.2210, 0.2050],
        [0.3823, 0.2801, 0.1734, 0.1642],
        [0.3013, 0.3237, 0.2011, 0.1740],
        [0.1816, 0.3547, 0.2484, 0.2153],
        [0.1846, 0.2837, 0.2741, 0.2576],
        [0.2180, 0.2932, 0.2565, 0.2324],
        [0.4186, 0.2383, 0.1799, 0.1632],
        [0.3717, 0.2203, 0.2109, 0.1971],
        [0.2627, 0.3234, 0.2190, 0.1950],
        [0.2128, 0.2931, 0.2542, 0.2399],
        [0.6368, 0.1244, 0.1192, 0.1196]], device='cuda:1')
perception attention:tensor([0.4516, 0.5484], device='cuda:1')
Test set results: loss= 0.7819 accuracy= 0.7590 F1_score= 0.7020
