# epoch	loss_train	acc_train	loss_val	acc_val	time	acc_test	f1_test
0001	1.7903	0.1917	1.7978	0.0720	0.0541s	1.7969	0.0870	0.0459
0
0002	1.7922	0.1333	1.7984	0.0840	0.0541s	1.7965	0.0970	0.0584
0
0003	1.7863	0.2750	1.7981	0.1580	0.0537s	1.7954	0.1660	0.0992
0
0004	1.7836	0.2417	1.7975	0.1540	0.0530s	1.7941	0.1730	0.1018
0
0005	1.7823	0.2333	1.7961	0.1740	0.0532s	1.7920	0.1940	0.1003
0
0006	1.7758	0.3083	1.7948	0.1780	0.0531s	1.7898	0.1950	0.0990
0
0007	1.7705	0.3417	1.7932	0.2340	0.0531s	1.7875	0.2670	0.1809
0
0008	1.7659	0.4500	1.7910	0.3280	0.0531s	1.7846	0.3800	0.2502
0
0009	1.7603	0.4917	1.7881	0.3420	0.0530s	1.7814	0.3850	0.2527
0
0010	1.7556	0.4833	1.7847	0.3300	0.0531s	1.7777	0.3670	0.2497
0
0011	1.7484	0.5333	1.7806	0.3300	0.0531s	1.7736	0.3650	0.2605
0
0012	1.7393	0.5333	1.7757	0.3360	0.0532s	1.7689	0.3790	0.2750
0
0013	1.7359	0.4500	1.7709	0.3460	0.0530s	1.7640	0.3830	0.2793
0
0014	1.7217	0.5000	1.7651	0.3580	0.0531s	1.7581	0.3900	0.2853
0
0015	1.7143	0.5333	1.7593	0.3680	0.0531s	1.7522	0.3940	0.2917
0
0016	1.7036	0.5583	1.7534	0.3740	0.0530s	1.7459	0.3990	0.3060
0
0017	1.6858	0.5667	1.7474	0.3760	0.0530s	1.7398	0.3950	0.3070
0
0018	1.6757	0.5833	1.7411	0.3920	0.0533s	1.7332	0.4100	0.3282
0
0019	1.6651	0.6083	1.7335	0.4000	0.0529s	1.7257	0.4180	0.3430
0
0020	1.6491	0.5917	1.7249	0.3900	0.0531s	1.7169	0.4030	0.3359
0
0021	1.6301	0.6333	1.7157	0.3760	0.0530s	1.7075	0.4000	0.3385
0
0022	1.6140	0.6167	1.7066	0.3860	0.0528s	1.6979	0.4130	0.3540
0
0023	1.5941	0.6250	1.6972	0.3960	0.0531s	1.6880	0.4270	0.3696
0
0024	1.5830	0.6667	1.6872	0.4080	0.0530s	1.6778	0.4410	0.3787
0
0025	1.5685	0.6167	1.6775	0.4260	0.0531s	1.6681	0.4480	0.3835
0
0026	1.5656	0.6667	1.6685	0.4380	0.0530s	1.6590	0.4640	0.3916
0
0027	1.5267	0.6583	1.6594	0.4440	0.0531s	1.6499	0.4660	0.3894
0
0028	1.5083	0.6750	1.6492	0.4460	0.0540s	1.6398	0.4630	0.3848
0
0029	1.4744	0.6667	1.6388	0.4560	0.0531s	1.6295	0.4640	0.3885
0
0030	1.4646	0.7000	1.6283	0.4600	0.0531s	1.6187	0.4630	0.3890
0
0031	1.4322	0.7500	1.6178	0.4660	0.0533s	1.6073	0.4680	0.3968
0
0032	1.4401	0.7000	1.6072	0.4680	0.0532s	1.5953	0.4760	0.4028
0
0033	1.3998	0.7333	1.5962	0.4740	0.0531s	1.5827	0.4870	0.4173
0
0034	1.3879	0.7500	1.5834	0.4760	0.0534s	1.5684	0.4960	0.4272
0
0035	1.3634	0.7417	1.5694	0.4840	0.0531s	1.5533	0.5070	0.4403
0
0036	1.3518	0.7083	1.5549	0.4860	0.0544s	1.5382	0.5100	0.4430
0
0037	1.3295	0.7417	1.5402	0.4900	0.0531s	1.5234	0.5120	0.4448
0
0038	1.3060	0.7250	1.5263	0.4920	0.0536s	1.5096	0.5120	0.4447
0
0039	1.2985	0.7333	1.5134	0.4940	0.0532s	1.4966	0.5120	0.4441
0
0040	1.2788	0.7083	1.5003	0.4980	0.0532s	1.4836	0.5100	0.4401
0
0041	1.2246	0.7333	1.4877	0.5000	0.0535s	1.4705	0.5150	0.4470
0
0042	1.2389	0.7500	1.4760	0.5040	0.0536s	1.4586	0.5170	0.4522
0
0043	1.2314	0.7333	1.4641	0.4980	0.0529s	1.4464	0.5170	0.4515
0
0044	1.1862	0.7583	1.4526	0.5080	0.0532s	1.4340	0.5270	0.4637
0
0045	1.1570	0.8167	1.4418	0.5180	0.0531s	1.4216	0.5340	0.4698
0
0046	1.1538	0.8167	1.4300	0.5320	0.0531s	1.4081	0.5490	0.4845
0
0047	1.1456	0.8333	1.4180	0.5320	0.0533s	1.3943	0.5570	0.4901
0
0048	1.1198	0.7667	1.4064	0.5380	0.0538s	1.3812	0.5610	0.4941
0
0049	1.1518	0.8500	1.3937	0.5400	0.0532s	1.3678	0.5620	0.4938
0
0050	1.1172	0.8250	1.3802	0.5420	0.0816s	1.3545	0.5600	0.4937
0
0051	1.0849	0.8333	1.3689	0.5440	0.0646s	1.3427	0.5610	0.4929
0
0052	1.0730	0.8250	1.3586	0.5440	0.0634s	1.3321	0.5640	0.4952
0
0053	1.0419	0.8250	1.3499	0.5440	0.0619s	1.3228	0.5620	0.4943
0
0054	1.0251	0.8000	1.3418	0.5480	0.0626s	1.3133	0.5650	0.4989
0
0055	1.0499	0.7833	1.3342	0.5480	0.0621s	1.3041	0.5730	0.5036
0
0056	1.0419	0.8917	1.3252	0.5500	0.0627s	1.2939	0.5770	0.5083
0
0057	1.0435	0.8167	1.3154	0.5540	0.0622s	1.2834	0.5840	0.5173
0
0058	1.0267	0.8583	1.3061	0.5560	0.0617s	1.2733	0.5840	0.5179
0
0059	1.0107	0.9000	1.2973	0.5540	0.0617s	1.2639	0.5850	0.5224
0
0060	0.9491	0.8417	1.2897	0.5600	0.0619s	1.2552	0.5910	0.5302
0
0061	1.0094	0.8250	1.2823	0.5640	0.0622s	1.2469	0.5940	0.5340
0
0062	0.9877	0.8083	1.2748	0.5600	0.0620s	1.2390	0.5960	0.5358
0
0063	0.9667	0.7917	1.2667	0.5620	0.0618s	1.2302	0.6070	0.5481
0
0064	0.9369	0.8667	1.2595	0.5640	0.0617s	1.2223	0.6070	0.5475
0
0065	0.9431	0.8417	1.2515	0.5640	0.0578s	1.2138	0.6120	0.5541
0
0066	0.9306	0.8917	1.2436	0.5680	0.0542s	1.2058	0.6110	0.5556
0
0067	0.9145	0.8833	1.2364	0.5720	0.0533s	1.1979	0.6090	0.5525
0
0068	0.9117	0.9000	1.2281	0.5760	0.0531s	1.1893	0.6120	0.5565
0
0069	0.9224	0.8917	1.2224	0.5880	0.0532s	1.1826	0.6220	0.5694
0
0070	0.9009	0.8417	1.2171	0.5920	0.0529s	1.1762	0.6280	0.5743
0
0071	0.9148	0.9000	1.2125	0.5900	0.0532s	1.1705	0.6260	0.5714
0
0072	0.9013	0.8583	1.2051	0.5920	0.0532s	1.1634	0.6230	0.5657
0
0073	0.8905	0.8417	1.1961	0.5920	0.0534s	1.1552	0.6230	0.5672
0
0074	0.8770	0.8583	1.1887	0.6020	0.0538s	1.1477	0.6280	0.5727
0
0075	0.8888	0.8750	1.1827	0.6060	0.0575s	1.1412	0.6390	0.5880
0
0076	0.8726	0.9333	1.1782	0.6040	0.0552s	1.1358	0.6490	0.5980
0
0077	0.8361	0.8917	1.1717	0.6100	0.0537s	1.1289	0.6510	0.6011
0
0078	0.8747	0.8500	1.1670	0.6100	0.0532s	1.1233	0.6500	0.6013
0
0079	0.8724	0.9000	1.1643	0.6080	0.0532s	1.1192	0.6400	0.5874
0
0080	0.8549	0.8750	1.1631	0.6020	0.0534s	1.1161	0.6380	0.5832
0
0081	0.8730	0.9000	1.1612	0.6000	0.0529s	1.1130	0.6400	0.5852
0
0082	0.8733	0.8417	1.1566	0.6020	0.0532s	1.1082	0.6390	0.5821
0
0083	0.8318	0.8833	1.1509	0.6060	0.0534s	1.1023	0.6410	0.5871
0
0084	0.8208	0.8750	1.1429	0.6060	0.0531s	1.0953	0.6450	0.5920
0
0085	0.8213	0.8583	1.1359	0.6120	0.0546s	1.0890	0.6490	0.5989
0
0086	0.8075	0.9417	1.1294	0.6180	0.0532s	1.0828	0.6600	0.6139
0
0087	0.7922	0.9083	1.1253	0.6200	0.0534s	1.0783	0.6670	0.6223
0
0088	0.7725	0.8750	1.1222	0.6240	0.0518s	1.0749	0.6660	0.6215
0
0089	0.8219	0.9417	1.1207	0.6200	0.0742s	1.0723	0.6610	0.6135
0
0090	0.7889	0.8833	1.1177	0.6160	0.0636s	1.0685	0.6580	0.6097
0
0091	0.7728	0.9000	1.1119	0.6140	0.0634s	1.0622	0.6600	0.6106
0
0092	0.7693	0.9250	1.1050	0.6240	0.0578s	1.0549	0.6630	0.6093
0
0093	0.7893	0.9333	1.0997	0.6300	0.0542s	1.0489	0.6690	0.6177
0
0094	0.7686	0.8917	1.0960	0.6360	0.0532s	1.0446	0.6700	0.6194
0
0095	0.7730	0.9083	1.0949	0.6360	0.0533s	1.0427	0.6790	0.6347
0
0096	0.7684	0.9250	1.0918	0.6300	0.0531s	1.0403	0.6780	0.6329
0
0097	0.7534	0.9000	1.0891	0.6320	0.0532s	1.0378	0.6750	0.6280
0
0098	0.7471	0.9417	1.0853	0.6300	0.0532s	1.0343	0.6760	0.6279
0
0099	0.6840	0.9583	1.0813	0.6320	0.0533s	1.0299	0.6780	0.6282
0
0100	0.7195	0.9000	1.0771	0.6340	0.0530s	1.0253	0.6810	0.6322
0
0101	0.7370	0.9583	1.0728	0.6380	0.0534s	1.0202	0.6980	0.6523
0
0102	0.7398	0.9250	1.0688	0.6460	0.0532s	1.0160	0.7000	0.6547
0
0103	0.7070	0.9333	1.0640	0.6480	0.0528s	1.0121	0.6990	0.6529
0
0104	0.7401	0.9417	1.0593	0.6440	0.0531s	1.0086	0.6970	0.6502
0
0105	0.7086	0.9333	1.0554	0.6500	0.0532s	1.0059	0.6980	0.6495
0
0106	0.7237	0.9583	1.0531	0.6440	0.0533s	1.0038	0.6960	0.6452
0
0107	0.6949	0.9083	1.0494	0.6440	0.0531s	1.0003	0.6960	0.6457
0
0108	0.7354	0.9083	1.0461	0.6600	0.0530s	0.9965	0.7020	0.6527
0
0109	0.6875	0.9250	1.0426	0.6700	0.0536s	0.9920	0.7070	0.6589
0
0110	0.6940	0.9417	1.0390	0.6740	0.0531s	0.9875	0.7110	0.6655
0
0111	0.7123	0.9083	1.0363	0.6800	0.0534s	0.9842	0.7150	0.6695
0
0112	0.6951	0.9167	1.0323	0.6780	0.0535s	0.9810	0.7120	0.6691
0
0113	0.6864	0.9250	1.0294	0.6760	0.0533s	0.9791	0.7110	0.6662
0
0114	0.6876	0.8917	1.0278	0.6720	0.0545s	0.9775	0.7110	0.6642
0
0115	0.6633	0.9667	1.0255	0.6720	0.0534s	0.9748	0.7090	0.6608
0
0116	0.7228	0.9333	1.0218	0.6740	0.0532s	0.9704	0.7100	0.6598
0
0117	0.6635	0.9250	1.0161	0.6780	0.0533s	0.9651	0.7110	0.6594
0
0118	0.6536	0.9250	1.0091	0.6860	0.0536s	0.9595	0.7150	0.6657
0
0119	0.6647	0.9500	1.0019	0.6900	0.0535s	0.9541	0.7170	0.6698
0
0120	0.6632	0.9500	1.0001	0.6860	0.0532s	0.9522	0.7190	0.6734
0
0121	0.6530	0.9500	1.0015	0.6900	0.0534s	0.9516	0.7210	0.6766
0
0122	0.5938	0.9667	1.0053	0.6860	0.0532s	0.9527	0.7150	0.6683
0
0123	0.6743	0.9250	1.0065	0.6860	0.0529s	0.9526	0.7140	0.6667
1
0124	0.6513	0.9417	1.0021	0.6840	0.0533s	0.9492	0.7130	0.6612
2
0125	0.6022	0.9500	0.9953	0.6860	0.0533s	0.9445	0.7140	0.6617
3
0126	0.6451	0.9583	0.9870	0.6900	0.0531s	0.9387	0.7190	0.6693
0
0127	0.6333	0.9167	0.9846	0.6880	0.0532s	0.9362	0.7240	0.6740
0
0128	0.6009	0.9583	0.9859	0.6900	0.0529s	0.9355	0.7210	0.6704
0
0129	0.6229	0.9250	0.9881	0.6880	0.0535s	0.9359	0.7170	0.6665
0
0130	0.6198	0.9500	0.9902	0.6880	0.0535s	0.9362	0.7150	0.6661
1
0131	0.6144	0.9000	0.9893	0.6880	0.0530s	0.9350	0.7160	0.6649
2
0132	0.6171	0.9000	0.9864	0.6780	0.0531s	0.9333	0.7150	0.6610
3
0133	0.6168	0.9583	0.9814	0.6820	0.0537s	0.9300	0.7120	0.6587
4
0134	0.6150	0.9167	0.9763	0.6840	0.0531s	0.9258	0.7150	0.6633
0
0135	0.6277	0.9167	0.9728	0.6900	0.0550s	0.9220	0.7180	0.6670
0
0136	0.5789	0.9500	0.9685	0.6980	0.0541s	0.9176	0.7240	0.6727
0
0137	0.6371	0.9667	0.9656	0.6980	0.0552s	0.9146	0.7230	0.6706
0
0138	0.5772	0.9833	0.9646	0.6960	0.0536s	0.9130	0.7250	0.6731
0
0139	0.5915	0.9250	0.9653	0.6900	0.0531s	0.9129	0.7250	0.6734
0
0140	0.6129	0.9333	0.9681	0.6840	0.0536s	0.9142	0.7170	0.6616
1
0141	0.5875	0.9250	0.9699	0.6820	0.0534s	0.9147	0.7170	0.6616
2
0142	0.5748	0.9417	0.9661	0.6880	0.0565s	0.9116	0.7180	0.6625
3
0143	0.5790	0.9250	0.9602	0.6880	0.0533s	0.9066	0.7250	0.6689
4
0144	0.5553	0.9500	0.9551	0.6980	0.0532s	0.9030	0.7280	0.6720
0
0145	0.5755	0.9583	0.9535	0.6960	0.0600s	0.9015	0.7280	0.6738
0
0146	0.5693	0.9333	0.9528	0.6940	0.0547s	0.9007	0.7280	0.6741
0
0147	0.5434	0.9417	0.9513	0.6880	0.0540s	0.8994	0.7240	0.6709
0
0148	0.5267	0.9333	0.9500	0.6860	0.0544s	0.8983	0.7230	0.6677
0
0149	0.5656	0.9583	0.9492	0.6920	0.0543s	0.8968	0.7220	0.6667
0
0150	0.5791	0.9417	0.9490	0.6920	0.0557s	0.8958	0.7250	0.6694
0
0151	0.5998	0.9167	0.9470	0.6920	0.0536s	0.8932	0.7210	0.6655
0
0152	0.5809	0.9167	0.9461	0.6920	0.0552s	0.8918	0.7250	0.6688
0
0153	0.5613	0.9500	0.9449	0.6920	0.0547s	0.8909	0.7270	0.6711
0
0154	0.5576	0.9333	0.9430	0.6980	0.0646s	0.8905	0.7290	0.6731
0
0155	0.5639	0.9250	0.9384	0.6920	0.0621s	0.8881	0.7300	0.6742
0
0156	0.5580	0.9500	0.9376	0.6960	0.0623s	0.8860	0.7300	0.6744
0
0157	0.5514	0.9333	0.9372	0.6940	0.0825s	0.8839	0.7280	0.6743
0
0158	0.5479	0.9250	0.9378	0.6920	0.0648s	0.8827	0.7240	0.6718
0
0159	0.6057	0.9333	0.9369	0.6940	0.0619s	0.8813	0.7270	0.6746
1
0160	0.5376	0.9583	0.9353	0.6920	0.0623s	0.8800	0.7240	0.6719
0
0161	0.5798	0.9167	0.9328	0.6920	0.0825s	0.8786	0.7260	0.6704
0
0162	0.5615	0.9417	0.9287	0.6960	0.0650s	0.8768	0.7310	0.6758
0
0163	0.5463	0.9667	0.9291	0.6980	0.0621s	0.8775	0.7320	0.6741
0
0164	0.5273	0.9500	0.9309	0.7000	0.0617s	0.8783	0.7330	0.6749
0
0165	0.5066	0.9083	0.9294	0.6940	0.0618s	0.8757	0.7340	0.6780
0
0166	0.5220	0.9750	0.9300	0.6920	0.0618s	0.8744	0.7270	0.6751
1
0167	0.5141	0.9667	0.9305	0.6920	0.0619s	0.8740	0.7250	0.6732
2
0168	0.5477	0.9500	0.9288	0.6940	0.0619s	0.8725	0.7260	0.6742
3
0169	0.5190	0.9500	0.9239	0.6960	0.0619s	0.8701	0.7290	0.6734
4
0170	0.5341	0.9583	0.9191	0.6900	0.0619s	0.8689	0.7320	0.6747
0
0171	0.5085	0.9167	0.9201	0.6920	0.0811s	0.8698	0.7350	0.6774
0
0172	0.5534	0.9333	0.9199	0.6960	0.0638s	0.8700	0.7350	0.6767
1
0173	0.5304	0.9250	0.9192	0.6960	0.0619s	0.8685	0.7350	0.6765
2
0174	0.5263	0.9417	0.9187	0.6960	0.0615s	0.8669	0.7360	0.6793
3
0175	0.5196	0.9250	0.9178	0.6920	0.0621s	0.8649	0.7320	0.6754
0
0176	0.5650	0.9500	0.9172	0.6920	0.0820s	0.8634	0.7320	0.6779
0
0177	0.5320	0.9417	0.9169	0.6880	0.0650s	0.8632	0.7280	0.6725
0
0178	0.5231	0.9417	0.9185	0.6880	0.0861s	0.8646	0.7260	0.6709
0
0179	0.5240	0.9417	0.9201	0.6880	0.0663s	0.8653	0.7280	0.6724
1
0180	0.5443	0.9583	0.9180	0.6880	0.0619s	0.8634	0.7290	0.6732
2
0181	0.5380	0.8917	0.9138	0.6900	0.0619s	0.8599	0.7330	0.6768
3
0182	0.5665	0.9250	0.9103	0.6980	0.0620s	0.8570	0.7360	0.6796
0
0183	0.5307	0.9167	0.9074	0.6980	0.0855s	0.8550	0.7360	0.6819
0
0184	0.5199	0.9333	0.9019	0.7040	0.0773s	0.8520	0.7340	0.6806
0
0185	0.5192	0.9083	0.9010	0.6940	0.0630s	0.8517	0.7340	0.6789
0
0186	0.5294	0.9583	0.9047	0.6900	0.0618s	0.8538	0.7350	0.6777
0
0187	0.4793	0.9583	0.9120	0.6900	0.0619s	0.8572	0.7300	0.6725
1
0188	0.5466	0.9333	0.9185	0.6880	0.0621s	0.8599	0.7270	0.6691
2
0189	0.5186	0.9250	0.9202	0.6900	0.0620s	0.8597	0.7300	0.6715
3
0190	0.5224	0.9417	0.9132	0.6880	0.0622s	0.8551	0.7330	0.6747
4
0191	0.5140	0.9417	0.9068	0.6920	0.0619s	0.8519	0.7330	0.6747
5
0192	0.5116	0.9083	0.8988	0.6940	0.0620s	0.8484	0.7340	0.6790
6
0193	0.5022	0.9667	0.8939	0.6880	0.0621s	0.8461	0.7370	0.6825
0
0194	0.5290	0.9750	0.8908	0.6920	0.0622s	0.8433	0.7390	0.6842
0
0195	0.5157	0.9500	0.8944	0.6960	0.0620s	0.8435	0.7440	0.6881
0
0196	0.5465	0.9167	0.9039	0.6980	0.0618s	0.8480	0.7430	0.6836
1
0197	0.4845	0.9500	0.9072	0.6940	0.0618s	0.8496	0.7370	0.6804
2
0198	0.5073	0.9333	0.9079	0.6880	0.0619s	0.8506	0.7340	0.6783
3
0199	0.5025	0.9417	0.9038	0.6860	0.0601s	0.8490	0.7300	0.6748
4
0200	0.5022	0.9417	0.8970	0.6860	0.0569s	0.8451	0.7340	0.6792
5
0201	0.5163	0.9417	0.8905	0.6860	0.0545s	0.8402	0.7400	0.6852
6
0202	0.4860	0.9500	0.8898	0.6880	0.0548s	0.8381	0.7430	0.6876
0
0203	0.4987	0.9500	0.8932	0.6940	0.0538s	0.8395	0.7410	0.6846
0
0204	0.5183	0.9583	0.8992	0.6980	0.0532s	0.8431	0.7420	0.6852
1
0205	0.5146	0.9500	0.9003	0.6960	0.0534s	0.8432	0.7410	0.6843
2
0206	0.5192	0.9250	0.8964	0.6920	0.0533s	0.8412	0.7410	0.6844
3
0207	0.5229	0.8833	0.8910	0.6920	0.0730s	0.8383	0.7380	0.6825
4
0208	0.5386	0.9583	0.8847	0.6900	0.0622s	0.8348	0.7370	0.6816
5
0209	0.5007	0.9583	0.8825	0.6920	0.0590s	0.8332	0.7400	0.6847
0
0210	0.5132	0.9333	0.8837	0.6920	0.0550s	0.8330	0.7420	0.6866
0
0211	0.5108	0.9500	0.8876	0.6920	0.0580s	0.8349	0.7430	0.6873
1
0212	0.5007	0.9333	0.8905	0.6940	0.0556s	0.8369	0.7440	0.6855
2
0213	0.5103	0.9500	0.8913	0.6960	0.0588s	0.8373	0.7440	0.6852
3
0214	0.5032	0.9250	0.8907	0.6900	0.0560s	0.8372	0.7420	0.6855
4
0215	0.5110	0.9583	0.8886	0.6900	0.0545s	0.8364	0.7380	0.6821
5
0216	0.4769	0.9500	0.8866	0.6940	0.0546s	0.8350	0.7360	0.6804
6
0217	0.4757	0.9667	0.8813	0.6980	0.0546s	0.8322	0.7400	0.6845
7
0218	0.5090	0.9500	0.8800	0.6980	0.0546s	0.8308	0.7420	0.6844
0
0219	0.5180	0.9167	0.8797	0.7000	0.0547s	0.8306	0.7420	0.6872
0
0220	0.5037	0.9500	0.8840	0.6960	0.0543s	0.8322	0.7410	0.6834
0
0221	0.4856	0.9250	0.8891	0.6900	0.0545s	0.8345	0.7410	0.6832
1
0222	0.4830	0.9167	0.8941	0.6900	0.0538s	0.8373	0.7390	0.6804
2
0223	0.4912	0.9500	0.8962	0.6860	0.0532s	0.8385	0.7390	0.6805
3
0224	0.4999	0.9083	0.8942	0.6880	0.0539s	0.8368	0.7380	0.6798
4
0225	0.4942	0.9000	0.8851	0.6940	0.0534s	0.8311	0.7400	0.6821
5
0226	0.5062	0.9083	0.8756	0.7020	0.0532s	0.8259	0.7440	0.6864
6
0227	0.5090	0.9167	0.8724	0.7120	0.0535s	0.8243	0.7490	0.6914
0
0228	0.5003	0.9667	0.8756	0.7060	0.0534s	0.8256	0.7450	0.6873
0
0229	0.4900	0.9583	0.8792	0.6980	0.0533s	0.8275	0.7420	0.6843
1
0230	0.4826	0.9667	0.8830	0.6920	0.0532s	0.8297	0.7410	0.6831
2
0231	0.4870	0.9417	0.8868	0.6900	0.0532s	0.8309	0.7410	0.6850
3
0232	0.4793	0.9750	0.8860	0.6880	0.0534s	0.8302	0.7390	0.6829
4
0233	0.4951	0.9417	0.8814	0.6940	0.0534s	0.8274	0.7400	0.6844
5
0234	0.5051	0.9583	0.8778	0.7000	0.0537s	0.8257	0.7400	0.6851
6
0235	0.5030	0.9250	0.8760	0.7000	0.0536s	0.8255	0.7390	0.6824
7
0236	0.5044	0.9417	0.8772	0.6980	0.0540s	0.8266	0.7410	0.6840
8
0237	0.4820	0.9500	0.8786	0.6960	0.0533s	0.8272	0.7400	0.6800
9
0238	0.4754	0.9500	0.8832	0.6960	0.0533s	0.8286	0.7440	0.6830
10
0239	0.5345	0.9667	0.8836	0.6980	0.0531s	0.8283	0.7440	0.6830
11
0240	0.5114	0.9750	0.8816	0.6980	0.0532s	0.8274	0.7400	0.6836
12
0241	0.5042	0.9083	0.8769	0.6980	0.0532s	0.8246	0.7410	0.6830
13
0242	0.4759	0.9583	0.8749	0.7020	0.0535s	0.8234	0.7410	0.6835
14
0243	0.4604	0.9667	0.8752	0.6980	0.0532s	0.8241	0.7430	0.6862
15
0244	0.5008	0.9250	0.8763	0.6980	0.0538s	0.8249	0.7410	0.6840
16
0245	0.4752	0.9583	0.8784	0.6980	0.0533s	0.8254	0.7400	0.6833
17
0246	0.4852	0.9583	0.8802	0.6980	0.0532s	0.8258	0.7400	0.6821
18
0247	0.4785	0.9333	0.8794	0.6960	0.0532s	0.8265	0.7400	0.6820
19
0248	0.4547	0.9667	0.8723	0.7020	0.0534s	0.8237	0.7430	0.6849
20
0249	0.4486	0.9417	0.8669	0.7120	0.0550s	0.8204	0.7430	0.6855
0
0250	0.4807	0.9667	0.8648	0.7140	0.0535s	0.8186	0.7450	0.6873
0
0251	0.4735	0.9833	0.8671	0.7160	0.0534s	0.8190	0.7470	0.6913
0
0252	0.4835	0.9167	0.8721	0.7060	0.0537s	0.8205	0.7480	0.6920
0
0253	0.5031	0.9500	0.8743	0.7040	0.0532s	0.8218	0.7440	0.6857
1
0254	0.4919	0.9250	0.8726	0.7020	0.0531s	0.8214	0.7440	0.6858
2
0255	0.4739	0.9000	0.8704	0.7040	0.0532s	0.8204	0.7440	0.6861
3
0256	0.4763	0.9500	0.8664	0.7060	0.0530s	0.8186	0.7460	0.6881
4
0257	0.4533	0.9750	0.8626	0.7120	0.0533s	0.8161	0.7440	0.6866
5
0258	0.4670	0.9667	0.8616	0.7120	0.0532s	0.8150	0.7450	0.6878
0
0259	0.4961	0.8917	0.8632	0.7120	0.0531s	0.8157	0.7450	0.6851
0
0260	0.4714	0.9750	0.8668	0.7080	0.0532s	0.8170	0.7460	0.6853
1
0261	0.4846	0.9500	0.8728	0.7020	0.0531s	0.8193	0.7420	0.6818
2
0262	0.4890	0.9250	0.8748	0.7060	0.0532s	0.8198	0.7440	0.6837
3
0263	0.4468	0.9500	0.8728	0.7060	0.0533s	0.8198	0.7470	0.6869
4
0264	0.4822	0.9500	0.8685	0.7120	0.0531s	0.8182	0.7460	0.6860
5
0265	0.5022	0.9333	0.8653	0.7140	0.0531s	0.8157	0.7470	0.6872
6
0266	0.4670	0.9417	0.8619	0.7140	0.0533s	0.8131	0.7460	0.6889
7
0267	0.4600	0.9500	0.8629	0.7160	0.0531s	0.8127	0.7470	0.6912
8
0268	0.4634	0.9417	0.8636	0.7160	0.0530s	0.8133	0.7470	0.6911
0
0269	0.4707	0.9500	0.8633	0.7120	0.0531s	0.8138	0.7440	0.6863
0
0270	0.4755	0.9417	0.8644	0.7140	0.0536s	0.8146	0.7460	0.6880
1
0271	0.4695	0.9667	0.8661	0.7100	0.0532s	0.8155	0.7480	0.6899
2
0272	0.4711	0.9667	0.8670	0.7060	0.0530s	0.8163	0.7450	0.6874
3
0273	0.4510	0.9333	0.8670	0.7080	0.0540s	0.8175	0.7430	0.6859
4
0274	0.4639	0.9333	0.8653	0.7020	0.0536s	0.8177	0.7420	0.6851
5
0275	0.4774	0.9500	0.8619	0.7080	0.0533s	0.8155	0.7440	0.6868
6
0276	0.4767	0.9167	0.8619	0.7140	0.0532s	0.8138	0.7470	0.6891
7
0277	0.4620	0.9500	0.8629	0.7140	0.0534s	0.8135	0.7490	0.6901
8
0278	0.4888	0.9333	0.8664	0.7100	0.0531s	0.8145	0.7480	0.6893
9
0279	0.4750	0.9417	0.8675	0.7040	0.0532s	0.8153	0.7440	0.6861
10
0280	0.4840	0.9500	0.8666	0.7040	0.0534s	0.8160	0.7410	0.6811
11
0281	0.4455	0.9500	0.8669	0.7020	0.0534s	0.8170	0.7440	0.6840
12
0282	0.4569	0.9417	0.8664	0.7060	0.0535s	0.8169	0.7500	0.6892
13
0283	0.4731	0.9083	0.8656	0.7140	0.0534s	0.8151	0.7500	0.6892
14
0284	0.4657	0.9583	0.8647	0.7100	0.0535s	0.8134	0.7440	0.6834
15
0285	0.4526	0.9250	0.8617	0.7060	0.0530s	0.8117	0.7440	0.6840
16
0286	0.4645	0.9417	0.8604	0.7120	0.0533s	0.8110	0.7440	0.6839
17
0287	0.4410	0.9417	0.8607	0.7120	0.0532s	0.8114	0.7440	0.6839
0
0288	0.4964	0.9083	0.8630	0.7100	0.0535s	0.8135	0.7430	0.6828
1
0289	0.4402	0.9667	0.8678	0.7060	0.0533s	0.8175	0.7490	0.6885
2
0290	0.4784	0.9417	0.8719	0.7060	0.0532s	0.8195	0.7490	0.6863
3
0291	0.4471	0.9667	0.8729	0.7040	0.0530s	0.8188	0.7490	0.6910
4
0292	0.4471	0.9833	0.8683	0.7040	0.0531s	0.8150	0.7420	0.6849
5
0293	0.4427	0.9750	0.8592	0.7160	0.0532s	0.8105	0.7410	0.6841
6
0294	0.4548	0.9333	0.8532	0.7160	0.0531s	0.8083	0.7440	0.6869
0
0295	0.4863	0.9583	0.8516	0.7200	0.0537s	0.8079	0.7470	0.6895
0
0296	0.4675	0.9667	0.8543	0.7200	0.0530s	0.8098	0.7480	0.6901
0
0297	0.4947	0.9500	0.8623	0.7160	0.0533s	0.8140	0.7510	0.6926
0
0298	0.4588	0.9583	0.8683	0.7140	0.0533s	0.8167	0.7520	0.6935
1
0299	0.4793	0.9667	0.8712	0.7100	0.0530s	0.8172	0.7480	0.6897
2
0300	0.4880	0.9417	0.8664	0.7080	0.0534s	0.8147	0.7460	0.6884
3
0301	0.4540	0.9167	0.8610	0.7140	0.0531s	0.8126	0.7420	0.6852
4
0302	0.4873	0.9083	0.8559	0.7140	0.0531s	0.8105	0.7420	0.6828
5
0303	0.4755	0.9417	0.8532	0.7220	0.0532s	0.8086	0.7450	0.6849
6
0304	0.4692	0.9500	0.8576	0.7180	0.0531s	0.8107	0.7490	0.6880
0
0305	0.4320	0.9167	0.8606	0.7140	0.0533s	0.8129	0.7510	0.6897
1
0306	0.4621	0.9167	0.8631	0.7120	0.0531s	0.8145	0.7490	0.6881
2
0307	0.4658	0.9417	0.8596	0.7160	0.0533s	0.8130	0.7450	0.6862
3
0308	0.4466	0.9750	0.8549	0.7180	0.0531s	0.8097	0.7420	0.6837
4
0309	0.4435	0.9500	0.8524	0.7120	0.0578s	0.8074	0.7390	0.6812
5
0310	0.4598	0.9500	0.8529	0.7180	0.0549s	0.8062	0.7430	0.6878
6
0311	0.4615	0.9250	0.8562	0.7160	0.0536s	0.8076	0.7480	0.6895
7
0312	0.4546	0.9417	0.8567	0.7160	0.0533s	0.8094	0.7520	0.6933
8
0313	0.4760	0.9750	0.8569	0.7180	0.0542s	0.8113	0.7530	0.6930
9
0314	0.4373	0.9667	0.8569	0.7120	0.0531s	0.8124	0.7450	0.6863
10
0315	0.4695	0.9333	0.8568	0.7080	0.0543s	0.8131	0.7450	0.6866
11
0316	0.4462	0.9333	0.8536	0.7120	0.0748s	0.8104	0.7450	0.6883
12
0317	0.4541	0.9417	0.8522	0.7180	0.0632s	0.8073	0.7440	0.6867
13
0318	0.4580	0.9250	0.8508	0.7220	0.0618s	0.8058	0.7500	0.6939
14
0319	0.4775	0.9583	0.8530	0.7200	0.0620s	0.8065	0.7530	0.6966
0
0320	0.4586	0.9250	0.8562	0.7220	0.0621s	0.8088	0.7510	0.6929
1
0321	0.4688	0.9667	0.8623	0.7120	0.0617s	0.8124	0.7530	0.6944
0
0322	0.4671	0.9500	0.8629	0.7160	0.0621s	0.8130	0.7530	0.6944
1
0323	0.4816	0.9500	0.8580	0.7200	0.0615s	0.8108	0.7560	0.6974
2
0324	0.4631	0.9417	0.8519	0.7220	0.0618s	0.8073	0.7530	0.6947
3
0325	0.4889	0.9167	0.8499	0.7200	0.0620s	0.8045	0.7530	0.6949
0
0326	0.4580	0.9833	0.8492	0.7200	0.0612s	0.8030	0.7540	0.6956
0
0327	0.4732	0.9333	0.8520	0.7180	0.0568s	0.8039	0.7520	0.6962
0
0328	0.4414	0.9500	0.8550	0.7160	0.0541s	0.8054	0.7510	0.6954
1
0329	0.4649	0.9500	0.8524	0.7160	0.0532s	0.8052	0.7510	0.6911
2
0330	0.4522	0.9417	0.8510	0.7160	0.0529s	0.8063	0.7510	0.6914
3
0331	0.4391	0.9667	0.8486	0.7200	0.0534s	0.8054	0.7510	0.6915
4
0332	0.4442	0.9500	0.8476	0.7200	0.0534s	0.8037	0.7520	0.6919
0
0333	0.4401	0.9500	0.8468	0.7240	0.0532s	0.8013	0.7540	0.6953
0
0334	0.4651	0.9167	0.8459	0.7240	0.0530s	0.8002	0.7570	0.7005
0
0335	0.4553	0.9500	0.8448	0.7240	0.0536s	0.7997	0.7570	0.7009
0
0336	0.4327	0.9750	0.8465	0.7220	0.0557s	0.8014	0.7530	0.6977
0
0337	0.4614	0.9250	0.8477	0.7220	0.0537s	0.8027	0.7520	0.6947
1
0338	0.4758	0.9500	0.8506	0.7240	0.0540s	0.8040	0.7530	0.6952
2
0339	0.4717	0.9750	0.8521	0.7240	0.0546s	0.8047	0.7520	0.6942
0
0340	0.4459	0.9583	0.8513	0.7220	0.0538s	0.8042	0.7520	0.6944
0
0341	0.4740	0.9333	0.8508	0.7220	0.0539s	0.8031	0.7540	0.6982
1
0342	0.4622	0.9500	0.8495	0.7240	0.0539s	0.8016	0.7550	0.6989
2
0343	0.4521	0.9333	0.8506	0.7240	0.0539s	0.8021	0.7540	0.6977
0
0344	0.4781	0.9417	0.8502	0.7260	0.0534s	0.8033	0.7490	0.6912
0
0345	0.4538	0.9500	0.8528	0.7220	0.0532s	0.8061	0.7470	0.6867
0
0346	0.4815	0.9333	0.8519	0.7180	0.0532s	0.8072	0.7500	0.6899
1
0347	0.4452	0.9500	0.8494	0.7180	0.0530s	0.8061	0.7530	0.6930
2
0348	0.4555	0.9833	0.8468	0.7240	0.0532s	0.8037	0.7500	0.6905
3
0349	0.4707	0.9500	0.8488	0.7240	0.0530s	0.8028	0.7480	0.6886
4
0350	0.4120	0.9750	0.8531	0.7200	0.0531s	0.8036	0.7470	0.6872
5
0351	0.4486	0.9583	0.8547	0.7200	0.0531s	0.8041	0.7490	0.6931
6
0352	0.4879	0.9167	0.8496	0.7260	0.0529s	0.8021	0.7470	0.6872
7
0353	0.4602	0.9583	0.8458	0.7260	0.0532s	0.8014	0.7500	0.6902
0
0354	0.4258	0.9417	0.8426	0.7240	0.0530s	0.8013	0.7550	0.6949
0
0355	0.4466	0.9500	0.8438	0.7220	0.0531s	0.8026	0.7530	0.6933
0
0356	0.4208	0.9750	0.8506	0.7200	0.0532s	0.8047	0.7450	0.6861
1
0357	0.4681	0.9083	0.8558	0.7180	0.0532s	0.8049	0.7440	0.6847
2
0358	0.4210	0.9583	0.8556	0.7160	0.0531s	0.8031	0.7460	0.6888
3
0359	0.4369	0.9667	0.8486	0.7200	0.0531s	0.7995	0.7470	0.6895
4
0360	0.4324	0.9417	0.8428	0.7240	0.0531s	0.7975	0.7520	0.6939
5
0361	0.4064	0.9417	0.8431	0.7260	0.0531s	0.7992	0.7520	0.6921
6
0362	0.4512	0.9500	0.8466	0.7200	0.0531s	0.8023	0.7480	0.6886
0
0363	0.4873	0.9500	0.8483	0.7160	0.0531s	0.8027	0.7470	0.6877
1
0364	0.4584	0.9417	0.8496	0.7180	0.0534s	0.8022	0.7490	0.6897
2
0365	0.4498	0.9417	0.8495	0.7220	0.0533s	0.8011	0.7480	0.6882
3
0366	0.4791	0.9500	0.8491	0.7220	0.0530s	0.8004	0.7480	0.6880
4
0367	0.4494	0.9667	0.8500	0.7220	0.0531s	0.7999	0.7490	0.6888
5
0368	0.4471	0.9417	0.8492	0.7220	0.0532s	0.7994	0.7480	0.6876
6
0369	0.4366	0.9750	0.8447	0.7260	0.0531s	0.7977	0.7500	0.6898
7
0370	0.4543	0.9500	0.8453	0.7220	0.0534s	0.7994	0.7460	0.6870
0
0371	0.4623	0.9583	0.8476	0.7200	0.0532s	0.8009	0.7460	0.6868
1
0372	0.4454	0.9583	0.8457	0.7260	0.0530s	0.7999	0.7500	0.6904
2
0373	0.4107	0.9250	0.8428	0.7240	0.0530s	0.7990	0.7560	0.6957
0
0374	0.4385	0.9417	0.8430	0.7240	0.0529s	0.7994	0.7570	0.6964
1
0375	0.4579	0.9083	0.8435	0.7260	0.0530s	0.7985	0.7530	0.6926
2
0376	0.4395	0.9833	0.8469	0.7260	0.0532s	0.7994	0.7470	0.6870
0
0377	0.4648	0.9500	0.8476	0.7200	0.0533s	0.7993	0.7460	0.6908
0
0378	0.4435	0.9667	0.8450	0.7240	0.0531s	0.7980	0.7480	0.6930
1
0379	0.4373	0.9417	0.8401	0.7280	0.0532s	0.7973	0.7500	0.6909
2
0380	0.4787	0.9250	0.8356	0.7300	0.0530s	0.7974	0.7570	0.6949
0
0381	0.4617	0.9333	0.8350	0.7320	0.0533s	0.7988	0.7590	0.6939
0
0382	0.4561	0.9500	0.8381	0.7340	0.0531s	0.7999	0.7550	0.6898
0
0383	0.4477	0.9583	0.8425	0.7280	0.0531s	0.7993	0.7540	0.6942
0
0384	0.4558	0.9583	0.8424	0.7280	0.0531s	0.7967	0.7500	0.6943
1
0385	0.4454	0.9250	0.8398	0.7240	0.0532s	0.7945	0.7530	0.6973
2
0386	0.4413	0.9083	0.8348	0.7260	0.0532s	0.7920	0.7530	0.6980
3
0387	0.4685	0.9167	0.8333	0.7280	0.0530s	0.7915	0.7560	0.7004
0
0388	0.4489	0.9667	0.8367	0.7320	0.0538s	0.7937	0.7550	0.6974
0
0389	0.4368	0.9500	0.8413	0.7300	0.0530s	0.7977	0.7520	0.6901
1
0390	0.4575	0.9583	0.8428	0.7280	0.0531s	0.7999	0.7510	0.6893
2
0391	0.4682	0.9583	0.8415	0.7300	0.0531s	0.7980	0.7530	0.6907
3
0392	0.4473	0.9417	0.8439	0.7260	0.0531s	0.7973	0.7550	0.6920
4
0393	0.4420	0.9583	0.8489	0.7260	0.0530s	0.7977	0.7500	0.6892
5
0394	0.4294	0.9667	0.8471	0.7240	0.0529s	0.7959	0.7500	0.6916
6
0395	0.4486	0.9583	0.8396	0.7240	0.0534s	0.7922	0.7560	0.6982
7
0396	0.4295	0.9333	0.8320	0.7280	0.0544s	0.7907	0.7530	0.6936
8
0397	0.4177	0.9583	0.8309	0.7300	0.0551s	0.7917	0.7560	0.6938
0
0398	0.4515	0.9583	0.8356	0.7320	0.0535s	0.7942	0.7580	0.6955
0
0399	0.4579	0.9500	0.8387	0.7280	0.0530s	0.7958	0.7580	0.6953
1
0400	0.4221	0.9583	0.8437	0.7260	0.0531s	0.7980	0.7510	0.6886
2
0401	0.4597	0.9417	0.8490	0.7240	0.0531s	0.7996	0.7490	0.6884
3
0402	0.4425	0.9417	0.8448	0.7240	0.0531s	0.7966	0.7530	0.6941
4
0403	0.4663	0.9250	0.8331	0.7320	0.0533s	0.7916	0.7630	0.7042
5
0404	0.4489	0.9583	0.8286	0.7320	0.0530s	0.7901	0.7640	0.7032
6
0405	0.4315	0.9583	0.8291	0.7320	0.0530s	0.7910	0.7620	0.7017
0
0406	0.4598	0.9667	0.8367	0.7280	0.0532s	0.7945	0.7580	0.6954
1
0407	0.4501	0.9333	0.8442	0.7240	0.0531s	0.7977	0.7520	0.6893
2
0408	0.4213	0.9167	0.8492	0.7200	0.0532s	0.7992	0.7480	0.6853
3
0409	0.4577	0.9750	0.8438	0.7240	0.0534s	0.7955	0.7560	0.6968
4
0410	0.4443	0.9667	0.8349	0.7280	0.0539s	0.7909	0.7590	0.6983
5
0411	0.4266	0.9500	0.8290	0.7280	0.0532s	0.7886	0.7620	0.7015
6
0412	0.4348	0.9500	0.8293	0.7300	0.0531s	0.7887	0.7610	0.7006
7
0413	0.4534	0.9083	0.8304	0.7280	0.0531s	0.7897	0.7580	0.6980
8
0414	0.4358	0.9667	0.8348	0.7220	0.0531s	0.7921	0.7510	0.6914
9
0415	0.4556	0.9667	0.8394	0.7200	0.0533s	0.7937	0.7500	0.6903
10
0416	0.4538	0.9417	0.8417	0.7180	0.0531s	0.7939	0.7500	0.6920
11
0417	0.4600	0.9250	0.8431	0.7200	0.0542s	0.7938	0.7540	0.6976
12
0418	0.4453	0.9583	0.8368	0.7240	0.0531s	0.7913	0.7590	0.7027
13
0419	0.4293	0.9583	0.8328	0.7280	0.0530s	0.7899	0.7590	0.7031
14
0420	0.4237	0.9583	0.8352	0.7240	0.0531s	0.7913	0.7570	0.6992
15
0421	0.4246	0.9667	0.8358	0.7240	0.0531s	0.7919	0.7540	0.6965
16
0422	0.4654	0.9667	0.8360	0.7240	0.0532s	0.7919	0.7570	0.6988
17
0423	0.4531	0.9750	0.8407	0.7240	0.0532s	0.7940	0.7550	0.6940
18
0424	0.4706	0.9250	0.8436	0.7240	0.0538s	0.7945	0.7520	0.6906
19
0425	0.4220	0.9417	0.8410	0.7260	0.0531s	0.7923	0.7580	0.7008
20
0426	0.4333	0.9500	0.8362	0.7240	0.0529s	0.7905	0.7590	0.7025
21
0427	0.4547	0.9833	0.8353	0.7220	0.0531s	0.7923	0.7500	0.6936
22
0428	0.4492	0.9750	0.8368	0.7200	0.0532s	0.7954	0.7470	0.6893
23
0429	0.4153	0.9750	0.8336	0.7220	0.0529s	0.7942	0.7510	0.6925
24
0430	0.4357	0.9500	0.8323	0.7280	0.0528s	0.7930	0.7610	0.6983
25
0431	0.4444	0.9333	0.8371	0.7300	0.0537s	0.7934	0.7580	0.6972
26
0432	0.4290	0.9500	0.8431	0.7260	0.0534s	0.7951	0.7570	0.6957
27
0433	0.4573	0.9417	0.8461	0.7260	0.0532s	0.7953	0.7560	0.6995
28
0434	0.4594	0.9583	0.8453	0.7220	0.0542s	0.7954	0.7490	0.6892
29
0435	0.4553	0.9750	0.8380	0.7220	0.0532s	0.7940	0.7500	0.6891
30
0436	0.4262	0.9500	0.8293	0.7260	0.0530s	0.7914	0.7510	0.6904
31
0437	0.4744	0.9500	0.8260	0.7280	0.0532s	0.7890	0.7560	0.6943
32
0438	0.4255	0.9750	0.8349	0.7260	0.0530s	0.7902	0.7550	0.6949
0
0439	0.4217	0.9583	0.8451	0.7240	0.0531s	0.7943	0.7490	0.6882
1
0440	0.4522	0.9667	0.8479	0.7240	0.0531s	0.7952	0.7500	0.6913
2
0441	0.4722	0.9500	0.8499	0.7220	0.0531s	0.7967	0.7480	0.6877
3
0442	0.4436	0.9167	0.8414	0.7260	0.0533s	0.7934	0.7520	0.6899
4
0443	0.4193	0.9750	0.8321	0.7280	0.0535s	0.7903	0.7560	0.6941
5
0444	0.4304	0.9500	0.8269	0.7280	0.0534s	0.7893	0.7620	0.6995
6
0445	0.4360	0.9583	0.8284	0.7280	0.0530s	0.7894	0.7600	0.6975
7
0446	0.4298	0.9750	0.8334	0.7260	0.0541s	0.7901	0.7530	0.6914
8
0447	0.4686	0.9250	0.8403	0.7240	0.0533s	0.7921	0.7540	0.6960
9
0448	0.4604	0.9417	0.8433	0.7220	0.0535s	0.7926	0.7550	0.6964
10
0449	0.4655	0.9333	0.8372	0.7260	0.0531s	0.7896	0.7540	0.6934
11
0450	0.4182	0.9833	0.8330	0.7240	0.0530s	0.7887	0.7560	0.6953
12
0451	0.4309	0.9333	0.8301	0.7240	0.0538s	0.7885	0.7590	0.6989
13
0452	0.4343	0.9250	0.8349	0.7260	0.0532s	0.7918	0.7620	0.7012
14
0453	0.4257	0.9833	0.8442	0.7240	0.0529s	0.7964	0.7550	0.6951
15
0454	0.4425	0.9083	0.8428	0.7220	0.0530s	0.7949	0.7550	0.6951
16
0455	0.4590	0.9333	0.8351	0.7260	0.0530s	0.7897	0.7610	0.7003
17
0456	0.4548	0.9667	0.8286	0.7280	0.0528s	0.7862	0.7600	0.7014
18
0457	0.4564	0.9333	0.8289	0.7280	0.0530s	0.7863	0.7620	0.7066
19
0458	0.4340	0.9583	0.8400	0.7260	0.0530s	0.7905	0.7600	0.7042
20
0459	0.4357	0.9417	0.8518	0.7220	0.0530s	0.7973	0.7530	0.6965
21
0460	0.4512	0.9667	0.8529	0.7140	0.0531s	0.7999	0.7520	0.6914
22
0461	0.4433	0.9833	0.8466	0.7200	0.0538s	0.7979	0.7530	0.6924
23
0462	0.4594	0.9000	0.8353	0.7240	0.0535s	0.7938	0.7590	0.6984
24
0463	0.4601	0.9333	0.8268	0.7280	0.0533s	0.7902	0.7610	0.7008
25
0464	0.4427	0.9667	0.8263	0.7240	0.0534s	0.7887	0.7610	0.7009
26
0465	0.4347	0.9667	0.8331	0.7220	0.0533s	0.7901	0.7530	0.6935
27
0466	0.4493	0.9667	0.8418	0.7220	0.0531s	0.7923	0.7500	0.6925
28
0467	0.4751	0.9667	0.8423	0.7220	0.0531s	0.7916	0.7520	0.6956
29
0468	0.4350	0.9833	0.8399	0.7260	0.0533s	0.7909	0.7540	0.6972
30
0469	0.4339	0.9333	0.8360	0.7240	0.0531s	0.7907	0.7560	0.6950
31
0470	0.4439	0.9500	0.8338	0.7240	0.0532s	0.7910	0.7580	0.6973
32
0471	0.4379	0.9750	0.8333	0.7240	0.0530s	0.7913	0.7560	0.6963
33
0472	0.4389	0.9500	0.8405	0.7240	0.0532s	0.7947	0.7520	0.6924
34
0473	0.4634	0.9417	0.8446	0.7220	0.0531s	0.7961	0.7470	0.6873
35
0474	0.4491	0.9333	0.8447	0.7220	0.0531s	0.7950	0.7520	0.6937
36
0475	0.4245	0.9583	0.8388	0.7260	0.0531s	0.7921	0.7540	0.6955
37
0476	0.4346	0.9500	0.8326	0.7260	0.0533s	0.7898	0.7560	0.6957
38
0477	0.4163	0.9750	0.8312	0.7240	0.0530s	0.7906	0.7570	0.6967
39
0478	0.4246	0.9833	0.8329	0.7260	0.0530s	0.7917	0.7560	0.6937
40
0479	0.4447	0.9167	0.8354	0.7280	0.0533s	0.7917	0.7570	0.6942
41
0480	0.4699	0.9667	0.8397	0.7280	0.0531s	0.7926	0.7550	0.6948
42
0481	0.4210	0.9250	0.8463	0.7240	0.0530s	0.7945	0.7480	0.6880
43
0482	0.4154	0.9750	0.8465	0.7260	0.0531s	0.7940	0.7500	0.6898
44
0483	0.4491	0.9667	0.8441	0.7260	0.0534s	0.7926	0.7530	0.6921
45
0484	0.4552	0.9417	0.8406	0.7220	0.0531s	0.7910	0.7520	0.6911
46
0485	0.4392	0.9167	0.8372	0.7240	0.0539s	0.7896	0.7540	0.6933
47
0486	0.4211	0.9833	0.8370	0.7260	0.0544s	0.7899	0.7570	0.6937
48
0487	0.4552	0.9167	0.8403	0.7220	0.0543s	0.7928	0.7560	0.6934
49
0488	0.4569	0.9750	0.8396	0.7220	0.0529s	0.7929	0.7560	0.6940
50
0489	0.4361	0.9667	0.8373	0.7260	0.0533s	0.7904	0.7560	0.6931
51
0490	0.4268	0.9167	0.8377	0.7260	0.0534s	0.7895	0.7580	0.6967
52
0491	0.4486	0.9417	0.8414	0.7260	0.0535s	0.7918	0.7560	0.6940
53
0492	0.4351	0.9417	0.8408	0.7240	0.0532s	0.7915	0.7550	0.6930
54
0493	0.4238	0.9750	0.8367	0.7240	0.0535s	0.7898	0.7520	0.6912
55
0494	0.4337	0.9750	0.8355	0.7280	0.0534s	0.7903	0.7540	0.6936
56
0495	0.4450	0.9333	0.8323	0.7260	0.0536s	0.7912	0.7550	0.6934
57
0496	0.4418	0.9583	0.8354	0.7280	0.0529s	0.7931	0.7520	0.6900
58
0497	0.4272	0.9083	0.8393	0.7240	0.0536s	0.7933	0.7560	0.6953
59
0498	0.4628	0.9667	0.8431	0.7220	0.0542s	0.7930	0.7540	0.6926
60
0499	0.4224	0.9750	0.8418	0.7260	0.0546s	0.7915	0.7540	0.6971
61
0500	0.4723	0.9417	0.8384	0.7260	0.0544s	0.7895	0.7540	0.6973
62
0501	0.4263	0.9500	0.8373	0.7280	0.0546s	0.7898	0.7530	0.6921
63
0502	0.4506	0.9667	0.8358	0.7260	0.0545s	0.7911	0.7540	0.6932
64
0503	0.4298	0.9750	0.8348	0.7240	0.0534s	0.7931	0.7540	0.6913
65
0504	0.4103	0.9500	0.8331	0.7220	0.0537s	0.7930	0.7560	0.6911
66
0505	0.4690	0.9500	0.8361	0.7280	0.0540s	0.7919	0.7540	0.6933
67
0506	0.4860	0.9750	0.8394	0.7280	0.0527s	0.7907	0.7520	0.6907
68
0507	0.4232	0.9667	0.8457	0.7200	0.0532s	0.7919	0.7510	0.6920
69
0508	0.4311	0.9583	0.8420	0.7200	0.0538s	0.7904	0.7530	0.6940
70
0509	0.4759	0.9250	0.8370	0.7220	0.0537s	0.7894	0.7500	0.6896
71
0510	0.4184	0.9583	0.8317	0.7240	0.0533s	0.7893	0.7580	0.6977
72
0511	0.4109	0.9500	0.8338	0.7300	0.0536s	0.7925	0.7550	0.6904
73
0512	0.4537	0.9667	0.8405	0.7260	0.0544s	0.7958	0.7510	0.6864
74
0513	0.4394	0.9333	0.8464	0.7200	0.0538s	0.7966	0.7540	0.6912
75
0514	0.4501	0.9500	0.8477	0.7240	0.0536s	0.7944	0.7520	0.6905
76
0515	0.4250	0.9667	0.8459	0.7220	0.0533s	0.7921	0.7500	0.6934
77
0516	0.4182	0.9833	0.8372	0.7240	0.0537s	0.7885	0.7520	0.6958
78
0517	0.4469	0.9417	0.8274	0.7240	0.0538s	0.7853	0.7600	0.7041
79
0518	0.4477	0.9667	0.8255	0.7260	0.0539s	0.7854	0.7590	0.6986
80
0519	0.4441	0.9333	0.8330	0.7260	0.0543s	0.7894	0.7550	0.6932
0
0520	0.4814	0.9083	0.8424	0.7240	0.0538s	0.7938	0.7500	0.6884
1
0521	0.4442	0.9167	0.8458	0.7200	0.0534s	0.7953	0.7460	0.6843
2
0522	0.4483	0.9583	0.8434	0.7200	0.0541s	0.7938	0.7470	0.6874
3
0523	0.4680	0.9167	0.8376	0.7220	0.0541s	0.7911	0.7530	0.6925
4
0524	0.4630	0.9583	0.8310	0.7260	0.0533s	0.7876	0.7580	0.6971
5
0525	0.4273	0.9667	0.8270	0.7320	0.0538s	0.7855	0.7640	0.7050
6
0526	0.4330	0.9583	0.8281	0.7300	0.0541s	0.7852	0.7600	0.7012
7
0527	0.4231	0.9500	0.8346	0.7260	0.0541s	0.7880	0.7580	0.6993
8
0528	0.4611	0.9583	0.8417	0.7240	0.0530s	0.7919	0.7520	0.6917
9
0529	0.4612	0.9333	0.8435	0.7240	0.0537s	0.7938	0.7460	0.6866
10
0530	0.4558	0.9333	0.8400	0.7260	0.0538s	0.7928	0.7510	0.6883
11
0531	0.4159	0.9583	0.8367	0.7240	0.0530s	0.7917	0.7560	0.6953
12
0532	0.4340	0.9667	0.8331	0.7260	0.0535s	0.7905	0.7590	0.6980
13
0533	0.4091	0.9667	0.8338	0.7260	0.0534s	0.7899	0.7620	0.7031
14
0534	0.4550	0.9583	0.8360	0.7300	0.0536s	0.7904	0.7580	0.6969
15
0535	0.4336	0.9417	0.8393	0.7260	0.0535s	0.7919	0.7530	0.6930
16
0536	0.4548	0.9500	0.8375	0.7240	0.0534s	0.7915	0.7510	0.6915
17
0537	0.4563	0.9250	0.8332	0.7240	0.0536s	0.7897	0.7550	0.6955
18
0538	0.4501	0.9583	0.8308	0.7320	0.0538s	0.7883	0.7590	0.6984
19
0539	0.4836	0.9250	0.8308	0.7300	0.0542s	0.7883	0.7600	0.6991
20
0540	0.3854	0.9583	0.8334	0.7280	0.0539s	0.7893	0.7600	0.7014
21
0541	0.4138	0.9750	0.8328	0.7280	0.0536s	0.7887	0.7580	0.6996
22
0542	0.4473	0.9667	0.8338	0.7260	0.0531s	0.7892	0.7550	0.6950
23
0543	0.4571	0.9417	0.8382	0.7240	0.0532s	0.7914	0.7510	0.6913
24
0544	0.4472	0.9500	0.8421	0.7240	0.0542s	0.7934	0.7530	0.6932
25
0545	0.4277	0.9417	0.8420	0.7240	0.0539s	0.7935	0.7530	0.6933
26
0546	0.4313	0.9333	0.8390	0.7280	0.0531s	0.7925	0.7560	0.6955
27
0547	0.4301	0.9667	0.8354	0.7280	0.0531s	0.7919	0.7570	0.6967
28
0548	0.4497	0.9500	0.8331	0.7280	0.0530s	0.7922	0.7590	0.6988
29
0549	0.4637	0.9083	0.8349	0.7260	0.0532s	0.7926	0.7560	0.6960
30
0550	0.4369	0.9500	0.8369	0.7260	0.0532s	0.7927	0.7570	0.6963
31
0551	0.4122	0.9500	0.8399	0.7260	0.0537s	0.7932	0.7560	0.6957
32
0552	0.4567	0.9667	0.8377	0.7260	0.0545s	0.7915	0.7540	0.6961
33
0553	0.4447	0.9500	0.8348	0.7260	0.0535s	0.7900	0.7560	0.6977
34
0554	0.4640	0.9083	0.8312	0.7280	0.0535s	0.7882	0.7610	0.7026
35
0555	0.4090	0.9667	0.8310	0.7240	0.0538s	0.7887	0.7570	0.6991
36
0556	0.4409	0.9583	0.8339	0.7240	0.0536s	0.7899	0.7540	0.6941
37
0557	0.4213	0.9500	0.8367	0.7220	0.0533s	0.7902	0.7530	0.6926
38
0558	0.4590	0.9333	0.8390	0.7240	0.0534s	0.7901	0.7560	0.6977
39
0559	0.4535	0.9750	0.8408	0.7260	0.0543s	0.7904	0.7570	0.6983
40
0560	0.4017	0.9500	0.8404	0.7260	0.0540s	0.7908	0.7560	0.6946
41
0561	0.4354	0.9417	0.8344	0.7280	0.0533s	0.7898	0.7590	0.6979
42
0562	0.4454	0.9417	0.8280	0.7280	0.0542s	0.7890	0.7610	0.6978
43
0563	0.4447	0.9833	0.8272	0.7260	0.0543s	0.7892	0.7570	0.6944
44
0564	0.4489	0.9750	0.8288	0.7260	0.0530s	0.7890	0.7540	0.6920
45
0565	0.4155	0.9500	0.8327	0.7220	0.0536s	0.7893	0.7480	0.6866
46
0566	0.4433	0.9333	0.8368	0.7200	0.0532s	0.7893	0.7550	0.6947
47
0567	0.4189	0.9333	0.8388	0.7220	0.0521s	0.7894	0.7530	0.6946
48
0568	0.4208	0.9667	0.8389	0.7280	0.0538s	0.7901	0.7550	0.6960
49
0569	0.4542	0.9333	0.8378	0.7280	0.0541s	0.7898	0.7570	0.6978
50
0570	0.4342	0.9417	0.8362	0.7280	0.0542s	0.7900	0.7580	0.6967
51
0571	0.4039	0.9667	0.8358	0.7220	0.0536s	0.7904	0.7560	0.6957
52
0572	0.4305	0.9500	0.8370	0.7200	0.0532s	0.7923	0.7540	0.6943
53
0573	0.4171	0.9417	0.8381	0.7200	0.0536s	0.7931	0.7530	0.6936
54
0574	0.4533	0.9583	0.8348	0.7260	0.0531s	0.7907	0.7570	0.6973
55
0575	0.4433	0.9583	0.8337	0.7240	0.0742s	0.7893	0.7600	0.7018
56
0576	0.4351	0.9250	0.8378	0.7240	0.0632s	0.7903	0.7570	0.6985
57
0577	0.4106	0.9833	0.8409	0.7200	0.0575s	0.7917	0.7520	0.6936
58
0578	0.4304	0.9417	0.8440	0.7180	0.0535s	0.7938	0.7490	0.6886
59
0579	0.4150	0.9417	0.8438	0.7220	0.0523s	0.7961	0.7450	0.6854
60
0580	0.4499	0.9667	0.8357	0.7260	0.0522s	0.7944	0.7520	0.6927
61
0581	0.4143	0.9667	0.8309	0.7260	0.0521s	0.7924	0.7610	0.7009
62
0582	0.4368	0.9833	0.8297	0.7260	0.0520s	0.7906	0.7620	0.7013
63
0583	0.4280	0.9500	0.8321	0.7260	0.0523s	0.7903	0.7610	0.7006
64
0584	0.4476	0.9250	0.8340	0.7280	0.0521s	0.7897	0.7580	0.6975
65
0585	0.4396	0.9417	0.8367	0.7280	0.0522s	0.7905	0.7510	0.6907
66
0586	0.4402	0.9500	0.8430	0.7260	0.0528s	0.7934	0.7470	0.6868
67
0587	0.4366	0.9417	0.8390	0.7240	0.0526s	0.7925	0.7490	0.6888
68
0588	0.4258	0.9250	0.8316	0.7260	0.0526s	0.7907	0.7570	0.6942
69
0589	0.4516	0.9333	0.8249	0.7280	0.0526s	0.7893	0.7650	0.7020
70
0590	0.4530	0.9417	0.8251	0.7300	0.0535s	0.7892	0.7660	0.7029
0
0591	0.4304	0.9417	0.8298	0.7280	0.0531s	0.7893	0.7610	0.6981
1
0592	0.4562	0.9667	0.8390	0.7240	0.0525s	0.7914	0.7520	0.6921
2
0593	0.4157	0.9500	0.8454	0.7260	0.0531s	0.7938	0.7490	0.6885
3
0594	0.4364	0.9250	0.8425	0.7240	0.0530s	0.7931	0.7520	0.6915
4
0595	0.4386	0.9417	0.8368	0.7260	0.0532s	0.7915	0.7550	0.6941
5
0596	0.4498	0.9667	0.8297	0.7280	0.0532s	0.7902	0.7600	0.6966
6
0597	0.4325	0.9417	0.8244	0.7280	0.0534s	0.7897	0.7620	0.6986
7
0598	0.4355	0.9667	0.8269	0.7280	0.0535s	0.7901	0.7600	0.6971
0
0599	0.4630	0.9333	0.8333	0.7280	0.0536s	0.7921	0.7550	0.6930
1
0600	0.4482	0.9083	0.8423	0.7240	0.0535s	0.7947	0.7500	0.6904
2
0601	0.4353	0.9000	0.8443	0.7220	0.0540s	0.7940	0.7490	0.6889
3
0602	0.4420	0.9333	0.8370	0.7280	0.0531s	0.7902	0.7560	0.6975
4
0603	0.4186	0.9667	0.8304	0.7300	0.0530s	0.7883	0.7610	0.7000
5
0604	0.4764	0.9333	0.8281	0.7300	0.0533s	0.7891	0.7630	0.7020
6
0605	0.4687	0.9583	0.8310	0.7280	0.0529s	0.7912	0.7590	0.6962
7
0606	0.4460	0.9833	0.8363	0.7260	0.0525s	0.7931	0.7530	0.6905
8
0607	0.4437	0.9583	0.8417	0.7220	0.0529s	0.7951	0.7490	0.6869
9
0608	0.4344	0.9583	0.8425	0.7200	0.0521s	0.7941	0.7530	0.6927
10
0609	0.4427	0.9750	0.8402	0.7220	0.0526s	0.7920	0.7560	0.6951
11
0610	0.4167	0.9833	0.8311	0.7260	0.0531s	0.7883	0.7580	0.6973
12
0611	0.4523	0.9333	0.8255	0.7300	0.0534s	0.7866	0.7620	0.7016
13
0612	0.4253	0.9500	0.8242	0.7300	0.0531s	0.7867	0.7620	0.6992
14
0613	0.4586	0.9583	0.8294	0.7260	0.0530s	0.7886	0.7590	0.6966
0
0614	0.4444	0.9667	0.8343	0.7220	0.0525s	0.7897	0.7540	0.6917
1
0615	0.4402	0.9667	0.8387	0.7200	0.0532s	0.7910	0.7530	0.6925
2
0616	0.4401	0.9500	0.8384	0.7220	0.0524s	0.7901	0.7550	0.6965
3
0617	0.4353	0.9417	0.8338	0.7240	0.0525s	0.7873	0.7570	0.7010
4
0618	0.4402	0.9583	0.8266	0.7280	0.0577s	0.7848	0.7630	0.7048
5
0619	0.4334	0.9083	0.8240	0.7280	0.0558s	0.7848	0.7600	0.7024
6
0620	0.3946	0.9500	0.8266	0.7220	0.0536s	0.7879	0.7580	0.7008
0
0621	0.4493	0.9583	0.8301	0.7220	0.0530s	0.7895	0.7540	0.6946
1
0622	0.4274	0.9750	0.8341	0.7260	0.0533s	0.7909	0.7570	0.6964
2
0623	0.4591	0.9167	0.8373	0.7240	0.0528s	0.7915	0.7550	0.6939
3
0624	0.4588	0.9333	0.8377	0.7260	0.0526s	0.7901	0.7570	0.7007
4
0625	0.4450	0.9750	0.8352	0.7300	0.0527s	0.7875	0.7570	0.7023
5
0626	0.4207	0.9583	0.8294	0.7240	0.0527s	0.7850	0.7550	0.6990
6
0627	0.4472	0.9333	0.8255	0.7260	0.0530s	0.7845	0.7580	0.7020
7
0628	0.4677	0.9333	0.8252	0.7240	0.0531s	0.7859	0.7570	0.6991
8
0629	0.4012	0.9750	0.8290	0.7240	0.0534s	0.7885	0.7550	0.6971
9
0630	0.4496	0.9583	0.8315	0.7280	0.0528s	0.7908	0.7540	0.6937
10
0631	0.4377	0.9250	0.8312	0.7300	0.0520s	0.7911	0.7550	0.6947
11
0632	0.4468	0.9500	0.8315	0.7300	0.0524s	0.7901	0.7570	0.6988
12
0633	0.4699	0.9250	0.8293	0.7280	0.0536s	0.7877	0.7540	0.6959
13
0634	0.4530	0.9417	0.8289	0.7240	0.0533s	0.7868	0.7530	0.6948
14
0635	0.4640	0.9500	0.8295	0.7240	0.0529s	0.7874	0.7550	0.6966
15
0636	0.4151	0.9667	0.8324	0.7240	0.0530s	0.7892	0.7550	0.6970
16
0637	0.4459	0.9417	0.8348	0.7220	0.0534s	0.7914	0.7510	0.6891
17
0638	0.4412	0.9750	0.8339	0.7220	0.0530s	0.7922	0.7510	0.6892
18
0639	0.4498	0.9250	0.8305	0.7260	0.0532s	0.7906	0.7540	0.6919
19
0640	0.4614	0.9417	0.8293	0.7260	0.0535s	0.7893	0.7560	0.6960
20
0641	0.4395	0.9917	0.8308	0.7280	0.0537s	0.7887	0.7520	0.6923
21
0642	0.4408	0.9167	0.8347	0.7240	0.0532s	0.7888	0.7550	0.6966
22
0643	0.4260	0.9500	0.8382	0.7240	0.0531s	0.7904	0.7520	0.6919
23
0644	0.4386	0.9500	0.8409	0.7200	0.0539s	0.7927	0.7540	0.6937
24
0645	0.4643	0.9667	0.8400	0.7240	0.0534s	0.7931	0.7550	0.6953
25
0646	0.4451	0.9833	0.8370	0.7240	0.0531s	0.7915	0.7540	0.6941
26
0647	0.4477	0.9667	0.8331	0.7260	0.0529s	0.7891	0.7550	0.6968
27
0648	0.4387	0.9583	0.8307	0.7260	0.0538s	0.7874	0.7550	0.6973
28
0649	0.4477	0.9583	0.8318	0.7260	0.0532s	0.7876	0.7490	0.6918
29
0650	0.4469	0.9417	0.8334	0.7220	0.0532s	0.7877	0.7520	0.6965
30
0651	0.4827	0.9583	0.8347	0.7240	0.0534s	0.7883	0.7540	0.6981
31
0652	0.4450	0.9583	0.8379	0.7240	0.0533s	0.7903	0.7530	0.6971
32
0653	0.4504	0.9417	0.8406	0.7200	0.0529s	0.7921	0.7520	0.6942
33
0654	0.4380	0.9750	0.8352	0.7200	0.0532s	0.7904	0.7550	0.6974
34
0655	0.4327	0.9333	0.8309	0.7240	0.0537s	0.7882	0.7560	0.6986
35
0656	0.4310	0.9583	0.8306	0.7240	0.0532s	0.7871	0.7550	0.6977
36
0657	0.4471	0.9250	0.8337	0.7260	0.0534s	0.7875	0.7550	0.6998
37
0658	0.4632	0.9167	0.8368	0.7200	0.0531s	0.7882	0.7540	0.6982
38
0659	0.4004	0.9833	0.8398	0.7240	0.0532s	0.7893	0.7530	0.6969
39
0660	0.4645	0.9500	0.8390	0.7220	0.0530s	0.7893	0.7540	0.6977
40
0661	0.4303	0.9250	0.8366	0.7240	0.0537s	0.7889	0.7550	0.6987
41
0662	0.4407	0.9500	0.8362	0.7240	0.0565s	0.7889	0.7560	0.6995
42
0663	0.4464	0.9583	0.8332	0.7280	0.0558s	0.7882	0.7600	0.7032
43
0664	0.4163	0.9667	0.8309	0.7260	0.0546s	0.7874	0.7640	0.7076
44
0665	0.4220	0.9250	0.8346	0.7240	0.0545s	0.7889	0.7590	0.7032
45
0666	0.4441	0.9583	0.8374	0.7180	0.0547s	0.7909	0.7550	0.6998
46
0667	0.4163	0.9583	0.8379	0.7220	0.0540s	0.7911	0.7480	0.6906
47
0668	0.4640	0.9250	0.8337	0.7260	0.0545s	0.7887	0.7530	0.6971
48
0669	0.4345	0.9167	0.8291	0.7280	0.0539s	0.7867	0.7560	0.6992
49
0670	0.4692	0.9333	0.8286	0.7280	0.0534s	0.7866	0.7570	0.6999
50
0671	0.4230	0.9750	0.8296	0.7300	0.0531s	0.7877	0.7570	0.6983
51
0672	0.4581	0.9667	0.8323	0.7260	0.0530s	0.7893	0.7550	0.6947
52
0673	0.4421	0.9500	0.8323	0.7220	0.0538s	0.7898	0.7540	0.6941
53
0674	0.4466	0.9667	0.8312	0.7260	0.0528s	0.7893	0.7500	0.6930
54
0675	0.4289	0.9500	0.8290	0.7280	0.0530s	0.7875	0.7540	0.6983
55
0676	0.4533	0.9333	0.8299	0.7240	0.0534s	0.7871	0.7550	0.6965
56
0677	0.4718	0.9167	0.8315	0.7260	0.0533s	0.7868	0.7540	0.6974
57
0678	0.4333	0.9667	0.8331	0.7240	0.0530s	0.7868	0.7570	0.7001
58
0679	0.4475	0.9333	0.8323	0.7260	0.0531s	0.7866	0.7560	0.6992
59
0680	0.4279	0.9583	0.8321	0.7260	0.0536s	0.7870	0.7590	0.7004
60
0681	0.4155	0.9333	0.8308	0.7240	0.0539s	0.7880	0.7590	0.7008
61
0682	0.4248	0.9583	0.8314	0.7260	0.0537s	0.7882	0.7580	0.6999
62
0683	0.4390	0.9667	0.8328	0.7220	0.0533s	0.7882	0.7570	0.7007
63
0684	0.4089	0.9167	0.8345	0.7200	0.0566s	0.7889	0.7550	0.6967
64
0685	0.4416	0.9500	0.8375	0.7200	0.0538s	0.7906	0.7500	0.6919
65
0686	0.4439	0.9583	0.8363	0.7200	0.0541s	0.7901	0.7550	0.6989
66
0687	0.4284	0.9417	0.8365	0.7200	0.0537s	0.7901	0.7540	0.6979
67
0688	0.4072	0.9667	0.8349	0.7220	0.0546s	0.7898	0.7540	0.6982
68
0689	0.4474	0.9250	0.8347	0.7220	0.0535s	0.7907	0.7530	0.6973
69
0690	0.4360	0.9583	0.8332	0.7220	0.0531s	0.7914	0.7520	0.6950
70
0691	0.4523	0.9417	0.8324	0.7240	0.0537s	0.7926	0.7500	0.6910
71
0692	0.4272	0.9917	0.8295	0.7240	0.0533s	0.7909	0.7510	0.6914
72
0693	0.4347	0.9583	0.8339	0.7220	0.0531s	0.7917	0.7510	0.6907
73
0694	0.4205	0.9750	0.8413	0.7260	0.0532s	0.7937	0.7510	0.6901
74
0695	0.4115	0.9417	0.8466	0.7200	0.0537s	0.7945	0.7490	0.6907
75
0696	0.4343	0.9500	0.8448	0.7160	0.0531s	0.7921	0.7520	0.6953
76
0697	0.4362	0.9583	0.8361	0.7240	0.0530s	0.7880	0.7520	0.6958
77
0698	0.4303	0.9833	0.8279	0.7260	0.0539s	0.7864	0.7520	0.6924
78
0699	0.4463	0.9333	0.8281	0.7260	0.0536s	0.7900	0.7510	0.6913
79
0700	0.4432	0.9167	0.8318	0.7300	0.0529s	0.7941	0.7510	0.6914
80
0701	0.4473	0.9333	0.8355	0.7240	0.0535s	0.7951	0.7530	0.6933
81
0702	0.4428	0.9500	0.8380	0.7220	0.0542s	0.7944	0.7530	0.6907
82
0703	0.4294	0.9667	0.8397	0.7240	0.0531s	0.7925	0.7560	0.6955
83
0704	0.4371	0.9583	0.8425	0.7220	0.0531s	0.7914	0.7540	0.6954
84
0705	0.4462	0.9333	0.8441	0.7180	0.0541s	0.7909	0.7500	0.6939
85
0706	0.4409	0.9833	0.8350	0.7240	0.0524s	0.7872	0.7510	0.6954
86
0707	0.4274	0.9417	0.8253	0.7240	0.0530s	0.7850	0.7590	0.7008
87
0708	0.4653	0.9333	0.8212	0.7280	0.0533s	0.7860	0.7610	0.7004
88
0709	0.4384	0.9583	0.8266	0.7260	0.0544s	0.7900	0.7620	0.6986
0
0710	0.4613	0.9333	0.8377	0.7260	0.0541s	0.7942	0.7570	0.6934
1
0711	0.4501	0.9500	0.8438	0.7220	0.0533s	0.7950	0.7520	0.6911
2
0712	0.4613	0.9750	0.8437	0.7240	0.0538s	0.7931	0.7530	0.6920
3
0713	0.4380	0.9417	0.8415	0.7240	0.0543s	0.7908	0.7510	0.6946
4
0714	0.4240	0.9583	0.8345	0.7280	0.0535s	0.7876	0.7540	0.6959
5
0715	0.4585	0.9500	0.8273	0.7260	0.0532s	0.7853	0.7530	0.6954
6
0716	0.4452	0.9667	0.8234	0.7240	0.0531s	0.7851	0.7570	0.6989
7
0717	0.4364	0.9333	0.8267	0.7240	0.0531s	0.7872	0.7580	0.6994
8
0718	0.4419	0.9250	0.8302	0.7260	0.0537s	0.7888	0.7540	0.6930
9
0719	0.4389	0.9250	0.8323	0.7220	0.0530s	0.7882	0.7540	0.6937
10
0720	0.4350	0.9750	0.8345	0.7280	0.0537s	0.7886	0.7550	0.6948
11
0721	0.4607	0.9500	0.8366	0.7240	0.0531s	0.7892	0.7530	0.6931
12
0722	0.4483	0.9667	0.8319	0.7300	0.0530s	0.7871	0.7580	0.6979
13
0723	0.4250	0.9583	0.8316	0.7300	0.0532s	0.7870	0.7610	0.7004
14
0724	0.4487	0.9583	0.8339	0.7240	0.0533s	0.7883	0.7580	0.6971
15
0725	0.4369	0.9750	0.8357	0.7220	0.0529s	0.7898	0.7530	0.6923
16
0726	0.4553	0.9417	0.8359	0.7200	0.0532s	0.7899	0.7490	0.6891
17
0727	0.4291	0.9667	0.8349	0.7220	0.0530s	0.7886	0.7480	0.6910
18
0728	0.4228	0.9667	0.8322	0.7240	0.0530s	0.7876	0.7520	0.6928
19
0729	0.4398	0.9000	0.8297	0.7260	0.0533s	0.7869	0.7550	0.6955
20
0730	0.4531	0.9750	0.8315	0.7300	0.0534s	0.7877	0.7600	0.7021
21
0731	0.4228	0.9667	0.8318	0.7320	0.0536s	0.7877	0.7620	0.7038
22
0732	0.4483	0.9083	0.8335	0.7260	0.0534s	0.7889	0.7580	0.7003
23
0733	0.4605	0.9750	0.8363	0.7200	0.0529s	0.7905	0.7550	0.6977
24
0734	0.4248	0.9500	0.8352	0.7200	0.0530s	0.7897	0.7520	0.6945
25
0735	0.4535	1.0000	0.8335	0.7200	0.0535s	0.7883	0.7540	0.6965
26
0736	0.4743	0.9500	0.8324	0.7260	0.0529s	0.7871	0.7590	0.7034
27
0737	0.4328	0.9750	0.8313	0.7300	0.0529s	0.7866	0.7610	0.7052
28
0738	0.4684	0.9500	0.8327	0.7280	0.0531s	0.7869	0.7570	0.6996
29
0739	0.4627	0.9417	0.8346	0.7260	0.0532s	0.7877	0.7560	0.6988
30
0740	0.4484	0.9583	0.8347	0.7240	0.0533s	0.7887	0.7570	0.6995
31
0741	0.4542	0.9500	0.8339	0.7220	0.0533s	0.7892	0.7540	0.6943
32
0742	0.4409	0.9500	0.8324	0.7300	0.0537s	0.7881	0.7580	0.6970
33
0743	0.4329	0.9333	0.8318	0.7300	0.0532s	0.7877	0.7590	0.7001
34
0744	0.4448	0.9583	0.8306	0.7300	0.0531s	0.7861	0.7630	0.7042
35
0745	0.4658	0.9167	0.8307	0.7300	0.0530s	0.7851	0.7620	0.7037
36
0746	0.4504	0.9750	0.8342	0.7260	0.0533s	0.7861	0.7580	0.6999
37
0747	0.4430	0.9500	0.8361	0.7220	0.0530s	0.7873	0.7520	0.6942
38
0748	0.4373	0.9667	0.8346	0.7220	0.0537s	0.7882	0.7540	0.6959
39
0749	0.4322	0.9333	0.8325	0.7220	0.0533s	0.7886	0.7550	0.6949
40
0750	0.4095	0.9500	0.8290	0.7260	0.0529s	0.7880	0.7600	0.6996
41
0751	0.4137	0.9500	0.8278	0.7280	0.0529s	0.7881	0.7610	0.7005
42
0752	0.4650	0.9750	0.8312	0.7240	0.0532s	0.7883	0.7620	0.7057
43
0753	0.4374	0.9500	0.8368	0.7260	0.0534s	0.7889	0.7570	0.7007
44
0754	0.4258	0.9750	0.8421	0.7260	0.0531s	0.7906	0.7530	0.6961
45
0755	0.4293	0.9750	0.8433	0.7220	0.0530s	0.7916	0.7510	0.6922
46
0756	0.4475	0.9667	0.8400	0.7240	0.0529s	0.7910	0.7520	0.6936
47
0757	0.4319	0.9417	0.8353	0.7220	0.0536s	0.7897	0.7590	0.7011
48
0758	0.4420	0.9500	0.8321	0.7240	0.0532s	0.7893	0.7550	0.6975
49
0759	0.4429	0.9667	0.8317	0.7260	0.0534s	0.7891	0.7580	0.7000
50
0760	0.4471	0.9333	0.8312	0.7260	0.0532s	0.7883	0.7580	0.6999
51
0761	0.4462	0.9250	0.8313	0.7260	0.0535s	0.7863	0.7610	0.7030
52
0762	0.4296	0.9250	0.8355	0.7220	0.0534s	0.7876	0.7580	0.7003
53
0763	0.4287	0.9333	0.8379	0.7200	0.0532s	0.7890	0.7540	0.6966
54
0764	0.4209	0.9917	0.8362	0.7220	0.0531s	0.7893	0.7540	0.6944
55
0765	0.4253	0.9500	0.8323	0.7280	0.0531s	0.7886	0.7610	0.7010
56
0766	0.4536	0.9417	0.8293	0.7280	0.0530s	0.7886	0.7620	0.6998
57
0767	0.4355	0.9667	0.8304	0.7300	0.0535s	0.7884	0.7640	0.7013
58
0768	0.4304	0.9000	0.8315	0.7300	0.0532s	0.7874	0.7620	0.6992
59
0769	0.4427	0.9250	0.8358	0.7280	0.0529s	0.7875	0.7580	0.7019
60
0770	0.4751	0.9417	0.8381	0.7240	0.0532s	0.7883	0.7550	0.6965
61
0771	0.4398	0.9417	0.8398	0.7200	0.0538s	0.7895	0.7520	0.6945
62
0772	0.4324	0.9750	0.8341	0.7220	0.0534s	0.7878	0.7570	0.6994
63
0773	0.4397	0.9333	0.8272	0.7280	0.0542s	0.7865	0.7630	0.7005
64
0774	0.4105	0.9583	0.8246	0.7340	0.0538s	0.7873	0.7610	0.6962
65
0775	0.4676	0.9417	0.8247	0.7280	0.0531s	0.7871	0.7650	0.6996
0
0776	0.4529	0.9500	0.8275	0.7300	0.0534s	0.7870	0.7590	0.6964
1
0777	0.4226	0.9500	0.8305	0.7260	0.0531s	0.7874	0.7550	0.6947
2
0778	0.4366	0.9417	0.8346	0.7240	0.0534s	0.7887	0.7510	0.6908
3
0779	0.4098	0.9500	0.8352	0.7240	0.0533s	0.7889	0.7520	0.6920
4
0780	0.4507	0.9167	0.8333	0.7260	0.0537s	0.7883	0.7570	0.6967
5
0781	0.4638	0.9167	0.8293	0.7280	0.0531s	0.7877	0.7610	0.7006
6
0782	0.4395	0.9583	0.8284	0.7280	0.0534s	0.7875	0.7610	0.7006
7
0783	0.4480	0.9667	0.8272	0.7260	0.0530s	0.7858	0.7590	0.6987
8
0784	0.4448	0.9417	0.8268	0.7260	0.0532s	0.7850	0.7570	0.6967
9
0785	0.4543	0.9750	0.8288	0.7220	0.0532s	0.7864	0.7540	0.6939
10
0786	0.4439	0.9333	0.8307	0.7220	0.0533s	0.7862	0.7500	0.6926
11
0787	0.4134	0.9583	0.8302	0.7220	0.0532s	0.7850	0.7480	0.6910
12
0788	0.4489	0.9500	0.8308	0.7240	0.0531s	0.7849	0.7570	0.6994
13
0789	0.4738	0.9333	0.8325	0.7260	0.0531s	0.7861	0.7630	0.7067
14
0790	0.4730	0.9417	0.8347	0.7260	0.0530s	0.7868	0.7590	0.7024
15
0791	0.4336	0.9333	0.8314	0.7260	0.0532s	0.7855	0.7560	0.6953
16
0792	0.4488	0.9667	0.8258	0.7260	0.0531s	0.7844	0.7570	0.6970
17
0793	0.4487	0.9583	0.8223	0.7280	0.0533s	0.7847	0.7560	0.6963
18
0794	0.4612	0.9083	0.8225	0.7280	0.0532s	0.7845	0.7550	0.6954
19
0795	0.4313	0.9417	0.8288	0.7220	0.0530s	0.7851	0.7580	0.6999
20
0796	0.4494	0.9667	0.8378	0.7220	0.0532s	0.7879	0.7530	0.6967
21
0797	0.4401	0.9667	0.8434	0.7240	0.0532s	0.7906	0.7540	0.6973
22
0798	0.4411	0.9500	0.8431	0.7240	0.0531s	0.7915	0.7570	0.6976
23
0799	0.4492	0.9417	0.8372	0.7280	0.0529s	0.7900	0.7560	0.6956
24
0800	0.4320	0.9583	0.8307	0.7280	0.0532s	0.7880	0.7580	0.6978
25
0801	0.4141	0.9583	0.8258	0.7280	0.0529s	0.7865	0.7570	0.6972
26
0802	0.4362	0.9417	0.8263	0.7280	0.0533s	0.7867	0.7570	0.6968
27
0803	0.4600	0.9333	0.8316	0.7240	0.0531s	0.7879	0.7580	0.6974
28
0804	0.3945	0.9917	0.8373	0.7240	0.0535s	0.7892	0.7530	0.6967
29
0805	0.4270	0.9667	0.8409	0.7280	0.0528s	0.7901	0.7540	0.6973
30
0806	0.4542	0.9417	0.8403	0.7260	0.0531s	0.7904	0.7540	0.6960
31
0807	0.4407	0.9333	0.8360	0.7280	0.0528s	0.7894	0.7540	0.6967
32
0808	0.4557	0.9417	0.8318	0.7280	0.0531s	0.7887	0.7570	0.6973
33
0809	0.4198	0.9417	0.8265	0.7280	0.0530s	0.7874	0.7600	0.6998
34
0810	0.4505	0.9417	0.8258	0.7280	0.0530s	0.7875	0.7620	0.7013
35
0811	0.4582	0.9083	0.8270	0.7260	0.0531s	0.7873	0.7620	0.7013
36
0812	0.4350	0.9417	0.8314	0.7280	0.0531s	0.7870	0.7640	0.7075
37
0813	0.4234	0.9417	0.8359	0.7280	0.0530s	0.7879	0.7570	0.7009
38
0814	0.4470	0.9333	0.8400	0.7260	0.0530s	0.7893	0.7530	0.6971
39
0815	0.4641	0.9333	0.8406	0.7240	0.0539s	0.7908	0.7510	0.6937
40
0816	0.4081	0.9833	0.8371	0.7280	0.0529s	0.7911	0.7510	0.6912
41
0817	0.4255	0.9500	0.8307	0.7280	0.0528s	0.7902	0.7560	0.6939
42
0818	0.4325	0.9250	0.8268	0.7300	0.0531s	0.7885	0.7590	0.6958
43
0819	0.4177	0.9750	0.8259	0.7280	0.0536s	0.7869	0.7610	0.7021
44
0820	0.4617	0.9667	0.8312	0.7300	0.0536s	0.7867	0.7630	0.7083
45
0821	0.4479	0.9667	0.8391	0.7200	0.0531s	0.7890	0.7560	0.7019
46
0822	0.4372	0.9417	0.8461	0.7180	0.0530s	0.7926	0.7470	0.6916
47
0823	0.4394	0.9333	0.8457	0.7200	0.0533s	0.7940	0.7440	0.6873
48
0824	0.4326	0.9667	0.8390	0.7260	0.0536s	0.7924	0.7490	0.6900
49
0825	0.4151	0.9583	0.8300	0.7300	0.0538s	0.7901	0.7590	0.6962
50
0826	0.4473	0.9333	0.8298	0.7340	0.0534s	0.7904	0.7580	0.6952
51
0827	0.4713	0.9417	0.8337	0.7300	0.0531s	0.7908	0.7600	0.6985
0
0828	0.4131	0.9417	0.8377	0.7260	0.0533s	0.7908	0.7580	0.6963
1
0829	0.4491	0.9417	0.8401	0.7160	0.0530s	0.7900	0.7530	0.6970
2
0830	0.4095	0.9500	0.8408	0.7160	0.0534s	0.7907	0.7470	0.6902
3
0831	0.4322	0.9333	0.8409	0.7200	0.0531s	0.7911	0.7470	0.6901
4
0832	0.4313	0.9583	0.8391	0.7200	0.0531s	0.7908	0.7460	0.6893
5
0833	0.4282	0.9500	0.8346	0.7220	0.0532s	0.7889	0.7540	0.6965
6
0834	0.4400	0.9583	0.8343	0.7220	0.0529s	0.7887	0.7580	0.6999
7
0835	0.4577	0.9333	0.8353	0.7300	0.0530s	0.7886	0.7600	0.7010
8
0836	0.4609	0.9500	0.8378	0.7280	0.0533s	0.7897	0.7590	0.7000
9
0837	0.4154	0.9750	0.8402	0.7220	0.0534s	0.7915	0.7550	0.6966
10
0838	0.4428	0.9333	0.8392	0.7200	0.0531s	0.7919	0.7550	0.6975
11
0839	0.4580	0.9333	0.8380	0.7180	0.0531s	0.7917	0.7500	0.6931
12
0840	0.4369	0.9500	0.8337	0.7200	0.0541s	0.7888	0.7520	0.6950
13
0841	0.4412	0.9667	0.8297	0.7280	0.0537s	0.7855	0.7560	0.6983
14
0842	0.4321	0.9750	0.8254	0.7320	0.0531s	0.7831	0.7600	0.7034
15
0843	0.4175	0.9750	0.8250	0.7320	0.0535s	0.7830	0.7600	0.7033
16
0844	0.4388	0.9667	0.8286	0.7300	0.0530s	0.7852	0.7590	0.7025
17
0845	0.4495	0.9000	0.8324	0.7240	0.0532s	0.7881	0.7540	0.6961
18
0846	0.4286	0.9333	0.8387	0.7220	0.0530s	0.7931	0.7480	0.6909
19
0847	0.4143	0.9167	0.8438	0.7160	0.0533s	0.7970	0.7460	0.6873
20
0848	0.4308	0.9583	0.8436	0.7180	0.0536s	0.7966	0.7490	0.6895
21
0849	0.4496	0.9500	0.8371	0.7260	0.0536s	0.7923	0.7540	0.6940
22
0850	0.4459	0.9750	0.8296	0.7280	0.0531s	0.7875	0.7620	0.7056
23
0851	0.4481	0.9417	0.8234	0.7280	0.0528s	0.7842	0.7620	0.7052
24
0852	0.4467	0.9500	0.8232	0.7240	0.0542s	0.7843	0.7600	0.7038
25
0853	0.4346	0.9417	0.8294	0.7260	0.0700s	0.7875	0.7560	0.6982
26
0854	0.4425	0.9333	0.8372	0.7160	0.0621s	0.7916	0.7500	0.6928
27
0855	0.4446	0.9667	0.8427	0.7200	0.0618s	0.7947	0.7480	0.6892
28
0856	0.4424	0.9250	0.8451	0.7240	0.0619s	0.7964	0.7500	0.6881
29
0857	0.4539	0.9250	0.8400	0.7240	0.0618s	0.7947	0.7550	0.6902
30
0858	0.4335	0.9583	0.8313	0.7260	0.0620s	0.7892	0.7590	0.6983
31
0859	0.4234	0.9417	0.8262	0.7240	0.0619s	0.7856	0.7620	0.7031
32
0860	0.4363	0.9417	0.8266	0.7260	0.0620s	0.7859	0.7560	0.6954
33
0861	0.4417	0.9583	0.8285	0.7260	0.0618s	0.7865	0.7550	0.6969
34
0862	0.4487	0.9167	0.8312	0.7220	0.0617s	0.7867	0.7520	0.6947
35
0863	0.4442	0.9667	0.8378	0.7180	0.0616s	0.7907	0.7500	0.6907
36
0864	0.4291	0.9583	0.8393	0.7240	0.0617s	0.7935	0.7520	0.6923
37
0865	0.4346	0.9333	0.8369	0.7260	0.0618s	0.7932	0.7520	0.6903
38
0866	0.4398	0.9750	0.8286	0.7320	0.0619s	0.7888	0.7600	0.6997
39
0867	0.4571	0.9417	0.8249	0.7240	0.0610s	0.7865	0.7600	0.6994
40
0868	0.4365	0.9333	0.8264	0.7280	0.0574s	0.7861	0.7540	0.6942
41
0869	0.4280	0.9750	0.8315	0.7260	0.0567s	0.7874	0.7520	0.6924
42
0870	0.4202	0.9667	0.8338	0.7240	0.0547s	0.7880	0.7480	0.6887
43
0871	0.4525	0.9417	0.8348	0.7260	0.0552s	0.7880	0.7520	0.6922
44
0872	0.4653	0.9583	0.8343	0.7240	0.0570s	0.7881	0.7590	0.6987
45
0873	0.4340	0.9583	0.8350	0.7280	0.0590s	0.7888	0.7590	0.6983
46
0874	0.4605	0.9417	0.8324	0.7260	0.0551s	0.7881	0.7580	0.6977
47
0875	0.4316	0.9583	0.8303	0.7240	0.0538s	0.7877	0.7550	0.6950
48
0876	0.4257	0.9500	0.8300	0.7240	0.0534s	0.7871	0.7510	0.6914
49
0877	0.4671	0.9667	0.8290	0.7240	0.0531s	0.7854	0.7540	0.6938
50
0878	0.4308	0.9583	0.8302	0.7260	0.0535s	0.7849	0.7550	0.6968
51
0879	0.4426	0.9417	0.8311	0.7240	0.0673s	0.7852	0.7590	0.7028
52
0880	0.4223	0.9583	0.8344	0.7240	0.0609s	0.7870	0.7580	0.7015
53
0881	0.4306	0.9333	0.8386	0.7220	0.0608s	0.7893	0.7560	0.6994
54
0882	0.4611	0.9333	0.8394	0.7220	0.0611s	0.7903	0.7520	0.6935
55
0883	0.4268	0.9667	0.8355	0.7260	0.0612s	0.7885	0.7540	0.6959
56
0884	0.4158	0.9750	0.8310	0.7260	0.0611s	0.7867	0.7540	0.6960
57
0885	0.4184	0.9750	0.8275	0.7280	0.0612s	0.7853	0.7560	0.7004
58
0886	0.4295	0.9167	0.8268	0.7300	0.0606s	0.7853	0.7580	0.7023
59
0887	0.4283	0.9417	0.8302	0.7260	0.0551s	0.7870	0.7580	0.6999
60
0888	0.4498	0.9417	0.8374	0.7220	0.0516s	0.7901	0.7530	0.6950
61
0889	0.4208	0.9583	0.8440	0.7200	0.0527s	0.7929	0.7490	0.6886
62
0890	0.4680	0.9333	0.8444	0.7200	0.0525s	0.7925	0.7490	0.6906
63
0891	0.4355	0.9250	0.8410	0.7220	0.0524s	0.7906	0.7480	0.6880
64
0892	0.4672	0.9417	0.8343	0.7280	0.0534s	0.7870	0.7570	0.7011
65
0893	0.4650	0.9583	0.8290	0.7320	0.0538s	0.7848	0.7630	0.7085
66
0894	0.4555	0.9333	0.8286	0.7340	0.0537s	0.7845	0.7630	0.7064
67
0895	0.4203	0.9750	0.8305	0.7300	0.0528s	0.7859	0.7630	0.7043
0
0896	0.4609	0.9667	0.8348	0.7220	0.0536s	0.7891	0.7550	0.6953
1
0897	0.4266	0.9417	0.8390	0.7220	0.0533s	0.7921	0.7520	0.6930
2
0898	0.4474	0.9750	0.8362	0.7220	0.0538s	0.7904	0.7540	0.6944
3
0899	0.4538	0.9250	0.8327	0.7240	0.0538s	0.7873	0.7610	0.7005
4
0900	0.4284	0.9583	0.8289	0.7300	0.0526s	0.7842	0.7630	0.7045
5
0901	0.4403	0.9583	0.8304	0.7300	0.0522s	0.7835	0.7630	0.7082
6
0902	0.4657	0.9500	0.8308	0.7300	0.0526s	0.7837	0.7610	0.7045
7
0903	0.4577	0.9500	0.8326	0.7260	0.0535s	0.7854	0.7560	0.6980
8
0904	0.4713	0.9250	0.8331	0.7220	0.0538s	0.7875	0.7570	0.6969
9
0905	0.4394	0.9500	0.8310	0.7220	0.0538s	0.7881	0.7540	0.6945
10
0906	0.4300	0.9333	0.8270	0.7260	0.0533s	0.7867	0.7600	0.7006
11
0907	0.4378	0.9750	0.8270	0.7320	0.0533s	0.7855	0.7600	0.7023
12
0908	0.4256	0.9333	0.8289	0.7300	0.0536s	0.7845	0.7600	0.7018
13
0909	0.4461	0.9750	0.8308	0.7280	0.0540s	0.7844	0.7550	0.6968
14
0910	0.4341	0.9667	0.8314	0.7260	0.0526s	0.7853	0.7520	0.6920
15
0911	0.4612	0.9667	0.8321	0.7240	0.0519s	0.7873	0.7540	0.6942
16
0912	0.4522	0.9083	0.8324	0.7240	0.0518s	0.7892	0.7560	0.6966
17
0913	0.4415	0.9750	0.8302	0.7220	0.0517s	0.7886	0.7560	0.6964
18
0914	0.4054	0.9500	0.8283	0.7220	0.0521s	0.7870	0.7590	0.6992
19
0915	0.4477	0.9417	0.8273	0.7280	0.0519s	0.7861	0.7640	0.7035
20
0916	0.4549	0.9667	0.8290	0.7260	0.0534s	0.7857	0.7630	0.7045
21
0917	0.4296	0.9583	0.8342	0.7280	0.0529s	0.7871	0.7600	0.7012
22
0918	0.4388	0.9500	0.8361	0.7300	0.0522s	0.7868	0.7580	0.6989
23
0919	0.4259	0.9583	0.8337	0.7260	0.0524s	0.7864	0.7600	0.7013
24
0920	0.4419	0.9667	0.8285	0.7260	0.0521s	0.7855	0.7590	0.6995
25
0921	0.4218	0.9583	0.8266	0.7260	0.0521s	0.7849	0.7550	0.6960
26
0922	0.4444	0.9583	0.8255	0.7280	0.0518s	0.7838	0.7600	0.6997
27
0923	0.4388	0.9583	0.8282	0.7280	0.0536s	0.7845	0.7600	0.6989
28
0924	0.4268	0.9583	0.8297	0.7260	0.0523s	0.7846	0.7580	0.6969
29
0925	0.4458	0.9583	0.8315	0.7280	0.0515s	0.7845	0.7570	0.6985
30
0926	0.4306	0.9583	0.8298	0.7260	0.0517s	0.7840	0.7580	0.6999
31
0927	0.4242	0.9750	0.8279	0.7280	0.0531s	0.7842	0.7570	0.6977
32
0928	0.4641	0.9583	0.8248	0.7280	0.0521s	0.7836	0.7550	0.6958
33
0929	0.4566	0.9417	0.8256	0.7240	0.0517s	0.7839	0.7580	0.6980
34
0930	0.4800	0.9583	0.8283	0.7280	0.0529s	0.7856	0.7580	0.6971
35
0931	0.4684	0.9417	0.8293	0.7300	0.0533s	0.7863	0.7580	0.6964
36
0932	0.4232	0.9667	0.8282	0.7320	0.0559s	0.7856	0.7570	0.6952
37
0933	0.4320	0.9500	0.8242	0.7320	0.0824s	0.7835	0.7600	0.6985
38
0934	0.4522	0.9250	0.8266	0.7280	0.0668s	0.7834	0.7600	0.7019
39
0935	0.4869	0.9250	0.8346	0.7260	0.0618s	0.7866	0.7530	0.6976
40
0936	0.4570	0.9583	0.8378	0.7220	0.0631s	0.7886	0.7510	0.6958
41
0937	0.4268	0.9833	0.8328	0.7280	0.0619s	0.7864	0.7540	0.6979
42
0938	0.4529	0.9500	0.8287	0.7260	0.0619s	0.7859	0.7560	0.6952
43
0939	0.4537	0.9333	0.8239	0.7280	0.0629s	0.7854	0.7600	0.6990
44
0940	0.4599	0.9500	0.8230	0.7260	0.0618s	0.7847	0.7610	0.7002
45
0941	0.4265	0.9750	0.8259	0.7260	0.0620s	0.7850	0.7590	0.6988
46
0942	0.4199	0.9667	0.8282	0.7280	0.0620s	0.7852	0.7580	0.6980
47
0943	0.4399	0.9417	0.8333	0.7280	0.0622s	0.7867	0.7580	0.7000
48
0944	0.4365	0.9167	0.8359	0.7280	0.0636s	0.7878	0.7560	0.6974
49
0945	0.4211	0.9583	0.8367	0.7260	0.0620s	0.7883	0.7580	0.6991
50
0946	0.4222	0.9500	0.8345	0.7240	0.0617s	0.7878	0.7560	0.6976
51
0947	0.4545	0.9500	0.8319	0.7220	0.0576s	0.7878	0.7570	0.6969
52
0948	0.4415	0.9667	0.8292	0.7220	0.0548s	0.7869	0.7580	0.6980
53
0949	0.4553	0.9417	0.8323	0.7220	0.0580s	0.7883	0.7560	0.6963
54
0950	0.4374	0.9417	0.8362	0.7200	0.0543s	0.7895	0.7540	0.6942
55
0951	0.4605	0.8917	0.8368	0.7240	0.0538s	0.7894	0.7570	0.6991
56
0952	0.4385	0.9750	0.8340	0.7280	0.0540s	0.7880	0.7580	0.6992
57
0953	0.4250	0.9667	0.8323	0.7280	0.0538s	0.7870	0.7600	0.7032
58
0954	0.4409	0.9750	0.8315	0.7280	0.0542s	0.7866	0.7590	0.7004
59
0955	0.4593	0.9500	0.8301	0.7260	0.0535s	0.7871	0.7600	0.6999
60
0956	0.4392	0.9167	0.8297	0.7240	0.0529s	0.7880	0.7590	0.6992
61
0957	0.4383	0.9667	0.8303	0.7260	0.0534s	0.7887	0.7610	0.7011
62
0958	0.4375	0.9417	0.8357	0.7240	0.0542s	0.7904	0.7570	0.6964
63
0959	0.4402	0.9750	0.8390	0.7220	0.0525s	0.7905	0.7550	0.6946
64
0960	0.4401	0.9500	0.8406	0.7220	0.0523s	0.7896	0.7580	0.6990
65
0961	0.4437	0.9167	0.8379	0.7280	0.0522s	0.7873	0.7550	0.6965
66
0962	0.4372	0.9167	0.8359	0.7300	0.0559s	0.7865	0.7590	0.7000
67
0963	0.4492	0.9417	0.8330	0.7320	0.0625s	0.7858	0.7570	0.6963
68
0964	0.4353	0.9250	0.8302	0.7240	0.0557s	0.7854	0.7580	0.6975
69
0965	0.4351	0.9750	0.8329	0.7200	0.0553s	0.7877	0.7580	0.6976
70
0966	0.4231	0.9583	0.8371	0.7220	0.0534s	0.7906	0.7530	0.6932
71
0967	0.4381	0.9250	0.8353	0.7280	0.0531s	0.7903	0.7530	0.6936
72
0968	0.4693	0.9500	0.8319	0.7260	0.0531s	0.7858	0.7570	0.6971
73
0969	0.4278	0.9333	0.8296	0.7300	0.0552s	0.7837	0.7600	0.7038
74
0970	0.4566	0.9583	0.8307	0.7280	0.0535s	0.7836	0.7540	0.6977
75
0971	0.4633	0.9250	0.8295	0.7280	0.0533s	0.7831	0.7600	0.7049
76
0972	0.4282	0.9583	0.8313	0.7320	0.0532s	0.7845	0.7600	0.7012
77
0973	0.4537	0.9500	0.8325	0.7260	0.0542s	0.7877	0.7580	0.6980
78
0974	0.4258	0.9167	0.8339	0.7320	0.0532s	0.7918	0.7540	0.6947
79
0975	0.4258	0.9417	0.8331	0.7280	0.0533s	0.7911	0.7550	0.6957
80
0976	0.4517	0.9333	0.8278	0.7300	0.0539s	0.7858	0.7600	0.6995
81
0977	0.4253	0.9583	0.8280	0.7280	0.0531s	0.7839	0.7560	0.6974
82
0978	0.4381	0.9083	0.8294	0.7260	0.0530s	0.7842	0.7560	0.7012
83
0979	0.4305	0.9667	0.8296	0.7260	0.0527s	0.7838	0.7560	0.7036
84
0980	0.4386	0.9583	0.8311	0.7300	0.0543s	0.7858	0.7580	0.6998
85
0981	0.4282	0.9583	0.8322	0.7280	0.0534s	0.7895	0.7570	0.6973
86
0982	0.4364	0.9667	0.8320	0.7260	0.0535s	0.7921	0.7540	0.6928
87
0983	0.4327	0.9667	0.8282	0.7320	0.0533s	0.7903	0.7580	0.6961
88
0984	0.4489	0.9417	0.8282	0.7300	0.0543s	0.7881	0.7570	0.6964
89
0985	0.4312	0.9500	0.8287	0.7280	0.0535s	0.7868	0.7550	0.6984
90
0986	0.4485	0.9583	0.8293	0.7300	0.0527s	0.7863	0.7570	0.7001
91
0987	0.4564	0.9417	0.8330	0.7320	0.0533s	0.7877	0.7630	0.7080
92
0988	0.4745	0.9500	0.8360	0.7300	0.0542s	0.7893	0.7600	0.7016
93
0989	0.4277	0.9667	0.8353	0.7280	0.0530s	0.7896	0.7570	0.6992
94
0990	0.4297	0.9500	0.8336	0.7260	0.0535s	0.7895	0.7500	0.6927
95
0991	0.4502	0.9667	0.8320	0.7180	0.0532s	0.7901	0.7500	0.6925
96
0992	0.4447	0.9417	0.8278	0.7240	0.0543s	0.7880	0.7530	0.6949
97
0993	0.4136	0.9417	0.8285	0.7220	0.0533s	0.7867	0.7540	0.6953
98
0994	0.4520	0.9167	0.8322	0.7240	0.0532s	0.7872	0.7560	0.6972
99
0995	0.4437	0.9583	0.8359	0.7240	0.0534s	0.7883	0.7540	0.6958
100
0996	0.4499	0.9750	0.8375	0.7260	0.0526s	0.7890	0.7560	0.6978
101
0997	0.4430	0.9417	0.8340	0.7280	0.0535s	0.7879	0.7570	0.6987
102
0998	0.4071	0.9500	0.8270	0.7280	0.0536s	0.7859	0.7570	0.6966
103
0999	0.4663	0.9583	0.8218	0.7260	0.0544s	0.7837	0.7600	0.6994
104
1000	0.4479	0.9833	0.8224	0.7220	0.0533s	0.7833	0.7560	0.6954
105
1001	0.4323	0.9167	0.8261	0.7220	0.0529s	0.7839	0.7580	0.6974
106
1002	0.4147	0.9667	0.8333	0.7180	0.0557s	0.7860	0.7520	0.6915
107
1003	0.4523	0.9333	0.8373	0.7260	0.0530s	0.7882	0.7550	0.6938
108
1004	0.4355	0.9500	0.8358	0.7300	0.0534s	0.7880	0.7560	0.6954
109
1005	0.4476	0.9417	0.8325	0.7300	0.0543s	0.7866	0.7520	0.6917
110
1006	0.4386	0.9417	0.8300	0.7240	0.0531s	0.7858	0.7560	0.6953
111
1007	0.4555	0.9167	0.8315	0.7240	0.0531s	0.7865	0.7520	0.6942
112
1008	0.4328	0.9417	0.8356	0.7220	0.0533s	0.7875	0.7510	0.6949
113
1009	0.4497	0.9583	0.8395	0.7200	0.0529s	0.7889	0.7550	0.6976
114
1010	0.4153	0.9500	0.8397	0.7200	0.0531s	0.7894	0.7540	0.6971
115
1011	0.4514	0.9750	0.8302	0.7300	0.0575s	0.7861	0.7600	0.7012
116
1012	0.4571	0.9333	0.8240	0.7320	0.0534s	0.7853	0.7640	0.7033
117
1013	0.4186	0.9917	0.8232	0.7300	0.0535s	0.7853	0.7630	0.7026
118
1014	0.4571	0.9417	0.8271	0.7280	0.0525s	0.7862	0.7580	0.6978
119
1015	0.4454	0.9500	0.8329	0.7280	0.0531s	0.7881	0.7550	0.6948
120
1016	0.4513	0.9333	0.8362	0.7280	0.0552s	0.7881	0.7530	0.6923
121
1017	0.4401	0.9500	0.8383	0.7240	0.0534s	0.7876	0.7540	0.6948
122
1018	0.4531	0.9750	0.8366	0.7240	0.0532s	0.7863	0.7500	0.6917
123
1019	0.4426	0.9167	0.8306	0.7280	0.0535s	0.7839	0.7550	0.6965
124
1020	0.4485	0.9500	0.8246	0.7300	0.0548s	0.7835	0.7630	0.7043
125
1021	0.4272	0.9333	0.8220	0.7300	0.0534s	0.7863	0.7610	0.7007
126
1022	0.4486	0.9333	0.8220	0.7300	0.0538s	0.7868	0.7610	0.7006
127
1023	0.4314	0.9750	0.8259	0.7260	0.0534s	0.7867	0.7590	0.6986
128
1024	0.4448	0.9250	0.8342	0.7280	0.0537s	0.7880	0.7500	0.6918
129
1025	0.4103	0.9417	0.8398	0.7260	0.0545s	0.7890	0.7520	0.6977
130
1026	0.4404	0.9500	0.8362	0.7260	0.0541s	0.7870	0.7530	0.6988
131
1027	0.4184	0.9500	0.8257	0.7300	0.0531s	0.7832	0.7590	0.7046
132
1028	0.4335	0.9833	0.8190	0.7280	0.0533s	0.7822	0.7600	0.7037
133
1029	0.4680	0.9167	0.8191	0.7300	0.0547s	0.7836	0.7560	0.6961
0
1030	0.4003	0.9583	0.8221	0.7300	0.0530s	0.7850	0.7550	0.6973
1
1031	0.4344	0.9333	0.8267	0.7280	0.0537s	0.7866	0.7530	0.6955
2
1032	0.4290	0.9417	0.8312	0.7280	0.0824s	0.7878	0.7530	0.6951
3
1033	0.4174	0.9750	0.8324	0.7280	0.0694s	0.7869	0.7540	0.6978
4
1034	0.4398	0.9583	0.8332	0.7300	0.0621s	0.7865	0.7570	0.7024
5
1035	0.4546	0.9667	0.8338	0.7280	0.0620s	0.7862	0.7580	0.7034
6
1036	0.4040	0.9667	0.8315	0.7280	0.0619s	0.7862	0.7600	0.7039
7
1037	0.4700	0.9500	0.8278	0.7260	0.0629s	0.7861	0.7540	0.6948
8
1038	0.4315	0.9583	0.8262	0.7280	0.0621s	0.7872	0.7540	0.6943
9
1039	0.4624	0.9333	0.8287	0.7260	0.0620s	0.7884	0.7560	0.6960
10
1040	0.4449	0.9667	0.8364	0.7240	0.0619s	0.7905	0.7520	0.6915
11
1041	0.4051	0.9583	0.8426	0.7240	0.0628s	0.7910	0.7490	0.6883
12
1042	0.4340	0.9583	0.8430	0.7240	0.0621s	0.7893	0.7500	0.6961
13
1043	0.4292	0.9583	0.8382	0.7220	0.0618s	0.7873	0.7560	0.7021
14
1044	0.4289	0.9500	0.8343	0.7240	0.0605s	0.7859	0.7620	0.7075
15
1045	0.4606	0.9667	0.8305	0.7300	0.0566s	0.7849	0.7600	0.7034
16
1046	0.4156	0.9583	0.8300	0.7280	0.0555s	0.7864	0.7550	0.6969
17
1047	0.4555	0.9750	0.8303	0.7260	0.0545s	0.7884	0.7560	0.6958
18
1048	0.4440	0.9333	0.8300	0.7260	0.0558s	0.7889	0.7540	0.6938
19
1049	0.4218	0.9500	0.8312	0.7220	0.0574s	0.7901	0.7520	0.6923
20
1050	0.4552	0.9417	0.8343	0.7240	0.0556s	0.7903	0.7520	0.6922
21
1051	0.4419	0.9667	0.8362	0.7200	0.0535s	0.7895	0.7540	0.6960
22
1052	0.4312	0.9667	0.8369	0.7220	0.0527s	0.7889	0.7570	0.6985
23
1053	0.4509	0.9333	0.8341	0.7260	0.0540s	0.7871	0.7540	0.6954
24
1054	0.4298	0.9250	0.8299	0.7240	0.0533s	0.7859	0.7530	0.6943
25
1055	0.4593	0.9583	0.8289	0.7260	0.0520s	0.7867	0.7510	0.6905
26
1056	0.4116	0.9750	0.8272	0.7260	0.0531s	0.7865	0.7550	0.6946
27
1057	0.4420	0.9667	0.8281	0.7220	0.0534s	0.7876	0.7550	0.6946
28
1058	0.4361	0.9833	0.8309	0.7240	0.0537s	0.7888	0.7550	0.6949
29
1059	0.4335	0.9333	0.8341	0.7200	0.0531s	0.7888	0.7530	0.6952
30
1060	0.4602	0.9500	0.8366	0.7220	0.0535s	0.7885	0.7540	0.6980
31
1061	0.4497	0.9250	0.8336	0.7220	0.0551s	0.7865	0.7540	0.6975
32
1062	0.4607	0.9500	0.8318	0.7240	0.0533s	0.7872	0.7490	0.6930
33
1063	0.4285	0.9583	0.8295	0.7240	0.0532s	0.7878	0.7470	0.6870
34
1064	0.4337	0.9500	0.8273	0.7260	0.0533s	0.7873	0.7540	0.6938
35
1065	0.4244	0.9417	0.8273	0.7240	0.0530s	0.7879	0.7560	0.6956
36
1066	0.4428	0.9250	0.8288	0.7240	0.0534s	0.7885	0.7560	0.6960
37
1067	0.4317	0.9917	0.8345	0.7220	0.0531s	0.7892	0.7560	0.7002
38
1068	0.4367	0.9417	0.8359	0.7260	0.0532s	0.7876	0.7560	0.6996
39
1069	0.4277	0.9500	0.8342	0.7300	0.0532s	0.7865	0.7570	0.7003
40
1070	0.4209	0.9250	0.8328	0.7300	0.0534s	0.7865	0.7590	0.7039
41
1071	0.4729	0.9500	0.8305	0.7260	0.0529s	0.7864	0.7560	0.6993
42
1072	0.4266	0.9500	0.8289	0.7260	0.0536s	0.7862	0.7580	0.7017
43
1073	0.4237	0.9750	0.8298	0.7240	0.0535s	0.7875	0.7550	0.6972
44
1074	0.4366	0.9917	0.8301	0.7240	0.0533s	0.7879	0.7570	0.7012
45
1075	0.4508	0.9000	0.8285	0.7280	0.0531s	0.7857	0.7610	0.7047
46
1076	0.4564	0.9417	0.8266	0.7300	0.0532s	0.7836	0.7600	0.7051
47
1077	0.4198	0.9333	0.8285	0.7300	0.0531s	0.7836	0.7600	0.7050
48
1078	0.4552	0.9667	0.8299	0.7280	0.0531s	0.7841	0.7550	0.6986
49
1079	0.4510	0.9333	0.8333	0.7240	0.0534s	0.7863	0.7510	0.6953
50
1080	0.4198	0.9667	0.8345	0.7220	0.0545s	0.7880	0.7500	0.6945
51
1081	0.4546	0.9583	0.8320	0.7240	0.0534s	0.7882	0.7560	0.6981
52
1082	0.4479	0.9333	0.8262	0.7260	0.0536s	0.7857	0.7590	0.7007
53
1083	0.4431	0.9750	0.8239	0.7260	0.0531s	0.7831	0.7570	0.6985
54
1084	0.4065	0.9833	0.8268	0.7240	0.0533s	0.7829	0.7550	0.6991
55
1085	0.4390	0.9500	0.8339	0.7160	0.0530s	0.7848	0.7550	0.7013
56
1086	0.4172	0.9750	0.8385	0.7160	0.0535s	0.7866	0.7530	0.6991
57
1087	0.4316	0.9417	0.8363	0.7180	0.0531s	0.7864	0.7520	0.6961
58
1088	0.4395	0.9667	0.8311	0.7240	0.0531s	0.7863	0.7570	0.6991
59
1089	0.4319	0.9667	0.8291	0.7200	0.0531s	0.7869	0.7590	0.7006
60
1090	0.4247	0.9417	0.8279	0.7220	0.0533s	0.7866	0.7580	0.6997
61
1091	0.4402	0.9333	0.8271	0.7220	0.0530s	0.7860	0.7590	0.7003
62
1092	0.4243	0.9500	0.8254	0.7220	0.0530s	0.7846	0.7560	0.6977
63
1093	0.4180	0.9333	0.8269	0.7200	0.0532s	0.7850	0.7550	0.6968
64
1094	0.4241	0.9583	0.8321	0.7180	0.0530s	0.7872	0.7530	0.6953
65
1095	0.4449	0.9500	0.8376	0.7160	0.0531s	0.7897	0.7490	0.6891
66
1096	0.4174	0.9667	0.8376	0.7180	0.0533s	0.7900	0.7500	0.6902
67
1097	0.4563	0.9583	0.8385	0.7180	0.0533s	0.7906	0.7490	0.6892
68
1098	0.4310	0.9333	0.8332	0.7240	0.0532s	0.7885	0.7520	0.6919
69
1099	0.4167	0.9667	0.8271	0.7220	0.0545s	0.7863	0.7530	0.6948
70
1100	0.4490	0.9250	0.8254	0.7240	0.0531s	0.7850	0.7540	0.6960
71
1101	0.4321	0.9583	0.8260	0.7240	0.0531s	0.7851	0.7540	0.6963
72
1102	0.4603	0.9500	0.8314	0.7220	0.0532s	0.7871	0.7530	0.6956
73
1103	0.4170	0.9417	0.8370	0.7180	0.0532s	0.7893	0.7520	0.6945
74
1104	0.4458	0.9500	0.8380	0.7160	0.0529s	0.7889	0.7550	0.6990
75
1105	0.4025	0.9667	0.8351	0.7200	0.0533s	0.7873	0.7550	0.6987
76
1106	0.4446	0.9583	0.8317	0.7220	0.0531s	0.7861	0.7570	0.7007
77
1107	0.4137	0.9583	0.8284	0.7220	0.0531s	0.7848	0.7590	0.7004
78
1108	0.4511	0.9750	0.8323	0.7180	0.0530s	0.7861	0.7550	0.6970
79
1109	0.4455	0.9333	0.8358	0.7180	0.0532s	0.7867	0.7550	0.6971
80
1110	0.4745	0.9417	0.8386	0.7160	0.0526s	0.7875	0.7510	0.6935
81
1111	0.4090	0.9417	0.8369	0.7180	0.0537s	0.7867	0.7530	0.6952
82
1112	0.3804	0.9583	0.8334	0.7180	0.0537s	0.7858	0.7540	0.6962
83
1113	0.4312	0.9750	0.8329	0.7160	0.0528s	0.7864	0.7550	0.6967
84
1114	0.4228	0.9667	0.8322	0.7220	0.0533s	0.7872	0.7560	0.6973
85
1115	0.4447	0.9583	0.8350	0.7220	0.0530s	0.7880	0.7570	0.6983
86
1116	0.4527	0.9833	0.8368	0.7200	0.0533s	0.7886	0.7550	0.6969
87
1117	0.4324	0.9750	0.8367	0.7180	0.0540s	0.7892	0.7520	0.6921
88
1118	0.4172	0.9417	0.8355	0.7180	0.0531s	0.7900	0.7560	0.6961
89
1119	0.4438	0.9500	0.8278	0.7200	0.0530s	0.7863	0.7600	0.7000
90
1120	0.4601	0.9500	0.8260	0.7240	0.0532s	0.7843	0.7580	0.6973
91
1121	0.4392	0.9250	0.8313	0.7260	0.0531s	0.7864	0.7530	0.6922
92
1122	0.4519	0.9417	0.8403	0.7220	0.0918s	0.7899	0.7510	0.6943
93
1123	0.4171	0.9583	0.8461	0.7180	0.0667s	0.7929	0.7520	0.6953
94
1124	0.4338	0.9500	0.8455	0.7180	0.0616s	0.7937	0.7520	0.6912
95
1125	0.4410	0.9417	0.8430	0.7200	0.0624s	0.7940	0.7550	0.6926
96
1126	0.4265	0.9583	0.8364	0.7220	0.0621s	0.7920	0.7590	0.6963
97
1127	0.4467	0.9250	0.8303	0.7240	0.0618s	0.7884	0.7580	0.6981
98
1128	0.4537	0.9500	0.8289	0.7260	0.0623s	0.7863	0.7580	0.7017
99
1129	0.4131	0.9583	0.8317	0.7220	0.0617s	0.7867	0.7570	0.7007
100
1130	0.4496	0.9583	0.8341	0.7200	0.0618s	0.7880	0.7540	0.6983
101
1131	0.4553	0.9583	0.8331	0.7220	0.0618s	0.7873	0.7550	0.6993
102
1132	0.4241	0.9833	0.8318	0.7220	0.0621s	0.7868	0.7600	0.7038
103
1133	0.4245	0.9250	0.8350	0.7220	0.0618s	0.7877	0.7580	0.7015
104
1134	0.4446	0.9167	0.8345	0.7220	0.0619s	0.7880	0.7580	0.7011
105
1135	0.4617	0.9500	0.8337	0.7200	0.0619s	0.7886	0.7510	0.6930
106
1136	0.4321	0.9583	0.8350	0.7180	0.0639s	0.7894	0.7510	0.6933
107
1137	0.4134	0.9500	0.8339	0.7200	0.0617s	0.7888	0.7520	0.6944
108
1138	0.4605	0.9333	0.8349	0.7220	0.0580s	0.7891	0.7550	0.6976
109
1139	0.4034	0.9417	0.8379	0.7240	0.0542s	0.7902	0.7500	0.6948
110
1140	0.4261	0.9333	0.8379	0.7240	0.0530s	0.7902	0.7510	0.6954
111
1141	0.4442	0.9750	0.8322	0.7240	0.0530s	0.7868	0.7570	0.7008
112
1142	0.4202	0.9833	0.8293	0.7240	0.0527s	0.7866	0.7550	0.6970
113
1143	0.4257	0.9667	0.8302	0.7240	0.0530s	0.7880	0.7530	0.6951
114
1144	0.4360	0.9917	0.8318	0.7200	0.0533s	0.7893	0.7560	0.6983
115
1145	0.4509	0.9583	0.8321	0.7220	0.0530s	0.7894	0.7540	0.6942
116
1146	0.4677	0.9500	0.8345	0.7240	0.0541s	0.7892	0.7550	0.6946
117
1147	0.4569	0.9833	0.8363	0.7220	0.0529s	0.7885	0.7560	0.6997
118
1148	0.4127	0.9667	0.8319	0.7260	0.0529s	0.7859	0.7580	0.7015
119
1149	0.4473	0.9500	0.8290	0.7240	0.0531s	0.7846	0.7580	0.7016
120
1150	0.4347	0.9667	0.8302	0.7240	0.0526s	0.7860	0.7580	0.7022
121
1151	0.4181	0.9500	0.8321	0.7260	0.0530s	0.7877	0.7560	0.7005
122
1152	0.4572	0.9583	0.8359	0.7240	0.0530s	0.7894	0.7540	0.6962
123
1153	0.4406	0.9417	0.8416	0.7220	0.0529s	0.7916	0.7490	0.6917
124
1154	0.4249	0.9500	0.8383	0.7260	0.0530s	0.7896	0.7540	0.6976
125
1155	0.4428	0.9417	0.8334	0.7280	0.0539s	0.7875	0.7540	0.6977
126
1156	0.4545	0.9333	0.8295	0.7300	0.0530s	0.7858	0.7560	0.6976
127
1157	0.4545	0.9500	0.8286	0.7280	0.0532s	0.7851	0.7600	0.7019
128
1158	0.4573	0.9500	0.8326	0.7220	0.0533s	0.7865	0.7570	0.6967
129
1159	0.4312	0.9083	0.8362	0.7200	0.0530s	0.7886	0.7540	0.6943
130
1160	0.4347	0.9667	0.8382	0.7220	0.0529s	0.7887	0.7550	0.6967
131
1161	0.4229	0.9417	0.8365	0.7220	0.0529s	0.7875	0.7560	0.6998
132
1162	0.4201	0.9333	0.8345	0.7240	0.0531s	0.7866	0.7560	0.6996
133
1163	0.4307	0.9250	0.8296	0.7280	0.0530s	0.7856	0.7600	0.7015
134
1164	0.4598	0.9667	0.8302	0.7280	0.0533s	0.7872	0.7590	0.6983
135
1165	0.4281	0.9417	0.8313	0.7260	0.0532s	0.7884	0.7590	0.6988
136
1166	0.3944	0.9667	0.8329	0.7240	0.0530s	0.7890	0.7590	0.7018
137
1167	0.4449	0.9500	0.8330	0.7240	0.0531s	0.7884	0.7560	0.6990
138
1168	0.4406	0.9583	0.8317	0.7240	0.0530s	0.7866	0.7550	0.6979
139
1169	0.4372	0.9500	0.8320	0.7200	0.0530s	0.7852	0.7570	0.7013
140
1170	0.4551	0.9417	0.8316	0.7200	0.0530s	0.7842	0.7560	0.7001
141
1171	0.4587	0.9333	0.8304	0.7260	0.0532s	0.7836	0.7560	0.6999
142
1172	0.4327	0.9417	0.8295	0.7260	0.0529s	0.7832	0.7590	0.7030
143
1173	0.4231	0.9500	0.8310	0.7260	0.0530s	0.7844	0.7620	0.7059
144
1174	0.4610	0.9083	0.8359	0.7240	0.0530s	0.7877	0.7590	0.7012
145
1175	0.4484	0.9417	0.8407	0.7180	0.0535s	0.7898	0.7550	0.6969
146
1176	0.4506	0.9500	0.8403	0.7200	0.0755s	0.7896	0.7500	0.6922
147
1177	0.3978	0.9500	0.8363	0.7180	0.0633s	0.7879	0.7500	0.6902
148
1178	0.4391	0.9417	0.8309	0.7200	0.0581s	0.7858	0.7520	0.6918
149
1179	0.4635	0.9250	0.8296	0.7240	0.0556s	0.7844	0.7600	0.7032
150
1180	0.4179	0.9750	0.8296	0.7280	0.0541s	0.7847	0.7620	0.7053
151
1181	0.4537	0.9500	0.8331	0.7280	0.0531s	0.7870	0.7610	0.7027
152
1182	0.4483	0.9333	0.8357	0.7260	0.0529s	0.7885	0.7560	0.6964
153
1183	0.4075	0.9667	0.8351	0.7260	0.0531s	0.7883	0.7550	0.6974
154
1184	0.4222	0.9500	0.8323	0.7220	0.0530s	0.7872	0.7530	0.6955
155
1185	0.4388	0.9333	0.8323	0.7220	0.0543s	0.7876	0.7530	0.6951
156
1186	0.4240	0.9583	0.8324	0.7220	0.0530s	0.7874	0.7520	0.6940
157
1187	0.4387	0.9417	0.8323	0.7260	0.0531s	0.7866	0.7560	0.7000
158
1188	0.4622	0.9250	0.8292	0.7280	0.0531s	0.7860	0.7580	0.6975
159
1189	0.4212	0.9333	0.8262	0.7280	0.0531s	0.7857	0.7610	0.7007
160
1190	0.4396	0.9333	0.8261	0.7280	0.0532s	0.7863	0.7610	0.7009
161
1191	0.4345	0.9250	0.8266	0.7280	0.0530s	0.7865	0.7600	0.7000
162
1192	0.4191	0.9667	0.8276	0.7260	0.0529s	0.7863	0.7560	0.6960
163
1193	0.4426	0.9583	0.8303	0.7220	0.0531s	0.7864	0.7520	0.6922
164
1194	0.4282	0.9583	0.8328	0.7220	0.0531s	0.7871	0.7520	0.6941
165
1195	0.4669	0.9500	0.8325	0.7240	0.0529s	0.7862	0.7550	0.6989
166
1196	0.4381	0.9417	0.8337	0.7280	0.0531s	0.7870	0.7570	0.6982
167
1197	0.4611	0.9583	0.8369	0.7260	0.0530s	0.7892	0.7570	0.6985
168
1198	0.4502	0.9583	0.8371	0.7220	0.0533s	0.7902	0.7570	0.6969
169
1199	0.4490	0.9500	0.8326	0.7240	0.0529s	0.7879	0.7570	0.6969
170
1200	0.4306	0.9833	0.8286	0.7240	0.0530s	0.7857	0.7560	0.6980
171
1201	0.4430	0.9667	0.8267	0.7220	0.0530s	0.7852	0.7540	0.6960
172
1202	0.4425	0.9500	0.8266	0.7200	0.0531s	0.7854	0.7530	0.6930
173
1203	0.4038	0.9667	0.8262	0.7220	0.0532s	0.7849	0.7550	0.6947
174
1204	0.4331	0.9917	0.8279	0.7240	0.0534s	0.7859	0.7600	0.7013
175
1205	0.4115	0.9500	0.8277	0.7240	0.0537s	0.7855	0.7620	0.7057
176
1206	0.4821	0.9667	0.8275	0.7260	0.0542s	0.7844	0.7580	0.7021
177
1207	0.4354	0.9750	0.8282	0.7260	0.0533s	0.7837	0.7590	0.7023
178
1208	0.4052	0.9500	0.8293	0.7240	0.0534s	0.7839	0.7590	0.7023
179
1209	0.4372	0.9500	0.8320	0.7240	0.0532s	0.7853	0.7560	0.6993
180
1210	0.4457	0.9083	0.8342	0.7220	0.0528s	0.7869	0.7540	0.6976
181
1211	0.4498	0.9667	0.8348	0.7240	0.0532s	0.7875	0.7530	0.6968
182
1212	0.4485	0.9500	0.8305	0.7240	0.0531s	0.7861	0.7560	0.6993
183
1213	0.4257	0.9667	0.8271	0.7240	0.0531s	0.7848	0.7600	0.7035
184
1214	0.4694	0.9583	0.8281	0.7240	0.0531s	0.7854	0.7570	0.7010
185
1215	0.4646	0.9250	0.8305	0.7240	0.0536s	0.7866	0.7550	0.6993
186
1216	0.4423	0.9500	0.8347	0.7200	0.0531s	0.7886	0.7530	0.6953
187
1217	0.4312	0.9667	0.8322	0.7200	0.0534s	0.7876	0.7510	0.6914
188
1218	0.4197	0.9333	0.8323	0.7200	0.0532s	0.7877	0.7510	0.6912
189
1219	0.4009	0.9750	0.8307	0.7220	0.0531s	0.7870	0.7550	0.6946
190
1220	0.4279	0.9417	0.8301	0.7240	0.0530s	0.7860	0.7560	0.6975
191
1221	0.4389	0.9250	0.8308	0.7240	0.0533s	0.7860	0.7540	0.6960
192
1222	0.4295	0.9500	0.8321	0.7260	0.0533s	0.7866	0.7540	0.6943
193
1223	0.4362	0.9667	0.8351	0.7240	0.0533s	0.7883	0.7520	0.6927
194
1224	0.4624	0.9750	0.8364	0.7240	0.0555s	0.7894	0.7510	0.6913
195
1225	0.4143	0.9750	0.8347	0.7240	0.0551s	0.7898	0.7560	0.6955
196
1226	0.4469	0.9583	0.8331	0.7240	0.0533s	0.7891	0.7580	0.6976
197
1227	0.4343	0.9667	0.8313	0.7260	0.0530s	0.7877	0.7570	0.6967
198
1228	0.4325	0.9500	0.8308	0.7240	0.0546s	0.7869	0.7530	0.6954
199
Early stop! Min loss:0.8189858198165894,  Max accuracy:0.734
Early stop model validation loss:0.8189858198165894,  accuracy:0.728
Optimization Finished!
Total time elapsed: 68.7356s
test max acc:0.7660
Loading 1027th epoch
stru_node_to_hop attention:tensor([[0.2958, 0.3521, 0.3521],
        [0.2267, 0.4535, 0.3198],
        [0.2938, 0.3531, 0.3531],
        [0.2610, 0.3166, 0.4224],
        [0.2974, 0.3513, 0.3513],
        [0.3139, 0.3601, 0.3260],
        [0.3114, 0.3443, 0.3443],
        [0.2590, 0.2567, 0.4843],
        [0.5658, 0.2262, 0.2080],
        [0.4084, 0.3138, 0.2777],
        [0.3938, 0.3040, 0.3022],
        [0.2734, 0.3633, 0.3633],
        [0.2768, 0.3477, 0.3756],
        [0.2854, 0.3530, 0.3616],
        [0.2486, 0.3704, 0.3811],
        [0.2926, 0.3537, 0.3537],
        [0.2681, 0.3675, 0.3644],
        [0.2630, 0.3975, 0.3395],
        [0.2049, 0.2275, 0.5676],
        [0.2389, 0.4327, 0.3284],
        [0.2661, 0.3686, 0.3653],
        [0.2646, 0.3499, 0.3855],
        [0.2481, 0.3598, 0.3921],
        [0.2795, 0.3372, 0.3833],
        [0.3085, 0.3359, 0.3556],
        [0.4643, 0.2840, 0.2517],
        [0.5315, 0.2472, 0.2213],
        [0.2371, 0.2878, 0.4752],
        [0.2420, 0.4446, 0.3135],
        [0.3593, 0.2718, 0.3689],
        [0.3451, 0.3050, 0.3499],
        [0.3385, 0.3113, 0.3501],
        [0.3542, 0.2850, 0.3609],
        [0.2315, 0.3568, 0.4117],
        [0.2641, 0.3168, 0.4190],
        [0.2625, 0.3687, 0.3687],
        [0.2820, 0.3590, 0.3590],
        [0.2585, 0.3707, 0.3707],
        [0.2712, 0.3447, 0.3842],
        [0.2962, 0.3906, 0.3131],
        [0.2677, 0.3571, 0.3752],
        [0.3436, 0.2965, 0.3599],
        [0.3965, 0.3033, 0.3003],
        [0.4669, 0.3235, 0.2095],
        [0.2634, 0.3427, 0.3939],
        [0.3304, 0.3348, 0.3348],
        [0.2580, 0.3242, 0.4178],
        [0.3426, 0.2925, 0.3649],
        [0.3984, 0.2817, 0.3199],
        [0.2574, 0.3914, 0.3513],
        [0.3146, 0.3845, 0.3009],
        [0.2793, 0.3469, 0.3739],
        [0.4996, 0.2626, 0.2378],
        [0.5033, 0.2409, 0.2558],
        [0.4136, 0.2769, 0.3095],
        [0.4734, 0.2877, 0.2389],
        [0.2803, 0.3631, 0.3566],
        [0.2630, 0.3392, 0.3977],
        [0.2527, 0.3846, 0.3627],
        [0.2815, 0.2777, 0.4408],
        [0.5789, 0.2038, 0.2173],
        [0.4502, 0.2587, 0.2911],
        [0.3066, 0.3086, 0.3848],
        [0.2940, 0.3530, 0.3530],
        [0.2766, 0.3303, 0.3932],
        [0.3111, 0.3800, 0.3089],
        [0.2744, 0.3338, 0.3918],
        [0.3202, 0.3278, 0.3520],
        [0.2822, 0.3394, 0.3784],
        [0.3601, 0.3571, 0.2828],
        [0.2590, 0.3839, 0.3571],
        [0.2597, 0.3695, 0.3708],
        [0.3367, 0.3127, 0.3506],
        [0.2939, 0.3441, 0.3620],
        [0.2616, 0.3064, 0.4320],
        [0.2047, 0.4390, 0.3563],
        [0.2152, 0.4343, 0.3505],
        [0.2701, 0.3341, 0.3958],
        [0.2638, 0.4155, 0.3208],
        [0.2663, 0.4531, 0.2805],
        [0.2471, 0.3757, 0.3772],
        [0.2187, 0.4267, 0.3546],
        [0.2915, 0.3236, 0.3849],
        [0.2753, 0.3815, 0.3432],
        [0.2710, 0.2936, 0.4354],
        [0.3140, 0.3701, 0.3159],
        [0.2572, 0.3903, 0.3525],
        [0.2736, 0.3276, 0.3988],
        [0.2875, 0.3139, 0.3986],
        [0.2771, 0.3615, 0.3615],
        [0.4447, 0.2934, 0.2620],
        [0.4441, 0.2774, 0.2784],
        [0.2863, 0.2777, 0.4360],
        [0.3047, 0.3311, 0.3641],
        [0.2696, 0.3652, 0.3652],
        [0.5991, 0.2077, 0.1932],
        [0.5935, 0.1980, 0.2086],
        [0.2598, 0.3657, 0.3745],
        [0.2487, 0.4042, 0.3472],
        [0.6755, 0.1561, 0.1684]], device='cuda:1')
fea_node_to_hop attention:tensor([[0.2929, 0.3263, 0.1877, 0.1930],
        [0.3695, 0.2351, 0.1933, 0.2021],
        [0.2105, 0.3936, 0.2121, 0.1838],
        [0.2170, 0.3314, 0.2413, 0.2103],
        [0.3313, 0.2956, 0.1840, 0.1891],
        [0.3665, 0.2817, 0.1735, 0.1783],
        [0.3472, 0.2686, 0.1893, 0.1949],
        [0.7145, 0.0995, 0.0979, 0.0881],
        [0.4714, 0.2062, 0.1572, 0.1652],
        [0.4243, 0.2224, 0.1818, 0.1714],
        [0.3512, 0.2711, 0.1956, 0.1821],
        [0.4080, 0.2394, 0.1747, 0.1779],
        [0.5544, 0.1515, 0.1482, 0.1459],
        [0.2112, 0.3518, 0.2323, 0.2047],
        [0.2647, 0.3337, 0.2134, 0.1882],
        [0.2884, 0.3199, 0.2047, 0.1871],
        [0.2147, 0.2867, 0.2580, 0.2405],
        [0.2233, 0.3479, 0.2306, 0.1982],
        [0.2902, 0.2848, 0.2214, 0.2036],
        [0.6258, 0.1391, 0.1217, 0.1134],
        [0.2995, 0.2985, 0.2164, 0.1857],
        [0.2360, 0.3711, 0.2085, 0.1844],
        [0.2198, 0.2964, 0.2561, 0.2277],
        [0.2554, 0.3305, 0.2198, 0.1943],
        [0.1877, 0.3945, 0.2219, 0.1959],
        [0.4979, 0.1787, 0.1645, 0.1590],
        [0.5194, 0.1785, 0.1507, 0.1514],
        [0.2009, 0.3286, 0.2527, 0.2178],
        [0.2115, 0.3304, 0.2418, 0.2163],
        [0.2816, 0.3312, 0.2056, 0.1816],
        [0.3752, 0.2627, 0.1883, 0.1739],
        [0.2520, 0.3731, 0.2016, 0.1732],
        [0.2761, 0.3286, 0.2109, 0.1844],
        [0.2785, 0.3281, 0.2075, 0.1859],
        [0.3760, 0.2798, 0.1808, 0.1633],
        [0.2996, 0.2583, 0.2323, 0.2099],
        [0.2426, 0.3540, 0.2136, 0.1898],
        [0.3571, 0.2510, 0.2041, 0.1877],
        [0.2075, 0.3285, 0.2432, 0.2208],
        [0.2373, 0.3208, 0.2317, 0.2101],
        [0.2639, 0.3086, 0.2270, 0.2005],
        [0.2899, 0.3149, 0.2080, 0.1872],
        [0.5177, 0.1896, 0.1505, 0.1421],
        [0.2944, 0.3268, 0.2009, 0.1779],
        [0.2081, 0.3814, 0.2238, 0.1867],
        [0.1768, 0.4269, 0.2105, 0.1858],
        [0.3695, 0.2901, 0.1786, 0.1618],
        [0.2492, 0.3715, 0.2007, 0.1785],
        [0.2526, 0.3753, 0.2022, 0.1699],
        [0.2331, 0.2824, 0.2511, 0.2333],
        [0.3331, 0.2495, 0.2153, 0.2020],
        [0.2736, 0.2966, 0.2275, 0.2023],
        [0.5182, 0.1941, 0.1474, 0.1403],
        [0.4687, 0.2504, 0.1452, 0.1357],
        [0.4082, 0.2445, 0.1810, 0.1663],
        [0.4047, 0.2582, 0.1733, 0.1638],
        [0.2038, 0.2823, 0.2713, 0.2426],
        [0.2383, 0.3155, 0.2371, 0.2092],
        [0.2050, 0.3082, 0.2563, 0.2305],
        [0.3788, 0.2310, 0.2017, 0.1886],
        [0.6297, 0.1296, 0.1206, 0.1202],
        [0.3290, 0.2974, 0.1973, 0.1763],
        [0.2051, 0.3864, 0.2205, 0.1880],
        [0.3348, 0.2833, 0.2025, 0.1793],
        [0.1932, 0.3684, 0.2333, 0.2051],
        [0.2973, 0.3543, 0.1823, 0.1661],
        [0.2011, 0.3120, 0.2562, 0.2308],
        [0.2477, 0.3309, 0.2246, 0.1968],
        [0.2100, 0.3420, 0.2432, 0.2047],
        [0.3431, 0.3233, 0.1777, 0.1558],
        [0.2078, 0.3141, 0.2539, 0.2242],
        [0.2753, 0.2878, 0.2307, 0.2062],
        [0.2988, 0.3106, 0.2065, 0.1841],
        [0.2086, 0.3823, 0.2195, 0.1896],
        [0.5607, 0.1788, 0.1368, 0.1237],
        [0.3165, 0.3099, 0.1965, 0.1772],
        [0.3678, 0.2959, 0.1844, 0.1519],
        [0.2149, 0.3106, 0.2488, 0.2258],
        [0.2662, 0.2716, 0.2466, 0.2156],
        [0.4263, 0.2516, 0.1697, 0.1524],
        [0.2506, 0.3181, 0.2274, 0.2039],
        [0.2638, 0.2865, 0.2360, 0.2137],
        [0.2618, 0.3368, 0.2169, 0.1845],
        [0.2337, 0.2753, 0.2529, 0.2381],
        [0.2069, 0.2638, 0.2749, 0.2545],
        [0.6621, 0.1338, 0.1059, 0.0982],
        [0.2029, 0.3430, 0.2409, 0.2132],
        [0.2622, 0.2850, 0.2418, 0.2110],
        [0.3089, 0.2855, 0.2156, 0.1900],
        [0.2732, 0.2967, 0.2235, 0.2066],
        [0.3549, 0.2856, 0.1858, 0.1737],
        [0.3071, 0.3102, 0.2058, 0.1770],
        [0.1781, 0.3611, 0.2474, 0.2135],
        [0.2013, 0.2741, 0.2696, 0.2549],
        [0.2489, 0.2851, 0.2422, 0.2238],
        [0.3320, 0.3041, 0.1930, 0.1709],
        [0.3393, 0.2269, 0.2254, 0.2084],
        [0.2710, 0.3287, 0.2124, 0.1879],
        [0.2140, 0.2901, 0.2542, 0.2417],
        [0.6009, 0.1381, 0.1301, 0.1308]], device='cuda:1')
perception attention:tensor([0.4490, 0.5510], device='cuda:1')
Test set results: loss= 0.7822 accuracy= 0.7600 F1_score= 0.7037
