# epoch	loss_train	acc_train	loss_val	acc_val	time	acc_test	f1_test
0001	1.8005	0.1583	1.7823	0.1720	0.0523s	1.7853	0.1820	0.0513
0
0002	1.7947	0.1917	1.7823	0.1760	0.0528s	1.7846	0.1910	0.0675
0
0003	1.7895	0.2250	1.7825	0.1980	0.0525s	1.7840	0.2140	0.1018
0
0004	1.7856	0.2000	1.7824	0.3280	0.0526s	1.7833	0.3310	0.2170
0
0005	1.7794	0.2917	1.7818	0.4240	0.0523s	1.7823	0.4100	0.2596
0
0006	1.7751	0.3167	1.7810	0.3780	0.0522s	1.7810	0.3850	0.2530
0
0007	1.7685	0.3167	1.7804	0.2860	0.0521s	1.7796	0.3090	0.1896
0
0008	1.7607	0.4500	1.7792	0.2640	0.0529s	1.7777	0.2940	0.1733
0
0009	1.7532	0.5167	1.7776	0.2400	0.0521s	1.7753	0.2740	0.1479
0
0010	1.7464	0.4167	1.7754	0.2340	0.0533s	1.7723	0.2730	0.1401
0
0011	1.7352	0.5250	1.7725	0.2420	0.0526s	1.7685	0.2760	0.1436
0
0012	1.7275	0.4917	1.7696	0.2320	0.0531s	1.7648	0.2850	0.1647
0
0013	1.7178	0.5250	1.7648	0.2520	0.0528s	1.7596	0.2970	0.1807
0
0014	1.7088	0.6500	1.7599	0.2800	0.0524s	1.7542	0.3130	0.2073
0
0015	1.6971	0.5833	1.7546	0.2960	0.0536s	1.7483	0.3230	0.2182
0
0016	1.6792	0.6417	1.7486	0.3100	0.0537s	1.7418	0.3410	0.2466
0
0017	1.6679	0.6250	1.7425	0.3360	0.0525s	1.7352	0.3600	0.2748
0
0018	1.6456	0.6833	1.7349	0.3680	0.0523s	1.7273	0.3900	0.3130
0
0019	1.6365	0.6833	1.7264	0.4000	0.0547s	1.7188	0.4290	0.3650
0
0020	1.6159	0.6417	1.7163	0.4400	0.0535s	1.7091	0.4660	0.4116
0
0021	1.5999	0.7417	1.7058	0.4560	0.0534s	1.6987	0.4930	0.4391
0
0022	1.5787	0.7917	1.6953	0.4700	0.0525s	1.6879	0.4950	0.4429
0
0023	1.5602	0.7750	1.6858	0.4640	0.0532s	1.6775	0.4900	0.4361
0
0024	1.5415	0.7917	1.6762	0.4680	0.0530s	1.6670	0.4970	0.4452
0
0025	1.5177	0.7917	1.6651	0.4860	0.0523s	1.6556	0.5110	0.4669
0
0026	1.4959	0.8083	1.6527	0.5220	0.0539s	1.6432	0.5460	0.5055
0
0027	1.4713	0.7917	1.6401	0.5540	0.0531s	1.6305	0.5660	0.5233
0
0028	1.4605	0.8417	1.6274	0.5620	0.0531s	1.6170	0.5700	0.5270
0
0029	1.4269	0.8750	1.6150	0.5620	0.0527s	1.6036	0.5750	0.5353
0
0030	1.4050	0.8667	1.6019	0.5860	0.0530s	1.5901	0.5930	0.5548
0
0031	1.3776	0.9083	1.5885	0.6020	0.0542s	1.5761	0.6090	0.5731
0
0032	1.3574	0.8250	1.5747	0.5980	0.0538s	1.5616	0.6140	0.5781
0
0033	1.3042	0.9000	1.5608	0.6040	0.0540s	1.5470	0.6280	0.5907
0
0034	1.2689	0.9083	1.5468	0.6060	0.0532s	1.5322	0.6350	0.5965
0
0035	1.2856	0.9083	1.5325	0.6120	0.0533s	1.5170	0.6420	0.6037
0
0036	1.2573	0.9083	1.5187	0.6300	0.0527s	1.5024	0.6530	0.6155
0
0037	1.2233	0.8500	1.5042	0.6440	0.0540s	1.4872	0.6540	0.6179
0
0038	1.1988	0.9083	1.4889	0.6420	0.0526s	1.4711	0.6590	0.6236
0
0039	1.1787	0.8917	1.4728	0.6480	0.0525s	1.4545	0.6650	0.6282
0
0040	1.1558	0.9250	1.4582	0.6500	0.0524s	1.4390	0.6720	0.6346
0
0041	1.1137	0.9000	1.4420	0.6580	0.0522s	1.4226	0.6760	0.6383
0
0042	1.1163	0.9250	1.4255	0.6620	0.0538s	1.4054	0.6760	0.6362
0
0043	1.0912	0.9250	1.4099	0.6720	0.0542s	1.3889	0.6750	0.6338
0
0044	1.0771	0.8917	1.3948	0.6700	0.0533s	1.3730	0.6780	0.6381
0
0045	1.0900	0.9083	1.3813	0.6640	0.0532s	1.3586	0.6720	0.6322
0
0046	1.0405	0.9250	1.3700	0.6560	0.0525s	1.3455	0.6690	0.6290
0
0047	1.0371	0.9167	1.3560	0.6580	0.0524s	1.3314	0.6750	0.6370
0
0048	1.0082	0.9250	1.3424	0.6620	0.0530s	1.3178	0.6790	0.6405
0
0049	1.0116	0.9000	1.3290	0.6640	0.0532s	1.3045	0.6850	0.6451
0
0050	0.9920	0.9000	1.3167	0.6600	0.0538s	1.2920	0.6890	0.6504
0
0051	1.0000	0.9167	1.3068	0.6580	0.0529s	1.2806	0.6870	0.6492
0
0052	0.9990	0.8833	1.2958	0.6600	0.0527s	1.2687	0.6860	0.6502
0
0053	0.9760	0.9333	1.2841	0.6640	0.0527s	1.2566	0.6900	0.6538
0
0054	0.9720	0.8750	1.2739	0.6640	0.0527s	1.2453	0.6910	0.6565
0
0055	0.9540	0.8750	1.2628	0.6660	0.0532s	1.2337	0.6920	0.6574
0
0056	0.9656	0.9250	1.2506	0.6700	0.0529s	1.2213	0.6950	0.6591
0
0057	0.9369	0.9333	1.2408	0.6720	0.0529s	1.2107	0.6970	0.6612
0
0058	0.9016	0.9083	1.2308	0.6700	0.0527s	1.2001	0.7020	0.6654
0
0059	0.9522	0.9167	1.2197	0.6700	0.0524s	1.1888	0.7080	0.6710
0
0060	0.9180	0.8583	1.2104	0.6720	0.0522s	1.1787	0.7120	0.6749
0
0061	0.9064	0.9167	1.2018	0.6820	0.0522s	1.1694	0.7110	0.6743
0
0062	0.8941	0.9250	1.1924	0.6880	0.0523s	1.1597	0.7120	0.6747
0
0063	0.8806	0.9333	1.1838	0.6880	0.0556s	1.1512	0.7130	0.6777
0
0064	0.8976	0.9333	1.1737	0.6840	0.0538s	1.1417	0.7180	0.6824
0
0065	0.8743	0.9500	1.1659	0.6800	0.0527s	1.1336	0.7180	0.6810
0
0066	0.9173	0.9417	1.1568	0.6900	0.0522s	1.1246	0.7210	0.6842
0
0067	0.8329	0.9417	1.1470	0.6980	0.0524s	1.1147	0.7230	0.6847
0
0068	0.8200	0.9250	1.1382	0.7020	0.0526s	1.1052	0.7270	0.6883
0
0069	0.8535	0.9667	1.1325	0.6980	0.0522s	1.0975	0.7270	0.6887
0
0070	0.8003	0.9500	1.1280	0.6920	0.0530s	1.0911	0.7280	0.6899
0
0071	0.8260	0.9333	1.1223	0.6860	0.0525s	1.0845	0.7290	0.6920
0
0072	0.8569	0.9000	1.1158	0.6880	0.0527s	1.0782	0.7260	0.6882
0
0073	0.8587	0.8917	1.1082	0.6900	0.0523s	1.0713	0.7310	0.6934
0
0074	0.8039	0.9417	1.1011	0.6920	0.0521s	1.0647	0.7280	0.6907
0
0075	0.8123	0.9167	1.0934	0.7040	0.0534s	1.0581	0.7340	0.6953
0
0076	0.7986	0.9250	1.0858	0.7080	0.0526s	1.0517	0.7340	0.6947
0
0077	0.8118	0.9250	1.0793	0.7140	0.0522s	1.0453	0.7360	0.6970
0
0078	0.8053	0.9750	1.0737	0.7180	0.0551s	1.0398	0.7380	0.6999
0
0079	0.8101	0.9250	1.0694	0.7100	0.0568s	1.0348	0.7310	0.6926
0
0080	0.7841	0.9417	1.0650	0.7040	0.0547s	1.0293	0.7320	0.6933
0
0081	0.7763	0.9333	1.0612	0.7080	0.0544s	1.0246	0.7350	0.6960
0
0082	0.7785	0.9167	1.0555	0.7140	0.0549s	1.0194	0.7360	0.6964
0
0083	0.8316	0.9083	1.0501	0.7140	0.0534s	1.0142	0.7350	0.6954
0
0084	0.7680	0.9583	1.0428	0.7220	0.0525s	1.0077	0.7360	0.6964
0
0085	0.7893	0.9417	1.0357	0.7220	0.0523s	1.0018	0.7330	0.6914
0
0086	0.7360	0.9667	1.0317	0.7220	0.0520s	0.9981	0.7340	0.6925
0
0087	0.7593	0.9750	1.0295	0.7180	0.0554s	0.9944	0.7320	0.6918
0
0088	0.7893	0.9500	1.0291	0.7120	0.0535s	0.9919	0.7340	0.6940
0
0089	0.7628	0.8917	1.0299	0.7060	0.0529s	0.9908	0.7360	0.6964
0
0090	0.7237	0.9333	1.0300	0.6980	0.0525s	0.9901	0.7320	0.6913
1
0091	0.7434	0.9167	1.0232	0.7080	0.0529s	0.9856	0.7330	0.6901
2
0092	0.7533	0.9500	1.0134	0.7220	0.0530s	0.9794	0.7340	0.6886
0
0093	0.7502	0.9250	1.0063	0.7260	0.0531s	0.9735	0.7370	0.6930
0
0094	0.7192	0.9667	1.0017	0.7280	0.0547s	0.9687	0.7400	0.6990
0
0095	0.7360	0.9417	0.9996	0.7220	0.0535s	0.9647	0.7380	0.6976
0
0096	0.7247	0.9250	0.9986	0.7240	0.0527s	0.9614	0.7380	0.6989
0
0097	0.7190	0.9417	0.9990	0.7220	0.0524s	0.9598	0.7400	0.7000
0
0098	0.7242	0.9083	0.9980	0.7180	0.0522s	0.9579	0.7370	0.6958
1
0099	0.7293	0.9417	0.9953	0.7140	0.0525s	0.9548	0.7340	0.6929
0
0100	0.7368	0.9167	0.9877	0.7200	0.0523s	0.9494	0.7380	0.6954
0
0101	0.7082	0.9333	0.9820	0.7300	0.0532s	0.9454	0.7380	0.6945
0
0102	0.7258	0.9417	0.9795	0.7320	0.0526s	0.9435	0.7410	0.6998
0
0103	0.6892	0.9500	0.9794	0.7300	0.0535s	0.9431	0.7410	0.7024
0
0104	0.6979	0.9500	0.9807	0.7300	0.0577s	0.9423	0.7430	0.7054
0
0105	0.7070	0.9250	0.9797	0.7300	0.0544s	0.9394	0.7420	0.7044
1
0106	0.7043	0.9583	0.9769	0.7220	0.0531s	0.9357	0.7390	0.7003
2
0107	0.6806	0.9583	0.9714	0.7200	0.0528s	0.9315	0.7380	0.6960
0
0108	0.6833	0.9417	0.9652	0.7180	0.0527s	0.9270	0.7380	0.6954
0
0109	0.6342	0.9333	0.9595	0.7200	0.0532s	0.9225	0.7350	0.6896
0
0110	0.6889	0.9083	0.9566	0.7240	0.0526s	0.9199	0.7360	0.6919
0
0111	0.7006	0.9333	0.9578	0.7240	0.0529s	0.9200	0.7380	0.6957
0
0112	0.6831	0.9583	0.9605	0.7200	0.0528s	0.9216	0.7400	0.7010
1
0113	0.6644	0.9333	0.9609	0.7220	0.0526s	0.9213	0.7380	0.6985
2
0114	0.6236	0.9583	0.9562	0.7280	0.0528s	0.9170	0.7390	0.7003
3
0115	0.6811	0.9417	0.9502	0.7300	0.0544s	0.9116	0.7400	0.7020
0
0116	0.6157	0.9250	0.9446	0.7200	0.0531s	0.9074	0.7350	0.6926
0
0117	0.6338	0.9417	0.9407	0.7220	0.0530s	0.9036	0.7320	0.6867
0
0118	0.6397	0.9250	0.9409	0.7180	0.0531s	0.9022	0.7290	0.6817
0
0119	0.6250	0.9500	0.9442	0.7120	0.0531s	0.9027	0.7320	0.6871
1
0120	0.6337	0.9833	0.9480	0.7120	0.0530s	0.9043	0.7350	0.6924
2
0121	0.6325	0.9500	0.9467	0.7140	0.0531s	0.9034	0.7390	0.6975
3
0122	0.5895	0.9417	0.9402	0.7180	0.0531s	0.8985	0.7410	0.6997
4
0123	0.6367	0.9667	0.9327	0.7240	0.0534s	0.8935	0.7410	0.6991
0
0124	0.6126	0.9500	0.9286	0.7340	0.0529s	0.8910	0.7390	0.6944
0
0125	0.5699	0.9750	0.9278	0.7300	0.0543s	0.8901	0.7360	0.6904
0
0126	0.6132	0.9333	0.9287	0.7260	0.0531s	0.8889	0.7370	0.6926
0
0127	0.5882	0.9333	0.9317	0.7180	0.0528s	0.8886	0.7370	0.6921
1
0128	0.5750	0.9500	0.9348	0.7140	0.0532s	0.8891	0.7380	0.6974
2
0129	0.6273	0.9333	0.9339	0.7160	0.0530s	0.8883	0.7380	0.6971
3
0130	0.5692	0.9500	0.9280	0.7180	0.0529s	0.8849	0.7360	0.6939
4
0131	0.5719	0.9750	0.9212	0.7200	0.0531s	0.8816	0.7420	0.6984
5
0132	0.5759	0.9333	0.9173	0.7300	0.0535s	0.8799	0.7400	0.6938
0
0133	0.6176	0.9333	0.9170	0.7300	0.0530s	0.8791	0.7370	0.6912
0
0134	0.5743	0.9750	0.9176	0.7260	0.0531s	0.8775	0.7380	0.6938
0
0135	0.5763	0.9250	0.9200	0.7220	0.0531s	0.8770	0.7350	0.6912
1
0136	0.5771	0.9750	0.9212	0.7120	0.0544s	0.8766	0.7400	0.6969
2
0137	0.5840	0.9250	0.9217	0.7120	0.0531s	0.8761	0.7380	0.6944
3
0138	0.5760	0.9500	0.9191	0.7160	0.0529s	0.8741	0.7350	0.6897
4
0139	0.5672	0.9417	0.9157	0.7160	0.0532s	0.8722	0.7380	0.6926
5
0140	0.5639	0.9667	0.9126	0.7160	0.0530s	0.8706	0.7360	0.6893
0
0141	0.5563	0.9417	0.9094	0.7200	0.0529s	0.8683	0.7410	0.6926
0
0142	0.5479	0.9500	0.9091	0.7180	0.0530s	0.8662	0.7380	0.6902
0
0143	0.5677	0.9667	0.9107	0.7140	0.0839s	0.8663	0.7390	0.6935
0
0144	0.5264	0.9333	0.9138	0.7140	0.0654s	0.8679	0.7380	0.6924
1
0145	0.5696	0.9583	0.9112	0.7180	0.0613s	0.8656	0.7390	0.6950
2
0146	0.5364	0.9583	0.9069	0.7200	0.0604s	0.8622	0.7380	0.6941
3
0147	0.5735	0.9583	0.9036	0.7200	0.0602s	0.8599	0.7420	0.6975
0
0148	0.5819	0.9417	0.9050	0.7160	0.0619s	0.8605	0.7420	0.6959
0
0149	0.5569	0.9417	0.9061	0.7140	0.0600s	0.8610	0.7370	0.6873
1
0150	0.5607	0.9333	0.9051	0.7140	0.0601s	0.8593	0.7390	0.6896
2
0151	0.5435	0.9250	0.9043	0.7160	0.0603s	0.8574	0.7380	0.6905
3
0152	0.5484	0.9083	0.9028	0.7140	0.0603s	0.8556	0.7420	0.6961
4
0153	0.5241	0.9667	0.9008	0.7160	0.0602s	0.8542	0.7400	0.6946
0
0154	0.5463	0.9417	0.8970	0.7180	0.0605s	0.8519	0.7410	0.6954
0
0155	0.5640	0.9250	0.8941	0.7160	0.0534s	0.8503	0.7430	0.6970
0
0156	0.5089	0.9833	0.8943	0.7160	0.0530s	0.8501	0.7380	0.6911
0
0157	0.5216	0.9500	0.8951	0.7160	0.0530s	0.8493	0.7390	0.6904
1
0158	0.5275	0.9417	0.8965	0.7080	0.0530s	0.8488	0.7340	0.6859
2
0159	0.5503	0.9167	0.8989	0.7120	0.0534s	0.8494	0.7410	0.6929
3
0160	0.5508	0.9583	0.8995	0.7140	0.0531s	0.8499	0.7410	0.6933
4
0161	0.5361	0.9417	0.8985	0.7180	0.0531s	0.8502	0.7410	0.6950
5
0162	0.5380	0.9250	0.8930	0.7200	0.0528s	0.8477	0.7420	0.6958
6
0163	0.5539	0.9417	0.8901	0.7160	0.0529s	0.8460	0.7420	0.6943
0
0164	0.5458	0.9083	0.8889	0.7160	0.0532s	0.8449	0.7380	0.6856
0
0165	0.5037	0.9250	0.8902	0.7140	0.0535s	0.8449	0.7350	0.6816
0
0166	0.5306	0.9167	0.8897	0.7140	0.0534s	0.8431	0.7320	0.6770
1
0167	0.5495	0.9417	0.8888	0.7160	0.0539s	0.8407	0.7390	0.6851
2
0168	0.4976	0.9667	0.8903	0.7120	0.0531s	0.8410	0.7450	0.6933
0
0169	0.5251	0.9333	0.8932	0.7160	0.0532s	0.8425	0.7420	0.6902
1
0170	0.5206	0.9250	0.8936	0.7180	0.0556s	0.8429	0.7390	0.6874
2
0171	0.5450	0.9917	0.8902	0.7220	0.0533s	0.8412	0.7410	0.6896
3
0172	0.5171	0.9750	0.8854	0.7200	0.0531s	0.8388	0.7380	0.6821
4
0173	0.5512	0.9250	0.8815	0.7180	0.0549s	0.8362	0.7370	0.6816
0
0174	0.4910	0.9667	0.8798	0.7160	0.0536s	0.8342	0.7380	0.6828
0
0175	0.5428	0.9583	0.8788	0.7220	0.0529s	0.8331	0.7410	0.6857
0
0176	0.5371	0.9417	0.8828	0.7180	0.0530s	0.8343	0.7380	0.6838
0
0177	0.5496	0.9583	0.8875	0.7120	0.0536s	0.8368	0.7420	0.6900
1
0178	0.5127	0.9583	0.8909	0.7160	0.0533s	0.8389	0.7360	0.6839
2
0179	0.5340	0.9083	0.8888	0.7180	0.0529s	0.8372	0.7390	0.6871
3
0180	0.4920	0.9667	0.8825	0.7160	0.0530s	0.8333	0.7390	0.6826
4
0181	0.5337	0.9417	0.8768	0.7100	0.0532s	0.8306	0.7410	0.6853
5
0182	0.5373	0.9000	0.8738	0.7140	0.0539s	0.8295	0.7400	0.6848
0
0183	0.5202	0.9167	0.8728	0.7120	0.0528s	0.8288	0.7430	0.6880
0
0184	0.5045	0.9500	0.8748	0.7120	0.0530s	0.8282	0.7420	0.6864
0
0185	0.5373	0.9917	0.8820	0.7120	0.0530s	0.8306	0.7410	0.6867
1
0186	0.5321	0.9500	0.8876	0.7160	0.0540s	0.8335	0.7430	0.6898
2
0187	0.5013	0.9500	0.8850	0.7200	0.0532s	0.8323	0.7470	0.6939
3
0188	0.4989	0.9500	0.8785	0.7100	0.0533s	0.8289	0.7420	0.6857
4
0189	0.5274	0.9417	0.8700	0.7200	0.0530s	0.8253	0.7410	0.6857
5
0190	0.5014	0.9667	0.8666	0.7200	0.0528s	0.8242	0.7370	0.6848
0
0191	0.4900	0.9750	0.8666	0.7160	0.0541s	0.8241	0.7390	0.6867
0
0192	0.5266	0.9500	0.8710	0.7180	0.0529s	0.8248	0.7420	0.6891
1
0193	0.5226	0.9167	0.8771	0.7100	0.0530s	0.8277	0.7400	0.6841
2
0194	0.4983	0.9667	0.8824	0.7140	0.0531s	0.8310	0.7380	0.6819
3
0195	0.5276	0.9000	0.8845	0.7140	0.0533s	0.8328	0.7350	0.6768
4
0196	0.5063	0.9083	0.8791	0.7160	0.0541s	0.8296	0.7370	0.6792
5
0197	0.5102	0.9000	0.8734	0.7120	0.0528s	0.8269	0.7410	0.6832
6
0198	0.4909	0.9583	0.8673	0.7140	0.0530s	0.8243	0.7380	0.6857
7
0199	0.4696	0.9417	0.8653	0.7180	0.0530s	0.8219	0.7400	0.6873
8
0200	0.4956	0.9500	0.8649	0.7200	0.0539s	0.8207	0.7430	0.6902
0
0201	0.5034	0.9583	0.8692	0.7160	0.0531s	0.8225	0.7440	0.6907
0
0202	0.5046	0.9167	0.8747	0.7120	0.0530s	0.8260	0.7430	0.6889
1
0203	0.5109	0.9417	0.8767	0.7120	0.0530s	0.8285	0.7430	0.6845
2
0204	0.5180	0.9500	0.8756	0.7160	0.0529s	0.8277	0.7420	0.6835
3
0205	0.4957	0.9250	0.8713	0.7080	0.0532s	0.8239	0.7400	0.6816
4
0206	0.4843	0.9500	0.8692	0.7160	0.0528s	0.8212	0.7470	0.6924
5
0207	0.4776	0.9500	0.8701	0.7160	0.0531s	0.8206	0.7440	0.6899
6
0208	0.5008	0.9750	0.8676	0.7120	0.0531s	0.8195	0.7480	0.6938
7
0209	0.4943	0.9500	0.8655	0.7140	0.0531s	0.8187	0.7440	0.6905
8
0210	0.5188	0.9167	0.8678	0.7120	0.0533s	0.8205	0.7410	0.6849
9
0211	0.4749	0.9667	0.8739	0.7140	0.0532s	0.8239	0.7430	0.6843
10
0212	0.4877	0.9083	0.8756	0.7140	0.0532s	0.8243	0.7400	0.6816
11
0213	0.5032	0.9500	0.8742	0.7160	0.0535s	0.8223	0.7390	0.6810
12
0214	0.5103	0.9500	0.8698	0.7140	0.0531s	0.8188	0.7450	0.6888
13
0215	0.4754	0.9083	0.8674	0.7140	0.0531s	0.8170	0.7450	0.6914
14
0216	0.5151	0.9417	0.8668	0.7120	0.0531s	0.8166	0.7420	0.6886
15
0217	0.4891	0.9583	0.8642	0.7160	0.0540s	0.8160	0.7430	0.6875
16
0218	0.4926	0.9250	0.8612	0.7200	0.0537s	0.8151	0.7420	0.6846
0
0219	0.4877	0.9250	0.8620	0.7180	0.0543s	0.8155	0.7440	0.6862
0
0220	0.4978	0.9583	0.8660	0.7160	0.0536s	0.8163	0.7460	0.6873
1
0221	0.4833	0.9167	0.8682	0.7100	0.0553s	0.8156	0.7460	0.6875
2
0222	0.4837	0.9750	0.8710	0.7080	0.0532s	0.8159	0.7450	0.6909
3
0223	0.4782	0.9667	0.8669	0.7160	0.0530s	0.8137	0.7460	0.6924
4
0224	0.4989	0.9417	0.8627	0.7180	0.0528s	0.8125	0.7470	0.6937
5
0225	0.5139	0.9000	0.8587	0.7180	0.0529s	0.8108	0.7460	0.6927
6
0226	0.4858	0.9500	0.8567	0.7160	0.0531s	0.8103	0.7460	0.6926
0
0227	0.5206	0.9417	0.8577	0.7180	0.0531s	0.8109	0.7480	0.6898
0
0228	0.4826	0.9583	0.8626	0.7160	0.0546s	0.8124	0.7470	0.6906
1
0229	0.5059	0.8917	0.8659	0.7120	0.0530s	0.8132	0.7450	0.6907
2
0230	0.5138	0.9333	0.8656	0.7140	0.0531s	0.8123	0.7480	0.6935
3
0231	0.4929	0.9500	0.8610	0.7180	0.0532s	0.8101	0.7510	0.6963
4
0232	0.4803	0.9750	0.8561	0.7160	0.0530s	0.8088	0.7460	0.6927
5
0233	0.4858	0.9500	0.8539	0.7160	0.0635s	0.8093	0.7490	0.6960
0
0234	0.4793	0.9333	0.8552	0.7100	0.0619s	0.8111	0.7500	0.6971
0
0235	0.4799	0.9667	0.8577	0.7120	0.0618s	0.8122	0.7440	0.6884
1
0236	0.5036	0.9417	0.8602	0.7120	0.0617s	0.8123	0.7470	0.6927
2
0237	0.4692	0.9500	0.8619	0.7100	0.0621s	0.8121	0.7480	0.6932
3
0238	0.4633	0.9750	0.8594	0.7140	0.0632s	0.8105	0.7510	0.6968
4
0239	0.4768	0.9417	0.8597	0.7080	0.0620s	0.8108	0.7500	0.6966
5
0240	0.4884	0.9500	0.8569	0.7100	0.0618s	0.8101	0.7500	0.6967
6
0241	0.4652	0.9500	0.8567	0.7080	0.0629s	0.8102	0.7500	0.6968
7
0242	0.4611	0.9417	0.8574	0.7060	0.0618s	0.8104	0.7470	0.6915
8
0243	0.5021	0.9500	0.8591	0.7100	0.0624s	0.8105	0.7470	0.6902
9
0244	0.4600	0.9500	0.8637	0.7120	0.0626s	0.8111	0.7470	0.6920
10
0245	0.4616	0.9583	0.8664	0.7100	0.0619s	0.8111	0.7450	0.6901
11
0246	0.4863	0.9500	0.8650	0.7100	0.0633s	0.8101	0.7460	0.6919
12
0247	0.4370	0.9667	0.8600	0.7100	0.0619s	0.8087	0.7480	0.6947
13
0248	0.4600	0.9583	0.8548	0.7140	0.0622s	0.8074	0.7500	0.6969
14
0249	0.4870	0.9333	0.8537	0.7120	0.0628s	0.8076	0.7480	0.6928
15
0250	0.4959	0.9417	0.8538	0.7100	0.0578s	0.8071	0.7470	0.6912
0
0251	0.4516	0.9667	0.8570	0.7120	0.0551s	0.8073	0.7480	0.6920
1
0252	0.4721	0.9167	0.8614	0.7140	0.0599s	0.8081	0.7440	0.6892
2
0253	0.4318	0.9750	0.8660	0.7120	0.0558s	0.8098	0.7410	0.6860
3
0254	0.4518	0.9583	0.8667	0.7060	0.0569s	0.8099	0.7440	0.6897
4
0255	0.4866	0.9417	0.8612	0.7140	0.0541s	0.8079	0.7490	0.6947
5
0256	0.4716	0.9250	0.8592	0.7120	0.0543s	0.8085	0.7490	0.6908
6
0257	0.4848	0.9500	0.8573	0.7140	0.0558s	0.8087	0.7520	0.6908
7
0258	0.4759	0.9583	0.8545	0.7120	0.0532s	0.8070	0.7480	0.6876
8
0259	0.4903	0.9750	0.8532	0.7120	0.0596s	0.8051	0.7490	0.6929
9
0260	0.4914	0.9500	0.8553	0.7160	0.0545s	0.8053	0.7480	0.6935
0
0261	0.4797	0.9667	0.8561	0.7160	0.0561s	0.8043	0.7490	0.6948
1
0262	0.4506	0.9583	0.8573	0.7140	0.0542s	0.8044	0.7520	0.6998
2
0263	0.4686	0.9417	0.8549	0.7140	0.0539s	0.8043	0.7550	0.6980
3
0264	0.4622	0.9833	0.8556	0.7160	0.0529s	0.8062	0.7540	0.6951
4
0265	0.4731	0.9583	0.8575	0.7100	0.0530s	0.8081	0.7510	0.6904
5
0266	0.4635	0.9667	0.8573	0.7100	0.0540s	0.8077	0.7470	0.6870
6
0267	0.4683	0.9583	0.8589	0.7040	0.0532s	0.8086	0.7420	0.6822
7
0268	0.4754	0.9333	0.8576	0.7120	0.0532s	0.8073	0.7440	0.6860
8
0269	0.4927	0.9583	0.8517	0.7180	0.0526s	0.8020	0.7500	0.6939
9
0270	0.4722	0.9083	0.8484	0.7180	0.0549s	0.7987	0.7530	0.6994
0
0271	0.4688	0.9750	0.8497	0.7140	0.0531s	0.7990	0.7620	0.7113
0
0272	0.4373	0.9417	0.8530	0.7120	0.0536s	0.8012	0.7580	0.7014
1
0273	0.4595	0.9833	0.8539	0.7140	0.0531s	0.8024	0.7510	0.6953
2
0274	0.4733	0.9583	0.8541	0.7080	0.0535s	0.8046	0.7460	0.6888
3
0275	0.4739	0.9083	0.8534	0.7120	0.0531s	0.8048	0.7490	0.6911
4
0276	0.4593	0.9750	0.8491	0.7140	0.0531s	0.8014	0.7500	0.6920
5
0277	0.4671	0.9583	0.8451	0.7200	0.0521s	0.7973	0.7550	0.6987
6
0278	0.4291	0.9750	0.8451	0.7180	0.0546s	0.7962	0.7630	0.7121
0
0279	0.4446	0.9500	0.8491	0.7160	0.0531s	0.7974	0.7630	0.7117
0
0280	0.4470	0.9500	0.8529	0.7140	0.0528s	0.7993	0.7550	0.7028
1
0281	0.4677	0.9500	0.8558	0.7100	0.0544s	0.8019	0.7470	0.6918
2
0282	0.4579	0.9417	0.8549	0.7060	0.0532s	0.8038	0.7440	0.6869
3
0283	0.4757	0.9500	0.8496	0.7100	0.0528s	0.8022	0.7460	0.6882
4
0284	0.4547	0.9250	0.8460	0.7120	0.0520s	0.7988	0.7480	0.6902
5
0285	0.4779	0.9667	0.8460	0.7220	0.0543s	0.7973	0.7550	0.6981
6
0286	0.4625	0.9417	0.8475	0.7220	0.0529s	0.7973	0.7560	0.7008
7
0287	0.4612	0.9833	0.8478	0.7200	0.0529s	0.7973	0.7570	0.7020
8
0288	0.4907	0.9417	0.8459	0.7220	0.0529s	0.7971	0.7510	0.6950
9
0289	0.4479	0.9750	0.8449	0.7220	0.0530s	0.7976	0.7500	0.6944
10
0290	0.4443	0.9167	0.8453	0.7180	0.0530s	0.7990	0.7500	0.6945
0
0291	0.4435	0.9417	0.8471	0.7160	0.0526s	0.8013	0.7500	0.6918
1
0292	0.4522	0.9667	0.8467	0.7220	0.0529s	0.8013	0.7510	0.6899
2
0293	0.4807	0.9333	0.8472	0.7240	0.0527s	0.7999	0.7530	0.6936
3
0294	0.4590	0.9667	0.8475	0.7220	0.0527s	0.7990	0.7530	0.6963
4
0295	0.4409	0.9167	0.8504	0.7220	0.0527s	0.7992	0.7560	0.7028
5
0296	0.4560	0.9417	0.8516	0.7140	0.0529s	0.7995	0.7520	0.6977
6
0297	0.4615	0.9500	0.8515	0.7000	0.0529s	0.8007	0.7460	0.6928
7
0298	0.4510	0.9250	0.8497	0.7080	0.0554s	0.8014	0.7450	0.6901
8
0299	0.4617	0.9333	0.8453	0.7140	0.0531s	0.8008	0.7480	0.6908
9
0300	0.4532	0.9583	0.8439	0.7180	0.0527s	0.8005	0.7520	0.6921
10
0301	0.4613	0.9500	0.8459	0.7220	0.0522s	0.7998	0.7540	0.6930
0
0302	0.4681	0.9500	0.8500	0.7180	0.0549s	0.7994	0.7550	0.6954
1
0303	0.4589	0.9250	0.8537	0.7140	0.0530s	0.7991	0.7520	0.6952
2
0304	0.4603	0.9750	0.8544	0.7080	0.0527s	0.7982	0.7500	0.6978
3
0305	0.4396	0.9750	0.8509	0.7180	0.0528s	0.7969	0.7510	0.6986
4
0306	0.4526	0.9333	0.8457	0.7180	0.0528s	0.7954	0.7540	0.7018
5
0307	0.4634	0.9583	0.8391	0.7220	0.0528s	0.7936	0.7510	0.6958
6
0308	0.4615	0.9417	0.8341	0.7280	0.0523s	0.7936	0.7560	0.6979
0
0309	0.4501	0.9500	0.8371	0.7240	0.0545s	0.7970	0.7590	0.6963
0
0310	0.4739	0.9417	0.8454	0.7160	0.0528s	0.7996	0.7570	0.6939
1
0311	0.4884	0.9917	0.8562	0.7160	0.0527s	0.8023	0.7560	0.6986
2
0312	0.4552	0.9583	0.8637	0.7140	0.0525s	0.8041	0.7480	0.6912
3
0313	0.4383	0.9333	0.8648	0.7020	0.0527s	0.8043	0.7450	0.6882
4
0314	0.4488	0.9333	0.8558	0.7080	0.0528s	0.7998	0.7470	0.6908
5
0315	0.4383	0.9167	0.8428	0.7160	0.0522s	0.7943	0.7480	0.6925
6
0316	0.4642	0.9417	0.8316	0.7280	0.0528s	0.7906	0.7580	0.6994
7
0317	0.4514	0.9500	0.8299	0.7300	0.0528s	0.7908	0.7580	0.6996
0
0318	0.4366	0.9750	0.8365	0.7300	0.0525s	0.7923	0.7600	0.7036
0
0319	0.4887	0.9500	0.8466	0.7200	0.0527s	0.7964	0.7570	0.7003
1
0320	0.4389	0.9250	0.8598	0.7180	0.0527s	0.8031	0.7430	0.6875
2
0321	0.4696	0.9083	0.8638	0.7140	0.0528s	0.8061	0.7430	0.6854
3
0322	0.4588	0.9167	0.8603	0.7160	0.0528s	0.8054	0.7440	0.6862
4
0323	0.4851	0.9250	0.8478	0.7140	0.0527s	0.7997	0.7510	0.6929
5
0324	0.4276	0.9917	0.8375	0.7280	0.0525s	0.7946	0.7580	0.6996
6
0325	0.4424	0.9750	0.8346	0.7260	0.0519s	0.7922	0.7600	0.7038
7
0326	0.4577	0.9500	0.8372	0.7240	0.0531s	0.7925	0.7610	0.7050
8
0327	0.4212	0.9667	0.8421	0.7200	0.0525s	0.7942	0.7570	0.7009
9
0328	0.4597	0.9333	0.8493	0.7160	0.0527s	0.7982	0.7500	0.6947
10
0329	0.4781	0.9500	0.8547	0.7140	0.0536s	0.8015	0.7450	0.6879
11
0330	0.4239	0.9417	0.8581	0.7140	0.0527s	0.8027	0.7440	0.6865
12
0331	0.4562	0.9667	0.8563	0.7180	0.0522s	0.8001	0.7420	0.6844
13
0332	0.4299	0.9500	0.8463	0.7180	0.0516s	0.7943	0.7530	0.6964
14
0333	0.4610	0.9250	0.8375	0.7280	0.0527s	0.7910	0.7590	0.7000
15
0334	0.4768	0.9500	0.8320	0.7320	0.0527s	0.7897	0.7610	0.7025
16
0335	0.4541	0.9667	0.8298	0.7300	0.0526s	0.7894	0.7610	0.7027
17
0336	0.4445	0.9667	0.8367	0.7260	0.0727s	0.7920	0.7590	0.7031
0
0337	0.4645	0.9500	0.8465	0.7200	0.0618s	0.7963	0.7540	0.6959
1
0338	0.4660	0.9667	0.8559	0.7140	0.0563s	0.8007	0.7480	0.6897
2
0339	0.4593	0.9250	0.8593	0.7180	0.0549s	0.8027	0.7460	0.6877
3
0340	0.4538	0.9250	0.8536	0.7140	0.0533s	0.8001	0.7450	0.6869
4
0341	0.4571	0.9500	0.8431	0.7180	0.0525s	0.7951	0.7540	0.6954
5
0342	0.4268	0.9500	0.8367	0.7240	0.0525s	0.7921	0.7560	0.6978
6
0343	0.4473	0.9583	0.8363	0.7260	0.0526s	0.7914	0.7580	0.6997
7
0344	0.4558	0.9417	0.8375	0.7220	0.0536s	0.7909	0.7550	0.6994
8
0345	0.4442	0.9667	0.8394	0.7220	0.0523s	0.7920	0.7590	0.7027
9
0346	0.4677	0.9333	0.8450	0.7160	0.0526s	0.7943	0.7550	0.6991
10
0347	0.4471	0.9583	0.8504	0.7140	0.0524s	0.7972	0.7500	0.6918
11
0348	0.4405	0.9833	0.8510	0.7120	0.0524s	0.7985	0.7510	0.6922
12
0349	0.4628	0.9833	0.8459	0.7180	0.0541s	0.7966	0.7520	0.6935
13
0350	0.4841	0.9417	0.8396	0.7220	0.0530s	0.7934	0.7570	0.6983
14
0351	0.4264	0.9750	0.8385	0.7220	0.0528s	0.7933	0.7590	0.7006
15
0352	0.4377	0.9500	0.8386	0.7220	0.0526s	0.7934	0.7560	0.6981
16
0353	0.4639	0.9667	0.8425	0.7180	0.0530s	0.7943	0.7520	0.6970
17
0354	0.4274	0.9500	0.8444	0.7160	0.0534s	0.7936	0.7510	0.6955
18
0355	0.4576	0.9417	0.8432	0.7160	0.0532s	0.7923	0.7540	0.6977
19
0356	0.4667	0.9250	0.8419	0.7240	0.0531s	0.7923	0.7520	0.6955
20
0357	0.4729	0.9667	0.8352	0.7280	0.0529s	0.7914	0.7580	0.6993
21
0358	0.4811	0.9500	0.8321	0.7300	0.0533s	0.7915	0.7590	0.6987
22
0359	0.4149	0.9583	0.8349	0.7280	0.0527s	0.7926	0.7610	0.7026
23
0360	0.3962	0.9750	0.8422	0.7220	0.0531s	0.7954	0.7560	0.6982
24
0361	0.4833	0.9500	0.8462	0.7180	0.0532s	0.7959	0.7510	0.6946
25
0362	0.4673	0.9333	0.8454	0.7200	0.0528s	0.7940	0.7500	0.6938
26
0363	0.4577	0.9250	0.8434	0.7220	0.0532s	0.7926	0.7530	0.6962
27
0364	0.4544	0.9250	0.8372	0.7280	0.0532s	0.7906	0.7570	0.7005
28
0365	0.4898	0.9167	0.8312	0.7300	0.0536s	0.7891	0.7600	0.7034
29
0366	0.4442	0.9417	0.8303	0.7280	0.0536s	0.7899	0.7600	0.7017
30
0367	0.4483	0.9500	0.8341	0.7280	0.0535s	0.7931	0.7600	0.7017
31
0368	0.4747	0.9250	0.8427	0.7200	0.0530s	0.7971	0.7560	0.6979
32
0369	0.4373	0.9583	0.8495	0.7160	0.0530s	0.7991	0.7480	0.6900
33
0370	0.4759	0.9500	0.8482	0.7160	0.0553s	0.7970	0.7530	0.6962
34
0371	0.4357	0.9333	0.8480	0.7160	0.0531s	0.7964	0.7540	0.6966
35
0372	0.4428	0.9500	0.8397	0.7260	0.0529s	0.7926	0.7570	0.7019
36
0373	0.4292	0.9417	0.8297	0.7300	0.0531s	0.7890	0.7600	0.7015
37
0374	0.4416	0.9583	0.8270	0.7300	0.0531s	0.7892	0.7620	0.7038
0
0375	0.4483	0.9500	0.8316	0.7240	0.0530s	0.7920	0.7530	0.6939
0
0376	0.4480	0.9750	0.8403	0.7200	0.0532s	0.7951	0.7540	0.6948
1
0377	0.4465	0.9500	0.8466	0.7180	0.0529s	0.7961	0.7540	0.6939
2
0378	0.4600	0.9417	0.8499	0.7160	0.0542s	0.7958	0.7570	0.6979
3
0379	0.4564	0.9583	0.8478	0.7240	0.0532s	0.7941	0.7550	0.6938
4
0380	0.4202	0.9750	0.8431	0.7220	0.0530s	0.7919	0.7540	0.6926
5
0381	0.4232	0.9667	0.8380	0.7240	0.0530s	0.7894	0.7550	0.6960
6
0382	0.4489	0.9667	0.8350	0.7260	0.0536s	0.7882	0.7540	0.6958
7
0383	0.4740	0.9250	0.8358	0.7240	0.0533s	0.7880	0.7550	0.6990
8
0384	0.4756	0.9250	0.8394	0.7220	0.0530s	0.7890	0.7560	0.6999
9
0385	0.4530	0.9750	0.8419	0.7220	0.0534s	0.7899	0.7580	0.7013
10
0386	0.4377	0.9667	0.8444	0.7200	0.0530s	0.7916	0.7550	0.6984
11
0387	0.4451	0.9417	0.8420	0.7220	0.0533s	0.7918	0.7560	0.6973
12
0388	0.4466	0.9667	0.8401	0.7220	0.0533s	0.7918	0.7540	0.6928
13
0389	0.4473	0.9250	0.8394	0.7240	0.0543s	0.7917	0.7570	0.6982
14
0390	0.4191	0.9417	0.8383	0.7220	0.0533s	0.7905	0.7540	0.6979
15
0391	0.4752	0.9750	0.8375	0.7240	0.0541s	0.7893	0.7560	0.6994
16
0392	0.4565	0.9333	0.8394	0.7240	0.0527s	0.7900	0.7560	0.6993
17
0393	0.4373	0.9417	0.8430	0.7200	0.0530s	0.7920	0.7550	0.6984
18
0394	0.4798	0.9667	0.8439	0.7200	0.0531s	0.7929	0.7550	0.6981
19
0395	0.4237	0.9500	0.8450	0.7240	0.0526s	0.7939	0.7550	0.6978
20
0396	0.4574	0.9417	0.8394	0.7220	0.0523s	0.7922	0.7520	0.6954
21
0397	0.4386	0.9333	0.8329	0.7300	0.0533s	0.7900	0.7530	0.6975
22
0398	0.4226	0.9500	0.8292	0.7280	0.0541s	0.7887	0.7540	0.6946
23
0399	0.4631	0.9333	0.8317	0.7220	0.0541s	0.7894	0.7560	0.6963
24
0400	0.4421	0.9333	0.8366	0.7180	0.0604s	0.7920	0.7560	0.6958
25
0401	0.4152	0.9667	0.8405	0.7200	0.0566s	0.7932	0.7560	0.6980
26
0402	0.4463	0.9583	0.8435	0.7160	0.0535s	0.7933	0.7570	0.7001
27
0403	0.4390	0.9583	0.8428	0.7180	0.0855s	0.7925	0.7510	0.6940
28
0404	0.4559	0.9333	0.8369	0.7220	0.0672s	0.7909	0.7500	0.6891
29
0405	0.4371	0.9167	0.8353	0.7220	0.0620s	0.7915	0.7490	0.6888
30
0406	0.4499	0.9500	0.8344	0.7200	0.0620s	0.7905	0.7520	0.6966
31
0407	0.4631	0.9333	0.8349	0.7200	0.0619s	0.7898	0.7550	0.6993
32
0408	0.4524	0.9750	0.8386	0.7200	0.0617s	0.7918	0.7560	0.6982
33
0409	0.4502	0.9583	0.8389	0.7240	0.0624s	0.7928	0.7550	0.6976
34
0410	0.4579	0.9417	0.8367	0.7220	0.0621s	0.7912	0.7560	0.6982
35
0411	0.4501	0.9583	0.8348	0.7220	0.0618s	0.7891	0.7560	0.7001
36
0412	0.4214	0.9417	0.8397	0.7200	0.0619s	0.7906	0.7510	0.6931
37
0413	0.4419	0.9167	0.8426	0.7200	0.0854s	0.7915	0.7480	0.6896
38
0414	0.4489	0.9667	0.8424	0.7200	0.0669s	0.7908	0.7500	0.6938
39
0415	0.4384	0.9750	0.8397	0.7220	0.0605s	0.7897	0.7540	0.6969
40
0416	0.4621	0.9500	0.8373	0.7220	0.0605s	0.7898	0.7600	0.7016
41
0417	0.4092	0.9583	0.8362	0.7180	0.0604s	0.7918	0.7560	0.6960
42
0418	0.4467	0.9417	0.8361	0.7240	0.0604s	0.7922	0.7560	0.6939
43
0419	0.4526	0.9167	0.8362	0.7220	0.0609s	0.7907	0.7520	0.6950
44
0420	0.4445	0.9583	0.8353	0.7240	0.0942s	0.7896	0.7540	0.6985
45
0421	0.4467	0.9167	0.8361	0.7220	0.0806s	0.7883	0.7550	0.6992
46
0422	0.4050	0.9583	0.8386	0.7240	0.0740s	0.7889	0.7550	0.6985
47
0423	0.4296	0.9917	0.8407	0.7220	0.0740s	0.7906	0.7580	0.6992
48
0424	0.4422	0.9583	0.8432	0.7220	0.0747s	0.7933	0.7560	0.6977
49
0425	0.4842	0.9667	0.8398	0.7220	0.0736s	0.7928	0.7570	0.6992
50
0426	0.4414	0.9250	0.8384	0.7220	0.0769s	0.7932	0.7510	0.6920
51
0427	0.4488	0.9500	0.8379	0.7200	0.0742s	0.7930	0.7480	0.6910
52
0428	0.4483	0.9500	0.8363	0.7260	0.0764s	0.7917	0.7510	0.6936
53
0429	0.4423	0.9500	0.8361	0.7260	0.0739s	0.7907	0.7550	0.6967
54
0430	0.4367	0.9583	0.8371	0.7240	0.0737s	0.7902	0.7560	0.6997
55
0431	0.4338	0.9667	0.8412	0.7220	0.0760s	0.7917	0.7550	0.6986
56
0432	0.4196	0.9417	0.8392	0.7220	0.0741s	0.7908	0.7540	0.6978
57
0433	0.4207	0.9833	0.8366	0.7260	0.0739s	0.7899	0.7510	0.6938
58
0434	0.4468	0.9583	0.8323	0.7280	0.0738s	0.7888	0.7530	0.6954
59
0435	0.4600	0.9250	0.8288	0.7260	0.0681s	0.7878	0.7560	0.6982
60
0436	0.4405	0.9500	0.8273	0.7300	0.0670s	0.7870	0.7580	0.6977
61
0437	0.4278	0.9500	0.8310	0.7280	0.0612s	0.7883	0.7610	0.7003
62
0438	0.4354	0.9500	0.8392	0.7220	0.0608s	0.7919	0.7520	0.6920
63
0439	0.4625	0.9667	0.8433	0.7220	0.0613s	0.7934	0.7520	0.6914
64
0440	0.4240	0.9333	0.8441	0.7220	0.0614s	0.7931	0.7490	0.6888
65
0441	0.4345	0.9500	0.8409	0.7260	0.0612s	0.7912	0.7490	0.6891
66
0442	0.4490	0.9750	0.8361	0.7240	0.0609s	0.7891	0.7480	0.6906
67
0443	0.4379	0.9500	0.8323	0.7280	0.0615s	0.7882	0.7520	0.6945
68
0444	0.4556	0.9000	0.8312	0.7280	0.0614s	0.7892	0.7600	0.6999
69
0445	0.4518	0.9667	0.8346	0.7240	0.0611s	0.7928	0.7590	0.6964
70
0446	0.4106	0.9500	0.8384	0.7240	0.0613s	0.7936	0.7560	0.6933
71
0447	0.4569	0.9500	0.8399	0.7220	0.0611s	0.7923	0.7520	0.6889
72
0448	0.4449	0.9417	0.8375	0.7260	0.0611s	0.7904	0.7510	0.6929
73
0449	0.4064	0.9917	0.8349	0.7240	0.0616s	0.7900	0.7540	0.6958
74
0450	0.4613	0.9333	0.8366	0.7220	0.0613s	0.7911	0.7500	0.6923
75
0451	0.4255	0.9583	0.8348	0.7220	0.0612s	0.7905	0.7480	0.6889
76
0452	0.4548	0.9250	0.8347	0.7220	0.0628s	0.7911	0.7500	0.6889
77
0453	0.4026	0.9750	0.8360	0.7220	0.0613s	0.7928	0.7530	0.6915
78
0454	0.4142	0.9417	0.8354	0.7240	0.0616s	0.7930	0.7550	0.6927
79
0455	0.4307	0.9417	0.8351	0.7220	0.0612s	0.7925	0.7570	0.6944
80
0456	0.4722	0.9667	0.8356	0.7220	0.0612s	0.7920	0.7560	0.6953
81
0457	0.4271	0.9500	0.8388	0.7260	0.0611s	0.7934	0.7480	0.6878
82
0458	0.4268	0.9417	0.8363	0.7260	0.0615s	0.7916	0.7480	0.6910
83
0459	0.4364	0.9667	0.8352	0.7260	0.0631s	0.7898	0.7470	0.6901
84
0460	0.4145	0.9417	0.8337	0.7220	0.0612s	0.7881	0.7540	0.6984
85
0461	0.4400	0.9333	0.8343	0.7240	0.0607s	0.7886	0.7600	0.7039
86
0462	0.4416	0.9083	0.8373	0.7240	0.0634s	0.7910	0.7580	0.7019
87
0463	0.4586	0.9083	0.8406	0.7240	0.0613s	0.7931	0.7560	0.6982
88
0464	0.4548	0.9417	0.8396	0.7220	0.0611s	0.7926	0.7530	0.6931
89
0465	0.4892	0.9833	0.8382	0.7240	0.0614s	0.7916	0.7520	0.6921
90
0466	0.4532	0.9500	0.8359	0.7260	0.0636s	0.7902	0.7530	0.6951
91
0467	0.4318	0.9500	0.8345	0.7260	0.0612s	0.7887	0.7560	0.6999
92
0468	0.4498	0.9500	0.8312	0.7300	0.0616s	0.7869	0.7570	0.7009
93
0469	0.4350	0.9500	0.8326	0.7240	0.0611s	0.7885	0.7630	0.7065
94
0470	0.4399	0.9667	0.8381	0.7200	0.0616s	0.7928	0.7600	0.7021
95
0471	0.4376	0.9750	0.8438	0.7180	0.0613s	0.7965	0.7550	0.6951
96
0472	0.4505	0.9500	0.8419	0.7180	0.0630s	0.7946	0.7550	0.6949
97
0473	0.4600	0.9250	0.8383	0.7240	0.0614s	0.7916	0.7530	0.6948
98
0474	0.4463	0.9667	0.8353	0.7240	0.0609s	0.7896	0.7550	0.6986
99
0475	0.4504	0.9500	0.8339	0.7280	0.0615s	0.7886	0.7540	0.6977
100
0476	0.4495	0.9333	0.8362	0.7220	0.0612s	0.7887	0.7530	0.6966
101
0477	0.4192	0.9750	0.8395	0.7220	0.0614s	0.7908	0.7560	0.6991
102
0478	0.4677	0.9750	0.8394	0.7160	0.0621s	0.7929	0.7570	0.7012
103
0479	0.4558	0.9750	0.8384	0.7200	0.0611s	0.7940	0.7550	0.6955
104
0480	0.4703	0.9583	0.8362	0.7240	0.0610s	0.7924	0.7550	0.6954
105
0481	0.4370	0.9667	0.8350	0.7240	0.0623s	0.7898	0.7550	0.6973
106
0482	0.4341	0.9750	0.8352	0.7280	0.0613s	0.7879	0.7550	0.6986
107
0483	0.4399	0.9667	0.8371	0.7240	0.0622s	0.7878	0.7560	0.7011
108
0484	0.4402	0.9083	0.8359	0.7240	0.0610s	0.7871	0.7590	0.7038
109
0485	0.4325	0.9333	0.8340	0.7240	0.0617s	0.7878	0.7590	0.7045
110
0486	0.4306	0.9583	0.8339	0.7240	0.0610s	0.7904	0.7580	0.6970
111
0487	0.4321	0.9250	0.8364	0.7220	0.0611s	0.7932	0.7580	0.6976
112
0488	0.4514	0.9583	0.8345	0.7240	0.0608s	0.7923	0.7590	0.6987
113
0489	0.4144	0.9917	0.8326	0.7240	0.0623s	0.7909	0.7580	0.6977
114
0490	0.4415	0.9583	0.8339	0.7260	0.0615s	0.7903	0.7570	0.6962
115
0491	0.4548	0.9500	0.8350	0.7240	0.0611s	0.7891	0.7580	0.6988
116
0492	0.4272	0.9667	0.8391	0.7200	0.0609s	0.7898	0.7590	0.7041
117
0493	0.4212	0.9500	0.8381	0.7180	0.0615s	0.7895	0.7570	0.7024
118
0494	0.4474	0.9750	0.8328	0.7220	0.0610s	0.7880	0.7590	0.7027
119
0495	0.4410	0.9667	0.8287	0.7280	0.0622s	0.7878	0.7610	0.7050
120
0496	0.4177	0.9500	0.8254	0.7280	0.0610s	0.7888	0.7610	0.7027
121
0497	0.4439	0.9167	0.8266	0.7280	0.0610s	0.7908	0.7600	0.6997
0
0498	0.4511	0.9500	0.8286	0.7260	0.0611s	0.7906	0.7560	0.6956
1
0499	0.4472	0.9583	0.8315	0.7240	0.0613s	0.7893	0.7610	0.7021
2
0500	0.4759	0.9500	0.8351	0.7200	0.0610s	0.7892	0.7590	0.7001
3
0501	0.4483	0.9500	0.8361	0.7180	0.0610s	0.7888	0.7590	0.7045
4
0502	0.4541	0.9417	0.8341	0.7200	0.0612s	0.7876	0.7580	0.7017
5
0503	0.4415	0.9750	0.8305	0.7220	0.0616s	0.7866	0.7610	0.7051
6
0504	0.4201	0.9583	0.8283	0.7260	0.0611s	0.7879	0.7570	0.6977
7
0505	0.4409	0.9500	0.8299	0.7280	0.0617s	0.7905	0.7540	0.6952
8
0506	0.4202	0.9667	0.8338	0.7220	0.0619s	0.7921	0.7570	0.6973
9
0507	0.4548	0.9583	0.8365	0.7240	0.0614s	0.7924	0.7550	0.6948
10
0508	0.4505	0.9333	0.8380	0.7220	0.0611s	0.7918	0.7530	0.6921
11
0509	0.4281	0.9667	0.8386	0.7240	0.0611s	0.7906	0.7570	0.7000
12
0510	0.4213	0.9833	0.8348	0.7260	0.0608s	0.7881	0.7560	0.6996
13
0511	0.4427	0.9417	0.8323	0.7240	0.0616s	0.7873	0.7560	0.6978
14
0512	0.4613	0.9750	0.8319	0.7240	0.0615s	0.7891	0.7520	0.6928
15
0513	0.4157	0.9583	0.8338	0.7220	0.0615s	0.7926	0.7540	0.6949
16
0514	0.4363	0.9667	0.8332	0.7240	0.0619s	0.7944	0.7570	0.6954
17
0515	0.4448	0.9750	0.8352	0.7280	0.0611s	0.7948	0.7570	0.6923
18
0516	0.4547	0.9667	0.8367	0.7240	0.0614s	0.7929	0.7590	0.6984
19
0517	0.4354	0.9250	0.8407	0.7240	0.0621s	0.7915	0.7560	0.6970
20
0518	0.4372	0.9333	0.8387	0.7240	0.0612s	0.7889	0.7560	0.7012
21
0519	0.4449	0.9583	0.8331	0.7240	0.0611s	0.7861	0.7550	0.6991
22
0520	0.4528	0.9333	0.8276	0.7300	0.0623s	0.7847	0.7540	0.6966
23
0521	0.4119	0.9333	0.8277	0.7300	0.0614s	0.7873	0.7560	0.6988
24
0522	0.3998	0.9250	0.8326	0.7220	0.0637s	0.7909	0.7560	0.6966
25
0523	0.4735	0.9583	0.8389	0.7260	0.0623s	0.7939	0.7570	0.6966
26
0524	0.4307	0.9750	0.8425	0.7240	0.0617s	0.7954	0.7590	0.6984
27
0525	0.4488	0.9333	0.8398	0.7280	0.0621s	0.7926	0.7590	0.7006
28
0526	0.4387	0.9333	0.8335	0.7280	0.0613s	0.7879	0.7570	0.7003
29
0527	0.4408	0.9333	0.8300	0.7300	0.0612s	0.7856	0.7600	0.7053
30
0528	0.4703	0.9667	0.8275	0.7320	0.0632s	0.7847	0.7560	0.7002
31
0529	0.4684	0.9167	0.8289	0.7320	0.0613s	0.7866	0.7520	0.6969
32
0530	0.4271	0.9583	0.8311	0.7240	0.0609s	0.7893	0.7520	0.6945
33
0531	0.4551	0.9500	0.8340	0.7200	0.0613s	0.7920	0.7580	0.6999
34
0532	0.4111	0.9583	0.8398	0.7240	0.0620s	0.7952	0.7530	0.6899
35
0533	0.4755	0.9250	0.8417	0.7240	0.0621s	0.7963	0.7540	0.6909
36
0534	0.4519	0.9417	0.8368	0.7240	0.0615s	0.7929	0.7530	0.6921
37
0535	0.4536	0.9917	0.8303	0.7300	0.0615s	0.7888	0.7540	0.6976
38
0536	0.4283	0.9500	0.8282	0.7280	0.0612s	0.7873	0.7540	0.6980
39
0537	0.4219	0.9667	0.8275	0.7280	0.0630s	0.7861	0.7570	0.7008
40
0538	0.4232	0.9583	0.8294	0.7300	0.0619s	0.7864	0.7580	0.7015
41
0539	0.4617	0.9583	0.8320	0.7280	0.0610s	0.7882	0.7600	0.7034
42
0540	0.4568	0.9333	0.8362	0.7200	0.0614s	0.7915	0.7580	0.7018
43
0541	0.4487	0.9833	0.8390	0.7240	0.0607s	0.7939	0.7560	0.6928
44
0542	0.4155	0.9667	0.8410	0.7280	0.0608s	0.7953	0.7540	0.6909
45
0543	0.4238	0.9583	0.8387	0.7280	0.0611s	0.7938	0.7540	0.6937
46
0544	0.4197	0.9583	0.8352	0.7240	0.0610s	0.7911	0.7530	0.6929
47
0545	0.4527	0.9667	0.8320	0.7220	0.0862s	0.7874	0.7580	0.7022
48
0546	0.4177	0.9750	0.8309	0.7260	0.0698s	0.7853	0.7590	0.7025
49
0547	0.4494	0.9500	0.8293	0.7300	0.0619s	0.7843	0.7610	0.7061
50
0548	0.4415	0.9750	0.8307	0.7280	0.0620s	0.7856	0.7620	0.7076
51
0549	0.4420	0.9333	0.8320	0.7260	0.0620s	0.7874	0.7620	0.7056
52
0550	0.4482	0.9333	0.8332	0.7220	0.0619s	0.7885	0.7590	0.7011
53
0551	0.4525	0.9417	0.8394	0.7200	0.0617s	0.7910	0.7550	0.6943
54
0552	0.4350	0.9667	0.8412	0.7220	0.0617s	0.7919	0.7530	0.6924
55
0553	0.4687	0.9583	0.8387	0.7220	0.0616s	0.7903	0.7560	0.6975
56
0554	0.4550	0.9500	0.8329	0.7220	0.0633s	0.7877	0.7560	0.6978
57
0555	0.4232	0.9500	0.8296	0.7300	0.0617s	0.7863	0.7610	0.7025
58
0556	0.4618	0.9083	0.8263	0.7300	0.0620s	0.7854	0.7610	0.7027
59
0557	0.4592	0.9583	0.8255	0.7240	0.0616s	0.7856	0.7580	0.7001
60
0558	0.4613	0.9417	0.8300	0.7240	0.0620s	0.7876	0.7570	0.6988
61
0559	0.4203	0.9917	0.8356	0.7220	0.0589s	0.7892	0.7510	0.6955
62
0560	0.4444	0.9667	0.8376	0.7220	0.0552s	0.7888	0.7540	0.6981
63
0561	0.4160	0.9500	0.8377	0.7220	0.0532s	0.7888	0.7510	0.6954
64
0562	0.4311	0.9500	0.8370	0.7220	0.0532s	0.7887	0.7580	0.7017
65
0563	0.4374	0.9250	0.8351	0.7240	0.0534s	0.7886	0.7590	0.7008
66
0564	0.4436	0.9250	0.8302	0.7260	0.0545s	0.7871	0.7610	0.7028
67
0565	0.4666	0.8917	0.8277	0.7300	0.0531s	0.7860	0.7600	0.7020
68
0566	0.4423	0.9333	0.8268	0.7280	0.0532s	0.7851	0.7530	0.6976
69
0567	0.4462	0.9333	0.8281	0.7280	0.0532s	0.7852	0.7540	0.6986
70
0568	0.4352	0.9417	0.8315	0.7220	0.0530s	0.7869	0.7560	0.7002
71
0569	0.4299	0.9500	0.8358	0.7180	0.0536s	0.7886	0.7550	0.6988
72
0570	0.4394	0.9750	0.8392	0.7180	0.0531s	0.7901	0.7530	0.6961
73
0571	0.4439	0.9500	0.8383	0.7200	0.0531s	0.7903	0.7570	0.6997
74
0572	0.4273	0.9583	0.8318	0.7260	0.0532s	0.7885	0.7590	0.7000
75
0573	0.4406	0.9417	0.8282	0.7280	0.0532s	0.7875	0.7600	0.7013
76
0574	0.4807	0.9333	0.8275	0.7260	0.0540s	0.7875	0.7560	0.6957
77
0575	0.4458	0.9583	0.8286	0.7260	0.0555s	0.7876	0.7530	0.6934
78
0576	0.4160	0.9667	0.8288	0.7260	0.0538s	0.7875	0.7570	0.6973
79
0577	0.4323	0.9500	0.8311	0.7240	0.0535s	0.7873	0.7570	0.6988
80
0578	0.4154	0.9750	0.8320	0.7260	0.0532s	0.7868	0.7570	0.6963
81
0579	0.4403	0.9583	0.8319	0.7260	0.0531s	0.7864	0.7590	0.7000
82
0580	0.4580	0.9583	0.8293	0.7260	0.0535s	0.7856	0.7590	0.6979
83
0581	0.4297	0.9750	0.8278	0.7300	0.0540s	0.7850	0.7590	0.6980
84
0582	0.4384	0.9500	0.8286	0.7300	0.0532s	0.7856	0.7570	0.6965
85
0583	0.4514	0.9583	0.8311	0.7240	0.0531s	0.7866	0.7580	0.7003
86
0584	0.4622	0.9583	0.8314	0.7280	0.0535s	0.7866	0.7570	0.6993
87
0585	0.4472	0.9500	0.8295	0.7300	0.0540s	0.7860	0.7570	0.6991
88
0586	0.4503	0.9500	0.8284	0.7280	0.0545s	0.7854	0.7570	0.6989
89
0587	0.4478	0.9750	0.8296	0.7280	0.0527s	0.7856	0.7580	0.7019
90
0588	0.4368	0.9583	0.8314	0.7260	0.0530s	0.7859	0.7560	0.7001
91
0589	0.4793	0.9417	0.8331	0.7260	0.0532s	0.7861	0.7550	0.6991
92
0590	0.4367	0.9833	0.8322	0.7260	0.0529s	0.7860	0.7550	0.6989
93
0591	0.4519	0.9750	0.8320	0.7240	0.0534s	0.7866	0.7560	0.6997
94
0592	0.4520	0.9500	0.8281	0.7260	0.0531s	0.7863	0.7570	0.7006
95
0593	0.4320	0.9417	0.8261	0.7280	0.0529s	0.7866	0.7580	0.6975
96
0594	0.4188	0.9417	0.8244	0.7280	0.0530s	0.7871	0.7610	0.7004
97
0595	0.4240	0.9583	0.8284	0.7260	0.0534s	0.7883	0.7600	0.7016
0
0596	0.4448	0.9583	0.8331	0.7220	0.0533s	0.7887	0.7570	0.6989
1
0597	0.4126	0.9583	0.8392	0.7220	0.0540s	0.7902	0.7550	0.6986
2
0598	0.4180	0.9250	0.8406	0.7220	0.0568s	0.7910	0.7520	0.6958
3
0599	0.4429	0.9667	0.8355	0.7240	0.0549s	0.7888	0.7550	0.6982
4
0600	0.4443	0.9500	0.8315	0.7280	0.0545s	0.7875	0.7570	0.6999
5
0601	0.4325	0.9583	0.8269	0.7280	0.0546s	0.7858	0.7600	0.7035
6
0602	0.4309	0.9583	0.8234	0.7320	0.0534s	0.7853	0.7650	0.7087
7
0603	0.4102	0.9667	0.8248	0.7300	0.0537s	0.7867	0.7610	0.7030
0
0604	0.4375	0.9333	0.8296	0.7240	0.0533s	0.7880	0.7590	0.7013
1
0605	0.4255	0.9750	0.8349	0.7240	0.0530s	0.7893	0.7550	0.6953
2
0606	0.4428	0.9583	0.8406	0.7220	0.0535s	0.7909	0.7480	0.6879
3
0607	0.4499	0.9667	0.8414	0.7240	0.0530s	0.7909	0.7500	0.6915
4
0608	0.4521	0.9500	0.8357	0.7240	0.0530s	0.7885	0.7530	0.6945
5
0609	0.4235	0.9583	0.8278	0.7280	0.0530s	0.7861	0.7580	0.6994
6
0610	0.4681	0.9417	0.8232	0.7280	0.0532s	0.7845	0.7610	0.7026
7
0611	0.4412	0.9500	0.8260	0.7300	0.0528s	0.7855	0.7560	0.7007
0
0612	0.4347	0.9583	0.8297	0.7240	0.0530s	0.7866	0.7550	0.6999
1
0613	0.4211	0.9583	0.8334	0.7240	0.0527s	0.7870	0.7550	0.6993
2
0614	0.4378	0.9500	0.8356	0.7260	0.0535s	0.7881	0.7540	0.6974
3
0615	0.4478	0.9500	0.8363	0.7280	0.0530s	0.7898	0.7550	0.6958
4
0616	0.4494	0.9333	0.8326	0.7280	0.0528s	0.7888	0.7570	0.6978
5
0617	0.4181	0.9583	0.8279	0.7280	0.0542s	0.7867	0.7570	0.6983
6
0618	0.4299	0.9583	0.8294	0.7260	0.0529s	0.7868	0.7580	0.7001
7
0619	0.4350	0.9833	0.8362	0.7220	0.0533s	0.7902	0.7530	0.6936
8
0620	0.4505	0.9667	0.8386	0.7180	0.0532s	0.7911	0.7510	0.6935
9
0621	0.4549	0.9083	0.8376	0.7200	0.0535s	0.7895	0.7530	0.6950
10
0622	0.4246	0.9667	0.8342	0.7220	0.0530s	0.7874	0.7570	0.6982
11
0623	0.4451	0.9500	0.8318	0.7240	0.0531s	0.7865	0.7550	0.6982
12
0624	0.4600	0.9333	0.8305	0.7280	0.0530s	0.7864	0.7560	0.6968
13
0625	0.4318	0.9500	0.8313	0.7320	0.0533s	0.7873	0.7550	0.6964
14
0626	0.4047	0.9750	0.8340	0.7280	0.0530s	0.7890	0.7570	0.6984
15
0627	0.4170	0.9583	0.8380	0.7200	0.0550s	0.7922	0.7580	0.7005
16
0628	0.4506	0.9417	0.8361	0.7260	0.0535s	0.7913	0.7590	0.7011
17
0629	0.4633	0.9333	0.8302	0.7280	0.0531s	0.7871	0.7610	0.7026
18
0630	0.4419	0.9500	0.8276	0.7300	0.0534s	0.7849	0.7590	0.7003
19
0631	0.4224	0.9417	0.8287	0.7280	0.0526s	0.7850	0.7560	0.6973
20
0632	0.4702	0.9000	0.8312	0.7280	0.0529s	0.7858	0.7550	0.6988
21
0633	0.4423	0.9250	0.8344	0.7220	0.0532s	0.7870	0.7540	0.6979
22
0634	0.4576	0.9583	0.8362	0.7220	0.0531s	0.7885	0.7580	0.7019
23
0635	0.4385	0.9417	0.8351	0.7240	0.0526s	0.7897	0.7600	0.7018
24
0636	0.4285	0.9333	0.8344	0.7260	0.0554s	0.7899	0.7600	0.7020
25
0637	0.4272	0.9750	0.8313	0.7280	0.0528s	0.7891	0.7600	0.6999
26
0638	0.4401	0.9250	0.8280	0.7280	0.0527s	0.7878	0.7610	0.7006
27
0639	0.4355	0.9583	0.8273	0.7280	0.0530s	0.7868	0.7610	0.7028
28
0640	0.4791	0.9583	0.8325	0.7240	0.0528s	0.7879	0.7540	0.6962
29
0641	0.4353	0.9500	0.8370	0.7200	0.0530s	0.7893	0.7530	0.6944
30
0642	0.4377	0.9417	0.8365	0.7240	0.0529s	0.7887	0.7560	0.6991
31
0643	0.4164	0.9583	0.8317	0.7260	0.0527s	0.7867	0.7600	0.7028
32
0644	0.4495	0.9333	0.8262	0.7300	0.0549s	0.7856	0.7620	0.7035
33
0645	0.4394	0.9667	0.8252	0.7340	0.0535s	0.7869	0.7610	0.6982
34
0646	0.4500	0.9667	0.8297	0.7260	0.0531s	0.7887	0.7580	0.6955
0
0647	0.4554	0.9500	0.8321	0.7260	0.0531s	0.7893	0.7580	0.6979
1
0648	0.4248	0.9583	0.8327	0.7260	0.0525s	0.7885	0.7520	0.6924
2
0649	0.4255	0.9500	0.8306	0.7240	0.0521s	0.7864	0.7510	0.6910
3
0650	0.4418	0.9000	0.8303	0.7300	0.0525s	0.7860	0.7530	0.6926
4
0651	0.4313	0.9500	0.8295	0.7260	0.0524s	0.7858	0.7590	0.6982
5
0652	0.4623	0.9750	0.8246	0.7300	0.0529s	0.7843	0.7620	0.7014
6
0653	0.4443	0.9167	0.8218	0.7320	0.0527s	0.7831	0.7650	0.7065
7
0654	0.4626	0.9417	0.8242	0.7320	0.0525s	0.7831	0.7620	0.7034
0
0655	0.4391	0.9667	0.8297	0.7300	0.0526s	0.7850	0.7560	0.6974
1
0656	0.4562	0.9500	0.8364	0.7240	0.0521s	0.7880	0.7520	0.6958
2
0657	0.4659	0.9583	0.8398	0.7220	0.0524s	0.7896	0.7500	0.6942
3
0658	0.4545	0.9417	0.8379	0.7220	0.0523s	0.7887	0.7530	0.6965
4
0659	0.4219	0.9500	0.8343	0.7260	0.0523s	0.7872	0.7600	0.7035
5
0660	0.4593	0.9417	0.8306	0.7280	0.0521s	0.7867	0.7620	0.7056
6
0661	0.4443	0.9333	0.8271	0.7260	0.0539s	0.7855	0.7620	0.7036
7
0662	0.4060	0.9333	0.8277	0.7280	0.0532s	0.7851	0.7640	0.7057
8
0663	0.4527	0.9250	0.8324	0.7260	0.0525s	0.7863	0.7580	0.7016
9
0664	0.4431	0.9583	0.8388	0.7220	0.0520s	0.7893	0.7530	0.6951
10
0665	0.4195	0.9833	0.8423	0.7220	0.0524s	0.7914	0.7510	0.6925
11
0666	0.4690	0.9583	0.8388	0.7260	0.0535s	0.7902	0.7510	0.6924
12
0667	0.4152	0.9583	0.8343	0.7280	0.0528s	0.7889	0.7570	0.6956
13
0668	0.4704	0.9500	0.8294	0.7280	0.0523s	0.7872	0.7620	0.7011
14
0669	0.4030	0.9750	0.8288	0.7280	0.0526s	0.7863	0.7650	0.7082
15
0670	0.4123	0.9500	0.8294	0.7300	0.0531s	0.7862	0.7630	0.7048
16
0671	0.4438	0.9333	0.8340	0.7240	0.0532s	0.7881	0.7580	0.7000
17
0672	0.4591	0.9583	0.8364	0.7220	0.0528s	0.7897	0.7550	0.6977
18
0673	0.4469	0.9333	0.8372	0.7200	0.0526s	0.7894	0.7520	0.6947
19
0674	0.4575	0.9583	0.8311	0.7240	0.0530s	0.7858	0.7540	0.6978
20
0675	0.4439	0.9250	0.8268	0.7300	0.0533s	0.7841	0.7630	0.7082
21
0676	0.4565	0.9333	0.8257	0.7300	0.0525s	0.7857	0.7650	0.7086
22
0677	0.4382	0.9500	0.8234	0.7280	0.0536s	0.7863	0.7650	0.7040
23
0678	0.4339	0.9750	0.8234	0.7360	0.0523s	0.7859	0.7650	0.7042
24
0679	0.4220	0.9583	0.8274	0.7280	0.0527s	0.7872	0.7570	0.6969
0
0680	0.4342	0.9417	0.8325	0.7260	0.0526s	0.7885	0.7500	0.6929
1
0681	0.4301	0.9583	0.8363	0.7220	0.0533s	0.7889	0.7500	0.6949
2
0682	0.4451	0.9667	0.8370	0.7240	0.0529s	0.7880	0.7550	0.6983
3
0683	0.3927	0.9667	0.8352	0.7260	0.0530s	0.7871	0.7590	0.7043
4
0684	0.4442	0.9500	0.8314	0.7280	0.0532s	0.7870	0.7560	0.6996
5
0685	0.4521	0.9167	0.8254	0.7320	0.0530s	0.7855	0.7620	0.7061
6
0686	0.4510	0.9417	0.8208	0.7280	0.0533s	0.7846	0.7580	0.7006
7
0687	0.4637	0.9417	0.8199	0.7240	0.0535s	0.7847	0.7530	0.6944
0
0688	0.4336	0.9750	0.8236	0.7240	0.0533s	0.7854	0.7530	0.6942
0
0689	0.4580	0.9333	0.8272	0.7220	0.0530s	0.7854	0.7560	0.7006
1
0690	0.4621	0.9250	0.8324	0.7260	0.0532s	0.7861	0.7600	0.7034
2
0691	0.4224	0.9417	0.8344	0.7280	0.0532s	0.7864	0.7590	0.7023
3
0692	0.4475	0.9833	0.8329	0.7260	0.0530s	0.7853	0.7620	0.7070
4
0693	0.4204	0.9917	0.8297	0.7240	0.0531s	0.7846	0.7590	0.7026
5
0694	0.4477	0.9417	0.8261	0.7260	0.0541s	0.7844	0.7590	0.7012
6
0695	0.4319	0.9583	0.8265	0.7300	0.0522s	0.7852	0.7620	0.7038
7
0696	0.4299	0.9250	0.8291	0.7280	0.0525s	0.7857	0.7630	0.7045
8
0697	0.4332	0.9250	0.8317	0.7280	0.0531s	0.7860	0.7580	0.6997
9
0698	0.4568	0.9333	0.8335	0.7260	0.0532s	0.7861	0.7590	0.7025
10
0699	0.4447	0.9583	0.8330	0.7260	0.0530s	0.7857	0.7600	0.7033
11
0700	0.4415	0.9583	0.8321	0.7240	0.0530s	0.7858	0.7610	0.7048
12
0701	0.4607	0.9250	0.8296	0.7260	0.0532s	0.7861	0.7590	0.7012
13
0702	0.4402	0.9667	0.8295	0.7200	0.0536s	0.7866	0.7560	0.6967
14
0703	0.4250	0.9750	0.8281	0.7240	0.0532s	0.7856	0.7570	0.6976
15
0704	0.4565	0.9250	0.8294	0.7240	0.0530s	0.7846	0.7580	0.7001
16
0705	0.4250	0.9333	0.8301	0.7300	0.0539s	0.7840	0.7580	0.6995
17
0706	0.4530	0.9417	0.8286	0.7300	0.0543s	0.7832	0.7590	0.7046
18
0707	0.4404	0.9500	0.8284	0.7300	0.0542s	0.7836	0.7600	0.7058
19
0708	0.4207	0.9583	0.8290	0.7300	0.0545s	0.7846	0.7600	0.7016
20
0709	0.4537	0.9333	0.8282	0.7300	0.0561s	0.7850	0.7600	0.7015
21
0710	0.4565	0.9000	0.8257	0.7320	0.0543s	0.7848	0.7600	0.6995
22
0711	0.4345	0.9583	0.8259	0.7320	0.0543s	0.7855	0.7600	0.6968
23
0712	0.4605	0.9250	0.8275	0.7320	0.0547s	0.7859	0.7610	0.7019
24
0713	0.4674	0.9417	0.8299	0.7280	0.0544s	0.7870	0.7580	0.6993
25
0714	0.4231	0.9583	0.8320	0.7240	0.0544s	0.7883	0.7550	0.6990
26
0715	0.4241	0.9750	0.8327	0.7260	0.0543s	0.7902	0.7590	0.6989
27
0716	0.4744	0.9250	0.8288	0.7280	0.0545s	0.7884	0.7600	0.6997
28
0717	0.4476	0.9583	0.8248	0.7320	0.0543s	0.7856	0.7630	0.7045
29
0718	0.4450	0.9583	0.8277	0.7320	0.0542s	0.7860	0.7640	0.7074
30
0719	0.4544	0.9250	0.8341	0.7260	0.0543s	0.7878	0.7550	0.6984
31
0720	0.4274	0.9667	0.8370	0.7200	0.0542s	0.7893	0.7560	0.6999
32
0721	0.4366	0.9417	0.8381	0.7200	0.0543s	0.7902	0.7510	0.6954
33
0722	0.4352	0.9667	0.8368	0.7180	0.0543s	0.7901	0.7530	0.6974
34
0723	0.4187	0.9750	0.8347	0.7200	0.0545s	0.7889	0.7570	0.7012
35
0724	0.4877	0.9333	0.8292	0.7280	0.0558s	0.7859	0.7640	0.7076
36
0725	0.4432	0.9583	0.8266	0.7300	0.0545s	0.7847	0.7620	0.7057
37
0726	0.4346	0.9583	0.8264	0.7280	0.0543s	0.7853	0.7620	0.7056
38
0727	0.4498	0.9333	0.8289	0.7280	0.0545s	0.7863	0.7610	0.7046
39
0728	0.4466	0.9667	0.8330	0.7260	0.0543s	0.7883	0.7560	0.6997
40
0729	0.4448	0.9750	0.8390	0.7200	0.0543s	0.7910	0.7510	0.6905
41
0730	0.4309	0.9500	0.8387	0.7200	0.0545s	0.7908	0.7510	0.6904
42
0731	0.4249	0.9667	0.8316	0.7300	0.0544s	0.7876	0.7580	0.6971
43
0732	0.4248	0.9583	0.8249	0.7280	0.0547s	0.7855	0.7620	0.7033
44
0733	0.4294	0.9750	0.8222	0.7280	0.0543s	0.7853	0.7630	0.7047
45
0734	0.4352	0.9500	0.8212	0.7280	0.0544s	0.7851	0.7640	0.7056
46
0735	0.4051	0.9333	0.8220	0.7280	0.0542s	0.7850	0.7610	0.7028
47
0736	0.4191	0.9667	0.8260	0.7320	0.0543s	0.7858	0.7580	0.6997
48
0737	0.4368	0.9333	0.8328	0.7260	0.0544s	0.7888	0.7510	0.6913
49
0738	0.4537	0.9667	0.8340	0.7260	0.0544s	0.7891	0.7490	0.6915
50
0739	0.4301	0.9667	0.8297	0.7280	0.0544s	0.7867	0.7530	0.6948
51
0740	0.4280	0.9500	0.8269	0.7300	0.0544s	0.7865	0.7600	0.7013
52
0741	0.4448	0.9167	0.8271	0.7320	0.0548s	0.7882	0.7590	0.6983
53
0742	0.4251	0.9667	0.8260	0.7320	0.0541s	0.7886	0.7600	0.6975
54
0743	0.4388	0.9500	0.8229	0.7320	0.0549s	0.7866	0.7620	0.7013
55
0744	0.4172	0.9417	0.8266	0.7300	0.0547s	0.7869	0.7600	0.7019
56
0745	0.4291	0.9583	0.8313	0.7220	0.0545s	0.7878	0.7520	0.6946
57
0746	0.3997	0.9333	0.8363	0.7220	0.0544s	0.7897	0.7520	0.6970
58
0747	0.4312	0.9667	0.8368	0.7260	0.0569s	0.7897	0.7510	0.6933
59
0748	0.4373	0.9583	0.8337	0.7280	0.0546s	0.7887	0.7590	0.7005
60
0749	0.4382	0.9500	0.8293	0.7320	0.0543s	0.7872	0.7580	0.6972
61
0750	0.4162	0.9583	0.8258	0.7300	0.0544s	0.7858	0.7590	0.6982
62
0751	0.4705	0.8667	0.8233	0.7340	0.0542s	0.7836	0.7640	0.7078
63
0752	0.4313	0.9833	0.8255	0.7300	0.0543s	0.7842	0.7590	0.7035
64
0753	0.4497	0.9250	0.8277	0.7240	0.0543s	0.7854	0.7560	0.7009
65
0754	0.4102	0.9667	0.8293	0.7240	0.0544s	0.7865	0.7550	0.7001
66
0755	0.4194	0.9250	0.8301	0.7240	0.0543s	0.7862	0.7570	0.7016
67
0756	0.4323	0.9167	0.8310	0.7280	0.0543s	0.7861	0.7600	0.7040
68
0757	0.4388	0.9417	0.8319	0.7300	0.0542s	0.7868	0.7590	0.7022
69
0758	0.4568	0.9500	0.8303	0.7300	0.0544s	0.7869	0.7590	0.6998
70
0759	0.4361	0.9500	0.8317	0.7300	0.0544s	0.7869	0.7570	0.6985
71
0760	0.4226	0.9333	0.8320	0.7280	0.0543s	0.7868	0.7560	0.6976
72
0761	0.4179	0.9667	0.8343	0.7220	0.0544s	0.7899	0.7550	0.6953
73
0762	0.4311	0.9750	0.8356	0.7200	0.0543s	0.7919	0.7560	0.6964
74
0763	0.4660	0.9333	0.8312	0.7240	0.0544s	0.7888	0.7590	0.7013
75
0764	0.4332	0.9167	0.8272	0.7280	0.0544s	0.7854	0.7630	0.7049
76
0765	0.4448	0.9750	0.8253	0.7240	0.0569s	0.7836	0.7610	0.7024
77
0766	0.4455	0.9500	0.8247	0.7260	0.0543s	0.7827	0.7610	0.7041
78
0767	0.4568	0.9333	0.8260	0.7300	0.0544s	0.7830	0.7600	0.7037
79
0768	0.4288	0.9667	0.8295	0.7200	0.0544s	0.7857	0.7580	0.7021
80
0769	0.4386	0.9583	0.8316	0.7220	0.0562s	0.7879	0.7560	0.6959
81
0770	0.4427	0.9750	0.8290	0.7260	0.0548s	0.7872	0.7590	0.6991
82
0771	0.4325	0.9583	0.8273	0.7260	0.0536s	0.7865	0.7650	0.7067
83
0772	0.4549	0.9417	0.8264	0.7280	0.0532s	0.7851	0.7640	0.7056
84
0773	0.4205	0.9500	0.8297	0.7260	0.0530s	0.7859	0.7580	0.6997
85
0774	0.4680	0.9417	0.8329	0.7300	0.0531s	0.7865	0.7590	0.7028
86
0775	0.4415	0.9333	0.8363	0.7260	0.0549s	0.7870	0.7540	0.6976
87
0776	0.4603	0.8917	0.8371	0.7220	0.0533s	0.7876	0.7540	0.6977
88
0777	0.4346	0.9750	0.8350	0.7200	0.0531s	0.7878	0.7570	0.7012
89
0778	0.4559	0.9167	0.8312	0.7240	0.0533s	0.7871	0.7610	0.7055
90
0779	0.4306	0.9417	0.8285	0.7260	0.0528s	0.7870	0.7650	0.7093
91
0780	0.4184	0.9750	0.8256	0.7300	0.0530s	0.7865	0.7640	0.7059
92
0781	0.4298	0.9500	0.8275	0.7300	0.0531s	0.7875	0.7640	0.7060
93
0782	0.4598	0.9250	0.8327	0.7260	0.0535s	0.7886	0.7580	0.7000
94
0783	0.4563	0.9417	0.8379	0.7200	0.0607s	0.7901	0.7570	0.7012
95
0784	0.4335	0.9583	0.8373	0.7200	0.0835s	0.7888	0.7550	0.6991
96
0785	0.4826	0.9417	0.8330	0.7200	0.0662s	0.7873	0.7570	0.6983
97
0786	0.4172	0.9167	0.8274	0.7260	0.0592s	0.7863	0.7630	0.7044
98
0787	0.4341	0.9583	0.8239	0.7260	0.0551s	0.7855	0.7610	0.7025
99
0788	0.4495	0.9333	0.8226	0.7260	0.0539s	0.7847	0.7620	0.7040
100
0789	0.4261	0.9500	0.8253	0.7300	0.0531s	0.7853	0.7610	0.7032
101
0790	0.4617	0.9333	0.8295	0.7280	0.0531s	0.7864	0.7570	0.6991
102
0791	0.4412	0.9417	0.8326	0.7260	0.0530s	0.7865	0.7590	0.7008
103
0792	0.4416	0.9583	0.8338	0.7260	0.0531s	0.7864	0.7580	0.7012
104
0793	0.4603	0.9500	0.8332	0.7240	0.0531s	0.7864	0.7570	0.7005
105
0794	0.4337	0.9750	0.8298	0.7220	0.0530s	0.7861	0.7570	0.7007
106
0795	0.4431	0.9417	0.8273	0.7280	0.0532s	0.7859	0.7580	0.7019
107
0796	0.4185	0.9583	0.8274	0.7280	0.0534s	0.7866	0.7620	0.7054
108
0797	0.4137	0.9500	0.8287	0.7300	0.0529s	0.7878	0.7620	0.7035
109
0798	0.4555	0.9500	0.8306	0.7280	0.0531s	0.7894	0.7610	0.7003
110
0799	0.4370	0.9500	0.8342	0.7260	0.0528s	0.7907	0.7580	0.6975
111
0800	0.4459	0.9500	0.8378	0.7260	0.0531s	0.7915	0.7600	0.7035
112
0801	0.4568	0.9583	0.8356	0.7240	0.0542s	0.7900	0.7560	0.7003
113
0802	0.4430	0.9500	0.8328	0.7220	0.0533s	0.7893	0.7550	0.6993
114
0803	0.4378	0.9583	0.8295	0.7260	0.0530s	0.7892	0.7570	0.6971
115
0804	0.4293	0.9500	0.8290	0.7300	0.0531s	0.7900	0.7560	0.6961
116
0805	0.4517	0.9500	0.8275	0.7280	0.0537s	0.7886	0.7600	0.7021
117
0806	0.4450	0.9333	0.8274	0.7300	0.0530s	0.7871	0.7590	0.7008
118
0807	0.4540	0.9667	0.8309	0.7280	0.0530s	0.7877	0.7570	0.7002
119
0808	0.4543	0.9667	0.8344	0.7240	0.0528s	0.7888	0.7540	0.6978
120
0809	0.4462	0.9417	0.8387	0.7220	0.0532s	0.7906	0.7560	0.6992
121
0810	0.4263	0.9667	0.8380	0.7220	0.0531s	0.7912	0.7540	0.6952
122
0811	0.4429	0.9750	0.8328	0.7240	0.0530s	0.7902	0.7540	0.6959
123
0812	0.4307	0.9750	0.8275	0.7260	0.0532s	0.7900	0.7570	0.6967
124
0813	0.4239	0.9333	0.8229	0.7260	0.0531s	0.7894	0.7590	0.6962
125
0814	0.4723	0.9000	0.8222	0.7280	0.0530s	0.7882	0.7600	0.6995
126
0815	0.4616	0.9167	0.8255	0.7280	0.0525s	0.7871	0.7560	0.6953
127
0816	0.4549	0.9333	0.8325	0.7260	0.0531s	0.7874	0.7550	0.6963
128
0817	0.4517	0.9333	0.8380	0.7240	0.0530s	0.7879	0.7530	0.6964
129
0818	0.4581	0.9250	0.8404	0.7220	0.0528s	0.7884	0.7540	0.6970
130
0819	0.4555	0.9500	0.8341	0.7240	0.0529s	0.7862	0.7560	0.6995
131
0820	0.4345	1.0000	0.8282	0.7280	0.0535s	0.7860	0.7610	0.7026
132
0821	0.4568	0.9500	0.8236	0.7300	0.0531s	0.7865	0.7630	0.7026
133
0822	0.4421	0.9833	0.8226	0.7300	0.0534s	0.7868	0.7630	0.6978
134
0823	0.4454	0.9083	0.8259	0.7280	0.0536s	0.7870	0.7600	0.7000
135
0824	0.4298	0.9667	0.8334	0.7240	0.0531s	0.7877	0.7570	0.6963
136
0825	0.4668	0.9500	0.8366	0.7240	0.0535s	0.7876	0.7570	0.7007
137
0826	0.4523	0.9417	0.8326	0.7260	0.0532s	0.7854	0.7590	0.7047
138
0827	0.4746	0.9417	0.8255	0.7260	0.0535s	0.7829	0.7640	0.7095
139
0828	0.4226	0.9333	0.8205	0.7280	0.0531s	0.7823	0.7660	0.7093
140
0829	0.4279	0.9583	0.8183	0.7280	0.0531s	0.7827	0.7620	0.7039
141
0830	0.4441	0.9750	0.8187	0.7260	0.0532s	0.7835	0.7600	0.7021
0
0831	0.4472	0.9417	0.8281	0.7280	0.0531s	0.7864	0.7600	0.7019
1
0832	0.4405	0.9750	0.8408	0.7200	0.0530s	0.7920	0.7540	0.6933
2
0833	0.4363	0.9750	0.8464	0.7200	0.0531s	0.7940	0.7550	0.6963
3
0834	0.4382	0.9583	0.8392	0.7220	0.0531s	0.7899	0.7550	0.6961
4
0835	0.4419	0.9750	0.8282	0.7280	0.0531s	0.7848	0.7590	0.7004
5
0836	0.4368	0.9333	0.8206	0.7280	0.0532s	0.7819	0.7630	0.7044
6
0837	0.4372	0.9500	0.8194	0.7300	0.0530s	0.7823	0.7610	0.7027
7
0838	0.4451	0.9417	0.8241	0.7300	0.0533s	0.7845	0.7580	0.6979
8
0839	0.4532	0.9583	0.8331	0.7280	0.0536s	0.7877	0.7560	0.6980
9
0840	0.4077	0.9333	0.8405	0.7240	0.0532s	0.7909	0.7550	0.6942
10
0841	0.4298	0.9583	0.8393	0.7200	0.0530s	0.7914	0.7530	0.6922
11
0842	0.4436	0.9583	0.8340	0.7220	0.0531s	0.7894	0.7530	0.6925
12
0843	0.4276	0.9250	0.8283	0.7280	0.0529s	0.7860	0.7560	0.6954
13
0844	0.4376	0.9500	0.8243	0.7300	0.0531s	0.7841	0.7590	0.7010
14
0845	0.4489	0.9583	0.8256	0.7280	0.0529s	0.7852	0.7610	0.7029
15
0846	0.4899	0.9083	0.8280	0.7280	0.0531s	0.7870	0.7580	0.6996
16
0847	0.4245	0.9500	0.8322	0.7240	0.0532s	0.7888	0.7550	0.6970
17
0848	0.4424	0.9583	0.8330	0.7240	0.0531s	0.7893	0.7540	0.6937
18
0849	0.4348	0.9750	0.8313	0.7240	0.0534s	0.7892	0.7570	0.6971
19
0850	0.4307	0.9417	0.8303	0.7220	0.0535s	0.7890	0.7570	0.6972
20
0851	0.4798	0.9333	0.8281	0.7240	0.0533s	0.7870	0.7570	0.6992
21
0852	0.4757	0.9000	0.8275	0.7260	0.0536s	0.7855	0.7580	0.7022
22
0853	0.4339	0.9083	0.8300	0.7260	0.0549s	0.7854	0.7580	0.7017
23
0854	0.4345	0.9583	0.8325	0.7240	0.0530s	0.7869	0.7550	0.6990
24
0855	0.4334	0.9500	0.8314	0.7260	0.0532s	0.7874	0.7570	0.6986
25
0856	0.4374	0.9583	0.8318	0.7260	0.0533s	0.7888	0.7590	0.7009
26
0857	0.4391	0.9333	0.8351	0.7240	0.0533s	0.7904	0.7560	0.6958
27
0858	0.4298	0.9667	0.8360	0.7220	0.0530s	0.7898	0.7550	0.6946
28
0859	0.4357	0.9583	0.8339	0.7240	0.0531s	0.7876	0.7560	0.6999
29
0860	0.4429	0.9667	0.8331	0.7240	0.0533s	0.7858	0.7550	0.6989
30
0861	0.4247	0.9917	0.8337	0.7240	0.0530s	0.7857	0.7550	0.6986
31
0862	0.4615	0.9667	0.8327	0.7280	0.0530s	0.7859	0.7550	0.6983
32
0863	0.4463	0.9167	0.8312	0.7280	0.0532s	0.7862	0.7560	0.6973
33
0864	0.4424	0.9500	0.8331	0.7240	0.0530s	0.7891	0.7560	0.6957
34
0865	0.4570	0.9417	0.8387	0.7200	0.0533s	0.7929	0.7540	0.6941
35
0866	0.4320	0.9250	0.8397	0.7200	0.0531s	0.7934	0.7550	0.6952
36
0867	0.4423	0.9417	0.8379	0.7220	0.0530s	0.7913	0.7560	0.6958
37
0868	0.4243	0.9333	0.8339	0.7260	0.0530s	0.7878	0.7590	0.7005
38
0869	0.4119	0.9583	0.8328	0.7260	0.0531s	0.7864	0.7570	0.6982
39
0870	0.4446	0.9583	0.8337	0.7260	0.0531s	0.7870	0.7570	0.7010
40
0871	0.4084	0.9500	0.8357	0.7180	0.0529s	0.7894	0.7530	0.6925
41
0872	0.4306	0.9833	0.8382	0.7180	0.0717s	0.7919	0.7520	0.6915
42
0873	0.4322	0.9333	0.8374	0.7160	0.0723s	0.7917	0.7550	0.6948
43
0874	0.4385	0.9333	0.8332	0.7200	0.0621s	0.7889	0.7580	0.6976
44
0875	0.4547	0.9083	0.8309	0.7280	0.0580s	0.7870	0.7610	0.7004
45
0876	0.4390	0.9500	0.8313	0.7260	0.0542s	0.7870	0.7610	0.7025
46
0877	0.4203	0.9333	0.8301	0.7280	0.0535s	0.7859	0.7610	0.7002
47
0878	0.4317	0.9500	0.8276	0.7300	0.0530s	0.7849	0.7560	0.6953
48
0879	0.4554	0.9167	0.8291	0.7260	0.0540s	0.7855	0.7550	0.6946
49
0880	0.4107	0.9500	0.8315	0.7200	0.0529s	0.7860	0.7530	0.6927
50
0881	0.4141	0.9167	0.8358	0.7200	0.0530s	0.7874	0.7520	0.6920
51
0882	0.4139	0.9500	0.8377	0.7220	0.0530s	0.7884	0.7560	0.6974
52
0883	0.4220	0.9333	0.8364	0.7240	0.0531s	0.7885	0.7580	0.6995
53
0884	0.4425	0.9667	0.8347	0.7260	0.0530s	0.7886	0.7580	0.6971
54
0885	0.4285	0.9667	0.8314	0.7240	0.0529s	0.7880	0.7610	0.7005
55
0886	0.4378	0.9583	0.8289	0.7280	0.0532s	0.7874	0.7560	0.6963
56
0887	0.4431	0.9583	0.8301	0.7260	0.0530s	0.7872	0.7530	0.6935
57
0888	0.4547	0.9333	0.8339	0.7220	0.0531s	0.7886	0.7520	0.6942
58
0889	0.4332	0.9833	0.8350	0.7240	0.0531s	0.7882	0.7540	0.6958
59
0890	0.4439	0.9167	0.8350	0.7220	0.0530s	0.7885	0.7570	0.7004
60
0891	0.4312	0.9500	0.8358	0.7220	0.0530s	0.7896	0.7610	0.7045
61
0892	0.4451	0.9333	0.8335	0.7240	0.0531s	0.7895	0.7600	0.7017
62
0893	0.4607	0.9000	0.8312	0.7220	0.0532s	0.7881	0.7590	0.6985
63
0894	0.4180	0.9417	0.8296	0.7260	0.0526s	0.7869	0.7550	0.6977
64
0895	0.4635	0.9667	0.8329	0.7200	0.0531s	0.7875	0.7500	0.6923
65
0896	0.4465	0.9333	0.8347	0.7220	0.0531s	0.7868	0.7500	0.6917
66
0897	0.4338	0.9250	0.8347	0.7240	0.0530s	0.7866	0.7530	0.6941
67
0898	0.4423	0.9417	0.8328	0.7240	0.0532s	0.7862	0.7610	0.7041
68
0899	0.4508	0.9500	0.8296	0.7260	0.0531s	0.7851	0.7600	0.7016
69
0900	0.4350	0.9500	0.8285	0.7300	0.0532s	0.7849	0.7620	0.7039
70
0901	0.4544	0.9417	0.8291	0.7300	0.0532s	0.7851	0.7580	0.7000
71
0902	0.4497	0.9417	0.8302	0.7260	0.0531s	0.7859	0.7560	0.6982
72
0903	0.4590	0.9250	0.8297	0.7260	0.0537s	0.7859	0.7580	0.6998
73
0904	0.4169	0.9250	0.8315	0.7260	0.0531s	0.7861	0.7580	0.6998
74
0905	0.4686	0.9417	0.8311	0.7280	0.0530s	0.7855	0.7600	0.7036
75
0906	0.4512	0.9583	0.8290	0.7300	0.0536s	0.7852	0.7620	0.7078
76
0907	0.4228	0.9583	0.8266	0.7280	0.0535s	0.7852	0.7620	0.7041
77
0908	0.4230	0.9583	0.8260	0.7300	0.0530s	0.7855	0.7610	0.7008
78
0909	0.4306	0.9500	0.8285	0.7280	0.0530s	0.7876	0.7570	0.6972
79
0910	0.4152	0.9917	0.8338	0.7260	0.0531s	0.7900	0.7560	0.6965
80
0911	0.4702	0.9417	0.8377	0.7240	0.0530s	0.7906	0.7560	0.6962
81
0912	0.4314	0.9417	0.8358	0.7240	0.0530s	0.7883	0.7570	0.6965
82
0913	0.4349	0.9500	0.8324	0.7240	0.0533s	0.7859	0.7590	0.7005
83
0914	0.4191	0.9250	0.8301	0.7260	0.0528s	0.7848	0.7630	0.7084
84
0915	0.4614	0.9333	0.8263	0.7300	0.0530s	0.7840	0.7600	0.7016
85
0916	0.4746	0.9500	0.8242	0.7320	0.0542s	0.7845	0.7600	0.7022
86
0917	0.4402	0.9500	0.8271	0.7260	0.0530s	0.7871	0.7590	0.6990
87
0918	0.4391	0.9500	0.8309	0.7240	0.0531s	0.7889	0.7580	0.6983
88
0919	0.4476	0.9667	0.8313	0.7260	0.0527s	0.7884	0.7610	0.7032
89
0920	0.4391	0.9583	0.8292	0.7300	0.0532s	0.7870	0.7600	0.7020
90
0921	0.4616	0.9167	0.8264	0.7280	0.0835s	0.7855	0.7610	0.7028
91
0922	0.4578	0.9583	0.8243	0.7300	0.0652s	0.7847	0.7620	0.7038
92
0923	0.4112	0.9583	0.8245	0.7320	0.0621s	0.7844	0.7640	0.7058
93
0924	0.4430	0.9583	0.8250	0.7300	0.0617s	0.7846	0.7610	0.7033
94
0925	0.4320	0.9750	0.8251	0.7280	0.0618s	0.7852	0.7590	0.6991
95
0926	0.4503	0.9333	0.8279	0.7280	0.0620s	0.7857	0.7590	0.6992
96
0927	0.4359	0.9583	0.8334	0.7260	0.0620s	0.7860	0.7560	0.7000
97
0928	0.4142	0.9750	0.8395	0.7220	0.0619s	0.7874	0.7580	0.7007
98
0929	0.4793	0.9250	0.8392	0.7200	0.0650s	0.7869	0.7580	0.7014
99
0930	0.4241	0.9083	0.8348	0.7180	0.0623s	0.7852	0.7550	0.6991
100
0931	0.4296	0.9417	0.8268	0.7300	0.0619s	0.7826	0.7580	0.7023
101
0932	0.4246	0.9583	0.8212	0.7340	0.0620s	0.7822	0.7580	0.7008
102
0933	0.4472	0.9333	0.8217	0.7280	0.0602s	0.7834	0.7560	0.6966
103
0934	0.4667	0.9333	0.8297	0.7260	0.0865s	0.7863	0.7550	0.6955
104
0935	0.4432	0.9250	0.8359	0.7260	0.0707s	0.7886	0.7560	0.6957
105
0936	0.4473	0.9750	0.8409	0.7260	0.0635s	0.7899	0.7570	0.6985
106
0937	0.4714	0.9250	0.8398	0.7240	0.0620s	0.7885	0.7570	0.7003
107
0938	0.4153	0.9333	0.8336	0.7260	0.0619s	0.7857	0.7580	0.7011
108
0939	0.4625	0.9333	0.8274	0.7260	0.0619s	0.7831	0.7610	0.7042
109
0940	0.4105	0.9417	0.8227	0.7320	0.0621s	0.7825	0.7590	0.7007
110
0941	0.4556	0.9583	0.8222	0.7320	0.0619s	0.7838	0.7580	0.6982
111
0942	0.4343	0.9667	0.8281	0.7260	0.0618s	0.7868	0.7540	0.6952
112
0943	0.4524	0.9250	0.8348	0.7240	0.0621s	0.7876	0.7560	0.6967
113
0944	0.4535	0.9500	0.8398	0.7220	0.0619s	0.7879	0.7580	0.6999
114
0945	0.4435	0.9333	0.8401	0.7240	0.0620s	0.7866	0.7550	0.6986
115
0946	0.4555	0.9250	0.8359	0.7260	0.0642s	0.7845	0.7570	0.7003
116
0947	0.4525	0.9417	0.8312	0.7280	0.0608s	0.7828	0.7560	0.7000
117
0948	0.4593	0.9750	0.8290	0.7280	0.0592s	0.7832	0.7570	0.6990
118
0949	0.4455	0.9500	0.8293	0.7280	0.0558s	0.7842	0.7580	0.6978
119
0950	0.4451	0.9000	0.8309	0.7240	0.0545s	0.7851	0.7570	0.6969
120
0951	0.4251	0.9417	0.8309	0.7240	0.0539s	0.7849	0.7580	0.7001
121
0952	0.4420	0.9500	0.8306	0.7260	0.0539s	0.7839	0.7610	0.7049
122
0953	0.4613	0.9333	0.8322	0.7280	0.0539s	0.7835	0.7580	0.7016
123
0954	0.4340	0.9750	0.8327	0.7280	0.0531s	0.7842	0.7570	0.7008
124
0955	0.4453	0.9583	0.8317	0.7280	0.0530s	0.7845	0.7560	0.6980
125
0956	0.4150	0.9833	0.8342	0.7260	0.0530s	0.7868	0.7550	0.6973
126
0957	0.4280	0.9500	0.8364	0.7260	0.0530s	0.7885	0.7540	0.6963
127
0958	0.4092	0.9500	0.8367	0.7260	0.0528s	0.7888	0.7550	0.6948
128
0959	0.4191	0.9833	0.8398	0.7260	0.0528s	0.7901	0.7550	0.6948
129
0960	0.4368	0.9500	0.8383	0.7260	0.0531s	0.7890	0.7550	0.6951
130
0961	0.4504	0.9250	0.8286	0.7300	0.0560s	0.7844	0.7580	0.6977
131
0962	0.4138	0.9667	0.8257	0.7300	0.0540s	0.7823	0.7620	0.7062
132
0963	0.4657	0.9583	0.8259	0.7280	0.0557s	0.7809	0.7610	0.7049
133
0964	0.4230	0.9667	0.8296	0.7280	0.0547s	0.7818	0.7600	0.7038
134
0965	0.4577	0.9917	0.8335	0.7260	0.0539s	0.7843	0.7610	0.7048
135
0966	0.4267	0.9500	0.8396	0.7160	0.0550s	0.7891	0.7570	0.6962
136
0967	0.4173	0.9667	0.8469	0.7180	0.0530s	0.7946	0.7570	0.6963
137
0968	0.4227	0.9417	0.8452	0.7180	0.0539s	0.7939	0.7570	0.6962
138
0969	0.4356	0.9333	0.8378	0.7220	0.0532s	0.7890	0.7580	0.6967
139
0970	0.4292	0.9750	0.8294	0.7300	0.0531s	0.7837	0.7580	0.6968
140
0971	0.4391	0.9417	0.8236	0.7280	0.0530s	0.7810	0.7590	0.7023
141
0972	0.4225	0.9833	0.8237	0.7300	0.0530s	0.7809	0.7620	0.7056
142
0973	0.4321	0.9500	0.8294	0.7260	0.0530s	0.7835	0.7600	0.7044
143
0974	0.4713	0.9083	0.8370	0.7220	0.0523s	0.7879	0.7590	0.7005
144
0975	0.4567	0.9417	0.8397	0.7220	0.0521s	0.7893	0.7560	0.6949
145
0976	0.4545	0.9500	0.8374	0.7240	0.0523s	0.7883	0.7550	0.6939
146
0977	0.4312	0.9417	0.8334	0.7280	0.0527s	0.7863	0.7550	0.6942
147
0978	0.4345	0.9333	0.8294	0.7280	0.0524s	0.7845	0.7560	0.6953
148
0979	0.4340	0.9417	0.8290	0.7280	0.0526s	0.7837	0.7560	0.7000
149
0980	0.4297	0.9333	0.8301	0.7280	0.0532s	0.7842	0.7600	0.7042
150
0981	0.4684	0.9417	0.8325	0.7300	0.0530s	0.7858	0.7580	0.6999
151
0982	0.4511	0.9417	0.8350	0.7260	0.0526s	0.7879	0.7530	0.6953
152
0983	0.4273	0.9750	0.8326	0.7280	0.0527s	0.7878	0.7560	0.6959
153
0984	0.4121	0.9333	0.8283	0.7280	0.0524s	0.7865	0.7580	0.6976
154
0985	0.4539	0.9833	0.8263	0.7300	0.0529s	0.7851	0.7570	0.6966
155
0986	0.4291	0.9500	0.8278	0.7280	0.0526s	0.7849	0.7580	0.6973
156
0987	0.4414	0.9417	0.8305	0.7260	0.0524s	0.7849	0.7590	0.7027
157
0988	0.4101	0.9583	0.8343	0.7280	0.0524s	0.7858	0.7560	0.6997
158
0989	0.4396	0.9250	0.8349	0.7260	0.0531s	0.7865	0.7560	0.6999
159
0990	0.4053	0.9750	0.8331	0.7260	0.0532s	0.7876	0.7530	0.6926
160
0991	0.4327	0.9417	0.8271	0.7300	0.0529s	0.7857	0.7540	0.6937
161
0992	0.4130	0.9583	0.8223	0.7260	0.0524s	0.7828	0.7610	0.7004
162
0993	0.4142	0.9417	0.8226	0.7260	0.0527s	0.7822	0.7620	0.7009
163
0994	0.4457	0.9333	0.8281	0.7280	0.0530s	0.7837	0.7620	0.7077
164
0995	0.4167	0.9500	0.8346	0.7260	0.0524s	0.7857	0.7570	0.7026
165
0996	0.4663	0.9500	0.8385	0.7220	0.0529s	0.7872	0.7530	0.6962
166
0997	0.4531	0.9250	0.8395	0.7220	0.0530s	0.7883	0.7510	0.6953
167
0998	0.4517	0.9500	0.8326	0.7220	0.0528s	0.7867	0.7540	0.6970
168
0999	0.4398	0.9583	0.8244	0.7260	0.0529s	0.7838	0.7610	0.7051
169
1000	0.4264	0.9583	0.8215	0.7240	0.0529s	0.7830	0.7630	0.7043
170
1001	0.4270	0.9500	0.8228	0.7260	0.0529s	0.7832	0.7640	0.7056
171
1002	0.4290	0.9333	0.8269	0.7240	0.0527s	0.7842	0.7630	0.7042
172
1003	0.4077	0.9750	0.8321	0.7280	0.0530s	0.7856	0.7620	0.7058
173
1004	0.4246	0.9500	0.8352	0.7240	0.0541s	0.7870	0.7600	0.7039
174
1005	0.4364	0.9333	0.8335	0.7240	0.0528s	0.7871	0.7560	0.6985
175
1006	0.4624	0.9417	0.8303	0.7280	0.0527s	0.7867	0.7550	0.6974
176
1007	0.4553	0.8917	0.8261	0.7300	0.0528s	0.7855	0.7610	0.7008
177
1008	0.4455	0.9583	0.8261	0.7280	0.0523s	0.7862	0.7610	0.7008
178
1009	0.4608	0.9500	0.8291	0.7300	0.0524s	0.7876	0.7630	0.7023
179
1010	0.4500	0.9417	0.8317	0.7280	0.0528s	0.7882	0.7600	0.6994
180
1011	0.4861	0.9583	0.8292	0.7280	0.0527s	0.7857	0.7610	0.7003
181
1012	0.4293	0.9750	0.8318	0.7240	0.0533s	0.7858	0.7590	0.7031
182
1013	0.4678	0.9500	0.8373	0.7220	0.0520s	0.7881	0.7570	0.7007
183
1014	0.4591	0.9333	0.8409	0.7200	0.0520s	0.7897	0.7550	0.6988
184
1015	0.4148	0.9583	0.8381	0.7220	0.0522s	0.7888	0.7600	0.7033
185
1016	0.4183	0.9583	0.8368	0.7240	0.0521s	0.7894	0.7620	0.7053
186
1017	0.4121	0.9583	0.8315	0.7280	0.0521s	0.7887	0.7620	0.7058
187
1018	0.4574	0.9500	0.8281	0.7260	0.0522s	0.7880	0.7630	0.7066
188
1019	0.4554	0.8917	0.8269	0.7340	0.0527s	0.7875	0.7620	0.7061
189
1020	0.4195	0.9500	0.8297	0.7240	0.0520s	0.7881	0.7590	0.7012
190
1021	0.4064	0.9500	0.8319	0.7220	0.0523s	0.7879	0.7560	0.6986
191
1022	0.4114	0.9583	0.8341	0.7220	0.0519s	0.7875	0.7600	0.7042
192
1023	0.4295	0.9500	0.8344	0.7240	0.0520s	0.7867	0.7600	0.7039
193
1024	0.4495	0.9250	0.8331	0.7280	0.0520s	0.7868	0.7600	0.7040
194
1025	0.4423	0.9833	0.8336	0.7260	0.0519s	0.7884	0.7590	0.7006
195
1026	0.4605	0.9333	0.8331	0.7280	0.0522s	0.7881	0.7580	0.6977
196
1027	0.4014	0.9833	0.8323	0.7260	0.0520s	0.7878	0.7600	0.6998
197
1028	0.4475	0.9167	0.8345	0.7260	0.0520s	0.7876	0.7560	0.6961
198
1029	0.4093	0.9500	0.8358	0.7240	0.0519s	0.7866	0.7530	0.6929
199
Early stop! Min loss:0.8183454275131226,  Max accuracy:0.736
Early stop model validation loss:0.8183454275131226,  accuracy:0.728
Optimization Finished!
Total time elapsed: 57.9394s
test max acc:0.7660
Loading 828th epoch
stru_node_to_hop attention:tensor([[0.2773, 0.3613, 0.3613],
        [0.1990, 0.4844, 0.3166],
        [0.3041, 0.3479, 0.3479],
        [0.2469, 0.3254, 0.4277],
        [0.3108, 0.3446, 0.3446],
        [0.3526, 0.3283, 0.3191],
        [0.3449, 0.3275, 0.3275],
        [0.2602, 0.2614, 0.4784],
        [0.5745, 0.2202, 0.2052],
        [0.3924, 0.3222, 0.2854],
        [0.3897, 0.3183, 0.2920],
        [0.2718, 0.3641, 0.3641],
        [0.2463, 0.3786, 0.3751],
        [0.2596, 0.3561, 0.3843],
        [0.2775, 0.3581, 0.3644],
        [0.3164, 0.3418, 0.3418],
        [0.2737, 0.3678, 0.3584],
        [0.2566, 0.4012, 0.3422],
        [0.2162, 0.2495, 0.5343],
        [0.2312, 0.4426, 0.3262],
        [0.2680, 0.3727, 0.3593],
        [0.2621, 0.3367, 0.4012],
        [0.2529, 0.3402, 0.4069],
        [0.2769, 0.3370, 0.3862],
        [0.2938, 0.3474, 0.3588],
        [0.4698, 0.2850, 0.2452],
        [0.5044, 0.2633, 0.2323],
        [0.2472, 0.2922, 0.4606],
        [0.2510, 0.4298, 0.3192],
        [0.3622, 0.2769, 0.3609],
        [0.3729, 0.2960, 0.3311],
        [0.3775, 0.3005, 0.3221],
        [0.3390, 0.3032, 0.3578],
        [0.2471, 0.3412, 0.4117],
        [0.2546, 0.3162, 0.4292],
        [0.2821, 0.3590, 0.3590],
        [0.2762, 0.3619, 0.3619],
        [0.2506, 0.3747, 0.3747],
        [0.2809, 0.3479, 0.3712],
        [0.2952, 0.3888, 0.3160],
        [0.2775, 0.3616, 0.3609],
        [0.3115, 0.3007, 0.3878],
        [0.4210, 0.2837, 0.2953],
        [0.4353, 0.3519, 0.2128],
        [0.2707, 0.3449, 0.3844],
        [0.3182, 0.3409, 0.3409],
        [0.2570, 0.3212, 0.4219],
        [0.3203, 0.3089, 0.3708],
        [0.4044, 0.2806, 0.3150],
        [0.2573, 0.3991, 0.3436],
        [0.2706, 0.4119, 0.3175],
        [0.2554, 0.3447, 0.3999],
        [0.4569, 0.2918, 0.2513],
        [0.4949, 0.2437, 0.2614],
        [0.4721, 0.2477, 0.2801],
        [0.4570, 0.2987, 0.2443],
        [0.2708, 0.3741, 0.3551],
        [0.2549, 0.3550, 0.3901],
        [0.2580, 0.3805, 0.3615],
        [0.2878, 0.2807, 0.4315],
        [0.5931, 0.1966, 0.2103],
        [0.4874, 0.2403, 0.2723],
        [0.2845, 0.3070, 0.4084],
        [0.2984, 0.3508, 0.3508],
        [0.2781, 0.3195, 0.4024],
        [0.3309, 0.3608, 0.3083],
        [0.2812, 0.3318, 0.3870],
        [0.3046, 0.3416, 0.3538],
        [0.2779, 0.3382, 0.3839],
        [0.3117, 0.3930, 0.2953],
        [0.2653, 0.3768, 0.3579],
        [0.2609, 0.3593, 0.3798],
        [0.3248, 0.3175, 0.3577],
        [0.2690, 0.3633, 0.3676],
        [0.2733, 0.3269, 0.3998],
        [0.2162, 0.4361, 0.3477],
        [0.2526, 0.3887, 0.3587],
        [0.2839, 0.3083, 0.4078],
        [0.2666, 0.4117, 0.3217],
        [0.3080, 0.4116, 0.2804],
        [0.2528, 0.3712, 0.3760],
        [0.2376, 0.4086, 0.3538],
        [0.2737, 0.3380, 0.3883],
        [0.2584, 0.3969, 0.3447],
        [0.2771, 0.2949, 0.4280],
        [0.2985, 0.3715, 0.3300],
        [0.2566, 0.3898, 0.3536],
        [0.2671, 0.3489, 0.3841],
        [0.2640, 0.3163, 0.4197],
        [0.2812, 0.3594, 0.3594],
        [0.5256, 0.2416, 0.2328],
        [0.4390, 0.2773, 0.2838],
        [0.3004, 0.2824, 0.4172],
        [0.2949, 0.3379, 0.3672],
        [0.2740, 0.3630, 0.3630],
        [0.6197, 0.1955, 0.1848],
        [0.5881, 0.1986, 0.2132],
        [0.2745, 0.3617, 0.3639],
        [0.2487, 0.4001, 0.3513],
        [0.6589, 0.1650, 0.1762]], device='cuda:1')
fea_node_to_hop attention:tensor([[0.3068, 0.3084, 0.1930, 0.1918],
        [0.3289, 0.2583, 0.1990, 0.2138],
        [0.2311, 0.3911, 0.2022, 0.1756],
        [0.2298, 0.3168, 0.2429, 0.2104],
        [0.3559, 0.2823, 0.1797, 0.1821],
        [0.3609, 0.2889, 0.1708, 0.1793],
        [0.3536, 0.2641, 0.1885, 0.1938],
        [0.6924, 0.1059, 0.1060, 0.0957],
        [0.4718, 0.2040, 0.1556, 0.1686],
        [0.3985, 0.2349, 0.1877, 0.1790],
        [0.3706, 0.2666, 0.1874, 0.1754],
        [0.3947, 0.2495, 0.1744, 0.1814],
        [0.5745, 0.1421, 0.1417, 0.1417],
        [0.2136, 0.3449, 0.2357, 0.2057],
        [0.3017, 0.3090, 0.2049, 0.1843],
        [0.3172, 0.2986, 0.2002, 0.1841],
        [0.2087, 0.2944, 0.2596, 0.2373],
        [0.2434, 0.3246, 0.2312, 0.2009],
        [0.2815, 0.2856, 0.2268, 0.2061],
        [0.6347, 0.1416, 0.1163, 0.1074],
        [0.2933, 0.2916, 0.2234, 0.1916],
        [0.2448, 0.3461, 0.2183, 0.1909],
        [0.2232, 0.3046, 0.2489, 0.2233],
        [0.2333, 0.3289, 0.2322, 0.2055],
        [0.1993, 0.3820, 0.2243, 0.1945],
        [0.5116, 0.1737, 0.1596, 0.1551],
        [0.5465, 0.1678, 0.1430, 0.1427],
        [0.2006, 0.3326, 0.2493, 0.2175],
        [0.2140, 0.3353, 0.2383, 0.2124],
        [0.2721, 0.3459, 0.2036, 0.1784],
        [0.3628, 0.2795, 0.1858, 0.1719],
        [0.2767, 0.3336, 0.2099, 0.1798],
        [0.2829, 0.3345, 0.2049, 0.1777],
        [0.3063, 0.3039, 0.2049, 0.1848],
        [0.3423, 0.3149, 0.1831, 0.1597],
        [0.3081, 0.2590, 0.2275, 0.2053],
        [0.2503, 0.3425, 0.2151, 0.1921],
        [0.3436, 0.2629, 0.2057, 0.1878],
        [0.2137, 0.3345, 0.2355, 0.2163],
        [0.2539, 0.3032, 0.2323, 0.2105],
        [0.2969, 0.2833, 0.2225, 0.1973],
        [0.2425, 0.3444, 0.2178, 0.1953],
        [0.4938, 0.2018, 0.1566, 0.1478],
        [0.2623, 0.3622, 0.2010, 0.1744],
        [0.2046, 0.3872, 0.2194, 0.1888],
        [0.1778, 0.4160, 0.2167, 0.1895],
        [0.3933, 0.2675, 0.1775, 0.1618],
        [0.2409, 0.3761, 0.2026, 0.1804],
        [0.2603, 0.3514, 0.2098, 0.1785],
        [0.2255, 0.2845, 0.2556, 0.2343],
        [0.2984, 0.2709, 0.2245, 0.2062],
        [0.2655, 0.2971, 0.2326, 0.2048],
        [0.4537, 0.2236, 0.1668, 0.1558],
        [0.4620, 0.2639, 0.1417, 0.1324],
        [0.3875, 0.2613, 0.1820, 0.1692],
        [0.3955, 0.2579, 0.1789, 0.1677],
        [0.2102, 0.2845, 0.2670, 0.2383],
        [0.2115, 0.3563, 0.2293, 0.2029],
        [0.1999, 0.3134, 0.2580, 0.2287],
        [0.4120, 0.2152, 0.1938, 0.1790],
        [0.6054, 0.1384, 0.1279, 0.1282],
        [0.2868, 0.3422, 0.1969, 0.1742],
        [0.1995, 0.4074, 0.2146, 0.1785],
        [0.3654, 0.2560, 0.1990, 0.1796],
        [0.1838, 0.3779, 0.2364, 0.2019],
        [0.2754, 0.3733, 0.1832, 0.1681],
        [0.2044, 0.3062, 0.2554, 0.2340],
        [0.2342, 0.3570, 0.2188, 0.1900],
        [0.1910, 0.3677, 0.2400, 0.2014],
        [0.3768, 0.2977, 0.1736, 0.1519],
        [0.2073, 0.3225, 0.2477, 0.2225],
        [0.2534, 0.3068, 0.2345, 0.2052],
        [0.2832, 0.3043, 0.2196, 0.1929],
        [0.2105, 0.3675, 0.2281, 0.1940],
        [0.5383, 0.1823, 0.1469, 0.1325],
        [0.3283, 0.2916, 0.1975, 0.1826],
        [0.3993, 0.2691, 0.1804, 0.1512],
        [0.2207, 0.3105, 0.2469, 0.2219],
        [0.2749, 0.2675, 0.2446, 0.2131],
        [0.4764, 0.2151, 0.1615, 0.1469],
        [0.2588, 0.3120, 0.2250, 0.2042],
        [0.2674, 0.2964, 0.2283, 0.2078],
        [0.2621, 0.3406, 0.2152, 0.1821],
        [0.2161, 0.2833, 0.2569, 0.2437],
        [0.2285, 0.2734, 0.2629, 0.2352],
        [0.6810, 0.1269, 0.1000, 0.0922],
        [0.2114, 0.3299, 0.2460, 0.2127],
        [0.2847, 0.2851, 0.2284, 0.2019],
        [0.2895, 0.3156, 0.2101, 0.1848],
        [0.2905, 0.2846, 0.2231, 0.2018],
        [0.3894, 0.2690, 0.1754, 0.1663],
        [0.2805, 0.3515, 0.1984, 0.1695],
        [0.1763, 0.3467, 0.2563, 0.2208],
        [0.2006, 0.2809, 0.2669, 0.2515],
        [0.2334, 0.3007, 0.2437, 0.2222],
        [0.3529, 0.2776, 0.1948, 0.1746],
        [0.3406, 0.2228, 0.2276, 0.2090],
        [0.2393, 0.3464, 0.2212, 0.1931],
        [0.2023, 0.2961, 0.2579, 0.2437],
        [0.6105, 0.1296, 0.1293, 0.1306]], device='cuda:1')
perception attention:tensor([0.4400, 0.5600], device='cuda:1')
Test set results: loss= 0.7827 accuracy= 0.7620 F1_score= 0.7039
