# epoch	loss_train	acc_train	loss_val	acc_val	time	acc_test	f1_test
0001	1.7976	0.1333	1.7967	0.1900	0.0574s	1.7953	0.1690	0.0482
0
0002	1.7964	0.1917	1.7958	0.1920	0.0545s	1.7939	0.1720	0.0526
0
0003	1.7904	0.2417	1.7956	0.1880	0.0534s	1.7933	0.1710	0.0511
0
0004	1.7855	0.3000	1.7945	0.1920	0.0520s	1.7918	0.1710	0.0511
0
0005	1.7809	0.2583	1.7933	0.2160	0.0532s	1.7899	0.2080	0.1021
0
0006	1.7786	0.3083	1.7921	0.2700	0.0521s	1.7879	0.2580	0.1585
0
0007	1.7711	0.3583	1.7906	0.2940	0.0522s	1.7858	0.2790	0.1721
0
0008	1.7655	0.4333	1.7888	0.3040	0.0533s	1.7836	0.3000	0.1908
0
0009	1.7613	0.4083	1.7858	0.3320	0.0526s	1.7804	0.3390	0.2138
0
0010	1.7514	0.4417	1.7823	0.3340	0.0534s	1.7769	0.3400	0.2092
0
0011	1.7473	0.4833	1.7783	0.3340	0.0541s	1.7731	0.3360	0.2123
0
0012	1.7394	0.5167	1.7740	0.3300	0.0534s	1.7690	0.3330	0.2154
0
0013	1.7325	0.4750	1.7691	0.3300	0.0526s	1.7642	0.3440	0.2307
0
0014	1.7155	0.5333	1.7642	0.3280	0.0547s	1.7593	0.3430	0.2345
0
0015	1.7066	0.5667	1.7599	0.3220	0.0527s	1.7550	0.3360	0.2371
0
0016	1.6960	0.5833	1.7555	0.3320	0.0529s	1.7502	0.3550	0.2636
0
0017	1.6834	0.5583	1.7498	0.3660	0.0524s	1.7442	0.3830	0.3000
0
0018	1.6666	0.6417	1.7430	0.4060	0.0660s	1.7371	0.4150	0.3321
0
0019	1.6540	0.6917	1.7359	0.4260	0.0576s	1.7297	0.4400	0.3529
0
0020	1.6446	0.6667	1.7278	0.4480	0.0546s	1.7211	0.4690	0.3834
0
0021	1.6197	0.7250	1.7193	0.4640	0.0535s	1.7122	0.4780	0.3915
0
0022	1.5921	0.7333	1.7120	0.4760	0.0534s	1.7041	0.4860	0.4005
0
0023	1.5953	0.6917	1.7047	0.4820	0.0527s	1.6960	0.5040	0.4239
0
0024	1.5794	0.7500	1.6967	0.4920	0.0528s	1.6872	0.5160	0.4364
0
0025	1.5587	0.7583	1.6864	0.5020	0.0562s	1.6765	0.5210	0.4351
0
0026	1.5261	0.7667	1.6744	0.5040	0.0534s	1.6645	0.5270	0.4386
0
0027	1.5035	0.7750	1.6633	0.5140	0.0535s	1.6529	0.5400	0.4562
0
0028	1.4946	0.8167	1.6529	0.5160	0.0527s	1.6418	0.5470	0.4667
0
0029	1.4675	0.8000	1.6423	0.5180	0.0532s	1.6303	0.5520	0.4736
0
0030	1.4520	0.7750	1.6305	0.5260	0.0523s	1.6175	0.5590	0.4796
0
0031	1.4237	0.7417	1.6181	0.5340	0.0527s	1.6040	0.5670	0.4875
0
0032	1.4079	0.7333	1.6052	0.5380	0.0525s	1.5904	0.5680	0.4862
0
0033	1.3900	0.8083	1.5928	0.5440	0.0526s	1.5770	0.5700	0.4887
0
0034	1.3670	0.7833	1.5796	0.5440	0.0525s	1.5632	0.5770	0.4995
0
0035	1.3643	0.7833	1.5653	0.5580	0.0525s	1.5483	0.5890	0.5144
0
0036	1.3168	0.7917	1.5512	0.5640	0.0530s	1.5335	0.5920	0.5167
0
0037	1.3137	0.8000	1.5379	0.5720	0.0521s	1.5193	0.6030	0.5338
0
0038	1.2719	0.8167	1.5239	0.5760	0.0521s	1.5047	0.6080	0.5386
0
0039	1.2815	0.7917	1.5102	0.5820	0.0533s	1.4899	0.6040	0.5366
0
0040	1.2497	0.8250	1.4968	0.5740	0.0525s	1.4758	0.6050	0.5413
0
0041	1.1833	0.8250	1.4845	0.5720	0.0530s	1.4624	0.6050	0.5429
0
0042	1.2074	0.8250	1.4711	0.5800	0.0535s	1.4480	0.6090	0.5485
0
0043	1.1833	0.8833	1.4561	0.5840	0.0530s	1.4326	0.6140	0.5564
0
0044	1.1530	0.8417	1.4421	0.5880	0.0524s	1.4182	0.6190	0.5636
0
0045	1.1921	0.8833	1.4286	0.5920	0.0525s	1.4039	0.6230	0.5669
0
0046	1.1113	0.8917	1.4160	0.5960	0.0575s	1.3904	0.6290	0.5706
0
0047	1.1296	0.8833	1.4042	0.5940	0.0529s	1.3781	0.6280	0.5715
0
0048	1.1132	0.8500	1.3920	0.5960	0.0533s	1.3653	0.6320	0.5780
0
0049	1.0624	0.9167	1.3783	0.5980	0.0528s	1.3518	0.6320	0.5817
0
0050	1.0189	0.9083	1.3655	0.6080	0.0538s	1.3389	0.6410	0.5945
0
0051	1.0565	0.8833	1.3534	0.6120	0.0555s	1.3265	0.6480	0.6069
0
0052	1.0383	0.8750	1.3422	0.6140	0.0532s	1.3144	0.6500	0.6102
0
0053	0.9936	0.9083	1.3313	0.6220	0.0537s	1.3027	0.6540	0.6141
0
0054	1.0509	0.8833	1.3231	0.6100	0.0527s	1.2928	0.6500	0.6093
0
0055	1.0073	0.8667	1.3157	0.6060	0.0536s	1.2839	0.6480	0.6055
0
0056	0.9888	0.9000	1.3067	0.6100	0.0557s	1.2738	0.6510	0.6082
0
0057	1.0186	0.8583	1.2962	0.6060	0.0530s	1.2621	0.6520	0.6090
0
0058	0.9542	0.8917	1.2836	0.6140	0.0523s	1.2493	0.6540	0.6096
0
0059	0.9923	0.9167	1.2708	0.6160	0.0541s	1.2369	0.6550	0.6051
0
0060	0.9643	0.8667	1.2592	0.6220	0.0563s	1.2258	0.6630	0.6153
0
0061	0.9618	0.8750	1.2509	0.6320	0.0520s	1.2175	0.6700	0.6254
0
0062	0.9248	0.9333	1.2445	0.6360	0.0526s	1.2108	0.6770	0.6373
0
0063	0.9344	0.8833	1.2381	0.6380	0.0540s	1.2036	0.6790	0.6397
0
0064	0.9365	0.8667	1.2303	0.6440	0.0545s	1.1950	0.6800	0.6406
0
0065	0.9170	0.8917	1.2202	0.6460	0.0526s	1.1846	0.6900	0.6523
0
0066	0.9592	0.8833	1.2109	0.6500	0.0523s	1.1747	0.6880	0.6476
0
0067	0.9483	0.9000	1.2028	0.6420	0.0547s	1.1658	0.6870	0.6450
0
0068	0.9342	0.9083	1.1962	0.6420	0.0530s	1.1581	0.6790	0.6294
0
0069	0.9161	0.9083	1.1889	0.6420	0.0525s	1.1503	0.6800	0.6302
0
0070	0.8566	0.9417	1.1802	0.6500	0.0527s	1.1419	0.6890	0.6404
0
0071	0.8768	0.8667	1.1743	0.6520	0.0524s	1.1355	0.7010	0.6583
0
0072	0.8331	0.9250	1.1703	0.6580	0.0524s	1.1310	0.7050	0.6669
0
0073	0.8633	0.9333	1.1637	0.6620	0.0527s	1.1247	0.7020	0.6641
0
0074	0.8648	0.9333	1.1563	0.6620	0.0526s	1.1176	0.7090	0.6711
0
0075	0.8558	0.8833	1.1473	0.6640	0.0520s	1.1089	0.7150	0.6752
0
0076	0.8674	0.9500	1.1376	0.6700	0.0520s	1.0994	0.7150	0.6715
0
0077	0.8390	0.9167	1.1302	0.6760	0.0523s	1.0916	0.7130	0.6681
0
0078	0.8888	0.9417	1.1273	0.6760	0.0524s	1.0868	0.7090	0.6632
0
0079	0.8703	0.9000	1.1251	0.6780	0.0530s	1.0826	0.7080	0.6618
0
0080	0.8862	0.8917	1.1237	0.6740	0.0514s	1.0792	0.7070	0.6632
0
0081	0.8398	0.9333	1.1208	0.6780	0.0519s	1.0754	0.7110	0.6668
0
0082	0.8406	0.9083	1.1123	0.6820	0.0515s	1.0675	0.7190	0.6768
0
0083	0.8392	0.9333	1.1022	0.6820	0.0530s	1.0591	0.7210	0.6812
0
0084	0.8131	0.9083	1.0930	0.6820	0.0513s	1.0510	0.7240	0.6845
0
0085	0.8289	0.9000	1.0866	0.6880	0.0526s	1.0441	0.7290	0.6907
0
0086	0.8162	0.9250	1.0823	0.6960	0.0535s	1.0388	0.7280	0.6878
0
0087	0.8019	0.9000	1.0788	0.6940	0.0530s	1.0346	0.7260	0.6852
0
0088	0.8057	0.9333	1.0744	0.6900	0.0525s	1.0304	0.7240	0.6771
0
0089	0.7493	0.9417	1.0675	0.6920	0.0523s	1.0248	0.7260	0.6776
0
0090	0.7936	0.8833	1.0605	0.6980	0.0526s	1.0190	0.7260	0.6747
0
0091	0.7985	0.9667	1.0530	0.6960	0.0549s	1.0119	0.7320	0.6828
0
0092	0.7562	0.9333	1.0473	0.7000	0.0521s	1.0054	0.7310	0.6872
0
0093	0.7780	0.9083	1.0429	0.7060	0.0532s	1.0009	0.7330	0.6913
0
0094	0.8044	0.9500	1.0408	0.7120	0.0518s	0.9979	0.7360	0.6965
0
0095	0.7874	0.9000	1.0389	0.7020	0.0532s	0.9953	0.7370	0.6964
0
0096	0.7702	0.9583	1.0365	0.6960	0.0523s	0.9924	0.7340	0.6929
0
0097	0.7627	0.9333	1.0339	0.6940	0.0518s	0.9899	0.7300	0.6850
0
0098	0.7627	0.9583	1.0282	0.6960	0.0525s	0.9855	0.7330	0.6865
0
0099	0.7642	0.9250	1.0206	0.6980	0.0515s	0.9797	0.7320	0.6813
0
0100	0.7282	0.9500	1.0092	0.7020	0.0535s	0.9704	0.7390	0.6887
0
0101	0.7430	0.9167	1.0001	0.7080	0.0515s	0.9620	0.7400	0.6937
0
0102	0.7555	0.9333	0.9982	0.7080	0.0520s	0.9584	0.7440	0.7005
0
0103	0.7140	0.9417	1.0007	0.7040	0.0534s	0.9586	0.7430	0.7016
0
0104	0.6898	0.9583	1.0012	0.7040	0.0533s	0.9574	0.7440	0.7030
1
0105	0.7152	0.9167	1.0024	0.6980	0.0526s	0.9572	0.7420	0.6993
2
0106	0.7141	0.9417	1.0001	0.6960	0.0529s	0.9553	0.7370	0.6917
3
0107	0.6890	0.9583	0.9940	0.7000	0.0533s	0.9504	0.7370	0.6904
4
0108	0.6999	0.9250	0.9854	0.7060	0.0534s	0.9429	0.7390	0.6915
0
0109	0.6718	0.9333	0.9777	0.7120	0.0527s	0.9362	0.7440	0.6988
0
0110	0.6968	0.9250	0.9746	0.7100	0.0542s	0.9328	0.7460	0.7037
0
0111	0.7056	0.9333	0.9738	0.7040	0.0531s	0.9316	0.7460	0.7051
0
0112	0.6830	0.9417	0.9753	0.7020	0.0532s	0.9321	0.7470	0.7052
0
0113	0.6797	0.9333	0.9783	0.7000	0.0526s	0.9333	0.7450	0.7039
1
0114	0.6745	0.9000	0.9763	0.7020	0.0534s	0.9317	0.7390	0.6950
2
0115	0.6794	0.9500	0.9717	0.7080	0.0533s	0.9286	0.7380	0.6896
3
0116	0.6764	0.9167	0.9649	0.7080	0.0528s	0.9233	0.7410	0.6931
0
0117	0.6884	0.9000	0.9573	0.7100	0.0516s	0.9176	0.7430	0.6981
0
0118	0.6882	0.9583	0.9534	0.7100	0.0527s	0.9140	0.7410	0.6966
0
0119	0.6234	0.9500	0.9524	0.7100	0.0524s	0.9120	0.7410	0.6961
0
0120	0.6167	0.9583	0.9542	0.7120	0.0532s	0.9112	0.7410	0.6955
0
0121	0.6184	0.9250	0.9562	0.7100	0.0532s	0.9107	0.7390	0.6941
0
0122	0.6301	0.9667	0.9546	0.7120	0.0539s	0.9090	0.7370	0.6905
1
0123	0.6050	0.9500	0.9492	0.7160	0.0550s	0.9054	0.7390	0.6925
0
0124	0.6550	0.9083	0.9441	0.7160	0.0522s	0.9021	0.7400	0.6932
0
0125	0.6017	0.9750	0.9404	0.7140	0.0518s	0.8989	0.7410	0.6944
0
0126	0.6047	0.9250	0.9384	0.7140	0.0520s	0.8968	0.7410	0.6944
0
0127	0.6228	0.9583	0.9376	0.7160	0.0526s	0.8953	0.7450	0.6977
0
0128	0.6005	0.9500	0.9393	0.7120	0.0584s	0.8947	0.7420	0.6952
0
0129	0.6228	0.9667	0.9390	0.7140	0.0507s	0.8935	0.7400	0.6931
1
0130	0.6312	0.9250	0.9362	0.7140	0.0512s	0.8913	0.7410	0.6943
2
0131	0.5869	0.9500	0.9315	0.7140	0.0508s	0.8883	0.7430	0.6961
0
0132	0.5874	0.9750	0.9270	0.7140	0.0502s	0.8851	0.7440	0.6972
0
0133	0.5874	0.9583	0.9247	0.7140	0.0515s	0.8829	0.7420	0.6955
0
0134	0.5930	0.9167	0.9239	0.7160	0.0507s	0.8802	0.7450	0.6983
0
0135	0.6021	0.9417	0.9229	0.7160	0.0503s	0.8779	0.7460	0.6996
0
0136	0.6125	0.9583	0.9239	0.7140	0.0518s	0.8772	0.7440	0.6977
0
0137	0.5932	0.9583	0.9230	0.7160	0.0523s	0.8766	0.7420	0.6959
1
0138	0.5966	0.9417	0.9169	0.7220	0.0499s	0.8736	0.7420	0.6966
0
0139	0.5931	0.9083	0.9117	0.7180	0.0512s	0.8703	0.7430	0.6975
0
0140	0.5668	0.9667	0.9085	0.7140	0.0754s	0.8672	0.7440	0.6983
0
0141	0.5500	0.9583	0.9075	0.7140	0.0662s	0.8652	0.7470	0.7015
0
0142	0.5364	0.9583	0.9070	0.7120	0.0628s	0.8636	0.7500	0.7046
0
0143	0.5643	0.9500	0.9084	0.7160	0.0606s	0.8632	0.7460	0.6987
0
0144	0.5633	0.9167	0.9108	0.7160	0.0625s	0.8641	0.7460	0.6963
1
0145	0.5315	0.9417	0.9105	0.7200	0.0605s	0.8641	0.7460	0.6968
2
0146	0.5667	0.9500	0.9060	0.7220	0.0606s	0.8613	0.7460	0.6947
3
0147	0.5321	0.9667	0.9017	0.7160	0.0607s	0.8581	0.7480	0.7003
0
0148	0.5696	0.9250	0.9015	0.7140	0.0607s	0.8567	0.7500	0.7038
0
0149	0.5329	0.9583	0.9004	0.7080	0.0605s	0.8550	0.7510	0.7046
0
0150	0.5160	0.9833	0.8978	0.7120	0.0605s	0.8530	0.7480	0.7017
0
0151	0.5558	0.9583	0.8967	0.7220	0.0608s	0.8530	0.7490	0.6993
0
0152	0.5573	0.9750	0.8975	0.7220	0.0610s	0.8545	0.7460	0.6953
0
0153	0.5245	0.9333	0.8957	0.7220	0.0604s	0.8530	0.7440	0.6876
0
0154	0.5059	0.9250	0.8924	0.7220	0.0605s	0.8491	0.7440	0.6878
0
0155	0.5947	0.9167	0.8897	0.7160	0.0613s	0.8461	0.7480	0.6949
0
0156	0.4966	0.9583	0.8901	0.7140	0.0616s	0.8455	0.7520	0.7044
0
0157	0.5250	0.9667	0.8915	0.7120	0.0619s	0.8456	0.7500	0.7022
1
0158	0.5340	0.9667	0.8910	0.7140	0.0606s	0.8446	0.7500	0.7002
2
0159	0.5823	0.9333	0.8896	0.7140	0.0608s	0.8429	0.7480	0.6967
3
0160	0.5369	0.9583	0.8892	0.7180	0.0606s	0.8423	0.7450	0.6921
0
0161	0.5067	0.9750	0.8863	0.7220	0.0606s	0.8403	0.7420	0.6862
0
0162	0.5489	0.9500	0.8846	0.7240	0.0605s	0.8389	0.7430	0.6851
0
0163	0.5286	0.9583	0.8787	0.7220	0.0615s	0.8349	0.7460	0.6918
0
0164	0.5004	0.9667	0.8725	0.7260	0.0604s	0.8317	0.7500	0.6993
0
0165	0.4979	0.9167	0.8727	0.7200	0.0607s	0.8310	0.7520	0.7013
0
0166	0.5287	0.9417	0.8758	0.7160	0.0607s	0.8312	0.7490	0.6982
1
0167	0.5447	0.9417	0.8797	0.7180	0.0600s	0.8323	0.7470	0.6941
2
0168	0.5605	0.9333	0.8833	0.7160	0.0606s	0.8340	0.7440	0.6870
3
0169	0.5158	0.9250	0.8827	0.7200	0.0618s	0.8341	0.7440	0.6895
4
0170	0.4939	0.9917	0.8801	0.7200	0.0595s	0.8326	0.7420	0.6876
5
0171	0.4989	0.9250	0.8752	0.7220	0.0601s	0.8294	0.7430	0.6891
6
0172	0.4926	0.9583	0.8702	0.7220	0.0603s	0.8268	0.7450	0.6897
7
0173	0.4961	0.9667	0.8690	0.7220	0.0595s	0.8256	0.7460	0.6904
0
0174	0.4999	0.9333	0.8710	0.7200	0.0600s	0.8262	0.7470	0.6888
0
0175	0.5020	0.9417	0.8758	0.7200	0.0599s	0.8281	0.7460	0.6875
1
0176	0.5407	0.9167	0.8804	0.7180	0.0581s	0.8299	0.7490	0.6974
2
0177	0.4727	0.9667	0.8807	0.7220	0.0558s	0.8294	0.7480	0.6963
3
0178	0.4824	0.9167	0.8733	0.7240	0.0539s	0.8249	0.7470	0.6963
4
0179	0.5051	0.9250	0.8670	0.7180	0.0531s	0.8213	0.7470	0.6916
5
0180	0.5172	0.9250	0.8627	0.7220	0.0530s	0.8200	0.7460	0.6906
0
0181	0.4851	0.9667	0.8620	0.7200	0.0815s	0.8196	0.7470	0.6914
0
0182	0.4789	0.9750	0.8627	0.7200	0.0625s	0.8195	0.7510	0.6948
0
0183	0.4655	0.9667	0.8696	0.7200	0.0597s	0.8219	0.7540	0.7011
1
0184	0.5295	0.9333	0.8782	0.7140	0.0602s	0.8251	0.7510	0.7014
2
0185	0.4824	0.9417	0.8793	0.7160	0.0632s	0.8248	0.7500	0.7002
3
0186	0.4957	0.9417	0.8726	0.7180	0.0599s	0.8212	0.7510	0.6978
4
0187	0.5203	0.9333	0.8605	0.7240	0.0621s	0.8167	0.7460	0.6906
5
0188	0.4916	0.9667	0.8531	0.7300	0.0595s	0.8147	0.7470	0.6893
0
0189	0.4888	0.9583	0.8520	0.7260	0.0733s	0.8145	0.7490	0.6888
0
0190	0.4968	0.9500	0.8566	0.7240	0.0797s	0.8153	0.7510	0.6907
0
0191	0.4897	0.9417	0.8638	0.7220	0.0747s	0.8177	0.7470	0.6887
1
0192	0.5024	0.9417	0.8685	0.7180	0.0741s	0.8182	0.7510	0.6962
2
0193	0.5095	0.9583	0.8696	0.7140	0.0818s	0.8172	0.7500	0.6976
3
0194	0.4841	0.9333	0.8632	0.7180	0.0741s	0.8141	0.7510	0.6971
4
0195	0.4721	0.9500	0.8592	0.7180	0.0755s	0.8133	0.7490	0.6934
5
0196	0.5083	0.9000	0.8563	0.7160	0.0738s	0.8132	0.7460	0.6912
6
0197	0.5132	0.9083	0.8559	0.7260	0.0752s	0.8127	0.7450	0.6898
7
0198	0.4954	0.9500	0.8574	0.7220	0.0736s	0.8125	0.7460	0.6906
8
0199	0.4904	0.9417	0.8599	0.7220	0.0741s	0.8129	0.7520	0.6999
9
0200	0.4880	0.9417	0.8596	0.7200	0.0751s	0.8118	0.7520	0.6997
10
0201	0.4747	0.9500	0.8588	0.7180	0.0738s	0.8115	0.7530	0.6984
11
0202	0.4525	0.9750	0.8555	0.7220	0.0706s	0.8103	0.7480	0.6920
12
0203	0.4709	0.9333	0.8539	0.7200	0.0626s	0.8097	0.7490	0.6934
13
0204	0.4972	0.9833	0.8533	0.7220	0.0606s	0.8091	0.7520	0.6958
14
0205	0.4707	0.9667	0.8533	0.7180	0.0618s	0.8093	0.7590	0.7025
15
0206	0.5254	0.9417	0.8567	0.7200	0.0607s	0.8098	0.7560	0.7010
16
0207	0.4936	0.9667	0.8580	0.7180	0.0611s	0.8095	0.7560	0.7030
17
0208	0.4718	0.9417	0.8567	0.7180	0.0611s	0.8094	0.7530	0.6988
18
0209	0.4621	0.9333	0.8563	0.7160	0.0609s	0.8098	0.7500	0.6915
19
0210	0.4419	0.9750	0.8560	0.7220	0.0620s	0.8093	0.7510	0.6903
20
0211	0.4680	0.9667	0.8532	0.7240	0.0613s	0.8079	0.7530	0.6923
21
0212	0.4701	0.9250	0.8541	0.7220	0.0622s	0.8074	0.7560	0.6948
22
0213	0.4802	0.9333	0.8562	0.7180	0.0622s	0.8072	0.7530	0.6946
23
0214	0.4965	0.9417	0.8584	0.7180	0.0609s	0.8075	0.7540	0.6974
24
0215	0.4392	0.9250	0.8580	0.7180	0.0871s	0.8071	0.7540	0.6970
25
0216	0.4819	0.9417	0.8549	0.7240	0.0667s	0.8062	0.7520	0.6912
26
0217	0.4954	0.9500	0.8536	0.7220	0.0864s	0.8059	0.7550	0.6939
27
0218	0.4556	0.9083	0.8556	0.7180	0.0688s	0.8060	0.7560	0.6948
28
0219	0.4560	0.9333	0.8580	0.7180	0.0616s	0.8066	0.7500	0.6898
29
0220	0.4741	0.9500	0.8543	0.7180	0.0630s	0.8039	0.7530	0.6971
30
0221	0.4690	0.9250	0.8513	0.7200	0.0620s	0.8021	0.7520	0.6985
31
0222	0.4576	0.9583	0.8490	0.7240	0.0632s	0.8014	0.7560	0.7035
0
0223	0.4586	0.9333	0.8486	0.7220	0.0621s	0.8018	0.7560	0.7015
0
0224	0.5020	0.9417	0.8506	0.7240	0.0621s	0.8028	0.7540	0.6952
0
0225	0.4769	0.9333	0.8546	0.7160	0.0627s	0.8049	0.7540	0.6951
1
0226	0.4832	0.9250	0.8583	0.7140	0.0619s	0.8067	0.7500	0.6917
2
0227	0.4467	0.9667	0.8593	0.7140	0.0633s	0.8074	0.7460	0.6884
3
0228	0.4321	0.9500	0.8529	0.7180	0.0619s	0.8034	0.7530	0.6969
4
0229	0.4896	0.9333	0.8467	0.7200	0.0619s	0.8001	0.7600	0.7054
5
0230	0.4878	0.9167	0.8416	0.7200	0.0614s	0.7978	0.7610	0.7062
0
0231	0.4341	0.9750	0.8402	0.7220	0.0561s	0.7976	0.7610	0.7060
0
0232	0.5004	0.9833	0.8433	0.7260	0.0546s	0.7997	0.7570	0.6979
0
0233	0.4437	0.9917	0.8482	0.7240	0.0543s	0.8021	0.7490	0.6883
1
0234	0.4660	0.9333	0.8493	0.7220	0.0535s	0.8018	0.7500	0.6894
2
0235	0.4799	0.9417	0.8487	0.7220	0.0549s	0.8009	0.7510	0.6901
3
0236	0.4769	0.9417	0.8453	0.7220	0.0545s	0.7991	0.7550	0.6962
4
0237	0.4557	0.9333	0.8430	0.7200	0.0538s	0.7979	0.7590	0.7023
5
0238	0.4452	0.9500	0.8447	0.7180	0.0544s	0.7991	0.7550	0.6941
6
0239	0.4578	0.9417	0.8473	0.7260	0.0558s	0.8012	0.7490	0.6883
7
0240	0.4727	0.9583	0.8488	0.7220	0.0596s	0.8035	0.7470	0.6866
8
0241	0.4597	0.9667	0.8496	0.7140	0.0541s	0.8038	0.7460	0.6858
9
0242	0.4773	0.9333	0.8453	0.7200	0.0529s	0.7994	0.7480	0.6878
10
0243	0.4434	0.9417	0.8431	0.7240	0.0560s	0.7964	0.7550	0.6986
11
0244	0.4660	0.9667	0.8425	0.7220	0.0529s	0.7962	0.7610	0.7037
12
0245	0.4895	0.9500	0.8446	0.7260	0.0532s	0.7986	0.7610	0.7042
13
0246	0.4649	0.9167	0.8456	0.7220	0.0533s	0.7999	0.7580	0.6971
14
0247	0.4383	0.9583	0.8463	0.7260	0.0548s	0.8019	0.7520	0.6918
15
0248	0.4844	0.9250	0.8467	0.7240	0.0534s	0.8017	0.7460	0.6862
16
0249	0.4721	0.9583	0.8458	0.7240	0.0532s	0.7992	0.7470	0.6892
17
0250	0.4600	0.9583	0.8488	0.7220	0.0542s	0.7986	0.7520	0.6955
18
0251	0.4809	0.9333	0.8536	0.7180	0.0555s	0.8000	0.7580	0.7044
19
0252	0.4767	0.9417	0.8512	0.7220	0.0535s	0.7996	0.7560	0.7005
20
0253	0.4653	0.9417	0.8422	0.7240	0.0543s	0.7977	0.7590	0.7024
21
0254	0.4525	0.9333	0.8367	0.7260	0.0532s	0.7977	0.7570	0.6964
22
0255	0.4461	0.9500	0.8378	0.7280	0.0530s	0.7997	0.7520	0.6898
0
0256	0.4716	0.9417	0.8404	0.7280	0.0541s	0.7989	0.7500	0.6878
1
0257	0.4578	0.9500	0.8457	0.7200	0.0529s	0.7975	0.7530	0.6917
2
0258	0.4209	0.9167	0.8500	0.7240	0.0532s	0.7973	0.7540	0.6971
3
0259	0.4430	0.9417	0.8488	0.7240	0.0531s	0.7966	0.7570	0.6994
4
0260	0.4505	0.9583	0.8436	0.7220	0.0543s	0.7945	0.7590	0.7019
5
0261	0.4521	0.9500	0.8386	0.7260	0.0531s	0.7934	0.7580	0.6970
6
0262	0.4656	0.9583	0.8355	0.7200	0.0533s	0.7939	0.7580	0.6970
7
0263	0.4425	0.9583	0.8399	0.7280	0.0543s	0.7965	0.7520	0.6919
0
0264	0.4665	0.9000	0.8449	0.7240	0.0534s	0.7972	0.7500	0.6895
1
0265	0.4536	0.9583	0.8481	0.7220	0.0533s	0.7965	0.7550	0.6984
2
0266	0.4411	0.9417	0.8506	0.7220	0.0532s	0.7968	0.7570	0.7018
3
0267	0.4510	0.9167	0.8492	0.7280	0.0542s	0.7963	0.7590	0.7057
4
0268	0.4538	0.9500	0.8434	0.7260	0.0531s	0.7949	0.7600	0.7051
5
0269	0.4679	0.9667	0.8394	0.7220	0.0534s	0.7952	0.7570	0.6984
6
0270	0.4527	0.9500	0.8391	0.7240	0.0526s	0.7974	0.7520	0.6942
7
0271	0.4613	0.9417	0.8419	0.7220	0.0526s	0.8006	0.7460	0.6864
8
0272	0.4615	0.9417	0.8430	0.7200	0.0537s	0.7995	0.7500	0.6898
9
0273	0.4676	0.9167	0.8436	0.7180	0.0530s	0.7966	0.7550	0.6960
10
0274	0.4697	0.9333	0.8435	0.7260	0.0531s	0.7945	0.7590	0.7040
11
0275	0.4551	0.9500	0.8408	0.7300	0.0561s	0.7928	0.7620	0.7087
12
0276	0.4754	0.9583	0.8364	0.7320	0.0539s	0.7906	0.7650	0.7119
0
0277	0.5028	0.9167	0.8336	0.7300	0.0532s	0.7904	0.7610	0.7062
0
0278	0.4748	0.9500	0.8350	0.7240	0.0543s	0.7933	0.7550	0.6971
0
0279	0.4670	0.9333	0.8391	0.7240	0.0534s	0.7961	0.7520	0.6918
1
0280	0.4536	0.9667	0.8417	0.7240	0.0536s	0.7967	0.7550	0.6940
2
0281	0.4644	0.9000	0.8423	0.7280	0.0534s	0.7958	0.7560	0.6967
3
0282	0.4750	0.9333	0.8424	0.7260	0.0536s	0.7942	0.7580	0.7027
4
0283	0.4672	0.9417	0.8398	0.7260	0.0535s	0.7921	0.7590	0.7040
5
0284	0.4706	0.9500	0.8400	0.7240	0.0549s	0.7924	0.7570	0.7029
6
0285	0.4289	0.9333	0.8421	0.7200	0.0533s	0.7952	0.7520	0.6961
7
0286	0.4313	0.9667	0.8407	0.7200	0.0534s	0.7964	0.7510	0.6906
8
0287	0.4291	0.9583	0.8383	0.7260	0.0531s	0.7962	0.7560	0.6953
9
0288	0.4743	0.9167	0.8361	0.7280	0.0533s	0.7951	0.7600	0.6988
10
0289	0.4668	0.9417	0.8349	0.7260	0.0541s	0.7933	0.7630	0.7041
11
0290	0.4699	0.9583	0.8375	0.7300	0.0531s	0.7930	0.7610	0.7025
12
0291	0.4141	0.9583	0.8395	0.7300	0.0531s	0.7921	0.7610	0.7037
13
0292	0.4820	0.9167	0.8432	0.7240	0.0532s	0.7931	0.7550	0.6961
14
0293	0.4298	0.9583	0.8412	0.7220	0.0546s	0.7931	0.7510	0.6925
15
0294	0.4581	0.9750	0.8357	0.7240	0.0531s	0.7911	0.7540	0.6932
16
0295	0.4673	0.9000	0.8306	0.7320	0.0533s	0.7893	0.7610	0.7020
17
0296	0.4596	0.9667	0.8328	0.7340	0.0531s	0.7902	0.7640	0.7052
0
0297	0.4612	0.9250	0.8354	0.7320	0.0532s	0.7907	0.7600	0.7013
0
0298	0.4658	0.9333	0.8395	0.7280	0.0530s	0.7912	0.7590	0.7018
1
0299	0.4464	0.9500	0.8427	0.7240	0.0530s	0.7934	0.7520	0.6930
2
0300	0.4455	0.9333	0.8465	0.7160	0.0530s	0.7974	0.7470	0.6861
3
0301	0.4420	0.9667	0.8455	0.7160	0.0535s	0.7982	0.7460	0.6856
4
0302	0.4514	0.9417	0.8388	0.7220	0.0532s	0.7949	0.7530	0.6927
5
0303	0.4372	0.9417	0.8358	0.7240	0.0530s	0.7931	0.7580	0.6978
6
0304	0.4777	0.9500	0.8354	0.7280	0.0533s	0.7926	0.7580	0.7003
7
0305	0.4587	0.9167	0.8356	0.7300	0.0534s	0.7907	0.7580	0.7001
8
0306	0.4452	0.9917	0.8368	0.7280	0.0539s	0.7895	0.7550	0.6991
9
0307	0.4531	0.9583	0.8375	0.7240	0.0536s	0.7891	0.7560	0.7016
10
0308	0.4501	0.9667	0.8379	0.7240	0.0531s	0.7903	0.7540	0.6995
11
0309	0.4607	0.9417	0.8377	0.7280	0.0540s	0.7915	0.7550	0.6959
12
0310	0.4221	0.9833	0.8359	0.7240	0.0533s	0.7916	0.7570	0.6962
13
0311	0.4462	0.9333	0.8348	0.7280	0.0529s	0.7914	0.7610	0.7031
14
0312	0.4497	0.9583	0.8343	0.7260	0.0531s	0.7908	0.7560	0.6966
15
0313	0.4328	0.9583	0.8360	0.7260	0.0532s	0.7910	0.7550	0.6978
16
0314	0.4414	0.9583	0.8394	0.7240	0.0539s	0.7915	0.7530	0.6950
17
0315	0.4270	0.9750	0.8392	0.7260	0.0531s	0.7908	0.7540	0.6953
18
0316	0.4397	0.9417	0.8373	0.7280	0.0529s	0.7894	0.7540	0.6950
19
0317	0.4472	0.9667	0.8354	0.7260	0.0534s	0.7894	0.7600	0.7028
20
0318	0.4417	0.9833	0.8358	0.7240	0.0540s	0.7900	0.7610	0.7019
21
0319	0.4308	0.9667	0.8374	0.7260	0.0532s	0.7911	0.7590	0.6979
22
0320	0.4293	0.9667	0.8387	0.7220	0.0531s	0.7921	0.7580	0.6971
23
0321	0.4291	0.9583	0.8378	0.7220	0.0527s	0.7918	0.7600	0.6994
24
0322	0.4514	0.9833	0.8374	0.7200	0.0531s	0.7904	0.7570	0.6960
25
0323	0.4820	0.9500	0.8394	0.7220	0.0540s	0.7897	0.7580	0.7030
26
0324	0.4495	0.9250	0.8399	0.7240	0.0531s	0.7895	0.7580	0.7028
27
0325	0.4804	0.9750	0.8374	0.7260	0.0530s	0.7894	0.7580	0.7011
28
0326	0.4819	0.9250	0.8393	0.7200	0.0532s	0.7921	0.7560	0.6975
29
0327	0.4424	0.9250	0.8421	0.7180	0.0558s	0.7948	0.7560	0.6958
30
0328	0.4326	0.9500	0.8467	0.7180	0.0536s	0.7974	0.7540	0.6935
31
0329	0.4376	0.9250	0.8447	0.7220	0.0531s	0.7955	0.7530	0.6922
32
0330	0.4554	0.9417	0.8402	0.7300	0.0532s	0.7924	0.7530	0.6917
33
0331	0.4590	0.9417	0.8371	0.7280	0.0531s	0.7912	0.7580	0.7005
34
0332	0.4359	0.9750	0.8394	0.7320	0.0552s	0.7924	0.7520	0.6909
35
0333	0.4652	0.9250	0.8430	0.7220	0.0532s	0.7941	0.7520	0.6910
36
0334	0.4586	0.9167	0.8437	0.7180	0.0532s	0.7949	0.7490	0.6888
37
0335	0.4348	0.9333	0.8446	0.7200	0.0531s	0.7958	0.7490	0.6894
38
0336	0.4392	0.9417	0.8432	0.7200	0.0532s	0.7948	0.7550	0.6942
39
0337	0.4430	0.9417	0.8365	0.7280	0.0531s	0.7918	0.7560	0.6949
40
0338	0.4546	0.9500	0.8330	0.7280	0.0531s	0.7904	0.7580	0.6965
41
0339	0.4165	0.9667	0.8328	0.7280	0.0532s	0.7893	0.7590	0.6999
42
0340	0.4480	0.9583	0.8366	0.7320	0.0552s	0.7893	0.7570	0.6982
43
0341	0.4431	0.9417	0.8415	0.7200	0.0533s	0.7912	0.7580	0.6995
44
0342	0.4645	0.9750	0.8439	0.7200	0.0532s	0.7932	0.7530	0.6951
45
0343	0.4679	0.9417	0.8430	0.7220	0.0534s	0.7935	0.7520	0.6920
46
0344	0.4566	0.9500	0.8357	0.7240	0.0531s	0.7905	0.7550	0.6950
47
0345	0.4906	0.9500	0.8298	0.7240	0.0537s	0.7875	0.7610	0.7004
48
0346	0.4157	0.9833	0.8286	0.7300	0.0532s	0.7868	0.7630	0.7020
0
0347	0.4655	0.9583	0.8299	0.7320	0.0531s	0.7870	0.7640	0.7049
0
0348	0.4210	0.9417	0.8341	0.7280	0.0540s	0.7880	0.7610	0.7023
1
0349	0.4427	0.9667	0.8390	0.7200	0.0532s	0.7901	0.7550	0.6947
2
0350	0.4387	0.9417	0.8411	0.7220	0.0532s	0.7925	0.7550	0.6954
3
0351	0.4510	0.9667	0.8373	0.7240	0.0531s	0.7910	0.7590	0.6989
4
0352	0.4475	0.9083	0.8334	0.7240	0.0531s	0.7892	0.7600	0.6992
5
0353	0.4474	0.9500	0.8343	0.7260	0.0532s	0.7891	0.7610	0.6993
6
0354	0.4426	0.9667	0.8356	0.7320	0.0531s	0.7891	0.7600	0.6985
7
0355	0.4439	0.9833	0.8386	0.7260	0.0541s	0.7900	0.7570	0.6983
8
0356	0.4439	0.9333	0.8402	0.7200	0.0533s	0.7905	0.7570	0.6985
9
0357	0.4429	0.9500	0.8372	0.7260	0.0530s	0.7894	0.7580	0.6996
10
0358	0.4182	0.9750	0.8359	0.7240	0.0532s	0.7895	0.7570	0.7010
11
0359	0.4108	0.9500	0.8379	0.7220	0.0530s	0.7903	0.7580	0.6996
12
0360	0.4362	0.9500	0.8381	0.7240	0.0532s	0.7905	0.7560	0.6951
13
0361	0.4257	0.9667	0.8375	0.7260	0.0530s	0.7904	0.7570	0.6957
14
0362	0.4589	0.9833	0.8399	0.7260	0.0529s	0.7915	0.7550	0.6940
15
0363	0.4385	0.9667	0.8397	0.7260	0.0539s	0.7910	0.7550	0.6940
16
0364	0.4462	0.9667	0.8402	0.7220	0.0529s	0.7902	0.7580	0.6993
17
0365	0.4509	0.9750	0.8384	0.7220	0.0528s	0.7890	0.7620	0.7031
18
0366	0.4171	0.9583	0.8402	0.7200	0.0530s	0.7902	0.7590	0.7003
19
0367	0.4181	0.9583	0.8403	0.7220	0.0530s	0.7906	0.7560	0.6972
20
0368	0.4311	0.9583	0.8410	0.7220	0.0529s	0.7916	0.7550	0.6944
21
0369	0.4623	0.9417	0.8414	0.7240	0.0530s	0.7929	0.7540	0.6933
22
0370	0.4404	0.9333	0.8403	0.7260	0.0532s	0.7933	0.7540	0.6933
23
0371	0.4786	0.9417	0.8358	0.7300	0.0540s	0.7910	0.7570	0.6941
24
0372	0.4887	0.9250	0.8328	0.7300	0.0527s	0.7890	0.7610	0.7001
25
0373	0.4569	0.9583	0.8310	0.7300	0.0530s	0.7870	0.7630	0.7044
26
0374	0.4542	0.9333	0.8298	0.7300	0.0551s	0.7864	0.7610	0.7027
27
0375	0.4142	0.9667	0.8309	0.7300	0.0555s	0.7872	0.7600	0.7019
28
0376	0.4567	0.9500	0.8369	0.7300	0.0548s	0.7899	0.7550	0.6965
29
0377	0.4327	0.9667	0.8421	0.7260	0.0571s	0.7932	0.7520	0.6909
30
0378	0.4837	0.9250	0.8421	0.7280	0.0562s	0.7939	0.7510	0.6877
31
0379	0.4669	0.9333	0.8358	0.7280	0.0530s	0.7903	0.7570	0.6984
32
0380	0.4350	0.9583	0.8290	0.7300	0.0532s	0.7869	0.7570	0.6993
33
0381	0.4497	0.9250	0.8248	0.7280	0.0534s	0.7851	0.7570	0.6994
34
0382	0.4436	0.9167	0.8251	0.7280	0.0531s	0.7845	0.7560	0.6981
0
0383	0.4372	0.9583	0.8306	0.7260	0.0531s	0.7859	0.7530	0.6950
1
0384	0.4289	0.9417	0.8356	0.7300	0.0532s	0.7889	0.7560	0.6974
2
0385	0.4648	0.9417	0.8408	0.7240	0.0532s	0.7930	0.7550	0.6937
3
0386	0.4781	0.9333	0.8379	0.7320	0.0541s	0.7922	0.7550	0.6937
4
0387	0.4342	0.9667	0.8320	0.7320	0.0528s	0.7890	0.7570	0.6958
5
0388	0.4451	0.9333	0.8277	0.7300	0.0531s	0.7860	0.7580	0.6995
6
0389	0.4296	0.9250	0.8268	0.7280	0.0527s	0.7849	0.7570	0.7006
7
0390	0.4359	0.9750	0.8282	0.7280	0.0533s	0.7854	0.7560	0.7001
8
0391	0.4378	0.9500	0.8328	0.7280	0.0530s	0.7878	0.7550	0.6945
9
0392	0.4284	0.9250	0.8369	0.7280	0.0528s	0.7904	0.7570	0.6958
10
0393	0.4353	0.9417	0.8407	0.7300	0.0540s	0.7919	0.7540	0.6904
11
0394	0.4485	0.9583	0.8402	0.7280	0.0531s	0.7912	0.7550	0.6936
12
0395	0.4072	0.9500	0.8354	0.7280	0.0531s	0.7894	0.7560	0.6952
13
0396	0.4728	0.9417	0.8308	0.7280	0.0532s	0.7878	0.7570	0.6967
14
0397	0.4256	0.9667	0.8294	0.7300	0.0531s	0.7877	0.7590	0.6987
15
0398	0.4341	0.9500	0.8309	0.7280	0.0531s	0.7890	0.7550	0.6952
16
0399	0.4227	0.9500	0.8367	0.7220	0.0532s	0.7919	0.7540	0.6939
17
0400	0.4580	0.9167	0.8369	0.7200	0.0542s	0.7924	0.7530	0.6928
18
0401	0.4259	0.9333	0.8349	0.7220	0.0533s	0.7905	0.7550	0.6945
19
0402	0.4211	0.9583	0.8322	0.7260	0.0531s	0.7882	0.7570	0.6962
20
0403	0.4318	0.9750	0.8308	0.7240	0.0532s	0.7878	0.7560	0.6975
21
0404	0.4299	0.9583	0.8313	0.7260	0.0529s	0.7885	0.7550	0.6966
22
0405	0.4494	0.9583	0.8331	0.7300	0.0533s	0.7892	0.7560	0.6950
23
0406	0.4444	0.9250	0.8336	0.7260	0.0530s	0.7898	0.7580	0.6974
24
0407	0.4831	0.9417	0.8335	0.7220	0.0545s	0.7902	0.7580	0.6973
25
0408	0.4418	0.9333	0.8328	0.7240	0.0533s	0.7894	0.7570	0.6964
26
0409	0.4652	0.9333	0.8299	0.7240	0.0531s	0.7870	0.7610	0.7023
27
0410	0.4403	0.9333	0.8280	0.7280	0.0533s	0.7849	0.7600	0.7034
28
0411	0.4376	0.9500	0.8312	0.7280	0.0532s	0.7855	0.7590	0.7023
29
0412	0.4284	0.9500	0.8353	0.7280	0.0532s	0.7881	0.7570	0.7006
30
0413	0.4453	0.9500	0.8413	0.7240	0.0531s	0.7917	0.7560	0.6972
31
0414	0.4696	0.9083	0.8410	0.7260	0.0532s	0.7918	0.7570	0.6976
32
0415	0.4204	0.9500	0.8366	0.7240	0.0528s	0.7898	0.7570	0.6979
33
0416	0.4527	0.9583	0.8323	0.7220	0.0529s	0.7876	0.7590	0.7001
34
0417	0.4512	0.9417	0.8294	0.7260	0.0533s	0.7853	0.7610	0.7042
35
0418	0.4526	0.9333	0.8276	0.7300	0.0530s	0.7842	0.7620	0.7057
36
0419	0.4706	0.9250	0.8319	0.7280	0.0531s	0.7861	0.7590	0.7023
37
0420	0.4645	0.9250	0.8374	0.7300	0.0533s	0.7888	0.7570	0.6980
38
0421	0.4119	0.9667	0.8397	0.7260	0.0531s	0.7906	0.7570	0.6977
39
0422	0.4308	0.9333	0.8393	0.7180	0.0532s	0.7915	0.7580	0.6964
40
0423	0.4384	0.9500	0.8367	0.7240	0.0533s	0.7919	0.7560	0.6952
41
0424	0.4867	0.9333	0.8352	0.7260	0.0529s	0.7910	0.7570	0.6957
42
0425	0.4583	0.9583	0.8333	0.7240	0.0531s	0.7898	0.7560	0.6949
43
0426	0.4585	0.9167	0.8313	0.7280	0.0532s	0.7879	0.7540	0.6929
44
0427	0.4393	0.9500	0.8340	0.7300	0.0530s	0.7891	0.7570	0.6977
45
0428	0.4554	0.9583	0.8362	0.7280	0.0533s	0.7903	0.7570	0.6978
46
0429	0.4441	0.9417	0.8392	0.7260	0.0533s	0.7919	0.7590	0.6997
47
0430	0.4698	0.9750	0.8392	0.7240	0.0529s	0.7930	0.7560	0.6952
48
0431	0.4420	0.9500	0.8400	0.7220	0.0531s	0.7934	0.7550	0.6940
49
0432	0.4531	0.9250	0.8413	0.7200	0.0529s	0.7944	0.7530	0.6921
50
0433	0.4591	0.9417	0.8403	0.7220	0.0531s	0.7930	0.7570	0.6976
51
0434	0.4266	0.9417	0.8383	0.7240	0.0531s	0.7911	0.7560	0.6970
52
0435	0.4666	0.9500	0.8328	0.7320	0.0531s	0.7885	0.7570	0.6980
53
0436	0.4301	0.9500	0.8307	0.7320	0.0530s	0.7882	0.7560	0.6973
54
0437	0.4548	0.9500	0.8326	0.7280	0.0531s	0.7898	0.7540	0.6938
55
0438	0.4251	0.9667	0.8355	0.7260	0.0534s	0.7907	0.7550	0.6950
56
0439	0.4526	0.9750	0.8371	0.7280	0.0531s	0.7913	0.7600	0.7020
57
0440	0.4376	0.9167	0.8374	0.7220	0.0530s	0.7918	0.7610	0.7031
58
0441	0.4564	0.9417	0.8398	0.7260	0.0530s	0.7926	0.7630	0.7070
59
0442	0.4330	0.9417	0.8366	0.7240	0.0532s	0.7893	0.7610	0.7065
60
0443	0.4398	0.9500	0.8352	0.7280	0.0530s	0.7877	0.7570	0.7005
61
0444	0.4310	0.9667	0.8375	0.7280	0.0530s	0.7894	0.7560	0.6993
62
0445	0.4321	0.9500	0.8381	0.7260	0.0530s	0.7901	0.7560	0.6995
63
0446	0.4613	0.9500	0.8358	0.7300	0.0527s	0.7892	0.7620	0.7053
64
0447	0.4469	0.9333	0.8355	0.7260	0.0531s	0.7904	0.7620	0.7038
65
0448	0.4390	0.9333	0.8367	0.7240	0.0531s	0.7919	0.7640	0.7056
66
0449	0.4481	0.9417	0.8377	0.7240	0.0532s	0.7911	0.7580	0.6993
67
0450	0.4441	0.9417	0.8360	0.7260	0.0532s	0.7896	0.7570	0.6954
68
0451	0.4621	0.9417	0.8356	0.7240	0.0531s	0.7891	0.7580	0.6965
69
0452	0.4582	0.9750	0.8354	0.7280	0.0532s	0.7887	0.7580	0.6966
70
0453	0.4441	0.9333	0.8361	0.7300	0.0530s	0.7883	0.7570	0.6958
71
0454	0.4208	0.9500	0.8357	0.7260	0.0531s	0.7890	0.7600	0.7016
72
0455	0.4503	0.9333	0.8349	0.7280	0.0532s	0.7905	0.7610	0.7007
73
0456	0.4402	0.9583	0.8333	0.7280	0.0532s	0.7913	0.7590	0.6990
74
0457	0.4534	0.9333	0.8341	0.7240	0.0531s	0.7920	0.7600	0.6973
75
0458	0.4617	0.9167	0.8345	0.7260	0.0532s	0.7911	0.7600	0.6968
76
0459	0.4469	0.9667	0.8343	0.7220	0.0530s	0.7896	0.7560	0.6952
77
0460	0.4507	0.9417	0.8318	0.7220	0.0530s	0.7870	0.7600	0.7034
78
0461	0.4708	0.9417	0.8290	0.7260	0.0531s	0.7848	0.7590	0.7048
79
0462	0.4468	0.9750	0.8272	0.7300	0.0531s	0.7842	0.7630	0.7083
80
0463	0.4795	0.9333	0.8287	0.7280	0.0530s	0.7863	0.7620	0.7035
81
0464	0.4622	0.9583	0.8324	0.7280	0.0529s	0.7897	0.7600	0.7019
82
0465	0.4074	0.9417	0.8334	0.7220	0.0531s	0.7909	0.7590	0.6984
83
0466	0.4442	0.9417	0.8341	0.7260	0.0531s	0.7907	0.7580	0.6971
84
0467	0.4286	0.9500	0.8336	0.7220	0.0530s	0.7886	0.7550	0.6944
85
0468	0.4261	0.9750	0.8320	0.7240	0.0531s	0.7853	0.7590	0.7044
86
0469	0.4376	0.9417	0.8318	0.7280	0.0530s	0.7834	0.7600	0.7052
87
0470	0.4574	0.9500	0.8309	0.7300	0.0531s	0.7832	0.7620	0.7070
88
0471	0.4300	0.9750	0.8292	0.7280	0.0531s	0.7840	0.7630	0.7082
89
0472	0.4516	0.9500	0.8304	0.7300	0.0527s	0.7875	0.7610	0.7002
90
0473	0.4852	0.9500	0.8345	0.7240	0.0530s	0.7924	0.7620	0.7009
91
0474	0.4410	0.9333	0.8372	0.7240	0.0530s	0.7943	0.7570	0.6965
92
0475	0.4720	0.9250	0.8358	0.7260	0.0528s	0.7914	0.7590	0.6981
93
0476	0.4489	0.9333	0.8302	0.7300	0.0531s	0.7873	0.7590	0.6979
94
0477	0.4340	0.9500	0.8281	0.7280	0.0531s	0.7850	0.7590	0.7018
95
0478	0.4319	0.9417	0.8274	0.7300	0.0552s	0.7847	0.7600	0.7027
96
0479	0.4238	0.9417	0.8293	0.7280	0.0550s	0.7856	0.7590	0.7017
97
0480	0.4281	0.9417	0.8314	0.7280	0.0535s	0.7868	0.7580	0.6988
98
0481	0.4358	0.9833	0.8341	0.7260	0.0531s	0.7896	0.7570	0.6964
99
0482	0.4652	0.9167	0.8342	0.7260	0.0531s	0.7910	0.7550	0.6950
100
0483	0.4548	0.9333	0.8303	0.7260	0.0532s	0.7901	0.7570	0.6971
101
0484	0.4181	0.9417	0.8259	0.7280	0.0531s	0.7871	0.7620	0.7016
102
0485	0.4284	0.9750	0.8276	0.7300	0.0529s	0.7857	0.7620	0.7031
103
0486	0.4401	0.9667	0.8306	0.7300	0.0529s	0.7852	0.7590	0.7017
104
0487	0.4599	0.9667	0.8317	0.7280	0.0526s	0.7849	0.7580	0.6988
105
0488	0.4308	0.9417	0.8320	0.7300	0.0524s	0.7858	0.7540	0.6956
106
0489	0.4357	0.9333	0.8327	0.7260	0.0530s	0.7883	0.7540	0.6937
107
0490	0.4301	0.9667	0.8332	0.7280	0.0550s	0.7894	0.7540	0.6942
108
0491	0.4352	0.9583	0.8308	0.7300	0.0532s	0.7882	0.7590	0.6982
109
0492	0.4384	0.9583	0.8291	0.7300	0.0530s	0.7871	0.7620	0.7036
110
0493	0.4395	0.9667	0.8306	0.7260	0.0531s	0.7875	0.7630	0.7068
111
0494	0.4401	0.9333	0.8321	0.7240	0.0523s	0.7869	0.7620	0.7058
112
0495	0.4332	0.9583	0.8317	0.7260	0.0543s	0.7861	0.7580	0.7018
113
0496	0.4655	0.9250	0.8323	0.7220	0.0531s	0.7868	0.7550	0.6991
114
0497	0.4256	0.9500	0.8325	0.7260	0.0530s	0.7883	0.7530	0.6951
115
0498	0.4256	0.9417	0.8318	0.7240	0.0533s	0.7881	0.7560	0.6956
116
0499	0.4187	0.9417	0.8302	0.7260	0.0531s	0.7868	0.7630	0.7065
117
0500	0.4470	0.9583	0.8258	0.7260	0.0530s	0.7850	0.7640	0.7072
118
0501	0.4408	0.9417	0.8246	0.7240	0.0533s	0.7837	0.7630	0.7080
119
0502	0.4189	0.9750	0.8256	0.7220	0.0541s	0.7842	0.7600	0.7010
0
0503	0.4374	0.9583	0.8311	0.7260	0.0532s	0.7868	0.7580	0.6971
1
0504	0.4364	0.9500	0.8381	0.7220	0.0531s	0.7899	0.7560	0.6953
2
0505	0.4178	0.9250	0.8388	0.7220	0.0530s	0.7902	0.7530	0.6925
3
0506	0.4269	0.9250	0.8299	0.7280	0.0528s	0.7870	0.7600	0.6993
4
0507	0.4552	0.9167	0.8230	0.7220	0.0533s	0.7849	0.7630	0.7022
5
0508	0.4343	0.9833	0.8210	0.7240	0.0531s	0.7840	0.7630	0.7020
0
0509	0.4591	0.9417	0.8240	0.7240	0.0532s	0.7842	0.7600	0.6990
0
0510	0.4552	0.9750	0.8322	0.7300	0.0530s	0.7864	0.7560	0.6955
1
0511	0.4340	0.9417	0.8401	0.7240	0.0531s	0.7897	0.7540	0.6930
2
0512	0.4140	0.9667	0.8395	0.7220	0.0530s	0.7897	0.7520	0.6913
3
0513	0.4544	0.9417	0.8342	0.7240	0.0531s	0.7885	0.7560	0.6959
4
0514	0.4680	0.9083	0.8312	0.7280	0.0531s	0.7881	0.7560	0.6961
5
0515	0.4158	0.9583	0.8298	0.7300	0.0532s	0.7871	0.7560	0.6964
6
0516	0.4349	0.8917	0.8286	0.7300	0.0531s	0.7855	0.7580	0.6978
7
0517	0.4354	0.9750	0.8304	0.7260	0.0533s	0.7856	0.7550	0.6947
8
0518	0.4591	0.9250	0.8345	0.7260	0.0529s	0.7873	0.7550	0.6940
9
0519	0.4392	0.9250	0.8338	0.7260	0.0530s	0.7875	0.7560	0.6945
10
0520	0.4392	0.9167	0.8343	0.7260	0.0530s	0.7879	0.7550	0.6937
11
0521	0.4292	0.9667	0.8354	0.7280	0.0812s	0.7888	0.7560	0.6952
12
0522	0.4286	0.9583	0.8336	0.7260	0.0656s	0.7895	0.7590	0.6984
13
0523	0.4179	0.9750	0.8294	0.7260	0.0603s	0.7889	0.7580	0.6980
14
0524	0.4449	0.9417	0.8260	0.7240	0.0614s	0.7872	0.7620	0.7017
15
0525	0.4433	0.9583	0.8262	0.7220	0.0604s	0.7860	0.7610	0.7002
16
0526	0.4813	0.9333	0.8304	0.7260	0.0667s	0.7864	0.7590	0.7003
17
0527	0.4486	0.9667	0.8330	0.7260	0.0859s	0.7869	0.7580	0.7009
18
0528	0.4614	0.9417	0.8318	0.7280	0.0680s	0.7864	0.7570	0.6979
19
0529	0.4423	0.9250	0.8309	0.7260	0.0624s	0.7875	0.7560	0.6959
20
0530	0.4107	0.9417	0.8330	0.7180	0.0616s	0.7913	0.7500	0.6911
21
0531	0.4539	0.9333	0.8326	0.7240	0.0618s	0.7916	0.7530	0.6938
22
0532	0.4383	0.9583	0.8305	0.7260	0.0616s	0.7885	0.7590	0.6987
23
0533	0.4403	0.9083	0.8331	0.7280	0.0615s	0.7865	0.7580	0.6992
24
0534	0.4396	0.9750	0.8332	0.7260	0.0618s	0.7849	0.7570	0.7024
25
0535	0.4391	0.9417	0.8294	0.7220	0.0620s	0.7828	0.7580	0.7038
26
0536	0.4379	0.9500	0.8303	0.7240	0.0620s	0.7842	0.7540	0.6986
27
0537	0.4311	0.9500	0.8299	0.7260	0.0619s	0.7865	0.7510	0.6924
28
0538	0.4656	0.9417	0.8266	0.7300	0.0658s	0.7870	0.7580	0.6988
29
0539	0.4353	0.9500	0.8253	0.7320	0.0614s	0.7857	0.7620	0.7016
30
0540	0.4450	0.9333	0.8266	0.7280	0.0585s	0.7844	0.7630	0.7040
31
0541	0.4390	0.9667	0.8313	0.7280	0.0541s	0.7854	0.7590	0.7038
32
0542	0.4540	0.9500	0.8330	0.7220	0.0532s	0.7849	0.7600	0.7047
33
0543	0.4405	0.9500	0.8346	0.7260	0.0529s	0.7852	0.7580	0.7033
34
0544	0.4611	0.9583	0.8348	0.7200	0.0544s	0.7866	0.7500	0.6949
35
0545	0.4425	0.9417	0.8305	0.7220	0.0531s	0.7867	0.7530	0.6978
36
0546	0.4420	0.9833	0.8272	0.7240	0.0535s	0.7865	0.7540	0.6945
37
0547	0.4153	0.9750	0.8250	0.7260	0.0535s	0.7844	0.7580	0.6979
38
0548	0.4481	0.9000	0.8257	0.7300	0.0544s	0.7834	0.7620	0.7031
39
0549	0.4149	0.9667	0.8264	0.7280	0.0542s	0.7832	0.7600	0.7006
40
0550	0.4210	0.9750	0.8265	0.7280	0.0541s	0.7830	0.7600	0.7026
41
0551	0.4387	0.9750	0.8308	0.7240	0.0535s	0.7843	0.7580	0.7027
42
0552	0.4253	0.9667	0.8341	0.7240	0.0531s	0.7866	0.7570	0.7004
43
0553	0.4213	0.9583	0.8380	0.7240	0.0531s	0.7906	0.7520	0.6919
44
0554	0.4398	0.9333	0.8361	0.7240	0.0532s	0.7927	0.7510	0.6920
45
0555	0.4560	0.9583	0.8289	0.7260	0.0531s	0.7897	0.7550	0.6933
46
0556	0.4488	0.9500	0.8234	0.7280	0.0565s	0.7861	0.7610	0.6981
47
0557	0.4430	0.9667	0.8262	0.7280	0.0588s	0.7857	0.7630	0.7042
48
0558	0.4175	0.9667	0.8330	0.7300	0.0553s	0.7877	0.7590	0.6996
49
0559	0.4532	0.9500	0.8391	0.7260	0.0842s	0.7901	0.7570	0.6977
50
0560	0.4209	0.9583	0.8400	0.7220	0.0663s	0.7918	0.7530	0.6925
51
0561	0.4449	0.9250	0.8309	0.7260	0.0622s	0.7892	0.7570	0.6944
52
0562	0.4366	0.9333	0.8204	0.7280	0.0620s	0.7857	0.7620	0.6990
53
0563	0.4364	0.9667	0.8167	0.7340	0.0618s	0.7844	0.7620	0.6992
0
0564	0.4713	0.9167	0.8191	0.7340	0.0619s	0.7835	0.7620	0.6988
0
0565	0.4389	0.9583	0.8280	0.7300	0.0629s	0.7844	0.7630	0.7062
0
0566	0.4288	0.9583	0.8397	0.7240	0.0620s	0.7878	0.7580	0.7029
1
0567	0.4330	0.9667	0.8416	0.7200	0.0620s	0.7888	0.7570	0.7001
2
0568	0.4598	0.9333	0.8370	0.7240	0.0618s	0.7884	0.7540	0.6934
3
0569	0.4526	0.9750	0.8320	0.7300	0.0620s	0.7879	0.7580	0.6976
4
0570	0.4440	0.9417	0.8270	0.7300	0.0620s	0.7876	0.7640	0.7033
5
0571	0.4697	0.9500	0.8229	0.7300	0.0613s	0.7875	0.7640	0.7011
6
0572	0.4530	0.9667	0.8220	0.7300	0.0570s	0.7864	0.7650	0.7041
7
0573	0.4715	0.9333	0.8221	0.7260	0.0549s	0.7851	0.7650	0.7063
8
0574	0.4325	0.9750	0.8256	0.7260	0.0534s	0.7843	0.7610	0.7044
9
0575	0.4327	0.9750	0.8301	0.7240	0.0535s	0.7856	0.7600	0.7056
10
0576	0.4637	0.9333	0.8328	0.7260	0.0530s	0.7868	0.7560	0.7002
11
0577	0.4202	0.9583	0.8342	0.7280	0.0528s	0.7885	0.7570	0.6986
12
0578	0.4497	0.9333	0.8324	0.7280	0.0529s	0.7891	0.7590	0.6980
13
0579	0.4447	0.9417	0.8304	0.7280	0.0531s	0.7890	0.7620	0.7010
14
0580	0.4738	0.9333	0.8273	0.7300	0.0531s	0.7873	0.7620	0.7010
15
0581	0.4296	0.9750	0.8270	0.7280	0.0531s	0.7862	0.7580	0.6974
16
0582	0.4195	0.9333	0.8291	0.7280	0.0530s	0.7871	0.7580	0.7023
17
0583	0.4458	0.9500	0.8301	0.7280	0.0531s	0.7874	0.7550	0.6998
18
0584	0.4351	0.9583	0.8297	0.7260	0.0530s	0.7867	0.7580	0.7021
19
0585	0.4600	0.9333	0.8308	0.7280	0.0531s	0.7870	0.7580	0.7020
20
0586	0.4606	0.9333	0.8336	0.7280	0.0556s	0.7885	0.7560	0.6975
21
0587	0.4422	0.9417	0.8325	0.7300	0.0534s	0.7885	0.7570	0.6986
22
0588	0.4349	0.9667	0.8273	0.7280	0.0531s	0.7867	0.7590	0.7004
23
0589	0.4306	0.9583	0.8264	0.7300	0.0545s	0.7859	0.7600	0.7012
24
0590	0.4548	0.9083	0.8299	0.7300	0.0534s	0.7861	0.7590	0.7029
25
0591	0.4098	0.9750	0.8340	0.7240	0.0530s	0.7873	0.7550	0.6993
26
0592	0.4367	0.9750	0.8339	0.7220	0.0529s	0.7877	0.7500	0.6930
27
0593	0.4325	0.9667	0.8301	0.7280	0.0531s	0.7870	0.7540	0.6970
28
0594	0.4577	0.9667	0.8277	0.7280	0.0531s	0.7871	0.7560	0.6985
29
0595	0.4549	0.9417	0.8290	0.7300	0.0532s	0.7888	0.7580	0.6977
30
0596	0.4191	0.9500	0.8326	0.7300	0.0530s	0.7904	0.7590	0.6982
31
0597	0.4303	0.9750	0.8357	0.7300	0.0531s	0.7908	0.7600	0.6989
32
0598	0.4458	0.9667	0.8366	0.7280	0.0554s	0.7910	0.7600	0.6992
33
0599	0.4322	0.9333	0.8321	0.7280	0.0531s	0.7896	0.7590	0.7010
34
0600	0.4441	0.9583	0.8286	0.7260	0.0531s	0.7885	0.7560	0.6964
35
0601	0.4318	0.9833	0.8270	0.7300	0.0533s	0.7886	0.7520	0.6929
36
0602	0.4417	0.9500	0.8286	0.7280	0.0530s	0.7899	0.7550	0.6953
37
0603	0.4528	0.9500	0.8314	0.7240	0.0530s	0.7906	0.7570	0.6968
38
0604	0.4606	0.9667	0.8341	0.7220	0.0529s	0.7901	0.7580	0.6973
39
0605	0.4409	0.9333	0.8384	0.7280	0.0535s	0.7901	0.7570	0.6963
40
0606	0.4098	0.9500	0.8424	0.7220	0.0530s	0.7906	0.7550	0.6984
41
0607	0.4274	0.9583	0.8419	0.7240	0.0804s	0.7897	0.7550	0.6986
42
0608	0.4240	0.9583	0.8371	0.7300	0.0635s	0.7878	0.7540	0.6979
43
0609	0.4338	0.9667	0.8326	0.7260	0.0604s	0.7880	0.7570	0.6972
44
0610	0.4344	0.9833	0.8312	0.7260	0.0603s	0.7897	0.7560	0.6966
45
0611	0.4397	0.9417	0.8303	0.7280	0.0605s	0.7901	0.7600	0.7002
46
0612	0.4495	0.9417	0.8301	0.7300	0.0607s	0.7881	0.7640	0.7034
47
0613	0.4361	0.9500	0.8327	0.7280	0.0606s	0.7869	0.7620	0.7029
48
0614	0.4640	0.9333	0.8350	0.7260	0.0605s	0.7869	0.7590	0.7020
49
0615	0.4383	0.9417	0.8380	0.7260	0.0887s	0.7878	0.7580	0.7028
50
0616	0.4387	0.9000	0.8357	0.7300	0.0673s	0.7868	0.7580	0.7028
51
0617	0.4619	0.9417	0.8299	0.7300	0.0622s	0.7852	0.7550	0.6965
52
0618	0.4690	0.9500	0.8283	0.7260	0.0618s	0.7859	0.7560	0.6956
53
0619	0.4291	0.9500	0.8309	0.7240	0.0618s	0.7878	0.7540	0.6941
54
0620	0.4159	0.9583	0.8333	0.7240	0.0618s	0.7891	0.7540	0.6942
55
0621	0.4574	0.9083	0.8347	0.7220	0.0620s	0.7890	0.7580	0.6970
56
0622	0.4414	0.9417	0.8350	0.7240	0.0621s	0.7885	0.7570	0.6985
57
0623	0.4433	0.9583	0.8326	0.7240	0.0618s	0.7862	0.7600	0.7032
58
0624	0.4290	0.9583	0.8276	0.7280	0.0617s	0.7835	0.7610	0.7043
59
0625	0.4463	0.9333	0.8278	0.7300	0.0620s	0.7837	0.7570	0.7006
60
0626	0.4196	0.9833	0.8305	0.7260	0.0618s	0.7863	0.7500	0.6927
61
0627	0.4300	0.9667	0.8321	0.7260	0.0628s	0.7889	0.7510	0.6939
62
0628	0.4679	0.9500	0.8303	0.7240	0.0618s	0.7881	0.7560	0.6964
63
0629	0.4419	0.9333	0.8314	0.7260	0.0619s	0.7896	0.7600	0.6999
64
0630	0.4325	0.9333	0.8349	0.7260	0.0622s	0.7911	0.7600	0.7001
65
0631	0.4352	0.9583	0.8345	0.7280	0.0560s	0.7893	0.7590	0.7008
66
0632	0.4678	0.9417	0.8344	0.7260	0.0537s	0.7877	0.7590	0.7048
67
0633	0.4103	0.9500	0.8340	0.7280	0.0531s	0.7875	0.7540	0.6980
68
0634	0.4703	0.9167	0.8340	0.7240	0.0832s	0.7885	0.7510	0.6933
69
0635	0.4569	0.9333	0.8328	0.7240	0.0668s	0.7890	0.7530	0.6933
70
0636	0.4295	0.9417	0.8348	0.7200	0.0606s	0.7915	0.7560	0.6961
71
0637	0.4414	0.9500	0.8357	0.7240	0.0608s	0.7926	0.7540	0.6944
72
0638	0.4119	0.9250	0.8332	0.7280	0.0607s	0.7904	0.7580	0.6977
73
0639	0.4524	0.9667	0.8281	0.7280	0.0609s	0.7862	0.7610	0.7025
74
0640	0.4510	0.9250	0.8277	0.7320	0.0608s	0.7846	0.7570	0.7009
75
0641	0.4423	0.9333	0.8304	0.7240	0.0606s	0.7855	0.7510	0.6950
76
0642	0.4194	0.9583	0.8336	0.7220	0.0607s	0.7868	0.7480	0.6904
77
0643	0.4634	0.9583	0.8352	0.7260	0.0609s	0.7881	0.7500	0.6901
78
0644	0.4188	0.9167	0.8389	0.7200	0.0609s	0.7908	0.7510	0.6909
79
0645	0.4601	0.9667	0.8386	0.7200	0.0608s	0.7921	0.7510	0.6909
80
0646	0.4115	0.9167	0.8336	0.7260	0.0606s	0.7903	0.7570	0.6967
81
0647	0.4233	0.9750	0.8286	0.7260	0.0607s	0.7871	0.7600	0.7019
82
0648	0.4449	0.9583	0.8242	0.7240	0.0570s	0.7841	0.7630	0.7049
83
0649	0.4182	0.9667	0.8249	0.7280	0.0536s	0.7838	0.7610	0.7027
84
0650	0.4269	0.9417	0.8329	0.7260	0.0534s	0.7867	0.7540	0.6980
85
0651	0.4451	0.9167	0.8431	0.7240	0.0539s	0.7910	0.7540	0.6974
86
0652	0.4237	0.9500	0.8439	0.7220	0.0534s	0.7923	0.7540	0.6952
87
0653	0.4401	0.9750	0.8378	0.7260	0.0529s	0.7906	0.7570	0.6984
88
0654	0.4299	0.9500	0.8316	0.7260	0.0531s	0.7893	0.7640	0.7057
89
0655	0.4622	0.9500	0.8306	0.7280	0.0549s	0.7901	0.7600	0.6997
90
0656	0.4318	0.9667	0.8296	0.7280	0.0553s	0.7891	0.7590	0.6987
91
0657	0.4128	0.9750	0.8318	0.7240	0.0526s	0.7878	0.7560	0.6983
92
0658	0.4501	0.9500	0.8374	0.7220	0.0669s	0.7890	0.7520	0.6947
93
0659	0.4404	0.9667	0.8409	0.7200	0.0619s	0.7900	0.7510	0.6937
94
0660	0.4086	0.9583	0.8402	0.7240	0.0618s	0.7897	0.7570	0.6987
95
0661	0.4306	0.9333	0.8389	0.7260	0.0624s	0.7895	0.7590	0.7003
96
0662	0.4793	0.9167	0.8385	0.7240	0.0634s	0.7895	0.7590	0.7006
97
0663	0.4374	0.9667	0.8363	0.7260	0.0618s	0.7888	0.7560	0.6957
98
0664	0.4306	0.9167	0.8333	0.7260	0.0621s	0.7880	0.7560	0.6959
99
0665	0.4221	0.9333	0.8320	0.7240	0.0613s	0.7879	0.7550	0.6949
100
0666	0.4342	0.9750	0.8336	0.7260	0.0555s	0.7882	0.7590	0.6981
101
0667	0.4547	0.9667	0.8367	0.7240	0.0547s	0.7892	0.7560	0.6951
102
0668	0.4251	0.9500	0.8371	0.7240	0.0538s	0.7890	0.7580	0.6997
103
0669	0.4319	0.9500	0.8367	0.7260	0.0534s	0.7890	0.7590	0.7008
104
0670	0.4358	0.9250	0.8357	0.7260	0.0531s	0.7886	0.7580	0.6998
105
0671	0.4495	0.9667	0.8306	0.7280	0.0531s	0.7868	0.7610	0.7006
106
0672	0.4292	0.9500	0.8288	0.7280	0.0537s	0.7869	0.7600	0.7019
107
0673	0.4270	0.9750	0.8283	0.7280	0.0535s	0.7879	0.7590	0.6987
108
0674	0.4496	0.9333	0.8309	0.7260	0.0533s	0.7888	0.7600	0.6997
109
0675	0.4135	0.9500	0.8326	0.7260	0.0540s	0.7899	0.7590	0.6988
110
0676	0.4403	0.9583	0.8298	0.7280	0.0538s	0.7881	0.7610	0.7007
111
0677	0.4200	0.9333	0.8269	0.7320	0.0536s	0.7860	0.7640	0.7076
112
0678	0.4457	0.9500	0.8270	0.7320	0.0531s	0.7845	0.7640	0.7076
113
0679	0.4246	0.9667	0.8300	0.7320	0.0538s	0.7849	0.7600	0.7037
114
0680	0.4330	0.9667	0.8340	0.7260	0.0542s	0.7874	0.7600	0.7039
115
0681	0.4077	0.9750	0.8373	0.7180	0.0530s	0.7905	0.7590	0.6984
116
0682	0.4270	0.9500	0.8374	0.7220	0.0529s	0.7910	0.7590	0.6982
117
0683	0.4198	0.9667	0.8351	0.7280	0.0530s	0.7900	0.7590	0.6979
118
0684	0.4324	0.9250	0.8325	0.7240	0.0530s	0.7887	0.7620	0.7030
119
0685	0.4422	0.9500	0.8316	0.7280	0.0529s	0.7889	0.7600	0.7013
120
0686	0.4278	0.9417	0.8318	0.7280	0.0532s	0.7886	0.7620	0.7033
121
0687	0.4107	0.9500	0.8319	0.7280	0.0533s	0.7882	0.7610	0.7001
122
0688	0.4671	0.9417	0.8364	0.7220	0.0530s	0.7887	0.7570	0.6983
123
0689	0.4458	0.9583	0.8439	0.7160	0.0532s	0.7911	0.7530	0.6965
124
0690	0.4208	0.9667	0.8466	0.7180	0.0528s	0.7924	0.7520	0.6955
125
0691	0.4585	0.9250	0.8424	0.7200	0.0532s	0.7912	0.7540	0.6976
126
0692	0.4581	0.8917	0.8331	0.7240	0.0532s	0.7876	0.7620	0.7059
127
0693	0.4379	0.9500	0.8259	0.7260	0.0531s	0.7862	0.7650	0.7087
128
0694	0.4213	0.9667	0.8265	0.7300	0.0530s	0.7880	0.7580	0.6954
129
0695	0.4168	0.9083	0.8312	0.7280	0.0534s	0.7880	0.7520	0.6920
130
0696	0.4204	0.9417	0.8391	0.7240	0.0528s	0.7898	0.7510	0.6933
131
0697	0.4548	0.9667	0.8445	0.7180	0.0548s	0.7923	0.7480	0.6903
132
0698	0.4664	0.9083	0.8432	0.7200	0.0534s	0.7922	0.7470	0.6892
133
0699	0.4310	0.9417	0.8395	0.7220	0.0531s	0.7895	0.7520	0.6934
134
0700	0.4256	0.9583	0.8345	0.7260	0.0531s	0.7869	0.7590	0.7045
135
0701	0.4792	0.9250	0.8312	0.7260	0.0532s	0.7858	0.7620	0.7034
136
0702	0.4147	0.9333	0.8323	0.7260	0.0537s	0.7863	0.7590	0.7005
137
0703	0.4542	0.9500	0.8362	0.7280	0.0544s	0.7881	0.7550	0.6966
138
0704	0.4290	0.9583	0.8367	0.7260	0.0544s	0.7891	0.7540	0.6933
139
0705	0.3952	0.9750	0.8380	0.7280	0.0534s	0.7904	0.7530	0.6925
140
0706	0.4503	0.9250	0.8394	0.7220	0.0537s	0.7910	0.7530	0.6920
141
0707	0.4391	0.9417	0.8402	0.7240	0.0540s	0.7917	0.7540	0.6929
142
0708	0.4715	0.9500	0.8385	0.7240	0.0541s	0.7906	0.7570	0.6960
143
0709	0.4253	0.9417	0.8379	0.7260	0.0546s	0.7895	0.7610	0.7024
144
0710	0.4425	0.9500	0.8362	0.7260	0.0548s	0.7886	0.7580	0.6975
145
0711	0.4479	0.9667	0.8367	0.7240	0.0543s	0.7887	0.7540	0.6941
146
0712	0.4656	0.9583	0.8367	0.7240	0.0545s	0.7893	0.7510	0.6910
147
0713	0.4186	0.9583	0.8383	0.7260	0.0546s	0.7903	0.7560	0.6951
148
0714	0.4176	0.9583	0.8413	0.7240	0.0550s	0.7923	0.7560	0.6944
149
0715	0.4241	0.9583	0.8447	0.7220	0.0553s	0.7949	0.7550	0.6935
150
0716	0.4190	0.9667	0.8417	0.7220	0.0540s	0.7931	0.7550	0.6936
151
0717	0.4133	0.9750	0.8351	0.7240	0.0554s	0.7894	0.7590	0.7007
152
0718	0.4115	0.9500	0.8285	0.7260	0.0540s	0.7862	0.7600	0.7021
153
0719	0.4562	1.0000	0.8278	0.7300	0.0535s	0.7853	0.7580	0.7006
154
0720	0.4254	0.9500	0.8324	0.7260	0.0533s	0.7867	0.7520	0.6946
155
0721	0.4601	0.9250	0.8386	0.7200	0.0531s	0.7888	0.7530	0.6946
156
0722	0.4337	0.9750	0.8440	0.7200	0.0531s	0.7924	0.7570	0.6981
157
0723	0.4308	0.9333	0.8459	0.7240	0.0530s	0.7942	0.7580	0.6966
158
0724	0.4357	0.9250	0.8406	0.7260	0.0533s	0.7915	0.7560	0.6947
159
0725	0.4217	0.9500	0.8321	0.7240	0.0531s	0.7874	0.7550	0.6942
160
0726	0.4414	0.9583	0.8260	0.7280	0.0529s	0.7848	0.7580	0.7000
161
0727	0.4370	0.9333	0.8228	0.7320	0.0530s	0.7838	0.7590	0.6989
162
0728	0.4352	0.9333	0.8253	0.7320	0.0540s	0.7848	0.7550	0.6951
163
0729	0.4745	0.9417	0.8324	0.7280	0.0545s	0.7876	0.7550	0.6945
164
0730	0.4220	0.9500	0.8420	0.7220	0.0569s	0.7924	0.7560	0.6943
165
0731	0.4402	0.9500	0.8471	0.7240	0.0544s	0.7957	0.7540	0.6900
166
0732	0.4550	0.9583	0.8465	0.7240	0.0545s	0.7955	0.7550	0.6911
167
0733	0.4557	0.9500	0.8395	0.7300	0.0543s	0.7915	0.7570	0.6956
168
0734	0.4062	0.9917	0.8347	0.7300	0.0538s	0.7889	0.7600	0.7012
169
0735	0.4288	0.9417	0.8293	0.7300	0.0532s	0.7865	0.7650	0.7063
170
0736	0.4506	0.9500	0.8264	0.7300	0.0532s	0.7858	0.7640	0.7055
171
0737	0.4225	0.9583	0.8280	0.7300	0.0531s	0.7868	0.7610	0.7030
172
0738	0.4513	0.9333	0.8320	0.7300	0.0530s	0.7883	0.7590	0.7013
173
0739	0.4688	0.9417	0.8375	0.7280	0.0548s	0.7908	0.7570	0.6963
174
0740	0.4507	0.9500	0.8402	0.7240	0.0529s	0.7923	0.7530	0.6902
175
0741	0.4770	0.9583	0.8376	0.7280	0.0531s	0.7903	0.7540	0.6913
176
0742	0.4125	0.9583	0.8326	0.7300	0.0530s	0.7867	0.7560	0.6973
177
0743	0.4393	0.9333	0.8291	0.7300	0.0530s	0.7842	0.7590	0.7002
178
0744	0.4736	0.9500	0.8252	0.7300	0.0539s	0.7823	0.7600	0.7012
179
0745	0.4407	0.9250	0.8271	0.7280	0.0530s	0.7834	0.7630	0.7065
180
0746	0.4559	0.9750	0.8312	0.7240	0.0530s	0.7851	0.7600	0.7015
181
0747	0.4397	0.9417	0.8341	0.7240	0.0529s	0.7865	0.7580	0.6995
182
0748	0.4437	0.9417	0.8365	0.7260	0.0532s	0.7873	0.7580	0.6993
183
0749	0.4402	0.9917	0.8353	0.7280	0.0532s	0.7862	0.7550	0.6961
184
0750	0.4333	0.9667	0.8323	0.7280	0.0532s	0.7842	0.7550	0.6962
185
0751	0.4321	0.9083	0.8294	0.7280	0.0529s	0.7824	0.7560	0.6972
186
0752	0.4436	0.9167	0.8261	0.7260	0.0531s	0.7810	0.7600	0.7036
187
0753	0.4212	0.9667	0.8267	0.7260	0.0530s	0.7816	0.7590	0.7030
188
0754	0.4381	0.9667	0.8282	0.7240	0.0529s	0.7840	0.7600	0.7019
189
0755	0.4223	0.9500	0.8342	0.7220	0.0531s	0.7880	0.7540	0.6963
190
0756	0.4457	0.9750	0.8379	0.7240	0.0530s	0.7908	0.7520	0.6896
191
0757	0.4251	0.9500	0.8383	0.7260	0.0532s	0.7913	0.7530	0.6923
192
0758	0.4271	0.9667	0.8385	0.7260	0.0532s	0.7915	0.7550	0.6941
193
0759	0.4681	0.9500	0.8359	0.7260	0.0530s	0.7890	0.7530	0.6921
194
0760	0.4426	0.9583	0.8309	0.7260	0.0532s	0.7855	0.7610	0.7060
195
0761	0.4319	0.9667	0.8285	0.7260	0.0531s	0.7838	0.7620	0.7073
196
0762	0.4088	0.9583	0.8268	0.7300	0.0531s	0.7840	0.7580	0.6997
197
0763	0.4349	0.9417	0.8296	0.7280	0.0531s	0.7868	0.7550	0.6972
198
0764	0.4481	0.9583	0.8353	0.7220	0.0529s	0.7910	0.7560	0.6960
199
Early stop! Min loss:0.816657543182373,  Max accuracy:0.734
Early stop model validation loss:0.816657543182373,  accuracy:0.734
Optimization Finished!
Total time elapsed: 43.3577s
test max acc:0.7650
Loading 562th epoch
stru_node_to_hop attention:tensor([[0.2694, 0.3653, 0.3653],
        [0.2170, 0.4627, 0.3203],
        [0.3192, 0.3404, 0.3404],
        [0.2527, 0.3454, 0.4020],
        [0.3135, 0.3432, 0.3432],
        [0.3473, 0.3309, 0.3217],
        [0.3816, 0.3092, 0.3092],
        [0.2905, 0.2781, 0.4314],
        [0.5671, 0.2263, 0.2066],
        [0.4293, 0.3006, 0.2701],
        [0.3643, 0.3085, 0.3271],
        [0.2708, 0.3646, 0.3646],
        [0.2552, 0.3611, 0.3837],
        [0.2667, 0.3646, 0.3687],
        [0.2355, 0.3810, 0.3835],
        [0.2862, 0.3569, 0.3569],
        [0.2762, 0.3642, 0.3596],
        [0.2766, 0.3907, 0.3327],
        [0.2119, 0.2406, 0.5475],
        [0.2673, 0.4123, 0.3204],
        [0.2873, 0.3624, 0.3503],
        [0.2760, 0.3552, 0.3688],
        [0.2490, 0.3623, 0.3887],
        [0.2880, 0.3434, 0.3686],
        [0.3120, 0.3304, 0.3577],
        [0.4917, 0.2666, 0.2417],
        [0.5193, 0.2571, 0.2237],
        [0.2364, 0.2956, 0.4679],
        [0.2486, 0.4388, 0.3126],
        [0.3799, 0.2676, 0.3525],
        [0.3486, 0.2954, 0.3560],
        [0.3855, 0.2919, 0.3226],
        [0.3510, 0.2913, 0.3577],
        [0.2342, 0.3512, 0.4146],
        [0.2719, 0.3288, 0.3993],
        [0.2547, 0.3727, 0.3727],
        [0.2753, 0.3624, 0.3624],
        [0.2607, 0.3697, 0.3697],
        [0.2882, 0.3393, 0.3724],
        [0.3172, 0.3753, 0.3076],
        [0.2684, 0.3600, 0.3716],
        [0.3156, 0.3121, 0.3723],
        [0.4402, 0.2820, 0.2778],
        [0.4361, 0.3481, 0.2158],
        [0.2518, 0.3461, 0.4021],
        [0.3181, 0.3410, 0.3410],
        [0.2623, 0.3317, 0.4060],
        [0.3193, 0.3183, 0.3623],
        [0.3822, 0.2830, 0.3348],
        [0.2477, 0.4013, 0.3511],
        [0.3161, 0.3707, 0.3131],
        [0.2511, 0.3448, 0.4041],
        [0.5306, 0.2465, 0.2228],
        [0.5294, 0.2301, 0.2405],
        [0.4672, 0.2508, 0.2820],
        [0.5035, 0.2674, 0.2291],
        [0.2727, 0.3715, 0.3558],
        [0.2621, 0.3355, 0.4024],
        [0.2616, 0.3773, 0.3611],
        [0.2668, 0.2773, 0.4559],
        [0.5629, 0.2113, 0.2258],
        [0.4969, 0.2407, 0.2624],
        [0.3026, 0.3075, 0.3899],
        [0.3212, 0.3394, 0.3394],
        [0.2898, 0.3255, 0.3847],
        [0.3073, 0.3785, 0.3142],
        [0.2730, 0.3430, 0.3840],
        [0.2906, 0.3395, 0.3699],
        [0.3004, 0.3387, 0.3609],
        [0.3087, 0.3990, 0.2922],
        [0.2727, 0.3692, 0.3580],
        [0.2653, 0.3656, 0.3691],
        [0.3228, 0.3146, 0.3625],
        [0.2808, 0.3553, 0.3639],
        [0.2959, 0.3255, 0.3787],
        [0.2182, 0.4122, 0.3697],
        [0.2304, 0.3972, 0.3725],
        [0.2701, 0.3263, 0.4036],
        [0.2287, 0.4413, 0.3299],
        [0.2649, 0.4619, 0.2732],
        [0.2650, 0.3579, 0.3771],
        [0.2387, 0.4038, 0.3574],
        [0.3043, 0.3360, 0.3596],
        [0.2466, 0.3999, 0.3535],
        [0.2945, 0.2982, 0.4073],
        [0.2916, 0.3793, 0.3291],
        [0.2598, 0.3876, 0.3527],
        [0.2689, 0.3345, 0.3966],
        [0.2930, 0.3313, 0.3757],
        [0.2787, 0.3606, 0.3606],
        [0.5442, 0.2321, 0.2237],
        [0.4476, 0.2740, 0.2784],
        [0.2874, 0.2900, 0.4226],
        [0.2970, 0.3298, 0.3732],
        [0.2807, 0.3596, 0.3596],
        [0.6054, 0.1983, 0.1963],
        [0.5890, 0.2017, 0.2092],
        [0.2824, 0.3576, 0.3600],
        [0.2629, 0.3927, 0.3443],
        [0.6855, 0.1509, 0.1636]], device='cuda:1')
fea_node_to_hop attention:tensor([[0.2821, 0.3441, 0.1826, 0.1911],
        [0.3237, 0.2707, 0.1964, 0.2092],
        [0.2116, 0.4069, 0.2015, 0.1800],
        [0.2292, 0.3031, 0.2534, 0.2143],
        [0.3558, 0.2929, 0.1739, 0.1774],
        [0.3841, 0.2626, 0.1728, 0.1806],
        [0.3267, 0.2812, 0.1941, 0.1979],
        [0.7060, 0.1022, 0.1010, 0.0908],
        [0.4734, 0.2048, 0.1579, 0.1639],
        [0.4251, 0.2299, 0.1751, 0.1699],
        [0.3199, 0.3112, 0.1912, 0.1776],
        [0.3756, 0.2539, 0.1816, 0.1890],
        [0.5636, 0.1464, 0.1452, 0.1448],
        [0.2065, 0.3349, 0.2439, 0.2147],
        [0.2730, 0.3479, 0.2024, 0.1767],
        [0.3099, 0.3130, 0.1967, 0.1804],
        [0.2342, 0.2821, 0.2503, 0.2334],
        [0.2254, 0.3365, 0.2349, 0.2032],
        [0.2768, 0.2999, 0.2223, 0.2010],
        [0.6067, 0.1499, 0.1266, 0.1168],
        [0.3048, 0.2739, 0.2259, 0.1954],
        [0.2536, 0.3458, 0.2115, 0.1891],
        [0.2159, 0.3059, 0.2513, 0.2269],
        [0.2638, 0.3103, 0.2248, 0.2010],
        [0.1996, 0.3889, 0.2215, 0.1900],
        [0.5180, 0.1719, 0.1584, 0.1517],
        [0.5163, 0.1801, 0.1522, 0.1513],
        [0.1927, 0.3427, 0.2529, 0.2116],
        [0.2044, 0.3340, 0.2428, 0.2187],
        [0.2451, 0.3531, 0.2141, 0.1877],
        [0.3371, 0.3133, 0.1813, 0.1683],
        [0.2473, 0.3756, 0.2023, 0.1748],
        [0.2919, 0.3218, 0.2056, 0.1808],
        [0.2787, 0.3315, 0.2054, 0.1845],
        [0.3897, 0.2706, 0.1785, 0.1612],
        [0.2980, 0.2755, 0.2263, 0.2002],
        [0.2592, 0.3469, 0.2083, 0.1856],
        [0.3656, 0.2533, 0.1997, 0.1814],
        [0.1979, 0.3590, 0.2304, 0.2127],
        [0.2454, 0.3157, 0.2288, 0.2102],
        [0.2659, 0.3058, 0.2281, 0.2003],
        [0.2698, 0.3282, 0.2115, 0.1905],
        [0.5060, 0.1927, 0.1543, 0.1469],
        [0.3043, 0.3327, 0.1939, 0.1691],
        [0.2105, 0.3699, 0.2277, 0.1919],
        [0.1848, 0.4277, 0.2072, 0.1803],
        [0.3546, 0.2906, 0.1859, 0.1690],
        [0.2409, 0.3667, 0.2079, 0.1844],
        [0.2511, 0.3687, 0.2065, 0.1737],
        [0.2120, 0.2948, 0.2597, 0.2335],
        [0.3271, 0.2526, 0.2185, 0.2018],
        [0.2722, 0.2885, 0.2345, 0.2048],
        [0.5028, 0.1910, 0.1568, 0.1493],
        [0.4397, 0.2644, 0.1526, 0.1434],
        [0.4307, 0.2229, 0.1785, 0.1679],
        [0.3859, 0.2617, 0.1804, 0.1720],
        [0.1935, 0.2978, 0.2692, 0.2395],
        [0.2124, 0.3662, 0.2245, 0.1969],
        [0.2053, 0.3091, 0.2566, 0.2290],
        [0.3770, 0.2350, 0.2003, 0.1877],
        [0.6368, 0.1266, 0.1184, 0.1183],
        [0.3563, 0.2899, 0.1859, 0.1679],
        [0.2211, 0.3748, 0.2192, 0.1848],
        [0.3464, 0.2798, 0.1992, 0.1746],
        [0.2102, 0.3476, 0.2356, 0.2066],
        [0.3191, 0.3227, 0.1863, 0.1719],
        [0.1949, 0.3054, 0.2617, 0.2380],
        [0.2459, 0.3360, 0.2234, 0.1947],
        [0.2052, 0.3441, 0.2437, 0.2070],
        [0.3298, 0.3426, 0.1760, 0.1516],
        [0.2014, 0.3162, 0.2557, 0.2267],
        [0.2618, 0.3048, 0.2289, 0.2045],
        [0.2803, 0.3209, 0.2129, 0.1859],
        [0.2268, 0.3690, 0.2169, 0.1872],
        [0.5567, 0.1711, 0.1424, 0.1299],
        [0.3283, 0.2942, 0.1984, 0.1791],
        [0.3544, 0.3086, 0.1861, 0.1509],
        [0.2239, 0.3074, 0.2472, 0.2214],
        [0.2448, 0.3037, 0.2439, 0.2076],
        [0.4279, 0.2487, 0.1701, 0.1533],
        [0.2470, 0.3273, 0.2242, 0.2016],
        [0.2680, 0.2820, 0.2368, 0.2132],
        [0.2660, 0.3397, 0.2127, 0.1816],
        [0.2125, 0.2859, 0.2613, 0.2402],
        [0.2534, 0.2566, 0.2550, 0.2350],
        [0.6743, 0.1297, 0.1019, 0.0940],
        [0.1999, 0.3358, 0.2479, 0.2165],
        [0.2506, 0.3091, 0.2347, 0.2057],
        [0.3087, 0.2842, 0.2157, 0.1913],
        [0.3121, 0.2718, 0.2168, 0.1992],
        [0.3804, 0.2801, 0.1750, 0.1645],
        [0.2916, 0.3267, 0.2053, 0.1763],
        [0.1821, 0.3427, 0.2554, 0.2199],
        [0.2139, 0.2720, 0.2646, 0.2496],
        [0.2297, 0.3107, 0.2404, 0.2191],
        [0.3987, 0.2516, 0.1834, 0.1663],
        [0.3544, 0.2242, 0.2200, 0.2014],
        [0.2580, 0.3408, 0.2125, 0.1886],
        [0.2044, 0.3020, 0.2526, 0.2409],
        [0.6056, 0.1345, 0.1294, 0.1305]], device='cuda:1')
perception attention:tensor([0.4346, 0.5654], device='cuda:1')
Test set results: loss= 0.7844 accuracy= 0.7620 F1_score= 0.6992
