# epoch	loss_train	acc_train	loss_val	acc_val	time	acc_test	f1_test
0001	1.8013	0.1667	1.8136	0.0580	0.0529s	1.8123	0.0770	0.0238
0
0002	1.7991	0.1500	1.8103	0.0580	0.0537s	1.8087	0.0770	0.0238
0
0003	1.7924	0.1833	1.8072	0.0580	0.0556s	1.8051	0.0770	0.0238
0
0004	1.7871	0.1667	1.8036	0.0580	0.0827s	1.8012	0.0770	0.0238
0
0005	1.7844	0.1667	1.7999	0.0580	0.0651s	1.7970	0.0770	0.0238
0
0006	1.7772	0.1750	1.7968	0.0580	0.0614s	1.7933	0.0770	0.0238
0
0007	1.7692	0.2250	1.7935	0.0580	0.0602s	1.7895	0.0770	0.0238
0
0008	1.7643	0.2417	1.7900	0.0680	0.0602s	1.7854	0.0990	0.0651
0
0009	1.7567	0.2917	1.7865	0.1500	0.0602s	1.7814	0.1750	0.1457
0
0010	1.7528	0.4000	1.7825	0.2920	0.0603s	1.7769	0.3490	0.2444
0
0011	1.7411	0.5000	1.7785	0.3200	0.0603s	1.7724	0.3730	0.2485
0
0012	1.7308	0.5167	1.7745	0.3400	0.0603s	1.7678	0.3860	0.2483
0
0013	1.7274	0.4500	1.7690	0.3360	0.0603s	1.7620	0.3980	0.2669
0
0014	1.7123	0.5333	1.7629	0.3540	0.0826s	1.7560	0.3960	0.2733
0
0015	1.6987	0.6000	1.7562	0.3580	0.0661s	1.7492	0.3960	0.2827
0
0016	1.6872	0.5583	1.7496	0.3740	0.0617s	1.7425	0.4090	0.3023
0
0017	1.6782	0.6583	1.7423	0.4220	0.0632s	1.7354	0.4530	0.3663
0
0018	1.6576	0.7167	1.7350	0.4660	0.0620s	1.7283	0.5050	0.4215
0
0019	1.6435	0.6833	1.7269	0.5160	0.0617s	1.7204	0.5490	0.4644
0
0020	1.6284	0.7833	1.7185	0.5280	0.0623s	1.7119	0.5660	0.4802
0
0021	1.6084	0.7833	1.7093	0.5500	0.0620s	1.7025	0.5830	0.5009
0
0022	1.5896	0.7917	1.7001	0.5640	0.0626s	1.6930	0.5980	0.5201
0
0023	1.5721	0.8583	1.6913	0.5720	0.0622s	1.6839	0.6190	0.5444
0
0024	1.5429	0.8167	1.6823	0.6040	0.0626s	1.6745	0.6400	0.5659
0
0025	1.5413	0.8250	1.6739	0.6240	0.0620s	1.6655	0.6580	0.5928
0
0026	1.5029	0.8750	1.6653	0.6300	0.0647s	1.6562	0.6620	0.6055
0
0027	1.4901	0.8500	1.6555	0.6340	0.0623s	1.6459	0.6760	0.6319
0
0028	1.4760	0.8500	1.6451	0.6460	0.0615s	1.6350	0.6780	0.6340
0
0029	1.4399	0.8917	1.6339	0.6540	0.0737s	1.6233	0.6780	0.6399
0
0030	1.4219	0.9083	1.6209	0.6520	0.0538s	1.6104	0.6700	0.6313
0
0031	1.3984	0.8750	1.6060	0.6440	0.0542s	1.5959	0.6760	0.6370
0
0032	1.3730	0.8917	1.5916	0.6500	0.0536s	1.5811	0.6750	0.6329
0
0033	1.3255	0.8917	1.5778	0.6580	0.0534s	1.5668	0.6730	0.6303
0
0034	1.3276	0.9250	1.5642	0.6620	0.0550s	1.5528	0.6700	0.6272
0
0035	1.2975	0.8917	1.5505	0.6740	0.0537s	1.5386	0.6730	0.6310
0
0036	1.2560	0.8583	1.5358	0.6700	0.0530s	1.5233	0.6790	0.6374
0
0037	1.2393	0.8917	1.5209	0.6760	0.0529s	1.5076	0.6920	0.6518
0
0038	1.2320	0.8917	1.5057	0.6800	0.0542s	1.4915	0.6940	0.6548
0
0039	1.1828	0.8833	1.4905	0.6740	0.0542s	1.4754	0.6980	0.6598
0
0040	1.1586	0.9667	1.4756	0.6840	0.0536s	1.4600	0.6990	0.6603
0
0041	1.1551	0.9083	1.4593	0.6860	0.0537s	1.4435	0.6970	0.6585
0
0042	1.1241	0.8833	1.4434	0.6860	0.0536s	1.4270	0.6910	0.6513
0
0043	1.1098	0.9333	1.4303	0.6860	0.0533s	1.4122	0.6910	0.6505
0
0044	1.0892	0.8917	1.4174	0.6840	0.0530s	1.3982	0.6900	0.6510
0
0045	1.1171	0.9000	1.4044	0.6840	0.0577s	1.3844	0.6960	0.6578
0
0046	1.0238	0.9500	1.3887	0.6920	0.0551s	1.3688	0.7000	0.6612
0
0047	1.0394	0.9500	1.3719	0.6900	0.0538s	1.3523	0.7020	0.6637
0
0048	1.0330	0.9167	1.3553	0.6980	0.0538s	1.3360	0.7060	0.6676
0
0049	1.0457	0.9417	1.3410	0.7020	0.0533s	1.3213	0.7050	0.6643
0
0050	1.0365	0.9083	1.3293	0.6960	0.0530s	1.3085	0.7010	0.6606
0
0051	0.9825	0.9333	1.3186	0.6960	0.0547s	1.2968	0.6950	0.6546
0
0052	0.9866	0.9250	1.3072	0.6900	0.0537s	1.2847	0.6980	0.6585
0
0053	0.9714	0.9083	1.2944	0.6980	0.0532s	1.2718	0.7010	0.6616
0
0054	0.9880	0.9250	1.2826	0.6960	0.0537s	1.2589	0.6990	0.6598
0
0055	0.9748	0.9250	1.2686	0.7020	0.0534s	1.2454	0.7020	0.6608
0
0056	0.9464	0.9167	1.2552	0.7020	0.0532s	1.2320	0.7010	0.6601
0
0057	0.9515	0.9417	1.2445	0.7040	0.0530s	1.2204	0.7020	0.6602
0
0058	0.9321	0.9167	1.2358	0.6900	0.0537s	1.2099	0.7080	0.6661
0
0059	0.9471	0.9417	1.2286	0.6920	0.0528s	1.2007	0.7070	0.6670
0
0060	0.9017	0.9083	1.2199	0.6960	0.0540s	1.1902	0.7060	0.6674
0
0061	0.9824	0.9417	1.2101	0.6920	0.0539s	1.1787	0.7070	0.6696
0
0062	0.9290	0.9250	1.1980	0.7020	0.0535s	1.1663	0.7140	0.6776
0
0063	0.9287	0.9083	1.1864	0.7080	0.0532s	1.1549	0.7170	0.6800
0
0064	0.9312	0.9333	1.1748	0.7040	0.0538s	1.1438	0.7220	0.6852
0
0065	0.8803	0.9500	1.1663	0.7100	0.0541s	1.1352	0.7220	0.6834
0
0066	0.9129	0.9333	1.1604	0.7060	0.0557s	1.1280	0.7220	0.6817
0
0067	0.8663	0.9583	1.1538	0.7060	0.0537s	1.1205	0.7210	0.6802
0
0068	0.9155	0.9000	1.1465	0.7120	0.0543s	1.1125	0.7250	0.6856
0
0069	0.8395	0.9417	1.1396	0.7120	0.0534s	1.1045	0.7250	0.6869
0
0070	0.8728	0.8833	1.1323	0.7040	0.0532s	1.0962	0.7270	0.6890
0
0071	0.8920	0.9417	1.1237	0.7080	0.0557s	1.0872	0.7320	0.6935
0
0072	0.8611	0.9000	1.1144	0.7120	0.0539s	1.0784	0.7360	0.6977
0
0073	0.8820	0.9333	1.1043	0.7140	0.0536s	1.0695	0.7370	0.6978
0
0074	0.8899	0.9333	1.0984	0.7140	0.0535s	1.0636	0.7360	0.6952
0
0075	0.8845	0.9333	1.0939	0.7160	0.0534s	1.0584	0.7350	0.6941
0
0076	0.8162	0.9667	1.0899	0.7180	0.0560s	1.0536	0.7370	0.6966
0
0077	0.8138	0.9500	1.0870	0.7160	0.0540s	1.0493	0.7380	0.6975
0
0078	0.8056	0.9250	1.0836	0.7180	0.0534s	1.0448	0.7380	0.6986
0
0079	0.8543	0.9167	1.0766	0.7180	0.0529s	1.0374	0.7370	0.6993
0
0080	0.8338	0.9667	1.0686	0.7140	0.0527s	1.0297	0.7370	0.6985
0
0081	0.8013	0.9667	1.0608	0.7200	0.0535s	1.0231	0.7390	0.6980
0
0082	0.7859	0.9583	1.0543	0.7220	0.0530s	1.0179	0.7390	0.6978
0
0083	0.7967	0.9417	1.0512	0.7200	0.0537s	1.0144	0.7420	0.7018
0
0084	0.7710	0.9333	1.0520	0.7160	0.0535s	1.0127	0.7410	0.7013
0
0085	0.8088	0.9000	1.0532	0.7140	0.0527s	1.0113	0.7370	0.6969
1
0086	0.8395	0.9250	1.0494	0.7160	0.0532s	1.0066	0.7380	0.6978
2
0087	0.7913	0.9500	1.0435	0.7140	0.0530s	1.0010	0.7370	0.6970
0
0088	0.7684	0.9667	1.0367	0.7220	0.0531s	0.9947	0.7380	0.6985
0
0089	0.7845	0.9250	1.0280	0.7280	0.0527s	0.9873	0.7390	0.7011
0
0090	0.8003	0.9167	1.0205	0.7320	0.0531s	0.9817	0.7410	0.7019
0
0091	0.7636	0.9500	1.0144	0.7340	0.0530s	0.9769	0.7420	0.7016
0
0092	0.7422	0.9167	1.0121	0.7300	0.0536s	0.9741	0.7420	0.7002
0
0093	0.8028	0.9333	1.0124	0.7220	0.0532s	0.9730	0.7420	0.7012
0
0094	0.7448	0.9333	1.0095	0.7240	0.0532s	0.9702	0.7420	0.7012
1
0095	0.7399	0.9417	1.0044	0.7280	0.0529s	0.9653	0.7400	0.6982
0
0096	0.7052	0.9917	0.9970	0.7240	0.0543s	0.9594	0.7440	0.7022
0
0097	0.7244	0.9667	0.9932	0.7300	0.0540s	0.9560	0.7410	0.6994
0
0098	0.7115	0.9500	0.9885	0.7340	0.0533s	0.9512	0.7440	0.7026
0
0099	0.7230	0.9333	0.9840	0.7320	0.0531s	0.9474	0.7450	0.7023
0
0100	0.7523	0.9500	0.9843	0.7340	0.0526s	0.9464	0.7400	0.6953
0
0101	0.7219	0.9750	0.9856	0.7240	0.0544s	0.9463	0.7420	0.7000
0
0102	0.7364	0.9583	0.9853	0.7260	0.0542s	0.9452	0.7460	0.7065
1
0103	0.7407	0.9583	0.9804	0.7300	0.0551s	0.9407	0.7450	0.7056
2
0104	0.7317	0.9250	0.9733	0.7260	0.0544s	0.9350	0.7420	0.7020
0
0105	0.7275	0.9417	0.9673	0.7300	0.0543s	0.9305	0.7400	0.6977
0
0106	0.7018	0.9667	0.9638	0.7340	0.0541s	0.9268	0.7400	0.6981
0
0107	0.6979	0.9333	0.9625	0.7260	0.0546s	0.9244	0.7410	0.6986
0
0108	0.7123	0.9333	0.9642	0.7280	0.0545s	0.9244	0.7430	0.7012
0
0109	0.6858	0.9500	0.9680	0.7300	0.0554s	0.9260	0.7420	0.6998
1
0110	0.7105	0.9083	0.9671	0.7240	0.0544s	0.9244	0.7400	0.6993
2
0111	0.6748	0.9250	0.9627	0.7200	0.0542s	0.9209	0.7390	0.6984
3
0112	0.6938	0.9333	0.9577	0.7260	0.0543s	0.9167	0.7410	0.7021
4
0113	0.6317	0.9667	0.9513	0.7300	0.0543s	0.9112	0.7380	0.6972
0
0114	0.6883	0.9750	0.9456	0.7320	0.0547s	0.9067	0.7400	0.7001
0
0115	0.6670	0.9417	0.9429	0.7320	0.0543s	0.9041	0.7400	0.6970
0
0116	0.6712	0.9667	0.9411	0.7280	0.0543s	0.9023	0.7400	0.6984
0
0117	0.6744	0.9500	0.9435	0.7280	0.0546s	0.9030	0.7380	0.6957
0
0118	0.6460	0.9750	0.9478	0.7260	0.0546s	0.9050	0.7340	0.6911
1
0119	0.6517	0.9417	0.9492	0.7220	0.0544s	0.9052	0.7380	0.6988
2
0120	0.6199	0.9750	0.9422	0.7320	0.0544s	0.9005	0.7420	0.7016
3
0121	0.6487	0.9750	0.9331	0.7320	0.0543s	0.8947	0.7410	0.6983
4
0122	0.6604	0.9583	0.9278	0.7360	0.0544s	0.8905	0.7450	0.7027
0
0123	0.6709	0.9750	0.9285	0.7320	0.0543s	0.8889	0.7410	0.6981
0
0124	0.6262	0.9667	0.9316	0.7240	0.0554s	0.8884	0.7380	0.6949
1
0125	0.6240	0.9417	0.9327	0.7220	0.0546s	0.8883	0.7400	0.6979
2
0126	0.6146	0.9583	0.9311	0.7240	0.0543s	0.8876	0.7400	0.6976
3
0127	0.6337	0.9417	0.9252	0.7220	0.0544s	0.8854	0.7420	0.6990
4
0128	0.6144	0.9333	0.9221	0.7240	0.0544s	0.8840	0.7430	0.6998
0
0129	0.6284	0.9333	0.9203	0.7240	0.0544s	0.8814	0.7440	0.7009
0
0130	0.5910	0.9583	0.9193	0.7240	0.0544s	0.8777	0.7390	0.6966
0
0131	0.5945	0.9333	0.9218	0.7160	0.0542s	0.8767	0.7370	0.6950
0
0132	0.5938	0.9667	0.9236	0.7120	0.0538s	0.8766	0.7390	0.6967
1
0133	0.6115	0.9417	0.9205	0.7160	0.0530s	0.8743	0.7380	0.6941
2
0134	0.5963	0.9583	0.9177	0.7180	0.0529s	0.8730	0.7350	0.6914
3
0135	0.6101	0.9250	0.9129	0.7260	0.0529s	0.8717	0.7410	0.6941
0
0136	0.6177	0.9750	0.9107	0.7240	0.0532s	0.8712	0.7410	0.6938
0
0137	0.6040	0.9167	0.9088	0.7240	0.0528s	0.8688	0.7420	0.6948
0
0138	0.5829	0.9417	0.9099	0.7300	0.0534s	0.8673	0.7410	0.6953
0
0139	0.5821	0.9500	0.9107	0.7320	0.0530s	0.8659	0.7390	0.6964
1
0140	0.5725	0.9333	0.9092	0.7260	0.0531s	0.8637	0.7410	0.6993
2
0141	0.5577	0.9750	0.9035	0.7380	0.0531s	0.8604	0.7440	0.7022
3
0142	0.5519	0.9167	0.8967	0.7380	0.0529s	0.8576	0.7440	0.6991
0
0143	0.5989	0.9583	0.8928	0.7360	0.0554s	0.8563	0.7460	0.7009
0
0144	0.5807	0.9417	0.8946	0.7300	0.0536s	0.8566	0.7460	0.6990
0
0145	0.5681	0.9750	0.9031	0.7240	0.0528s	0.8592	0.7430	0.6988
1
0146	0.5592	0.9667	0.9103	0.7180	0.0530s	0.8619	0.7430	0.7028
2
0147	0.5417	0.9333	0.9093	0.7180	0.0529s	0.8610	0.7420	0.7019
3
0148	0.5591	0.9583	0.9013	0.7240	0.0526s	0.8565	0.7410	0.6973
4
0149	0.5790	0.9333	0.8943	0.7280	0.0530s	0.8537	0.7430	0.6946
5
0150	0.5711	0.9333	0.8911	0.7320	0.0550s	0.8526	0.7410	0.6879
6
0151	0.5526	0.9750	0.8910	0.7260	0.0537s	0.8515	0.7380	0.6850
0
0152	0.5427	0.9500	0.8942	0.7280	0.0529s	0.8516	0.7410	0.6927
0
0153	0.5774	0.9667	0.8954	0.7280	0.0530s	0.8510	0.7440	0.7000
1
0154	0.5458	0.9417	0.8943	0.7220	0.0530s	0.8494	0.7440	0.6997
2
0155	0.5509	0.9333	0.8914	0.7240	0.0531s	0.8477	0.7430	0.6975
3
0156	0.5478	0.9583	0.8876	0.7240	0.0559s	0.8464	0.7430	0.6925
4
0157	0.5234	0.9500	0.8850	0.7200	0.0530s	0.8452	0.7380	0.6811
0
0158	0.5539	0.9167	0.8857	0.7200	0.0530s	0.8446	0.7370	0.6803
0
0159	0.5442	0.9667	0.8862	0.7260	0.0529s	0.8440	0.7360	0.6794
1
0160	0.5165	0.9583	0.8856	0.7280	0.0533s	0.8420	0.7390	0.6841
2
0161	0.5446	0.9500	0.8848	0.7220	0.0541s	0.8397	0.7430	0.6950
3
0162	0.5507	0.9583	0.8834	0.7220	0.0551s	0.8383	0.7420	0.6922
0
0163	0.5306	0.9667	0.8817	0.7260	0.0539s	0.8377	0.7380	0.6850
0
0164	0.5319	0.9500	0.8797	0.7220	0.0540s	0.8370	0.7410	0.6858
0
0165	0.5581	0.9333	0.8772	0.7220	0.0532s	0.8355	0.7420	0.6847
0
0166	0.5588	0.9250	0.8775	0.7200	0.0531s	0.8351	0.7410	0.6842
0
0167	0.5629	0.9333	0.8761	0.7240	0.0531s	0.8331	0.7430	0.6884
1
0168	0.4984	0.9500	0.8751	0.7220	0.0534s	0.8309	0.7460	0.6969
0
0169	0.5218	0.9417	0.8765	0.7260	0.0531s	0.8308	0.7450	0.6959
0
0170	0.5263	0.9417	0.8773	0.7220	0.0550s	0.8306	0.7420	0.6914
1
0171	0.5183	0.9500	0.8751	0.7180	0.0531s	0.8298	0.7400	0.6838
2
0172	0.5158	0.9667	0.8716	0.7220	0.0532s	0.8285	0.7410	0.6846
3
0173	0.5504	0.9250	0.8683	0.7220	0.0569s	0.8260	0.7460	0.6897
0
0174	0.5225	0.9583	0.8685	0.7260	0.0543s	0.8243	0.7460	0.6939
0
0175	0.5082	0.9583	0.8729	0.7240	0.0531s	0.8256	0.7440	0.6939
1
0176	0.5060	0.9500	0.8755	0.7220	0.0530s	0.8269	0.7390	0.6875
2
0177	0.5287	0.9583	0.8753	0.7220	0.0531s	0.8266	0.7360	0.6843
3
0178	0.5447	0.9417	0.8733	0.7200	0.0533s	0.8256	0.7400	0.6877
4
0179	0.5259	0.9833	0.8723	0.7220	0.0530s	0.8257	0.7410	0.6900
5
0180	0.5102	0.9417	0.8704	0.7200	0.0538s	0.8249	0.7400	0.6855
6
0181	0.5162	0.9667	0.8699	0.7200	0.0548s	0.8240	0.7420	0.6857
7
0182	0.4943	0.9583	0.8728	0.7240	0.0532s	0.8249	0.7410	0.6871
8
0183	0.4974	0.9500	0.8737	0.7200	0.0530s	0.8253	0.7410	0.6875
9
0184	0.5053	0.9417	0.8712	0.7280	0.0533s	0.8234	0.7410	0.6873
10
0185	0.4798	0.9500	0.8689	0.7220	0.0530s	0.8216	0.7450	0.6926
11
0186	0.4949	0.9500	0.8665	0.7260	0.0531s	0.8205	0.7460	0.6915
12
0187	0.5131	0.9750	0.8675	0.7180	0.0530s	0.8211	0.7450	0.6888
0
0188	0.4960	0.9667	0.8689	0.7140	0.0556s	0.8216	0.7440	0.6880
1
0189	0.4991	0.9667	0.8679	0.7180	0.0525s	0.8211	0.7440	0.6877
2
0190	0.5159	0.9583	0.8658	0.7220	0.0592s	0.8202	0.7430	0.6871
3
0191	0.5156	0.9333	0.8646	0.7200	0.0538s	0.8196	0.7410	0.6854
0
0192	0.5207	0.9417	0.8629	0.7240	0.0568s	0.8185	0.7400	0.6847
0
0193	0.5039	0.9583	0.8632	0.7200	0.0529s	0.8176	0.7420	0.6867
0
0194	0.4743	0.9333	0.8664	0.7200	0.0584s	0.8182	0.7430	0.6894
1
0195	0.5109	0.9167	0.8669	0.7140	0.0533s	0.8179	0.7450	0.6909
2
0196	0.5005	0.9583	0.8676	0.7120	0.0532s	0.8181	0.7450	0.6889
3
0197	0.4925	0.9500	0.8653	0.7160	0.0531s	0.8177	0.7440	0.6880
4
0198	0.5206	0.9583	0.8609	0.7180	0.0531s	0.8159	0.7430	0.6871
5
0199	0.4821	0.9250	0.8589	0.7200	0.0531s	0.8142	0.7440	0.6885
0
0200	0.5004	0.9667	0.8590	0.7160	0.0545s	0.8139	0.7440	0.6908
0
0201	0.4727	0.9250	0.8640	0.7140	0.0533s	0.8161	0.7430	0.6896
1
0202	0.4975	0.9250	0.8634	0.7140	0.0535s	0.8152	0.7420	0.6888
2
0203	0.4826	0.9500	0.8594	0.7180	0.0522s	0.8132	0.7450	0.6891
3
0204	0.4942	0.9667	0.8567	0.7220	0.0531s	0.8123	0.7530	0.6961
4
0205	0.4869	0.9167	0.8557	0.7220	0.0530s	0.8117	0.7540	0.6972
0
0206	0.5087	0.9583	0.8573	0.7160	0.0532s	0.8113	0.7480	0.6918
0
0207	0.4747	0.9667	0.8624	0.7120	0.0547s	0.8129	0.7420	0.6866
1
0208	0.4790	0.9667	0.8662	0.7120	0.0549s	0.8144	0.7440	0.6903
2
0209	0.5100	0.9417	0.8662	0.7080	0.0550s	0.8140	0.7420	0.6888
3
0210	0.4896	0.9583	0.8594	0.7180	0.0533s	0.8103	0.7450	0.6912
4
0211	0.5071	0.9333	0.8510	0.7260	0.0538s	0.8069	0.7530	0.6964
5
0212	0.4782	0.9417	0.8486	0.7280	0.0541s	0.8062	0.7550	0.6981
0
0213	0.4760	0.9583	0.8544	0.7200	0.0532s	0.8077	0.7520	0.6957
0
0214	0.5100	0.9500	0.8626	0.7100	0.0530s	0.8106	0.7440	0.6879
1
0215	0.4951	0.9250	0.8673	0.7060	0.0536s	0.8126	0.7430	0.6889
2
0216	0.4799	0.9583	0.8646	0.7100	0.0530s	0.8115	0.7450	0.6909
3
0217	0.4708	0.9583	0.8548	0.7200	0.0530s	0.8070	0.7450	0.6913
4
0218	0.4664	0.9500	0.8494	0.7240	0.0530s	0.8051	0.7460	0.6902
5
0219	0.4705	0.9500	0.8484	0.7200	0.0528s	0.8049	0.7510	0.6952
6
0220	0.4877	0.9500	0.8507	0.7200	0.0529s	0.8058	0.7540	0.7005
0
0221	0.4688	0.9750	0.8543	0.7180	0.0532s	0.8069	0.7510	0.6967
1
0222	0.4730	0.9417	0.8584	0.7180	0.0540s	0.8096	0.7440	0.6880
2
0223	0.4621	0.9667	0.8592	0.7160	0.0530s	0.8108	0.7420	0.6858
3
0224	0.4948	0.9167	0.8576	0.7180	0.0530s	0.8104	0.7440	0.6880
4
0225	0.4937	0.9167	0.8524	0.7220	0.0530s	0.8065	0.7440	0.6903
5
0226	0.4920	0.9833	0.8498	0.7200	0.0532s	0.8042	0.7520	0.7002
6
0227	0.4761	0.9583	0.8513	0.7180	0.0529s	0.8049	0.7550	0.7034
7
0228	0.4852	0.9667	0.8507	0.7160	0.0530s	0.8046	0.7540	0.7005
8
0229	0.4461	0.9500	0.8505	0.7140	0.0532s	0.8053	0.7480	0.6925
9
0230	0.4686	0.9583	0.8514	0.7180	0.0531s	0.8079	0.7490	0.6933
10
0231	0.4756	0.9583	0.8513	0.7200	0.0531s	0.8092	0.7490	0.6908
11
0232	0.5184	0.9417	0.8472	0.7260	0.0531s	0.8048	0.7550	0.6984
12
0233	0.4981	0.9500	0.8470	0.7240	0.0542s	0.8017	0.7600	0.7054
0
0234	0.4600	0.9583	0.8499	0.7200	0.0530s	0.8018	0.7590	0.7067
0
0235	0.4685	0.9667	0.8514	0.7200	0.0531s	0.8023	0.7540	0.7004
1
0236	0.4720	0.9750	0.8533	0.7160	0.0531s	0.8029	0.7480	0.6949
2
0237	0.4511	0.9667	0.8527	0.7200	0.0530s	0.8038	0.7500	0.6966
3
0238	0.4689	0.9583	0.8506	0.7220	0.0530s	0.8041	0.7540	0.6976
4
0239	0.4964	0.9417	0.8493	0.7240	0.0530s	0.8031	0.7540	0.6977
5
0240	0.4690	0.9333	0.8492	0.7180	0.0531s	0.8028	0.7570	0.7002
6
0241	0.4489	0.9833	0.8470	0.7180	0.0529s	0.8028	0.7540	0.6940
7
0242	0.4785	0.9750	0.8492	0.7160	0.0560s	0.8044	0.7490	0.6899
0
0243	0.4912	0.9500	0.8513	0.7140	0.0529s	0.8045	0.7470	0.6922
1
0244	0.4642	0.9750	0.8485	0.7220	0.0533s	0.8019	0.7520	0.6962
2
0245	0.4414	0.9250	0.8499	0.7200	0.0530s	0.8017	0.7550	0.7021
3
0246	0.4952	0.9250	0.8484	0.7200	0.0531s	0.8010	0.7570	0.7035
4
0247	0.4722	0.9500	0.8460	0.7200	0.0563s	0.7995	0.7610	0.7079
5
0248	0.4866	0.9333	0.8448	0.7160	0.0553s	0.7999	0.7590	0.7025
0
0249	0.4699	0.9417	0.8442	0.7180	0.0559s	0.8011	0.7500	0.6907
0
0250	0.4572	0.9417	0.8451	0.7160	0.0533s	0.8015	0.7490	0.6921
0
0251	0.4986	0.9417	0.8425	0.7160	0.0531s	0.7991	0.7510	0.6939
1
0252	0.4628	0.9500	0.8414	0.7260	0.0528s	0.7979	0.7540	0.6982
0
0253	0.4284	0.9667	0.8451	0.7280	0.0527s	0.7989	0.7530	0.6969
0
0254	0.4559	0.9333	0.8484	0.7220	0.0528s	0.8001	0.7510	0.6940
1
0255	0.4731	0.9500	0.8510	0.7200	0.0532s	0.8007	0.7520	0.6928
2
0256	0.4920	0.9417	0.8498	0.7220	0.0527s	0.7998	0.7540	0.6977
3
0257	0.4663	0.9833	0.8507	0.7180	0.0529s	0.8005	0.7540	0.6986
4
0258	0.4926	0.9417	0.8476	0.7160	0.0531s	0.7998	0.7540	0.6988
5
0259	0.4663	0.9500	0.8428	0.7220	0.0530s	0.7973	0.7490	0.6923
6
0260	0.4501	0.9417	0.8402	0.7280	0.0526s	0.7960	0.7530	0.6955
7
0261	0.4501	0.9333	0.8414	0.7240	0.0531s	0.7969	0.7550	0.6969
0
0262	0.4241	0.9750	0.8483	0.7260	0.0519s	0.8000	0.7520	0.6960
1
0263	0.4655	0.9667	0.8532	0.7160	0.0590s	0.8010	0.7490	0.6930
2
0264	0.4797	0.9417	0.8533	0.7200	0.0540s	0.7994	0.7510	0.6966
3
0265	0.4751	0.9500	0.8505	0.7160	0.0530s	0.7981	0.7530	0.6969
4
0266	0.4655	0.9333	0.8486	0.7180	0.0535s	0.7984	0.7600	0.7039
5
0267	0.4607	0.9333	0.8434	0.7180	0.0525s	0.7969	0.7550	0.6972
6
0268	0.4635	0.9667	0.8415	0.7220	0.0527s	0.7966	0.7530	0.6952
7
0269	0.4523	0.9583	0.8433	0.7220	0.0526s	0.7979	0.7530	0.6949
8
0270	0.4271	0.9750	0.8446	0.7260	0.0528s	0.7977	0.7520	0.6936
9
0271	0.4470	0.9583	0.8478	0.7220	0.0528s	0.7974	0.7510	0.6970
10
0272	0.4740	0.9417	0.8499	0.7200	0.0735s	0.7974	0.7500	0.6938
11
0273	0.4652	0.9500	0.8483	0.7220	0.0628s	0.7972	0.7560	0.6977
12
0274	0.4341	0.9667	0.8486	0.7120	0.0598s	0.7990	0.7540	0.6942
13
0275	0.4641	0.9333	0.8454	0.7180	0.0600s	0.7978	0.7500	0.6907
14
0276	0.4723	0.9750	0.8407	0.7160	0.0600s	0.7953	0.7500	0.6908
15
0277	0.4947	0.9083	0.8394	0.7240	0.0596s	0.7948	0.7560	0.6998
16
0278	0.4444	0.9333	0.8398	0.7260	0.0595s	0.7948	0.7580	0.7015
0
0279	0.4276	0.9500	0.8435	0.7260	0.0607s	0.7955	0.7560	0.7015
1
0280	0.4603	0.9500	0.8476	0.7200	0.0608s	0.7967	0.7560	0.7011
2
0281	0.4629	0.9583	0.8523	0.7140	0.0599s	0.7993	0.7520	0.6957
3
0282	0.4785	0.9333	0.8506	0.7140	0.0614s	0.8000	0.7510	0.6952
4
0283	0.4771	0.9667	0.8444	0.7180	0.0592s	0.7985	0.7550	0.6946
5
0284	0.4740	0.9417	0.8385	0.7200	0.0600s	0.7955	0.7550	0.6947
6
0285	0.4472	0.9417	0.8359	0.7220	0.0600s	0.7933	0.7580	0.6971
0
0286	0.4761	0.9500	0.8391	0.7320	0.0607s	0.7934	0.7600	0.7033
0
0287	0.4641	0.9833	0.8440	0.7240	0.0604s	0.7945	0.7560	0.7015
1
0288	0.4971	0.9583	0.8486	0.7200	0.0604s	0.7966	0.7530	0.6963
2
0289	0.4606	0.9417	0.8509	0.7200	0.0601s	0.7986	0.7500	0.6936
3
0290	0.4170	0.9667	0.8504	0.7160	0.0579s	0.8002	0.7520	0.6916
4
0291	0.4548	0.9667	0.8481	0.7200	0.0557s	0.7998	0.7530	0.6924
5
0292	0.4709	0.9583	0.8408	0.7220	0.0539s	0.7952	0.7540	0.6963
6
0293	0.4686	0.9333	0.8355	0.7280	0.0534s	0.7919	0.7570	0.6985
7
0294	0.4450	0.9333	0.8323	0.7300	0.0623s	0.7904	0.7570	0.7008
0
0295	0.4495	0.9750	0.8358	0.7280	0.0622s	0.7913	0.7540	0.6978
0
0296	0.4952	0.9000	0.8405	0.7240	0.0626s	0.7931	0.7520	0.6960
1
0297	0.4650	0.9417	0.8463	0.7140	0.0618s	0.7969	0.7510	0.6928
2
0298	0.4773	0.9333	0.8491	0.7160	0.0635s	0.7989	0.7520	0.6940
3
0299	0.4628	0.9500	0.8526	0.7160	0.0621s	0.8011	0.7560	0.6970
4
0300	0.4603	0.9083	0.8490	0.7220	0.0635s	0.7995	0.7560	0.6951
5
0301	0.4688	0.9500	0.8433	0.7160	0.0621s	0.7957	0.7570	0.6978
6
0302	0.5070	0.9417	0.8381	0.7220	0.0618s	0.7930	0.7570	0.7009
7
0303	0.4776	0.9250	0.8381	0.7240	0.0628s	0.7929	0.7550	0.6991
8
0304	0.4811	0.9750	0.8405	0.7220	0.0622s	0.7931	0.7510	0.6952
9
0305	0.4426	0.9417	0.8425	0.7220	0.0632s	0.7937	0.7530	0.6967
10
0306	0.4521	0.9750	0.8447	0.7180	0.0621s	0.7944	0.7570	0.6998
11
0307	0.4526	0.9667	0.8452	0.7160	0.0651s	0.7954	0.7580	0.7010
12
0308	0.4882	0.9667	0.8417	0.7180	0.0624s	0.7942	0.7580	0.7012
13
0309	0.4506	0.9417	0.8353	0.7200	0.0617s	0.7917	0.7610	0.7020
14
0310	0.4290	0.9333	0.8329	0.7260	0.0582s	0.7910	0.7580	0.6975
15
0311	0.4487	0.9417	0.8343	0.7240	0.0549s	0.7915	0.7550	0.6968
16
0312	0.4658	0.9250	0.8395	0.7240	0.0537s	0.7929	0.7520	0.6942
17
0313	0.4403	0.9583	0.8454	0.7180	0.0539s	0.7951	0.7480	0.6899
18
0314	0.4595	0.9833	0.8476	0.7160	0.0550s	0.7953	0.7480	0.6920
19
0315	0.4401	0.9333	0.8429	0.7220	0.0532s	0.7932	0.7540	0.6971
20
0316	0.4736	0.9750	0.8381	0.7220	0.0532s	0.7916	0.7570	0.6999
21
0317	0.4537	0.9500	0.8344	0.7260	0.0530s	0.7908	0.7590	0.7023
22
0318	0.4406	0.9583	0.8330	0.7220	0.0533s	0.7914	0.7570	0.6991
23
0319	0.4481	0.9333	0.8418	0.7200	0.0535s	0.7949	0.7490	0.6916
24
0320	0.4463	0.9583	0.8529	0.7140	0.0532s	0.7985	0.7490	0.6903
25
0321	0.4118	0.9667	0.8592	0.7160	0.0531s	0.7999	0.7520	0.6947
26
0322	0.4568	0.9417	0.8527	0.7160	0.0532s	0.7962	0.7520	0.6951
27
0323	0.4524	0.9167	0.8404	0.7200	0.0532s	0.7914	0.7550	0.6980
28
0324	0.4369	0.9417	0.8326	0.7240	0.0531s	0.7893	0.7580	0.6969
29
0325	0.4372	0.9583	0.8293	0.7260	0.0530s	0.7896	0.7580	0.6972
30
0326	0.4443	0.9083	0.8348	0.7280	0.0532s	0.7924	0.7520	0.6925
0
0327	0.4751	0.9250	0.8449	0.7200	0.0546s	0.7966	0.7470	0.6875
1
0328	0.4325	0.9667	0.8474	0.7180	0.0532s	0.7958	0.7480	0.6877
2
0329	0.4398	0.9583	0.8472	0.7220	0.0531s	0.7939	0.7490	0.6908
3
0330	0.4434	0.9417	0.8432	0.7220	0.0531s	0.7918	0.7560	0.6989
4
0331	0.4280	0.9500	0.8416	0.7260	0.0542s	0.7920	0.7560	0.6997
5
0332	0.4476	0.9500	0.8367	0.7260	0.0534s	0.7904	0.7570	0.6984
6
0333	0.4469	0.9583	0.8352	0.7240	0.0534s	0.7914	0.7500	0.6903
7
0334	0.4183	0.9333	0.8381	0.7240	0.0532s	0.7944	0.7500	0.6902
8
0335	0.4315	0.9583	0.8404	0.7260	0.0531s	0.7940	0.7500	0.6901
9
0336	0.4216	0.9583	0.8429	0.7200	0.0532s	0.7925	0.7510	0.6930
10
0337	0.4274	0.9667	0.8486	0.7200	0.0530s	0.7942	0.7550	0.6983
11
0338	0.4546	0.9417	0.8518	0.7220	0.0528s	0.7960	0.7580	0.7012
12
0339	0.4542	0.9333	0.8490	0.7220	0.0531s	0.7943	0.7570	0.7023
13
0340	0.4451	0.9500	0.8441	0.7200	0.0533s	0.7919	0.7540	0.6974
14
0341	0.4386	0.9750	0.8423	0.7200	0.0533s	0.7932	0.7480	0.6900
15
0342	0.4653	0.9667	0.8383	0.7220	0.0532s	0.7940	0.7490	0.6889
16
0343	0.4512	0.9500	0.8322	0.7280	0.0531s	0.7911	0.7520	0.6920
17
0344	0.4722	0.9500	0.8311	0.7220	0.0544s	0.7902	0.7570	0.6963
18
0345	0.4702	0.9500	0.8344	0.7220	0.0532s	0.7914	0.7600	0.7018
19
0346	0.4526	0.9417	0.8387	0.7240	0.0537s	0.7928	0.7580	0.6999
20
0347	0.4602	0.9417	0.8462	0.7180	0.0531s	0.7942	0.7570	0.6984
21
0348	0.4432	0.9417	0.8503	0.7180	0.0538s	0.7947	0.7510	0.6942
22
0349	0.4879	0.9500	0.8469	0.7180	0.0533s	0.7944	0.7470	0.6910
23
0350	0.4510	0.9500	0.8361	0.7220	0.0531s	0.7920	0.7500	0.6922
24
0351	0.4507	0.9417	0.8271	0.7280	0.0530s	0.7897	0.7520	0.6942
25
0352	0.4516	0.9750	0.8245	0.7240	0.0540s	0.7888	0.7630	0.7039
0
0353	0.4389	0.9583	0.8331	0.7220	0.0530s	0.7909	0.7580	0.6992
0
0354	0.4720	0.9417	0.8447	0.7180	0.0530s	0.7945	0.7540	0.6982
1
0355	0.4255	0.9250	0.8528	0.7220	0.0528s	0.7970	0.7500	0.6936
2
0356	0.4597	0.9583	0.8567	0.7180	0.0556s	0.7988	0.7460	0.6899
3
0357	0.4622	0.9250	0.8467	0.7220	0.0536s	0.7940	0.7500	0.6937
4
0358	0.4424	0.9583	0.8342	0.7260	0.0527s	0.7893	0.7560	0.6999
5
0359	0.4217	0.9667	0.8261	0.7260	0.0839s	0.7868	0.7620	0.7050
6
0360	0.4544	0.9333	0.8247	0.7280	0.0674s	0.7868	0.7590	0.7002
7
0361	0.4377	0.9583	0.8277	0.7260	0.0606s	0.7874	0.7600	0.7009
8
0362	0.4506	0.9583	0.8348	0.7220	0.0601s	0.7898	0.7570	0.7011
9
0363	0.4296	0.9417	0.8445	0.7140	0.0849s	0.7944	0.7490	0.6913
10
0364	0.4271	0.9667	0.8461	0.7160	0.0880s	0.7949	0.7490	0.6914
11
0365	0.4162	0.9417	0.8399	0.7220	0.0759s	0.7919	0.7520	0.6943
12
0366	0.4399	0.9583	0.8348	0.7220	0.0743s	0.7903	0.7570	0.6960
13
0367	0.4554	0.9333	0.8354	0.7240	0.0733s	0.7903	0.7560	0.6971
14
0368	0.4069	0.9417	0.8361	0.7240	0.0740s	0.7905	0.7560	0.6951
15
0369	0.4466	0.9167	0.8389	0.7200	0.0741s	0.7915	0.7540	0.6958
16
0370	0.4575	0.9583	0.8381	0.7180	0.0739s	0.7910	0.7560	0.7000
17
0371	0.4721	0.9750	0.8380	0.7180	0.0736s	0.7912	0.7520	0.6915
18
0372	0.4597	0.9583	0.8350	0.7180	0.0739s	0.7905	0.7530	0.6928
19
0373	0.4452	0.9417	0.8328	0.7220	0.0703s	0.7895	0.7560	0.6955
20
0374	0.4428	0.9583	0.8306	0.7240	0.0641s	0.7883	0.7580	0.6993
21
0375	0.4335	0.9417	0.8294	0.7260	0.0610s	0.7879	0.7600	0.7036
22
0376	0.4425	0.9250	0.8337	0.7240	0.0614s	0.7892	0.7580	0.7015
23
0377	0.4412	0.9417	0.8370	0.7220	0.0612s	0.7903	0.7550	0.6968
24
0378	0.4588	0.9167	0.8402	0.7200	0.0608s	0.7912	0.7490	0.6909
25
0379	0.4588	0.9667	0.8414	0.7200	0.0607s	0.7919	0.7470	0.6897
26
0380	0.4509	0.9250	0.8387	0.7200	0.0657s	0.7910	0.7500	0.6902
27
0381	0.4701	0.9417	0.8328	0.7240	0.0637s	0.7889	0.7540	0.6941
28
0382	0.4401	0.9583	0.8309	0.7240	0.0655s	0.7887	0.7570	0.6966
29
0383	0.4468	0.9417	0.8337	0.7240	0.0633s	0.7894	0.7550	0.6938
30
0384	0.4145	0.9583	0.8400	0.7220	0.0610s	0.7909	0.7530	0.6943
31
0385	0.5075	0.9500	0.8452	0.7180	0.0625s	0.7922	0.7490	0.6907
32
0386	0.4352	0.9500	0.8420	0.7180	0.0610s	0.7903	0.7500	0.6916
33
0387	0.4342	0.9667	0.8368	0.7220	0.0610s	0.7887	0.7550	0.6971
34
0388	0.4542	0.9417	0.8323	0.7260	0.0622s	0.7883	0.7590	0.7006
35
0389	0.4307	0.9500	0.8311	0.7220	0.0611s	0.7895	0.7580	0.6975
36
0390	0.4521	0.9417	0.8345	0.7180	0.0610s	0.7915	0.7580	0.6969
37
0391	0.4507	0.9583	0.8382	0.7200	0.0622s	0.7928	0.7560	0.6951
38
0392	0.4488	0.9333	0.8381	0.7240	0.0618s	0.7910	0.7540	0.6956
39
0393	0.4699	0.9417	0.8404	0.7220	0.0613s	0.7902	0.7510	0.6927
40
0394	0.4267	0.9417	0.8451	0.7180	0.0611s	0.7908	0.7520	0.6996
41
0395	0.4348	0.9583	0.8445	0.7200	0.0611s	0.7909	0.7520	0.6998
42
0396	0.4721	0.9667	0.8422	0.7200	0.0614s	0.7915	0.7490	0.6910
43
0397	0.4421	0.9417	0.8381	0.7180	0.0610s	0.7924	0.7520	0.6942
44
0398	0.4291	0.9417	0.8339	0.7220	0.0612s	0.7927	0.7580	0.6977
45
0399	0.4342	0.9500	0.8324	0.7200	0.0611s	0.7916	0.7590	0.6985
46
0400	0.4209	0.9667	0.8357	0.7260	0.0611s	0.7906	0.7560	0.6951
47
0401	0.4710	0.9500	0.8396	0.7220	0.0616s	0.7903	0.7510	0.6926
48
0402	0.4254	0.9667	0.8467	0.7160	0.0610s	0.7924	0.7500	0.6916
49
0403	0.4663	0.9667	0.8486	0.7160	0.0610s	0.7932	0.7460	0.6880
50
0404	0.4621	0.9000	0.8451	0.7200	0.0637s	0.7923	0.7450	0.6873
51
0405	0.4500	0.9667	0.8389	0.7240	0.0618s	0.7907	0.7520	0.6915
52
0406	0.4123	0.9333	0.8363	0.7200	0.0614s	0.7917	0.7570	0.6965
53
0407	0.4452	0.9667	0.8321	0.7220	0.0609s	0.7916	0.7610	0.7003
54
0408	0.4628	0.9250	0.8314	0.7220	0.0618s	0.7906	0.7630	0.7020
55
0409	0.4383	0.9583	0.8365	0.7260	0.0622s	0.7899	0.7570	0.6960
56
0410	0.4597	0.9417	0.8418	0.7220	0.0612s	0.7899	0.7540	0.6951
57
0411	0.4731	0.9333	0.8431	0.7200	0.0618s	0.7897	0.7530	0.6985
58
0412	0.4522	0.9500	0.8439	0.7200	0.0620s	0.7911	0.7500	0.6941
59
0413	0.4532	0.9417	0.8418	0.7220	0.0614s	0.7925	0.7480	0.6879
60
0414	0.4594	0.9333	0.8378	0.7220	0.0622s	0.7933	0.7560	0.6956
61
0415	0.4619	0.9667	0.8357	0.7240	0.0621s	0.7922	0.7600	0.6992
62
0416	0.4511	0.9417	0.8342	0.7240	0.0619s	0.7893	0.7610	0.7020
63
0417	0.4597	0.9083	0.8347	0.7260	0.0639s	0.7873	0.7570	0.7001
64
0418	0.4217	0.9500	0.8368	0.7200	0.0620s	0.7874	0.7530	0.6973
65
0419	0.4407	0.9667	0.8377	0.7220	0.0615s	0.7881	0.7540	0.6987
66
0420	0.4390	0.9750	0.8362	0.7200	0.0623s	0.7884	0.7500	0.6950
67
0421	0.4780	0.9583	0.8353	0.7280	0.0620s	0.7884	0.7540	0.6984
68
0422	0.4754	0.9667	0.8354	0.7260	0.0600s	0.7892	0.7540	0.6980
69
0423	0.4241	0.9583	0.8345	0.7240	0.0552s	0.7901	0.7570	0.7006
70
0424	0.4383	0.9667	0.8353	0.7220	0.0533s	0.7918	0.7590	0.7006
71
0425	0.4566	0.9167	0.8333	0.7240	0.0525s	0.7908	0.7590	0.6985
72
0426	0.4387	0.9667	0.8321	0.7240	0.0528s	0.7893	0.7580	0.6995
73
0427	0.4698	0.9750	0.8332	0.7260	0.0528s	0.7883	0.7570	0.7007
74
0428	0.4231	0.9583	0.8376	0.7220	0.0528s	0.7893	0.7520	0.6959
75
0429	0.4407	0.9417	0.8411	0.7220	0.0529s	0.7905	0.7510	0.6951
76
0430	0.4653	0.9167	0.8402	0.7220	0.0531s	0.7912	0.7520	0.6961
77
0431	0.4588	0.9333	0.8375	0.7200	0.0526s	0.7909	0.7490	0.6892
78
0432	0.4704	0.9333	0.8334	0.7240	0.0525s	0.7896	0.7550	0.6965
79
0433	0.4385	0.9750	0.8349	0.7260	0.0550s	0.7906	0.7570	0.6981
80
0434	0.4326	0.9333	0.8357	0.7240	0.0531s	0.7908	0.7580	0.6992
81
0435	0.4673	0.9333	0.8349	0.7240	0.0525s	0.7896	0.7570	0.6983
82
0436	0.4752	0.9500	0.8327	0.7240	0.0530s	0.7882	0.7510	0.6909
83
0437	0.4236	0.9917	0.8306	0.7220	0.0530s	0.7873	0.7520	0.6925
84
0438	0.4286	0.9500	0.8328	0.7220	0.0526s	0.7879	0.7510	0.6915
85
0439	0.4000	0.9583	0.8349	0.7220	0.0526s	0.7888	0.7500	0.6904
86
0440	0.4268	0.9667	0.8360	0.7200	0.0531s	0.7893	0.7530	0.6952
87
0441	0.4281	0.9583	0.8340	0.7220	0.0528s	0.7884	0.7560	0.6955
88
0442	0.4727	0.9583	0.8327	0.7260	0.0530s	0.7869	0.7590	0.7002
89
0443	0.4626	0.9417	0.8341	0.7240	0.0526s	0.7867	0.7550	0.6985
90
0444	0.4666	0.9333	0.8396	0.7180	0.0542s	0.7884	0.7540	0.6975
91
0445	0.4252	0.9667	0.8424	0.7200	0.0525s	0.7900	0.7500	0.6917
92
0446	0.4488	0.9417	0.8408	0.7220	0.0528s	0.7901	0.7530	0.6944
93
0447	0.4283	0.9583	0.8350	0.7220	0.0530s	0.7890	0.7580	0.6993
94
0448	0.4578	0.9583	0.8267	0.7240	0.0532s	0.7862	0.7590	0.7005
95
0449	0.4087	0.9500	0.8234	0.7260	0.0527s	0.7847	0.7620	0.7055
96
0450	0.4355	0.9417	0.8247	0.7220	0.0532s	0.7843	0.7620	0.7054
0
0451	0.4433	0.9167	0.8329	0.7220	0.0529s	0.7864	0.7600	0.7035
1
0452	0.4548	0.9583	0.8461	0.7200	0.0530s	0.7925	0.7450	0.6893
2
0453	0.4394	0.9333	0.8540	0.7140	0.0531s	0.7972	0.7450	0.6869
3
0454	0.4203	0.9583	0.8494	0.7220	0.0527s	0.7958	0.7510	0.6895
4
0455	0.4466	0.9500	0.8392	0.7240	0.0531s	0.7929	0.7540	0.6933
5
0456	0.4481	0.9500	0.8301	0.7300	0.0529s	0.7908	0.7610	0.7004
6
0457	0.4606	0.9750	0.8244	0.7300	0.0526s	0.7889	0.7660	0.7054
7
0458	0.4206	0.9583	0.8243	0.7260	0.0527s	0.7879	0.7630	0.7026
8
0459	0.4329	0.9500	0.8323	0.7220	0.0533s	0.7890	0.7570	0.6965
9
0460	0.4153	0.9250	0.8399	0.7200	0.0528s	0.7916	0.7520	0.6912
10
0461	0.4243	0.9417	0.8442	0.7200	0.0528s	0.7926	0.7540	0.6946
11
0462	0.4386	0.9500	0.8444	0.7200	0.0530s	0.7917	0.7540	0.6972
12
0463	0.4577	0.9583	0.8397	0.7220	0.0525s	0.7894	0.7520	0.6934
13
0464	0.4492	0.9500	0.8351	0.7240	0.0528s	0.7877	0.7540	0.6957
14
0465	0.4489	0.9333	0.8302	0.7260	0.0538s	0.7871	0.7570	0.6971
15
0466	0.4385	0.9250	0.8284	0.7260	0.0530s	0.7874	0.7590	0.6993
16
0467	0.4569	0.9500	0.8319	0.7220	0.0535s	0.7877	0.7530	0.6932
17
0468	0.4479	0.9250	0.8361	0.7220	0.0532s	0.7884	0.7560	0.6997
18
0469	0.4492	0.9667	0.8396	0.7220	0.0529s	0.7893	0.7560	0.6997
19
0470	0.4773	0.9500	0.8391	0.7200	0.0531s	0.7890	0.7550	0.6989
20
0471	0.4393	0.9333	0.8362	0.7280	0.0529s	0.7883	0.7570	0.6981
21
0472	0.4082	0.9417	0.8332	0.7280	0.0530s	0.7887	0.7610	0.7026
22
0473	0.4792	0.9750	0.8319	0.7260	0.0529s	0.7894	0.7590	0.6985
23
0474	0.4501	0.9333	0.8302	0.7280	0.0532s	0.7888	0.7590	0.6988
24
0475	0.4645	0.9417	0.8302	0.7260	0.0527s	0.7884	0.7540	0.6941
25
0476	0.4338	0.9250	0.8310	0.7240	0.0530s	0.7874	0.7560	0.6978
26
0477	0.4379	0.9667	0.8318	0.7260	0.0531s	0.7874	0.7590	0.7025
27
0478	0.4429	0.9583	0.8341	0.7240	0.0529s	0.7883	0.7590	0.7024
28
0479	0.4265	0.9417	0.8350	0.7240	0.0529s	0.7884	0.7580	0.7013
29
0480	0.4571	0.9583	0.8354	0.7280	0.0530s	0.7883	0.7550	0.6965
30
0481	0.4411	0.9250	0.8333	0.7280	0.0528s	0.7879	0.7580	0.6999
31
0482	0.4452	0.9250	0.8334	0.7260	0.0527s	0.7886	0.7590	0.6990
32
0483	0.4684	0.9500	0.8339	0.7240	0.0529s	0.7887	0.7610	0.7005
33
0484	0.4428	0.9750	0.8354	0.7200	0.0530s	0.7897	0.7610	0.7004
34
0485	0.4117	0.9750	0.8381	0.7200	0.0530s	0.7915	0.7560	0.6952
35
0486	0.4408	0.9333	0.8386	0.7200	0.0531s	0.7918	0.7550	0.6941
36
0487	0.4305	0.9167	0.8364	0.7220	0.0531s	0.7903	0.7550	0.6942
37
0488	0.4468	0.9583	0.8314	0.7300	0.0532s	0.7878	0.7580	0.6973
38
0489	0.4454	0.9583	0.8277	0.7300	0.0531s	0.7861	0.7600	0.6991
39
0490	0.4677	0.9500	0.8272	0.7280	0.0528s	0.7861	0.7620	0.7013
40
0491	0.4400	0.9333	0.8342	0.7240	0.0531s	0.7899	0.7610	0.7004
41
0492	0.4616	0.9333	0.8402	0.7200	0.0525s	0.7925	0.7570	0.6964
42
0493	0.4416	0.9417	0.8444	0.7180	0.0532s	0.7945	0.7540	0.6932
43
0494	0.4244	0.9500	0.8451	0.7180	0.0529s	0.7947	0.7480	0.6878
44
0495	0.4437	0.9667	0.8364	0.7280	0.0531s	0.7904	0.7520	0.6921
45
0496	0.4436	0.9750	0.8284	0.7300	0.0535s	0.7865	0.7580	0.6980
46
0497	0.4422	0.9500	0.8276	0.7280	0.0531s	0.7855	0.7600	0.6999
47
0498	0.4522	0.9583	0.8322	0.7240	0.0544s	0.7876	0.7610	0.7008
48
0499	0.4348	0.9500	0.8375	0.7240	0.0535s	0.7902	0.7580	0.6975
49
0500	0.4651	0.9583	0.8426	0.7240	0.0539s	0.7926	0.7550	0.6943
50
0501	0.4363	0.9417	0.8412	0.7260	0.0533s	0.7925	0.7530	0.6921
51
0502	0.4275	0.9500	0.8384	0.7260	0.0530s	0.7914	0.7560	0.6950
52
0503	0.4353	0.9500	0.8353	0.7240	0.0531s	0.7894	0.7550	0.6944
53
0504	0.4424	0.9500	0.8345	0.7220	0.0528s	0.7884	0.7590	0.6987
54
0505	0.4463	0.9667	0.8357	0.7200	0.0527s	0.7883	0.7580	0.6978
55
0506	0.4251	0.9667	0.8361	0.7260	0.0531s	0.7882	0.7550	0.6945
56
0507	0.4068	0.9667	0.8363	0.7260	0.0534s	0.7890	0.7580	0.6972
57
0508	0.4215	0.9500	0.8371	0.7280	0.0538s	0.7911	0.7590	0.6980
58
0509	0.4453	0.9083	0.8354	0.7280	0.0530s	0.7928	0.7590	0.6958
59
0510	0.4717	0.9250	0.8314	0.7300	0.0533s	0.7917	0.7620	0.6995
60
0511	0.4074	0.9250	0.8313	0.7260	0.0530s	0.7913	0.7590	0.6992
61
0512	0.4427	0.9583	0.8335	0.7260	0.0530s	0.7898	0.7560	0.6965
62
0513	0.4248	0.9750	0.8364	0.7200	0.0531s	0.7890	0.7540	0.6942
63
0514	0.4595	0.9333	0.8365	0.7260	0.0531s	0.7877	0.7570	0.6981
64
0515	0.4278	0.9417	0.8364	0.7260	0.0532s	0.7887	0.7580	0.6988
65
0516	0.4460	0.9667	0.8356	0.7260	0.0531s	0.7898	0.7570	0.6957
66
0517	0.4494	0.9333	0.8342	0.7280	0.0526s	0.7910	0.7580	0.6974
67
0518	0.4051	0.9667	0.8349	0.7220	0.0539s	0.7927	0.7570	0.6977
68
0519	0.4601	0.9667	0.8370	0.7220	0.0534s	0.7939	0.7550	0.6961
69
0520	0.4492	0.9750	0.8354	0.7220	0.0532s	0.7906	0.7580	0.6980
70
0521	0.4449	0.9333	0.8338	0.7260	0.0531s	0.7877	0.7580	0.6971
71
0522	0.4429	0.9667	0.8375	0.7280	0.0529s	0.7883	0.7590	0.7042
72
0523	0.4303	0.9583	0.8391	0.7260	0.0528s	0.7891	0.7550	0.6981
73
0524	0.4135	0.9667	0.8397	0.7240	0.0530s	0.7907	0.7530	0.6945
74
0525	0.4378	0.9500	0.8361	0.7260	0.0532s	0.7910	0.7550	0.6946
75
0526	0.4841	0.9417	0.8327	0.7260	0.0529s	0.7907	0.7580	0.6980
76
0527	0.4199	0.9417	0.8312	0.7240	0.0529s	0.7905	0.7620	0.7019
77
0528	0.4280	0.9750	0.8314	0.7240	0.0530s	0.7896	0.7630	0.7027
78
0529	0.4412	0.9667	0.8320	0.7220	0.0536s	0.7877	0.7630	0.7047
79
0530	0.4727	0.9250	0.8350	0.7260	0.0533s	0.7873	0.7580	0.6995
80
0531	0.4488	0.9583	0.8389	0.7240	0.0530s	0.7892	0.7540	0.6951
81
0532	0.4605	0.9583	0.8413	0.7240	0.0622s	0.7911	0.7560	0.6968
82
0533	0.4516	0.9667	0.8426	0.7260	0.0603s	0.7926	0.7580	0.6988
83
0534	0.4373	0.9250	0.8421	0.7260	0.0601s	0.7923	0.7570	0.6959
84
0535	0.4284	0.9667	0.8403	0.7220	0.0868s	0.7912	0.7600	0.6992
85
0536	0.4439	0.9583	0.8370	0.7200	0.0749s	0.7900	0.7560	0.6960
86
0537	0.4568	0.9333	0.8319	0.7260	0.0762s	0.7875	0.7570	0.6990
87
0538	0.4016	0.9667	0.8298	0.7260	0.0741s	0.7858	0.7590	0.7029
88
0539	0.4245	0.9500	0.8303	0.7240	0.0740s	0.7860	0.7590	0.7004
89
0540	0.4540	0.9417	0.8326	0.7280	0.0740s	0.7875	0.7540	0.6925
90
0541	0.4498	0.9750	0.8381	0.7300	0.0739s	0.7906	0.7540	0.6925
91
0542	0.4416	0.9417	0.8420	0.7260	0.0739s	0.7924	0.7570	0.6951
92
0543	0.4260	0.9667	0.8435	0.7180	0.0739s	0.7937	0.7540	0.6932
93
0544	0.4475	0.9333	0.8425	0.7200	0.0740s	0.7937	0.7530	0.6932
94
0545	0.4459	0.9583	0.8394	0.7200	0.0738s	0.7922	0.7520	0.6926
95
0546	0.4423	0.9417	0.8335	0.7260	0.0739s	0.7875	0.7580	0.6979
96
0547	0.4723	0.9583	0.8304	0.7280	0.0734s	0.7854	0.7600	0.7010
97
0548	0.4643	0.9167	0.8313	0.7260	0.0684s	0.7865	0.7580	0.6983
98
0549	0.4532	0.9583	0.8326	0.7280	0.0622s	0.7865	0.7580	0.6983
99
0550	0.4593	0.9500	0.8365	0.7280	0.0610s	0.7879	0.7540	0.6955
100
0551	0.4467	0.9667	0.8380	0.7200	0.0607s	0.7898	0.7500	0.6926
101
0552	0.4403	0.9500	0.8408	0.7180	0.0605s	0.7923	0.7510	0.6937
102
0553	0.4272	0.9583	0.8377	0.7220	0.0667s	0.7910	0.7540	0.6962
103
0554	0.4316	0.9417	0.8343	0.7300	0.0649s	0.7891	0.7600	0.7016
104
0555	0.4175	0.9417	0.8332	0.7280	0.0634s	0.7883	0.7570	0.6976
105
0556	0.4357	0.9417	0.8334	0.7300	0.0632s	0.7880	0.7560	0.6966
106
0557	0.4427	0.9667	0.8359	0.7260	0.0616s	0.7889	0.7540	0.6951
107
0558	0.4720	0.9417	0.8366	0.7200	0.0600s	0.7889	0.7530	0.6950
108
0559	0.4344	0.9333	0.8372	0.7160	0.0606s	0.7889	0.7490	0.6920
109
0560	0.4044	0.9750	0.8321	0.7220	0.0601s	0.7858	0.7530	0.6958
110
0561	0.4316	0.9583	0.8280	0.7280	0.0603s	0.7836	0.7600	0.7039
111
0562	0.4284	0.9333	0.8275	0.7280	0.0600s	0.7837	0.7650	0.7106
112
0563	0.4106	0.9667	0.8300	0.7260	0.0611s	0.7864	0.7640	0.7077
113
0564	0.4488	0.9500	0.8325	0.7260	0.0607s	0.7890	0.7600	0.6994
114
0565	0.4434	0.9583	0.8355	0.7220	0.0608s	0.7909	0.7550	0.6943
115
0566	0.4432	0.9667	0.8379	0.7200	0.0603s	0.7917	0.7550	0.6942
116
0567	0.4509	0.9000	0.8335	0.7220	0.0599s	0.7892	0.7570	0.6964
117
0568	0.4149	0.9417	0.8282	0.7280	0.0600s	0.7859	0.7580	0.6976
118
0569	0.4256	0.9750	0.8281	0.7300	0.0616s	0.7847	0.7600	0.7012
119
0570	0.4204	0.9667	0.8307	0.7300	0.0609s	0.7855	0.7600	0.7011
120
0571	0.4436	0.9417	0.8353	0.7260	0.0609s	0.7877	0.7550	0.6964
121
0572	0.4637	0.9583	0.8379	0.7220	0.0608s	0.7906	0.7510	0.6903
122
0573	0.4782	0.9417	0.8379	0.7220	0.0603s	0.7928	0.7520	0.6917
123
0574	0.4536	0.9417	0.8349	0.7240	0.0604s	0.7925	0.7540	0.6942
124
0575	0.4630	0.9250	0.8312	0.7240	0.0622s	0.7909	0.7580	0.6976
125
0576	0.4306	0.9750	0.8313	0.7280	0.0607s	0.7891	0.7600	0.7015
126
0577	0.4576	0.9250	0.8319	0.7300	0.0617s	0.7878	0.7560	0.6972
127
0578	0.4448	0.9667	0.8310	0.7300	0.0615s	0.7868	0.7560	0.6970
128
0579	0.4443	0.9500	0.8322	0.7300	0.0607s	0.7875	0.7560	0.6974
129
0580	0.4213	0.9750	0.8356	0.7240	0.0606s	0.7898	0.7540	0.6936
130
0581	0.4134	0.9500	0.8355	0.7200	0.0603s	0.7910	0.7560	0.6959
131
0582	0.4512	0.9417	0.8352	0.7220	0.0605s	0.7919	0.7580	0.6981
132
0583	0.4445	0.9417	0.8302	0.7280	0.0652s	0.7897	0.7610	0.7005
133
0584	0.4101	0.9417	0.8281	0.7300	0.0617s	0.7877	0.7600	0.6994
134
0585	0.4404	0.9583	0.8282	0.7300	0.0602s	0.7864	0.7560	0.6994
135
0586	0.4510	0.9583	0.8288	0.7300	0.0604s	0.7854	0.7580	0.7014
136
0587	0.4272	0.9583	0.8305	0.7300	0.0604s	0.7857	0.7600	0.7036
137
0588	0.4390	0.9667	0.8367	0.7260	0.0609s	0.7888	0.7590	0.7031
138
0589	0.4276	0.9500	0.8394	0.7240	0.0609s	0.7902	0.7560	0.6999
139
0590	0.4541	0.9333	0.8373	0.7260	0.0617s	0.7896	0.7550	0.6961
140
0591	0.4621	0.9500	0.8306	0.7300	0.0604s	0.7872	0.7600	0.7007
141
0592	0.4226	0.9750	0.8265	0.7280	0.0605s	0.7859	0.7590	0.6996
142
0593	0.4652	0.9167	0.8264	0.7280	0.0611s	0.7854	0.7590	0.7002
143
0594	0.4371	0.9667	0.8285	0.7300	0.0606s	0.7857	0.7570	0.6991
144
0595	0.4447	0.9167	0.8325	0.7300	0.0610s	0.7876	0.7610	0.7032
145
0596	0.4677	0.9333	0.8360	0.7220	0.0611s	0.7889	0.7610	0.7028
146
0597	0.4746	0.9417	0.8344	0.7240	0.0603s	0.7865	0.7560	0.6996
147
0598	0.4568	0.9500	0.8330	0.7300	0.0605s	0.7852	0.7570	0.6983
148
0599	0.4444	0.9250	0.8314	0.7280	0.0614s	0.7846	0.7580	0.6987
149
0600	0.4558	0.9417	0.8302	0.7280	0.0603s	0.7840	0.7570	0.6978
150
0601	0.4220	0.9750	0.8290	0.7280	0.0609s	0.7836	0.7560	0.6974
151
0602	0.3927	0.9333	0.8296	0.7300	0.0618s	0.7838	0.7600	0.7016
152
0603	0.4450	0.9333	0.8299	0.7280	0.0606s	0.7846	0.7590	0.7011
153
0604	0.4289	0.9333	0.8324	0.7240	0.0604s	0.7859	0.7570	0.6970
154
0605	0.4424	0.9583	0.8298	0.7260	0.0615s	0.7849	0.7550	0.6949
155
0606	0.4509	0.9583	0.8284	0.7280	0.0604s	0.7844	0.7560	0.6956
156
0607	0.4357	0.9417	0.8293	0.7300	0.0607s	0.7845	0.7540	0.6955
157
0608	0.4570	0.9167	0.8299	0.7280	0.0609s	0.7845	0.7540	0.6935
158
0609	0.4416	0.9167	0.8312	0.7260	0.0605s	0.7848	0.7580	0.6972
159
0610	0.4200	0.9583	0.8356	0.7260	0.0793s	0.7865	0.7580	0.6976
160
0611	0.4450	0.9583	0.8386	0.7180	0.0643s	0.7882	0.7540	0.6945
161
0612	0.4420	0.9417	0.8394	0.7180	0.0574s	0.7891	0.7510	0.6919
162
0613	0.4340	0.9750	0.8356	0.7200	0.0530s	0.7882	0.7540	0.6943
163
0614	0.4230	0.9500	0.8328	0.7260	0.0536s	0.7885	0.7530	0.6932
164
0615	0.4237	0.9500	0.8292	0.7300	0.0527s	0.7874	0.7560	0.6955
165
0616	0.4515	0.9667	0.8269	0.7260	0.0521s	0.7858	0.7620	0.7006
166
0617	0.4143	0.9750	0.8300	0.7300	0.0532s	0.7856	0.7640	0.7047
167
0618	0.4545	0.9083	0.8328	0.7240	0.0522s	0.7863	0.7610	0.7067
168
0619	0.4256	0.9250	0.8361	0.7240	0.0521s	0.7877	0.7580	0.7020
169
0620	0.4259	0.9667	0.8387	0.7160	0.0520s	0.7897	0.7520	0.6942
170
0621	0.4344	0.9750	0.8390	0.7160	0.0523s	0.7908	0.7500	0.6925
171
0622	0.4112	0.9583	0.8361	0.7220	0.0538s	0.7900	0.7470	0.6875
172
0623	0.4410	0.9583	0.8329	0.7200	0.0530s	0.7891	0.7560	0.6956
173
0624	0.4243	0.9667	0.8302	0.7240	0.0552s	0.7882	0.7610	0.6997
174
0625	0.4188	0.9417	0.8303	0.7240	0.0528s	0.7882	0.7630	0.7013
175
0626	0.4189	0.9917	0.8307	0.7240	0.0533s	0.7877	0.7620	0.7029
176
0627	0.4672	0.9417	0.8318	0.7240	0.0529s	0.7867	0.7620	0.7053
177
0628	0.4262	0.9250	0.8331	0.7240	0.0537s	0.7873	0.7550	0.6974
178
0629	0.4415	0.9417	0.8327	0.7220	0.0527s	0.7873	0.7550	0.6977
179
0630	0.4269	0.9333	0.8304	0.7240	0.0527s	0.7868	0.7600	0.7036
180
0631	0.4529	0.9500	0.8304	0.7260	0.0531s	0.7879	0.7610	0.7020
181
0632	0.4489	0.9583	0.8343	0.7260	0.0546s	0.7904	0.7550	0.6935
182
0633	0.4465	0.9500	0.8353	0.7260	0.0529s	0.7916	0.7550	0.6932
183
0634	0.4274	0.9667	0.8330	0.7240	0.0525s	0.7905	0.7560	0.6943
184
0635	0.3984	0.9500	0.8302	0.7280	0.0528s	0.7882	0.7590	0.7003
185
0636	0.4302	0.9833	0.8279	0.7280	0.0525s	0.7865	0.7600	0.7019
186
0637	0.4602	0.9250	0.8275	0.7280	0.0537s	0.7856	0.7570	0.6993
187
0638	0.4440	0.9417	0.8292	0.7280	0.0523s	0.7855	0.7550	0.6970
188
0639	0.4640	0.9667	0.8324	0.7280	0.0530s	0.7864	0.7560	0.6995
189
0640	0.4402	0.9500	0.8384	0.7220	0.0528s	0.7898	0.7540	0.6971
190
0641	0.4886	0.8917	0.8425	0.7220	0.0536s	0.7925	0.7530	0.6936
191
0642	0.4462	0.9667	0.8380	0.7260	0.0529s	0.7909	0.7540	0.6946
192
0643	0.4378	0.9500	0.8294	0.7280	0.0526s	0.7872	0.7630	0.7063
193
0644	0.4260	0.9583	0.8254	0.7260	0.0523s	0.7857	0.7590	0.7012
194
0645	0.4389	0.9167	0.8251	0.7260	0.0522s	0.7848	0.7590	0.7032
195
0646	0.4301	0.9167	0.8299	0.7260	0.0529s	0.7858	0.7580	0.7021
196
0647	0.4544	0.9500	0.8323	0.7240	0.0527s	0.7864	0.7550	0.6967
197
0648	0.4721	0.9667	0.8325	0.7240	0.0525s	0.7871	0.7540	0.6960
198
0649	0.4213	0.9667	0.8324	0.7260	0.0529s	0.7880	0.7570	0.6982
199
Early stop! Min loss:0.823392927646637,  Max accuracy:0.738
Early stop model validation loss:0.823392927646637,  accuracy:0.726
Optimization Finished!
Total time elapsed: 37.4122s
test max acc:0.7660
Loading 448th epoch
stru_node_to_hop attention:tensor([[0.2922, 0.3539, 0.3539],
        [0.2366, 0.4594, 0.3040],
        [0.3009, 0.3495, 0.3495],
        [0.2483, 0.3433, 0.4084],
        [0.2751, 0.3624, 0.3624],
        [0.3319, 0.3394, 0.3286],
        [0.3421, 0.3290, 0.3290],
        [0.2565, 0.2396, 0.5039],
        [0.5630, 0.2279, 0.2091],
        [0.4007, 0.3132, 0.2861],
        [0.4030, 0.3096, 0.2874],
        [0.2625, 0.3687, 0.3687],
        [0.2662, 0.3611, 0.3726],
        [0.2574, 0.3564, 0.3862],
        [0.2794, 0.3581, 0.3625],
        [0.2907, 0.3546, 0.3546],
        [0.2807, 0.3616, 0.3577],
        [0.2598, 0.3999, 0.3403],
        [0.2195, 0.2481, 0.5324],
        [0.2175, 0.4628, 0.3197],
        [0.2893, 0.3669, 0.3438],
        [0.3115, 0.3262, 0.3623],
        [0.2422, 0.3519, 0.4059],
        [0.2992, 0.3453, 0.3556],
        [0.3130, 0.3388, 0.3482],
        [0.4536, 0.2964, 0.2500],
        [0.4893, 0.2746, 0.2361],
        [0.2522, 0.2938, 0.4540],
        [0.2360, 0.4513, 0.3126],
        [0.3993, 0.2642, 0.3365],
        [0.3594, 0.3008, 0.3398],
        [0.3704, 0.2999, 0.3297],
        [0.3359, 0.3031, 0.3610],
        [0.2372, 0.3466, 0.4161],
        [0.2588, 0.3109, 0.4303],
        [0.2658, 0.3671, 0.3671],
        [0.2737, 0.3631, 0.3631],
        [0.2633, 0.3684, 0.3684],
        [0.2877, 0.3488, 0.3636],
        [0.2981, 0.3871, 0.3147],
        [0.2614, 0.3633, 0.3753],
        [0.3111, 0.3011, 0.3878],
        [0.4164, 0.2869, 0.2967],
        [0.4467, 0.3430, 0.2103],
        [0.2764, 0.3389, 0.3847],
        [0.3065, 0.3467, 0.3467],
        [0.2412, 0.3124, 0.4464],
        [0.3170, 0.3030, 0.3800],
        [0.3837, 0.2757, 0.3406],
        [0.2442, 0.4022, 0.3536],
        [0.2969, 0.3875, 0.3156],
        [0.2832, 0.3352, 0.3815],
        [0.4524, 0.2952, 0.2525],
        [0.5103, 0.2393, 0.2504],
        [0.4088, 0.2791, 0.3121],
        [0.5084, 0.2673, 0.2243],
        [0.2768, 0.3588, 0.3643],
        [0.2569, 0.3505, 0.3926],
        [0.2608, 0.3749, 0.3643],
        [0.2853, 0.2784, 0.4364],
        [0.5878, 0.1993, 0.2129],
        [0.4558, 0.2545, 0.2897],
        [0.3035, 0.3101, 0.3864],
        [0.3014, 0.3493, 0.3493],
        [0.2662, 0.3294, 0.4043],
        [0.3178, 0.3761, 0.3061],
        [0.2811, 0.3396, 0.3792],
        [0.2923, 0.3368, 0.3709],
        [0.2991, 0.3392, 0.3617],
        [0.3699, 0.3497, 0.2804],
        [0.2580, 0.3874, 0.3546],
        [0.2742, 0.3583, 0.3674],
        [0.3108, 0.3154, 0.3738],
        [0.3017, 0.3418, 0.3564],
        [0.2839, 0.3212, 0.3950],
        [0.2207, 0.4239, 0.3555],
        [0.2328, 0.4041, 0.3632],
        [0.2889, 0.3182, 0.3928],
        [0.2644, 0.4041, 0.3315],
        [0.2923, 0.4224, 0.2854],
        [0.2492, 0.3704, 0.3804],
        [0.2257, 0.4136, 0.3607],
        [0.2945, 0.3384, 0.3672],
        [0.2518, 0.4020, 0.3462],
        [0.2766, 0.3061, 0.4173],
        [0.3394, 0.3516, 0.3090],
        [0.2712, 0.3763, 0.3525],
        [0.2621, 0.3369, 0.4010],
        [0.2687, 0.3170, 0.4143],
        [0.2928, 0.3536, 0.3536],
        [0.5110, 0.2497, 0.2393],
        [0.4539, 0.2689, 0.2772],
        [0.2868, 0.2834, 0.4298],
        [0.3047, 0.3325, 0.3628],
        [0.2598, 0.3701, 0.3701],
        [0.6122, 0.1973, 0.1906],
        [0.6295, 0.1793, 0.1912],
        [0.2741, 0.3602, 0.3657],
        [0.2474, 0.3962, 0.3564],
        [0.6714, 0.1585, 0.1701]], device='cuda:1')
fea_node_to_hop attention:tensor([[0.2591, 0.3470, 0.1919, 0.2021],
        [0.3616, 0.2450, 0.1921, 0.2013],
        [0.2162, 0.4101, 0.1997, 0.1739],
        [0.2234, 0.3178, 0.2434, 0.2153],
        [0.3171, 0.3156, 0.1790, 0.1884],
        [0.3674, 0.2787, 0.1727, 0.1812],
        [0.3343, 0.2886, 0.1853, 0.1918],
        [0.7256, 0.0973, 0.0931, 0.0840],
        [0.4569, 0.2206, 0.1545, 0.1681],
        [0.4412, 0.2156, 0.1765, 0.1668],
        [0.3876, 0.2535, 0.1847, 0.1742],
        [0.3905, 0.2482, 0.1783, 0.1830],
        [0.5853, 0.1385, 0.1381, 0.1381],
        [0.2049, 0.3408, 0.2433, 0.2110],
        [0.2923, 0.3258, 0.2034, 0.1786],
        [0.2966, 0.3181, 0.2009, 0.1844],
        [0.2160, 0.2931, 0.2564, 0.2345],
        [0.2200, 0.3381, 0.2379, 0.2040],
        [0.3101, 0.2793, 0.2148, 0.1958],
        [0.6134, 0.1467, 0.1245, 0.1154],
        [0.2929, 0.2844, 0.2275, 0.1951],
        [0.2929, 0.3082, 0.2095, 0.1894],
        [0.2082, 0.3097, 0.2558, 0.2263],
        [0.2506, 0.3323, 0.2204, 0.1967],
        [0.1957, 0.3800, 0.2255, 0.1987],
        [0.4793, 0.1917, 0.1677, 0.1612],
        [0.5319, 0.1719, 0.1477, 0.1485],
        [0.2062, 0.3368, 0.2459, 0.2111],
        [0.2120, 0.3399, 0.2364, 0.2117],
        [0.2645, 0.3429, 0.2088, 0.1838],
        [0.3855, 0.2699, 0.1787, 0.1660],
        [0.2748, 0.3617, 0.1954, 0.1681],
        [0.2880, 0.3192, 0.2082, 0.1846],
        [0.2683, 0.3319, 0.2098, 0.1900],
        [0.3947, 0.2915, 0.1662, 0.1477],
        [0.2877, 0.2708, 0.2340, 0.2075],
        [0.2323, 0.3584, 0.2175, 0.1918],
        [0.3389, 0.2589, 0.2092, 0.1931],
        [0.2066, 0.3433, 0.2352, 0.2148],
        [0.2159, 0.3384, 0.2349, 0.2107],
        [0.2482, 0.3193, 0.2322, 0.2002],
        [0.2783, 0.3383, 0.2020, 0.1814],
        [0.5325, 0.1816, 0.1472, 0.1387],
        [0.2931, 0.3368, 0.1982, 0.1718],
        [0.2115, 0.3827, 0.2188, 0.1870],
        [0.1857, 0.4045, 0.2206, 0.1893],
        [0.3684, 0.2778, 0.1854, 0.1685],
        [0.2385, 0.3859, 0.1997, 0.1758],
        [0.2345, 0.4011, 0.1990, 0.1653],
        [0.2227, 0.2903, 0.2548, 0.2322],
        [0.3317, 0.2454, 0.2192, 0.2036],
        [0.2831, 0.2923, 0.2242, 0.2005],
        [0.4587, 0.2182, 0.1662, 0.1569],
        [0.4909, 0.2368, 0.1404, 0.1319],
        [0.3936, 0.2507, 0.1849, 0.1708],
        [0.3875, 0.2613, 0.1799, 0.1713],
        [0.2001, 0.2869, 0.2747, 0.2383],
        [0.2404, 0.3232, 0.2331, 0.2033],
        [0.2180, 0.3031, 0.2526, 0.2263],
        [0.3734, 0.2414, 0.2004, 0.1848],
        [0.6355, 0.1293, 0.1177, 0.1175],
        [0.3290, 0.2925, 0.2006, 0.1779],
        [0.2225, 0.3685, 0.2232, 0.1858],
        [0.3525, 0.2760, 0.1967, 0.1747],
        [0.1871, 0.3741, 0.2363, 0.2025],
        [0.3062, 0.3513, 0.1784, 0.1642],
        [0.1976, 0.3089, 0.2582, 0.2352],
        [0.2323, 0.3591, 0.2195, 0.1891],
        [0.2174, 0.3407, 0.2392, 0.2027],
        [0.3932, 0.2865, 0.1695, 0.1508],
        [0.2050, 0.3222, 0.2489, 0.2239],
        [0.2682, 0.2933, 0.2296, 0.2090],
        [0.2843, 0.3268, 0.2071, 0.1818],
        [0.1997, 0.3801, 0.2259, 0.1943],
        [0.5470, 0.1805, 0.1432, 0.1292],
        [0.3274, 0.2984, 0.1957, 0.1785],
        [0.3651, 0.2934, 0.1873, 0.1542],
        [0.2355, 0.2871, 0.2488, 0.2286],
        [0.2700, 0.2625, 0.2511, 0.2164],
        [0.4860, 0.2076, 0.1599, 0.1465],
        [0.2317, 0.3471, 0.2246, 0.1966],
        [0.2675, 0.2827, 0.2371, 0.2128],
        [0.2571, 0.3433, 0.2167, 0.1829],
        [0.2164, 0.2863, 0.2571, 0.2403],
        [0.2462, 0.2680, 0.2531, 0.2326],
        [0.6692, 0.1320, 0.1029, 0.0959],
        [0.2122, 0.3343, 0.2414, 0.2121],
        [0.2579, 0.2887, 0.2413, 0.2121],
        [0.2857, 0.3041, 0.2198, 0.1904],
        [0.2987, 0.2772, 0.2214, 0.2026],
        [0.3719, 0.2942, 0.1728, 0.1612],
        [0.2820, 0.3402, 0.2024, 0.1754],
        [0.1900, 0.3602, 0.2437, 0.2061],
        [0.2025, 0.2798, 0.2672, 0.2505],
        [0.2119, 0.3108, 0.2500, 0.2273],
        [0.3657, 0.2776, 0.1894, 0.1672],
        [0.3399, 0.2380, 0.2176, 0.2044],
        [0.2362, 0.3635, 0.2125, 0.1878],
        [0.1990, 0.2967, 0.2596, 0.2447],
        [0.6142, 0.1305, 0.1273, 0.1280]], device='cuda:1')
perception attention:tensor([0.4419, 0.5581], device='cuda:1')
Test set results: loss= 0.7847 accuracy= 0.7620 F1_score= 0.7055
