# epoch	loss_train	acc_train	loss_val	acc_val	time	acc_test	f1_test
0001	1.7935	0.1583	1.7866	0.1740	0.0531s	1.7850	0.1880	0.0623
0
0002	1.7878	0.1750	1.7867	0.2580	0.0530s	1.7849	0.2740	0.1293
0
0003	1.7860	0.1750	1.7869	0.2440	0.0530s	1.7847	0.2660	0.1177
0
0004	1.7814	0.2500	1.7870	0.2320	0.0531s	1.7843	0.2520	0.1007
1
0005	1.7793	0.3167	1.7868	0.2420	0.0530s	1.7839	0.2650	0.1276
2
0006	1.7731	0.3500	1.7863	0.2680	0.0535s	1.7833	0.3060	0.2051
3
0007	1.7698	0.3750	1.7850	0.3100	0.0561s	1.7820	0.3410	0.2535
0
0008	1.7635	0.4667	1.7836	0.2720	0.0542s	1.7804	0.3100	0.2350
0
0009	1.7591	0.3917	1.7820	0.2420	0.0536s	1.7785	0.2740	0.2114
0
0010	1.7467	0.4500	1.7801	0.2340	0.0546s	1.7762	0.2680	0.2138
0
0011	1.7406	0.3833	1.7777	0.2240	0.0532s	1.7732	0.2640	0.2089
0
0012	1.7335	0.4083	1.7747	0.2420	0.0532s	1.7695	0.2830	0.2174
0
0013	1.7189	0.5417	1.7707	0.2600	0.0531s	1.7650	0.3050	0.2257
0
0014	1.7144	0.4833	1.7670	0.2580	0.0556s	1.7605	0.3070	0.2262
0
0015	1.7038	0.4917	1.7617	0.2800	0.0537s	1.7548	0.3230	0.2358
0
0016	1.6925	0.5083	1.7558	0.3080	0.0532s	1.7484	0.3360	0.2441
0
0017	1.6732	0.5167	1.7491	0.3140	0.0542s	1.7413	0.3560	0.2559
0
0018	1.6615	0.5417	1.7419	0.3200	0.0542s	1.7338	0.3590	0.2570
0
0019	1.6502	0.5667	1.7339	0.3260	0.0535s	1.7254	0.3680	0.2622
0
0020	1.6240	0.5750	1.7251	0.3380	0.0533s	1.7162	0.3720	0.2706
0
0021	1.6117	0.5750	1.7163	0.3500	0.0550s	1.7068	0.3790	0.2804
0
0022	1.5888	0.7000	1.7074	0.3540	0.0533s	1.6973	0.3840	0.2985
0
0023	1.5849	0.6500	1.6986	0.3540	0.0531s	1.6876	0.3910	0.3103
0
0024	1.5568	0.6583	1.6890	0.3700	0.0538s	1.6774	0.3990	0.3205
0
0025	1.5456	0.6417	1.6785	0.3900	0.0531s	1.6665	0.4300	0.3536
0
0026	1.5121	0.7083	1.6672	0.4200	0.0530s	1.6546	0.4520	0.3742
0
0027	1.4977	0.7167	1.6554	0.4400	0.0532s	1.6425	0.4650	0.3888
0
0028	1.4556	0.7667	1.6436	0.4660	0.0535s	1.6305	0.4850	0.4210
0
0029	1.4530	0.7500	1.6313	0.4720	0.0536s	1.6179	0.4950	0.4408
0
0030	1.4167	0.8167	1.6194	0.4720	0.0533s	1.6058	0.5050	0.4599
0
0031	1.3881	0.7750	1.6062	0.4800	0.0534s	1.5921	0.5160	0.4756
0
0032	1.3807	0.8000	1.5926	0.4860	0.0530s	1.5777	0.5280	0.4853
0
0033	1.3819	0.8083	1.5799	0.4880	0.0535s	1.5642	0.5260	0.4821
0
0034	1.3460	0.7833	1.5672	0.4920	0.0545s	1.5503	0.5330	0.4884
0
0035	1.2882	0.8500	1.5553	0.4920	0.0540s	1.5372	0.5420	0.5005
0
0036	1.3038	0.8333	1.5427	0.5020	0.0534s	1.5239	0.5430	0.5052
0
0037	1.2812	0.8667	1.5276	0.5300	0.0530s	1.5088	0.5670	0.5360
0
0038	1.2507	0.8333	1.5114	0.5380	0.0531s	1.4924	0.5800	0.5457
0
0039	1.2173	0.8167	1.4953	0.5500	0.0530s	1.4760	0.5870	0.5514
0
0040	1.2248	0.8167	1.4802	0.5540	0.0531s	1.4605	0.5880	0.5523
0
0041	1.1659	0.8667	1.4672	0.5640	0.0538s	1.4463	0.5970	0.5604
0
0042	1.1687	0.8583	1.4540	0.5740	0.0532s	1.4318	0.6060	0.5695
0
0043	1.1619	0.9083	1.4424	0.5860	0.0530s	1.4188	0.6080	0.5718
0
0044	1.1537	0.8583	1.4298	0.5920	0.0531s	1.4048	0.6120	0.5765
0
0045	1.0972	0.8333	1.4181	0.5980	0.0533s	1.3917	0.6150	0.5794
0
0046	1.0887	0.8500	1.4042	0.6000	0.0531s	1.3773	0.6160	0.5807
0
0047	1.0652	0.8917	1.3898	0.6020	0.0527s	1.3625	0.6160	0.5801
0
0048	1.0798	0.8917	1.3751	0.6020	0.0530s	1.3479	0.6240	0.5877
0
0049	1.0768	0.8750	1.3616	0.6120	0.0532s	1.3344	0.6280	0.5926
0
0050	1.0517	0.8500	1.3490	0.6180	0.0534s	1.3209	0.6370	0.6015
0
0051	1.0169	0.8833	1.3389	0.6260	0.0532s	1.3092	0.6400	0.6035
0
0052	1.0132	0.9000	1.3293	0.6280	0.0530s	1.2981	0.6490	0.6125
0
0053	0.9913	0.9333	1.3184	0.6320	0.0533s	1.2862	0.6510	0.6148
0
0054	1.0041	0.8750	1.3054	0.6360	0.0530s	1.2734	0.6500	0.6145
0
0055	1.0089	0.8667	1.2946	0.6380	0.0531s	1.2623	0.6480	0.6136
0
0056	0.9955	0.8750	1.2831	0.6440	0.0532s	1.2508	0.6540	0.6210
0
0057	0.9451	0.8667	1.2715	0.6520	0.0531s	1.2394	0.6580	0.6233
0
0058	0.9245	0.9167	1.2606	0.6620	0.0612s	1.2286	0.6660	0.6315
0
0059	0.9539	0.9000	1.2504	0.6600	0.0561s	1.2183	0.6750	0.6398
0
0060	0.9409	0.9167	1.2422	0.6620	0.0542s	1.2092	0.6750	0.6385
0
0061	0.9351	0.9500	1.2344	0.6620	0.0542s	1.2008	0.6760	0.6392
0
0062	0.9904	0.8917	1.2271	0.6580	0.0531s	1.1921	0.6770	0.6406
0
0063	0.9280	0.9250	1.2182	0.6660	0.0530s	1.1821	0.6800	0.6438
0
0064	0.9337	0.9167	1.2077	0.6660	0.0531s	1.1713	0.6890	0.6529
0
0065	0.9442	0.9000	1.1963	0.6780	0.0531s	1.1601	0.6910	0.6548
0
0066	0.8826	0.9333	1.1876	0.6700	0.0530s	1.1513	0.6960	0.6599
0
0067	0.9062	0.9583	1.1792	0.6760	0.0530s	1.1432	0.6980	0.6610
0
0068	0.8729	0.9333	1.1724	0.6740	0.0531s	1.1361	0.6950	0.6579
0
0069	0.8816	0.8667	1.1648	0.6780	0.0532s	1.1290	0.7000	0.6619
0
0070	0.9152	0.8917	1.1560	0.6820	0.0530s	1.1206	0.7020	0.6637
0
0071	0.9008	0.9250	1.1447	0.6860	0.0531s	1.1099	0.7140	0.6758
0
0072	0.8611	0.9250	1.1360	0.6940	0.0531s	1.1012	0.7140	0.6780
0
0073	0.8597	0.9417	1.1325	0.6920	0.0535s	1.0955	0.7090	0.6728
0
0074	0.8284	0.9000	1.1308	0.6840	0.0533s	1.0917	0.7050	0.6683
0
0075	0.8471	0.9000	1.1270	0.6840	0.0533s	1.0866	0.7040	0.6669
0
0076	0.8329	0.9167	1.1192	0.6840	0.0531s	1.0790	0.7080	0.6709
0
0077	0.8334	0.9583	1.1103	0.6900	0.0533s	1.0712	0.7060	0.6648
0
0078	0.8352	0.9333	1.0977	0.6880	0.0532s	1.0603	0.7170	0.6763
0
0079	0.8411	0.9250	1.0892	0.6900	0.0532s	1.0523	0.7220	0.6851
0
0080	0.8656	0.8750	1.0845	0.6980	0.0561s	1.0470	0.7260	0.6902
0
0081	0.8309	0.9167	1.0810	0.6960	0.0545s	1.0427	0.7230	0.6868
0
0082	0.8364	0.9083	1.0764	0.6940	0.0557s	1.0386	0.7200	0.6827
0
0083	0.8463	0.9333	1.0724	0.7020	0.0542s	1.0353	0.7150	0.6765
0
0084	0.7857	0.9500	1.0661	0.7080	0.0544s	1.0299	0.7190	0.6802
0
0085	0.7789	0.9333	1.0576	0.7080	0.0545s	1.0221	0.7220	0.6860
0
0086	0.8266	0.8750	1.0508	0.7120	0.0541s	1.0148	0.7280	0.6921
0
0087	0.8102	0.9333	1.0473	0.7060	0.0815s	1.0098	0.7280	0.6925
0
0088	0.7873	0.9417	1.0471	0.6980	0.0639s	1.0079	0.7330	0.6967
0
0089	0.7941	0.9667	1.0455	0.6980	0.0605s	1.0055	0.7250	0.6848
0
0090	0.7910	0.9083	1.0399	0.6980	0.0605s	1.0008	0.7230	0.6801
0
0091	0.7328	0.9250	1.0311	0.7040	0.0606s	0.9937	0.7240	0.6825
0
0092	0.7500	0.9250	1.0232	0.7100	0.0605s	0.9869	0.7300	0.6891
0
0093	0.7900	0.9500	1.0182	0.7160	0.0605s	0.9816	0.7330	0.6970
0
0094	0.7417	0.9667	1.0154	0.7180	0.0605s	0.9779	0.7360	0.7000
0
0095	0.7733	0.9083	1.0127	0.7120	0.0605s	0.9741	0.7340	0.6978
0
0096	0.7567	0.9667	1.0088	0.7100	0.0768s	0.9697	0.7350	0.6989
0
0097	0.7136	0.9583	1.0059	0.7020	0.0649s	0.9668	0.7290	0.6881
0
0098	0.7587	0.9000	1.0036	0.7000	0.0619s	0.9646	0.7300	0.6890
0
0099	0.7303	0.9500	1.0004	0.7040	0.0619s	0.9622	0.7300	0.6898
0
0100	0.6888	0.9333	0.9952	0.7120	0.0618s	0.9584	0.7330	0.6943
0
0101	0.7316	0.9250	0.9898	0.7180	0.0621s	0.9540	0.7390	0.7028
0
0102	0.7064	0.8917	0.9854	0.7180	0.0619s	0.9498	0.7360	0.7002
0
0103	0.7104	0.9500	0.9845	0.7180	0.0621s	0.9473	0.7370	0.7014
0
0104	0.6816	0.9750	0.9827	0.7140	0.0628s	0.9444	0.7340	0.6984
0
0105	0.7184	0.9167	0.9807	0.7180	0.0619s	0.9418	0.7320	0.6967
0
0106	0.7244	0.9750	0.9782	0.7120	0.0631s	0.9401	0.7320	0.6960
0
0107	0.7376	0.9333	0.9752	0.7160	0.0618s	0.9387	0.7370	0.7007
0
0108	0.6957	0.9167	0.9697	0.7100	0.0631s	0.9355	0.7380	0.7016
0
0109	0.6844	0.9333	0.9662	0.7200	0.0619s	0.9324	0.7410	0.7050
0
0110	0.7016	0.9417	0.9635	0.7240	0.0618s	0.9288	0.7400	0.7043
0
0111	0.7137	0.9500	0.9607	0.7220	0.0623s	0.9247	0.7410	0.7050
0
0112	0.6797	0.9500	0.9569	0.7220	0.0558s	0.9205	0.7390	0.7036
0
0113	0.6824	0.9333	0.9534	0.7240	0.0542s	0.9177	0.7350	0.6990
0
0114	0.6521	0.9583	0.9509	0.7220	0.0543s	0.9155	0.7360	0.6999
0
0115	0.6450	0.9750	0.9503	0.7200	0.0532s	0.9144	0.7410	0.7041
0
0116	0.6374	0.9500	0.9483	0.7180	0.0531s	0.9129	0.7420	0.7047
0
0117	0.6669	0.9417	0.9460	0.7220	0.0542s	0.9110	0.7410	0.7019
0
0118	0.6342	0.9750	0.9431	0.7240	0.0532s	0.9084	0.7400	0.6984
0
0119	0.6885	0.9417	0.9404	0.7280	0.0530s	0.9053	0.7410	0.6995
0
0120	0.6493	0.9583	0.9371	0.7280	0.0533s	0.9020	0.7420	0.7012
0
0121	0.6501	0.9500	0.9380	0.7340	0.0530s	0.9015	0.7420	0.7041
0
0122	0.6404	0.9250	0.9387	0.7320	0.0541s	0.9012	0.7430	0.7049
0
0123	0.6183	0.9417	0.9391	0.7280	0.0534s	0.9013	0.7430	0.7046
1
0124	0.6682	0.9333	0.9367	0.7300	0.0533s	0.8998	0.7420	0.7020
2
0125	0.6820	0.9333	0.9322	0.7280	0.0540s	0.8966	0.7410	0.6994
0
0126	0.6213	0.9583	0.9287	0.7280	0.0532s	0.8926	0.7430	0.7001
0
0127	0.6386	0.9417	0.9265	0.7260	0.0531s	0.8891	0.7390	0.6953
0
0128	0.6298	0.9667	0.9260	0.7200	0.0534s	0.8869	0.7410	0.6969
0
0129	0.6343	0.9667	0.9237	0.7200	0.0533s	0.8851	0.7410	0.6967
0
0130	0.6216	0.9500	0.9219	0.7260	0.0532s	0.8836	0.7410	0.6984
0
0131	0.6108	0.9083	0.9203	0.7360	0.0531s	0.8827	0.7420	0.7020
0
0132	0.6009	0.9500	0.9198	0.7400	0.0550s	0.8823	0.7400	0.6999
0
0133	0.5751	0.9667	0.9209	0.7340	0.0535s	0.8815	0.7420	0.7018
0
0134	0.5828	0.9417	0.9232	0.7240	0.0529s	0.8818	0.7420	0.7005
1
0135	0.5860	0.9583	0.9230	0.7200	0.0531s	0.8812	0.7400	0.6972
2
0136	0.5839	0.9417	0.9200	0.7240	0.0530s	0.8792	0.7410	0.6969
3
0137	0.6170	0.9583	0.9143	0.7260	0.0539s	0.8759	0.7430	0.6973
4
0138	0.6117	0.9417	0.9104	0.7220	0.0533s	0.8731	0.7440	0.6991
0
0139	0.6099	0.9333	0.9096	0.7200	0.0529s	0.8717	0.7450	0.7015
0
0140	0.6136	0.9667	0.9097	0.7240	0.0530s	0.8707	0.7440	0.7007
0
0141	0.5701	0.9500	0.9093	0.7240	0.0541s	0.8695	0.7420	0.6987
1
0142	0.5667	0.9583	0.9095	0.7180	0.0532s	0.8690	0.7420	0.6980
0
0143	0.5830	0.9167	0.9096	0.7160	0.0530s	0.8681	0.7420	0.6978
1
0144	0.5663	0.9417	0.9071	0.7180	0.0531s	0.8659	0.7410	0.6937
2
0145	0.5589	0.9417	0.9052	0.7160	0.0530s	0.8640	0.7400	0.6914
0
0146	0.5896	0.9417	0.9047	0.7160	0.0530s	0.8635	0.7410	0.6938
0
0147	0.5363	0.9833	0.9036	0.7160	0.0530s	0.8631	0.7400	0.6960
0
0148	0.5461	0.9500	0.9005	0.7220	0.0529s	0.8620	0.7430	0.6993
0
0149	0.5684	0.9500	0.8966	0.7220	0.0531s	0.8602	0.7450	0.7020
0
0150	0.5524	0.9583	0.8955	0.7220	0.0611s	0.8581	0.7400	0.6971
0
0151	0.5421	0.9083	0.8954	0.7220	0.0577s	0.8569	0.7440	0.7001
0
0152	0.5715	0.9500	0.8982	0.7200	0.0543s	0.8572	0.7470	0.7028
0
0153	0.5336	0.9583	0.8979	0.7200	0.0535s	0.8564	0.7460	0.7003
1
0154	0.5299	0.9667	0.8951	0.7200	0.0542s	0.8541	0.7470	0.7017
2
0155	0.5508	0.9167	0.8908	0.7180	0.0530s	0.8519	0.7430	0.6974
0
0156	0.5690	0.9417	0.8890	0.7240	0.0531s	0.8513	0.7450	0.6992
0
0157	0.5456	0.9500	0.8894	0.7240	0.0532s	0.8513	0.7460	0.7016
0
0158	0.5410	0.9583	0.8923	0.7200	0.0530s	0.8509	0.7460	0.7006
1
0159	0.5263	0.9500	0.8979	0.7160	0.0530s	0.8520	0.7440	0.6998
2
0160	0.5103	0.9750	0.8995	0.7140	0.0534s	0.8517	0.7460	0.7004
3
0161	0.5279	0.9333	0.8944	0.7160	0.0546s	0.8485	0.7500	0.7041
4
0162	0.5082	0.9500	0.8865	0.7220	0.0542s	0.8447	0.7460	0.6945
5
0163	0.5330	0.9417	0.8793	0.7260	0.0549s	0.8414	0.7390	0.6849
0
0164	0.5337	0.9833	0.8755	0.7300	0.0548s	0.8399	0.7430	0.6911
0
0165	0.5196	0.9833	0.8795	0.7200	0.0535s	0.8404	0.7400	0.6898
0
0166	0.5503	0.9583	0.8860	0.7140	0.0539s	0.8420	0.7390	0.6885
1
0167	0.5269	0.9500	0.8893	0.7100	0.0532s	0.8428	0.7370	0.6868
2
0168	0.5623	0.9417	0.8865	0.7140	0.0531s	0.8406	0.7400	0.6898
3
0169	0.5210	0.9500	0.8856	0.7180	0.0533s	0.8394	0.7420	0.6913
4
0170	0.5091	0.9583	0.8827	0.7260	0.0559s	0.8382	0.7480	0.6999
5
0171	0.5380	0.9167	0.8804	0.7240	0.0553s	0.8380	0.7420	0.6866
6
0172	0.5086	0.9750	0.8795	0.7220	0.0534s	0.8375	0.7400	0.6845
7
0173	0.5225	0.9417	0.8758	0.7260	0.0531s	0.8346	0.7410	0.6883
8
0174	0.5284	0.9333	0.8762	0.7240	0.0530s	0.8336	0.7400	0.6882
9
0175	0.5391	0.9417	0.8768	0.7220	0.0551s	0.8331	0.7430	0.6930
10
0176	0.5387	0.9500	0.8794	0.7240	0.0532s	0.8334	0.7450	0.6940
11
0177	0.4980	0.9417	0.8810	0.7200	0.0532s	0.8340	0.7390	0.6862
12
0178	0.4938	0.9167	0.8809	0.7260	0.0528s	0.8352	0.7420	0.6866
13
0179	0.5264	0.9333	0.8779	0.7220	0.0534s	0.8344	0.7420	0.6848
14
0180	0.4982	0.9500	0.8730	0.7260	0.0532s	0.8311	0.7440	0.6874
15
0181	0.5037	0.9417	0.8713	0.7260	0.0530s	0.8285	0.7440	0.6922
0
0182	0.5117	0.9333	0.8724	0.7260	0.0532s	0.8285	0.7420	0.6903
0
0183	0.5130	0.9167	0.8740	0.7240	0.0533s	0.8289	0.7390	0.6874
1
0184	0.5531	0.9583	0.8765	0.7200	0.0531s	0.8297	0.7380	0.6876
2
0185	0.5209	0.9167	0.8767	0.7200	0.0530s	0.8301	0.7420	0.6909
3
0186	0.4891	0.9667	0.8730	0.7220	0.0531s	0.8288	0.7410	0.6887
4
0187	0.5246	0.9083	0.8667	0.7260	0.0530s	0.8270	0.7410	0.6873
5
0188	0.4944	0.9667	0.8642	0.7220	0.0531s	0.8266	0.7410	0.6871
0
0189	0.5393	0.9417	0.8636	0.7220	0.0532s	0.8251	0.7430	0.6909
0
0190	0.5136	0.9417	0.8673	0.7200	0.0541s	0.8246	0.7410	0.6888
0
0191	0.4821	0.9667	0.8708	0.7240	0.0529s	0.8255	0.7470	0.6983
1
0192	0.5024	0.9583	0.8737	0.7200	0.0531s	0.8267	0.7480	0.6988
2
0193	0.4750	0.9250	0.8748	0.7220	0.0531s	0.8270	0.7420	0.6930
3
0194	0.5073	0.9583	0.8741	0.7140	0.0528s	0.8276	0.7410	0.6866
4
0195	0.5225	0.9333	0.8704	0.7180	0.0531s	0.8270	0.7410	0.6852
5
0196	0.5202	0.9500	0.8655	0.7200	0.0530s	0.8244	0.7420	0.6865
6
0197	0.5278	0.9583	0.8630	0.7220	0.0542s	0.8218	0.7440	0.6927
7
0198	0.5019	0.9667	0.8633	0.7220	0.0531s	0.8204	0.7470	0.6969
0
0199	0.5072	0.9333	0.8645	0.7200	0.0530s	0.8201	0.7450	0.6949
1
0200	0.4841	0.9667	0.8676	0.7160	0.0531s	0.8209	0.7400	0.6883
2
0201	0.5214	0.9583	0.8689	0.7160	0.0531s	0.8215	0.7420	0.6900
3
0202	0.4766	0.9583	0.8700	0.7160	0.0530s	0.8226	0.7420	0.6863
4
0203	0.5061	0.9417	0.8659	0.7160	0.0531s	0.8208	0.7420	0.6867
5
0204	0.5117	0.9583	0.8606	0.7140	0.0541s	0.8178	0.7430	0.6879
6
0205	0.4900	0.9667	0.8573	0.7200	0.0531s	0.8151	0.7470	0.6912
0
0206	0.5006	0.9417	0.8574	0.7180	0.0529s	0.8141	0.7490	0.6949
0
0207	0.5019	0.9167	0.8587	0.7180	0.0531s	0.8138	0.7470	0.6953
1
0208	0.4813	0.9500	0.8620	0.7180	0.0532s	0.8149	0.7470	0.6949
2
0209	0.4752	0.9833	0.8617	0.7140	0.0532s	0.8148	0.7430	0.6915
3
0210	0.4854	0.9583	0.8642	0.7100	0.0531s	0.8166	0.7420	0.6887
4
0211	0.5087	0.9417	0.8669	0.7060	0.0541s	0.8184	0.7420	0.6861
5
0212	0.4718	0.9667	0.8640	0.7160	0.0529s	0.8167	0.7420	0.6857
6
0213	0.4931	0.9500	0.8560	0.7220	0.0530s	0.8121	0.7510	0.6989
7
0214	0.5020	0.9583	0.8534	0.7160	0.0531s	0.8098	0.7520	0.7017
0
0215	0.4766	0.9417	0.8537	0.7180	0.0530s	0.8095	0.7510	0.6991
0
0216	0.5098	0.9333	0.8555	0.7180	0.0531s	0.8101	0.7470	0.6955
1
0217	0.4885	0.9750	0.8573	0.7160	0.0531s	0.8106	0.7450	0.6931
2
0218	0.5196	0.9667	0.8596	0.7180	0.0532s	0.8114	0.7440	0.6922
3
0219	0.4661	0.9667	0.8596	0.7140	0.0543s	0.8119	0.7430	0.6892
4
0220	0.5075	0.9417	0.8577	0.7120	0.0531s	0.8114	0.7440	0.6910
5
0221	0.4987	0.9500	0.8533	0.7180	0.0530s	0.8096	0.7520	0.6982
6
0222	0.5017	0.9500	0.8494	0.7180	0.0532s	0.8074	0.7570	0.7024
0
0223	0.4831	0.9417	0.8516	0.7220	0.0532s	0.8079	0.7520	0.6990
0
0224	0.4889	0.9417	0.8554	0.7160	0.0530s	0.8097	0.7490	0.6946
1
0225	0.4922	0.9500	0.8570	0.7120	0.0530s	0.8104	0.7440	0.6922
2
0226	0.4591	0.9583	0.8577	0.7080	0.0540s	0.8112	0.7450	0.6934
3
0227	0.4763	0.9583	0.8580	0.7060	0.0530s	0.8115	0.7470	0.6954
4
0228	0.4858	0.9333	0.8541	0.7100	0.0532s	0.8098	0.7450	0.6937
5
0229	0.4979	0.9500	0.8517	0.7140	0.0532s	0.8096	0.7500	0.6958
6
0230	0.4571	0.9083	0.8490	0.7160	0.0531s	0.8084	0.7520	0.6978
7
0231	0.4881	0.9583	0.8474	0.7200	0.0531s	0.8071	0.7490	0.6953
0
0232	0.4773	0.9750	0.8490	0.7220	0.0530s	0.8073	0.7480	0.6967
0
0233	0.4610	0.9083	0.8561	0.7160	0.0538s	0.8103	0.7420	0.6905
1
0234	0.4886	0.9833	0.8609	0.7120	0.0531s	0.8117	0.7440	0.6919
2
0235	0.5155	0.9167	0.8637	0.7120	0.0530s	0.8125	0.7490	0.6983
3
0236	0.4548	0.9333	0.8618	0.7140	0.0533s	0.8121	0.7470	0.6963
4
0237	0.4858	0.9833	0.8560	0.7160	0.0530s	0.8102	0.7510	0.7006
5
0238	0.4644	0.9500	0.8518	0.7160	0.0530s	0.8091	0.7500	0.6980
6
0239	0.4760	0.9333	0.8480	0.7160	0.0530s	0.8083	0.7470	0.6935
7
0240	0.5073	0.9417	0.8448	0.7180	0.0540s	0.8070	0.7450	0.6897
8
0241	0.4564	0.9333	0.8479	0.7220	0.0529s	0.8065	0.7450	0.6936
0
0242	0.4580	0.9667	0.8537	0.7160	0.0529s	0.8070	0.7510	0.7007
1
0243	0.5109	0.9250	0.8575	0.7160	0.0531s	0.8076	0.7540	0.7024
2
0244	0.4683	0.9583	0.8571	0.7160	0.0530s	0.8071	0.7550	0.7040
3
0245	0.4813	0.9500	0.8511	0.7160	0.0530s	0.8049	0.7510	0.7013
4
0246	0.4708	0.9333	0.8448	0.7180	0.0532s	0.8037	0.7460	0.6932
5
0247	0.5055	0.9333	0.8409	0.7140	0.0542s	0.8021	0.7520	0.7003
0
0248	0.4909	0.9667	0.8402	0.7160	0.0747s	0.8020	0.7550	0.7030
0
0249	0.4807	0.9500	0.8418	0.7160	0.0633s	0.8022	0.7590	0.7044
0
0250	0.4748	0.9333	0.8435	0.7160	0.0581s	0.8016	0.7550	0.7025
1
0251	0.4967	0.9417	0.8445	0.7260	0.0541s	0.8014	0.7560	0.7015
2
0252	0.4490	0.9417	0.8482	0.7220	0.0530s	0.8027	0.7550	0.7008
3
0253	0.4709	0.9583	0.8551	0.7120	0.0551s	0.8054	0.7490	0.6974
4
0254	0.4787	0.9750	0.8559	0.7160	0.0535s	0.8051	0.7480	0.6960
5
0255	0.4597	0.9500	0.8510	0.7140	0.0536s	0.8031	0.7510	0.6989
6
0256	0.4782	0.9333	0.8431	0.7160	0.0530s	0.8008	0.7520	0.6978
7
0257	0.4252	0.9500	0.8384	0.7200	0.0532s	0.7994	0.7550	0.6985
8
0258	0.4505	0.9917	0.8395	0.7160	0.0531s	0.7995	0.7550	0.6990
0
0259	0.4440	0.9583	0.8440	0.7140	0.0531s	0.8009	0.7540	0.7000
1
0260	0.4565	0.9250	0.8501	0.7140	0.0531s	0.8033	0.7490	0.6974
2
0261	0.4601	0.9500	0.8535	0.7120	0.0531s	0.8050	0.7460	0.6928
3
0262	0.4964	0.9000	0.8522	0.7140	0.0531s	0.8043	0.7460	0.6927
4
0263	0.5121	0.9250	0.8481	0.7180	0.0530s	0.8016	0.7480	0.6939
5
0264	0.5082	0.9333	0.8453	0.7160	0.0530s	0.8004	0.7510	0.6971
6
0265	0.4295	0.9917	0.8448	0.7140	0.0530s	0.8007	0.7510	0.6968
7
0266	0.4883	0.9333	0.8446	0.7180	0.0526s	0.8013	0.7480	0.6920
8
0267	0.4791	0.9667	0.8447	0.7180	0.0529s	0.8017	0.7480	0.6920
9
0268	0.4622	0.9333	0.8453	0.7180	0.0530s	0.8021	0.7450	0.6898
10
0269	0.4815	0.9417	0.8459	0.7220	0.0525s	0.8016	0.7520	0.6980
11
0270	0.4417	0.9583	0.8471	0.7280	0.0523s	0.8015	0.7540	0.6998
12
0271	0.4557	0.9500	0.8484	0.7280	0.0529s	0.8017	0.7540	0.6994
13
0272	0.4828	0.9333	0.8488	0.7180	0.0531s	0.8023	0.7480	0.6941
14
0273	0.4753	0.9583	0.8479	0.7160	0.0530s	0.8023	0.7470	0.6910
15
0274	0.4972	0.9583	0.8476	0.7160	0.0530s	0.8021	0.7460	0.6901
16
0275	0.4212	0.9833	0.8459	0.7200	0.0529s	0.8007	0.7550	0.6978
17
0276	0.4660	0.9333	0.8428	0.7180	0.0532s	0.7991	0.7580	0.7013
18
0277	0.4754	0.9417	0.8401	0.7240	0.0621s	0.7982	0.7580	0.7014
19
0278	0.4785	0.9417	0.8438	0.7240	0.0576s	0.7990	0.7560	0.7016
20
0279	0.4682	0.9083	0.8525	0.7140	0.0560s	0.8026	0.7410	0.6856
21
0280	0.4566	0.9333	0.8570	0.7120	0.0539s	0.8047	0.7430	0.6872
22
0281	0.4466	0.9500	0.8561	0.7140	0.0532s	0.8042	0.7440	0.6878
23
0282	0.5069	0.9333	0.8522	0.7180	0.0531s	0.8021	0.7500	0.6933
24
0283	0.4757	0.9417	0.8458	0.7200	0.0528s	0.7990	0.7540	0.6971
25
0284	0.4445	0.9417	0.8415	0.7220	0.0525s	0.7976	0.7570	0.7020
26
0285	0.4768	0.9583	0.8382	0.7220	0.0530s	0.7965	0.7600	0.7072
27
0286	0.4817	0.9667	0.8399	0.7200	0.0529s	0.7973	0.7560	0.7017
0
0287	0.4611	0.9583	0.8431	0.7220	0.0528s	0.7999	0.7490	0.6933
1
0288	0.4584	0.9583	0.8490	0.7200	0.0529s	0.8031	0.7450	0.6874
2
0289	0.4612	0.9333	0.8473	0.7200	0.0531s	0.8014	0.7470	0.6887
3
0290	0.4657	0.9500	0.8459	0.7200	0.0530s	0.7999	0.7540	0.6990
4
0291	0.4417	0.9750	0.8420	0.7200	0.0527s	0.7975	0.7560	0.7028
5
0292	0.4685	0.9250	0.8412	0.7220	0.0532s	0.7974	0.7560	0.7009
6
0293	0.4571	0.9500	0.8418	0.7260	0.0532s	0.7983	0.7570	0.7023
7
0294	0.4217	0.9667	0.8422	0.7240	0.0530s	0.7983	0.7600	0.7054
8
0295	0.4547	0.9333	0.8436	0.7220	0.0529s	0.7983	0.7590	0.7041
9
0296	0.4619	0.9417	0.8453	0.7220	0.0529s	0.7987	0.7540	0.6974
10
0297	0.4368	0.9833	0.8450	0.7200	0.0530s	0.7985	0.7520	0.6956
11
0298	0.4701	0.9750	0.8415	0.7200	0.0531s	0.7968	0.7540	0.6993
12
0299	0.4779	0.9333	0.8416	0.7160	0.0532s	0.7977	0.7540	0.6991
13
0300	0.4576	0.9583	0.8458	0.7200	0.0530s	0.7995	0.7580	0.7024
14
0301	0.4548	0.9583	0.8486	0.7200	0.0532s	0.8008	0.7580	0.7003
15
0302	0.4475	0.9250	0.8484	0.7160	0.0541s	0.8012	0.7520	0.6929
16
0303	0.4609	0.9167	0.8434	0.7160	0.0530s	0.7991	0.7480	0.6898
17
0304	0.4787	0.9333	0.8350	0.7180	0.0531s	0.7951	0.7530	0.6952
18
0305	0.4610	0.9500	0.8337	0.7200	0.0531s	0.7938	0.7560	0.6998
0
0306	0.4563	0.9333	0.8354	0.7200	0.0530s	0.7941	0.7560	0.6990
0
0307	0.4608	0.9417	0.8438	0.7200	0.0530s	0.7980	0.7520	0.6975
1
0308	0.4599	0.9667	0.8500	0.7160	0.0531s	0.8003	0.7500	0.6957
2
0309	0.4612	0.9583	0.8521	0.7140	0.0531s	0.8002	0.7460	0.6921
3
0310	0.4330	0.9833	0.8504	0.7180	0.0530s	0.7989	0.7530	0.6958
4
0311	0.4488	0.9250	0.8478	0.7220	0.0530s	0.7985	0.7530	0.6955
5
0312	0.4398	0.9750	0.8387	0.7240	0.0530s	0.7953	0.7550	0.6981
6
0313	0.4538	0.9500	0.8329	0.7260	0.0532s	0.7935	0.7540	0.6952
7
0314	0.4557	0.9083	0.8337	0.7240	0.0531s	0.7945	0.7520	0.6936
0
0315	0.4588	0.9250	0.8374	0.7240	0.0531s	0.7959	0.7480	0.6899
1
0316	0.4386	0.9417	0.8444	0.7180	0.0530s	0.7975	0.7480	0.6916
2
0317	0.4443	0.9583	0.8489	0.7200	0.0530s	0.7987	0.7550	0.6999
3
0318	0.4331	0.9583	0.8464	0.7220	0.0533s	0.7978	0.7540	0.6971
4
0319	0.4715	0.9417	0.8457	0.7220	0.0532s	0.7980	0.7500	0.6913
5
0320	0.4349	0.9583	0.8412	0.7220	0.0530s	0.7967	0.7460	0.6880
6
0321	0.4237	0.9667	0.8349	0.7240	0.0529s	0.7944	0.7480	0.6904
7
0322	0.4528	0.9583	0.8371	0.7240	0.0533s	0.7951	0.7440	0.6845
8
0323	0.4740	0.9333	0.8400	0.7200	0.0530s	0.7949	0.7480	0.6899
9
0324	0.4349	0.9667	0.8420	0.7220	0.0530s	0.7950	0.7510	0.6924
10
0325	0.4339	0.9750	0.8441	0.7240	0.0533s	0.7962	0.7530	0.6943
11
0326	0.4393	0.9667	0.8413	0.7220	0.0530s	0.7954	0.7580	0.7010
12
0327	0.4673	0.9333	0.8374	0.7200	0.0539s	0.7946	0.7560	0.6975
13
0328	0.4451	0.9500	0.8381	0.7180	0.0531s	0.7955	0.7510	0.6932
14
0329	0.4485	0.9167	0.8368	0.7180	0.0531s	0.7941	0.7510	0.6931
15
0330	0.4737	0.9583	0.8378	0.7240	0.0532s	0.7929	0.7560	0.6993
16
0331	0.4546	0.9917	0.8420	0.7240	0.0533s	0.7938	0.7560	0.7034
17
0332	0.4641	0.9500	0.8420	0.7240	0.0531s	0.7935	0.7560	0.7034
18
0333	0.4382	0.9417	0.8441	0.7220	0.0531s	0.7946	0.7510	0.6947
19
0334	0.4502	0.9667	0.8447	0.7200	0.0531s	0.7967	0.7500	0.6916
20
0335	0.4503	0.9583	0.8449	0.7220	0.0530s	0.7990	0.7470	0.6891
21
0336	0.4820	0.9500	0.8387	0.7200	0.0530s	0.7973	0.7550	0.6922
22
0337	0.4559	0.9333	0.8353	0.7220	0.0531s	0.7953	0.7570	0.6939
23
0338	0.4344	0.9583	0.8317	0.7220	0.0532s	0.7928	0.7610	0.7022
24
0339	0.4783	0.9333	0.8331	0.7260	0.0530s	0.7924	0.7580	0.6988
0
0340	0.4453	0.9667	0.8385	0.7240	0.0532s	0.7938	0.7550	0.6962
1
0341	0.4358	0.9667	0.8434	0.7200	0.0527s	0.7959	0.7520	0.6954
2
0342	0.4234	0.9500	0.8466	0.7200	0.0529s	0.7985	0.7440	0.6888
3
0343	0.4663	0.9417	0.8481	0.7200	0.0533s	0.7988	0.7450	0.6896
4
0344	0.4450	0.9250	0.8429	0.7200	0.0531s	0.7961	0.7540	0.6973
5
0345	0.4579	0.9667	0.8385	0.7240	0.0546s	0.7948	0.7560	0.6969
6
0346	0.4447	0.9500	0.8337	0.7280	0.0540s	0.7932	0.7580	0.6989
7
0347	0.4519	0.9750	0.8292	0.7220	0.0545s	0.7913	0.7600	0.7009
8
0348	0.4589	0.9417	0.8314	0.7240	0.0567s	0.7918	0.7570	0.6978
0
0349	0.4791	0.9333	0.8404	0.7240	0.0568s	0.7950	0.7500	0.6915
1
0350	0.4755	0.8917	0.8429	0.7260	0.0545s	0.7953	0.7500	0.6939
2
0351	0.4551	0.9250	0.8423	0.7260	0.0543s	0.7943	0.7530	0.6966
3
0352	0.4350	0.9583	0.8411	0.7240	0.0531s	0.7941	0.7570	0.7007
4
0353	0.4783	0.9333	0.8365	0.7220	0.0530s	0.7927	0.7570	0.7006
5
0354	0.4823	0.9500	0.8323	0.7220	0.0530s	0.7920	0.7580	0.6995
6
0355	0.4961	0.9333	0.8279	0.7260	0.0530s	0.7907	0.7580	0.6993
7
0356	0.4376	0.9583	0.8276	0.7280	0.0530s	0.7896	0.7590	0.7001
0
0357	0.4612	0.9250	0.8317	0.7260	0.0531s	0.7899	0.7590	0.7023
0
0358	0.4571	0.9583	0.8380	0.7260	0.0532s	0.7919	0.7530	0.6967
1
0359	0.4370	0.9083	0.8424	0.7220	0.0530s	0.7942	0.7550	0.6982
2
0360	0.4567	0.9667	0.8415	0.7220	0.0530s	0.7952	0.7520	0.6959
3
0361	0.4670	0.9250	0.8385	0.7220	0.0531s	0.7938	0.7520	0.6959
4
0362	0.4500	0.9750	0.8361	0.7260	0.0531s	0.7925	0.7540	0.6980
5
0363	0.4458	0.9167	0.8356	0.7280	0.0533s	0.7920	0.7560	0.6975
6
0364	0.4696	0.9417	0.8356	0.7260	0.0530s	0.7915	0.7550	0.6963
7
0365	0.4275	0.9833	0.8345	0.7260	0.0531s	0.7909	0.7570	0.7006
8
0366	0.4764	0.8917	0.8317	0.7240	0.0530s	0.7897	0.7580	0.7018
9
0367	0.4262	0.9750	0.8320	0.7260	0.0528s	0.7903	0.7540	0.6984
10
0368	0.4415	0.9250	0.8379	0.7240	0.0531s	0.7930	0.7480	0.6904
11
0369	0.4651	0.9333	0.8453	0.7200	0.0531s	0.7959	0.7560	0.6975
12
0370	0.4603	0.9167	0.8474	0.7240	0.0531s	0.7962	0.7560	0.6966
13
0371	0.4460	0.9500	0.8443	0.7240	0.0531s	0.7943	0.7550	0.6956
14
0372	0.4550	0.9417	0.8392	0.7240	0.0531s	0.7922	0.7540	0.6951
15
0373	0.4545	0.9583	0.8314	0.7240	0.0532s	0.7897	0.7580	0.6995
16
0374	0.4597	0.9750	0.8288	0.7240	0.0554s	0.7892	0.7570	0.6989
17
0375	0.4600	0.9333	0.8307	0.7260	0.0534s	0.7894	0.7560	0.6978
18
0376	0.4133	0.9333	0.8372	0.7220	0.0531s	0.7917	0.7470	0.6913
19
0377	0.4572	0.9500	0.8416	0.7220	0.0530s	0.7930	0.7480	0.6920
20
0378	0.4441	0.9333	0.8420	0.7220	0.0532s	0.7933	0.7520	0.6974
21
0379	0.4251	0.9333	0.8406	0.7220	0.0531s	0.7932	0.7550	0.7002
22
0380	0.4799	0.9750	0.8347	0.7280	0.0532s	0.7924	0.7620	0.7054
23
0381	0.4558	0.9667	0.8285	0.7220	0.0530s	0.7924	0.7630	0.7043
24
0382	0.4641	0.9417	0.8267	0.7240	0.0528s	0.7927	0.7590	0.7007
25
0383	0.4423	0.9250	0.8287	0.7220	0.0531s	0.7926	0.7550	0.6970
0
0384	0.4171	0.9750	0.8332	0.7220	0.0531s	0.7920	0.7530	0.6947
1
0385	0.4318	0.9583	0.8384	0.7260	0.0530s	0.7918	0.7550	0.7006
2
0386	0.4595	0.9417	0.8418	0.7260	0.0531s	0.7924	0.7580	0.7049
3
0387	0.4563	0.9500	0.8391	0.7260	0.0532s	0.7913	0.7610	0.7080
4
0388	0.4577	0.9500	0.8350	0.7260	0.0531s	0.7904	0.7600	0.7049
5
0389	0.4148	0.9667	0.8341	0.7240	0.0529s	0.7912	0.7580	0.7034
6
0390	0.4193	0.9750	0.8332	0.7260	0.0532s	0.7916	0.7550	0.6994
7
0391	0.4321	0.9667	0.8336	0.7260	0.0530s	0.7910	0.7530	0.6990
8
0392	0.4413	0.9500	0.8360	0.7240	0.0529s	0.7909	0.7530	0.6988
9
0393	0.4002	0.9917	0.8397	0.7220	0.0532s	0.7928	0.7520	0.6979
10
0394	0.4471	0.9750	0.8386	0.7240	0.0530s	0.7918	0.7560	0.7014
11
0395	0.4709	0.9167	0.8383	0.7260	0.0531s	0.7914	0.7550	0.7004
12
0396	0.4379	0.9417	0.8359	0.7260	0.0530s	0.7908	0.7600	0.7073
13
0397	0.4348	0.9583	0.8361	0.7260	0.0531s	0.7916	0.7600	0.7054
14
0398	0.4054	0.9750	0.8343	0.7240	0.0533s	0.7918	0.7560	0.6995
15
0399	0.4505	0.9167	0.8334	0.7240	0.0534s	0.7926	0.7540	0.6956
16
0400	0.4467	0.9583	0.8336	0.7240	0.0532s	0.7934	0.7530	0.6947
17
0401	0.4268	0.9417	0.8353	0.7240	0.0531s	0.7940	0.7530	0.6948
18
0402	0.4413	0.9417	0.8391	0.7220	0.0531s	0.7948	0.7520	0.6937
19
0403	0.4496	0.9417	0.8368	0.7220	0.0530s	0.7928	0.7540	0.6977
20
0404	0.4259	0.9667	0.8361	0.7240	0.0530s	0.7921	0.7570	0.7003
21
0405	0.4708	0.9250	0.8369	0.7240	0.0531s	0.7924	0.7550	0.6982
22
0406	0.4410	0.9583	0.8351	0.7240	0.0548s	0.7927	0.7540	0.6953
23
0407	0.4223	0.9333	0.8343	0.7240	0.0531s	0.7935	0.7550	0.6964
24
0408	0.4620	0.9417	0.8342	0.7220	0.0532s	0.7944	0.7550	0.6940
25
0409	0.4529	0.9500	0.8371	0.7260	0.0530s	0.7951	0.7560	0.6948
26
0410	0.4521	0.9333	0.8375	0.7240	0.0531s	0.7940	0.7540	0.6932
27
0411	0.4385	0.9417	0.8353	0.7220	0.0531s	0.7920	0.7570	0.7006
28
0412	0.4448	0.9417	0.8328	0.7240	0.0530s	0.7904	0.7580	0.7016
29
0413	0.4761	0.9333	0.8290	0.7240	0.0534s	0.7885	0.7600	0.7034
30
0414	0.4197	0.9417	0.8271	0.7220	0.0530s	0.7880	0.7600	0.7037
31
0415	0.4293	0.9417	0.8310	0.7260	0.0530s	0.7908	0.7570	0.6984
32
0416	0.4751	0.9167	0.8403	0.7240	0.0532s	0.7952	0.7540	0.6930
33
0417	0.4391	0.9750	0.8453	0.7220	0.0529s	0.7958	0.7530	0.6943
34
0418	0.4256	0.9500	0.8464	0.7200	0.0531s	0.7956	0.7530	0.6964
35
0419	0.4343	0.9500	0.8395	0.7240	0.0530s	0.7915	0.7530	0.6966
36
0420	0.4457	0.9667	0.8290	0.7200	0.0531s	0.7871	0.7560	0.6993
37
0421	0.4580	0.9417	0.8266	0.7180	0.0532s	0.7866	0.7580	0.7037
38
0422	0.4379	0.9833	0.8305	0.7220	0.0600s	0.7886	0.7570	0.7005
0
0423	0.4549	0.9500	0.8345	0.7220	0.0553s	0.7913	0.7580	0.7018
1
0424	0.4519	0.9250	0.8394	0.7240	0.0535s	0.7939	0.7520	0.6918
2
0425	0.4691	0.9333	0.8428	0.7220	0.0532s	0.7957	0.7510	0.6904
3
0426	0.4359	0.9667	0.8417	0.7200	0.0531s	0.7948	0.7480	0.6896
4
0427	0.4661	0.9167	0.8356	0.7200	0.0530s	0.7911	0.7520	0.6914
5
0428	0.4322	0.9417	0.8290	0.7220	0.0531s	0.7878	0.7570	0.6986
6
0429	0.4721	0.9583	0.8274	0.7240	0.0533s	0.7871	0.7600	0.7011
7
0430	0.4156	0.9500	0.8297	0.7260	0.0530s	0.7880	0.7570	0.6982
8
0431	0.4283	0.9583	0.8367	0.7240	0.0531s	0.7917	0.7570	0.6984
9
0432	0.4565	0.9667	0.8400	0.7240	0.0571s	0.7941	0.7560	0.6949
10
0433	0.4660	0.9083	0.8396	0.7260	0.0532s	0.7940	0.7540	0.6934
11
0434	0.4215	0.9500	0.8373	0.7260	0.0530s	0.7926	0.7530	0.6924
12
0435	0.4503	0.9250	0.8334	0.7240	0.0531s	0.7900	0.7560	0.6973
13
0436	0.4854	0.9333	0.8312	0.7240	0.0532s	0.7882	0.7580	0.7012
14
0437	0.4738	0.9583	0.8296	0.7260	0.0531s	0.7875	0.7590	0.7021
15
0438	0.4355	0.9250	0.8279	0.7260	0.0533s	0.7874	0.7600	0.7032
16
0439	0.4538	0.9583	0.8300	0.7260	0.0529s	0.7893	0.7590	0.7024
17
0440	0.4745	0.9417	0.8336	0.7260	0.0531s	0.7918	0.7580	0.7016
18
0441	0.4682	0.9500	0.8364	0.7280	0.0531s	0.7929	0.7550	0.6988
19
0442	0.4629	0.9167	0.8388	0.7260	0.0531s	0.7927	0.7540	0.6979
20
0443	0.4236	0.9750	0.8417	0.7260	0.0530s	0.7924	0.7550	0.6981
21
0444	0.4403	0.9833	0.8425	0.7260	0.0532s	0.7926	0.7540	0.6991
22
0445	0.4320	0.9583	0.8392	0.7280	0.0533s	0.7920	0.7540	0.6974
23
0446	0.4713	0.9333	0.8329	0.7280	0.0532s	0.7905	0.7570	0.7006
24
0447	0.4450	0.9333	0.8291	0.7260	0.0531s	0.7909	0.7610	0.7047
25
0448	0.4322	0.9333	0.8294	0.7260	0.0532s	0.7920	0.7580	0.7004
26
0449	0.4422	0.9583	0.8316	0.7240	0.0532s	0.7931	0.7570	0.7017
27
0450	0.4167	0.9667	0.8387	0.7220	0.0532s	0.7946	0.7520	0.6963
28
0451	0.4495	0.9667	0.8430	0.7220	0.0532s	0.7951	0.7550	0.6981
29
0452	0.4679	0.9583	0.8423	0.7280	0.0530s	0.7937	0.7540	0.6972
30
0453	0.4852	0.9333	0.8392	0.7300	0.0531s	0.7923	0.7550	0.6984
31
0454	0.4359	0.9667	0.8354	0.7260	0.0532s	0.7916	0.7530	0.6948
32
0455	0.4514	0.9500	0.8315	0.7260	0.0531s	0.7909	0.7530	0.6949
33
0456	0.4481	0.9417	0.8291	0.7280	0.0530s	0.7902	0.7580	0.6974
34
0457	0.4353	0.9667	0.8297	0.7280	0.0530s	0.7902	0.7580	0.6977
35
0458	0.4394	0.9583	0.8322	0.7280	0.0530s	0.7901	0.7580	0.6998
36
0459	0.4733	0.9667	0.8345	0.7280	0.0530s	0.7898	0.7540	0.6999
37
0460	0.4181	0.9750	0.8372	0.7280	0.0529s	0.7911	0.7500	0.6963
38
0461	0.4474	0.9750	0.8374	0.7300	0.0532s	0.7924	0.7500	0.6940
39
0462	0.4032	0.9500	0.8363	0.7280	0.0531s	0.7931	0.7530	0.6924
40
0463	0.4339	0.9583	0.8328	0.7280	0.0531s	0.7923	0.7540	0.6933
41
0464	0.4466	0.9750	0.8280	0.7300	0.0530s	0.7903	0.7570	0.6987
42
0465	0.4440	0.9750	0.8264	0.7260	0.0531s	0.7894	0.7560	0.6980
43
0466	0.4618	0.9417	0.8263	0.7260	0.0534s	0.7886	0.7560	0.7000
0
0467	0.4328	0.9417	0.8316	0.7280	0.0531s	0.7895	0.7560	0.7024
0
0468	0.4417	0.9250	0.8381	0.7240	0.0531s	0.7920	0.7530	0.6967
1
0469	0.4189	0.9750	0.8431	0.7240	0.0532s	0.7945	0.7530	0.6966
2
0470	0.4296	0.9417	0.8389	0.7280	0.0531s	0.7936	0.7580	0.7014
3
0471	0.4439	0.9583	0.8318	0.7280	0.0533s	0.7911	0.7580	0.7016
4
0472	0.4572	0.9500	0.8265	0.7300	0.0530s	0.7889	0.7630	0.7068
5
0473	0.4404	0.9500	0.8263	0.7300	0.0532s	0.7891	0.7610	0.7049
6
0474	0.4186	0.9500	0.8315	0.7260	0.0533s	0.7901	0.7560	0.7000
7
0475	0.4738	0.9750	0.8369	0.7260	0.0532s	0.7910	0.7570	0.7003
8
0476	0.4523	0.9667	0.8405	0.7260	0.0531s	0.7920	0.7540	0.6973
9
0477	0.4553	0.9500	0.8387	0.7240	0.0531s	0.7918	0.7520	0.6956
10
0478	0.4260	0.9583	0.8351	0.7240	0.0530s	0.7915	0.7530	0.6970
11
0479	0.4283	0.9583	0.8338	0.7280	0.0532s	0.7912	0.7570	0.6984
12
0480	0.4436	0.9500	0.8336	0.7260	0.0532s	0.7918	0.7600	0.7021
13
0481	0.4226	0.9333	0.8349	0.7240	0.0532s	0.7922	0.7580	0.7000
14
0482	0.4472	0.9333	0.8345	0.7220	0.0530s	0.7905	0.7580	0.7019
15
0483	0.4561	0.9167	0.8339	0.7240	0.0533s	0.7891	0.7590	0.7027
16
0484	0.4431	0.9583	0.8354	0.7220	0.0531s	0.7893	0.7550	0.6990
17
0485	0.4489	0.9667	0.8342	0.7240	0.0531s	0.7898	0.7550	0.6986
18
0486	0.4290	0.9250	0.8347	0.7260	0.0532s	0.7912	0.7560	0.6997
19
0487	0.4749	0.8917	0.8336	0.7260	0.0531s	0.7911	0.7560	0.6997
20
0488	0.4326	0.9833	0.8351	0.7280	0.0531s	0.7919	0.7590	0.7028
21
0489	0.4634	0.9333	0.8362	0.7280	0.0532s	0.7915	0.7570	0.7009
22
0490	0.4719	0.9333	0.8404	0.7240	0.0531s	0.7924	0.7510	0.6951
23
0491	0.4479	0.9583	0.8426	0.7240	0.0533s	0.7930	0.7500	0.6943
24
0492	0.4384	0.9583	0.8411	0.7240	0.0533s	0.7926	0.7530	0.6969
25
0493	0.4317	0.9417	0.8398	0.7260	0.0531s	0.7928	0.7550	0.6985
26
0494	0.4155	0.9333	0.8377	0.7260	0.0532s	0.7932	0.7590	0.7022
27
0495	0.4151	0.9500	0.8358	0.7240	0.0531s	0.7931	0.7590	0.7003
28
0496	0.4632	0.9333	0.8361	0.7240	0.0532s	0.7927	0.7570	0.6987
29
0497	0.4658	0.9500	0.8355	0.7280	0.0532s	0.7919	0.7530	0.6945
30
0498	0.4414	0.9500	0.8341	0.7260	0.0533s	0.7907	0.7520	0.6960
31
0499	0.4050	0.9583	0.8363	0.7280	0.0531s	0.7906	0.7550	0.6983
32
0500	0.4482	0.9667	0.8385	0.7260	0.0544s	0.7909	0.7530	0.6964
33
0501	0.4501	0.9417	0.8395	0.7240	0.0531s	0.7914	0.7520	0.6958
34
0502	0.4378	0.9417	0.8374	0.7220	0.0531s	0.7907	0.7550	0.6984
35
0503	0.4488	0.9500	0.8316	0.7260	0.0530s	0.7883	0.7600	0.7015
36
0504	0.4448	0.9583	0.8266	0.7260	0.0531s	0.7860	0.7610	0.7044
37
0505	0.4149	0.9750	0.8267	0.7260	0.0531s	0.7856	0.7560	0.6997
38
0506	0.4262	0.9417	0.8337	0.7260	0.0532s	0.7889	0.7510	0.6953
39
0507	0.4163	0.9583	0.8420	0.7220	0.0529s	0.7930	0.7480	0.6903
40
0508	0.4227	0.9417	0.8445	0.7200	0.0529s	0.7939	0.7480	0.6898
41
0509	0.4247	0.9583	0.8457	0.7220	0.0532s	0.7946	0.7570	0.6976
42
0510	0.4598	0.9667	0.8430	0.7260	0.0531s	0.7934	0.7580	0.6984
43
0511	0.4202	0.9500	0.8344	0.7260	0.0529s	0.7897	0.7550	0.6957
44
0512	0.4397	0.9167	0.8270	0.7240	0.0532s	0.7871	0.7610	0.7017
45
0513	0.4402	0.9583	0.8251	0.7240	0.0531s	0.7871	0.7570	0.6993
46
0514	0.4676	0.9333	0.8297	0.7260	0.0532s	0.7892	0.7540	0.6965
0
0515	0.4509	0.9500	0.8367	0.7240	0.0533s	0.7899	0.7500	0.6919
1
0516	0.4465	0.9250	0.8445	0.7200	0.0531s	0.7927	0.7540	0.6948
2
0517	0.4580	0.9167	0.8498	0.7220	0.0530s	0.7955	0.7610	0.7036
3
0518	0.4548	0.9500	0.8471	0.7260	0.0532s	0.7953	0.7600	0.7030
4
0519	0.4105	0.9583	0.8403	0.7260	0.0530s	0.7925	0.7560	0.6974
5
0520	0.4650	0.9583	0.8330	0.7260	0.0541s	0.7901	0.7470	0.6876
6
0521	0.4118	0.9333	0.8280	0.7240	0.0532s	0.7884	0.7530	0.6957
7
0522	0.4342	0.9417	0.8254	0.7220	0.0531s	0.7864	0.7610	0.7026
8
0523	0.4602	0.9583	0.8300	0.7260	0.0532s	0.7884	0.7610	0.7048
9
0524	0.4145	0.9750	0.8381	0.7240	0.0531s	0.7931	0.7590	0.7023
10
0525	0.4322	0.9583	0.8438	0.7240	0.0531s	0.7962	0.7590	0.6998
11
0526	0.4483	0.9500	0.8417	0.7260	0.0531s	0.7952	0.7580	0.6989
12
0527	0.4465	0.9667	0.8374	0.7240	0.0533s	0.7926	0.7570	0.7003
13
0528	0.4292	0.9583	0.8366	0.7200	0.0531s	0.7929	0.7490	0.6914
14
0529	0.4450	0.9667	0.8362	0.7200	0.0531s	0.7928	0.7480	0.6908
15
0530	0.4833	0.9333	0.8356	0.7220	0.0529s	0.7912	0.7520	0.6963
16
0531	0.4616	0.9500	0.8327	0.7260	0.0547s	0.7897	0.7590	0.7030
17
0532	0.4244	0.9500	0.8341	0.7280	0.0534s	0.7914	0.7610	0.7025
18
0533	0.4457	0.9417	0.8359	0.7280	0.0561s	0.7911	0.7610	0.7048
19
0534	0.4292	0.9583	0.8383	0.7260	0.0565s	0.7900	0.7590	0.7044
20
0535	0.4299	0.9667	0.8431	0.7200	0.0611s	0.7918	0.7500	0.6940
21
0536	0.4180	0.9667	0.8436	0.7200	0.0538s	0.7935	0.7470	0.6890
22
0537	0.4278	0.9250	0.8376	0.7220	0.0530s	0.7908	0.7470	0.6894
23
0538	0.4129	0.9750	0.8344	0.7240	0.0532s	0.7893	0.7530	0.6974
24
0539	0.4366	0.9667	0.8305	0.7300	0.0540s	0.7871	0.7600	0.7016
25
0540	0.4527	0.9750	0.8322	0.7280	0.0531s	0.7885	0.7600	0.7012
26
0541	0.4742	0.9583	0.8333	0.7260	0.0531s	0.7888	0.7590	0.7006
27
0542	0.4021	0.9750	0.8382	0.7260	0.0532s	0.7907	0.7540	0.6955
28
0543	0.4560	0.9583	0.8391	0.7220	0.0833s	0.7912	0.7510	0.6952
29
0544	0.4145	0.9583	0.8414	0.7220	0.0675s	0.7926	0.7490	0.6888
30
0545	0.4606	0.9667	0.8381	0.7220	0.0604s	0.7913	0.7530	0.6945
31
0546	0.4523	0.9417	0.8329	0.7260	0.0605s	0.7896	0.7580	0.6994
32
0547	0.4705	0.9333	0.8282	0.7260	0.0607s	0.7876	0.7570	0.6989
33
0548	0.4820	0.9000	0.8291	0.7280	0.0602s	0.7869	0.7590	0.7008
34
0549	0.4393	0.9417	0.8352	0.7260	0.0603s	0.7885	0.7570	0.6985
35
0550	0.4763	0.9500	0.8417	0.7200	0.0603s	0.7919	0.7500	0.6943
36
0551	0.4226	0.9250	0.8406	0.7220	0.0603s	0.7918	0.7470	0.6873
37
0552	0.4468	0.9500	0.8349	0.7220	0.0603s	0.7898	0.7550	0.6948
38
0553	0.4479	0.9333	0.8272	0.7280	0.0604s	0.7879	0.7590	0.6986
39
0554	0.4555	0.9250	0.8231	0.7280	0.0627s	0.7864	0.7590	0.6987
40
0555	0.4751	0.9083	0.8238	0.7260	0.0744s	0.7855	0.7620	0.7040
0
0556	0.4258	0.9250	0.8285	0.7260	0.0822s	0.7861	0.7600	0.7019
1
0557	0.4601	0.9667	0.8346	0.7260	0.0804s	0.7882	0.7570	0.6985
2
0558	0.4080	0.9750	0.8394	0.7220	0.0666s	0.7907	0.7540	0.6954
3
0559	0.4567	0.9500	0.8374	0.7240	0.0619s	0.7904	0.7540	0.6956
4
0560	0.4578	0.9667	0.8343	0.7240	0.0620s	0.7897	0.7560	0.6979
5
0561	0.4183	0.9417	0.8292	0.7260	0.0617s	0.7879	0.7600	0.6996
6
0562	0.4623	0.9583	0.8283	0.7240	0.0620s	0.7872	0.7560	0.6963
7
0563	0.4349	0.9500	0.8299	0.7240	0.0620s	0.7866	0.7540	0.6960
8
0564	0.4526	0.9500	0.8336	0.7240	0.0620s	0.7872	0.7570	0.7003
9
0565	0.4270	0.9417	0.8326	0.7260	0.0619s	0.7867	0.7570	0.7003
10
0566	0.4515	0.9417	0.8313	0.7300	0.0620s	0.7866	0.7600	0.7013
11
0567	0.4149	0.9500	0.8323	0.7280	0.0624s	0.7878	0.7610	0.7046
12
0568	0.4397	0.9417	0.8355	0.7240	0.0621s	0.7900	0.7580	0.7020
13
0569	0.4329	0.9667	0.8391	0.7240	0.0627s	0.7921	0.7540	0.6985
14
0570	0.4561	0.9667	0.8356	0.7280	0.0617s	0.7900	0.7570	0.7012
15
0571	0.4071	0.9583	0.8340	0.7260	0.0568s	0.7896	0.7580	0.7013
16
0572	0.4245	0.9583	0.8360	0.7280	0.0542s	0.7905	0.7550	0.6985
17
0573	0.4387	0.9500	0.8390	0.7260	0.0531s	0.7916	0.7560	0.6993
18
0574	0.4242	0.9833	0.8423	0.7260	0.0530s	0.7927	0.7560	0.6989
19
0575	0.4435	0.9500	0.8449	0.7240	0.0531s	0.7940	0.7540	0.6970
20
0576	0.4154	0.9833	0.8429	0.7180	0.0531s	0.7944	0.7520	0.6960
21
0577	0.4348	0.9083	0.8405	0.7180	0.0531s	0.7951	0.7520	0.6926
22
0578	0.4589	0.9417	0.8337	0.7240	0.0530s	0.7920	0.7550	0.6953
23
0579	0.4461	0.9333	0.8316	0.7260	0.0530s	0.7912	0.7590	0.6983
24
0580	0.4253	0.9583	0.8336	0.7260	0.0531s	0.7919	0.7560	0.6948
25
0581	0.4363	0.9250	0.8390	0.7260	0.0529s	0.7936	0.7560	0.6943
26
0582	0.4495	0.9417	0.8423	0.7240	0.0531s	0.7941	0.7550	0.6931
27
0583	0.4274	0.9583	0.8438	0.7220	0.0530s	0.7941	0.7510	0.6919
28
0584	0.4290	0.9500	0.8426	0.7180	0.0531s	0.7939	0.7470	0.6895
29
0585	0.4510	0.9667	0.8369	0.7220	0.0534s	0.7922	0.7540	0.6966
30
0586	0.4530	0.9417	0.8340	0.7200	0.0529s	0.7917	0.7580	0.7004
31
0587	0.4099	0.9500	0.8333	0.7260	0.0526s	0.7913	0.7600	0.6993
32
0588	0.4433	0.9500	0.8337	0.7280	0.0537s	0.7914	0.7580	0.6969
33
0589	0.4916	0.9333	0.8353	0.7280	0.0531s	0.7912	0.7550	0.6940
34
0590	0.4358	0.9500	0.8373	0.7260	0.0531s	0.7904	0.7530	0.6920
35
0591	0.4425	0.9833	0.8386	0.7260	0.0531s	0.7897	0.7540	0.6976
36
0592	0.4045	0.9333	0.8400	0.7260	0.0530s	0.7896	0.7520	0.6960
37
0593	0.4543	0.9250	0.8362	0.7260	0.0531s	0.7873	0.7520	0.6960
38
0594	0.4470	0.9583	0.8346	0.7260	0.0531s	0.7869	0.7540	0.6978
39
0595	0.4387	0.9583	0.8332	0.7300	0.0530s	0.7872	0.7570	0.7004
40
0596	0.4389	0.9667	0.8335	0.7280	0.0531s	0.7885	0.7600	0.7014
41
0597	0.4309	0.9500	0.8329	0.7260	0.0530s	0.7894	0.7570	0.6945
42
0598	0.4562	0.9250	0.8326	0.7280	0.0530s	0.7894	0.7550	0.6926
43
0599	0.4347	0.9583	0.8328	0.7260	0.0529s	0.7884	0.7520	0.6941
44
0600	0.4366	0.9500	0.8338	0.7220	0.0530s	0.7881	0.7520	0.6959
45
0601	0.4656	0.9167	0.8350	0.7240	0.0530s	0.7885	0.7530	0.6965
46
0602	0.4141	0.9500	0.8341	0.7240	0.0530s	0.7883	0.7550	0.6981
47
0603	0.4496	0.9750	0.8344	0.7240	0.0531s	0.7889	0.7520	0.6956
48
0604	0.4577	0.9417	0.8344	0.7240	0.0529s	0.7891	0.7550	0.6990
49
0605	0.4461	0.9500	0.8315	0.7260	0.0529s	0.7876	0.7540	0.6983
50
0606	0.4285	0.9333	0.8279	0.7260	0.0529s	0.7861	0.7570	0.7031
51
0607	0.4316	0.9583	0.8295	0.7280	0.0540s	0.7871	0.7560	0.6998
52
0608	0.4436	0.9667	0.8325	0.7240	0.0532s	0.7885	0.7540	0.6958
53
0609	0.4354	0.9500	0.8410	0.7240	0.0529s	0.7923	0.7500	0.6914
54
0610	0.4321	0.9500	0.8464	0.7220	0.0531s	0.7949	0.7490	0.6906
55
0611	0.4420	0.9417	0.8462	0.7220	0.0527s	0.7945	0.7480	0.6896
56
0612	0.4333	0.9583	0.8368	0.7240	0.0531s	0.7903	0.7540	0.6955
57
0613	0.4517	0.9167	0.8301	0.7260	0.0530s	0.7877	0.7540	0.6958
58
0614	0.4309	0.9500	0.8294	0.7280	0.0531s	0.7874	0.7580	0.6998
59
0615	0.4427	0.9417	0.8348	0.7240	0.0531s	0.7898	0.7570	0.6987
60
0616	0.4544	0.9583	0.8394	0.7240	0.0531s	0.7914	0.7540	0.6959
61
0617	0.4355	0.9333	0.8400	0.7240	0.0530s	0.7912	0.7530	0.6949
62
0618	0.4379	0.9250	0.8407	0.7240	0.0532s	0.7911	0.7550	0.6984
63
0619	0.4344	0.9917	0.8431	0.7240	0.0530s	0.7919	0.7540	0.6977
64
0620	0.4386	0.9250	0.8420	0.7240	0.0530s	0.7917	0.7540	0.6977
65
0621	0.4442	0.9583	0.8378	0.7260	0.0535s	0.7904	0.7570	0.6984
66
0622	0.4298	0.9583	0.8333	0.7260	0.0529s	0.7887	0.7560	0.6976
67
0623	0.4393	0.9667	0.8318	0.7260	0.0530s	0.7885	0.7580	0.6996
68
0624	0.4116	0.9917	0.8310	0.7280	0.0530s	0.7886	0.7580	0.6995
69
0625	0.4411	0.9667	0.8325	0.7260	0.0531s	0.7887	0.7590	0.7027
70
0626	0.4671	0.9333	0.8354	0.7260	0.0554s	0.7889	0.7570	0.7007
71
0627	0.4674	0.9250	0.8392	0.7260	0.0534s	0.7901	0.7540	0.6977
72
0628	0.4563	0.9167	0.8378	0.7260	0.0531s	0.7895	0.7540	0.6978
73
0629	0.4505	0.9333	0.8346	0.7260	0.0530s	0.7893	0.7570	0.6991
74
0630	0.4402	0.9417	0.8312	0.7280	0.0530s	0.7890	0.7570	0.6971
75
0631	0.4446	0.9583	0.8294	0.7280	0.0627s	0.7877	0.7610	0.7025
76
0632	0.4427	0.9667	0.8302	0.7280	0.0577s	0.7880	0.7580	0.6974
77
0633	0.4427	0.9500	0.8348	0.7280	0.0541s	0.7892	0.7560	0.6956
78
0634	0.4363	0.9333	0.8386	0.7260	0.0530s	0.7898	0.7550	0.6990
79
0635	0.4421	0.9417	0.8434	0.7240	0.0531s	0.7913	0.7550	0.6984
80
0636	0.4591	0.9417	0.8428	0.7240	0.0529s	0.7903	0.7550	0.6986
81
0637	0.4300	0.9417	0.8377	0.7280	0.0530s	0.7881	0.7550	0.6985
82
0638	0.4407	0.9583	0.8337	0.7280	0.0530s	0.7871	0.7580	0.7015
83
0639	0.4296	0.9833	0.8311	0.7280	0.0533s	0.7874	0.7600	0.7015
84
0640	0.4598	0.9417	0.8326	0.7280	0.0531s	0.7888	0.7600	0.6992
85
0641	0.4190	0.9750	0.8365	0.7260	0.0528s	0.7910	0.7560	0.6979
86
0642	0.4458	0.9417	0.8380	0.7240	0.0531s	0.7911	0.7500	0.6921
87
0643	0.4149	0.9500	0.8332	0.7240	0.0531s	0.7881	0.7560	0.7024
88
0644	0.4558	0.9500	0.8279	0.7240	0.0530s	0.7850	0.7580	0.7043
89
0645	0.4589	0.9667	0.8242	0.7240	0.0552s	0.7838	0.7580	0.7044
90
0646	0.4406	0.9083	0.8256	0.7260	0.0530s	0.7854	0.7620	0.7080
91
0647	0.4704	0.9250	0.8290	0.7280	0.0529s	0.7879	0.7620	0.7035
92
0648	0.4180	0.9833	0.8338	0.7280	0.0531s	0.7907	0.7570	0.6966
93
0649	0.4279	0.9667	0.8387	0.7220	0.0531s	0.7910	0.7510	0.6954
94
0650	0.4408	0.9500	0.8417	0.7200	0.0529s	0.7912	0.7480	0.6928
95
0651	0.4546	0.9500	0.8367	0.7220	0.0531s	0.7885	0.7510	0.6957
96
0652	0.4388	1.0000	0.8273	0.7240	0.0530s	0.7848	0.7560	0.7006
97
0653	0.4308	0.9500	0.8213	0.7260	0.0531s	0.7832	0.7620	0.7056
98
0654	0.4500	0.9333	0.8234	0.7240	0.0530s	0.7853	0.7620	0.7057
0
0655	0.4626	0.9167	0.8287	0.7260	0.0531s	0.7889	0.7610	0.7004
1
0656	0.4364	0.9583	0.8332	0.7220	0.0530s	0.7916	0.7580	0.6978
2
0657	0.4313	0.9500	0.8363	0.7240	0.0530s	0.7924	0.7560	0.6964
3
0658	0.4590	0.9667	0.8378	0.7220	0.0601s	0.7910	0.7550	0.6972
4
0659	0.4560	0.9333	0.8345	0.7240	0.0571s	0.7877	0.7570	0.7005
5
0660	0.4425	0.9333	0.8311	0.7220	0.0550s	0.7861	0.7560	0.6993
6
0661	0.4520	0.9667	0.8251	0.7300	0.0534s	0.7846	0.7580	0.7014
7
0662	0.4177	0.9583	0.8212	0.7280	0.0531s	0.7850	0.7640	0.7073
8
0663	0.4432	0.9500	0.8222	0.7300	0.0530s	0.7875	0.7640	0.7034
0
0664	0.4673	0.9667	0.8296	0.7240	0.0530s	0.7911	0.7590	0.6965
1
0665	0.4340	0.9667	0.8379	0.7220	0.0532s	0.7933	0.7570	0.6992
2
0666	0.4454	0.9583	0.8434	0.7180	0.0530s	0.7943	0.7470	0.6927
3
0667	0.4556	0.9833	0.8387	0.7240	0.0531s	0.7903	0.7480	0.6928
4
0668	0.4289	0.9500	0.8301	0.7260	0.0532s	0.7861	0.7550	0.6986
5
0669	0.4325	0.9250	0.8242	0.7260	0.0529s	0.7844	0.7590	0.7024
6
0670	0.4665	0.9500	0.8230	0.7300	0.0530s	0.7848	0.7590	0.6985
7
0671	0.4481	0.9250	0.8257	0.7300	0.0532s	0.7871	0.7580	0.6957
8
0672	0.4361	0.9500	0.8327	0.7240	0.0530s	0.7902	0.7560	0.6937
9
0673	0.4430	0.9583	0.8371	0.7220	0.0532s	0.7913	0.7520	0.6926
10
0674	0.4381	0.9250	0.8370	0.7260	0.0532s	0.7893	0.7480	0.6908
11
0675	0.4476	0.9333	0.8325	0.7280	0.0530s	0.7861	0.7550	0.6988
12
0676	0.4528	0.9417	0.8280	0.7280	0.0533s	0.7841	0.7550	0.6987
13
0677	0.4627	0.9583	0.8270	0.7280	0.0531s	0.7843	0.7580	0.7013
14
0678	0.4472	0.9667	0.8305	0.7300	0.0531s	0.7868	0.7570	0.7004
15
0679	0.4439	0.9500	0.8353	0.7260	0.0531s	0.7900	0.7520	0.6938
16
0680	0.4412	0.9417	0.8380	0.7220	0.0530s	0.7924	0.7490	0.6888
17
0681	0.4434	0.9583	0.8347	0.7240	0.0531s	0.7912	0.7550	0.6978
18
0682	0.4344	0.9583	0.8304	0.7280	0.0530s	0.7880	0.7520	0.6949
19
0683	0.4064	0.9500	0.8282	0.7280	0.0531s	0.7868	0.7520	0.6947
20
0684	0.4213	0.9583	0.8303	0.7280	0.0530s	0.7880	0.7560	0.6980
21
0685	0.4274	0.9583	0.8331	0.7280	0.0531s	0.7895	0.7560	0.6978
22
0686	0.4377	0.9583	0.8395	0.7240	0.0531s	0.7928	0.7520	0.6912
23
0687	0.4191	0.9500	0.8402	0.7200	0.0531s	0.7942	0.7490	0.6886
24
0688	0.4676	0.9333	0.8364	0.7200	0.0530s	0.7937	0.7540	0.6944
25
0689	0.4707	0.9500	0.8305	0.7240	0.0531s	0.7909	0.7550	0.6978
26
0690	0.4560	0.9167	0.8235	0.7300	0.0532s	0.7869	0.7590	0.7010
27
0691	0.4077	0.9500	0.8264	0.7300	0.0531s	0.7867	0.7560	0.6977
28
0692	0.4275	0.9750	0.8357	0.7280	0.0532s	0.7896	0.7530	0.6965
29
0693	0.4225	0.9250	0.8470	0.7200	0.0532s	0.7941	0.7510	0.6943
30
0694	0.4391	0.9667	0.8526	0.7120	0.0530s	0.7967	0.7520	0.6953
31
0695	0.4395	0.9500	0.8472	0.7200	0.0530s	0.7953	0.7520	0.6956
32
0696	0.4220	0.9500	0.8362	0.7240	0.0530s	0.7917	0.7530	0.6979
33
0697	0.4836	0.9750	0.8271	0.7280	0.0530s	0.7894	0.7570	0.7021
34
0698	0.4381	0.9250	0.8250	0.7300	0.0533s	0.7890	0.7560	0.6989
35
0699	0.4358	0.9250	0.8288	0.7300	0.0530s	0.7898	0.7530	0.6976
36
0700	0.4475	0.9417	0.8361	0.7260	0.0531s	0.7906	0.7510	0.6947
37
0701	0.4660	0.9417	0.8420	0.7200	0.0533s	0.7914	0.7510	0.6964
38
0702	0.4172	0.9667	0.8429	0.7260	0.0531s	0.7915	0.7530	0.6984
39
0703	0.4358	0.9583	0.8381	0.7280	0.0531s	0.7902	0.7570	0.7006
40
0704	0.4643	0.9417	0.8355	0.7240	0.0531s	0.7907	0.7550	0.6988
41
0705	0.4516	0.9500	0.8344	0.7240	0.0531s	0.7919	0.7510	0.6912
42
0706	0.4620	0.9583	0.8334	0.7260	0.0539s	0.7913	0.7500	0.6901
43
0707	0.4425	0.9833	0.8327	0.7240	0.0531s	0.7899	0.7520	0.6938
44
0708	0.4322	0.9667	0.8335	0.7260	0.0531s	0.7890	0.7550	0.6963
45
0709	0.4223	0.9500	0.8383	0.7240	0.0531s	0.7904	0.7560	0.6972
46
0710	0.4117	0.9750	0.8389	0.7220	0.0549s	0.7915	0.7540	0.6958
47
0711	0.4701	0.9583	0.8354	0.7220	0.0539s	0.7897	0.7580	0.6999
48
0712	0.4648	0.9667	0.8294	0.7280	0.0549s	0.7871	0.7570	0.6994
49
0713	0.4428	0.9417	0.8241	0.7220	0.0549s	0.7845	0.7560	0.6964
50
0714	0.4601	0.9583	0.8248	0.7220	0.0557s	0.7850	0.7470	0.6877
51
0715	0.4365	0.9667	0.8290	0.7240	0.0545s	0.7866	0.7470	0.6893
52
0716	0.4299	0.9750	0.8316	0.7220	0.0534s	0.7876	0.7540	0.6928
53
0717	0.4442	0.9667	0.8324	0.7280	0.0530s	0.7891	0.7570	0.6956
54
0718	0.4838	0.9500	0.8331	0.7260	0.0530s	0.7913	0.7570	0.6963
55
0719	0.4517	0.9167	0.8322	0.7280	0.0535s	0.7915	0.7560	0.6958
56
0720	0.4770	0.9667	0.8264	0.7260	0.0530s	0.7874	0.7560	0.6983
57
0721	0.4595	0.9167	0.8236	0.7240	0.0530s	0.7846	0.7520	0.6968
58
0722	0.4422	0.9583	0.8248	0.7260	0.0530s	0.7838	0.7500	0.6948
59
0723	0.4318	0.9417	0.8262	0.7280	0.0530s	0.7835	0.7530	0.6968
60
0724	0.4776	0.9583	0.8262	0.7260	0.0530s	0.7840	0.7520	0.6958
61
0725	0.4397	0.9583	0.8280	0.7300	0.0528s	0.7859	0.7550	0.6984
62
0726	0.4721	0.9500	0.8314	0.7280	0.0531s	0.7889	0.7570	0.6962
63
0727	0.4528	0.9500	0.8333	0.7280	0.0530s	0.7908	0.7570	0.6967
64
0728	0.4295	0.9667	0.8314	0.7280	0.0530s	0.7899	0.7570	0.6970
65
0729	0.4672	0.9333	0.8294	0.7280	0.0530s	0.7883	0.7570	0.6988
66
0730	0.4321	0.9583	0.8276	0.7280	0.0530s	0.7864	0.7580	0.7015
67
0731	0.4265	0.9417	0.8308	0.7260	0.0530s	0.7866	0.7540	0.6977
68
0732	0.4170	0.9583	0.8373	0.7240	0.0529s	0.7889	0.7530	0.6989
69
0733	0.4405	0.9417	0.8356	0.7240	0.0530s	0.7886	0.7510	0.6950
70
0734	0.4282	0.9417	0.8323	0.7280	0.0531s	0.7883	0.7530	0.6969
71
0735	0.4955	0.9417	0.8293	0.7300	0.0528s	0.7891	0.7570	0.7005
72
0736	0.4472	0.9417	0.8299	0.7300	0.0541s	0.7911	0.7600	0.7017
73
0737	0.4306	0.9667	0.8310	0.7300	0.0530s	0.7917	0.7590	0.6986
74
0738	0.3946	0.9500	0.8318	0.7260	0.0530s	0.7913	0.7570	0.6987
75
0739	0.4690	0.9333	0.8332	0.7240	0.0531s	0.7904	0.7550	0.6992
76
0740	0.3973	0.9833	0.8334	0.7200	0.0530s	0.7899	0.7530	0.6969
77
0741	0.4551	0.9333	0.8301	0.7240	0.0529s	0.7886	0.7580	0.6987
78
0742	0.4076	0.9417	0.8260	0.7280	0.0530s	0.7867	0.7600	0.7030
79
0743	0.4213	0.9417	0.8289	0.7320	0.0530s	0.7877	0.7600	0.7014
80
0744	0.4427	0.9583	0.8346	0.7240	0.0531s	0.7902	0.7590	0.7009
81
0745	0.4713	0.9500	0.8394	0.7220	0.0530s	0.7925	0.7540	0.6966
82
0746	0.4226	0.9750	0.8371	0.7240	0.0532s	0.7904	0.7560	0.6980
83
0747	0.4443	0.9500	0.8327	0.7240	0.0531s	0.7874	0.7540	0.6956
84
0748	0.4346	0.9417	0.8295	0.7220	0.0530s	0.7856	0.7520	0.6936
85
0749	0.4121	0.9667	0.8280	0.7240	0.0527s	0.7842	0.7550	0.6964
86
0750	0.4242	0.9583	0.8280	0.7280	0.0529s	0.7837	0.7580	0.6991
87
0751	0.4389	0.9583	0.8338	0.7280	0.0530s	0.7863	0.7560	0.6975
88
0752	0.4452	0.9500	0.8373	0.7240	0.0529s	0.7883	0.7550	0.6972
89
0753	0.4414	0.9500	0.8373	0.7220	0.0531s	0.7886	0.7540	0.6988
90
0754	0.4266	0.9250	0.8350	0.7220	0.0529s	0.7873	0.7560	0.7005
91
0755	0.4210	0.9500	0.8331	0.7200	0.0529s	0.7862	0.7560	0.6981
92
0756	0.4647	0.9333	0.8304	0.7220	0.0528s	0.7841	0.7570	0.7009
93
0757	0.4366	0.9583	0.8296	0.7260	0.0531s	0.7830	0.7580	0.7016
94
0758	0.4419	0.9417	0.8316	0.7220	0.0531s	0.7839	0.7550	0.6986
95
0759	0.4539	0.9417	0.8371	0.7260	0.0530s	0.7871	0.7510	0.6952
96
0760	0.4514	0.9333	0.8402	0.7260	0.0530s	0.7895	0.7520	0.6960
97
0761	0.4056	0.9583	0.8387	0.7280	0.0530s	0.7912	0.7560	0.6929
98
0762	0.4467	0.9500	0.8325	0.7280	0.0529s	0.7908	0.7580	0.6953
99
0763	0.4670	0.9417	0.8289	0.7300	0.0531s	0.7896	0.7600	0.6973
100
0764	0.4371	0.9333	0.8278	0.7300	0.0531s	0.7874	0.7630	0.7022
101
0765	0.4290	0.9750	0.8314	0.7280	0.0533s	0.7873	0.7550	0.6967
102
0766	0.4014	0.9500	0.8386	0.7240	0.0530s	0.7890	0.7520	0.6960
103
0767	0.4313	0.9667	0.8394	0.7260	0.0539s	0.7893	0.7530	0.6966
104
0768	0.4218	0.9333	0.8336	0.7280	0.0610s	0.7869	0.7570	0.7005
105
0769	0.4502	0.9333	0.8278	0.7280	0.0556s	0.7857	0.7600	0.7035
106
0770	0.4295	0.9500	0.8251	0.7280	0.0535s	0.7855	0.7620	0.7052
107
0771	0.4363	0.9333	0.8240	0.7260	0.0532s	0.7854	0.7670	0.7103
108
0772	0.4387	0.9417	0.8297	0.7260	0.0533s	0.7873	0.7630	0.7063
109
0773	0.4366	0.9417	0.8372	0.7240	0.0529s	0.7902	0.7570	0.7007
110
0774	0.4597	0.9583	0.8419	0.7240	0.0532s	0.7922	0.7500	0.6944
111
0775	0.4442	0.9417	0.8410	0.7200	0.0528s	0.7924	0.7500	0.6922
112
0776	0.4212	0.9667	0.8342	0.7260	0.0530s	0.7897	0.7610	0.7046
113
0777	0.4650	0.9417	0.8268	0.7280	0.0530s	0.7868	0.7630	0.7066
114
0778	0.4377	0.9583	0.8242	0.7280	0.0530s	0.7848	0.7640	0.7075
115
0779	0.4340	0.9333	0.8255	0.7260	0.0529s	0.7844	0.7630	0.7064
116
0780	0.4285	0.9667	0.8294	0.7280	0.0530s	0.7853	0.7570	0.7026
117
0781	0.3890	0.9667	0.8353	0.7240	0.0531s	0.7886	0.7520	0.6958
118
0782	0.4328	0.9750	0.8399	0.7260	0.0531s	0.7927	0.7500	0.6923
119
0783	0.4563	0.9667	0.8404	0.7200	0.0531s	0.7947	0.7470	0.6901
120
0784	0.4442	0.9167	0.8366	0.7220	0.0530s	0.7939	0.7530	0.6937
121
0785	0.4328	0.9583	0.8292	0.7220	0.0529s	0.7894	0.7590	0.7009
122
0786	0.4358	0.9417	0.8258	0.7280	0.0529s	0.7857	0.7610	0.7045
123
0787	0.4363	0.8917	0.8268	0.7300	0.0529s	0.7848	0.7590	0.7023
124
0788	0.4169	0.9500	0.8338	0.7220	0.0530s	0.7878	0.7530	0.6949
125
0789	0.4346	0.9417	0.8387	0.7220	0.0531s	0.7911	0.7480	0.6906
126
0790	0.4422	0.9000	0.8391	0.7240	0.0532s	0.7914	0.7480	0.6905
127
0791	0.4545	0.9167	0.8360	0.7200	0.0530s	0.7898	0.7520	0.6940
128
0792	0.4460	0.9667	0.8331	0.7220	0.0530s	0.7886	0.7600	0.7017
129
0793	0.4232	0.9500	0.8282	0.7220	0.0530s	0.7864	0.7650	0.7084
130
0794	0.4184	0.9750	0.8240	0.7240	0.0530s	0.7846	0.7640	0.7055
131
0795	0.4488	0.9583	0.8229	0.7260	0.0531s	0.7844	0.7620	0.7039
132
0796	0.4674	0.9417	0.8260	0.7240	0.0530s	0.7864	0.7600	0.7024
133
0797	0.4371	0.9667	0.8324	0.7240	0.0529s	0.7890	0.7540	0.6967
134
0798	0.4212	0.9500	0.8355	0.7240	0.0541s	0.7898	0.7570	0.6989
135
0799	0.4196	0.9667	0.8368	0.7240	0.0530s	0.7906	0.7570	0.6980
136
0800	0.4257	0.9500	0.8352	0.7220	0.0529s	0.7900	0.7570	0.6978
137
0801	0.4172	0.9417	0.8287	0.7240	0.0530s	0.7870	0.7610	0.7026
138
0802	0.4559	0.9250	0.8242	0.7240	0.0530s	0.7849	0.7580	0.7001
139
0803	0.4319	0.9583	0.8255	0.7220	0.0531s	0.7848	0.7540	0.6966
140
0804	0.4518	0.9667	0.8268	0.7280	0.0532s	0.7841	0.7560	0.7002
141
0805	0.4492	0.9333	0.8311	0.7280	0.0529s	0.7861	0.7550	0.6989
142
0806	0.4613	0.9250	0.8345	0.7260	0.0532s	0.7882	0.7560	0.6997
143
0807	0.4485	0.9583	0.8356	0.7260	0.0530s	0.7894	0.7580	0.7017
144
0808	0.4266	0.9667	0.8313	0.7280	0.0529s	0.7879	0.7560	0.7001
145
0809	0.4204	0.9667	0.8278	0.7240	0.0529s	0.7864	0.7540	0.6978
146
0810	0.4596	0.9250	0.8266	0.7220	0.0532s	0.7861	0.7540	0.6954
147
0811	0.4542	0.9583	0.8256	0.7180	0.0530s	0.7854	0.7570	0.7009
148
0812	0.4496	0.9500	0.8293	0.7200	0.0530s	0.7868	0.7550	0.6993
149
0813	0.4496	0.9250	0.8345	0.7220	0.0530s	0.7897	0.7530	0.6961
150
0814	0.4176	0.9583	0.8380	0.7220	0.0530s	0.7914	0.7510	0.6940
151
0815	0.4424	0.9500	0.8336	0.7240	0.0530s	0.7890	0.7520	0.6947
152
0816	0.4467	0.9167	0.8272	0.7240	0.0531s	0.7860	0.7550	0.6967
153
0817	0.4610	0.9417	0.8236	0.7240	0.0530s	0.7846	0.7550	0.6984
154
0818	0.4543	0.9750	0.8222	0.7260	0.0531s	0.7839	0.7560	0.6996
155
0819	0.4365	0.9667	0.8243	0.7240	0.0530s	0.7844	0.7560	0.6995
156
0820	0.4364	0.9500	0.8299	0.7240	0.0530s	0.7868	0.7540	0.6956
157
0821	0.4341	0.9583	0.8336	0.7220	0.0530s	0.7888	0.7530	0.6946
158
0822	0.4750	0.9750	0.8333	0.7260	0.0527s	0.7885	0.7540	0.6963
159
0823	0.4568	0.9333	0.8306	0.7260	0.0531s	0.7869	0.7560	0.6982
160
0824	0.4149	0.9667	0.8245	0.7260	0.0530s	0.7835	0.7570	0.7008
161
0825	0.4421	0.9333	0.8258	0.7260	0.0531s	0.7834	0.7550	0.6986
162
0826	0.4211	0.9333	0.8293	0.7220	0.0531s	0.7851	0.7560	0.6995
163
0827	0.4474	0.9500	0.8346	0.7200	0.0530s	0.7876	0.7510	0.6930
164
0828	0.4753	0.9583	0.8364	0.7240	0.0526s	0.7884	0.7540	0.6953
165
0829	0.4195	0.9583	0.8328	0.7260	0.0531s	0.7881	0.7550	0.6974
166
0830	0.4445	0.9667	0.8284	0.7260	0.0529s	0.7868	0.7610	0.7027
167
0831	0.4482	0.9417	0.8253	0.7280	0.0528s	0.7851	0.7650	0.7086
168
0832	0.4504	0.9167	0.8252	0.7280	0.0530s	0.7840	0.7570	0.7006
169
0833	0.4905	0.9250	0.8281	0.7280	0.0529s	0.7849	0.7550	0.6987
170
0834	0.4689	0.9583	0.8318	0.7260	0.0530s	0.7869	0.7500	0.6938
171
0835	0.4391	0.9667	0.8306	0.7240	0.0530s	0.7854	0.7560	0.6996
172
0836	0.4524	0.9167	0.8274	0.7260	0.0529s	0.7847	0.7580	0.7020
173
0837	0.4295	0.9750	0.8276	0.7260	0.0527s	0.7871	0.7590	0.6987
174
0838	0.4316	0.9500	0.8285	0.7260	0.0530s	0.7887	0.7590	0.6987
175
0839	0.4465	0.9333	0.8296	0.7240	0.0530s	0.7878	0.7580	0.6977
176
0840	0.4315	0.9167	0.8294	0.7280	0.0530s	0.7866	0.7560	0.6975
177
0841	0.4480	0.9417	0.8270	0.7300	0.0530s	0.7849	0.7560	0.6974
178
0842	0.4260	0.9500	0.8266	0.7320	0.0530s	0.7843	0.7550	0.6965
179
0843	0.4618	0.9500	0.8267	0.7300	0.0530s	0.7839	0.7540	0.6976
180
0844	0.4293	0.9333	0.8282	0.7300	0.0531s	0.7847	0.7560	0.6975
181
0845	0.4498	0.9667	0.8292	0.7300	0.0530s	0.7857	0.7620	0.7056
182
0846	0.4262	0.9500	0.8313	0.7240	0.0530s	0.7868	0.7580	0.6997
183
0847	0.4333	0.9500	0.8311	0.7240	0.0529s	0.7866	0.7610	0.7025
184
0848	0.4465	0.9250	0.8287	0.7260	0.0530s	0.7862	0.7590	0.7008
185
0849	0.4552	0.9583	0.8275	0.7300	0.0529s	0.7855	0.7600	0.7015
186
0850	0.4386	0.9250	0.8300	0.7280	0.0531s	0.7865	0.7570	0.7006
187
0851	0.4633	0.9500	0.8330	0.7280	0.0532s	0.7877	0.7560	0.6995
188
0852	0.4447	0.9500	0.8349	0.7280	0.0531s	0.7880	0.7540	0.6977
189
0853	0.4428	0.9250	0.8322	0.7280	0.0530s	0.7866	0.7550	0.6987
190
0854	0.4217	0.9583	0.8313	0.7280	0.0530s	0.7867	0.7550	0.6987
191
0855	0.4361	0.9500	0.8311	0.7280	0.0530s	0.7871	0.7560	0.6996
192
0856	0.4404	0.9667	0.8297	0.7280	0.0529s	0.7867	0.7540	0.6977
193
0857	0.4197	0.9500	0.8263	0.7220	0.0530s	0.7864	0.7550	0.6973
194
0858	0.4467	0.9083	0.8238	0.7280	0.0529s	0.7864	0.7560	0.6984
195
0859	0.4527	0.9583	0.8250	0.7260	0.0530s	0.7877	0.7560	0.6983
196
0860	0.4595	0.9500	0.8267	0.7200	0.0531s	0.7885	0.7570	0.6988
197
0861	0.4360	0.9583	0.8276	0.7240	0.0531s	0.7875	0.7590	0.7025
198
0862	0.4336	0.9500	0.8303	0.7260	0.0530s	0.7877	0.7570	0.7004
199
Early stop! Min loss:0.8212499022483826,  Max accuracy:0.74
Early stop model validation loss:0.8212499022483826,  accuracy:0.728
Optimization Finished!
Total time elapsed: 47.3356s
test max acc:0.7670
Loading 661th epoch
stru_node_to_hop attention:tensor([[0.3097, 0.3451, 0.3451],
        [0.1960, 0.4912, 0.3128],
        [0.3118, 0.3441, 0.3441],
        [0.2631, 0.3261, 0.4108],
        [0.2968, 0.3516, 0.3516],
        [0.3303, 0.3477, 0.3220],
        [0.3184, 0.3408, 0.3408],
        [0.2556, 0.2712, 0.4733],
        [0.5519, 0.2364, 0.2117],
        [0.4135, 0.3046, 0.2820],
        [0.3956, 0.3039, 0.3005],
        [0.2607, 0.3697, 0.3697],
        [0.2707, 0.3486, 0.3807],
        [0.2633, 0.3644, 0.3723],
        [0.2624, 0.3673, 0.3703],
        [0.2990, 0.3505, 0.3505],
        [0.2628, 0.3689, 0.3683],
        [0.2649, 0.3984, 0.3367],
        [0.2163, 0.2335, 0.5502],
        [0.2471, 0.4282, 0.3247],
        [0.2610, 0.3699, 0.3691],
        [0.2810, 0.3308, 0.3883],
        [0.2402, 0.3537, 0.4061],
        [0.2957, 0.3310, 0.3733],
        [0.3038, 0.3403, 0.3559],
        [0.4658, 0.2838, 0.2504],
        [0.5039, 0.2654, 0.2307],
        [0.2269, 0.2834, 0.4896],
        [0.2422, 0.4435, 0.3142],
        [0.3562, 0.2756, 0.3682],
        [0.3469, 0.3131, 0.3400],
        [0.3564, 0.3031, 0.3405],
        [0.3320, 0.3112, 0.3569],
        [0.2390, 0.3543, 0.4067],
        [0.2598, 0.3148, 0.4254],
        [0.2488, 0.3756, 0.3756],
        [0.2767, 0.3617, 0.3617],
        [0.2542, 0.3729, 0.3729],
        [0.2761, 0.3393, 0.3846],
        [0.3149, 0.3766, 0.3086],
        [0.2870, 0.3604, 0.3526],
        [0.3315, 0.3021, 0.3664],
        [0.4624, 0.2701, 0.2675],
        [0.4501, 0.3358, 0.2141],
        [0.2508, 0.3529, 0.3963],
        [0.3038, 0.3481, 0.3481],
        [0.2406, 0.3320, 0.4273],
        [0.3273, 0.2992, 0.3735],
        [0.4068, 0.2731, 0.3201],
        [0.2525, 0.4067, 0.3408],
        [0.2987, 0.3927, 0.3087],
        [0.2709, 0.3473, 0.3818],
        [0.4797, 0.2806, 0.2396],
        [0.5315, 0.2266, 0.2419],
        [0.4696, 0.2446, 0.2858],
        [0.4610, 0.3035, 0.2355],
        [0.2789, 0.3595, 0.3616],
        [0.2700, 0.3377, 0.3924],
        [0.2429, 0.3843, 0.3728],
        [0.2743, 0.2745, 0.4512],
        [0.6103, 0.1879, 0.2017],
        [0.4917, 0.2434, 0.2649],
        [0.2911, 0.3113, 0.3976],
        [0.2886, 0.3557, 0.3557],
        [0.2758, 0.3262, 0.3980],
        [0.3463, 0.3490, 0.3047],
        [0.2782, 0.3438, 0.3779],
        [0.3026, 0.3454, 0.3520],
        [0.3027, 0.3393, 0.3580],
        [0.3526, 0.3590, 0.2884],
        [0.2638, 0.3826, 0.3536],
        [0.2731, 0.3567, 0.3702],
        [0.3439, 0.3067, 0.3494],
        [0.3052, 0.3471, 0.3476],
        [0.2782, 0.3332, 0.3886],
        [0.2172, 0.4314, 0.3515],
        [0.2113, 0.4261, 0.3625],
        [0.2604, 0.3407, 0.3989],
        [0.2691, 0.4236, 0.3073],
        [0.2888, 0.4294, 0.2817],
        [0.2507, 0.3750, 0.3743],
        [0.2336, 0.4063, 0.3601],
        [0.2959, 0.3452, 0.3589],
        [0.2528, 0.3964, 0.3508],
        [0.3041, 0.3013, 0.3947],
        [0.3159, 0.3629, 0.3213],
        [0.2628, 0.3828, 0.3544],
        [0.2673, 0.3213, 0.4114],
        [0.2721, 0.3068, 0.4211],
        [0.2572, 0.3714, 0.3714],
        [0.5234, 0.2430, 0.2336],
        [0.4587, 0.2716, 0.2697],
        [0.2894, 0.2810, 0.4296],
        [0.2999, 0.3343, 0.3658],
        [0.2729, 0.3635, 0.3635],
        [0.6151, 0.1955, 0.1894],
        [0.5823, 0.2043, 0.2134],
        [0.2706, 0.3630, 0.3664],
        [0.2497, 0.4042, 0.3461],
        [0.6544, 0.1666, 0.1790]], device='cuda:1')
fea_node_to_hop attention:tensor([[0.2638, 0.3558, 0.1857, 0.1947],
        [0.3203, 0.2657, 0.2026, 0.2115],
        [0.2290, 0.3796, 0.2073, 0.1841],
        [0.2367, 0.3123, 0.2401, 0.2109],
        [0.3227, 0.3190, 0.1757, 0.1826],
        [0.3726, 0.2707, 0.1730, 0.1837],
        [0.3123, 0.2894, 0.1963, 0.2020],
        [0.7102, 0.1022, 0.0984, 0.0892],
        [0.4554, 0.2100, 0.1621, 0.1724],
        [0.4599, 0.2085, 0.1695, 0.1621],
        [0.3857, 0.2591, 0.1834, 0.1718],
        [0.4131, 0.2355, 0.1725, 0.1789],
        [0.5715, 0.1432, 0.1424, 0.1430],
        [0.2219, 0.3341, 0.2373, 0.2068],
        [0.3064, 0.3058, 0.2046, 0.1832],
        [0.3103, 0.3068, 0.1994, 0.1836],
        [0.2066, 0.2940, 0.2615, 0.2379],
        [0.2452, 0.3144, 0.2367, 0.2036],
        [0.2975, 0.2911, 0.2145, 0.1969],
        [0.5998, 0.1545, 0.1278, 0.1179],
        [0.2760, 0.2973, 0.2305, 0.1962],
        [0.2617, 0.3458, 0.2084, 0.1841],
        [0.2071, 0.3140, 0.2516, 0.2274],
        [0.2850, 0.2944, 0.2211, 0.1996],
        [0.1937, 0.3759, 0.2298, 0.2006],
        [0.5041, 0.1797, 0.1616, 0.1546],
        [0.5271, 0.1764, 0.1482, 0.1484],
        [0.1996, 0.3421, 0.2485, 0.2097],
        [0.2050, 0.3455, 0.2374, 0.2122],
        [0.2733, 0.3450, 0.2037, 0.1780],
        [0.3883, 0.2595, 0.1824, 0.1698],
        [0.2473, 0.3752, 0.2031, 0.1744],
        [0.2667, 0.3451, 0.2083, 0.1799],
        [0.2923, 0.3243, 0.2008, 0.1826],
        [0.3413, 0.3243, 0.1770, 0.1574],
        [0.2730, 0.2717, 0.2410, 0.2144],
        [0.2552, 0.3372, 0.2160, 0.1916],
        [0.3739, 0.2360, 0.2034, 0.1867],
        [0.1970, 0.3537, 0.2354, 0.2138],
        [0.2418, 0.3043, 0.2386, 0.2153],
        [0.2864, 0.2887, 0.2245, 0.2004],
        [0.2648, 0.3305, 0.2120, 0.1927],
        [0.5008, 0.1935, 0.1569, 0.1487],
        [0.2956, 0.3298, 0.1996, 0.1749],
        [0.2142, 0.3731, 0.2230, 0.1897],
        [0.1792, 0.4341, 0.2050, 0.1817],
        [0.3680, 0.2835, 0.1835, 0.1650],
        [0.2477, 0.3822, 0.1975, 0.1726],
        [0.2513, 0.3717, 0.2045, 0.1725],
        [0.2185, 0.2955, 0.2543, 0.2316],
        [0.3219, 0.2542, 0.2191, 0.2048],
        [0.2651, 0.2975, 0.2316, 0.2059],
        [0.4656, 0.2198, 0.1617, 0.1529],
        [0.4582, 0.2616, 0.1443, 0.1360],
        [0.4303, 0.2287, 0.1765, 0.1645],
        [0.3836, 0.2741, 0.1761, 0.1662],
        [0.1928, 0.2937, 0.2752, 0.2383],
        [0.2312, 0.3417, 0.2274, 0.1997],
        [0.2051, 0.3059, 0.2610, 0.2280],
        [0.3765, 0.2303, 0.2039, 0.1893],
        [0.6153, 0.1356, 0.1244, 0.1246],
        [0.3114, 0.3082, 0.2005, 0.1799],
        [0.2011, 0.4103, 0.2104, 0.1782],
        [0.3349, 0.2887, 0.2000, 0.1763],
        [0.2006, 0.3498, 0.2405, 0.2091],
        [0.3139, 0.3245, 0.1889, 0.1727],
        [0.1947, 0.3086, 0.2591, 0.2377],
        [0.2338, 0.3524, 0.2220, 0.1917],
        [0.2261, 0.3324, 0.2389, 0.2025],
        [0.3513, 0.3279, 0.1727, 0.1482],
        [0.2096, 0.3150, 0.2530, 0.2224],
        [0.2639, 0.3048, 0.2306, 0.2007],
        [0.2993, 0.3005, 0.2126, 0.1876],
        [0.2293, 0.3583, 0.2217, 0.1907],
        [0.5449, 0.1751, 0.1459, 0.1341],
        [0.3270, 0.2875, 0.2013, 0.1843],
        [0.3461, 0.3135, 0.1869, 0.1535],
        [0.2061, 0.3206, 0.2485, 0.2248],
        [0.2410, 0.2821, 0.2551, 0.2218],
        [0.4570, 0.2260, 0.1664, 0.1505],
        [0.2313, 0.3329, 0.2305, 0.2053],
        [0.2767, 0.2819, 0.2327, 0.2087],
        [0.2528, 0.3494, 0.2144, 0.1834],
        [0.2165, 0.2770, 0.2619, 0.2445],
        [0.2556, 0.2486, 0.2579, 0.2379],
        [0.6858, 0.1233, 0.0987, 0.0922],
        [0.2037, 0.3440, 0.2431, 0.2092],
        [0.2747, 0.2813, 0.2375, 0.2065],
        [0.2922, 0.3139, 0.2098, 0.1840],
        [0.2916, 0.2839, 0.2210, 0.2036],
        [0.4228, 0.2521, 0.1672, 0.1579],
        [0.2976, 0.3236, 0.2013, 0.1774],
        [0.1770, 0.3609, 0.2491, 0.2130],
        [0.2176, 0.2703, 0.2633, 0.2488],
        [0.2194, 0.3087, 0.2464, 0.2256],
        [0.3686, 0.2711, 0.1904, 0.1700],
        [0.3451, 0.2293, 0.2219, 0.2037],
        [0.2491, 0.3453, 0.2128, 0.1928],
        [0.1952, 0.3000, 0.2608, 0.2440],
        [0.6200, 0.1269, 0.1255, 0.1276]], device='cuda:1')
perception attention:tensor([0.4461, 0.5539], device='cuda:1')
Test set results: loss= 0.7850 accuracy= 0.7640 F1_score= 0.7073
