# epoch	loss_train	acc_train	loss_val	acc_val	time	acc_test	f1_test
0001	1.7945	0.1500	1.7932	0.2340	0.0539s	1.7960	0.1750	0.0757
0
0002	1.7912	0.1667	1.7933	0.2200	0.0533s	1.7954	0.2080	0.1472
0
0003	1.7894	0.2333	1.7931	0.2000	0.0534s	1.7945	0.1830	0.0815
1
0004	1.7859	0.2083	1.7929	0.2000	0.0530s	1.7936	0.1860	0.0885
0
0005	1.7816	0.2750	1.7924	0.2140	0.0536s	1.7925	0.2150	0.1154
0
0006	1.7785	0.3250	1.7917	0.1660	0.0577s	1.7911	0.1820	0.1422
0
0007	1.7726	0.3417	1.7909	0.1120	0.0548s	1.7896	0.1210	0.0925
0
0008	1.7691	0.3333	1.7893	0.0800	0.0532s	1.7872	0.0900	0.0479
0
0009	1.7620	0.3667	1.7874	0.0740	0.0530s	1.7845	0.0920	0.0490
0
0010	1.7541	0.3917	1.7850	0.0960	0.0536s	1.7813	0.1120	0.0695
0
0011	1.7489	0.3583	1.7820	0.1360	0.0531s	1.7776	0.1670	0.1200
0
0012	1.7440	0.4250	1.7780	0.1840	0.0534s	1.7732	0.2220	0.1525
0
0013	1.7337	0.4333	1.7733	0.2400	0.0533s	1.7680	0.2690	0.1722
0
0014	1.7244	0.4167	1.7681	0.2700	0.0536s	1.7624	0.2980	0.1856
0
0015	1.7118	0.5083	1.7634	0.2820	0.0535s	1.7571	0.3030	0.1937
0
0016	1.6972	0.5917	1.7578	0.2780	0.0531s	1.7509	0.3080	0.2001
0
0017	1.6950	0.4917	1.7519	0.2880	0.0533s	1.7445	0.3160	0.2070
0
0018	1.6744	0.5417	1.7461	0.3000	0.0532s	1.7382	0.3280	0.2274
0
0019	1.6664	0.5667	1.7395	0.3060	0.0534s	1.7311	0.3460	0.2591
0
0020	1.6450	0.5917	1.7325	0.3260	0.0533s	1.7239	0.3630	0.2843
0
0021	1.6274	0.6667	1.7252	0.3640	0.0538s	1.7163	0.4060	0.3409
0
0022	1.6120	0.6500	1.7172	0.3940	0.0535s	1.7079	0.4300	0.3696
0
0023	1.5975	0.7250	1.7095	0.4200	0.0532s	1.6996	0.4460	0.3870
0
0024	1.5723	0.7250	1.7004	0.4400	0.0534s	1.6897	0.4570	0.3986
0
0025	1.5615	0.7417	1.6911	0.4400	0.0534s	1.6797	0.4690	0.4123
0
0026	1.5427	0.6917	1.6829	0.4360	0.0568s	1.6703	0.4700	0.4158
0
0027	1.5268	0.7500	1.6730	0.4520	0.0549s	1.6594	0.4810	0.4278
0
0028	1.5083	0.7750	1.6622	0.4680	0.0545s	1.6478	0.4900	0.4354
0
0029	1.4850	0.7750	1.6502	0.4840	0.0541s	1.6354	0.4930	0.4372
0
0030	1.4736	0.7833	1.6386	0.4880	0.0534s	1.6231	0.5030	0.4477
0
0031	1.4348	0.7833	1.6273	0.5100	0.0545s	1.6111	0.5190	0.4632
0
0032	1.4258	0.8000	1.6165	0.5200	0.0544s	1.5992	0.5240	0.4669
0
0033	1.4013	0.8000	1.6055	0.5160	0.0535s	1.5870	0.5120	0.4542
0
0034	1.3437	0.8250	1.5928	0.5120	0.0540s	1.5734	0.5090	0.4509
0
0035	1.3676	0.8167	1.5804	0.5160	0.0540s	1.5598	0.5120	0.4544
0
0036	1.3195	0.7667	1.5660	0.5140	0.0540s	1.5449	0.5210	0.4631
0
0037	1.3088	0.8167	1.5495	0.5220	0.0530s	1.5288	0.5260	0.4650
0
0038	1.2934	0.7917	1.5337	0.5240	0.0537s	1.5131	0.5280	0.4662
0
0039	1.2862	0.8083	1.5200	0.5280	0.0536s	1.4987	0.5300	0.4694
0
0040	1.2648	0.8333	1.5067	0.5300	0.0533s	1.4845	0.5340	0.4758
0
0041	1.2060	0.8417	1.4928	0.5420	0.0571s	1.4699	0.5460	0.4902
0
0042	1.2076	0.8417	1.4777	0.5580	0.0541s	1.4546	0.5670	0.5148
0
0043	1.1784	0.8167	1.4630	0.5640	0.0542s	1.4392	0.5740	0.5235
0
0044	1.1892	0.8750	1.4489	0.5780	0.0534s	1.4241	0.5830	0.5305
0
0045	1.1619	0.8250	1.4365	0.5800	0.0536s	1.4103	0.5860	0.5333
0
0046	1.1322	0.8417	1.4277	0.5740	0.0549s	1.3992	0.5840	0.5275
0
0047	1.1256	0.8917	1.4177	0.5680	0.0537s	1.3874	0.5890	0.5325
0
0048	1.1235	0.8667	1.4084	0.5620	0.0530s	1.3762	0.5810	0.5242
0
0049	1.1189	0.8417	1.3970	0.5620	0.0532s	1.3639	0.5780	0.5211
0
0050	1.0545	0.8750	1.3853	0.5620	0.0531s	1.3514	0.5820	0.5275
0
0051	1.0881	0.9000	1.3728	0.5680	0.0530s	1.3385	0.5880	0.5356
0
0052	1.0498	0.8667	1.3613	0.5880	0.0530s	1.3260	0.6000	0.5529
0
0053	1.0219	0.9000	1.3523	0.5880	0.0535s	1.3151	0.5990	0.5523
0
0054	1.0044	0.9083	1.3435	0.5860	0.0530s	1.3047	0.6080	0.5623
0
0055	0.9890	0.9083	1.3356	0.5880	0.0536s	1.2956	0.6090	0.5623
0
0056	0.9818	0.8500	1.3250	0.5980	0.0555s	1.2849	0.6180	0.5731
0
0057	0.9973	0.8500	1.3152	0.6000	0.0531s	1.2749	0.6240	0.5798
0
0058	1.0215	0.8667	1.3054	0.5980	0.0538s	1.2646	0.6240	0.5809
0
0059	0.9896	0.8833	1.2967	0.5920	0.0550s	1.2548	0.6270	0.5837
0
0060	0.9730	0.8583	1.2879	0.5980	0.0534s	1.2450	0.6280	0.5838
0
0061	0.9550	0.8917	1.2788	0.6060	0.0535s	1.2348	0.6310	0.5866
0
0062	0.9659	0.9250	1.2699	0.6200	0.0538s	1.2249	0.6440	0.6002
0
0063	0.9345	0.9083	1.2611	0.6240	0.0529s	1.2154	0.6500	0.6047
0
0064	0.9295	0.9000	1.2502	0.6320	0.0536s	1.2048	0.6620	0.6177
0
0065	0.9339	0.9167	1.2402	0.6360	0.0540s	1.1950	0.6670	0.6224
0
0066	0.9431	0.8583	1.2366	0.6240	0.0529s	1.1899	0.6570	0.6132
0
0067	0.9234	0.8667	1.2348	0.6200	0.0530s	1.1855	0.6500	0.6061
0
0068	0.8885	0.9417	1.2327	0.6240	0.0532s	1.1807	0.6550	0.6133
0
0069	0.8897	0.9000	1.2251	0.6280	0.0531s	1.1728	0.6610	0.6210
0
0070	0.9179	0.8833	1.2140	0.6320	0.0529s	1.1632	0.6650	0.6220
0
0071	0.8810	0.9333	1.2035	0.6400	0.0533s	1.1538	0.6730	0.6295
0
0072	0.8877	0.8750	1.1963	0.6460	0.0541s	1.1463	0.6780	0.6341
0
0073	0.9063	0.8833	1.1915	0.6460	0.0545s	1.1403	0.6770	0.6335
0
0074	0.8593	0.8917	1.1895	0.6440	0.0536s	1.1365	0.6730	0.6303
0
0075	0.8550	0.9000	1.1849	0.6500	0.0545s	1.1311	0.6720	0.6281
0
0076	0.8408	0.9167	1.1773	0.6480	0.0544s	1.1236	0.6780	0.6345
0
0077	0.8457	0.8917	1.1672	0.6560	0.0545s	1.1152	0.6880	0.6458
0
0078	0.8951	0.8667	1.1610	0.6640	0.0541s	1.1087	0.6890	0.6459
0
0079	0.8787	0.8917	1.1540	0.6640	0.0538s	1.1015	0.7000	0.6561
0
0080	0.8826	0.9083	1.1495	0.6640	0.0531s	1.0961	0.7010	0.6573
0
0081	0.8027	0.9250	1.1417	0.6700	0.0544s	1.0886	0.7080	0.6642
0
0082	0.8597	0.9250	1.1337	0.6780	0.0535s	1.0814	0.7060	0.6620
0
0083	0.8751	0.9250	1.1275	0.6800	0.0538s	1.0760	0.7060	0.6619
0
0084	0.8605	0.9333	1.1253	0.6800	0.0530s	1.0732	0.7020	0.6585
0
0085	0.8477	0.8833	1.1219	0.6760	0.0531s	1.0694	0.7050	0.6616
0
0086	0.8405	0.9167	1.1188	0.6720	0.0529s	1.0652	0.7060	0.6624
0
0087	0.8022	0.9000	1.1099	0.6800	0.0532s	1.0573	0.7140	0.6695
0
0088	0.8125	0.8833	1.1025	0.6820	0.0532s	1.0504	0.7130	0.6670
0
0089	0.8602	0.9083	1.0962	0.6880	0.0530s	1.0443	0.7160	0.6704
0
0090	0.8185	0.9500	1.0928	0.6900	0.0530s	1.0404	0.7150	0.6694
0
0091	0.8232	0.9167	1.0907	0.6880	0.0532s	1.0372	0.7180	0.6719
0
0092	0.7873	0.9500	1.0927	0.6840	0.0529s	1.0369	0.7130	0.6678
0
0093	0.7936	0.9250	1.0896	0.6880	0.0527s	1.0329	0.7130	0.6686
1
0094	0.7649	0.9417	1.0823	0.6880	0.0533s	1.0260	0.7160	0.6708
0
0095	0.8053	0.9000	1.0757	0.6840	0.0532s	1.0198	0.7170	0.6725
0
0096	0.7718	0.9500	1.0708	0.6840	0.0530s	1.0154	0.7170	0.6719
0
0097	0.8280	0.9083	1.0680	0.6920	0.0533s	1.0124	0.7210	0.6751
0
0098	0.8093	0.9250	1.0639	0.6920	0.0531s	1.0088	0.7270	0.6823
0
0099	0.7749	0.9417	1.0602	0.6920	0.0531s	1.0051	0.7260	0.6829
0
0100	0.7885	0.9333	1.0564	0.6940	0.0533s	1.0009	0.7240	0.6796
0
0101	0.7909	0.9083	1.0527	0.6960	0.0531s	0.9966	0.7240	0.6786
0
0102	0.7556	0.9750	1.0512	0.6940	0.0528s	0.9941	0.7230	0.6789
0
0103	0.7095	0.9000	1.0497	0.6920	0.0532s	0.9917	0.7220	0.6796
0
0104	0.7663	0.9500	1.0432	0.7020	0.0531s	0.9869	0.7250	0.6825
0
0105	0.7438	0.9417	1.0332	0.6980	0.0531s	0.9804	0.7320	0.6861
0
0106	0.7352	0.9167	1.0253	0.6980	0.0532s	0.9749	0.7330	0.6871
0
0107	0.7367	0.9167	1.0228	0.6960	0.0529s	0.9721	0.7400	0.6945
0
0108	0.7392	0.9417	1.0210	0.6940	0.0530s	0.9692	0.7370	0.6902
0
0109	0.7525	0.9250	1.0215	0.7000	0.0530s	0.9674	0.7320	0.6855
0
0110	0.7525	0.9167	1.0214	0.7000	0.0535s	0.9657	0.7320	0.6856
1
0111	0.7444	0.9667	1.0214	0.6980	0.0532s	0.9641	0.7320	0.6898
2
0112	0.7428	0.9417	1.0185	0.6960	0.0530s	0.9617	0.7380	0.6964
3
0113	0.7709	0.9167	1.0102	0.6940	0.0534s	0.9566	0.7360	0.6932
0
0114	0.7239	0.9333	1.0046	0.6900	0.0531s	0.9534	0.7350	0.6908
0
0115	0.6948	0.9833	1.0015	0.6960	0.0532s	0.9511	0.7350	0.6896
0
0116	0.7161	0.9333	1.0002	0.6960	0.0532s	0.9489	0.7350	0.6909
0
0117	0.7195	0.9417	1.0002	0.6980	0.0546s	0.9467	0.7380	0.6956
0
0118	0.7344	0.9333	0.9996	0.7000	0.0542s	0.9446	0.7350	0.6944
0
0119	0.6880	0.9333	0.9953	0.7040	0.0544s	0.9407	0.7340	0.6918
0
0120	0.7151	0.9417	0.9910	0.6980	0.0544s	0.9378	0.7300	0.6822
0
0121	0.7003	0.9667	0.9854	0.6960	0.0541s	0.9345	0.7350	0.6869
0
0122	0.6957	0.9583	0.9799	0.7000	0.0548s	0.9309	0.7380	0.6901
0
0123	0.6980	0.9083	0.9772	0.7060	0.0541s	0.9280	0.7400	0.6952
0
0124	0.7203	0.9333	0.9759	0.7100	0.0545s	0.9254	0.7390	0.6956
0
0125	0.6530	0.9500	0.9780	0.7060	0.0540s	0.9243	0.7450	0.7043
0
0126	0.6671	0.9667	0.9781	0.7060	0.0542s	0.9224	0.7390	0.6974
1
0127	0.6706	0.9333	0.9766	0.7040	0.0543s	0.9209	0.7380	0.6952
2
0128	0.6782	0.9250	0.9784	0.6980	0.0544s	0.9222	0.7360	0.6905
3
0129	0.6710	0.9500	0.9755	0.6960	0.0545s	0.9208	0.7350	0.6868
4
0130	0.6793	0.9167	0.9670	0.7020	0.0546s	0.9149	0.7400	0.6918
0
0131	0.6542	0.9167	0.9592	0.7040	0.0544s	0.9095	0.7330	0.6832
0
0132	0.6407	0.9333	0.9544	0.7120	0.0562s	0.9059	0.7400	0.6955
0
0133	0.6170	0.9750	0.9528	0.7080	0.0557s	0.9043	0.7380	0.6940
0
0134	0.6335	0.9500	0.9527	0.7020	0.0538s	0.9038	0.7370	0.6926
0
0135	0.6570	0.9583	0.9533	0.7020	0.0531s	0.9042	0.7370	0.6932
0
0136	0.6383	0.9167	0.9547	0.7020	0.0530s	0.9043	0.7380	0.6937
1
0137	0.6361	0.9500	0.9544	0.7040	0.0530s	0.9030	0.7370	0.6941
2
0138	0.6347	0.9750	0.9538	0.7000	0.0533s	0.9013	0.7380	0.6936
3
0139	0.6510	0.9333	0.9492	0.7020	0.0530s	0.8972	0.7390	0.6946
4
0140	0.6449	0.9583	0.9422	0.7080	0.0538s	0.8924	0.7380	0.6944
0
0141	0.6248	0.9583	0.9379	0.7080	0.0528s	0.8892	0.7360	0.6897
0
0142	0.6172	0.9333	0.9389	0.7040	0.0546s	0.8888	0.7370	0.6922
0
0143	0.6194	0.9500	0.9407	0.7020	0.0533s	0.8895	0.7380	0.6928
1
0144	0.5878	0.9167	0.9415	0.7020	0.0535s	0.8894	0.7370	0.6915
2
0145	0.5663	0.9500	0.9388	0.7040	0.0532s	0.8872	0.7400	0.6925
3
0146	0.6178	0.9417	0.9369	0.7120	0.0533s	0.8856	0.7400	0.6940
4
0147	0.6245	0.9167	0.9363	0.7100	0.0530s	0.8850	0.7400	0.6939
0
0148	0.6427	0.9417	0.9364	0.7040	0.0532s	0.8836	0.7380	0.6932
0
0149	0.5907	0.9583	0.9359	0.7020	0.0536s	0.8821	0.7370	0.6899
1
0150	0.5799	0.9667	0.9300	0.7040	0.0530s	0.8787	0.7330	0.6818
0
0151	0.5772	0.9417	0.9239	0.7000	0.0532s	0.8751	0.7340	0.6815
0
0152	0.6187	0.9167	0.9227	0.7020	0.0533s	0.8738	0.7350	0.6856
0
0153	0.5786	0.9250	0.9260	0.6980	0.0530s	0.8750	0.7370	0.6899
0
0154	0.5720	0.9583	0.9301	0.7040	0.0531s	0.8769	0.7420	0.6987
1
0155	0.6077	0.9167	0.9312	0.7080	0.0533s	0.8770	0.7390	0.6975
2
0156	0.5771	0.9333	0.9259	0.7040	0.0533s	0.8733	0.7400	0.6987
3
0157	0.6007	0.9500	0.9191	0.7020	0.0529s	0.8690	0.7360	0.6895
4
0158	0.5722	0.9583	0.9158	0.7020	0.0597s	0.8669	0.7340	0.6835
0
0159	0.5877	0.9250	0.9127	0.6980	0.0541s	0.8644	0.7340	0.6840
0
0160	0.5595	0.9417	0.9150	0.7020	0.0532s	0.8645	0.7360	0.6848
0
0161	0.5565	0.9583	0.9156	0.7080	0.0530s	0.8640	0.7370	0.6882
1
0162	0.5727	0.9167	0.9182	0.7120	0.0532s	0.8648	0.7420	0.6971
2
0163	0.5388	0.9667	0.9206	0.7080	0.0533s	0.8654	0.7400	0.6952
0
0164	0.5712	0.9000	0.9166	0.7020	0.0546s	0.8626	0.7380	0.6895
1
0165	0.5419	0.9500	0.9112	0.6980	0.0530s	0.8595	0.7330	0.6808
2
0166	0.5516	0.9583	0.9060	0.7000	0.0532s	0.8560	0.7350	0.6839
0
0167	0.5979	0.9833	0.9016	0.7060	0.0530s	0.8526	0.7340	0.6833
0
0168	0.5333	0.9083	0.9035	0.7100	0.0529s	0.8520	0.7320	0.6802
0
0169	0.5332	0.9417	0.9061	0.7100	0.0530s	0.8528	0.7390	0.6903
1
0170	0.5682	0.9500	0.9087	0.7120	0.0531s	0.8540	0.7410	0.6950
2
0171	0.5216	0.9083	0.9087	0.7160	0.0530s	0.8544	0.7360	0.6874
0
0172	0.5325	0.9583	0.9047	0.7120	0.0531s	0.8519	0.7310	0.6751
0
0173	0.5237	0.9417	0.9017	0.7060	0.0532s	0.8496	0.7360	0.6825
1
0174	0.5533	0.9500	0.9017	0.6980	0.0531s	0.8480	0.7370	0.6859
2
0175	0.5479	0.9333	0.9000	0.7020	0.0530s	0.8460	0.7390	0.6910
3
0176	0.5337	0.9250	0.8985	0.7120	0.0531s	0.8446	0.7410	0.6920
0
0177	0.5007	0.9417	0.8956	0.7140	0.0528s	0.8435	0.7440	0.6943
0
0178	0.5227	0.9333	0.8990	0.7080	0.0537s	0.8452	0.7370	0.6856
0
0179	0.5045	0.9667	0.8992	0.7060	0.0536s	0.8452	0.7380	0.6854
1
0180	0.5319	0.9500	0.8947	0.7040	0.0536s	0.8424	0.7400	0.6862
2
0181	0.5406	0.9333	0.8923	0.7060	0.0532s	0.8408	0.7390	0.6855
0
0182	0.5294	0.9417	0.8902	0.7080	0.0535s	0.8395	0.7380	0.6847
0
0183	0.4937	0.9667	0.8894	0.7080	0.0533s	0.8386	0.7390	0.6856
0
0184	0.4980	0.9583	0.8909	0.7080	0.0531s	0.8384	0.7420	0.6880
0
0185	0.5091	0.9500	0.8928	0.7060	0.0534s	0.8386	0.7380	0.6836
1
0186	0.5116	0.9833	0.8948	0.7040	0.0531s	0.8392	0.7390	0.6839
2
0187	0.4886	0.9583	0.8897	0.7120	0.0530s	0.8363	0.7370	0.6827
3
0188	0.5186	0.9333	0.8838	0.7160	0.0532s	0.8338	0.7400	0.6846
4
0189	0.5051	0.9667	0.8833	0.7120	0.0532s	0.8335	0.7390	0.6837
0
0190	0.5294	0.9417	0.8845	0.7060	0.0531s	0.8336	0.7400	0.6841
0
0191	0.5400	0.9333	0.8860	0.7080	0.0532s	0.8334	0.7400	0.6839
1
0192	0.5235	0.9583	0.8871	0.7060	0.0530s	0.8333	0.7420	0.6879
2
0193	0.4723	0.9667	0.8883	0.6980	0.0531s	0.8337	0.7390	0.6869
3
0194	0.5159	0.9333	0.8861	0.7080	0.0530s	0.8326	0.7400	0.6880
4
0195	0.5124	0.9500	0.8778	0.7200	0.0534s	0.8294	0.7400	0.6839
5
0196	0.5047	0.9417	0.8753	0.7160	0.0530s	0.8290	0.7410	0.6852
0
0197	0.5079	0.9583	0.8790	0.7140	0.0530s	0.8302	0.7410	0.6851
0
0198	0.5422	0.9417	0.8866	0.7060	0.0532s	0.8327	0.7370	0.6809
1
0199	0.5370	0.9750	0.8893	0.7020	0.0532s	0.8322	0.7380	0.6839
2
0200	0.5308	0.9333	0.8842	0.7040	0.0531s	0.8283	0.7460	0.6933
3
0201	0.4820	0.9417	0.8706	0.7240	0.0531s	0.8220	0.7530	0.7037
4
0202	0.4682	0.9667	0.8621	0.7260	0.0531s	0.8194	0.7530	0.7001
0
0203	0.5127	0.9833	0.8640	0.7240	0.0533s	0.8202	0.7480	0.6918
0
0204	0.4711	0.9750	0.8728	0.7160	0.0530s	0.8238	0.7410	0.6849
1
0205	0.5005	0.9750	0.8829	0.7000	0.0532s	0.8285	0.7400	0.6838
2
0206	0.4907	0.9500	0.8888	0.6980	0.0533s	0.8309	0.7360	0.6824
3
0207	0.4980	0.9583	0.8863	0.7000	0.0721s	0.8291	0.7430	0.6910
4
0208	0.4970	0.9750	0.8764	0.7100	0.0613s	0.8239	0.7430	0.6912
5
0209	0.5312	0.9417	0.8676	0.7200	0.0576s	0.8202	0.7460	0.6941
6
0210	0.4866	0.9250	0.8665	0.7240	0.0543s	0.8205	0.7430	0.6874
7
0211	0.4833	0.9167	0.8685	0.7200	0.0534s	0.8217	0.7410	0.6855
8
0212	0.4725	0.9750	0.8739	0.7120	0.0543s	0.8233	0.7430	0.6870
9
0213	0.4807	0.9750	0.8823	0.6980	0.0542s	0.8264	0.7410	0.6871
10
0214	0.5180	0.9500	0.8858	0.7000	0.0536s	0.8274	0.7400	0.6887
11
0215	0.4959	0.9500	0.8833	0.6960	0.0535s	0.8259	0.7410	0.6891
12
0216	0.4731	0.9333	0.8759	0.7100	0.0542s	0.8227	0.7430	0.6914
13
0217	0.4895	0.9583	0.8679	0.7100	0.0536s	0.8196	0.7440	0.6882
14
0218	0.4843	0.9667	0.8656	0.7120	0.0537s	0.8183	0.7450	0.6887
15
0219	0.5176	0.9500	0.8667	0.7140	0.0535s	0.8184	0.7440	0.6877
16
0220	0.4914	0.9500	0.8710	0.7100	0.0538s	0.8194	0.7420	0.6858
17
0221	0.4899	0.9417	0.8766	0.7060	0.0534s	0.8215	0.7460	0.6952
18
0222	0.4976	0.9833	0.8776	0.7020	0.0537s	0.8215	0.7430	0.6907
19
0223	0.4827	0.9333	0.8749	0.7060	0.0533s	0.8202	0.7400	0.6878
20
0224	0.4843	0.9500	0.8699	0.7100	0.0534s	0.8183	0.7420	0.6875
21
0225	0.4650	0.9667	0.8636	0.7080	0.0533s	0.8163	0.7470	0.6908
22
0226	0.4953	0.9250	0.8627	0.7120	0.0534s	0.8152	0.7480	0.6918
23
0227	0.5069	0.9833	0.8661	0.7140	0.0532s	0.8155	0.7460	0.6937
24
0228	0.4853	0.9667	0.8697	0.7100	0.0533s	0.8166	0.7460	0.6938
25
0229	0.4747	0.9333	0.8705	0.7060	0.0541s	0.8169	0.7460	0.6937
26
0230	0.4923	0.9583	0.8650	0.7140	0.0532s	0.8142	0.7470	0.6952
27
0231	0.4851	0.9500	0.8608	0.7120	0.0534s	0.8123	0.7490	0.6951
28
0232	0.4911	0.9583	0.8620	0.7160	0.0534s	0.8127	0.7470	0.6907
0
0233	0.5047	0.9333	0.8681	0.7100	0.0538s	0.8156	0.7420	0.6859
1
0234	0.5056	0.9417	0.8716	0.7060	0.0535s	0.8174	0.7420	0.6852
2
0235	0.4712	0.9333	0.8694	0.7060	0.0532s	0.8165	0.7410	0.6850
3
0236	0.4706	0.9250	0.8634	0.7080	0.0534s	0.8135	0.7430	0.6898
4
0237	0.4886	0.9417	0.8559	0.7140	0.0555s	0.8104	0.7480	0.6921
5
0238	0.4748	0.9500	0.8548	0.7200	0.0536s	0.8107	0.7480	0.6920
0
0239	0.5065	0.9083	0.8594	0.7180	0.0531s	0.8128	0.7450	0.6888
0
0240	0.5145	0.9583	0.8596	0.7180	0.0533s	0.8128	0.7450	0.6890
1
0241	0.4951	0.9167	0.8635	0.7120	0.0536s	0.8143	0.7430	0.6871
2
0242	0.4450	0.9583	0.8661	0.7080	0.0530s	0.8152	0.7390	0.6840
3
0243	0.4852	0.9500	0.8633	0.7100	0.0532s	0.8132	0.7410	0.6864
4
0244	0.4810	0.9417	0.8564	0.7080	0.0532s	0.8092	0.7440	0.6917
5
0245	0.4964	0.9417	0.8521	0.7200	0.0532s	0.8067	0.7540	0.7023
6
0246	0.4722	0.9333	0.8489	0.7240	0.0532s	0.8050	0.7540	0.6998
0
0247	0.5107	0.9250	0.8486	0.7220	0.0533s	0.8047	0.7520	0.6958
0
0248	0.4538	0.9417	0.8502	0.7200	0.0534s	0.8054	0.7480	0.6921
0
0249	0.4701	0.9500	0.8549	0.7140	0.0533s	0.8075	0.7450	0.6892
1
0250	0.4503	0.9750	0.8587	0.7100	0.0531s	0.8092	0.7450	0.6895
2
0251	0.4548	0.9583	0.8590	0.7100	0.0531s	0.8086	0.7460	0.6948
3
0252	0.4953	0.9333	0.8527	0.7140	0.0533s	0.8053	0.7480	0.6967
4
0253	0.4949	0.9417	0.8482	0.7220	0.0531s	0.8027	0.7500	0.6984
5
0254	0.4439	0.9583	0.8451	0.7200	0.0531s	0.8012	0.7550	0.7032
0
0255	0.4701	0.9250	0.8470	0.7220	0.0532s	0.8021	0.7550	0.7031
0
0256	0.4567	0.9833	0.8506	0.7200	0.0529s	0.8043	0.7480	0.6925
1
0257	0.4672	0.9417	0.8565	0.7160	0.0540s	0.8070	0.7410	0.6856
2
0258	0.4499	0.9583	0.8597	0.7140	0.0539s	0.8078	0.7440	0.6885
3
0259	0.4831	0.9167	0.8609	0.7060	0.0535s	0.8079	0.7460	0.6907
4
0260	0.4803	0.9250	0.8595	0.7120	0.0535s	0.8067	0.7520	0.7002
5
0261	0.4350	0.9583	0.8548	0.7180	0.0536s	0.8039	0.7530	0.7010
6
0262	0.4799	0.9417	0.8502	0.7240	0.0532s	0.8018	0.7550	0.7026
7
0263	0.4716	0.9500	0.8465	0.7220	0.0536s	0.8008	0.7510	0.6974
8
0264	0.4536	0.9500	0.8481	0.7180	0.0533s	0.8024	0.7470	0.6918
9
0265	0.4584	0.9250	0.8517	0.7160	0.0535s	0.8043	0.7450	0.6897
10
0266	0.4591	0.9417	0.8520	0.7160	0.0532s	0.8034	0.7470	0.6936
11
0267	0.4488	0.9500	0.8550	0.7160	0.0530s	0.8040	0.7500	0.6981
12
0268	0.4818	0.9500	0.8519	0.7200	0.0533s	0.8027	0.7500	0.6985
13
0269	0.4444	0.9583	0.8485	0.7220	0.0533s	0.8015	0.7500	0.6960
14
0270	0.4602	0.9500	0.8473	0.7200	0.0535s	0.8015	0.7500	0.6938
15
0271	0.4592	0.9417	0.8516	0.7180	0.0532s	0.8034	0.7490	0.6927
16
0272	0.4540	0.9667	0.8536	0.7180	0.0530s	0.8045	0.7450	0.6893
17
0273	0.4593	0.9750	0.8570	0.7140	0.0532s	0.8062	0.7480	0.6921
18
0274	0.4875	0.9167	0.8612	0.7020	0.0532s	0.8081	0.7470	0.6938
19
0275	0.4740	0.9667	0.8602	0.7080	0.0534s	0.8068	0.7470	0.6957
20
0276	0.4643	0.9583	0.8533	0.7140	0.0534s	0.8027	0.7480	0.6968
21
0277	0.4564	0.9500	0.8499	0.7180	0.0528s	0.8009	0.7570	0.7045
22
0278	0.4809	0.9250	0.8457	0.7200	0.0532s	0.7999	0.7590	0.6999
23
0279	0.4667	0.9667	0.8448	0.7220	0.0531s	0.7998	0.7560	0.6974
24
0280	0.4605	0.9250	0.8499	0.7160	0.0530s	0.8019	0.7520	0.6959
0
0281	0.4908	0.9667	0.8548	0.7140	0.0535s	0.8032	0.7490	0.6929
1
0282	0.4573	0.9583	0.8600	0.7120	0.0530s	0.8044	0.7490	0.6926
2
0283	0.4488	0.9417	0.8626	0.7120	0.0532s	0.8047	0.7490	0.6965
3
0284	0.4821	0.9250	0.8584	0.7180	0.0533s	0.8019	0.7520	0.6994
4
0285	0.4501	0.9750	0.8503	0.7160	0.0744s	0.7985	0.7600	0.7067
5
0286	0.4686	0.9417	0.8433	0.7220	0.0635s	0.7967	0.7600	0.7031
6
0287	0.4980	0.9083	0.8384	0.7240	0.0589s	0.7958	0.7610	0.6999
0
0288	0.5019	0.9417	0.8411	0.7240	0.0556s	0.7960	0.7540	0.6961
0
0289	0.4637	0.9250	0.8508	0.7120	0.0540s	0.7999	0.7520	0.6959
1
0290	0.4539	0.9417	0.8538	0.7160	0.0543s	0.7999	0.7490	0.6950
2
0291	0.4916	0.9333	0.8510	0.7220	0.0542s	0.7971	0.7510	0.6987
3
0292	0.4565	0.9583	0.8492	0.7260	0.0538s	0.7960	0.7540	0.7034
4
0293	0.4515	0.9750	0.8456	0.7220	0.0535s	0.7954	0.7570	0.7024
0
0294	0.4585	0.9333	0.8435	0.7260	0.0531s	0.7965	0.7550	0.6990
1
0295	0.4417	0.9500	0.8460	0.7200	0.0535s	0.8001	0.7520	0.6918
0
0296	0.4431	0.9250	0.8538	0.7140	0.0539s	0.8030	0.7460	0.6881
1
0297	0.4416	0.9250	0.8612	0.7100	0.0541s	0.8049	0.7470	0.6926
2
0298	0.4575	0.9583	0.8601	0.7200	0.0543s	0.8035	0.7490	0.6960
3
0299	0.4705	0.9500	0.8532	0.7240	0.0535s	0.7997	0.7500	0.6994
4
0300	0.4401	0.9583	0.8420	0.7220	0.0529s	0.7963	0.7570	0.7048
5
0301	0.4729	0.9333	0.8382	0.7220	0.0535s	0.7969	0.7500	0.6948
6
0302	0.4282	0.9500	0.8420	0.7180	0.0534s	0.7993	0.7490	0.6924
0
0303	0.4513	0.9750	0.8482	0.7200	0.0529s	0.8011	0.7480	0.6906
1
0304	0.4587	0.9167	0.8553	0.7160	0.0535s	0.8028	0.7500	0.6934
2
0305	0.4563	0.9333	0.8563	0.7180	0.0542s	0.8026	0.7480	0.6915
3
0306	0.4669	0.9417	0.8521	0.7180	0.0529s	0.7993	0.7530	0.6984
4
0307	0.4871	0.9500	0.8479	0.7160	0.0531s	0.7967	0.7540	0.7000
5
0308	0.4525	0.9500	0.8458	0.7140	0.0548s	0.7961	0.7530	0.6969
6
0309	0.4500	0.9583	0.8437	0.7180	0.0542s	0.7956	0.7550	0.6987
7
0310	0.4527	0.9417	0.8454	0.7200	0.0541s	0.7966	0.7570	0.7005
8
0311	0.4438	0.9417	0.8518	0.7160	0.0538s	0.7997	0.7490	0.6915
9
0312	0.4504	0.9417	0.8555	0.7160	0.0533s	0.8015	0.7500	0.6939
10
0313	0.4601	0.9333	0.8555	0.7160	0.0541s	0.8014	0.7490	0.6926
11
0314	0.4228	0.9667	0.8483	0.7180	0.0534s	0.7985	0.7510	0.6950
12
0315	0.4607	0.9833	0.8421	0.7220	0.0532s	0.7959	0.7590	0.7003
13
0316	0.4913	0.9583	0.8408	0.7180	0.0535s	0.7965	0.7560	0.6962
14
0317	0.4428	0.9667	0.8401	0.7180	0.0532s	0.7957	0.7580	0.7002
15
0318	0.4465	0.9500	0.8425	0.7200	0.0533s	0.7962	0.7540	0.6964
16
0319	0.4625	0.9500	0.8511	0.7200	0.0534s	0.7998	0.7520	0.6940
17
0320	0.4613	0.9333	0.8610	0.7120	0.0539s	0.8056	0.7460	0.6892
18
0321	0.4788	0.9250	0.8610	0.7140	0.0531s	0.8059	0.7460	0.6892
19
0322	0.4466	0.9417	0.8509	0.7200	0.0529s	0.8008	0.7500	0.6921
20
0323	0.4603	0.9083	0.8445	0.7180	0.0538s	0.7979	0.7510	0.6962
21
0324	0.4567	0.9500	0.8408	0.7200	0.0532s	0.7956	0.7520	0.6972
22
0325	0.4315	0.9667	0.8386	0.7220	0.0533s	0.7941	0.7570	0.7014
23
0326	0.4288	0.9500	0.8376	0.7260	0.0530s	0.7944	0.7560	0.6981
24
0327	0.4772	0.9500	0.8405	0.7200	0.0537s	0.7962	0.7570	0.6987
0
0328	0.4367	0.9500	0.8473	0.7160	0.0533s	0.7994	0.7520	0.6937
1
0329	0.4251	0.9583	0.8544	0.7160	0.0539s	0.8028	0.7480	0.6876
2
0330	0.4658	0.9667	0.8584	0.7100	0.0536s	0.8043	0.7420	0.6850
3
0331	0.4357	0.9417	0.8545	0.7120	0.0532s	0.8020	0.7440	0.6871
4
0332	0.4325	0.9583	0.8515	0.7160	0.0533s	0.8004	0.7460	0.6888
5
0333	0.4648	0.9583	0.8432	0.7220	0.0531s	0.7962	0.7500	0.6924
6
0334	0.4846	0.9333	0.8385	0.7260	0.0537s	0.7945	0.7550	0.6993
7
0335	0.4599	0.9500	0.8362	0.7260	0.0530s	0.7942	0.7580	0.7018
0
0336	0.4417	0.9500	0.8389	0.7240	0.0534s	0.7951	0.7550	0.6967
0
0337	0.4617	0.9417	0.8451	0.7140	0.0532s	0.7975	0.7550	0.6964
1
0338	0.4795	0.9583	0.8519	0.7160	0.0532s	0.8005	0.7530	0.6947
2
0339	0.4564	0.9500	0.8515	0.7160	0.0530s	0.8003	0.7520	0.6940
3
0340	0.4506	0.9500	0.8494	0.7180	0.0534s	0.7988	0.7490	0.6917
4
0341	0.4263	0.9500	0.8456	0.7180	0.0537s	0.7965	0.7510	0.6956
5
0342	0.4450	0.9750	0.8388	0.7180	0.0531s	0.7931	0.7530	0.6974
6
0343	0.4532	0.9583	0.8343	0.7260	0.0532s	0.7916	0.7580	0.7020
7
0344	0.4400	0.9750	0.8356	0.7200	0.0540s	0.7924	0.7570	0.7005
0
0345	0.4496	0.9667	0.8416	0.7180	0.0539s	0.7947	0.7550	0.6968
1
0346	0.4348	0.9583	0.8484	0.7160	0.0534s	0.7979	0.7520	0.6940
2
0347	0.4496	0.9500	0.8535	0.7160	0.0538s	0.7994	0.7540	0.6959
3
0348	0.4762	0.9417	0.8514	0.7160	0.0536s	0.7974	0.7550	0.6981
4
0349	0.4407	0.9750	0.8443	0.7180	0.0530s	0.7943	0.7560	0.6997
5
0350	0.4371	0.9500	0.8370	0.7260	0.0537s	0.7919	0.7580	0.7015
6
0351	0.4751	0.9500	0.8318	0.7220	0.0531s	0.7911	0.7580	0.6996
0
0352	0.4301	0.9750	0.8333	0.7220	0.0536s	0.7923	0.7550	0.6967
0
0353	0.4704	0.9500	0.8404	0.7200	0.0531s	0.7945	0.7540	0.6959
1
0354	0.4320	0.9667	0.8487	0.7120	0.0531s	0.7970	0.7510	0.6925
2
0355	0.4814	0.9833	0.8521	0.7160	0.0541s	0.7977	0.7530	0.6966
3
0356	0.4408	0.9417	0.8513	0.7160	0.0535s	0.7975	0.7560	0.6991
4
0357	0.4264	0.9750	0.8450	0.7160	0.0533s	0.7951	0.7510	0.6927
5
0358	0.4444	0.9583	0.8358	0.7200	0.0531s	0.7923	0.7580	0.6996
6
0359	0.4110	0.9500	0.8301	0.7260	0.0533s	0.7907	0.7620	0.7032
7
0360	0.4836	0.9417	0.8308	0.7260	0.0531s	0.7912	0.7560	0.6976
0
0361	0.4507	0.9250	0.8390	0.7200	0.0533s	0.7941	0.7550	0.6964
0
0362	0.4378	0.9417	0.8481	0.7140	0.0532s	0.7971	0.7510	0.6946
1
0363	0.4473	0.9333	0.8481	0.7200	0.0532s	0.7962	0.7500	0.6962
2
0364	0.4641	0.9333	0.8437	0.7200	0.0533s	0.7945	0.7510	0.6929
3
0365	0.4905	0.9417	0.8370	0.7220	0.0527s	0.7927	0.7570	0.6985
4
0366	0.4264	0.9500	0.8359	0.7240	0.0536s	0.7926	0.7590	0.7022
5
0367	0.4644	0.9333	0.8363	0.7240	0.0533s	0.7920	0.7580	0.6987
6
0368	0.4516	0.9667	0.8396	0.7220	0.0531s	0.7926	0.7560	0.6988
7
0369	0.4407	0.9417	0.8417	0.7200	0.0531s	0.7929	0.7550	0.6957
8
0370	0.4724	0.9333	0.8463	0.7160	0.0534s	0.7948	0.7480	0.6904
9
0371	0.4429	0.9500	0.8477	0.7140	0.0532s	0.7958	0.7470	0.6899
10
0372	0.4406	0.9417	0.8425	0.7200	0.0532s	0.7935	0.7480	0.6904
11
0373	0.4249	0.9500	0.8372	0.7220	0.0532s	0.7910	0.7520	0.6914
12
0374	0.4515	0.9500	0.8332	0.7260	0.0558s	0.7904	0.7530	0.6917
13
0375	0.4469	0.9833	0.8338	0.7280	0.0539s	0.7909	0.7540	0.6929
0
0376	0.4752	0.9417	0.8398	0.7200	0.0535s	0.7935	0.7520	0.6913
0
0377	0.4757	0.9333	0.8464	0.7180	0.0538s	0.7967	0.7460	0.6863
1
0378	0.4568	0.9750	0.8482	0.7180	0.0534s	0.7966	0.7520	0.6912
2
0379	0.4723	0.9583	0.8436	0.7180	0.0530s	0.7938	0.7510	0.6933
3
0380	0.4528	0.9333	0.8362	0.7240	0.0532s	0.7900	0.7540	0.6960
4
0381	0.4247	0.9500	0.8292	0.7260	0.0534s	0.7875	0.7550	0.6969
5
0382	0.3996	0.9583	0.8264	0.7240	0.0532s	0.7869	0.7590	0.7008
0
0383	0.4525	0.9583	0.8295	0.7240	0.0532s	0.7866	0.7610	0.7022
0
0384	0.4248	0.9750	0.8385	0.7220	0.0535s	0.7885	0.7590	0.7024
1
0385	0.4324	0.9417	0.8489	0.7180	0.0538s	0.7926	0.7550	0.6984
2
0386	0.4442	0.9417	0.8507	0.7180	0.0532s	0.7939	0.7550	0.6965
3
0387	0.4472	0.9333	0.8474	0.7200	0.0534s	0.7939	0.7510	0.6930
4
0388	0.4226	0.9583	0.8370	0.7240	0.0533s	0.7904	0.7560	0.6981
5
0389	0.4239	0.9500	0.8288	0.7280	0.0530s	0.7878	0.7600	0.7018
6
0390	0.4622	0.9583	0.8269	0.7260	0.0530s	0.7861	0.7600	0.7017
0
0391	0.4373	0.9417	0.8313	0.7260	0.0536s	0.7860	0.7580	0.7015
1
0392	0.4138	0.9417	0.8412	0.7240	0.0531s	0.7892	0.7570	0.7006
2
0393	0.4985	0.9167	0.8502	0.7200	0.0530s	0.7933	0.7520	0.6955
3
0394	0.4270	0.9750	0.8537	0.7200	0.0534s	0.7958	0.7510	0.6944
4
0395	0.4702	0.9250	0.8488	0.7200	0.0532s	0.7942	0.7510	0.6946
5
0396	0.4415	0.9500	0.8411	0.7220	0.0534s	0.7921	0.7510	0.6934
6
0397	0.4506	0.9417	0.8343	0.7180	0.0535s	0.7910	0.7520	0.6949
7
0398	0.4444	0.9333	0.8310	0.7240	0.0540s	0.7906	0.7520	0.6946
8
0399	0.4441	0.9583	0.8315	0.7260	0.0539s	0.7902	0.7530	0.6954
9
0400	0.4411	0.9417	0.8407	0.7220	0.0533s	0.7927	0.7550	0.6983
10
0401	0.4470	0.9333	0.8478	0.7240	0.0534s	0.7957	0.7550	0.6979
11
0402	0.4468	0.9500	0.8527	0.7220	0.0530s	0.7980	0.7530	0.6984
12
0403	0.4677	0.9250	0.8490	0.7240	0.0537s	0.7958	0.7530	0.6983
13
0404	0.4531	0.9250	0.8439	0.7160	0.0533s	0.7932	0.7520	0.6955
14
0405	0.4772	0.9583	0.8423	0.7180	0.0532s	0.7935	0.7480	0.6901
15
0406	0.4718	0.9417	0.8388	0.7200	0.0589s	0.7928	0.7500	0.6920
16
0407	0.4675	0.9083	0.8322	0.7260	0.0566s	0.7899	0.7550	0.6971
17
0408	0.4602	0.9333	0.8326	0.7240	0.0546s	0.7893	0.7600	0.7012
18
0409	0.4548	0.9500	0.8338	0.7220	0.0532s	0.7891	0.7590	0.7024
19
0410	0.4296	0.9333	0.8383	0.7240	0.0533s	0.7903	0.7600	0.7028
20
0411	0.4569	0.9333	0.8458	0.7180	0.0532s	0.7928	0.7550	0.6978
21
0412	0.4578	0.9667	0.8491	0.7140	0.0539s	0.7939	0.7540	0.6969
22
0413	0.4329	0.9750	0.8466	0.7120	0.0524s	0.7936	0.7520	0.6933
23
0414	0.4476	0.9583	0.8399	0.7140	0.0540s	0.7914	0.7540	0.6954
24
0415	0.4457	0.9500	0.8333	0.7260	0.0531s	0.7896	0.7580	0.6973
25
0416	0.4547	0.9750	0.8310	0.7240	0.0566s	0.7894	0.7560	0.6957
26
0417	0.4248	0.9417	0.8333	0.7220	0.0579s	0.7900	0.7590	0.6982
27
0418	0.4776	0.9500	0.8404	0.7160	0.0542s	0.7918	0.7580	0.6970
28
0419	0.4375	0.9083	0.8469	0.7160	0.0528s	0.7935	0.7550	0.6980
29
0420	0.4386	0.9417	0.8463	0.7140	0.0532s	0.7923	0.7570	0.7000
30
0421	0.4286	0.9417	0.8416	0.7160	0.0542s	0.7906	0.7580	0.7013
31
0422	0.4465	0.9583	0.8382	0.7200	0.0533s	0.7900	0.7550	0.6971
32
0423	0.4529	0.9583	0.8345	0.7240	0.0531s	0.7896	0.7560	0.6978
33
0424	0.4272	0.9333	0.8311	0.7240	0.0531s	0.7896	0.7560	0.6979
34
0425	0.4767	0.9250	0.8328	0.7240	0.0531s	0.7908	0.7570	0.6987
35
0426	0.4714	0.9417	0.8376	0.7200	0.0529s	0.7927	0.7590	0.7028
36
0427	0.4731	0.9167	0.8425	0.7220	0.0530s	0.7940	0.7550	0.6993
37
0428	0.4248	0.9500	0.8459	0.7180	0.0531s	0.7947	0.7520	0.6964
38
0429	0.4292	0.9667	0.8475	0.7220	0.0536s	0.7948	0.7520	0.6959
39
0430	0.4717	0.9667	0.8443	0.7200	0.0534s	0.7936	0.7500	0.6943
40
0431	0.4450	0.9500	0.8364	0.7280	0.0536s	0.7906	0.7550	0.6990
41
0432	0.4820	0.9167	0.8306	0.7300	0.0536s	0.7885	0.7600	0.7036
0
0433	0.4546	0.9083	0.8281	0.7280	0.0536s	0.7879	0.7600	0.7017
0
0434	0.4466	0.9167	0.8303	0.7260	0.0538s	0.7884	0.7600	0.7018
1
0435	0.4219	0.9417	0.8404	0.7180	0.0535s	0.7917	0.7470	0.6879
2
0436	0.4485	0.9583	0.8504	0.7180	0.0535s	0.7957	0.7420	0.6849
3
0437	0.4653	0.9583	0.8540	0.7180	0.0540s	0.7974	0.7440	0.6861
4
0438	0.4522	0.9583	0.8471	0.7220	0.0534s	0.7939	0.7500	0.6914
5
0439	0.4460	0.9417	0.8371	0.7260	0.0528s	0.7899	0.7560	0.6968
6
0440	0.4706	0.9333	0.8314	0.7240	0.0530s	0.7880	0.7600	0.7008
7
0441	0.4538	0.9333	0.8306	0.7260	0.0534s	0.7872	0.7610	0.7017
8
0442	0.4321	0.9417	0.8330	0.7220	0.0530s	0.7875	0.7590	0.7025
9
0443	0.4623	0.9667	0.8382	0.7220	0.0529s	0.7896	0.7560	0.6979
10
0444	0.4325	0.9583	0.8472	0.7220	0.0534s	0.7953	0.7440	0.6852
11
0445	0.4559	0.9500	0.8504	0.7140	0.0529s	0.7974	0.7420	0.6831
12
0446	0.4304	0.9583	0.8469	0.7220	0.0533s	0.7953	0.7480	0.6901
13
0447	0.4564	0.9500	0.8383	0.7240	0.0531s	0.7911	0.7540	0.6953
14
0448	0.4423	0.9667	0.8297	0.7260	0.0531s	0.7869	0.7600	0.7008
15
0449	0.4395	0.9583	0.8237	0.7300	0.0597s	0.7843	0.7650	0.7057
16
0450	0.4372	0.9667	0.8245	0.7280	0.0618s	0.7841	0.7630	0.7066
0
0451	0.4560	0.9500	0.8324	0.7260	0.0599s	0.7871	0.7560	0.6985
1
0452	0.4699	0.9500	0.8417	0.7240	0.0608s	0.7907	0.7500	0.6926
2
0453	0.4288	0.9667	0.8439	0.7220	0.0615s	0.7911	0.7500	0.6919
3
0454	0.4249	0.9417	0.8394	0.7220	0.0637s	0.7887	0.7520	0.6933
4
0455	0.4344	0.9667	0.8346	0.7260	0.0619s	0.7869	0.7550	0.6959
5
0456	0.4370	0.9583	0.8310	0.7280	0.0618s	0.7856	0.7600	0.6986
6
0457	0.4336	0.9500	0.8300	0.7300	0.0620s	0.7860	0.7610	0.7002
7
0458	0.4306	0.9667	0.8363	0.7240	0.0620s	0.7880	0.7560	0.6982
0
0459	0.4458	0.9583	0.8419	0.7220	0.0618s	0.7898	0.7550	0.6989
1
0460	0.4684	0.9417	0.8442	0.7200	0.0621s	0.7902	0.7540	0.6975
2
0461	0.4269	0.9667	0.8428	0.7200	0.0620s	0.7905	0.7500	0.6938
3
0462	0.4264	0.9333	0.8391	0.7200	0.0618s	0.7911	0.7480	0.6897
4
0463	0.4324	0.9667	0.8354	0.7220	0.0618s	0.7913	0.7520	0.6937
5
0464	0.4228	0.9583	0.8334	0.7260	0.0619s	0.7908	0.7530	0.6927
6
0465	0.4540	0.9500	0.8336	0.7240	0.0618s	0.7902	0.7570	0.6966
7
0466	0.4476	0.9417	0.8383	0.7240	0.0618s	0.7922	0.7520	0.6916
8
0467	0.4895	0.9000	0.8443	0.7220	0.0620s	0.7938	0.7520	0.6912
9
0468	0.4636	0.9333	0.8468	0.7180	0.0619s	0.7947	0.7500	0.6914
10
0469	0.4288	0.9583	0.8410	0.7180	0.0619s	0.7923	0.7500	0.6914
11
0470	0.4440	0.9333	0.8348	0.7240	0.0618s	0.7901	0.7550	0.6964
12
0471	0.4208	0.9583	0.8330	0.7260	0.0602s	0.7903	0.7540	0.6935
13
0472	0.4355	0.9833	0.8325	0.7320	0.0549s	0.7905	0.7550	0.6945
14
0473	0.4412	0.9750	0.8329	0.7260	0.0536s	0.7910	0.7570	0.6964
0
0474	0.4768	0.9417	0.8373	0.7260	0.0533s	0.7923	0.7490	0.6884
1
0475	0.4625	0.9250	0.8411	0.7240	0.0530s	0.7932	0.7500	0.6915
2
0476	0.4652	0.8917	0.8443	0.7240	0.0532s	0.7940	0.7520	0.6930
3
0477	0.4180	0.9667	0.8412	0.7240	0.0530s	0.7928	0.7510	0.6923
4
0478	0.4369	0.9500	0.8353	0.7240	0.0529s	0.7908	0.7560	0.6975
5
0479	0.4460	0.9833	0.8312	0.7220	0.0535s	0.7893	0.7550	0.6969
6
0480	0.4057	0.9667	0.8333	0.7220	0.0531s	0.7901	0.7540	0.6960
7
0481	0.4282	0.9583	0.8360	0.7220	0.0531s	0.7903	0.7530	0.6970
8
0482	0.4390	0.9750	0.8408	0.7240	0.0532s	0.7909	0.7520	0.6956
9
0483	0.4550	0.9333	0.8446	0.7200	0.0533s	0.7924	0.7550	0.6977
10
0484	0.4567	0.9250	0.8444	0.7220	0.0526s	0.7927	0.7540	0.6972
11
0485	0.4243	0.9750	0.8430	0.7220	0.0533s	0.7918	0.7540	0.6974
12
0486	0.4449	0.9333	0.8391	0.7240	0.0531s	0.7906	0.7550	0.6984
13
0487	0.4703	0.9250	0.8350	0.7220	0.0533s	0.7902	0.7550	0.6967
14
0488	0.4309	0.9583	0.8320	0.7260	0.0553s	0.7896	0.7580	0.6994
15
0489	0.4494	0.9583	0.8316	0.7260	0.0533s	0.7891	0.7610	0.7021
16
0490	0.4463	0.9500	0.8370	0.7280	0.0561s	0.7904	0.7560	0.6979
17
0491	0.4376	0.9333	0.8430	0.7220	0.0542s	0.7929	0.7520	0.6938
18
0492	0.4360	0.9250	0.8450	0.7220	0.0554s	0.7947	0.7510	0.6929
19
0493	0.4565	0.9583	0.8405	0.7240	0.0561s	0.7925	0.7520	0.6940
20
0494	0.4433	0.9583	0.8352	0.7280	0.0578s	0.7897	0.7560	0.6978
21
0495	0.4440	0.9667	0.8316	0.7260	0.0553s	0.7879	0.7620	0.7057
22
0496	0.4699	0.9500	0.8308	0.7280	0.0535s	0.7870	0.7630	0.7081
23
0497	0.4313	0.9750	0.8314	0.7240	0.0540s	0.7868	0.7610	0.7063
24
0498	0.4471	0.9583	0.8320	0.7220	0.0531s	0.7867	0.7570	0.7010
25
0499	0.4188	0.9667	0.8296	0.7220	0.0532s	0.7864	0.7560	0.6979
26
0500	0.4378	0.9583	0.8325	0.7240	0.0531s	0.7883	0.7550	0.6971
27
0501	0.4339	0.9333	0.8363	0.7240	0.0549s	0.7902	0.7540	0.6965
28
0502	0.4423	0.9667	0.8370	0.7240	0.0530s	0.7900	0.7540	0.6942
29
0503	0.4391	0.9583	0.8360	0.7280	0.0532s	0.7889	0.7570	0.6986
30
0504	0.4470	0.9500	0.8309	0.7300	0.0530s	0.7870	0.7630	0.7083
31
0505	0.4349	0.9417	0.8293	0.7280	0.0529s	0.7865	0.7630	0.7082
32
0506	0.4331	0.9250	0.8268	0.7280	0.0530s	0.7852	0.7630	0.7082
33
0507	0.4597	0.9583	0.8274	0.7260	0.0530s	0.7849	0.7620	0.7073
34
0508	0.4117	0.9667	0.8305	0.7240	0.0529s	0.7866	0.7540	0.6964
35
0509	0.4397	0.9500	0.8354	0.7240	0.0544s	0.7897	0.7500	0.6932
36
0510	0.4634	0.9417	0.8381	0.7220	0.0542s	0.7908	0.7510	0.6936
37
0511	0.4512	0.9500	0.8369	0.7260	0.0534s	0.7896	0.7570	0.7009
38
0512	0.4389	0.9583	0.8369	0.7300	0.0525s	0.7892	0.7610	0.7057
39
0513	0.4299	0.9417	0.8382	0.7240	0.0531s	0.7902	0.7580	0.7004
40
0514	0.4457	0.9667	0.8365	0.7240	0.0540s	0.7906	0.7550	0.6938
41
0515	0.4220	0.9083	0.8353	0.7240	0.0538s	0.7909	0.7600	0.6994
42
0516	0.4468	0.9500	0.8345	0.7260	0.0536s	0.7898	0.7590	0.6987
43
0517	0.4524	0.9500	0.8326	0.7280	0.0530s	0.7874	0.7570	0.6965
44
0518	0.4245	0.9750	0.8317	0.7320	0.0533s	0.7861	0.7600	0.7013
45
0519	0.4444	0.9417	0.8312	0.7300	0.0545s	0.7862	0.7590	0.7002
0
0520	0.4431	0.9333	0.8312	0.7320	0.0532s	0.7864	0.7590	0.6999
1
0521	0.4621	0.9500	0.8303	0.7320	0.0531s	0.7863	0.7580	0.6993
0
0522	0.4287	0.9667	0.8305	0.7260	0.0537s	0.7870	0.7520	0.6942
0
0523	0.4523	0.9583	0.8337	0.7220	0.0532s	0.7881	0.7510	0.6933
1
0524	0.4258	0.9083	0.8369	0.7200	0.0532s	0.7887	0.7490	0.6913
2
0525	0.4593	0.9167	0.8360	0.7220	0.0530s	0.7877	0.7550	0.6984
3
0526	0.4452	0.9583	0.8332	0.7260	0.0529s	0.7876	0.7590	0.7006
4
0527	0.4243	0.9667	0.8296	0.7260	0.0531s	0.7874	0.7610	0.7026
5
0528	0.4295	0.9500	0.8296	0.7260	0.0533s	0.7884	0.7600	0.6994
6
0529	0.4284	0.9500	0.8329	0.7260	0.0535s	0.7890	0.7550	0.6970
7
0530	0.4427	0.9667	0.8367	0.7200	0.0534s	0.7909	0.7510	0.6931
8
0531	0.4349	0.9583	0.8363	0.7180	0.0532s	0.7906	0.7500	0.6923
9
0532	0.4423	0.9000	0.8322	0.7240	0.0532s	0.7875	0.7520	0.6944
10
0533	0.4133	0.9833	0.8299	0.7220	0.0532s	0.7857	0.7560	0.6976
11
0534	0.4594	0.9500	0.8274	0.7280	0.0530s	0.7851	0.7600	0.7013
12
0535	0.4354	0.9500	0.8293	0.7260	0.0531s	0.7859	0.7600	0.7014
13
0536	0.4390	0.9500	0.8321	0.7240	0.0539s	0.7868	0.7570	0.6989
14
0537	0.4465	0.9833	0.8366	0.7240	0.0537s	0.7888	0.7500	0.6925
15
0538	0.4756	0.9417	0.8418	0.7160	0.0533s	0.7928	0.7480	0.6910
16
0539	0.4386	0.9667	0.8408	0.7200	0.0548s	0.7924	0.7530	0.6950
17
0540	0.4615	0.9583	0.8358	0.7240	0.0557s	0.7896	0.7530	0.6953
18
0541	0.4365	0.9500	0.8311	0.7280	0.0534s	0.7880	0.7570	0.6978
19
0542	0.4537	0.9500	0.8290	0.7240	0.0534s	0.7886	0.7610	0.7023
20
0543	0.4528	0.9583	0.8268	0.7260	0.0532s	0.7872	0.7620	0.7033
21
0544	0.4221	0.9667	0.8246	0.7300	0.0530s	0.7865	0.7610	0.7021
22
0545	0.4257	0.9583	0.8310	0.7220	0.0532s	0.7902	0.7530	0.6930
23
0546	0.4181	0.9583	0.8416	0.7140	0.0533s	0.7969	0.7430	0.6843
24
0547	0.4639	0.9333	0.8496	0.7100	0.0529s	0.8004	0.7420	0.6827
25
0548	0.4332	0.9583	0.8479	0.7160	0.0534s	0.7975	0.7460	0.6883
26
0549	0.4707	0.9583	0.8369	0.7200	0.0532s	0.7909	0.7520	0.6936
27
0550	0.4039	0.9667	0.8281	0.7240	0.0531s	0.7870	0.7590	0.7041
28
0551	0.4436	0.9667	0.8201	0.7320	0.0529s	0.7852	0.7630	0.7043
29
0552	0.4378	0.9750	0.8199	0.7320	0.0530s	0.7861	0.7630	0.7047
0
0553	0.4349	0.9500	0.8283	0.7260	0.0535s	0.7882	0.7610	0.7006
0
0554	0.4450	0.9500	0.8389	0.7200	0.0531s	0.7929	0.7470	0.6898
1
0555	0.4518	0.9417	0.8466	0.7160	0.0533s	0.7954	0.7470	0.6894
2
0556	0.4472	0.9417	0.8465	0.7180	0.0533s	0.7947	0.7460	0.6878
3
0557	0.4074	0.9583	0.8388	0.7220	0.0532s	0.7891	0.7480	0.6921
4
0558	0.4723	0.9417	0.8303	0.7300	0.0531s	0.7846	0.7600	0.7051
5
0559	0.4535	0.9583	0.8253	0.7280	0.0537s	0.7845	0.7590	0.7028
6
0560	0.4388	0.9500	0.8231	0.7260	0.0542s	0.7859	0.7620	0.7038
7
0561	0.4507	0.9750	0.8230	0.7260	0.0543s	0.7852	0.7630	0.7043
8
0562	0.4118	0.9250	0.8285	0.7200	0.0530s	0.7866	0.7550	0.6970
9
0563	0.4466	0.9583	0.8360	0.7220	0.0532s	0.7895	0.7490	0.6913
10
0564	0.4751	0.9333	0.8394	0.7180	0.0533s	0.7910	0.7450	0.6878
11
0565	0.4271	0.9417	0.8395	0.7180	0.0531s	0.7904	0.7490	0.6913
12
0566	0.4414	0.9500	0.8358	0.7220	0.0534s	0.7880	0.7530	0.6927
13
0567	0.4338	0.9500	0.8319	0.7280	0.0536s	0.7873	0.7600	0.7015
14
0568	0.3871	0.9667	0.8284	0.7240	0.0542s	0.7868	0.7640	0.7054
15
0569	0.4690	0.9500	0.8300	0.7240	0.0532s	0.7882	0.7540	0.6939
16
0570	0.4434	0.9583	0.8309	0.7220	0.0533s	0.7890	0.7520	0.6946
17
0571	0.4505	0.9750	0.8332	0.7220	0.0538s	0.7897	0.7500	0.6928
18
0572	0.4318	0.9417	0.8322	0.7260	0.0530s	0.7876	0.7530	0.6952
19
0573	0.4558	0.9417	0.8355	0.7240	0.0531s	0.7878	0.7540	0.6956
20
0574	0.4303	0.9583	0.8392	0.7240	0.0539s	0.7897	0.7570	0.7005
21
0575	0.4234	0.9500	0.8392	0.7240	0.0542s	0.7896	0.7570	0.7003
22
0576	0.4300	0.9500	0.8383	0.7260	0.0535s	0.7888	0.7580	0.7011
23
0577	0.4697	0.9333	0.8321	0.7240	0.0538s	0.7865	0.7580	0.6994
24
0578	0.4295	0.9500	0.8292	0.7200	0.0545s	0.7867	0.7540	0.6958
25
0579	0.4109	0.9583	0.8276	0.7240	0.0538s	0.7868	0.7560	0.6981
26
0580	0.4305	0.9667	0.8292	0.7200	0.0540s	0.7866	0.7550	0.6971
27
0581	0.4425	0.9417	0.8300	0.7220	0.0546s	0.7852	0.7580	0.7014
28
0582	0.4344	0.9667	0.8353	0.7220	0.0553s	0.7872	0.7590	0.7021
29
0583	0.4438	0.9417	0.8385	0.7260	0.0535s	0.7889	0.7590	0.7020
30
0584	0.4444	0.9583	0.8372	0.7240	0.0535s	0.7885	0.7570	0.7003
31
0585	0.4473	0.9500	0.8353	0.7220	0.0545s	0.7884	0.7540	0.6957
32
0586	0.4123	0.9750	0.8316	0.7240	0.0541s	0.7879	0.7530	0.6952
33
0587	0.4628	0.9750	0.8305	0.7220	0.0536s	0.7878	0.7540	0.6964
34
0588	0.4451	0.9750	0.8314	0.7200	0.0533s	0.7883	0.7530	0.6956
35
0589	0.4209	0.9500	0.8334	0.7200	0.0541s	0.7893	0.7530	0.6951
36
0590	0.4117	0.9417	0.8329	0.7200	0.0538s	0.7883	0.7590	0.7005
37
0591	0.4498	0.9417	0.8328	0.7220	0.0539s	0.7868	0.7600	0.7048
38
0592	0.4543	0.9500	0.8367	0.7220	0.0538s	0.7884	0.7590	0.7037
39
0593	0.4485	0.9500	0.8422	0.7200	0.0541s	0.7912	0.7550	0.6981
40
0594	0.4472	0.9667	0.8406	0.7200	0.0541s	0.7921	0.7550	0.6962
41
0595	0.4364	0.9417	0.8363	0.7220	0.0560s	0.7907	0.7560	0.6952
42
0596	0.4380	0.9333	0.8320	0.7240	0.0552s	0.7891	0.7560	0.6978
43
0597	0.4250	0.9750	0.8269	0.7220	0.0540s	0.7869	0.7560	0.6956
44
0598	0.4120	0.9250	0.8281	0.7220	0.0542s	0.7867	0.7570	0.6985
45
0599	0.4340	0.9250	0.8320	0.7240	0.0544s	0.7866	0.7610	0.7058
46
0600	0.4331	0.9500	0.8383	0.7240	0.0542s	0.7882	0.7590	0.7037
47
0601	0.4375	0.9417	0.8415	0.7260	0.0541s	0.7889	0.7580	0.7026
48
0602	0.4191	0.9417	0.8407	0.7260	0.0547s	0.7886	0.7590	0.7039
49
0603	0.4490	0.9583	0.8389	0.7240	0.0601s	0.7892	0.7540	0.6955
50
0604	0.4428	0.9583	0.8333	0.7260	0.0559s	0.7895	0.7520	0.6922
51
0605	0.4477	0.9500	0.8322	0.7240	0.0544s	0.7907	0.7530	0.6910
52
0606	0.4309	0.9667	0.8330	0.7260	0.0539s	0.7901	0.7530	0.6910
53
0607	0.4137	0.9500	0.8320	0.7260	0.0534s	0.7877	0.7550	0.6946
54
0608	0.4571	0.9167	0.8323	0.7260	0.0553s	0.7866	0.7570	0.6989
55
0609	0.4234	0.9583	0.8352	0.7260	0.0538s	0.7868	0.7570	0.7025
56
0610	0.4460	0.9583	0.8363	0.7240	0.0534s	0.7865	0.7570	0.7021
57
0611	0.4348	0.9417	0.8359	0.7220	0.0533s	0.7863	0.7570	0.7019
58
0612	0.4257	0.9500	0.8313	0.7260	0.0535s	0.7849	0.7570	0.7024
59
0613	0.4406	0.9583	0.8254	0.7260	0.0533s	0.7841	0.7580	0.6996
60
0614	0.4740	0.9333	0.8259	0.7280	0.0533s	0.7857	0.7580	0.7000
61
0615	0.4421	0.9333	0.8310	0.7240	0.0553s	0.7885	0.7550	0.6977
62
0616	0.4331	0.9333	0.8355	0.7240	0.0539s	0.7890	0.7500	0.6929
63
0617	0.4212	0.9583	0.8349	0.7240	0.0533s	0.7870	0.7590	0.7027
64
0618	0.4197	0.9583	0.8317	0.7240	0.0532s	0.7845	0.7620	0.7050
65
0619	0.4238	0.9667	0.8286	0.7280	0.0533s	0.7834	0.7640	0.7068
66
0620	0.4443	0.9750	0.8275	0.7240	0.0530s	0.7842	0.7630	0.7059
67
0621	0.4473	0.9083	0.8287	0.7260	0.0532s	0.7859	0.7600	0.6987
68
0622	0.4362	0.9583	0.8315	0.7220	0.0530s	0.7879	0.7580	0.6970
69
0623	0.4740	0.9583	0.8315	0.7200	0.0531s	0.7884	0.7530	0.6930
70
0624	0.4659	0.9333	0.8321	0.7180	0.0534s	0.7874	0.7540	0.6942
71
0625	0.4138	0.9667	0.8325	0.7200	0.0531s	0.7855	0.7580	0.6997
72
0626	0.4331	0.9417	0.8348	0.7220	0.0550s	0.7855	0.7570	0.7012
73
0627	0.4242	0.9500	0.8358	0.7220	0.0534s	0.7857	0.7550	0.6989
74
0628	0.4485	0.9500	0.8360	0.7240	0.0533s	0.7864	0.7520	0.6962
75
0629	0.4163	0.9417	0.8347	0.7220	0.0531s	0.7874	0.7540	0.6964
76
0630	0.4437	0.9417	0.8329	0.7220	0.0533s	0.7893	0.7570	0.6991
77
0631	0.4440	0.9417	0.8314	0.7260	0.0532s	0.7898	0.7580	0.6977
78
0632	0.4623	0.9167	0.8317	0.7260	0.0529s	0.7893	0.7590	0.7008
79
0633	0.4536	0.9500	0.8342	0.7240	0.0535s	0.7883	0.7560	0.6997
80
0634	0.4213	0.9750	0.8372	0.7240	0.0534s	0.7881	0.7570	0.7005
81
0635	0.4513	0.9250	0.8361	0.7240	0.0535s	0.7872	0.7600	0.7074
82
0636	0.4515	0.9500	0.8336	0.7220	0.0532s	0.7865	0.7600	0.7078
83
0637	0.4411	0.9583	0.8314	0.7200	0.0541s	0.7872	0.7580	0.7040
84
0638	0.4405	0.9417	0.8318	0.7180	0.0533s	0.7891	0.7550	0.6970
85
0639	0.4451	0.9500	0.8369	0.7200	0.0532s	0.7923	0.7570	0.6989
86
0640	0.4561	0.9583	0.8383	0.7220	0.0532s	0.7941	0.7600	0.7013
87
0641	0.4489	0.9500	0.8386	0.7220	0.0532s	0.7944	0.7590	0.7003
88
0642	0.4662	0.9000	0.8360	0.7260	0.0534s	0.7921	0.7600	0.7014
89
0643	0.4752	0.9500	0.8329	0.7200	0.0532s	0.7885	0.7580	0.6994
90
0644	0.4636	0.9333	0.8320	0.7220	0.0537s	0.7866	0.7610	0.7067
91
0645	0.4409	0.9250	0.8339	0.7180	0.0537s	0.7874	0.7560	0.7026
92
0646	0.4206	0.9333	0.8372	0.7180	0.0533s	0.7893	0.7530	0.6981
93
0647	0.4440	0.9167	0.8362	0.7180	0.0531s	0.7892	0.7550	0.6971
94
0648	0.4260	0.9417	0.8342	0.7240	0.0533s	0.7893	0.7600	0.7009
95
0649	0.4551	0.9667	0.8352	0.7280	0.0541s	0.7908	0.7600	0.7003
96
0650	0.4265	0.9583	0.8365	0.7260	0.0541s	0.7913	0.7580	0.6963
97
0651	0.4470	0.9583	0.8329	0.7240	0.0535s	0.7883	0.7590	0.6973
98
0652	0.4457	0.9333	0.8333	0.7260	0.0535s	0.7875	0.7610	0.7021
99
0653	0.4370	0.9417	0.8341	0.7220	0.0538s	0.7880	0.7540	0.6968
100
0654	0.4431	0.9167	0.8335	0.7220	0.0534s	0.7876	0.7560	0.7008
101
0655	0.4571	0.9250	0.8322	0.7240	0.0534s	0.7858	0.7570	0.7016
102
0656	0.4298	0.9667	0.8329	0.7240	0.0534s	0.7857	0.7580	0.7016
103
0657	0.4557	0.9250	0.8340	0.7240	0.0537s	0.7872	0.7570	0.6977
104
0658	0.4569	0.9583	0.8376	0.7240	0.0531s	0.7899	0.7560	0.6944
105
0659	0.4506	0.9333	0.8394	0.7240	0.0535s	0.7919	0.7550	0.6935
106
0660	0.4544	0.9417	0.8382	0.7220	0.0538s	0.7919	0.7560	0.6946
107
0661	0.4244	0.9417	0.8359	0.7240	0.0532s	0.7901	0.7570	0.6959
108
0662	0.4574	0.9417	0.8362	0.7220	0.0530s	0.7896	0.7520	0.6922
109
0663	0.4262	0.9667	0.8357	0.7240	0.0531s	0.7885	0.7550	0.6950
110
0664	0.4531	0.9500	0.8344	0.7240	0.0846s	0.7872	0.7590	0.7004
111
0665	0.4642	0.9667	0.8345	0.7260	0.0666s	0.7861	0.7610	0.7040
112
0666	0.4406	0.9750	0.8362	0.7260	0.0620s	0.7865	0.7570	0.7002
113
0667	0.4246	0.9667	0.8355	0.7260	0.0619s	0.7866	0.7550	0.6961
114
0668	0.4556	0.9500	0.8331	0.7300	0.0628s	0.7865	0.7560	0.6970
115
0669	0.4377	0.9667	0.8322	0.7300	0.0618s	0.7866	0.7550	0.6939
116
0670	0.4383	0.9167	0.8336	0.7240	0.0617s	0.7871	0.7540	0.6933
117
0671	0.4399	0.9667	0.8370	0.7220	0.0622s	0.7889	0.7510	0.6909
118
0672	0.4480	0.9667	0.8392	0.7200	0.0619s	0.7901	0.7480	0.6884
119
0673	0.4360	0.9417	0.8396	0.7220	0.0620s	0.7892	0.7520	0.6916
120
0674	0.4509	0.9583	0.8383	0.7220	0.0616s	0.7879	0.7530	0.6944
121
0675	0.4234	0.9667	0.8371	0.7220	0.0620s	0.7877	0.7560	0.6969
122
0676	0.4304	0.9750	0.8336	0.7280	0.0590s	0.7865	0.7580	0.7011
123
0677	0.4338	0.9667	0.8315	0.7240	0.0584s	0.7866	0.7560	0.6952
124
0678	0.4457	0.9250	0.8322	0.7240	0.0575s	0.7891	0.7570	0.6970
125
0679	0.4410	0.9250	0.8301	0.7240	0.0549s	0.7881	0.7560	0.6963
126
0680	0.4234	0.9583	0.8306	0.7280	0.0535s	0.7860	0.7570	0.6964
127
0681	0.4340	0.9750	0.8351	0.7300	0.0534s	0.7868	0.7540	0.6997
128
0682	0.4160	0.9583	0.8368	0.7260	0.0536s	0.7876	0.7530	0.6985
129
0683	0.4238	0.9667	0.8345	0.7300	0.0535s	0.7868	0.7560	0.7013
130
0684	0.4525	0.9500	0.8302	0.7280	0.0531s	0.7861	0.7570	0.6962
131
0685	0.4243	0.9750	0.8316	0.7240	0.0532s	0.7888	0.7590	0.6988
132
0686	0.4370	0.9750	0.8365	0.7240	0.0531s	0.7917	0.7550	0.6955
133
0687	0.4526	0.9417	0.8351	0.7240	0.0529s	0.7898	0.7570	0.6969
134
0688	0.4576	0.9500	0.8327	0.7220	0.0532s	0.7872	0.7560	0.6954
135
0689	0.4227	0.9667	0.8361	0.7280	0.0529s	0.7882	0.7510	0.6930
136
0690	0.4486	0.9667	0.8379	0.7220	0.0531s	0.7888	0.7490	0.6914
137
0691	0.4351	0.9667	0.8374	0.7220	0.0533s	0.7885	0.7510	0.6932
138
0692	0.4379	0.9667	0.8379	0.7220	0.0533s	0.7891	0.7520	0.6943
139
0693	0.4267	0.9667	0.8397	0.7240	0.0533s	0.7912	0.7540	0.6941
140
0694	0.4535	0.9333	0.8384	0.7240	0.0532s	0.7914	0.7570	0.6972
141
0695	0.4225	0.9667	0.8325	0.7260	0.0530s	0.7877	0.7580	0.6978
142
0696	0.4354	0.9833	0.8299	0.7280	0.0531s	0.7859	0.7610	0.7000
143
0697	0.4497	0.9250	0.8321	0.7300	0.0531s	0.7869	0.7590	0.6999
144
0698	0.4128	0.9583	0.8363	0.7280	0.0540s	0.7880	0.7570	0.6981
145
0699	0.4474	0.9583	0.8418	0.7220	0.0533s	0.7900	0.7550	0.6960
146
0700	0.4383	0.9417	0.8472	0.7220	0.0533s	0.7934	0.7500	0.6895
147
0701	0.4435	0.9500	0.8456	0.7220	0.0533s	0.7935	0.7530	0.6929
148
0702	0.4114	0.9500	0.8397	0.7220	0.0530s	0.7909	0.7520	0.6920
149
0703	0.4469	0.9417	0.8350	0.7220	0.0531s	0.7894	0.7510	0.6911
150
0704	0.4500	0.9333	0.8325	0.7200	0.0532s	0.7887	0.7500	0.6902
151
0705	0.4153	0.9500	0.8343	0.7200	0.0534s	0.7891	0.7500	0.6899
152
0706	0.4394	0.9500	0.8362	0.7220	0.0533s	0.7895	0.7550	0.6964
153
0707	0.4212	0.9500	0.8397	0.7220	0.0536s	0.7914	0.7570	0.6978
154
0708	0.4398	0.9583	0.8419	0.7200	0.0546s	0.7932	0.7570	0.6979
155
0709	0.4143	0.9583	0.8376	0.7220	0.0537s	0.7911	0.7570	0.6986
156
0710	0.4382	0.9417	0.8308	0.7200	0.0533s	0.7880	0.7580	0.6997
157
0711	0.4443	0.9500	0.8272	0.7220	0.0534s	0.7866	0.7580	0.7018
158
0712	0.4379	0.9250	0.8262	0.7220	0.0531s	0.7864	0.7580	0.7017
159
0713	0.4353	0.9500	0.8316	0.7220	0.0532s	0.7882	0.7540	0.6982
160
0714	0.4194	0.9500	0.8377	0.7180	0.0531s	0.7906	0.7510	0.6955
161
0715	0.4917	0.9583	0.8411	0.7160	0.0530s	0.7926	0.7510	0.6950
162
0716	0.4408	0.9333	0.8338	0.7220	0.0533s	0.7891	0.7560	0.6998
163
0717	0.4531	0.8917	0.8294	0.7220	0.0529s	0.7870	0.7580	0.7016
164
0718	0.4260	0.9417	0.8267	0.7220	0.0555s	0.7849	0.7590	0.7025
165
0719	0.4183	0.9500	0.8281	0.7240	0.0562s	0.7850	0.7560	0.6998
166
0720	0.4616	0.9167	0.8341	0.7220	0.0541s	0.7870	0.7530	0.6970
167
0721	0.4317	0.9667	0.8383	0.7220	0.0531s	0.7890	0.7490	0.6932
168
0722	0.4303	0.9417	0.8429	0.7200	0.0534s	0.7915	0.7510	0.6946
169
0723	0.4659	0.9667	0.8410	0.7220	0.0532s	0.7912	0.7490	0.6910
170
0724	0.4577	0.9333	0.8371	0.7220	0.0532s	0.7899	0.7500	0.6944
171
0725	0.4612	0.9417	0.8344	0.7200	0.0537s	0.7892	0.7550	0.6988
172
0726	0.4284	0.9750	0.8331	0.7220	0.0537s	0.7891	0.7540	0.6955
173
0727	0.4095	0.9833	0.8319	0.7240	0.0535s	0.7886	0.7570	0.6980
174
0728	0.4514	0.9417	0.8302	0.7260	0.0531s	0.7870	0.7610	0.7042
175
0729	0.4534	0.9333	0.8297	0.7240	0.0556s	0.7865	0.7560	0.6999
176
0730	0.4404	0.9500	0.8330	0.7240	0.0533s	0.7883	0.7510	0.6939
177
0731	0.4374	0.9583	0.8366	0.7220	0.0533s	0.7888	0.7510	0.6937
178
0732	0.4211	0.9583	0.8407	0.7240	0.0533s	0.7902	0.7530	0.6948
179
0733	0.4661	0.9583	0.8402	0.7240	0.0532s	0.7901	0.7550	0.6960
180
0734	0.4103	0.9750	0.8374	0.7240	0.0532s	0.7891	0.7550	0.6934
181
0735	0.4459	0.9583	0.8315	0.7280	0.0532s	0.7870	0.7580	0.6965
182
0736	0.4495	0.9333	0.8274	0.7300	0.0539s	0.7860	0.7580	0.6970
183
0737	0.4655	0.9333	0.8256	0.7260	0.0532s	0.7858	0.7530	0.6931
184
0738	0.4418	0.9667	0.8282	0.7260	0.0532s	0.7855	0.7520	0.6923
185
0739	0.4235	0.9583	0.8321	0.7240	0.0539s	0.7852	0.7550	0.6988
186
0740	0.4545	0.9167	0.8335	0.7240	0.0538s	0.7851	0.7610	0.7060
187
0741	0.4455	0.9500	0.8347	0.7260	0.0534s	0.7867	0.7580	0.7013
188
0742	0.4322	0.9500	0.8343	0.7260	0.0534s	0.7887	0.7580	0.6973
189
0743	0.4634	0.9250	0.8312	0.7260	0.0533s	0.7900	0.7600	0.6992
190
0744	0.4634	0.9417	0.8315	0.7260	0.0530s	0.7922	0.7520	0.6926
191
0745	0.4004	0.9417	0.8297	0.7240	0.0532s	0.7918	0.7490	0.6898
192
0746	0.4503	0.9667	0.8266	0.7260	0.0533s	0.7879	0.7500	0.6905
193
0747	0.4201	0.9333	0.8270	0.7240	0.0534s	0.7849	0.7570	0.7010
194
0748	0.4315	0.9667	0.8327	0.7280	0.0532s	0.7858	0.7590	0.7040
195
0749	0.4400	0.9500	0.8391	0.7180	0.0535s	0.7884	0.7570	0.7017
196
0750	0.4586	0.9500	0.8425	0.7200	0.0533s	0.7908	0.7550	0.7000
197
0751	0.4530	0.9750	0.8377	0.7220	0.0531s	0.7911	0.7540	0.6957
198
0752	0.4231	0.9667	0.8293	0.7260	0.0530s	0.7905	0.7540	0.6942
199
Early stop! Min loss:0.8199320435523987,  Max accuracy:0.732
Early stop model validation loss:0.8199320435523987,  accuracy:0.732
Optimization Finished!
Total time elapsed: 41.3681s
test max acc:0.7650
Loading 551th epoch
stru_node_to_hop attention:tensor([[0.2976, 0.3512, 0.3512],
        [0.2190, 0.4693, 0.3117],
        [0.3235, 0.3382, 0.3382],
        [0.2458, 0.3258, 0.4284],
        [0.2702, 0.3649, 0.3649],
        [0.3744, 0.3223, 0.3033],
        [0.3064, 0.3468, 0.3468],
        [0.2750, 0.2599, 0.4651],
        [0.5580, 0.2334, 0.2086],
        [0.4043, 0.3140, 0.2817],
        [0.3927, 0.3099, 0.2974],
        [0.2629, 0.3685, 0.3685],
        [0.2239, 0.3873, 0.3888],
        [0.2797, 0.3509, 0.3694],
        [0.2805, 0.3545, 0.3650],
        [0.2900, 0.3550, 0.3550],
        [0.2682, 0.3701, 0.3617],
        [0.2569, 0.4058, 0.3373],
        [0.1980, 0.2353, 0.5666],
        [0.2904, 0.4033, 0.3063],
        [0.2846, 0.3683, 0.3471],
        [0.2736, 0.3148, 0.4116],
        [0.2371, 0.3531, 0.4097],
        [0.2791, 0.3429, 0.3780],
        [0.3119, 0.3348, 0.3534],
        [0.4410, 0.2967, 0.2623],
        [0.5269, 0.2495, 0.2236],
        [0.2514, 0.2842, 0.4644],
        [0.2379, 0.4512, 0.3109],
        [0.3378, 0.2835, 0.3787],
        [0.3337, 0.3169, 0.3494],
        [0.3774, 0.2966, 0.3260],
        [0.3548, 0.2967, 0.3484],
        [0.2585, 0.3266, 0.4149],
        [0.2434, 0.3212, 0.4355],
        [0.2782, 0.3609, 0.3609],
        [0.2818, 0.3591, 0.3591],
        [0.2858, 0.3571, 0.3571],
        [0.2775, 0.3354, 0.3871],
        [0.3145, 0.3692, 0.3163],
        [0.2703, 0.3628, 0.3669],
        [0.3172, 0.3131, 0.3697],
        [0.4090, 0.2866, 0.3045],
        [0.4801, 0.3109, 0.2090],
        [0.2643, 0.3464, 0.3893],
        [0.3208, 0.3396, 0.3396],
        [0.2260, 0.3444, 0.4296],
        [0.3307, 0.2956, 0.3737],
        [0.3725, 0.2844, 0.3432],
        [0.2608, 0.3945, 0.3447],
        [0.2975, 0.3903, 0.3121],
        [0.2764, 0.3448, 0.3788],
        [0.4673, 0.2848, 0.2479],
        [0.5221, 0.2367, 0.2413],
        [0.3971, 0.2847, 0.3182],
        [0.4653, 0.2877, 0.2470],
        [0.2673, 0.3591, 0.3736],
        [0.2713, 0.3352, 0.3935],
        [0.2607, 0.3790, 0.3604],
        [0.2748, 0.2629, 0.4623],
        [0.5893, 0.1984, 0.2123],
        [0.4247, 0.2779, 0.2975],
        [0.2931, 0.3061, 0.4008],
        [0.2810, 0.3595, 0.3595],
        [0.2919, 0.3287, 0.3794],
        [0.3234, 0.3675, 0.3091],
        [0.2803, 0.3346, 0.3851],
        [0.3052, 0.3346, 0.3602],
        [0.3131, 0.3274, 0.3595],
        [0.3060, 0.3995, 0.2944],
        [0.2610, 0.3759, 0.3630],
        [0.2739, 0.3609, 0.3652],
        [0.3423, 0.3150, 0.3427],
        [0.3007, 0.3439, 0.3553],
        [0.2621, 0.3348, 0.4031],
        [0.2214, 0.4210, 0.3576],
        [0.2236, 0.4185, 0.3579],
        [0.2852, 0.3262, 0.3886],
        [0.2395, 0.4393, 0.3212],
        [0.2577, 0.4614, 0.2809],
        [0.2501, 0.3721, 0.3778],
        [0.2269, 0.4300, 0.3431],
        [0.2829, 0.3559, 0.3613],
        [0.2556, 0.4005, 0.3439],
        [0.2797, 0.3069, 0.4133],
        [0.2990, 0.3771, 0.3238],
        [0.2635, 0.3845, 0.3520],
        [0.2736, 0.3354, 0.3910],
        [0.2903, 0.3334, 0.3763],
        [0.2735, 0.3633, 0.3633],
        [0.5363, 0.2307, 0.2330],
        [0.4458, 0.2720, 0.2822],
        [0.2818, 0.2838, 0.4345],
        [0.2900, 0.3299, 0.3801],
        [0.2768, 0.3616, 0.3616],
        [0.5763, 0.2184, 0.2053],
        [0.6437, 0.1731, 0.1832],
        [0.2916, 0.3524, 0.3561],
        [0.2497, 0.3967, 0.3536],
        [0.6931, 0.1480, 0.1590]], device='cuda:1')
fea_node_to_hop attention:tensor([[0.3123, 0.3038, 0.1905, 0.1934],
        [0.3563, 0.2497, 0.1920, 0.2021],
        [0.2231, 0.3965, 0.2006, 0.1797],
        [0.2311, 0.3078, 0.2474, 0.2137],
        [0.3766, 0.2723, 0.1767, 0.1744],
        [0.3824, 0.2613, 0.1731, 0.1831],
        [0.3321, 0.2719, 0.1957, 0.2003],
        [0.6800, 0.1131, 0.1084, 0.0985],
        [0.4298, 0.2303, 0.1615, 0.1784],
        [0.4346, 0.2194, 0.1757, 0.1703],
        [0.3698, 0.2683, 0.1841, 0.1778],
        [0.4007, 0.2483, 0.1716, 0.1794],
        [0.5389, 0.1572, 0.1526, 0.1514],
        [0.2073, 0.3557, 0.2329, 0.2041],
        [0.3111, 0.2998, 0.2058, 0.1833],
        [0.3272, 0.2927, 0.1986, 0.1815],
        [0.2157, 0.2897, 0.2577, 0.2369],
        [0.2246, 0.3274, 0.2413, 0.2068],
        [0.2921, 0.2942, 0.2159, 0.1977],
        [0.6022, 0.1513, 0.1278, 0.1186],
        [0.2957, 0.3052, 0.2151, 0.1840],
        [0.2375, 0.3567, 0.2158, 0.1900],
        [0.2096, 0.3102, 0.2547, 0.2255],
        [0.2709, 0.3139, 0.2178, 0.1974],
        [0.2142, 0.3657, 0.2245, 0.1956],
        [0.5129, 0.1762, 0.1584, 0.1525],
        [0.5244, 0.1770, 0.1498, 0.1488],
        [0.1978, 0.3385, 0.2483, 0.2154],
        [0.2098, 0.3353, 0.2396, 0.2152],
        [0.2440, 0.3729, 0.2051, 0.1780],
        [0.3691, 0.2719, 0.1857, 0.1733],
        [0.2539, 0.3634, 0.2054, 0.1773],
        [0.2818, 0.3297, 0.2081, 0.1804],
        [0.2734, 0.3265, 0.2097, 0.1905],
        [0.3638, 0.2968, 0.1781, 0.1613],
        [0.2953, 0.2672, 0.2311, 0.2064],
        [0.2399, 0.3472, 0.2190, 0.1940],
        [0.3324, 0.2723, 0.2077, 0.1875],
        [0.1945, 0.3542, 0.2381, 0.2132],
        [0.2500, 0.2987, 0.2367, 0.2146],
        [0.2574, 0.3082, 0.2313, 0.2031],
        [0.3131, 0.3047, 0.1991, 0.1831],
        [0.5450, 0.1747, 0.1438, 0.1366],
        [0.2859, 0.3466, 0.1966, 0.1709],
        [0.2357, 0.3553, 0.2214, 0.1875],
        [0.1899, 0.4120, 0.2126, 0.1855],
        [0.3723, 0.2928, 0.1757, 0.1593],
        [0.2504, 0.3638, 0.2063, 0.1795],
        [0.2475, 0.3956, 0.1945, 0.1624],
        [0.2099, 0.2936, 0.2586, 0.2379],
        [0.2954, 0.2686, 0.2278, 0.2081],
        [0.2701, 0.2953, 0.2287, 0.2059],
        [0.4868, 0.2119, 0.1549, 0.1465],
        [0.5143, 0.2108, 0.1411, 0.1338],
        [0.4051, 0.2516, 0.1789, 0.1644],
        [0.4460, 0.2137, 0.1744, 0.1660],
        [0.1890, 0.3055, 0.2730, 0.2325],
        [0.2438, 0.3282, 0.2257, 0.2023],
        [0.1977, 0.3151, 0.2573, 0.2299],
        [0.3748, 0.2351, 0.2027, 0.1875],
        [0.6291, 0.1299, 0.1203, 0.1206],
        [0.3286, 0.3155, 0.1870, 0.1689],
        [0.1989, 0.4048, 0.2142, 0.1822],
        [0.3657, 0.2717, 0.1917, 0.1709],
        [0.1943, 0.3570, 0.2402, 0.2085],
        [0.2944, 0.3586, 0.1821, 0.1648],
        [0.1947, 0.3116, 0.2586, 0.2351],
        [0.2251, 0.3545, 0.2250, 0.1954],
        [0.1909, 0.3619, 0.2453, 0.2020],
        [0.3295, 0.3419, 0.1755, 0.1531],
        [0.1946, 0.3420, 0.2461, 0.2174],
        [0.2578, 0.3082, 0.2303, 0.2037],
        [0.3185, 0.2871, 0.2075, 0.1868],
        [0.2286, 0.3500, 0.2241, 0.1973],
        [0.5167, 0.1907, 0.1538, 0.1388],
        [0.3285, 0.2984, 0.1943, 0.1788],
        [0.3745, 0.2863, 0.1859, 0.1533],
        [0.2145, 0.3064, 0.2533, 0.2258],
        [0.2455, 0.2914, 0.2488, 0.2143],
        [0.4739, 0.2171, 0.1619, 0.1472],
        [0.2327, 0.3408, 0.2249, 0.2016],
        [0.2678, 0.2899, 0.2357, 0.2065],
        [0.2488, 0.3454, 0.2172, 0.1886],
        [0.2205, 0.2811, 0.2573, 0.2411],
        [0.2395, 0.2631, 0.2610, 0.2365],
        [0.6811, 0.1274, 0.0993, 0.0922],
        [0.2043, 0.3452, 0.2404, 0.2101],
        [0.2654, 0.2986, 0.2309, 0.2051],
        [0.3229, 0.2821, 0.2082, 0.1868],
        [0.2700, 0.3020, 0.2236, 0.2044],
        [0.3912, 0.2627, 0.1787, 0.1674],
        [0.2862, 0.3354, 0.2039, 0.1745],
        [0.1807, 0.3566, 0.2470, 0.2157],
        [0.1978, 0.2832, 0.2678, 0.2512],
        [0.2302, 0.3024, 0.2440, 0.2234],
        [0.3990, 0.2587, 0.1804, 0.1619],
        [0.3546, 0.2222, 0.2199, 0.2033],
        [0.2496, 0.3496, 0.2123, 0.1885],
        [0.1944, 0.3001, 0.2595, 0.2459],
        [0.6136, 0.1321, 0.1266, 0.1277]], device='cuda:1')
perception attention:tensor([0.4436, 0.5564], device='cuda:1')
Test set results: loss= 0.7861 accuracy= 0.7630 F1_score= 0.7047
