# epoch	loss_train	acc_train	loss_val	acc_val	time	acc_test	f1_test
0001	4.2490	0.0136	4.2389	0.0560	0.6023s	4.2386	0.0470	0.0248
0
0002	4.2343	0.0907	4.2198	0.0840	0.2932s	4.2209	0.0820	0.0635
0
0003	4.2076	0.1236	4.1919	0.0660	0.4437s	4.1949	0.0590	0.0277
0
0004	4.1717	0.0857	4.1511	0.0760	1.0240s	4.1553	0.0650	0.0380
0
0005	4.1199	0.1129	4.0938	0.1160	0.2695s	4.0988	0.0970	0.0671
0
0006	4.0477	0.1657	4.0181	0.1500	1.0253s	4.0230	0.1570	0.1299
0
0007	3.9539	0.2450	3.9245	0.1960	0.2831s	3.9291	0.1960	0.1755
0
0008	3.8449	0.2743	3.8143	0.2220	0.8373s	3.8185	0.2190	0.1962
0
0009	3.7143	0.3429	3.6896	0.2720	0.7688s	3.6931	0.2600	0.2392
0
0010	3.5767	0.3800	3.5532	0.3060	0.3231s	3.5553	0.2870	0.2684
0
0011	3.4158	0.4414	3.4089	0.3440	1.2411s	3.4096	0.3140	0.2969
0
0012	3.2686	0.4700	3.2606	0.3700	0.2718s	3.2602	0.3310	0.3215
0
0013	3.1290	0.5121	3.1111	0.3700	0.9672s	3.1112	0.3420	0.3304
0
0014	2.9681	0.5121	2.9639	0.3700	0.2776s	2.9664	0.3570	0.3396
0
0015	2.8394	0.5286	2.8254	0.3720	0.9255s	2.8319	0.3520	0.3297
0
0016	2.7170	0.5407	2.6983	0.3620	0.3467s	2.7114	0.3480	0.3312
0
0017	2.6003	0.5379	2.5877	0.3460	0.9698s	2.6091	0.3340	0.3263
0
0018	2.4912	0.5343	2.4845	0.3500	0.3450s	2.5137	0.3330	0.3254
0
0019	2.3569	0.5521	2.3764	0.3720	0.8473s	2.4107	0.3660	0.3635
0
0020	2.2132	0.5864	2.2704	0.4160	0.8967s	2.3075	0.4110	0.4006
0
0021	2.0661	0.6229	2.1759	0.4600	0.3301s	2.2157	0.4500	0.4275
0
0022	1.9644	0.6593	2.0891	0.4860	0.8496s	2.1333	0.4780	0.4426
0
0023	1.8214	0.7107	2.0111	0.5060	0.6362s	2.0617	0.5020	0.4655
0
0024	1.7289	0.7507	1.9462	0.5280	1.0307s	2.0018	0.5220	0.4793
0
0025	1.6515	0.7614	1.8947	0.5480	0.3191s	1.9528	0.5350	0.4839
0
0026	1.5919	0.7657	1.8511	0.5640	0.9135s	1.9112	0.5410	0.4886
0
0027	1.5289	0.8014	1.8150	0.5680	0.6738s	1.8771	0.5490	0.4965
0
0028	1.4618	0.8007	1.7805	0.5800	0.5305s	1.8458	0.5530	0.4987
0
0029	1.4001	0.8279	1.7495	0.5820	0.3927s	1.8172	0.5570	0.5082
0
0030	1.3676	0.8364	1.7228	0.5880	0.9379s	1.7889	0.5680	0.5193
0
0031	1.3256	0.8364	1.7012	0.5940	1.1739s	1.7651	0.5780	0.5259
0
0032	1.3095	0.8421	1.6812	0.5960	0.2534s	1.7435	0.5830	0.5251
0
0033	1.2712	0.8493	1.6622	0.6000	1.0636s	1.7261	0.5810	0.5246
0
0034	1.2541	0.8586	1.6450	0.6060	0.9783s	1.7101	0.5790	0.5256
0
0035	1.2249	0.8736	1.6311	0.6140	0.4976s	1.6981	0.5820	0.5322
0
0036	1.2001	0.8807	1.6213	0.6140	0.5568s	1.6865	0.5840	0.5361
0
0037	1.1835	0.8900	1.6132	0.6120	0.9710s	1.6747	0.5890	0.5356
0
0038	1.1556	0.8950	1.6035	0.6140	0.2601s	1.6626	0.5880	0.5326
0
0039	1.1362	0.8879	1.5936	0.6260	0.6331s	1.6524	0.5900	0.5377
0
0040	1.1000	0.8957	1.5840	0.6220	0.8079s	1.6447	0.5940	0.5408
0
0041	1.0988	0.8964	1.5755	0.6280	0.8898s	1.6377	0.5980	0.5440
0
0042	1.0966	0.8936	1.5661	0.6220	0.8117s	1.6290	0.6020	0.5451
0
0043	1.0844	0.9007	1.5572	0.6300	1.0551s	1.6198	0.6050	0.5497
0
0044	1.0689	0.9043	1.5499	0.6320	1.0076s	1.6129	0.6080	0.5552
0
0045	1.0671	0.9171	1.5437	0.6320	0.7284s	1.6072	0.6000	0.5452
0
0046	1.0408	0.9200	1.5403	0.6320	0.5988s	1.6042	0.6070	0.5518
0
0047	1.0443	0.9250	1.5368	0.6320	0.6521s	1.6017	0.6100	0.5578
0
0048	1.0459	0.9021	1.5324	0.6260	0.8683s	1.5995	0.6070	0.5574
0
0049	1.0203	0.9171	1.5257	0.6360	0.4666s	1.5951	0.6100	0.5591
0
0050	1.0011	0.9200	1.5179	0.6400	1.0390s	1.5881	0.6160	0.5612
0
0051	1.0226	0.9243	1.5096	0.6480	0.3328s	1.5815	0.6160	0.5610
0
0052	0.9987	0.9200	1.5063	0.6400	0.9284s	1.5775	0.6130	0.5561
0
0053	0.9893	0.9379	1.5067	0.6380	0.5976s	1.5767	0.6150	0.5584
0
0054	0.9925	0.9379	1.5074	0.6360	0.3122s	1.5770	0.6130	0.5582
1
0055	1.0032	0.9243	1.5058	0.6380	0.6906s	1.5743	0.6110	0.5578
2
0056	0.9761	0.9293	1.4990	0.6360	0.5689s	1.5669	0.6150	0.5664
0
0057	0.9874	0.9257	1.4918	0.6300	0.9970s	1.5600	0.6070	0.5519
0
0058	1.0025	0.9314	1.4880	0.6320	0.7796s	1.5586	0.6120	0.5550
0
0059	0.9738	0.9386	1.4864	0.6380	1.1491s	1.5620	0.6160	0.5575
0
0060	0.9617	0.9336	1.4851	0.6420	0.6014s	1.5638	0.6150	0.5600
0
0061	0.9741	0.9329	1.4843	0.6440	0.9970s	1.5621	0.6140	0.5602
0
0062	0.9826	0.9286	1.4820	0.6400	0.8552s	1.5563	0.6170	0.5653
0
0063	0.9725	0.9336	1.4759	0.6420	1.0027s	1.5477	0.6130	0.5595
0
0064	0.9717	0.9343	1.4699	0.6360	0.5995s	1.5408	0.6130	0.5591
0
0065	0.9770	0.9221	1.4658	0.6460	0.3055s	1.5364	0.6140	0.5605
0
0066	0.9862	0.9343	1.4663	0.6400	0.9398s	1.5381	0.6180	0.5655
0
0067	0.9785	0.9257	1.4690	0.6440	0.3588s	1.5418	0.6220	0.5679
1
0068	0.9603	0.9286	1.4697	0.6420	0.9809s	1.5425	0.6190	0.5671
2
0069	0.9666	0.9271	1.4677	0.6460	0.2594s	1.5392	0.6150	0.5653
3
0070	0.9566	0.9457	1.4618	0.6480	0.9342s	1.5334	0.6160	0.5639
4
0071	0.9670	0.9364	1.4568	0.6500	0.7576s	1.5290	0.6160	0.5640
0
0072	0.9571	0.9350	1.4512	0.6540	0.2542s	1.5236	0.6150	0.5572
0
0073	0.9540	0.9336	1.4488	0.6560	1.1299s	1.5200	0.6210	0.5614
0
0074	0.9457	0.9457	1.4488	0.6520	0.2518s	1.5165	0.6250	0.5687
0
0075	0.9455	0.9407	1.4449	0.6520	0.8536s	1.5112	0.6220	0.5655
0
0076	0.9341	0.9471	1.4422	0.6560	0.3213s	1.5086	0.6230	0.5787
0
0077	0.9632	0.9286	1.4406	0.6540	1.1125s	1.5100	0.6200	0.5769
0
0078	0.9475	0.9421	1.4385	0.6500	0.5302s	1.5124	0.6170	0.5646
0
0079	0.9429	0.9414	1.4372	0.6480	1.0024s	1.5132	0.6180	0.5639
0
0080	0.9714	0.9379	1.4344	0.6520	0.2679s	1.5112	0.6200	0.5665
0
0081	0.9472	0.9371	1.4305	0.6540	0.8251s	1.5058	0.6240	0.5725
0
0082	0.9435	0.9379	1.4287	0.6520	0.3530s	1.5006	0.6260	0.5760
0
0083	0.9436	0.9321	1.4293	0.6460	1.0647s	1.4988	0.6220	0.5725
0
0084	0.9479	0.9429	1.4268	0.6420	0.7375s	1.4986	0.6220	0.5805
1
0085	0.9473	0.9314	1.4252	0.6480	0.6533s	1.4992	0.6190	0.5667
0
0086	0.9429	0.9486	1.4241	0.6520	0.8201s	1.4988	0.6200	0.5643
0
0087	0.9343	0.9371	1.4234	0.6520	0.9031s	1.4966	0.6280	0.5740
0
0088	0.9449	0.9350	1.4246	0.6540	0.3086s	1.4978	0.6270	0.5733
0
0089	0.9355	0.9371	1.4258	0.6500	0.3652s	1.4983	0.6270	0.5737
1
0090	0.9216	0.9350	1.4250	0.6540	0.9303s	1.4969	0.6290	0.5748
2
0091	0.9408	0.9343	1.4210	0.6520	0.3857s	1.4961	0.6250	0.5702
3
0092	0.9314	0.9321	1.4178	0.6480	1.0162s	1.4963	0.6280	0.5711
0
0093	0.9416	0.9421	1.4128	0.6440	0.7719s	1.4942	0.6260	0.5786
0
0094	0.9328	0.9250	1.4111	0.6380	0.7107s	1.4917	0.6250	0.5798
0
0095	0.9294	0.9450	1.4160	0.6460	0.6050s	1.4919	0.6220	0.5775
0
0096	0.9260	0.9250	1.4228	0.6460	0.3093s	1.4958	0.6220	0.5773
1
0097	0.9188	0.9443	1.4252	0.6500	0.4957s	1.4994	0.6240	0.5779
2
0098	0.9255	0.9379	1.4234	0.6520	0.7155s	1.4997	0.6220	0.5665
3
0099	0.9258	0.9407	1.4147	0.6460	0.4725s	1.4961	0.6220	0.5647
4
0100	0.9423	0.9421	1.4062	0.6520	0.5734s	1.4903	0.6250	0.5674
5
0101	0.9217	0.9450	1.4000	0.6540	0.7312s	1.4847	0.6200	0.5615
0
0102	0.9086	0.9386	1.3995	0.6620	0.8459s	1.4815	0.6220	0.5673
0
0103	0.9190	0.9414	1.4000	0.6620	0.7243s	1.4792	0.6250	0.5795
0
0104	0.9377	0.9286	1.4017	0.6500	0.2967s	1.4809	0.6250	0.5714
0
0105	0.8980	0.9471	1.4007	0.6480	0.8422s	1.4818	0.6210	0.5696
1
0106	0.9042	0.9486	1.3963	0.6440	0.7304s	1.4794	0.6260	0.5697
2
0107	0.9220	0.9293	1.3911	0.6500	0.3324s	1.4769	0.6230	0.5658
0
0108	0.8965	0.9450	1.3895	0.6520	1.0658s	1.4754	0.6230	0.5670
0
0109	0.9018	0.9379	1.3932	0.6560	0.9595s	1.4788	0.6190	0.5632
0
0110	0.8991	0.9486	1.3973	0.6580	0.9447s	1.4834	0.6180	0.5635
1
0111	0.8966	0.9429	1.3976	0.6600	0.2477s	1.4835	0.6240	0.5737
2
0112	0.9100	0.9457	1.3931	0.6600	0.9448s	1.4820	0.6250	0.5744
3
0113	0.8958	0.9457	1.3853	0.6600	0.2456s	1.4787	0.6250	0.5723
4
0114	0.8878	0.9436	1.3783	0.6600	0.4565s	1.4763	0.6280	0.5811
0
0115	0.8983	0.9400	1.3754	0.6580	0.8745s	1.4734	0.6300	0.5823
0
0116	0.9007	0.9379	1.3757	0.6560	0.2596s	1.4717	0.6310	0.5847
0
0117	0.8925	0.9464	1.3806	0.6580	1.0228s	1.4725	0.6250	0.5780
1
0118	0.8996	0.9436	1.3876	0.6520	0.2677s	1.4746	0.6240	0.5793
2
0119	0.8896	0.9464	1.3942	0.6520	0.9661s	1.4776	0.6250	0.5800
3
0120	0.8963	0.9579	1.3899	0.6500	0.3215s	1.4761	0.6280	0.5729
4
0121	0.8999	0.9393	1.3774	0.6500	0.2719s	1.4715	0.6220	0.5664
5
0122	0.8791	0.9543	1.3647	0.6480	0.7991s	1.4649	0.6210	0.5692
6
0123	0.8976	0.9379	1.3583	0.6600	0.2905s	1.4587	0.6240	0.5812
0
0124	0.8768	0.9400	1.3586	0.6560	0.6732s	1.4569	0.6320	0.5903
0
0125	0.8894	0.9464	1.3673	0.6540	0.9011s	1.4618	0.6320	0.5815
1
0126	0.8804	0.9457	1.3781	0.6540	0.3184s	1.4696	0.6300	0.5810
2
0127	0.8839	0.9443	1.3853	0.6540	0.6781s	1.4744	0.6260	0.5736
3
0128	0.8864	0.9386	1.3860	0.6520	0.5432s	1.4731	0.6220	0.5670
4
0129	0.8711	0.9364	1.3788	0.6540	0.6704s	1.4661	0.6220	0.5688
5
0130	0.8912	0.9457	1.3754	0.6520	0.6635s	1.4623	0.6210	0.5697
6
0131	0.8824	0.9464	1.3746	0.6540	0.6933s	1.4623	0.6260	0.5696
7
0132	0.8880	0.9464	1.3778	0.6500	0.9782s	1.4654	0.6230	0.5659
8
0133	0.8846	0.9500	1.3833	0.6440	0.3786s	1.4698	0.6250	0.5758
9
0134	0.8780	0.9521	1.3883	0.6480	1.0660s	1.4720	0.6210	0.5740
10
0135	0.8762	0.9414	1.3877	0.6520	0.2755s	1.4722	0.6280	0.5783
11
0136	0.8675	0.9407	1.3818	0.6500	1.0011s	1.4690	0.6300	0.5837
12
0137	0.8694	0.9536	1.3749	0.6580	0.6014s	1.4641	0.6270	0.5790
13
0138	0.8631	0.9407	1.3727	0.6600	0.2858s	1.4621	0.6260	0.5720
14
0139	0.8759	0.9543	1.3731	0.6640	0.3931s	1.4612	0.6220	0.5680
15
0140	0.8640	0.9564	1.3749	0.6620	0.8142s	1.4636	0.6210	0.5742
0
0141	0.8795	0.9464	1.3768	0.6560	0.2685s	1.4649	0.6230	0.5734
1
0142	0.8840	0.9371	1.3743	0.6560	0.8299s	1.4640	0.6270	0.5834
2
0143	0.8905	0.9493	1.3664	0.6560	0.7598s	1.4634	0.6290	0.5809
3
0144	0.8693	0.9414	1.3587	0.6580	1.1403s	1.4633	0.6330	0.5845
4
0145	0.8793	0.9471	1.3558	0.6600	0.2868s	1.4651	0.6320	0.5834
5
0146	0.8674	0.9543	1.3547	0.6600	0.8053s	1.4634	0.6320	0.5785
0
0147	0.8776	0.9429	1.3560	0.6680	0.2710s	1.4589	0.6270	0.5748
0
0148	0.8948	0.9364	1.3566	0.6700	1.0212s	1.4525	0.6210	0.5649
0
0149	0.8792	0.9450	1.3621	0.6680	1.0667s	1.4526	0.6210	0.5740
0
0150	0.8729	0.9443	1.3662	0.6720	0.2622s	1.4559	0.6220	0.5733
1
0151	0.8518	0.9436	1.3672	0.6660	0.8338s	1.4593	0.6210	0.5664
0
0152	0.8650	0.9450	1.3651	0.6700	0.3267s	1.4614	0.6220	0.5657
1
0153	0.8904	0.9464	1.3625	0.6620	1.1126s	1.4602	0.6230	0.5676
2
0154	0.8750	0.9536	1.3617	0.6620	0.2756s	1.4591	0.6240	0.5696
3
0155	0.8925	0.9500	1.3611	0.6620	0.6535s	1.4565	0.6300	0.5770
4
0156	0.8645	0.9486	1.3621	0.6620	0.2882s	1.4557	0.6240	0.5718
5
0157	0.8743	0.9471	1.3619	0.6620	0.3679s	1.4564	0.6280	0.5808
6
0158	0.8609	0.9457	1.3616	0.6660	0.8367s	1.4585	0.6240	0.5683
7
0159	0.8718	0.9471	1.3610	0.6600	0.2999s	1.4607	0.6220	0.5704
8
0160	0.8685	0.9457	1.3596	0.6620	1.1283s	1.4607	0.6170	0.5630
9
0161	0.8552	0.9393	1.3619	0.6600	0.3094s	1.4605	0.6200	0.5659
10
0162	0.8533	0.9457	1.3664	0.6600	0.9802s	1.4614	0.6220	0.5711
11
0163	0.8590	0.9479	1.3714	0.6560	0.8770s	1.4638	0.6240	0.5732
12
0164	0.8820	0.9557	1.3726	0.6500	0.2897s	1.4658	0.6300	0.5768
13
0165	0.8574	0.9464	1.3712	0.6480	0.8620s	1.4673	0.6260	0.5687
14
0166	0.8596	0.9443	1.3642	0.6540	0.3363s	1.4647	0.6230	0.5692
15
0167	0.8645	0.9536	1.3589	0.6540	0.8635s	1.4618	0.6180	0.5665
16
0168	0.8644	0.9443	1.3553	0.6540	0.6810s	1.4592	0.6190	0.5666
17
0169	0.8620	0.9393	1.3557	0.6640	0.2769s	1.4581	0.6210	0.5696
18
0170	0.8573	0.9407	1.3589	0.6600	0.4717s	1.4601	0.6270	0.5810
19
0171	0.8768	0.9429	1.3621	0.6540	0.8372s	1.4599	0.6290	0.5817
20
0172	0.8772	0.9436	1.3658	0.6580	0.5848s	1.4586	0.6290	0.5751
21
0173	0.8572	0.9457	1.3695	0.6560	0.7612s	1.4574	0.6280	0.5773
22
0174	0.8783	0.9514	1.3695	0.6560	0.3306s	1.4554	0.6260	0.5822
23
0175	0.8718	0.9436	1.3636	0.6520	0.7751s	1.4528	0.6240	0.5795
24
0176	0.8623	0.9507	1.3563	0.6560	0.7528s	1.4522	0.6260	0.5819
25
0177	0.8792	0.9357	1.3537	0.6600	0.3260s	1.4557	0.6310	0.5871
26
0178	0.8655	0.9443	1.3533	0.6620	0.9833s	1.4573	0.6320	0.5794
0
0179	0.8705	0.9436	1.3537	0.6620	0.3395s	1.4581	0.6290	0.5773
0
0180	0.8610	0.9593	1.3559	0.6680	0.9782s	1.4570	0.6270	0.5771
1
0181	0.8397	0.9621	1.3610	0.6680	0.9351s	1.4588	0.6280	0.5768
2
0182	0.8538	0.9600	1.3637	0.6620	0.5535s	1.4612	0.6270	0.5768
3
0183	0.8573	0.9479	1.3626	0.6580	0.9907s	1.4609	0.6290	0.5747
4
0184	0.8623	0.9500	1.3610	0.6600	0.5209s	1.4590	0.6280	0.5736
5
0185	0.8558	0.9479	1.3586	0.6580	0.8116s	1.4588	0.6250	0.5698
6
0186	0.8538	0.9429	1.3546	0.6660	0.5634s	1.4568	0.6240	0.5677
7
0187	0.8666	0.9493	1.3544	0.6640	0.8092s	1.4568	0.6280	0.5821
8
0188	0.8571	0.9600	1.3585	0.6580	0.2561s	1.4603	0.6260	0.5718
9
0189	0.8653	0.9429	1.3653	0.6660	0.7331s	1.4643	0.6270	0.5730
10
0190	0.8568	0.9486	1.3680	0.6640	0.2573s	1.4661	0.6250	0.5726
11
0191	0.8713	0.9450	1.3659	0.6660	0.6827s	1.4643	0.6250	0.5703
12
0192	0.8569	0.9429	1.3611	0.6540	0.5656s	1.4615	0.6300	0.5760
13
0193	0.8730	0.9486	1.3578	0.6560	0.5387s	1.4606	0.6280	0.5713
14
0194	0.8694	0.9421	1.3575	0.6620	0.6950s	1.4607	0.6260	0.5683
15
0195	0.8435	0.9507	1.3589	0.6560	0.2734s	1.4613	0.6250	0.5659
16
0196	0.8622	0.9557	1.3591	0.6640	1.0263s	1.4595	0.6240	0.5633
17
0197	0.8479	0.9450	1.3589	0.6580	0.7193s	1.4586	0.6300	0.5716
18
0198	0.8643	0.9471	1.3600	0.6500	1.1417s	1.4590	0.6260	0.5724
19
0199	0.8560	0.9486	1.3593	0.6600	0.3338s	1.4599	0.6320	0.5791
20
0200	0.8509	0.9450	1.3598	0.6680	0.9971s	1.4612	0.6320	0.5811
21
0201	0.8664	0.9593	1.3612	0.6660	0.7551s	1.4640	0.6330	0.5772
22
0202	0.8688	0.9521	1.3647	0.6660	1.0417s	1.4680	0.6280	0.5729
23
0203	0.8734	0.9429	1.3659	0.6620	0.2524s	1.4675	0.6270	0.5730
24
0204	0.8570	0.9564	1.3618	0.6560	0.7859s	1.4609	0.6260	0.5727
25
0205	0.8594	0.9486	1.3575	0.6600	0.8462s	1.4539	0.6260	0.5719
26
0206	0.8457	0.9543	1.3575	0.6600	0.7610s	1.4512	0.6280	0.5739
27
0207	0.8465	0.9457	1.3568	0.6560	0.3516s	1.4499	0.6270	0.5740
28
0208	0.8596	0.9464	1.3551	0.6580	0.2804s	1.4501	0.6290	0.5760
29
0209	0.8537	0.9571	1.3552	0.6600	0.3579s	1.4546	0.6310	0.5753
30
0210	0.8606	0.9550	1.3604	0.6560	0.9436s	1.4624	0.6270	0.5736
31
0211	0.8788	0.9471	1.3670	0.6640	0.2900s	1.4686	0.6230	0.5700
32
0212	0.8633	0.9486	1.3695	0.6560	1.0035s	1.4700	0.6190	0.5645
33
0213	0.8587	0.9493	1.3676	0.6600	0.2854s	1.4674	0.6170	0.5671
34
0214	0.8674	0.9500	1.3652	0.6600	0.9814s	1.4629	0.6220	0.5785
35
0215	0.8465	0.9571	1.3626	0.6680	0.5049s	1.4610	0.6240	0.5823
36
0216	0.8456	0.9571	1.3580	0.6660	0.3942s	1.4591	0.6230	0.5793
37
0217	0.8578	0.9629	1.3569	0.6680	0.5928s	1.4601	0.6270	0.5828
38
0218	0.8570	0.9436	1.3573	0.6660	0.6307s	1.4635	0.6190	0.5699
39
0219	0.8789	0.9379	1.3579	0.6620	0.5874s	1.4637	0.6170	0.5705
40
0220	0.8548	0.9464	1.3603	0.6600	0.4336s	1.4647	0.6180	0.5762
41
0221	0.8621	0.9600	1.3608	0.6620	0.8485s	1.4633	0.6220	0.5817
42
0222	0.8507	0.9486	1.3590	0.6680	1.0595s	1.4619	0.6270	0.5847
43
0223	0.8613	0.9521	1.3561	0.6640	0.4651s	1.4621	0.6330	0.5894
44
0224	0.8665	0.9550	1.3525	0.6660	0.8263s	1.4628	0.6320	0.5884
45
0225	0.8588	0.9457	1.3511	0.6680	0.8848s	1.4631	0.6290	0.5811
0
0226	0.8600	0.9507	1.3496	0.6660	0.8392s	1.4643	0.6280	0.5777
0
0227	0.8513	0.9450	1.3492	0.6700	0.2715s	1.4630	0.6270	0.5776
0
0228	0.8498	0.9536	1.3522	0.6720	0.9924s	1.4620	0.6210	0.5737
0
0229	0.8420	0.9543	1.3576	0.6620	0.2542s	1.4632	0.6210	0.5768
0
0230	0.8527	0.9386	1.3619	0.6620	0.8038s	1.4653	0.6200	0.5681
1
0231	0.8529	0.9536	1.3631	0.6580	0.6604s	1.4639	0.6290	0.5845
2
0232	0.8631	0.9464	1.3586	0.6620	0.9620s	1.4608	0.6310	0.5831
3
0233	0.8442	0.9486	1.3557	0.6620	0.2873s	1.4607	0.6310	0.5821
4
0234	0.8391	0.9500	1.3558	0.6660	0.7666s	1.4625	0.6320	0.5807
5
0235	0.8513	0.9514	1.3600	0.6620	0.5525s	1.4659	0.6270	0.5738
6
0236	0.8524	0.9571	1.3637	0.6620	0.2490s	1.4666	0.6220	0.5640
7
0237	0.8680	0.9507	1.3691	0.6660	0.6897s	1.4685	0.6210	0.5655
8
0238	0.8727	0.9479	1.3710	0.6560	1.1196s	1.4680	0.6230	0.5713
9
0239	0.8428	0.9493	1.3703	0.6620	0.2849s	1.4650	0.6200	0.5685
10
0240	0.8627	0.9579	1.3654	0.6700	0.9511s	1.4619	0.6190	0.5653
11
0241	0.8458	0.9400	1.3623	0.6720	0.9322s	1.4614	0.6240	0.5691
12
0242	0.8472	0.9486	1.3571	0.6640	0.9877s	1.4612	0.6260	0.5767
0
0243	0.8504	0.9571	1.3529	0.6580	0.2856s	1.4603	0.6290	0.5840
1
0244	0.8577	0.9507	1.3513	0.6600	0.9770s	1.4603	0.6240	0.5757
2
0245	0.8345	0.9586	1.3524	0.6580	0.2902s	1.4617	0.6250	0.5780
3
0246	0.8432	0.9564	1.3560	0.6600	0.9791s	1.4623	0.6270	0.5712
4
0247	0.8452	0.9643	1.3597	0.6580	0.3530s	1.4626	0.6240	0.5673
5
0248	0.8472	0.9493	1.3603	0.6580	0.8055s	1.4616	0.6270	0.5702
6
0249	0.8644	0.9493	1.3544	0.6640	0.4422s	1.4578	0.6280	0.5720
7
0250	0.8532	0.9593	1.3526	0.6600	0.9511s	1.4561	0.6240	0.5685
8
0251	0.8573	0.9529	1.3524	0.6620	0.6494s	1.4577	0.6250	0.5775
9
0252	0.8704	0.9371	1.3551	0.6620	0.6104s	1.4598	0.6250	0.5813
10
0253	0.8516	0.9464	1.3607	0.6560	0.8917s	1.4621	0.6270	0.5863
11
0254	0.8490	0.9621	1.3624	0.6500	0.4925s	1.4596	0.6290	0.5881
12
0255	0.8415	0.9557	1.3616	0.6580	1.0566s	1.4571	0.6230	0.5786
13
0256	0.8535	0.9536	1.3597	0.6640	0.3987s	1.4563	0.6240	0.5788
14
0257	0.8405	0.9536	1.3585	0.6640	1.0270s	1.4590	0.6220	0.5682
15
0258	0.8515	0.9407	1.3575	0.6560	1.1103s	1.4620	0.6240	0.5699
16
0259	0.8548	0.9571	1.3576	0.6540	0.3388s	1.4645	0.6250	0.5705
17
0260	0.8521	0.9436	1.3588	0.6580	0.6094s	1.4648	0.6300	0.5746
18
0261	0.8526	0.9479	1.3601	0.6540	0.8771s	1.4653	0.6290	0.5751
19
0262	0.8542	0.9421	1.3638	0.6600	0.4503s	1.4659	0.6220	0.5700
20
0263	0.8635	0.9507	1.3623	0.6560	0.8409s	1.4594	0.6260	0.5782
21
0264	0.8631	0.9571	1.3605	0.6640	0.3619s	1.4544	0.6270	0.5789
22
0265	0.8576	0.9507	1.3599	0.6700	0.9155s	1.4548	0.6280	0.5797
23
0266	0.8660	0.9493	1.3608	0.6540	0.6395s	1.4580	0.6260	0.5742
24
0267	0.8576	0.9486	1.3638	0.6500	0.6889s	1.4616	0.6240	0.5666
25
0268	0.8556	0.9393	1.3656	0.6560	0.8671s	1.4627	0.6230	0.5680
26
0269	0.8543	0.9457	1.3685	0.6580	0.7986s	1.4642	0.6240	0.5718
27
0270	0.8650	0.9329	1.3661	0.6640	1.0643s	1.4615	0.6280	0.5768
28
0271	0.8430	0.9536	1.3602	0.6660	0.5000s	1.4569	0.6270	0.5737
29
0272	0.8585	0.9429	1.3564	0.6620	0.9896s	1.4549	0.6230	0.5688
30
0273	0.8416	0.9457	1.3554	0.6640	0.3003s	1.4553	0.6220	0.5646
31
0274	0.8549	0.9514	1.3589	0.6620	0.4666s	1.4553	0.6200	0.5690
32
0275	0.8519	0.9457	1.3602	0.6560	0.9095s	1.4523	0.6250	0.5754
33
0276	0.8520	0.9493	1.3623	0.6540	0.2863s	1.4511	0.6310	0.5850
34
0277	0.8674	0.9421	1.3658	0.6600	1.1154s	1.4546	0.6300	0.5766
35
0278	0.8644	0.9493	1.3677	0.6640	0.8131s	1.4585	0.6300	0.5798
36
0279	0.8525	0.9500	1.3704	0.6600	0.5698s	1.4633	0.6260	0.5728
37
0280	0.8627	0.9436	1.3695	0.6560	0.4655s	1.4642	0.6210	0.5717
38
0281	0.8441	0.9571	1.3680	0.6560	0.3921s	1.4628	0.6200	0.5674
39
0282	0.8513	0.9514	1.3629	0.6580	0.9693s	1.4577	0.6200	0.5754
40
0283	0.8538	0.9471	1.3578	0.6600	0.7427s	1.4562	0.6250	0.5776
41
0284	0.8622	0.9443	1.3528	0.6580	1.0081s	1.4542	0.6230	0.5772
42
0285	0.8495	0.9529	1.3515	0.6700	0.2668s	1.4572	0.6290	0.5784
43
0286	0.8526	0.9529	1.3515	0.6580	0.9449s	1.4603	0.6300	0.5798
44
0287	0.8353	0.9571	1.3511	0.6640	0.7954s	1.4616	0.6310	0.5794
45
0288	0.8465	0.9529	1.3551	0.6640	0.6259s	1.4618	0.6240	0.5702
46
0289	0.8581	0.9493	1.3592	0.6660	0.9578s	1.4592	0.6190	0.5656
47
0290	0.8584	0.9479	1.3638	0.6580	0.9212s	1.4592	0.6220	0.5656
48
0291	0.8431	0.9450	1.3659	0.6520	0.2780s	1.4606	0.6260	0.5698
49
0292	0.8306	0.9464	1.3688	0.6520	1.1389s	1.4656	0.6250	0.5705
50
0293	0.8479	0.9564	1.3669	0.6640	0.6558s	1.4693	0.6230	0.5690
51
0294	0.8462	0.9486	1.3617	0.6620	0.5974s	1.4697	0.6260	0.5742
52
0295	0.8523	0.9457	1.3563	0.6560	0.7597s	1.4677	0.6290	0.5763
53
0296	0.8426	0.9486	1.3518	0.6560	0.8469s	1.4602	0.6240	0.5709
54
0297	0.8496	0.9486	1.3483	0.6600	0.3194s	1.4517	0.6260	0.5677
55
0298	0.8533	0.9500	1.3492	0.6620	1.0451s	1.4479	0.6270	0.5790
0
0299	0.8561	0.9493	1.3577	0.6540	0.2765s	1.4519	0.6230	0.5759
1
0300	0.8486	0.9386	1.3665	0.6540	1.1735s	1.4620	0.6240	0.5807
2
0301	0.8454	0.9479	1.3722	0.6580	0.3900s	1.4710	0.6190	0.5708
3
0302	0.8509	0.9471	1.3713	0.6580	0.3846s	1.4749	0.6200	0.5665
4
0303	0.8454	0.9557	1.3646	0.6660	0.6335s	1.4721	0.6180	0.5668
5
0304	0.8570	0.9514	1.3588	0.6640	0.5234s	1.4662	0.6240	0.5658
6
0305	0.8464	0.9471	1.3567	0.6720	0.5828s	1.4611	0.6260	0.5681
7
0306	0.8375	0.9600	1.3601	0.6680	1.0307s	1.4604	0.6240	0.5762
0
0307	0.8621	0.9614	1.3632	0.6560	0.3417s	1.4609	0.6220	0.5785
1
0308	0.8524	0.9536	1.3626	0.6560	1.0951s	1.4606	0.6210	0.5801
2
0309	0.8510	0.9521	1.3604	0.6640	0.7878s	1.4596	0.6290	0.5821
3
0310	0.8576	0.9493	1.3590	0.6580	0.6412s	1.4583	0.6210	0.5703
4
0311	0.8525	0.9550	1.3617	0.6580	0.9162s	1.4597	0.6250	0.5758
5
0312	0.8383	0.9529	1.3663	0.6560	0.3867s	1.4621	0.6250	0.5776
6
0313	0.8494	0.9429	1.3687	0.6560	0.6587s	1.4650	0.6250	0.5778
7
0314	0.8450	0.9486	1.3654	0.6520	0.9417s	1.4649	0.6240	0.5788
8
0315	0.8435	0.9550	1.3600	0.6500	0.7371s	1.4654	0.6270	0.5838
9
0316	0.8373	0.9571	1.3550	0.6540	0.9283s	1.4655	0.6330	0.5881
10
0317	0.8662	0.9429	1.3539	0.6580	0.3650s	1.4646	0.6300	0.5857
11
0318	0.8613	0.9586	1.3538	0.6560	1.0215s	1.4637	0.6300	0.5820
12
0319	0.8518	0.9579	1.3557	0.6560	0.4000s	1.4615	0.6320	0.5869
13
0320	0.8562	0.9550	1.3613	0.6660	0.9935s	1.4627	0.6300	0.5805
14
0321	0.8613	0.9521	1.3655	0.6740	0.2540s	1.4652	0.6270	0.5826
15
0322	0.8541	0.9564	1.3664	0.6680	1.0342s	1.4682	0.6220	0.5767
0
0323	0.8417	0.9557	1.3636	0.6680	0.3354s	1.4673	0.6160	0.5726
1
0324	0.8513	0.9607	1.3585	0.6700	1.0885s	1.4641	0.6120	0.5675
2
0325	0.8498	0.9421	1.3509	0.6680	1.0957s	1.4608	0.6160	0.5636
3
0326	0.8451	0.9543	1.3470	0.6700	0.8853s	1.4595	0.6200	0.5635
4
0327	0.8662	0.9400	1.3488	0.6680	0.4667s	1.4614	0.6230	0.5665
0
0328	0.8475	0.9507	1.3539	0.6600	0.8269s	1.4633	0.6250	0.5769
1
0329	0.8413	0.9457	1.3578	0.6640	0.2763s	1.4642	0.6280	0.5766
2
0330	0.8522	0.9579	1.3595	0.6620	0.2559s	1.4617	0.6270	0.5764
3
0331	0.8374	0.9500	1.3586	0.6640	0.6823s	1.4574	0.6230	0.5753
4
0332	0.8488	0.9521	1.3582	0.6600	1.0768s	1.4566	0.6250	0.5814
5
0333	0.8618	0.9414	1.3576	0.6640	0.6586s	1.4578	0.6230	0.5705
6
0334	0.8403	0.9564	1.3564	0.6640	0.8204s	1.4609	0.6210	0.5692
7
0335	0.8620	0.9650	1.3578	0.6680	0.8379s	1.4645	0.6240	0.5718
8
0336	0.8410	0.9593	1.3591	0.6620	1.0632s	1.4686	0.6260	0.5691
9
0337	0.8623	0.9607	1.3579	0.6560	0.4138s	1.4682	0.6220	0.5645
10
0338	0.8457	0.9564	1.3555	0.6560	0.2691s	1.4655	0.6230	0.5712
11
0339	0.8536	0.9571	1.3521	0.6600	1.1325s	1.4587	0.6210	0.5718
12
0340	0.8402	0.9564	1.3520	0.6640	0.2621s	1.4552	0.6250	0.5725
13
0341	0.8414	0.9500	1.3547	0.6660	0.9286s	1.4560	0.6280	0.5838
14
0342	0.8405	0.9636	1.3590	0.6660	0.4459s	1.4600	0.6220	0.5686
15
0343	0.8472	0.9529	1.3633	0.6640	0.5766s	1.4651	0.6160	0.5628
16
0344	0.8498	0.9536	1.3614	0.6540	0.8404s	1.4654	0.6190	0.5649
17
0345	0.8539	0.9557	1.3538	0.6520	0.5601s	1.4621	0.6220	0.5677
18
0346	0.8577	0.9557	1.3478	0.6560	1.0779s	1.4597	0.6240	0.5719
19
0347	0.8417	0.9543	1.3437	0.6620	0.3544s	1.4587	0.6280	0.5684
20
0348	0.8680	0.9521	1.3453	0.6620	0.5136s	1.4579	0.6240	0.5638
0
0349	0.8349	0.9550	1.3489	0.6600	0.8302s	1.4597	0.6210	0.5638
1
0350	0.8585	0.9421	1.3560	0.6600	0.2570s	1.4654	0.6190	0.5647
2
0351	0.8532	0.9443	1.3612	0.6600	0.4881s	1.4701	0.6210	0.5668
3
0352	0.8478	0.9507	1.3614	0.6660	0.6486s	1.4689	0.6210	0.5663
4
0353	0.8414	0.9500	1.3579	0.6680	0.9117s	1.4643	0.6220	0.5693
5
0354	0.8500	0.9579	1.3516	0.6640	0.5097s	1.4565	0.6230	0.5657
6
0355	0.8463	0.9543	1.3496	0.6580	0.7632s	1.4531	0.6250	0.5794
7
0356	0.8452	0.9514	1.3514	0.6600	0.7756s	1.4559	0.6210	0.5765
8
0357	0.8227	0.9621	1.3547	0.6580	0.8367s	1.4604	0.6200	0.5757
9
0358	0.8502	0.9479	1.3569	0.6580	0.2909s	1.4639	0.6190	0.5640
10
0359	0.8460	0.9479	1.3624	0.6560	0.9295s	1.4685	0.6170	0.5617
11
0360	0.8481	0.9636	1.3648	0.6560	0.8477s	1.4709	0.6180	0.5595
12
0361	0.8565	0.9557	1.3636	0.6600	0.7432s	1.4689	0.6190	0.5650
13
0362	0.8570	0.9536	1.3612	0.6620	0.2735s	1.4661	0.6180	0.5670
14
0363	0.8379	0.9500	1.3576	0.6640	0.4534s	1.4629	0.6200	0.5626
15
0364	0.8321	0.9543	1.3530	0.6600	0.9352s	1.4616	0.6220	0.5650
16
0365	0.8691	0.9500	1.3511	0.6600	0.9296s	1.4620	0.6200	0.5622
17
0366	0.8454	0.9379	1.3499	0.6620	0.5080s	1.4635	0.6170	0.5584
18
0367	0.8443	0.9436	1.3488	0.6700	0.2766s	1.4621	0.6150	0.5603
19
0368	0.8553	0.9457	1.3478	0.6660	0.9227s	1.4598	0.6180	0.5630
20
0369	0.8224	0.9514	1.3526	0.6620	0.5713s	1.4619	0.6230	0.5774
21
0370	0.8557	0.9421	1.3566	0.6580	1.0911s	1.4637	0.6240	0.5769
22
0371	0.8362	0.9593	1.3556	0.6540	0.7887s	1.4631	0.6230	0.5777
23
0372	0.8587	0.9514	1.3515	0.6620	0.4989s	1.4601	0.6240	0.5678
24
0373	0.8568	0.9586	1.3486	0.6660	0.3065s	1.4573	0.6290	0.5701
25
0374	0.8499	0.9536	1.3490	0.6600	0.9456s	1.4568	0.6270	0.5680
26
0375	0.8467	0.9436	1.3507	0.6600	1.0254s	1.4558	0.6240	0.5662
27
0376	0.8569	0.9536	1.3540	0.6680	0.2988s	1.4560	0.6210	0.5679
28
0377	0.8607	0.9479	1.3559	0.6640	0.8757s	1.4583	0.6230	0.5706
29
0378	0.8386	0.9557	1.3589	0.6620	0.3764s	1.4628	0.6200	0.5757
30
0379	0.8432	0.9471	1.3619	0.6620	0.5496s	1.4662	0.6190	0.5739
31
0380	0.8480	0.9521	1.3625	0.6640	0.5840s	1.4642	0.6230	0.5770
32
0381	0.8571	0.9550	1.3602	0.6700	0.5440s	1.4629	0.6210	0.5725
33
0382	0.8383	0.9593	1.3560	0.6640	0.2803s	1.4616	0.6210	0.5656
34
0383	0.8341	0.9529	1.3533	0.6660	1.1477s	1.4607	0.6210	0.5648
35
0384	0.8547	0.9429	1.3540	0.6640	0.5105s	1.4624	0.6200	0.5616
36
0385	0.8510	0.9507	1.3525	0.6640	0.8567s	1.4609	0.6230	0.5654
37
0386	0.8299	0.9479	1.3540	0.6660	0.5145s	1.4606	0.6230	0.5775
38
0387	0.8439	0.9593	1.3545	0.6660	1.1866s	1.4605	0.6230	0.5779
39
0388	0.8428	0.9521	1.3551	0.6680	0.9775s	1.4618	0.6200	0.5770
40
0389	0.8406	0.9557	1.3573	0.6600	1.1355s	1.4644	0.6210	0.5787
41
0390	0.8547	0.9593	1.3605	0.6540	0.3551s	1.4666	0.6210	0.5756
42
0391	0.8468	0.9500	1.3625	0.6560	0.9925s	1.4675	0.6190	0.5625
43
0392	0.8562	0.9450	1.3616	0.6560	1.6974s	1.4632	0.6210	0.5635
44
0393	0.8417	0.9479	1.3572	0.6620	4.0176s	1.4551	0.6230	0.5757
45
0394	0.8471	0.9536	1.3550	0.6640	4.2379s	1.4505	0.6270	0.5786
46
0395	0.8498	0.9543	1.3550	0.6680	3.8370s	1.4496	0.6240	0.5765
47
0396	0.8428	0.9407	1.3565	0.6620	4.7337s	1.4518	0.6300	0.5872
48
0397	0.8514	0.9529	1.3586	0.6620	4.1172s	1.4552	0.6310	0.5880
49
0398	0.8615	0.9500	1.3586	0.6520	3.7401s	1.4574	0.6310	0.5870
50
0399	0.8525	0.9457	1.3549	0.6560	1.3421s	1.4564	0.6290	0.5812
51
0400	0.8541	0.9507	1.3505	0.6560	2.2018s	1.4545	0.6240	0.5769
52
0401	0.8375	0.9636	1.3480	0.6540	1.6200s	1.4528	0.6250	0.5768
53
0402	0.8477	0.9521	1.3458	0.6540	1.3017s	1.4506	0.6240	0.5760
54
0403	0.8542	0.9507	1.3483	0.6660	0.4068s	1.4519	0.6220	0.5765
55
0404	0.8526	0.9507	1.3512	0.6700	0.6285s	1.4569	0.6220	0.5689
56
0405	0.8313	0.9607	1.3561	0.6660	0.3111s	1.4622	0.6250	0.5712
57
0406	0.8221	0.9536	1.3594	0.6640	0.8960s	1.4662	0.6280	0.5771
58
0407	0.8474	0.9529	1.3612	0.6620	0.2685s	1.4687	0.6230	0.5790
59
0408	0.8447	0.9500	1.3591	0.6640	0.8062s	1.4664	0.6240	0.5780
60
0409	0.8518	0.9507	1.3541	0.6640	0.6100s	1.4593	0.6250	0.5796
61
0410	0.8548	0.9536	1.3507	0.6640	0.4077s	1.4533	0.6240	0.5813
62
0411	0.8361	0.9500	1.3535	0.6620	0.5809s	1.4515	0.6280	0.5859
63
0412	0.8376	0.9593	1.3582	0.6600	1.0139s	1.4552	0.6310	0.5874
64
0413	0.8493	0.9536	1.3613	0.6640	0.2845s	1.4589	0.6260	0.5825
65
0414	0.8372	0.9457	1.3582	0.6660	0.7177s	1.4602	0.6270	0.5866
66
0415	0.8474	0.9493	1.3564	0.6680	0.3067s	1.4608	0.6240	0.5803
67
0416	0.8487	0.9500	1.3538	0.6640	0.8063s	1.4605	0.6270	0.5824
68
0417	0.8298	0.9507	1.3531	0.6620	0.5671s	1.4597	0.6270	0.5800
69
0418	0.8294	0.9514	1.3558	0.6580	0.2451s	1.4596	0.6240	0.5776
70
0419	0.8390	0.9471	1.3574	0.6560	0.3130s	1.4583	0.6250	0.5823
71
0420	0.8437	0.9564	1.3616	0.6540	0.6491s	1.4584	0.6250	0.5810
72
0421	0.8346	0.9407	1.3594	0.6660	0.3867s	1.4583	0.6290	0.5831
73
0422	0.8517	0.9521	1.3574	0.6620	0.6977s	1.4603	0.6340	0.5871
74
0423	0.8616	0.9543	1.3553	0.6640	0.7827s	1.4615	0.6330	0.5858
75
0424	0.8553	0.9543	1.3549	0.6660	0.4989s	1.4631	0.6290	0.5846
76
0425	0.8402	0.9536	1.3555	0.6580	1.0699s	1.4644	0.6240	0.5776
77
0426	0.8456	0.9364	1.3534	0.6540	0.4973s	1.4603	0.6200	0.5724
78
0427	0.8365	0.9571	1.3507	0.6540	0.2711s	1.4551	0.6220	0.5771
79
0428	0.8528	0.9493	1.3494	0.6560	1.0474s	1.4519	0.6230	0.5771
80
0429	0.8406	0.9479	1.3463	0.6540	0.4298s	1.4486	0.6230	0.5783
81
0430	0.8429	0.9471	1.3453	0.6640	0.9323s	1.4493	0.6240	0.5811
82
0431	0.8399	0.9471	1.3481	0.6620	0.2954s	1.4544	0.6240	0.5766
83
0432	0.8261	0.9586	1.3535	0.6680	0.5800s	1.4604	0.6220	0.5664
84
0433	0.8405	0.9571	1.3596	0.6660	1.0765s	1.4641	0.6180	0.5617
85
0434	0.8439	0.9536	1.3622	0.6640	0.3256s	1.4649	0.6200	0.5692
86
0435	0.8509	0.9429	1.3616	0.6640	0.2960s	1.4616	0.6260	0.5727
87
0436	0.8558	0.9457	1.3596	0.6580	0.8336s	1.4584	0.6290	0.5781
88
0437	0.8433	0.9493	1.3572	0.6620	0.7560s	1.4575	0.6210	0.5653
89
0438	0.8483	0.9579	1.3543	0.6660	0.4435s	1.4557	0.6200	0.5639
90
0439	0.8651	0.9479	1.3511	0.6660	0.7958s	1.4536	0.6190	0.5638
91
0440	0.8328	0.9536	1.3516	0.6720	0.5134s	1.4539	0.6180	0.5724
92
0441	0.8525	0.9471	1.3526	0.6640	0.9924s	1.4557	0.6200	0.5757
93
0442	0.8388	0.9450	1.3570	0.6560	0.8924s	1.4585	0.6300	0.5841
94
0443	0.8317	0.9464	1.3602	0.6600	0.2781s	1.4623	0.6310	0.5767
95
0444	0.8548	0.9536	1.3623	0.6540	0.9349s	1.4667	0.6290	0.5755
96
0445	0.8578	0.9579	1.3622	0.6580	0.8703s	1.4687	0.6270	0.5738
97
0446	0.8447	0.9529	1.3609	0.6600	0.8331s	1.4680	0.6240	0.5711
98
0447	0.8397	0.9393	1.3577	0.6580	0.5294s	1.4633	0.6220	0.5757
99
0448	0.8505	0.9579	1.3530	0.6540	0.8702s	1.4555	0.6250	0.5793
100
0449	0.8466	0.9443	1.3472	0.6620	1.0277s	1.4483	0.6280	0.5843
101
0450	0.8402	0.9493	1.3438	0.6560	0.3254s	1.4444	0.6290	0.5871
102
0451	0.8573	0.9450	1.3428	0.6580	1.0388s	1.4476	0.6270	0.5839
103
0452	0.8357	0.9521	1.3471	0.6620	0.8098s	1.4550	0.6270	0.5728
0
0453	0.8434	0.9486	1.3513	0.6640	0.3409s	1.4609	0.6270	0.5725
1
0454	0.8569	0.9514	1.3573	0.6580	1.1134s	1.4658	0.6250	0.5709
2
0455	0.8457	0.9586	1.3609	0.6620	0.2567s	1.4667	0.6210	0.5644
3
0456	0.8458	0.9486	1.3626	0.6660	0.9007s	1.4653	0.6220	0.5682
4
0457	0.8515	0.9486	1.3596	0.6540	0.6556s	1.4615	0.6280	0.5745
5
0458	0.8314	0.9479	1.3533	0.6560	1.0124s	1.4564	0.6300	0.5763
6
0459	0.8360	0.9464	1.3476	0.6600	0.2539s	1.4515	0.6340	0.5843
7
0460	0.8508	0.9529	1.3464	0.6600	0.7766s	1.4523	0.6270	0.5800
8
0461	0.8429	0.9607	1.3469	0.6580	0.4394s	1.4558	0.6220	0.5785
9
0462	0.8502	0.9443	1.3509	0.6620	0.2583s	1.4635	0.6230	0.5659
10
0463	0.8281	0.9486	1.3502	0.6640	0.9990s	1.4663	0.6180	0.5594
11
0464	0.8450	0.9486	1.3487	0.6660	0.7046s	1.4648	0.6180	0.5634
12
0465	0.8453	0.9450	1.3483	0.6660	1.0372s	1.4612	0.6160	0.5623
13
0466	0.8482	0.9479	1.3491	0.6640	0.5983s	1.4590	0.6160	0.5634
14
0467	0.8439	0.9543	1.3518	0.6660	0.6301s	1.4588	0.6190	0.5719
15
0468	0.8493	0.9493	1.3534	0.6620	0.8127s	1.4607	0.6230	0.5726
16
0469	0.8283	0.9650	1.3510	0.6620	0.3166s	1.4619	0.6220	0.5692
17
0470	0.8341	0.9471	1.3462	0.6660	0.8943s	1.4630	0.6200	0.5667
18
0471	0.8493	0.9514	1.3440	0.6680	0.7429s	1.4629	0.6210	0.5660
19
0472	0.8305	0.9464	1.3471	0.6660	0.9386s	1.4636	0.6210	0.5638
20
0473	0.8463	0.9500	1.3527	0.6680	0.2724s	1.4649	0.6190	0.5656
21
0474	0.8572	0.9436	1.3622	0.6640	0.4547s	1.4700	0.6170	0.5687
22
0475	0.8495	0.9543	1.3652	0.6620	0.6535s	1.4711	0.6180	0.5697
23
0476	0.8565	0.9450	1.3639	0.6600	0.6750s	1.4700	0.6190	0.5695
24
0477	0.8318	0.9507	1.3574	0.6660	0.5288s	1.4664	0.6180	0.5678
25
0478	0.8531	0.9486	1.3473	0.6600	1.1140s	1.4614	0.6220	0.5673
26
0479	0.8428	0.9550	1.3395	0.6580	0.2712s	1.4567	0.6290	0.5714
27
0480	0.8535	0.9429	1.3389	0.6600	1.0403s	1.4548	0.6300	0.5745
0
0481	0.8507	0.9621	1.3464	0.6620	0.7741s	1.4589	0.6230	0.5689
0
0482	0.8449	0.9557	1.3572	0.6620	0.5714s	1.4677	0.6210	0.5660
1
0483	0.8405	0.9450	1.3630	0.6580	0.2690s	1.4745	0.6200	0.5686
2
0484	0.8300	0.9507	1.3611	0.6600	1.0316s	1.4758	0.6240	0.5734
3
0485	0.8435	0.9543	1.3552	0.6660	0.3920s	1.4746	0.6270	0.5751
4
0486	0.8488	0.9586	1.3475	0.6680	0.2514s	1.4677	0.6250	0.5712
5
0487	0.8445	0.9593	1.3430	0.6640	0.8370s	1.4611	0.6230	0.5688
6
0488	0.8493	0.9571	1.3451	0.6600	0.8810s	1.4560	0.6220	0.5690
7
0489	0.8423	0.9550	1.3481	0.6560	0.7786s	1.4544	0.6200	0.5675
8
0490	0.8621	0.9536	1.3504	0.6540	1.0069s	1.4548	0.6250	0.5729
9
0491	0.8363	0.9464	1.3499	0.6660	0.2857s	1.4574	0.6240	0.5712
10
0492	0.8372	0.9493	1.3472	0.6660	1.1236s	1.4598	0.6280	0.5754
11
0493	0.8293	0.9600	1.3471	0.6740	0.8933s	1.4619	0.6280	0.5741
12
0494	0.8377	0.9529	1.3481	0.6700	0.2694s	1.4622	0.6270	0.5710
0
0495	0.8301	0.9421	1.3516	0.6700	0.8772s	1.4618	0.6260	0.5695
1
0496	0.8392	0.9600	1.3576	0.6680	0.7130s	1.4625	0.6240	0.5647
2
0497	0.8557	0.9457	1.3642	0.6500	0.8644s	1.4659	0.6270	0.5701
3
0498	0.8502	0.9557	1.3637	0.6560	1.0873s	1.4624	0.6270	0.5690
4
0499	0.8305	0.9479	1.3580	0.6600	0.8703s	1.4561	0.6180	0.5653
5
0500	0.8477	0.9450	1.3502	0.6660	0.7171s	1.4487	0.6270	0.5867
6
0501	0.8315	0.9429	1.3440	0.6640	0.8750s	1.4468	0.6300	0.5921
7
0502	0.8486	0.9450	1.3444	0.6700	0.9438s	1.4497	0.6320	0.5897
8
0503	0.8313	0.9464	1.3523	0.6620	0.2684s	1.4563	0.6340	0.5811
9
0504	0.8510	0.9464	1.3650	0.6620	1.3064s	1.4631	0.6290	0.5702
10
0505	0.8265	0.9557	1.3735	0.6600	0.5478s	1.4653	0.6220	0.5635
11
0506	0.8536	0.9557	1.3722	0.6600	0.2834s	1.4616	0.6200	0.5620
12
0507	0.8346	0.9529	1.3656	0.6580	1.1233s	1.4564	0.6200	0.5620
13
0508	0.8517	0.9571	1.3574	0.6620	0.5837s	1.4511	0.6220	0.5664
14
0509	0.8482	0.9507	1.3483	0.6660	0.9385s	1.4457	0.6220	0.5685
15
0510	0.8410	0.9421	1.3435	0.6660	1.0928s	1.4438	0.6280	0.5839
16
0511	0.8408	0.9543	1.3448	0.6620	0.3468s	1.4486	0.6330	0.5894
17
0512	0.8505	0.9536	1.3511	0.6580	0.6721s	1.4571	0.6330	0.5876
18
0513	0.8520	0.9629	1.3565	0.6560	0.9614s	1.4625	0.6320	0.5901
19
0514	0.8502	0.9464	1.3562	0.6600	0.2807s	1.4621	0.6240	0.5773
20
0515	0.8066	0.9536	1.3570	0.6600	1.0248s	1.4622	0.6210	0.5716
21
0516	0.8499	0.9543	1.3594	0.6600	0.4850s	1.4639	0.6220	0.5740
22
0517	0.8358	0.9529	1.3601	0.6640	1.0542s	1.4645	0.6180	0.5699
23
0518	0.8401	0.9450	1.3598	0.6620	0.7039s	1.4645	0.6220	0.5647
24
0519	0.8343	0.9550	1.3580	0.6700	0.2647s	1.4628	0.6250	0.5710
25
0520	0.8591	0.9507	1.3560	0.6700	0.8014s	1.4601	0.6260	0.5833
26
0521	0.8411	0.9521	1.3530	0.6660	0.7216s	1.4561	0.6290	0.5860
27
0522	0.8675	0.9429	1.3491	0.6580	0.7266s	1.4544	0.6340	0.5933
28
0523	0.8402	0.9450	1.3473	0.6580	1.0270s	1.4545	0.6270	0.5890
29
0524	0.8497	0.9507	1.3479	0.6620	0.2575s	1.4575	0.6220	0.5802
30
0525	0.8360	0.9550	1.3527	0.6640	0.8651s	1.4612	0.6170	0.5651
31
0526	0.8289	0.9486	1.3566	0.6500	0.9562s	1.4635	0.6160	0.5616
32
0527	0.8527	0.9550	1.3580	0.6560	0.6960s	1.4618	0.6130	0.5556
33
0528	0.8627	0.9479	1.3554	0.6600	1.0401s	1.4568	0.6220	0.5647
34
0529	0.8318	0.9564	1.3513	0.6540	0.5832s	1.4514	0.6300	0.5715
35
0530	0.8422	0.9557	1.3496	0.6560	0.2618s	1.4498	0.6290	0.5728
36
0531	0.8335	0.9579	1.3530	0.6580	1.1148s	1.4549	0.6300	0.5738
37
0532	0.8607	0.9493	1.3582	0.6500	0.6554s	1.4614	0.6280	0.5778
38
0533	0.8248	0.9571	1.3624	0.6540	1.0187s	1.4678	0.6210	0.5732
39
0534	0.8385	0.9500	1.3612	0.6540	0.5541s	1.4691	0.6210	0.5694
40
0535	0.8270	0.9564	1.3571	0.6600	0.9506s	1.4653	0.6260	0.5822
41
0536	0.8506	0.9593	1.3519	0.6640	0.8698s	1.4594	0.6270	0.5809
42
0537	0.8492	0.9550	1.3484	0.6600	0.6438s	1.4551	0.6290	0.5757
43
0538	0.8293	0.9564	1.3471	0.6640	1.1308s	1.4544	0.6230	0.5674
44
0539	0.8467	0.9571	1.3473	0.6600	0.3303s	1.4550	0.6200	0.5651
45
0540	0.8361	0.9514	1.3486	0.6620	1.0711s	1.4561	0.6220	0.5687
46
0541	0.8504	0.9550	1.3510	0.6580	0.2717s	1.4593	0.6210	0.5678
47
0542	0.8461	0.9464	1.3505	0.6620	1.0966s	1.4612	0.6220	0.5677
48
0543	0.8369	0.9557	1.3492	0.6700	0.7177s	1.4611	0.6240	0.5703
49
0544	0.8424	0.9614	1.3498	0.6700	0.5712s	1.4589	0.6300	0.5773
50
0545	0.8359	0.9493	1.3505	0.6680	1.0388s	1.4563	0.6300	0.5767
51
0546	0.8396	0.9557	1.3500	0.6620	0.3073s	1.4558	0.6250	0.5774
52
0547	0.8353	0.9586	1.3505	0.6640	1.1045s	1.4576	0.6220	0.5735
53
0548	0.8465	0.9536	1.3522	0.6640	0.4395s	1.4619	0.6170	0.5697
54
0549	0.8383	0.9579	1.3491	0.6660	1.0460s	1.4627	0.6190	0.5712
55
0550	0.8277	0.9629	1.3449	0.6680	0.3644s	1.4605	0.6180	0.5626
56
0551	0.8392	0.9507	1.3453	0.6680	1.1382s	1.4577	0.6230	0.5649
57
0552	0.8383	0.9507	1.3503	0.6660	0.8978s	1.4554	0.6240	0.5656
58
0553	0.8487	0.9443	1.3562	0.6580	0.9318s	1.4582	0.6280	0.5741
59
0554	0.8349	0.9457	1.3642	0.6600	0.8111s	1.4654	0.6270	0.5741
60
0555	0.8466	0.9579	1.3679	0.6540	1.0759s	1.4729	0.6250	0.5759
61
0556	0.8422	0.9550	1.3638	0.6580	0.2734s	1.4733	0.6240	0.5749
62
0557	0.8185	0.9643	1.3561	0.6640	1.2818s	1.4670	0.6250	0.5681
63
0558	0.8632	0.9471	1.3495	0.6600	0.3490s	1.4594	0.6300	0.5712
64
0559	0.8407	0.9543	1.3478	0.6600	1.0110s	1.4534	0.6310	0.5716
65
0560	0.8584	0.9529	1.3515	0.6560	0.3273s	1.4511	0.6210	0.5608
66
0561	0.8331	0.9550	1.3619	0.6580	0.8115s	1.4546	0.6250	0.5771
67
0562	0.8404	0.9557	1.3713	0.6560	0.4949s	1.4608	0.6180	0.5722
68
0563	0.8385	0.9379	1.3733	0.6520	0.8586s	1.4667	0.6140	0.5690
69
0564	0.8480	0.9536	1.3663	0.6560	0.9820s	1.4645	0.6200	0.5770
70
0565	0.8393	0.9657	1.3552	0.6580	0.9610s	1.4581	0.6220	0.5768
71
0566	0.8255	0.9521	1.3472	0.6520	0.9633s	1.4498	0.6300	0.5785
72
0567	0.8389	0.9493	1.3445	0.6520	0.5715s	1.4424	0.6320	0.5814
73
0568	0.8380	0.9507	1.3479	0.6560	0.7616s	1.4404	0.6380	0.5906
74
0569	0.8453	0.9521	1.3534	0.6660	0.9609s	1.4455	0.6310	0.5851
75
0570	0.8411	0.9571	1.3591	0.6660	1.2136s	1.4579	0.6250	0.5705
76
0571	0.8467	0.9564	1.3628	0.6560	0.2593s	1.4665	0.6180	0.5654
77
0572	0.8372	0.9564	1.3618	0.6520	1.1736s	1.4674	0.6170	0.5618
78
0573	0.8484	0.9536	1.3547	0.6560	0.8295s	1.4600	0.6180	0.5654
79
0574	0.8366	0.9586	1.3492	0.6620	0.2539s	1.4507	0.6260	0.5690
80
0575	0.8444	0.9557	1.3495	0.6640	1.0056s	1.4481	0.6290	0.5730
81
0576	0.8558	0.9543	1.3503	0.6660	0.3879s	1.4487	0.6320	0.5750
82
0577	0.8467	0.9579	1.3547	0.6680	1.0697s	1.4557	0.6280	0.5720
83
0578	0.8528	0.9586	1.3599	0.6700	0.7206s	1.4642	0.6200	0.5637
84
0579	0.8410	0.9557	1.3621	0.6680	0.9330s	1.4673	0.6150	0.5628
85
0580	0.8424	0.9600	1.3607	0.6660	0.7880s	1.4643	0.6150	0.5635
86
0581	0.8307	0.9536	1.3565	0.6640	0.8970s	1.4582	0.6180	0.5627
87
0582	0.8377	0.9536	1.3542	0.6620	0.6177s	1.4544	0.6190	0.5634
88
0583	0.8290	0.9443	1.3539	0.6580	0.6621s	1.4556	0.6230	0.5643
89
0584	0.8440	0.9493	1.3561	0.6560	1.0649s	1.4604	0.6260	0.5764
90
0585	0.8435	0.9486	1.3581	0.6580	0.8295s	1.4643	0.6230	0.5794
91
0586	0.8423	0.9586	1.3549	0.6560	0.8824s	1.4619	0.6250	0.5809
92
0587	0.8472	0.9471	1.3495	0.6620	1.2267s	1.4574	0.6230	0.5808
93
0588	0.8244	0.9586	1.3495	0.6640	0.6718s	1.4567	0.6240	0.5824
94
0589	0.8313	0.9550	1.3521	0.6660	1.1208s	1.4583	0.6250	0.5821
95
0590	0.8417	0.9529	1.3592	0.6660	0.7964s	1.4625	0.6220	0.5760
96
0591	0.8430	0.9614	1.3648	0.6600	0.9887s	1.4672	0.6250	0.5798
97
0592	0.8399	0.9536	1.3620	0.6620	1.0216s	1.4686	0.6250	0.5808
98
0593	0.8305	0.9550	1.3547	0.6700	0.7434s	1.4653	0.6270	0.5853
99
0594	0.8439	0.9486	1.3475	0.6580	0.9588s	1.4598	0.6290	0.5803
100
0595	0.8335	0.9507	1.3456	0.6620	1.1452s	1.4566	0.6260	0.5866
101
0596	0.8304	0.9536	1.3482	0.6680	0.3940s	1.4574	0.6220	0.5795
102
0597	0.8282	0.9621	1.3521	0.6700	0.7895s	1.4602	0.6160	0.5709
103
0598	0.8368	0.9464	1.3602	0.6700	0.6215s	1.4674	0.6170	0.5703
104
0599	0.8481	0.9500	1.3644	0.6640	1.1471s	1.4678	0.6180	0.5737
105
0600	0.8495	0.9671	1.3615	0.6660	0.2746s	1.4612	0.6240	0.5796
106
0601	0.8498	0.9593	1.3561	0.6700	0.8315s	1.4541	0.6280	0.5846
107
0602	0.8665	0.9550	1.3496	0.6700	0.8964s	1.4493	0.6300	0.5878
108
0603	0.8385	0.9514	1.3484	0.6580	0.2805s	1.4504	0.6230	0.5832
109
0604	0.8480	0.9471	1.3482	0.6580	1.0008s	1.4553	0.6250	0.5834
110
0605	0.8395	0.9529	1.3507	0.6600	0.4216s	1.4617	0.6180	0.5670
111
0606	0.8343	0.9486	1.3532	0.6640	0.4407s	1.4651	0.6220	0.5664
112
0607	0.8353	0.9571	1.3547	0.6620	0.6992s	1.4620	0.6200	0.5673
113
0608	0.8363	0.9493	1.3533	0.6700	1.1011s	1.4564	0.6260	0.5804
114
0609	0.8510	0.9493	1.3536	0.6700	0.8156s	1.4551	0.6270	0.5799
115
0610	0.8362	0.9543	1.3535	0.6720	0.8386s	1.4558	0.6250	0.5773
116
0611	0.8498	0.9493	1.3508	0.6680	0.9032s	1.4578	0.6250	0.5789
117
0612	0.8357	0.9614	1.3504	0.6660	0.2592s	1.4607	0.6200	0.5748
118
0613	0.8379	0.9586	1.3519	0.6560	0.9725s	1.4634	0.6200	0.5769
119
0614	0.8609	0.9464	1.3559	0.6540	0.3218s	1.4639	0.6200	0.5770
120
0615	0.8357	0.9450	1.3595	0.6580	0.9419s	1.4620	0.6230	0.5828
121
0616	0.8527	0.9436	1.3594	0.6640	1.0272s	1.4585	0.6240	0.5824
122
0617	0.8413	0.9479	1.3513	0.6680	0.6631s	1.4541	0.6270	0.5824
123
0618	0.8461	0.9457	1.3417	0.6660	0.9652s	1.4521	0.6260	0.5679
124
0619	0.8323	0.9586	1.3386	0.6660	0.4536s	1.4532	0.6290	0.5691
125
0620	0.8548	0.9493	1.3416	0.6680	0.9975s	1.4559	0.6270	0.5683
0
0621	0.8234	0.9607	1.3496	0.6700	0.2569s	1.4592	0.6220	0.5640
1
0622	0.8426	0.9607	1.3576	0.6620	1.1398s	1.4602	0.6240	0.5760
2
0623	0.8382	0.9493	1.3636	0.6640	0.9027s	1.4610	0.6220	0.5767
3
0624	0.8399	0.9571	1.3638	0.6660	0.3622s	1.4597	0.6270	0.5842
4
0625	0.8319	0.9629	1.3610	0.6660	0.9354s	1.4593	0.6280	0.5876
5
0626	0.8468	0.9471	1.3594	0.6680	0.8423s	1.4610	0.6260	0.5856
6
0627	0.8516	0.9486	1.3594	0.6660	0.2951s	1.4619	0.6230	0.5735
7
0628	0.8268	0.9600	1.3615	0.6680	0.2997s	1.4622	0.6260	0.5771
8
0629	0.8349	0.9457	1.3629	0.6600	1.1220s	1.4615	0.6270	0.5780
9
0630	0.8356	0.9500	1.3642	0.6640	0.7841s	1.4600	0.6260	0.5753
10
0631	0.8253	0.9521	1.3618	0.6640	1.0153s	1.4594	0.6270	0.5746
11
0632	0.8370	0.9614	1.3578	0.6700	0.8007s	1.4599	0.6240	0.5681
12
0633	0.8324	0.9571	1.3582	0.6700	0.9374s	1.4631	0.6260	0.5717
13
0634	0.8448	0.9579	1.3601	0.6640	1.0980s	1.4647	0.6260	0.5736
14
0635	0.8404	0.9607	1.3620	0.6620	0.5443s	1.4645	0.6240	0.5751
15
0636	0.8404	0.9400	1.3631	0.6620	1.0511s	1.4616	0.6220	0.5727
16
0637	0.8342	0.9521	1.3612	0.6640	0.4447s	1.4580	0.6200	0.5693
17
0638	0.8523	0.9550	1.3540	0.6740	1.1748s	1.4542	0.6200	0.5695
18
0639	0.8369	0.9486	1.3494	0.6720	0.5765s	1.4564	0.6220	0.5694
0
0640	0.8518	0.9529	1.3465	0.6680	1.2512s	1.4613	0.6190	0.5612
1
0641	0.8395	0.9521	1.3466	0.6580	0.9581s	1.4661	0.6160	0.5602
2
0642	0.8461	0.9521	1.3482	0.6620	0.6852s	1.4679	0.6190	0.5649
3
0643	0.8493	0.9557	1.3493	0.6660	1.1450s	1.4656	0.6200	0.5650
4
0644	0.8475	0.9543	1.3479	0.6660	0.5371s	1.4598	0.6240	0.5731
5
0645	0.8375	0.9586	1.3475	0.6600	1.0826s	1.4552	0.6280	0.5831
6
0646	0.8404	0.9564	1.3478	0.6560	0.4947s	1.4535	0.6290	0.5857
7
0647	0.8388	0.9614	1.3487	0.6600	1.0805s	1.4546	0.6260	0.5723
8
0648	0.8525	0.9586	1.3521	0.6640	0.3976s	1.4561	0.6260	0.5719
9
0649	0.8356	0.9586	1.3523	0.6500	1.2158s	1.4591	0.6230	0.5669
10
0650	0.8512	0.9536	1.3489	0.6580	0.3152s	1.4569	0.6210	0.5646
11
0651	0.8416	0.9600	1.3447	0.6600	0.8931s	1.4532	0.6270	0.5685
12
0652	0.8328	0.9507	1.3404	0.6700	0.8630s	1.4493	0.6280	0.5685
13
0653	0.8355	0.9543	1.3401	0.6680	0.9588s	1.4498	0.6300	0.5739
14
0654	0.8393	0.9529	1.3431	0.6680	0.8272s	1.4557	0.6280	0.5762
15
0655	0.8377	0.9586	1.3490	0.6680	0.2683s	1.4650	0.6250	0.5733
16
0656	0.8421	0.9593	1.3591	0.6720	1.0277s	1.4740	0.6240	0.5691
17
0657	0.8460	0.9486	1.3650	0.6640	1.1542s	1.4772	0.6250	0.5715
18
0658	0.8428	0.9564	1.3649	0.6620	0.2460s	1.4716	0.6250	0.5713
19
0659	0.8306	0.9586	1.3576	0.6640	1.1803s	1.4620	0.6300	0.5858
20
0660	0.8282	0.9550	1.3482	0.6640	0.6437s	1.4546	0.6340	0.5913
21
0661	0.8396	0.9464	1.3398	0.6700	1.0384s	1.4524	0.6330	0.5887
22
0662	0.8387	0.9521	1.3337	0.6680	0.8330s	1.4536	0.6310	0.5788
23
0663	0.8433	0.9614	1.3330	0.6680	1.0455s	1.4583	0.6310	0.5774
0
0664	0.8538	0.9543	1.3375	0.6660	0.9692s	1.4655	0.6270	0.5718
0
0665	0.8395	0.9486	1.3444	0.6660	1.1080s	1.4688	0.6230	0.5701
1
0666	0.8420	0.9521	1.3512	0.6720	1.0736s	1.4669	0.6230	0.5721
2
0667	0.8395	0.9657	1.3565	0.6680	0.3937s	1.4628	0.6240	0.5674
3
0668	0.8478	0.9529	1.3573	0.6740	0.7551s	1.4602	0.6250	0.5702
4
0669	0.8360	0.9457	1.3553	0.6680	0.2505s	1.4584	0.6210	0.5657
0
0670	0.8363	0.9450	1.3517	0.6680	0.5685s	1.4585	0.6210	0.5635
1
0671	0.8247	0.9507	1.3494	0.6660	1.1536s	1.4609	0.6180	0.5611
2
0672	0.8460	0.9500	1.3487	0.6660	0.8859s	1.4637	0.6190	0.5611
3
0673	0.8582	0.9543	1.3495	0.6660	0.9391s	1.4647	0.6200	0.5643
4
0674	0.8290	0.9586	1.3487	0.6740	0.4707s	1.4609	0.6260	0.5728
5
0675	0.8436	0.9529	1.3480	0.6720	1.0323s	1.4582	0.6280	0.5687
0
0676	0.8398	0.9486	1.3476	0.6760	0.6578s	1.4569	0.6230	0.5650
1
0677	0.8350	0.9521	1.3498	0.6680	1.2106s	1.4576	0.6220	0.5647
0
0678	0.8417	0.9586	1.3535	0.6640	0.9354s	1.4607	0.6200	0.5646
1
0679	0.8589	0.9571	1.3565	0.6580	0.8408s	1.4629	0.6180	0.5669
2
0680	0.8409	0.9600	1.3571	0.6660	0.9900s	1.4629	0.6210	0.5739
3
0681	0.8433	0.9571	1.3513	0.6700	0.9745s	1.4597	0.6190	0.5675
4
0682	0.8387	0.9493	1.3452	0.6700	0.3785s	1.4583	0.6190	0.5729
5
0683	0.8291	0.9564	1.3371	0.6720	1.2174s	1.4556	0.6200	0.5737
6
0684	0.8405	0.9543	1.3325	0.6660	0.8117s	1.4548	0.6190	0.5617
7
0685	0.8450	0.9536	1.3330	0.6680	0.8300s	1.4531	0.6240	0.5662
0
0686	0.8354	0.9564	1.3369	0.6680	0.3159s	1.4518	0.6220	0.5678
1
0687	0.8395	0.9514	1.3422	0.6660	0.9276s	1.4527	0.6220	0.5696
2
0688	0.8280	0.9457	1.3472	0.6680	0.9616s	1.4543	0.6220	0.5713
3
0689	0.8379	0.9436	1.3540	0.6720	1.0134s	1.4560	0.6230	0.5749
4
0690	0.8480	0.9629	1.3566	0.6640	0.8850s	1.4550	0.6220	0.5712
5
0691	0.8361	0.9507	1.3519	0.6660	0.8392s	1.4500	0.6270	0.5760
6
0692	0.8396	0.9514	1.3465	0.6640	0.8774s	1.4474	0.6310	0.5771
7
0693	0.8481	0.9536	1.3421	0.6680	0.8367s	1.4469	0.6300	0.5745
8
0694	0.8267	0.9657	1.3426	0.6680	0.4993s	1.4503	0.6300	0.5746
9
0695	0.8292	0.9521	1.3449	0.6720	0.9621s	1.4568	0.6280	0.5730
10
0696	0.8412	0.9629	1.3459	0.6720	0.8243s	1.4615	0.6230	0.5687
11
0697	0.8519	0.9514	1.3461	0.6720	1.0796s	1.4654	0.6150	0.5611
12
0698	0.8357	0.9507	1.3472	0.6680	0.2757s	1.4660	0.6150	0.5622
13
0699	0.8364	0.9564	1.3521	0.6660	0.7501s	1.4651	0.6160	0.5642
14
0700	0.8614	0.9607	1.3585	0.6660	0.8353s	1.4667	0.6210	0.5693
15
0701	0.8537	0.9543	1.3619	0.6660	1.1671s	1.4666	0.6230	0.5827
16
0702	0.8450	0.9629	1.3583	0.6640	0.3647s	1.4631	0.6210	0.5776
17
0703	0.8503	0.9486	1.3508	0.6660	0.9423s	1.4581	0.6240	0.5777
18
0704	0.8496	0.9507	1.3422	0.6700	0.9581s	1.4540	0.6260	0.5715
19
0705	0.8420	0.9479	1.3364	0.6700	0.3803s	1.4547	0.6250	0.5712
20
0706	0.8452	0.9479	1.3349	0.6720	0.3446s	1.4574	0.6210	0.5681
21
0707	0.8385	0.9621	1.3406	0.6700	0.6172s	1.4625	0.6220	0.5695
22
0708	0.8324	0.9557	1.3497	0.6680	0.3890s	1.4692	0.6200	0.5676
23
0709	0.8218	0.9621	1.3552	0.6640	1.0694s	1.4699	0.6180	0.5666
24
0710	0.8310	0.9514	1.3551	0.6660	0.4258s	1.4650	0.6220	0.5710
25
0711	0.8429	0.9557	1.3547	0.6600	0.8183s	1.4582	0.6230	0.5736
26
0712	0.8383	0.9450	1.3566	0.6620	0.8204s	1.4551	0.6240	0.5746
27
0713	0.8470	0.9564	1.3570	0.6620	0.7262s	1.4552	0.6210	0.5728
28
0714	0.8420	0.9586	1.3551	0.6640	1.0787s	1.4566	0.6260	0.5743
29
0715	0.8299	0.9557	1.3538	0.6620	0.9487s	1.4585	0.6220	0.5746
30
0716	0.8351	0.9550	1.3502	0.6640	0.7189s	1.4600	0.6250	0.5742
31
0717	0.8434	0.9486	1.3467	0.6660	1.0181s	1.4626	0.6280	0.5770
32
0718	0.8203	0.9536	1.3442	0.6680	0.3929s	1.4645	0.6250	0.5743
33
0719	0.8378	0.9600	1.3434	0.6620	1.0962s	1.4635	0.6330	0.5815
34
0720	0.8417	0.9543	1.3463	0.6640	1.0933s	1.4629	0.6310	0.5773
35
0721	0.8262	0.9436	1.3500	0.6660	0.9764s	1.4584	0.6320	0.5781
36
0722	0.8278	0.9543	1.3527	0.6680	0.3987s	1.4548	0.6310	0.5886
37
0723	0.8265	0.9514	1.3530	0.6700	0.9017s	1.4541	0.6280	0.5861
38
0724	0.8391	0.9414	1.3495	0.6740	0.2739s	1.4547	0.6250	0.5810
39
0725	0.8407	0.9536	1.3484	0.6700	0.3700s	1.4577	0.6220	0.5769
40
0726	0.8448	0.9464	1.3493	0.6660	0.9603s	1.4597	0.6210	0.5715
41
0727	0.8227	0.9529	1.3541	0.6660	0.6271s	1.4623	0.6210	0.5769
42
0728	0.8410	0.9443	1.3595	0.6700	1.2342s	1.4658	0.6180	0.5721
43
0729	0.8400	0.9629	1.3642	0.6680	0.8361s	1.4683	0.6180	0.5718
44
0730	0.8397	0.9529	1.3619	0.6640	1.0388s	1.4676	0.6200	0.5768
45
0731	0.8544	0.9493	1.3580	0.6620	0.2847s	1.4654	0.6270	0.5830
46
0732	0.8284	0.9629	1.3522	0.6640	0.8327s	1.4618	0.6270	0.5829
47
0733	0.8463	0.9536	1.3500	0.6680	0.6868s	1.4582	0.6260	0.5827
48
0734	0.8318	0.9550	1.3521	0.6680	0.8156s	1.4571	0.6280	0.5819
49
0735	0.8418	0.9479	1.3544	0.6660	1.1869s	1.4591	0.6250	0.5728
50
0736	0.8421	0.9614	1.3560	0.6700	0.8281s	1.4624	0.6260	0.5761
51
0737	0.8391	0.9536	1.3571	0.6720	0.9306s	1.4662	0.6240	0.5844
52
0738	0.8312	0.9500	1.3541	0.6680	0.7939s	1.4672	0.6210	0.5817
53
0739	0.8338	0.9621	1.3504	0.6640	0.9571s	1.4649	0.6210	0.5787
54
0740	0.8452	0.9479	1.3500	0.6660	0.2838s	1.4604	0.6240	0.5831
55
0741	0.8464	0.9557	1.3511	0.6600	1.0602s	1.4575	0.6260	0.5798
56
0742	0.8643	0.9521	1.3552	0.6600	0.5003s	1.4596	0.6250	0.5683
57
0743	0.8420	0.9550	1.3572	0.6600	1.0361s	1.4614	0.6240	0.5665
58
0744	0.8307	0.9500	1.3595	0.6640	0.4617s	1.4643	0.6230	0.5679
59
0745	0.8279	0.9557	1.3593	0.6640	0.6867s	1.4661	0.6170	0.5620
60
0746	0.8388	0.9536	1.3533	0.6640	0.6110s	1.4619	0.6190	0.5690
61
0747	0.8320	0.9493	1.3463	0.6620	1.1262s	1.4541	0.6200	0.5741
62
0748	0.8456	0.9500	1.3435	0.6580	0.7964s	1.4491	0.6200	0.5753
63
0749	0.8487	0.9543	1.3441	0.6640	1.1286s	1.4458	0.6210	0.5737
64
0750	0.8398	0.9550	1.3499	0.6580	0.8122s	1.4469	0.6250	0.5759
65
0751	0.8262	0.9607	1.3552	0.6640	1.1250s	1.4510	0.6280	0.5808
66
0752	0.8496	0.9579	1.3574	0.6660	0.6702s	1.4540	0.6330	0.5876
67
0753	0.8524	0.9593	1.3560	0.6660	0.7458s	1.4550	0.6290	0.5736
68
0754	0.8420	0.9500	1.3550	0.6640	1.0389s	1.4547	0.6280	0.5697
69
0755	0.8481	0.9564	1.3535	0.6720	0.3795s	1.4562	0.6230	0.5638
70
0756	0.8549	0.9386	1.3521	0.6720	0.7493s	1.4555	0.6250	0.5651
71
0757	0.8373	0.9450	1.3525	0.6660	0.5676s	1.4548	0.6240	0.5650
72
0758	0.8491	0.9500	1.3529	0.6620	1.0445s	1.4550	0.6310	0.5763
73
0759	0.8314	0.9514	1.3508	0.6600	0.6343s	1.4546	0.6260	0.5835
74
0760	0.8223	0.9571	1.3506	0.6540	0.9326s	1.4541	0.6240	0.5818
75
0761	0.8263	0.9586	1.3481	0.6580	0.5108s	1.4517	0.6240	0.5812
76
0762	0.8389	0.9550	1.3453	0.6660	0.2889s	1.4477	0.6260	0.5807
77
0763	0.8514	0.9521	1.3451	0.6680	0.8418s	1.4503	0.6250	0.5789
78
0764	0.8254	0.9586	1.3481	0.6740	0.8784s	1.4556	0.6210	0.5749
79
0765	0.8293	0.9607	1.3506	0.6740	1.0446s	1.4614	0.6250	0.5689
80
0766	0.8361	0.9521	1.3512	0.6720	1.1147s	1.4642	0.6230	0.5640
81
0767	0.8295	0.9529	1.3522	0.6580	0.3174s	1.4641	0.6240	0.5676
82
0768	0.8123	0.9564	1.3519	0.6600	1.0258s	1.4632	0.6250	0.5693
83
0769	0.8355	0.9557	1.3521	0.6540	0.3975s	1.4627	0.6220	0.5694
84
0770	0.8272	0.9529	1.3527	0.6540	0.8804s	1.4628	0.6150	0.5642
85
0771	0.8462	0.9493	1.3538	0.6540	0.7017s	1.4626	0.6200	0.5663
86
0772	0.8472	0.9479	1.3492	0.6560	0.3212s	1.4576	0.6230	0.5665
87
0773	0.8186	0.9564	1.3448	0.6560	1.0948s	1.4518	0.6230	0.5740
88
0774	0.8450	0.9579	1.3429	0.6600	0.4073s	1.4501	0.6220	0.5737
89
0775	0.8362	0.9536	1.3422	0.6600	0.4775s	1.4500	0.6230	0.5724
90
0776	0.8425	0.9414	1.3470	0.6620	0.9070s	1.4515	0.6190	0.5621
91
0777	0.8374	0.9607	1.3535	0.6680	0.6016s	1.4543	0.6220	0.5689
92
0778	0.8314	0.9564	1.3562	0.6660	0.9347s	1.4559	0.6240	0.5683
93
0779	0.8245	0.9579	1.3534	0.6680	1.1025s	1.4533	0.6220	0.5662
94
0780	0.8363	0.9471	1.3499	0.6680	0.9911s	1.4498	0.6220	0.5691
95
0781	0.8371	0.9586	1.3482	0.6620	0.9367s	1.4491	0.6240	0.5682
96
0782	0.8484	0.9607	1.3501	0.6560	0.9410s	1.4542	0.6260	0.5722
97
0783	0.8304	0.9564	1.3530	0.6520	0.9386s	1.4583	0.6180	0.5654
98
0784	0.8493	0.9514	1.3544	0.6600	0.8863s	1.4603	0.6210	0.5652
99
0785	0.8285	0.9571	1.3542	0.6580	0.9849s	1.4590	0.6230	0.5693
100
0786	0.8323	0.9486	1.3515	0.6560	0.5861s	1.4552	0.6260	0.5685
101
0787	0.8505	0.9514	1.3510	0.6620	0.2809s	1.4531	0.6230	0.5658
102
0788	0.8399	0.9614	1.3516	0.6560	0.9146s	1.4532	0.6270	0.5681
103
0789	0.8411	0.9507	1.3542	0.6580	0.4803s	1.4564	0.6280	0.5705
104
0790	0.8267	0.9643	1.3538	0.6540	1.0861s	1.4575	0.6220	0.5713
105
0791	0.8483	0.9529	1.3506	0.6560	1.0104s	1.4556	0.6200	0.5740
106
0792	0.8357	0.9529	1.3468	0.6600	0.9241s	1.4524	0.6220	0.5759
107
0793	0.8445	0.9529	1.3480	0.6580	0.5918s	1.4519	0.6250	0.5731
108
0794	0.8404	0.9479	1.3485	0.6520	0.5397s	1.4512	0.6290	0.5733
109
0795	0.8239	0.9557	1.3501	0.6500	0.9420s	1.4509	0.6260	0.5707
110
0796	0.8389	0.9600	1.3502	0.6600	0.8436s	1.4508	0.6260	0.5710
111
0797	0.8395	0.9543	1.3520	0.6620	0.2823s	1.4517	0.6260	0.5744
112
0798	0.8394	0.9486	1.3558	0.6640	1.0247s	1.4541	0.6230	0.5707
113
0799	0.8329	0.9493	1.3589	0.6660	0.9898s	1.4571	0.6220	0.5712
114
0800	0.8493	0.9593	1.3608	0.6560	1.0347s	1.4617	0.6190	0.5638
115
0801	0.8318	0.9529	1.3621	0.6620	0.5890s	1.4668	0.6180	0.5589
116
0802	0.8293	0.9521	1.3581	0.6640	0.8594s	1.4655	0.6170	0.5618
117
0803	0.8418	0.9543	1.3526	0.6680	0.3011s	1.4616	0.6260	0.5706
118
0804	0.8257	0.9629	1.3473	0.6680	1.0498s	1.4572	0.6200	0.5708
119
0805	0.8206	0.9507	1.3459	0.6720	0.2989s	1.4562	0.6170	0.5639
120
0806	0.8359	0.9464	1.3479	0.6760	1.0558s	1.4585	0.6180	0.5620
121
0807	0.8285	0.9600	1.3518	0.6740	0.8049s	1.4634	0.6210	0.5665
0
0808	0.8326	0.9486	1.3563	0.6700	1.0536s	1.4666	0.6220	0.5695
1
0809	0.8539	0.9507	1.3584	0.6700	0.5985s	1.4675	0.6230	0.5770
2
0810	0.8466	0.9600	1.3572	0.6700	0.3336s	1.4668	0.6230	0.5762
3
0811	0.8327	0.9593	1.3519	0.6720	1.1371s	1.4631	0.6210	0.5711
4
0812	0.8254	0.9486	1.3475	0.6740	0.9312s	1.4627	0.6210	0.5702
5
0813	0.8337	0.9593	1.3487	0.6760	1.0536s	1.4631	0.6170	0.5579
6
0814	0.8539	0.9564	1.3532	0.6780	0.7705s	1.4656	0.6170	0.5598
0
0815	0.8395	0.9557	1.3544	0.6680	0.2587s	1.4646	0.6220	0.5643
0
0816	0.8493	0.9536	1.3542	0.6760	0.7594s	1.4617	0.6200	0.5709
1
0817	0.8387	0.9543	1.3532	0.6720	0.9598s	1.4606	0.6240	0.5803
2
0818	0.8509	0.9493	1.3516	0.6700	1.0900s	1.4602	0.6220	0.5795
3
0819	0.8209	0.9557	1.3499	0.6720	0.3101s	1.4608	0.6220	0.5774
4
0820	0.8327	0.9521	1.3513	0.6700	1.0399s	1.4624	0.6180	0.5718
5
0821	0.8417	0.9471	1.3578	0.6660	1.0275s	1.4659	0.6160	0.5647
6
0822	0.8466	0.9600	1.3619	0.6640	1.1714s	1.4666	0.6160	0.5674
7
0823	0.8533	0.9471	1.3596	0.6720	0.3832s	1.4634	0.6190	0.5708
8
0824	0.8480	0.9571	1.3528	0.6720	1.1031s	1.4591	0.6270	0.5786
9
0825	0.8404	0.9486	1.3465	0.6660	0.5514s	1.4574	0.6290	0.5822
10
0826	0.8143	0.9593	1.3443	0.6660	0.3021s	1.4600	0.6270	0.5841
11
0827	0.8174	0.9557	1.3498	0.6660	0.6383s	1.4664	0.6190	0.5773
12
0828	0.8319	0.9457	1.3555	0.6680	0.6925s	1.4716	0.6210	0.5794
13
0829	0.8176	0.9536	1.3606	0.6620	1.0669s	1.4727	0.6240	0.5810
14
0830	0.8271	0.9564	1.3633	0.6620	0.2880s	1.4712	0.6210	0.5770
15
0831	0.8104	0.9550	1.3622	0.6600	0.6504s	1.4679	0.6230	0.5780
16
0832	0.8399	0.9564	1.3585	0.6700	1.0542s	1.4641	0.6270	0.5849
17
0833	0.8359	0.9621	1.3540	0.6720	0.2756s	1.4619	0.6290	0.5825
18
0834	0.8333	0.9550	1.3496	0.6700	0.9823s	1.4589	0.6300	0.5856
19
0835	0.8381	0.9479	1.3482	0.6660	0.6229s	1.4590	0.6230	0.5783
20
0836	0.8296	0.9543	1.3482	0.6640	1.0799s	1.4602	0.6240	0.5800
21
0837	0.8342	0.9443	1.3484	0.6600	0.9912s	1.4612	0.6280	0.5833
22
0838	0.8290	0.9557	1.3529	0.6580	1.0456s	1.4635	0.6280	0.5785
23
0839	0.8476	0.9436	1.3596	0.6640	0.9607s	1.4643	0.6280	0.5759
24
0840	0.8513	0.9479	1.3606	0.6640	0.9499s	1.4625	0.6300	0.5778
25
0841	0.8369	0.9629	1.3589	0.6660	0.4376s	1.4598	0.6300	0.5731
26
0842	0.8420	0.9507	1.3564	0.6700	1.0870s	1.4570	0.6270	0.5714
27
0843	0.8420	0.9614	1.3533	0.6700	0.4506s	1.4539	0.6230	0.5706
28
0844	0.8447	0.9479	1.3530	0.6700	0.8211s	1.4537	0.6230	0.5710
29
0845	0.8468	0.9564	1.3554	0.6700	0.9116s	1.4592	0.6250	0.5726
30
0846	0.8402	0.9529	1.3563	0.6660	1.1032s	1.4618	0.6220	0.5756
31
0847	0.8271	0.9571	1.3566	0.6620	0.4795s	1.4652	0.6200	0.5730
32
0848	0.8244	0.9607	1.3555	0.6600	1.0542s	1.4649	0.6230	0.5777
33
0849	0.8264	0.9557	1.3534	0.6620	1.1300s	1.4620	0.6300	0.5861
34
0850	0.8325	0.9536	1.3509	0.6580	0.6478s	1.4592	0.6320	0.5867
35
0851	0.8252	0.9543	1.3462	0.6640	0.4911s	1.4565	0.6290	0.5839
36
0852	0.8305	0.9550	1.3458	0.6620	0.7003s	1.4558	0.6250	0.5807
37
0853	0.8293	0.9529	1.3489	0.6680	0.7807s	1.4582	0.6220	0.5685
38
0854	0.8359	0.9557	1.3520	0.6720	0.5453s	1.4616	0.6200	0.5673
39
0855	0.8451	0.9493	1.3576	0.6740	1.0637s	1.4635	0.6200	0.5685
40
0856	0.8208	0.9557	1.3611	0.6660	0.7383s	1.4646	0.6230	0.5690
41
0857	0.8578	0.9450	1.3627	0.6640	1.2305s	1.4638	0.6190	0.5676
42
0858	0.8450	0.9586	1.3604	0.6580	0.3060s	1.4602	0.6230	0.5678
43
0859	0.8518	0.9543	1.3561	0.6640	0.7066s	1.4588	0.6260	0.5729
44
0860	0.8197	0.9564	1.3528	0.6620	1.0067s	1.4582	0.6240	0.5695
45
0861	0.8291	0.9479	1.3522	0.6580	0.9180s	1.4603	0.6230	0.5683
46
0862	0.8390	0.9464	1.3526	0.6560	0.9813s	1.4616	0.6250	0.5655
47
0863	0.8290	0.9536	1.3551	0.6560	0.9593s	1.4621	0.6230	0.5610
48
0864	0.8456	0.9571	1.3541	0.6600	0.9607s	1.4595	0.6260	0.5647
49
0865	0.8529	0.9436	1.3550	0.6640	0.7456s	1.4599	0.6240	0.5661
50
0866	0.8492	0.9421	1.3544	0.6640	1.0819s	1.4600	0.6240	0.5706
51
0867	0.8322	0.9571	1.3508	0.6620	0.5246s	1.4594	0.6240	0.5702
52
0868	0.8472	0.9521	1.3503	0.6620	1.0139s	1.4597	0.6220	0.5681
53
0869	0.8237	0.9557	1.3494	0.6600	1.0350s	1.4623	0.6180	0.5707
54
0870	0.8302	0.9514	1.3473	0.6580	0.9145s	1.4630	0.6150	0.5631
55
0871	0.8300	0.9536	1.3446	0.6600	0.9033s	1.4620	0.6190	0.5641
56
0872	0.8205	0.9564	1.3436	0.6600	0.4670s	1.4611	0.6220	0.5666
57
0873	0.8352	0.9536	1.3444	0.6640	1.1644s	1.4602	0.6230	0.5683
58
0874	0.8446	0.9421	1.3448	0.6660	0.2944s	1.4595	0.6280	0.5745
59
0875	0.8546	0.9536	1.3466	0.6660	1.1952s	1.4598	0.6300	0.5738
60
0876	0.8471	0.9557	1.3499	0.6660	0.7815s	1.4597	0.6310	0.5744
61
0877	0.8449	0.9486	1.3546	0.6720	0.6144s	1.4623	0.6260	0.5799
62
0878	0.8486	0.9564	1.3644	0.6680	0.2615s	1.4675	0.6210	0.5745
63
0879	0.8257	0.9536	1.3670	0.6680	0.2888s	1.4678	0.6210	0.5787
64
0880	0.8207	0.9521	1.3655	0.6680	0.9379s	1.4644	0.6200	0.5694
65
0881	0.8227	0.9557	1.3624	0.6620	0.8764s	1.4578	0.6220	0.5672
66
0882	0.8204	0.9536	1.3588	0.6680	1.1127s	1.4543	0.6220	0.5685
67
0883	0.8613	0.9514	1.3582	0.6700	0.2667s	1.4547	0.6240	0.5703
68
0884	0.8401	0.9579	1.3620	0.6680	1.1259s	1.4604	0.6300	0.5783
69
0885	0.8270	0.9536	1.3655	0.6680	0.7339s	1.4653	0.6280	0.5759
70
0886	0.8307	0.9671	1.3660	0.6660	1.0662s	1.4677	0.6230	0.5779
71
0887	0.8280	0.9571	1.3632	0.6640	0.4225s	1.4650	0.6230	0.5694
72
0888	0.8534	0.9579	1.3595	0.6600	1.0191s	1.4610	0.6220	0.5693
73
0889	0.8452	0.9507	1.3542	0.6640	1.0348s	1.4562	0.6220	0.5648
74
0890	0.8326	0.9543	1.3507	0.6740	1.2208s	1.4535	0.6210	0.5648
75
0891	0.8275	0.9550	1.3506	0.6640	0.3060s	1.4547	0.6210	0.5645
76
0892	0.8360	0.9550	1.3488	0.6660	1.0273s	1.4543	0.6210	0.5658
77
0893	0.8392	0.9557	1.3443	0.6660	0.3971s	1.4523	0.6220	0.5682
78
0894	0.8181	0.9529	1.3389	0.6640	0.3175s	1.4506	0.6270	0.5745
79
0895	0.8451	0.9614	1.3377	0.6660	1.0768s	1.4512	0.6260	0.5728
80
0896	0.8155	0.9536	1.3382	0.6660	0.6770s	1.4551	0.6280	0.5751
81
0897	0.8460	0.9536	1.3432	0.6700	0.9275s	1.4600	0.6300	0.5783
82
0898	0.8274	0.9536	1.3475	0.6680	0.2504s	1.4620	0.6280	0.5738
83
0899	0.8372	0.9586	1.3495	0.6680	1.1432s	1.4620	0.6250	0.5704
84
0900	0.8388	0.9593	1.3499	0.6660	0.9670s	1.4592	0.6260	0.5682
85
0901	0.8366	0.9593	1.3466	0.6640	1.0581s	1.4528	0.6230	0.5641
86
0902	0.8422	0.9579	1.3438	0.6640	0.8234s	1.4497	0.6240	0.5672
87
0903	0.8403	0.9514	1.3416	0.6600	0.9165s	1.4488	0.6240	0.5702
88
0904	0.8535	0.9621	1.3424	0.6620	0.6854s	1.4502	0.6250	0.5699
89
0905	0.8380	0.9450	1.3467	0.6660	1.0962s	1.4555	0.6230	0.5661
90
0906	0.8470	0.9564	1.3527	0.6620	0.2814s	1.4606	0.6200	0.5624
91
0907	0.8465	0.9536	1.3594	0.6620	1.2071s	1.4643	0.6170	0.5632
92
0908	0.8355	0.9507	1.3627	0.6660	0.2958s	1.4638	0.6210	0.5677
93
0909	0.8330	0.9543	1.3635	0.6620	0.3344s	1.4619	0.6190	0.5666
94
0910	0.8426	0.9471	1.3616	0.6620	0.5315s	1.4600	0.6170	0.5626
95
0911	0.8352	0.9557	1.3587	0.6600	0.2802s	1.4595	0.6190	0.5657
96
0912	0.8298	0.9607	1.3572	0.6640	1.1085s	1.4599	0.6170	0.5637
97
0913	0.8438	0.9471	1.3588	0.6560	0.3321s	1.4634	0.6190	0.5624
98
0914	0.8242	0.9543	1.3633	0.6540	0.8787s	1.4660	0.6150	0.5622
99
0915	0.8419	0.9614	1.3625	0.6600	0.8820s	1.4640	0.6170	0.5715
100
0916	0.8255	0.9586	1.3584	0.6580	0.7754s	1.4606	0.6170	0.5745
101
0917	0.8228	0.9521	1.3528	0.6680	0.6175s	1.4595	0.6150	0.5724
102
0918	0.8118	0.9521	1.3470	0.6620	0.6689s	1.4576	0.6170	0.5609
103
0919	0.8248	0.9514	1.3474	0.6600	0.9041s	1.4598	0.6200	0.5702
104
0920	0.8268	0.9500	1.3533	0.6640	0.9914s	1.4637	0.6200	0.5736
105
0921	0.8427	0.9457	1.3600	0.6600	1.0110s	1.4660	0.6160	0.5615
106
0922	0.8382	0.9543	1.3650	0.6540	1.0741s	1.4669	0.6170	0.5642
107
0923	0.8340	0.9571	1.3605	0.6640	0.4853s	1.4621	0.6170	0.5606
108
0924	0.8375	0.9593	1.3542	0.6760	1.0384s	1.4593	0.6180	0.5708
109
0925	0.8449	0.9536	1.3458	0.6740	0.3793s	1.4547	0.6220	0.5737
110
0926	0.8418	0.9643	1.3402	0.6720	1.0888s	1.4524	0.6220	0.5653
111
0927	0.8283	0.9607	1.3422	0.6620	1.0232s	1.4574	0.6210	0.5663
112
0928	0.8384	0.9557	1.3450	0.6640	0.8105s	1.4603	0.6180	0.5631
113
0929	0.8447	0.9479	1.3511	0.6600	0.8449s	1.4621	0.6190	0.5648
114
0930	0.8238	0.9550	1.3559	0.6660	0.9709s	1.4622	0.6180	0.5651
115
0931	0.8382	0.9486	1.3580	0.6660	0.2551s	1.4587	0.6200	0.5684
116
0932	0.8339	0.9500	1.3563	0.6680	1.1128s	1.4557	0.6230	0.5705
117
0933	0.8477	0.9479	1.3549	0.6700	0.2795s	1.4551	0.6260	0.5718
118
0934	0.8276	0.9471	1.3556	0.6620	1.0447s	1.4553	0.6260	0.5718
119
0935	0.8454	0.9507	1.3545	0.6560	0.8850s	1.4535	0.6210	0.5680
120
0936	0.8259	0.9636	1.3525	0.6560	1.0298s	1.4511	0.6210	0.5748
121
0937	0.8297	0.9529	1.3497	0.6540	0.7905s	1.4510	0.6160	0.5715
122
0938	0.8205	0.9543	1.3457	0.6620	1.0183s	1.4512	0.6200	0.5770
123
0939	0.8314	0.9536	1.3452	0.6580	0.9911s	1.4541	0.6270	0.5838
124
0940	0.8346	0.9557	1.3468	0.6640	1.1490s	1.4577	0.6210	0.5788
125
0941	0.8311	0.9593	1.3491	0.6700	0.4685s	1.4597	0.6220	0.5675
126
0942	0.8249	0.9493	1.3513	0.6660	1.0658s	1.4622	0.6190	0.5663
127
0943	0.8315	0.9443	1.3513	0.6600	0.7130s	1.4621	0.6190	0.5647
128
0944	0.8437	0.9521	1.3532	0.6540	0.3469s	1.4635	0.6170	0.5631
129
0945	0.8452	0.9450	1.3545	0.6540	1.0772s	1.4652	0.6180	0.5658
130
0946	0.8541	0.9536	1.3561	0.6600	0.2573s	1.4656	0.6170	0.5658
131
0947	0.8402	0.9414	1.3547	0.6640	1.1268s	1.4631	0.6240	0.5731
132
0948	0.8296	0.9471	1.3546	0.6640	0.7508s	1.4618	0.6260	0.5752
133
0949	0.8250	0.9457	1.3520	0.6620	1.0824s	1.4613	0.6260	0.5836
134
0950	0.8283	0.9479	1.3500	0.6640	0.3399s	1.4603	0.6160	0.5712
135
0951	0.8442	0.9479	1.3495	0.6680	1.2494s	1.4609	0.6130	0.5707
136
0952	0.8261	0.9536	1.3507	0.6600	0.2800s	1.4613	0.6170	0.5747
137
0953	0.8301	0.9564	1.3520	0.6560	0.5269s	1.4612	0.6210	0.5786
138
0954	0.8357	0.9650	1.3534	0.6640	0.8039s	1.4596	0.6210	0.5756
139
0955	0.8472	0.9500	1.3568	0.6580	0.3261s	1.4588	0.6220	0.5743
140
0956	0.8523	0.9521	1.3589	0.6580	1.1428s	1.4579	0.6260	0.5716
141
0957	0.8416	0.9514	1.3607	0.6580	0.9422s	1.4584	0.6250	0.5721
142
0958	0.8340	0.9493	1.3615	0.6620	0.7393s	1.4585	0.6260	0.5742
143
0959	0.8196	0.9493	1.3590	0.6640	1.1504s	1.4576	0.6280	0.5781
144
0960	0.8412	0.9557	1.3572	0.6620	0.3485s	1.4584	0.6280	0.5802
145
0961	0.8441	0.9586	1.3531	0.6600	1.0985s	1.4590	0.6240	0.5742
146
0962	0.8369	0.9586	1.3496	0.6580	0.3994s	1.4576	0.6280	0.5748
147
0963	0.8369	0.9529	1.3467	0.6580	1.1550s	1.4553	0.6290	0.5750
148
0964	0.8461	0.9436	1.3481	0.6580	0.3407s	1.4537	0.6350	0.5784
149
0965	0.8352	0.9507	1.3528	0.6660	0.6617s	1.4527	0.6290	0.5712
150
0966	0.8352	0.9629	1.3565	0.6640	0.9242s	1.4528	0.6250	0.5766
151
0967	0.8334	0.9493	1.3588	0.6640	0.8862s	1.4543	0.6230	0.5668
152
0968	0.8289	0.9600	1.3596	0.6600	0.3673s	1.4554	0.6240	0.5689
153
0969	0.8384	0.9500	1.3591	0.6600	0.9514s	1.4564	0.6260	0.5704
154
0970	0.8269	0.9529	1.3561	0.6640	0.6491s	1.4560	0.6240	0.5691
155
0971	0.8394	0.9557	1.3525	0.6620	1.1724s	1.4557	0.6280	0.5740
156
0972	0.8420	0.9500	1.3518	0.6660	0.4545s	1.4566	0.6280	0.5736
157
0973	0.8375	0.9564	1.3546	0.6660	0.9804s	1.4584	0.6270	0.5730
158
0974	0.8349	0.9564	1.3557	0.6720	0.2578s	1.4570	0.6270	0.5743
159
0975	0.8434	0.9586	1.3505	0.6760	0.7527s	1.4519	0.6260	0.5742
160
0976	0.8459	0.9450	1.3454	0.6700	1.0132s	1.4474	0.6300	0.5716
161
0977	0.8355	0.9557	1.3459	0.6620	0.2524s	1.4483	0.6270	0.5693
162
0978	0.8153	0.9443	1.3515	0.6580	0.9170s	1.4541	0.6230	0.5740
163
0979	0.8246	0.9550	1.3538	0.6620	0.3318s	1.4563	0.6290	0.5768
164
0980	0.8459	0.9600	1.3545	0.6620	1.0831s	1.4591	0.6310	0.5785
165
0981	0.8370	0.9557	1.3523	0.6680	0.6704s	1.4589	0.6290	0.5759
166
0982	0.8488	0.9629	1.3503	0.6680	0.8784s	1.4583	0.6270	0.5709
167
0983	0.8327	0.9500	1.3501	0.6720	0.9950s	1.4578	0.6270	0.5716
168
0984	0.8320	0.9514	1.3496	0.6700	0.8984s	1.4552	0.6300	0.5757
169
0985	0.8423	0.9536	1.3510	0.6680	0.6397s	1.4542	0.6260	0.5693
170
0986	0.8398	0.9536	1.3557	0.6600	1.1321s	1.4581	0.6270	0.5767
171
0987	0.8340	0.9579	1.3609	0.6580	0.2810s	1.4653	0.6230	0.5710
172
0988	0.8339	0.9550	1.3611	0.6520	1.0899s	1.4707	0.6210	0.5684
173
0989	0.8424	0.9479	1.3577	0.6560	0.3439s	1.4692	0.6200	0.5660
174
0990	0.8340	0.9550	1.3535	0.6620	0.9053s	1.4648	0.6230	0.5675
175
0991	0.8395	0.9536	1.3496	0.6600	1.0044s	1.4582	0.6230	0.5667
176
0992	0.8549	0.9471	1.3467	0.6660	1.2700s	1.4497	0.6210	0.5635
177
0993	0.8320	0.9514	1.3482	0.6640	0.7036s	1.4456	0.6260	0.5783
178
0994	0.8318	0.9586	1.3526	0.6640	1.1515s	1.4462	0.6240	0.5708
179
0995	0.8373	0.9571	1.3574	0.6640	0.3373s	1.4493	0.6240	0.5741
180
0996	0.8431	0.9507	1.3612	0.6620	1.0049s	1.4570	0.6300	0.5802
181
0997	0.8395	0.9464	1.3609	0.6620	0.6069s	1.4625	0.6220	0.5722
182
0998	0.8187	0.9521	1.3565	0.6620	1.2846s	1.4624	0.6180	0.5687
183
0999	0.8357	0.9500	1.3498	0.6640	0.6803s	1.4559	0.6210	0.5765
184
1000	0.8479	0.9479	1.3478	0.6620	0.2495s	1.4507	0.6210	0.5755
185
1001	0.8312	0.9450	1.3488	0.6680	0.5505s	1.4491	0.6230	0.5771
186
1002	0.8530	0.9493	1.3537	0.6600	0.2570s	1.4529	0.6200	0.5728
187
1003	0.8317	0.9543	1.3567	0.6600	1.0838s	1.4564	0.6210	0.5694
188
1004	0.8386	0.9550	1.3609	0.6620	0.2841s	1.4656	0.6210	0.5700
189
1005	0.8452	0.9586	1.3657	0.6640	0.8356s	1.4747	0.6190	0.5642
190
1006	0.8393	0.9464	1.3694	0.6620	1.0133s	1.4804	0.6160	0.5621
191
1007	0.8350	0.9550	1.3666	0.6560	0.4431s	1.4773	0.6160	0.5588
192
1008	0.8371	0.9579	1.3593	0.6560	1.0295s	1.4692	0.6190	0.5682
193
1009	0.8196	0.9536	1.3512	0.6640	0.2961s	1.4581	0.6240	0.5721
194
1010	0.8438	0.9507	1.3467	0.6640	0.3540s	1.4510	0.6270	0.5763
195
1011	0.8304	0.9579	1.3423	0.6660	0.5179s	1.4441	0.6270	0.5735
196
1012	0.8323	0.9443	1.3441	0.6620	0.9676s	1.4430	0.6280	0.5748
197
1013	0.8245	0.9500	1.3534	0.6600	0.7131s	1.4479	0.6300	0.5767
198
1014	0.8479	0.9529	1.3660	0.6520	0.9834s	1.4578	0.6210	0.5754
199
Early stop! Min loss:1.3324946165084839,  Max accuracy:0.678
Early stop model validation loss:1.3324946165084839,  accuracy:0.666
Optimization Finished!
Total time elapsed: 766.7947s
test max acc:0.6380
Loading 683th epoch
stru_node_to_hop attention:tensor([[0.2500, 0.2500, 0.2500, 0.2500],
        [0.2500, 0.2500, 0.2500, 0.2500],
        [0.2500, 0.2500, 0.2500, 0.2500],
        [0.2500, 0.2500, 0.2500, 0.2500],
        [0.2500, 0.2500, 0.2500, 0.2500],
        [0.2500, 0.2500, 0.2500, 0.2500],
        [0.2500, 0.2500, 0.2500, 0.2500],
        [0.2500, 0.2500, 0.2500, 0.2500],
        [0.2500, 0.2500, 0.2500, 0.2500],
        [0.2500, 0.2500, 0.2500, 0.2500],
        [0.2500, 0.2500, 0.2500, 0.2500],
        [0.2500, 0.2500, 0.2500, 0.2500],
        [0.2500, 0.2500, 0.2500, 0.2500],
        [0.2500, 0.2500, 0.2500, 0.2500],
        [0.2500, 0.2500, 0.2500, 0.2500],
        [0.2500, 0.2500, 0.2500, 0.2500],
        [0.2500, 0.2500, 0.2500, 0.2500],
        [0.2500, 0.2500, 0.2500, 0.2500],
        [0.2500, 0.2500, 0.2500, 0.2500],
        [0.2500, 0.2500, 0.2500, 0.2500],
        [0.2500, 0.2500, 0.2500, 0.2500],
        [0.2500, 0.2500, 0.2500, 0.2500],
        [0.2500, 0.2500, 0.2500, 0.2500],
        [0.2500, 0.2500, 0.2500, 0.2500],
        [0.2500, 0.2500, 0.2500, 0.2500],
        [0.2500, 0.2500, 0.2500, 0.2500],
        [0.2500, 0.2500, 0.2500, 0.2500],
        [0.2500, 0.2500, 0.2500, 0.2500],
        [0.2500, 0.2500, 0.2500, 0.2500],
        [0.2500, 0.2500, 0.2500, 0.2500],
        [0.2500, 0.2500, 0.2500, 0.2500],
        [0.2500, 0.2500, 0.2500, 0.2500],
        [0.2500, 0.2500, 0.2500, 0.2500],
        [0.2500, 0.2500, 0.2500, 0.2500],
        [0.2500, 0.2500, 0.2500, 0.2500],
        [0.2500, 0.2500, 0.2500, 0.2500],
        [0.2500, 0.2500, 0.2500, 0.2500],
        [0.2500, 0.2500, 0.2500, 0.2500],
        [0.2500, 0.2500, 0.2500, 0.2500],
        [0.2500, 0.2500, 0.2500, 0.2500],
        [0.2500, 0.2500, 0.2500, 0.2500],
        [0.2500, 0.2500, 0.2500, 0.2500],
        [0.2500, 0.2500, 0.2500, 0.2500],
        [0.2500, 0.2500, 0.2500, 0.2500],
        [0.2500, 0.2500, 0.2500, 0.2500],
        [0.2500, 0.2500, 0.2500, 0.2500],
        [0.2500, 0.2500, 0.2500, 0.2500],
        [0.2500, 0.2500, 0.2500, 0.2500],
        [0.2500, 0.2500, 0.2500, 0.2500],
        [0.2500, 0.2500, 0.2500, 0.2500],
        [0.2500, 0.2500, 0.2500, 0.2500],
        [0.2500, 0.2500, 0.2500, 0.2500],
        [0.2500, 0.2500, 0.2500, 0.2500],
        [0.2500, 0.2500, 0.2500, 0.2500],
        [0.2500, 0.2500, 0.2500, 0.2500],
        [0.2500, 0.2500, 0.2500, 0.2500],
        [0.2500, 0.2500, 0.2500, 0.2500],
        [0.2500, 0.2500, 0.2500, 0.2500],
        [0.2500, 0.2500, 0.2500, 0.2500],
        [0.2500, 0.2500, 0.2500, 0.2500],
        [0.2500, 0.2500, 0.2500, 0.2500],
        [0.2500, 0.2500, 0.2500, 0.2500],
        [0.2500, 0.2500, 0.2500, 0.2500],
        [0.2500, 0.2500, 0.2500, 0.2500],
        [0.2500, 0.2500, 0.2500, 0.2500],
        [0.2500, 0.2500, 0.2500, 0.2500],
        [0.2500, 0.2500, 0.2500, 0.2500],
        [0.2500, 0.2500, 0.2500, 0.2500],
        [0.2500, 0.2500, 0.2500, 0.2500],
        [0.2500, 0.2500, 0.2500, 0.2500],
        [0.2500, 0.2500, 0.2500, 0.2500],
        [0.2500, 0.2500, 0.2500, 0.2500],
        [0.2500, 0.2500, 0.2500, 0.2500],
        [0.2500, 0.2500, 0.2500, 0.2500],
        [0.2500, 0.2500, 0.2500, 0.2500],
        [0.2500, 0.2500, 0.2500, 0.2500],
        [0.2500, 0.2500, 0.2500, 0.2500],
        [0.2500, 0.2500, 0.2500, 0.2500],
        [0.2500, 0.2500, 0.2500, 0.2500],
        [0.2500, 0.2500, 0.2500, 0.2500],
        [0.2500, 0.2500, 0.2500, 0.2500],
        [0.2500, 0.2500, 0.2500, 0.2500],
        [0.2500, 0.2500, 0.2500, 0.2500],
        [0.2500, 0.2500, 0.2500, 0.2500],
        [0.2500, 0.2500, 0.2500, 0.2500],
        [0.2500, 0.2500, 0.2500, 0.2500],
        [0.2500, 0.2500, 0.2500, 0.2500],
        [0.2500, 0.2500, 0.2500, 0.2500],
        [0.2500, 0.2500, 0.2500, 0.2500],
        [0.2500, 0.2500, 0.2500, 0.2500],
        [0.2500, 0.2500, 0.2500, 0.2500],
        [0.2500, 0.2500, 0.2500, 0.2500],
        [0.2500, 0.2500, 0.2500, 0.2500],
        [0.2500, 0.2500, 0.2500, 0.2500],
        [0.2500, 0.2500, 0.2500, 0.2500],
        [0.2500, 0.2500, 0.2500, 0.2500],
        [0.2500, 0.2500, 0.2500, 0.2500],
        [0.2500, 0.2500, 0.2500, 0.2500],
        [0.2500, 0.2500, 0.2500, 0.2500],
        [0.2500, 0.2500, 0.2500, 0.2500]], device='cuda:7')
fea_node_to_hop attention:tensor([[0.2500, 0.2500, 0.2500, 0.2500],
        [0.2500, 0.2500, 0.2500, 0.2500],
        [0.2500, 0.2500, 0.2500, 0.2500],
        [0.2500, 0.2500, 0.2500, 0.2500],
        [0.2500, 0.2500, 0.2500, 0.2500],
        [0.2500, 0.2500, 0.2500, 0.2500],
        [0.2500, 0.2500, 0.2500, 0.2500],
        [0.2500, 0.2500, 0.2500, 0.2500],
        [0.2500, 0.2500, 0.2500, 0.2500],
        [0.2500, 0.2500, 0.2500, 0.2500],
        [0.2500, 0.2500, 0.2500, 0.2500],
        [0.2500, 0.2500, 0.2500, 0.2500],
        [0.2500, 0.2500, 0.2500, 0.2500],
        [0.2500, 0.2500, 0.2500, 0.2500],
        [0.2500, 0.2500, 0.2500, 0.2500],
        [0.2500, 0.2500, 0.2500, 0.2500],
        [0.2500, 0.2500, 0.2500, 0.2500],
        [0.2500, 0.2500, 0.2500, 0.2500],
        [0.2500, 0.2500, 0.2500, 0.2500],
        [0.2500, 0.2500, 0.2500, 0.2500],
        [0.2500, 0.2500, 0.2500, 0.2500],
        [0.2500, 0.2500, 0.2500, 0.2500],
        [0.2500, 0.2500, 0.2500, 0.2500],
        [0.2500, 0.2500, 0.2500, 0.2500],
        [0.2500, 0.2500, 0.2500, 0.2500],
        [0.2500, 0.2500, 0.2500, 0.2500],
        [0.2500, 0.2500, 0.2500, 0.2500],
        [0.2500, 0.2500, 0.2500, 0.2500],
        [0.2500, 0.2500, 0.2500, 0.2500],
        [0.2500, 0.2500, 0.2500, 0.2500],
        [0.2500, 0.2500, 0.2500, 0.2500],
        [0.2500, 0.2500, 0.2500, 0.2500],
        [0.2500, 0.2500, 0.2500, 0.2500],
        [0.2500, 0.2500, 0.2500, 0.2500],
        [0.2500, 0.2500, 0.2500, 0.2500],
        [0.2500, 0.2500, 0.2500, 0.2500],
        [0.2500, 0.2500, 0.2500, 0.2500],
        [0.2500, 0.2500, 0.2500, 0.2500],
        [0.2500, 0.2500, 0.2500, 0.2500],
        [0.2500, 0.2500, 0.2500, 0.2500],
        [0.2500, 0.2500, 0.2500, 0.2500],
        [0.2500, 0.2500, 0.2500, 0.2500],
        [0.2500, 0.2500, 0.2500, 0.2500],
        [0.2500, 0.2500, 0.2500, 0.2500],
        [0.2500, 0.2500, 0.2500, 0.2500],
        [0.2500, 0.2500, 0.2500, 0.2500],
        [0.2500, 0.2500, 0.2500, 0.2500],
        [0.2500, 0.2500, 0.2500, 0.2500],
        [0.2500, 0.2500, 0.2500, 0.2500],
        [0.2500, 0.2500, 0.2500, 0.2500],
        [0.2500, 0.2500, 0.2500, 0.2500],
        [0.2500, 0.2500, 0.2500, 0.2500],
        [0.2500, 0.2500, 0.2500, 0.2500],
        [0.2500, 0.2500, 0.2500, 0.2500],
        [0.2500, 0.2500, 0.2500, 0.2500],
        [0.2500, 0.2500, 0.2500, 0.2500],
        [0.2500, 0.2500, 0.2500, 0.2500],
        [0.2500, 0.2500, 0.2500, 0.2500],
        [0.2500, 0.2500, 0.2500, 0.2500],
        [0.2500, 0.2500, 0.2500, 0.2500],
        [0.2500, 0.2500, 0.2500, 0.2500],
        [0.2500, 0.2500, 0.2500, 0.2500],
        [0.2500, 0.2500, 0.2500, 0.2500],
        [0.2500, 0.2500, 0.2500, 0.2500],
        [0.2500, 0.2500, 0.2500, 0.2500],
        [0.2500, 0.2500, 0.2500, 0.2500],
        [0.2500, 0.2500, 0.2500, 0.2500],
        [0.2500, 0.2500, 0.2500, 0.2500],
        [0.2500, 0.2500, 0.2500, 0.2500],
        [0.2500, 0.2500, 0.2500, 0.2500],
        [0.2500, 0.2500, 0.2500, 0.2500],
        [0.2500, 0.2500, 0.2500, 0.2500],
        [0.2500, 0.2500, 0.2500, 0.2500],
        [0.2500, 0.2500, 0.2500, 0.2500],
        [0.2500, 0.2500, 0.2500, 0.2500],
        [0.2500, 0.2500, 0.2500, 0.2500],
        [0.2500, 0.2500, 0.2500, 0.2500],
        [0.2500, 0.2500, 0.2500, 0.2500],
        [0.2500, 0.2500, 0.2500, 0.2500],
        [0.2500, 0.2500, 0.2500, 0.2500],
        [0.2500, 0.2500, 0.2500, 0.2500],
        [0.2500, 0.2500, 0.2500, 0.2500],
        [0.2500, 0.2500, 0.2500, 0.2500],
        [0.2500, 0.2500, 0.2500, 0.2500],
        [0.2500, 0.2500, 0.2500, 0.2500],
        [0.2500, 0.2500, 0.2500, 0.2500],
        [0.2500, 0.2500, 0.2500, 0.2500],
        [0.2500, 0.2500, 0.2500, 0.2500],
        [0.2500, 0.2500, 0.2500, 0.2500],
        [0.2500, 0.2500, 0.2500, 0.2500],
        [0.2500, 0.2500, 0.2500, 0.2500],
        [0.2500, 0.2500, 0.2500, 0.2500],
        [0.2500, 0.2500, 0.2500, 0.2500],
        [0.2500, 0.2500, 0.2500, 0.2500],
        [0.2500, 0.2500, 0.2500, 0.2500],
        [0.2500, 0.2500, 0.2500, 0.2500],
        [0.2500, 0.2500, 0.2500, 0.2500],
        [0.2500, 0.2500, 0.2500, 0.2500],
        [0.2500, 0.2500, 0.2500, 0.2500],
        [0.2500, 0.2500, 0.2500, 0.2500]], device='cuda:7')
perception attention:tensor([0.9975, 0.0025], device='cuda:7')
Test set results: loss= 1.4548 accuracy= 0.6190 F1_score= 0.5617
