# epoch	loss_train	acc_train	loss_val	acc_val	time	acc_test	f1_test
0001	4.2490	0.0150	4.2409	0.0160	0.8855s	4.2424	0.0100	0.0039
0
0002	4.2349	0.0514	4.2225	0.2020	1.0695s	4.2251	0.1660	0.0985
0
0003	4.2085	0.2536	4.1949	0.2260	0.9008s	4.1986	0.1920	0.1438
0
0004	4.1727	0.2750	4.1543	0.2080	0.2671s	4.1586	0.1700	0.1357
0
0005	4.1234	0.2443	4.0971	0.1880	0.3914s	4.1016	0.1640	0.1299
0
0006	4.0525	0.2414	4.0224	0.1940	0.9188s	4.0268	0.1650	0.1229
0
0007	3.9637	0.2729	3.9298	0.2200	0.7852s	3.9339	0.1920	0.1376
0
0008	3.8526	0.3050	3.8221	0.2440	0.9880s	3.8253	0.2180	0.1771
0
0009	3.7281	0.3450	3.6995	0.2620	0.7831s	3.7018	0.2500	0.2128
0
0010	3.5876	0.3971	3.5659	0.3100	0.9537s	3.5678	0.2750	0.2393
0
0011	3.4270	0.4386	3.4252	0.3500	0.9859s	3.4274	0.3150	0.2887
0
0012	3.2720	0.4757	3.2804	0.3820	0.2735s	3.2831	0.3490	0.3313
0
0013	3.1050	0.5400	3.1336	0.4140	0.8449s	3.1375	0.3880	0.3665
0
0014	2.9527	0.5757	2.9874	0.4340	0.9005s	2.9942	0.4380	0.4027
0
0015	2.7954	0.6043	2.8430	0.4700	0.5017s	2.8538	0.4720	0.4228
0
0016	2.6516	0.6279	2.6999	0.4800	0.7450s	2.7163	0.4880	0.4302
0
0017	2.5044	0.6436	2.5611	0.5000	0.9022s	2.5848	0.4950	0.4396
0
0018	2.3880	0.6571	2.4311	0.5080	0.4113s	2.4625	0.5110	0.4673
0
0019	2.2629	0.6686	2.3128	0.5200	0.5040s	2.3520	0.5210	0.4784
0
0020	2.1439	0.6886	2.2041	0.5440	1.0841s	2.2523	0.5230	0.4781
0
0021	2.0298	0.6979	2.1127	0.5520	1.0109s	2.1686	0.5290	0.4848
0
0022	1.9134	0.7036	2.0371	0.5580	1.0310s	2.0968	0.5360	0.4894
0
0023	1.8322	0.7464	1.9740	0.5700	0.3645s	2.0367	0.5500	0.5000
0
0024	1.7270	0.7664	1.9209	0.5780	0.7822s	1.9847	0.5540	0.4986
0
0025	1.6510	0.7657	1.8736	0.5800	1.0582s	1.9379	0.5580	0.5016
0
0026	1.5838	0.7864	1.8297	0.5840	0.8523s	1.8951	0.5630	0.5088
0
0027	1.5156	0.7986	1.7901	0.6000	0.8076s	1.8572	0.5640	0.5048
0
0028	1.4434	0.8157	1.7557	0.5960	0.4910s	1.8241	0.5660	0.5029
0
0029	1.4181	0.8279	1.7263	0.5940	1.0427s	1.7947	0.5680	0.5064
0
0030	1.3680	0.8307	1.7020	0.6000	0.2842s	1.7708	0.5760	0.5147
0
0031	1.3459	0.8414	1.6832	0.6080	1.2121s	1.7515	0.5750	0.5103
0
0032	1.3117	0.8421	1.6701	0.6100	0.5761s	1.7376	0.5810	0.5208
0
0033	1.2670	0.8764	1.6571	0.6120	0.9979s	1.7247	0.5860	0.5241
0
0034	1.2312	0.8629	1.6450	0.6080	0.6010s	1.7142	0.5890	0.5242
0
0035	1.2231	0.8721	1.6316	0.6080	0.6835s	1.7014	0.5880	0.5246
0
0036	1.1905	0.8843	1.6176	0.6160	0.9551s	1.6867	0.5890	0.5284
0
0037	1.1635	0.8929	1.6023	0.6180	1.1213s	1.6722	0.5900	0.5240
0
0038	1.1593	0.8886	1.5875	0.6120	0.4040s	1.6610	0.5880	0.5218
0
0039	1.1403	0.8900	1.5781	0.6120	0.7921s	1.6527	0.5890	0.5267
0
0040	1.1237	0.8979	1.5718	0.6200	0.7069s	1.6478	0.5930	0.5306
0
0041	1.1044	0.8914	1.5687	0.6160	0.9541s	1.6441	0.6010	0.5465
0
0042	1.0939	0.8907	1.5665	0.6160	0.5232s	1.6381	0.6090	0.5563
0
0043	1.0802	0.9093	1.5600	0.6240	1.0947s	1.6284	0.6050	0.5514
0
0044	1.0767	0.9107	1.5523	0.6260	0.3386s	1.6193	0.6070	0.5518
0
0045	1.0651	0.9057	1.5435	0.6180	1.1228s	1.6111	0.6060	0.5479
0
0046	1.0673	0.8900	1.5332	0.6260	0.3434s	1.6034	0.6000	0.5405
0
0047	1.0308	0.9021	1.5250	0.6320	0.7859s	1.5996	0.6010	0.5414
0
0048	1.0397	0.9243	1.5198	0.6360	0.4484s	1.5971	0.6030	0.5424
0
0049	1.0216	0.9193	1.5138	0.6400	0.5864s	1.5927	0.6080	0.5500
0
0050	1.0109	0.9221	1.5143	0.6360	1.0066s	1.5907	0.6080	0.5561
0
0051	1.0181	0.9193	1.5170	0.6340	1.2284s	1.5900	0.6090	0.5589
1
0052	0.9956	0.9214	1.5191	0.6380	0.6984s	1.5893	0.6070	0.5567
2
0053	1.0055	0.9107	1.5187	0.6240	1.0349s	1.5873	0.6060	0.5554
3
0054	1.0147	0.9257	1.5164	0.6200	0.3013s	1.5846	0.6130	0.5602
4
0055	0.9893	0.9329	1.5095	0.6220	0.9335s	1.5789	0.6140	0.5617
5
0056	0.9876	0.9250	1.5020	0.6300	0.4164s	1.5752	0.6180	0.5686
0
0057	0.9838	0.9364	1.4956	0.6400	0.6019s	1.5696	0.6130	0.5611
0
0058	0.9918	0.9214	1.4896	0.6400	1.2527s	1.5634	0.6140	0.5634
0
0059	0.9931	0.9200	1.4883	0.6480	0.2598s	1.5597	0.6090	0.5535
0
0060	1.0019	0.9300	1.4896	0.6440	1.0388s	1.5593	0.6090	0.5580
0
0061	0.9732	0.9257	1.4901	0.6380	0.4908s	1.5595	0.6070	0.5559
1
0062	0.9861	0.9164	1.4876	0.6380	0.9602s	1.5570	0.6130	0.5616
2
0063	0.9775	0.9371	1.4851	0.6400	0.5644s	1.5533	0.6070	0.5587
0
0064	0.9840	0.9314	1.4771	0.6380	0.8001s	1.5451	0.6140	0.5636
0
0065	0.9759	0.9264	1.4668	0.6460	0.8708s	1.5357	0.6130	0.5587
0
0066	0.9790	0.9343	1.4603	0.6420	0.5299s	1.5317	0.6150	0.5613
0
0067	0.9670	0.9236	1.4569	0.6420	1.0711s	1.5322	0.6170	0.5635
0
0068	0.9662	0.9257	1.4557	0.6540	1.0084s	1.5327	0.6120	0.5599
0
0069	0.9622	0.9400	1.4561	0.6540	0.3390s	1.5346	0.6110	0.5598
0
0070	0.9810	0.9193	1.4559	0.6360	0.2523s	1.5335	0.6110	0.5628
0
0071	0.9779	0.9321	1.4549	0.6280	1.2259s	1.5306	0.6210	0.5722
1
0072	0.9656	0.9300	1.4538	0.6300	0.5443s	1.5266	0.6180	0.5675
0
0073	0.9603	0.9350	1.4510	0.6320	0.7823s	1.5208	0.6220	0.5758
0
0074	0.9639	0.9414	1.4489	0.6340	0.9422s	1.5157	0.6210	0.5747
0
0075	0.9697	0.9271	1.4461	0.6360	0.9991s	1.5125	0.6200	0.5751
0
0076	0.9464	0.9257	1.4449	0.6400	1.1460s	1.5145	0.6170	0.5704
0
0077	0.9569	0.9186	1.4426	0.6380	0.9264s	1.5156	0.6160	0.5700
0
0078	0.9505	0.9314	1.4398	0.6400	0.8115s	1.5156	0.6140	0.5708
0
0079	0.9721	0.9400	1.4372	0.6340	0.8350s	1.5128	0.6140	0.5731
0
0080	0.9488	0.9407	1.4335	0.6380	0.9637s	1.5084	0.6160	0.5669
0
0081	0.9416	0.9279	1.4335	0.6360	0.3595s	1.5067	0.6170	0.5672
0
0082	0.9368	0.9407	1.4341	0.6360	1.1673s	1.5049	0.6160	0.5657
1
0083	0.9484	0.9336	1.4333	0.6520	0.3578s	1.5034	0.6170	0.5634
2
0084	0.9366	0.9264	1.4300	0.6520	0.9127s	1.4995	0.6130	0.5671
0
0085	0.9400	0.9321	1.4242	0.6520	0.3509s	1.4950	0.6180	0.5730
0
0086	0.9379	0.9414	1.4191	0.6600	1.0598s	1.4921	0.6160	0.5730
0
0087	0.9446	0.9414	1.4197	0.6500	0.2641s	1.4940	0.6180	0.5760
0
0088	0.9311	0.9393	1.4218	0.6480	0.9798s	1.4957	0.6230	0.5782
1
0089	0.9345	0.9471	1.4257	0.6440	1.1336s	1.4986	0.6250	0.5821
2
0090	0.9283	0.9400	1.4260	0.6420	0.3040s	1.4974	0.6180	0.5750
3
0091	0.9287	0.9536	1.4210	0.6440	0.8634s	1.4943	0.6170	0.5731
4
0092	0.9238	0.9421	1.4150	0.6500	0.8025s	1.4897	0.6140	0.5690
5
0093	0.9455	0.9443	1.4087	0.6600	0.3050s	1.4834	0.6190	0.5748
0
0094	0.9189	0.9286	1.4045	0.6580	1.0780s	1.4802	0.6230	0.5808
0
0095	0.9054	0.9386	1.4048	0.6600	0.8640s	1.4800	0.6270	0.5830
0
0096	0.9386	0.9364	1.4068	0.6540	0.3349s	1.4817	0.6250	0.5800
0
0097	0.9172	0.9407	1.4075	0.6580	1.0932s	1.4840	0.6270	0.5808
1
0098	0.9477	0.9343	1.4083	0.6540	0.7024s	1.4866	0.6220	0.5756
2
0099	0.9259	0.9364	1.4054	0.6460	0.2766s	1.4852	0.6210	0.5758
3
0100	0.9282	0.9471	1.4015	0.6520	0.5977s	1.4826	0.6210	0.5747
4
0101	0.9139	0.9407	1.4001	0.6600	1.1774s	1.4820	0.6200	0.5748
0
0102	0.9221	0.9329	1.3989	0.6640	0.3769s	1.4815	0.6210	0.5774
0
0103	0.9285	0.9336	1.4031	0.6640	1.1614s	1.4861	0.6170	0.5739
0
0104	0.9155	0.9350	1.4058	0.6560	0.4340s	1.4889	0.6130	0.5672
0
0105	0.9092	0.9414	1.4038	0.6520	1.1726s	1.4869	0.6180	0.5735
1
0106	0.9165	0.9343	1.3989	0.6540	0.3167s	1.4811	0.6270	0.5854
2
0107	0.9162	0.9286	1.3949	0.6560	0.4440s	1.4763	0.6240	0.5830
0
0108	0.8994	0.9507	1.3905	0.6580	0.9407s	1.4722	0.6250	0.5842
0
0109	0.8971	0.9421	1.3878	0.6640	1.1546s	1.4717	0.6230	0.5808
0
0110	0.8987	0.9507	1.3870	0.6600	0.7722s	1.4742	0.6200	0.5725
0
0111	0.9104	0.9493	1.3873	0.6540	0.9587s	1.4758	0.6150	0.5683
0
0112	0.8922	0.9407	1.3903	0.6460	0.4841s	1.4760	0.6200	0.5745
1
0113	0.8942	0.9486	1.3925	0.6520	0.9754s	1.4752	0.6260	0.5815
2
0114	0.9050	0.9450	1.3902	0.6500	0.7540s	1.4733	0.6250	0.5823
3
0115	0.9023	0.9464	1.3896	0.6540	0.9252s	1.4734	0.6260	0.5838
4
0116	0.8923	0.9443	1.3861	0.6600	0.6849s	1.4729	0.6230	0.5803
5
0117	0.8966	0.9400	1.3841	0.6640	1.0780s	1.4712	0.6190	0.5779
0
0118	0.8910	0.9543	1.3828	0.6540	0.9385s	1.4682	0.6190	0.5754
0
0119	0.8947	0.9379	1.3815	0.6580	1.2155s	1.4636	0.6170	0.5718
0
0120	0.8871	0.9514	1.3804	0.6600	0.3727s	1.4602	0.6200	0.5744
0
0121	0.8980	0.9429	1.3787	0.6580	1.1380s	1.4592	0.6230	0.5777
0
0122	0.9025	0.9407	1.3742	0.6560	0.8587s	1.4586	0.6220	0.5788
0
0123	0.8835	0.9343	1.3684	0.6640	0.3167s	1.4581	0.6220	0.5792
0
0124	0.8850	0.9479	1.3666	0.6640	1.1422s	1.4618	0.6200	0.5779
0
0125	0.8852	0.9293	1.3674	0.6660	0.9141s	1.4628	0.6240	0.5796
0
0126	0.8733	0.9614	1.3721	0.6680	1.0226s	1.4646	0.6250	0.5800
0
0127	0.8931	0.9507	1.3767	0.6640	0.4344s	1.4641	0.6230	0.5803
0
0128	0.8848	0.9464	1.3820	0.6600	0.8301s	1.4645	0.6190	0.5762
1
0129	0.8767	0.9514	1.3850	0.6620	0.8710s	1.4646	0.6260	0.5855
2
0130	0.8754	0.9421	1.3879	0.6560	0.4013s	1.4660	0.6250	0.5851
3
0131	0.8898	0.9421	1.3844	0.6540	1.3279s	1.4661	0.6250	0.5868
4
0132	0.8707	0.9471	1.3771	0.6600	0.2855s	1.4653	0.6220	0.5806
5
0133	0.8722	0.9386	1.3684	0.6580	0.6914s	1.4625	0.6240	0.5821
6
0134	0.8787	0.9479	1.3644	0.6540	1.0932s	1.4621	0.6250	0.5781
7
0135	0.8758	0.9414	1.3647	0.6620	0.5370s	1.4638	0.6270	0.5784
0
0136	0.8769	0.9450	1.3657	0.6640	1.0455s	1.4643	0.6260	0.5790
1
0137	0.8734	0.9436	1.3708	0.6600	1.0340s	1.4652	0.6240	0.5767
2
0138	0.8694	0.9529	1.3788	0.6560	1.0393s	1.4654	0.6230	0.5808
3
0139	0.8587	0.9500	1.3853	0.6540	0.2920s	1.4653	0.6230	0.5788
4
0140	0.8886	0.9400	1.3844	0.6540	0.7578s	1.4649	0.6260	0.5806
5
0141	0.8778	0.9521	1.3762	0.6680	0.9199s	1.4611	0.6210	0.5757
6
0142	0.8818	0.9429	1.3678	0.6640	0.8264s	1.4570	0.6250	0.5776
0
0143	0.8766	0.9450	1.3611	0.6580	0.9884s	1.4537	0.6240	0.5735
1
0144	0.8797	0.9500	1.3593	0.6620	0.5273s	1.4511	0.6230	0.5707
0
0145	0.8745	0.9564	1.3617	0.6600	0.5418s	1.4509	0.6200	0.5716
0
0146	0.8550	0.9500	1.3652	0.6620	1.0751s	1.4521	0.6180	0.5724
1
0147	0.8593	0.9514	1.3685	0.6600	0.3190s	1.4571	0.6180	0.5764
2
0148	0.8680	0.9443	1.3707	0.6640	1.1450s	1.4621	0.6170	0.5678
3
0149	0.8825	0.9457	1.3661	0.6680	0.9351s	1.4637	0.6220	0.5819
4
0150	0.8728	0.9436	1.3622	0.6760	0.2494s	1.4617	0.6260	0.5830
0
0151	0.8685	0.9471	1.3597	0.6700	1.2202s	1.4575	0.6300	0.5851
0
0152	0.8634	0.9486	1.3588	0.6640	0.3579s	1.4559	0.6290	0.5841
1
0153	0.8582	0.9571	1.3568	0.6620	1.0902s	1.4552	0.6290	0.5743
0
0154	0.8755	0.9464	1.3570	0.6660	0.4556s	1.4566	0.6220	0.5666
0
0155	0.8641	0.9414	1.3598	0.6600	0.7096s	1.4595	0.6200	0.5654
1
0156	0.8645	0.9407	1.3611	0.6560	0.7579s	1.4595	0.6250	0.5823
2
0157	0.8652	0.9514	1.3611	0.6600	1.0651s	1.4582	0.6240	0.5815
3
0158	0.8838	0.9443	1.3620	0.6640	0.2977s	1.4586	0.6240	0.5797
4
0159	0.8632	0.9514	1.3616	0.6660	0.9869s	1.4586	0.6240	0.5803
5
0160	0.8780	0.9464	1.3637	0.6640	0.9060s	1.4606	0.6210	0.5779
6
0161	0.8856	0.9536	1.3669	0.6620	0.4706s	1.4635	0.6240	0.5692
7
0162	0.8603	0.9550	1.3691	0.6640	1.1770s	1.4635	0.6250	0.5711
8
0163	0.8843	0.9443	1.3726	0.6640	0.3868s	1.4632	0.6240	0.5687
9
0164	0.8800	0.9414	1.3730	0.6580	0.6893s	1.4643	0.6240	0.5684
10
0165	0.8677	0.9557	1.3705	0.6640	0.9527s	1.4649	0.6230	0.5760
11
0166	0.8666	0.9400	1.3655	0.6640	0.6589s	1.4610	0.6170	0.5699
12
0167	0.8686	0.9486	1.3622	0.6620	0.9636s	1.4599	0.6200	0.5745
13
0168	0.8762	0.9436	1.3626	0.6620	0.2642s	1.4601	0.6250	0.5791
14
0169	0.8744	0.9407	1.3640	0.6620	0.8894s	1.4617	0.6280	0.5807
15
0170	0.8714	0.9529	1.3682	0.6640	0.9897s	1.4665	0.6270	0.5821
16
0171	0.8721	0.9450	1.3704	0.6660	0.8948s	1.4671	0.6250	0.5836
17
0172	0.8614	0.9421	1.3698	0.6720	0.9545s	1.4653	0.6270	0.5840
18
0173	0.8741	0.9400	1.3680	0.6680	0.3155s	1.4601	0.6270	0.5816
19
0174	0.8475	0.9514	1.3661	0.6620	0.6969s	1.4566	0.6290	0.5813
20
0175	0.8707	0.9407	1.3654	0.6600	1.0297s	1.4547	0.6260	0.5792
21
0176	0.8673	0.9436	1.3651	0.6580	0.8234s	1.4542	0.6240	0.5777
22
0177	0.8598	0.9464	1.3638	0.6620	0.7146s	1.4541	0.6210	0.5713
23
0178	0.8671	0.9486	1.3615	0.6600	0.8731s	1.4524	0.6270	0.5797
24
0179	0.8773	0.9443	1.3595	0.6600	0.5459s	1.4532	0.6270	0.5806
25
0180	0.8636	0.9543	1.3623	0.6620	1.0431s	1.4574	0.6240	0.5802
26
0181	0.8569	0.9450	1.3639	0.6680	0.2713s	1.4599	0.6200	0.5765
27
0182	0.8502	0.9521	1.3638	0.6640	1.3198s	1.4619	0.6220	0.5794
28
0183	0.8830	0.9593	1.3640	0.6620	0.3790s	1.4632	0.6220	0.5807
29
0184	0.8749	0.9464	1.3638	0.6600	0.7683s	1.4609	0.6210	0.5793
30
0185	0.8657	0.9500	1.3617	0.6660	0.9531s	1.4566	0.6270	0.5808
31
0186	0.8591	0.9564	1.3609	0.6740	1.0364s	1.4537	0.6260	0.5793
32
0187	0.8551	0.9479	1.3589	0.6660	0.7429s	1.4512	0.6250	0.5782
33
0188	0.8650	0.9479	1.3595	0.6660	0.9713s	1.4525	0.6240	0.5765
34
0189	0.8707	0.9507	1.3590	0.6680	0.2705s	1.4545	0.6270	0.5805
35
0190	0.8725	0.9479	1.3613	0.6700	1.2078s	1.4572	0.6270	0.5806
36
0191	0.8731	0.9364	1.3612	0.6700	0.3925s	1.4583	0.6260	0.5795
37
0192	0.8654	0.9521	1.3600	0.6720	1.0688s	1.4562	0.6270	0.5825
38
0193	0.8580	0.9529	1.3631	0.6640	0.3846s	1.4565	0.6260	0.5832
39
0194	0.8626	0.9486	1.3693	0.6600	0.5085s	1.4595	0.6290	0.5906
40
0195	0.8628	0.9471	1.3757	0.6580	1.2029s	1.4641	0.6240	0.5817
41
0196	0.8591	0.9543	1.3776	0.6500	0.2538s	1.4651	0.6220	0.5800
42
0197	0.8795	0.9429	1.3712	0.6560	0.9257s	1.4623	0.6220	0.5716
43
0198	0.8456	0.9571	1.3642	0.6600	0.8687s	1.4597	0.6230	0.5701
44
0199	0.8710	0.9486	1.3568	0.6620	0.2517s	1.4559	0.6280	0.5745
45
0200	0.8578	0.9586	1.3549	0.6600	0.7806s	1.4544	0.6330	0.5785
0
0201	0.8607	0.9464	1.3597	0.6580	0.9032s	1.4557	0.6260	0.5745
0
0202	0.8577	0.9457	1.3682	0.6500	0.7954s	1.4592	0.6290	0.5841
1
0203	0.8660	0.9414	1.3749	0.6540	1.0731s	1.4626	0.6270	0.5798
2
0204	0.8491	0.9543	1.3753	0.6500	0.2519s	1.4624	0.6310	0.5860
3
0205	0.8543	0.9407	1.3686	0.6500	1.0451s	1.4556	0.6300	0.5854
4
0206	0.8576	0.9479	1.3590	0.6580	0.5270s	1.4470	0.6360	0.5862
5
0207	0.8583	0.9550	1.3540	0.6680	0.9941s	1.4440	0.6360	0.5865
6
0208	0.8542	0.9457	1.3512	0.6720	0.8708s	1.4431	0.6300	0.5798
0
0209	0.8642	0.9464	1.3531	0.6720	0.8557s	1.4460	0.6240	0.5773
0
0210	0.8492	0.9536	1.3580	0.6620	1.0369s	1.4522	0.6280	0.5808
1
0211	0.8716	0.9464	1.3643	0.6560	0.4975s	1.4574	0.6270	0.5799
2
0212	0.8552	0.9493	1.3679	0.6580	1.0512s	1.4594	0.6340	0.5871
3
0213	0.8540	0.9550	1.3674	0.6580	0.5916s	1.4597	0.6270	0.5817
4
0214	0.8500	0.9457	1.3638	0.6640	0.7130s	1.4586	0.6260	0.5736
5
0215	0.8630	0.9443	1.3576	0.6760	1.1579s	1.4538	0.6290	0.5807
6
0216	0.8596	0.9586	1.3557	0.6740	0.3925s	1.4513	0.6240	0.5779
0
0217	0.8594	0.9557	1.3528	0.6600	1.0139s	1.4454	0.6220	0.5731
1
0218	0.8671	0.9500	1.3555	0.6580	0.8310s	1.4453	0.6240	0.5796
2
0219	0.8571	0.9493	1.3596	0.6520	0.8804s	1.4463	0.6260	0.5808
3
0220	0.8619	0.9464	1.3638	0.6560	1.1170s	1.4497	0.6250	0.5786
4
0221	0.8659	0.9379	1.3648	0.6580	0.2691s	1.4536	0.6310	0.5833
5
0222	0.8664	0.9536	1.3620	0.6640	0.8544s	1.4551	0.6290	0.5682
6
0223	0.8690	0.9386	1.3602	0.6660	0.9734s	1.4539	0.6290	0.5756
7
0224	0.8586	0.9386	1.3595	0.6660	0.4147s	1.4534	0.6250	0.5752
8
0225	0.8450	0.9571	1.3599	0.6660	1.1755s	1.4544	0.6310	0.5813
9
0226	0.8642	0.9493	1.3605	0.6660	0.4619s	1.4571	0.6330	0.5818
10
0227	0.8545	0.9493	1.3629	0.6600	1.1362s	1.4579	0.6240	0.5731
11
0228	0.8604	0.9479	1.3633	0.6620	0.2530s	1.4575	0.6190	0.5653
12
0229	0.8568	0.9521	1.3615	0.6620	1.0442s	1.4546	0.6210	0.5725
13
0230	0.8534	0.9550	1.3568	0.6680	1.0043s	1.4495	0.6260	0.5791
14
0231	0.8391	0.9479	1.3520	0.6660	1.1256s	1.4452	0.6290	0.5884
15
0232	0.8534	0.9521	1.3519	0.6600	0.9264s	1.4475	0.6290	0.5865
16
0233	0.8589	0.9464	1.3540	0.6600	1.2281s	1.4549	0.6280	0.5869
17
0234	0.8700	0.9429	1.3591	0.6640	0.3669s	1.4620	0.6290	0.5800
18
0235	0.8564	0.9507	1.3603	0.6620	0.4878s	1.4636	0.6280	0.5786
19
0236	0.8515	0.9421	1.3596	0.6660	1.0023s	1.4602	0.6270	0.5786
20
0237	0.8449	0.9600	1.3593	0.6660	0.7072s	1.4576	0.6280	0.5794
21
0238	0.8519	0.9450	1.3596	0.6580	0.6303s	1.4561	0.6310	0.5891
22
0239	0.8622	0.9471	1.3636	0.6580	1.0890s	1.4585	0.6250	0.5861
23
0240	0.8424	0.9493	1.3649	0.6560	0.8530s	1.4626	0.6250	0.5859
24
0241	0.8505	0.9471	1.3613	0.6540	1.2031s	1.4637	0.6210	0.5792
25
0242	0.8554	0.9564	1.3567	0.6680	0.3780s	1.4606	0.6190	0.5764
26
0243	0.8617	0.9479	1.3550	0.6760	1.0665s	1.4569	0.6240	0.5805
27
0244	0.8522	0.9486	1.3552	0.6740	1.0622s	1.4537	0.6260	0.5836
0
0245	0.8719	0.9429	1.3585	0.6680	0.2627s	1.4529	0.6260	0.5821
1
0246	0.8554	0.9429	1.3564	0.6740	1.0777s	1.4505	0.6240	0.5713
2
0247	0.8490	0.9471	1.3557	0.6660	0.4804s	1.4501	0.6220	0.5685
3
0248	0.8530	0.9479	1.3565	0.6660	1.0103s	1.4517	0.6200	0.5647
4
0249	0.8603	0.9507	1.3600	0.6640	0.3153s	1.4535	0.6220	0.5657
5
0250	0.8486	0.9529	1.3627	0.6660	0.2721s	1.4540	0.6190	0.5629
6
0251	0.8537	0.9479	1.3610	0.6660	1.2808s	1.4522	0.6250	0.5706
7
0252	0.8487	0.9421	1.3589	0.6700	0.3476s	1.4508	0.6280	0.5784
8
0253	0.8550	0.9486	1.3558	0.6700	0.9474s	1.4504	0.6260	0.5746
9
0254	0.8596	0.9486	1.3514	0.6680	0.8395s	1.4497	0.6240	0.5710
10
0255	0.8473	0.9436	1.3467	0.6740	0.9295s	1.4487	0.6220	0.5710
11
0256	0.8212	0.9557	1.3482	0.6740	0.3076s	1.4507	0.6240	0.5653
0
0257	0.8625	0.9529	1.3519	0.6660	1.0145s	1.4537	0.6210	0.5635
1
0258	0.8451	0.9493	1.3579	0.6620	0.7669s	1.4574	0.6200	0.5639
2
0259	0.8595	0.9571	1.3647	0.6620	1.0230s	1.4603	0.6230	0.5677
3
0260	0.8297	0.9393	1.3676	0.6580	0.8037s	1.4607	0.6240	0.5672
4
0261	0.8469	0.9436	1.3684	0.6600	0.9945s	1.4597	0.6230	0.5695
5
0262	0.8558	0.9550	1.3660	0.6620	0.6116s	1.4578	0.6240	0.5730
6
0263	0.8505	0.9457	1.3617	0.6680	1.0876s	1.4553	0.6250	0.5753
7
0264	0.8716	0.9493	1.3544	0.6740	0.3291s	1.4492	0.6240	0.5733
8
0265	0.8581	0.9464	1.3488	0.6700	0.6074s	1.4450	0.6270	0.5736
9
0266	0.8631	0.9557	1.3497	0.6660	0.3965s	1.4438	0.6260	0.5675
10
0267	0.8538	0.9471	1.3592	0.6640	0.5142s	1.4468	0.6240	0.5694
11
0268	0.8388	0.9514	1.3715	0.6560	0.9666s	1.4520	0.6280	0.5729
12
0269	0.8343	0.9521	1.3758	0.6540	0.8606s	1.4522	0.6270	0.5720
13
0270	0.8726	0.9471	1.3703	0.6520	0.2907s	1.4501	0.6260	0.5694
14
0271	0.8705	0.9450	1.3614	0.6600	1.1986s	1.4457	0.6260	0.5683
15
0272	0.8500	0.9450	1.3536	0.6660	0.5910s	1.4442	0.6240	0.5688
16
0273	0.8641	0.9521	1.3494	0.6680	1.0793s	1.4442	0.6260	0.5688
17
0274	0.8458	0.9493	1.3492	0.6760	0.2491s	1.4448	0.6240	0.5676
18
0275	0.8530	0.9457	1.3559	0.6700	1.1913s	1.4478	0.6200	0.5749
0
0276	0.8460	0.9536	1.3650	0.6580	0.3181s	1.4524	0.6190	0.5690
1
0277	0.8464	0.9386	1.3725	0.6540	1.2699s	1.4573	0.6220	0.5746
2
0278	0.8399	0.9521	1.3752	0.6560	0.3515s	1.4606	0.6220	0.5753
3
0279	0.8529	0.9507	1.3676	0.6580	0.3378s	1.4596	0.6220	0.5759
4
0280	0.8354	0.9543	1.3592	0.6580	0.2795s	1.4561	0.6220	0.5623
5
0281	0.8452	0.9486	1.3499	0.6580	0.6433s	1.4524	0.6240	0.5657
6
0282	0.8629	0.9486	1.3437	0.6700	0.5428s	1.4491	0.6290	0.5720
7
0283	0.8438	0.9543	1.3431	0.6720	0.4047s	1.4462	0.6250	0.5701
0
0284	0.8451	0.9550	1.3459	0.6660	0.3645s	1.4461	0.6210	0.5639
0
0285	0.8453	0.9507	1.3503	0.6640	1.1980s	1.4500	0.6200	0.5626
1
0286	0.8654	0.9493	1.3521	0.6620	0.2795s	1.4541	0.6210	0.5628
2
0287	0.8614	0.9493	1.3509	0.6680	0.3415s	1.4544	0.6240	0.5689
3
0288	0.8500	0.9393	1.3483	0.6620	1.0167s	1.4521	0.6270	0.5728
4
0289	0.8422	0.9479	1.3481	0.6660	0.3174s	1.4514	0.6280	0.5821
5
0290	0.8473	0.9479	1.3479	0.6680	0.5929s	1.4484	0.6310	0.5855
6
0291	0.8570	0.9500	1.3476	0.6720	1.1228s	1.4449	0.6280	0.5805
7
0292	0.8535	0.9407	1.3472	0.6680	0.9084s	1.4432	0.6300	0.5837
8
0293	0.8387	0.9500	1.3474	0.6640	1.0909s	1.4447	0.6290	0.5832
9
0294	0.8575	0.9457	1.3497	0.6660	0.2869s	1.4483	0.6260	0.5804
10
0295	0.8457	0.9529	1.3531	0.6720	0.5258s	1.4546	0.6230	0.5721
11
0296	0.8466	0.9529	1.3562	0.6680	0.8962s	1.4602	0.6240	0.5702
12
0297	0.8661	0.9479	1.3595	0.6660	0.5821s	1.4631	0.6280	0.5728
13
0298	0.8692	0.9514	1.3617	0.6620	0.8090s	1.4610	0.6240	0.5696
14
0299	0.8507	0.9529	1.3626	0.6640	0.7785s	1.4563	0.6280	0.5819
15
0300	0.8572	0.9643	1.3609	0.6640	0.2771s	1.4520	0.6290	0.5821
16
0301	0.8432	0.9464	1.3541	0.6740	0.2507s	1.4491	0.6250	0.5768
17
0302	0.8654	0.9393	1.3507	0.6620	0.9083s	1.4491	0.6240	0.5760
18
0303	0.8443	0.9507	1.3515	0.6600	0.2810s	1.4511	0.6220	0.5742
19
0304	0.8548	0.9543	1.3543	0.6640	1.1369s	1.4534	0.6250	0.5771
20
0305	0.8462	0.9457	1.3557	0.6600	0.3347s	1.4530	0.6270	0.5832
21
0306	0.8513	0.9479	1.3568	0.6600	0.3115s	1.4528	0.6290	0.5835
22
0307	0.8494	0.9457	1.3558	0.6600	0.6092s	1.4523	0.6250	0.5780
23
0308	0.8448	0.9536	1.3543	0.6620	0.9887s	1.4535	0.6250	0.5833
24
0309	0.8509	0.9500	1.3532	0.6580	0.4349s	1.4536	0.6260	0.5797
25
0310	0.8548	0.9357	1.3568	0.6600	0.9722s	1.4538	0.6260	0.5788
26
0311	0.8633	0.9471	1.3582	0.6600	0.9982s	1.4519	0.6260	0.5687
27
0312	0.8511	0.9543	1.3588	0.6580	0.2576s	1.4507	0.6260	0.5694
28
0313	0.8490	0.9593	1.3604	0.6580	0.9869s	1.4540	0.6240	0.5666
29
0314	0.8319	0.9407	1.3619	0.6620	0.9796s	1.4604	0.6250	0.5739
30
0315	0.8632	0.9436	1.3636	0.6680	0.4836s	1.4648	0.6250	0.5788
31
0316	0.8468	0.9543	1.3625	0.6720	1.0625s	1.4634	0.6230	0.5777
32
0317	0.8552	0.9486	1.3588	0.6740	0.2675s	1.4584	0.6280	0.5841
33
0318	0.8551	0.9479	1.3550	0.6720	0.9319s	1.4534	0.6230	0.5801
34
0319	0.8418	0.9543	1.3499	0.6660	1.0492s	1.4460	0.6250	0.5795
35
0320	0.8593	0.9571	1.3521	0.6500	0.7661s	1.4451	0.6310	0.5872
36
0321	0.8341	0.9514	1.3597	0.6520	1.0339s	1.4498	0.6340	0.5864
37
0322	0.8528	0.9479	1.3690	0.6500	0.2887s	1.4592	0.6250	0.5795
38
0323	0.8419	0.9379	1.3739	0.6560	1.0831s	1.4670	0.6200	0.5696
39
0324	0.8594	0.9457	1.3707	0.6600	0.5027s	1.4674	0.6210	0.5701
40
0325	0.8396	0.9457	1.3629	0.6660	0.2709s	1.4648	0.6220	0.5753
41
0326	0.8310	0.9436	1.3508	0.6660	0.9468s	1.4578	0.6270	0.5815
42
0327	0.8373	0.9564	1.3443	0.6700	0.8827s	1.4528	0.6260	0.5765
43
0328	0.8531	0.9514	1.3457	0.6700	0.6246s	1.4507	0.6270	0.5789
44
0329	0.8394	0.9521	1.3546	0.6620	0.9474s	1.4526	0.6280	0.5804
45
0330	0.8457	0.9486	1.3642	0.6620	0.3608s	1.4578	0.6290	0.5804
46
0331	0.8409	0.9529	1.3701	0.6600	0.7025s	1.4626	0.6240	0.5779
47
0332	0.8531	0.9414	1.3726	0.6620	1.0982s	1.4653	0.6240	0.5772
48
0333	0.8578	0.9486	1.3719	0.6660	0.2972s	1.4672	0.6200	0.5748
49
0334	0.8563	0.9550	1.3673	0.6680	1.1751s	1.4643	0.6210	0.5777
50
0335	0.8641	0.9443	1.3593	0.6600	0.3763s	1.4599	0.6220	0.5703
51
0336	0.8394	0.9593	1.3532	0.6660	0.2475s	1.4548	0.6210	0.5658
52
0337	0.8602	0.9471	1.3494	0.6660	0.8359s	1.4533	0.6250	0.5726
53
0338	0.8511	0.9436	1.3514	0.6700	0.8536s	1.4570	0.6210	0.5675
54
0339	0.8457	0.9600	1.3585	0.6680	0.5241s	1.4636	0.6190	0.5662
55
0340	0.8599	0.9536	1.3662	0.6680	1.1534s	1.4684	0.6170	0.5707
56
0341	0.8382	0.9529	1.3667	0.6660	0.3648s	1.4663	0.6180	0.5730
57
0342	0.8430	0.9450	1.3594	0.6640	1.0718s	1.4590	0.6170	0.5725
58
0343	0.8548	0.9450	1.3538	0.6680	0.5348s	1.4535	0.6240	0.5842
59
0344	0.8608	0.9514	1.3545	0.6700	0.5064s	1.4537	0.6220	0.5826
60
0345	0.8349	0.9521	1.3571	0.6620	1.0072s	1.4573	0.6260	0.5829
61
0346	0.8432	0.9564	1.3619	0.6580	0.2738s	1.4627	0.6230	0.5705
62
0347	0.8355	0.9479	1.3640	0.6580	0.3858s	1.4659	0.6190	0.5644
63
0348	0.8485	0.9571	1.3616	0.6600	1.0322s	1.4640	0.6210	0.5658
64
0349	0.8427	0.9579	1.3583	0.6640	1.2104s	1.4609	0.6180	0.5672
65
0350	0.8649	0.9471	1.3541	0.6740	1.3686s	1.4568	0.6220	0.5730
66
0351	0.8441	0.9600	1.3494	0.6680	0.9183s	1.4514	0.6210	0.5735
67
0352	0.8406	0.9514	1.3454	0.6720	0.6046s	1.4470	0.6260	0.5779
68
0353	0.8324	0.9586	1.3454	0.6720	1.0974s	1.4474	0.6310	0.5846
69
0354	0.8589	0.9507	1.3489	0.6680	0.7764s	1.4529	0.6310	0.5803
70
0355	0.8640	0.9564	1.3492	0.6720	0.9931s	1.4552	0.6310	0.5755
71
0356	0.8416	0.9443	1.3502	0.6640	0.4430s	1.4553	0.6320	0.5778
72
0357	0.8576	0.9493	1.3541	0.6640	1.2534s	1.4558	0.6230	0.5747
73
0358	0.8487	0.9471	1.3595	0.6640	1.1731s	1.4570	0.6260	0.5806
74
0359	0.8450	0.9607	1.3619	0.6620	0.8983s	1.4578	0.6210	0.5756
75
0360	0.8576	0.9557	1.3607	0.6620	0.8093s	1.4581	0.6240	0.5769
76
0361	0.8383	0.9514	1.3585	0.6580	0.9902s	1.4592	0.6240	0.5769
77
0362	0.8369	0.9543	1.3539	0.6640	0.7704s	1.4570	0.6210	0.5731
78
0363	0.8542	0.9393	1.3476	0.6700	0.9801s	1.4522	0.6250	0.5807
79
0364	0.8440	0.9621	1.3440	0.6600	0.8055s	1.4474	0.6280	0.5844
80
0365	0.8371	0.9521	1.3453	0.6680	1.1997s	1.4447	0.6240	0.5790
81
0366	0.8524	0.9464	1.3508	0.6680	0.5521s	1.4461	0.6220	0.5737
82
0367	0.8678	0.9443	1.3522	0.6680	0.5438s	1.4488	0.6240	0.5743
83
0368	0.8608	0.9457	1.3563	0.6620	1.1499s	1.4548	0.6230	0.5749
84
0369	0.8550	0.9500	1.3604	0.6620	0.4085s	1.4594	0.6210	0.5753
85
0370	0.8391	0.9586	1.3627	0.6620	1.1371s	1.4605	0.6230	0.5762
86
0371	0.8559	0.9486	1.3613	0.6660	0.7934s	1.4586	0.6220	0.5773
87
0372	0.8491	0.9657	1.3589	0.6700	0.2801s	1.4554	0.6220	0.5775
88
0373	0.8601	0.9471	1.3569	0.6680	0.8651s	1.4511	0.6240	0.5677
89
0374	0.8429	0.9436	1.3562	0.6640	0.9976s	1.4503	0.6180	0.5603
90
0375	0.8594	0.9464	1.3550	0.6580	1.0342s	1.4519	0.6220	0.5646
91
0376	0.8464	0.9500	1.3568	0.6620	0.9399s	1.4537	0.6220	0.5623
92
0377	0.8434	0.9507	1.3583	0.6660	1.2287s	1.4548	0.6240	0.5658
93
0378	0.8646	0.9521	1.3548	0.6620	1.0975s	1.4534	0.6200	0.5651
94
0379	0.8451	0.9543	1.3510	0.6580	0.2826s	1.4515	0.6190	0.5630
95
0380	0.8542	0.9507	1.3478	0.6560	1.1615s	1.4498	0.6180	0.5692
96
0381	0.8437	0.9386	1.3482	0.6660	0.2926s	1.4502	0.6190	0.5730
97
0382	0.8581	0.9471	1.3535	0.6620	1.3233s	1.4532	0.6210	0.5662
98
0383	0.8379	0.9557	1.3578	0.6660	0.7316s	1.4565	0.6250	0.5690
99
0384	0.8573	0.9521	1.3608	0.6680	0.3243s	1.4612	0.6220	0.5651
100
0385	0.8390	0.9493	1.3621	0.6640	1.0890s	1.4658	0.6190	0.5622
101
0386	0.8478	0.9507	1.3599	0.6600	0.3208s	1.4658	0.6220	0.5631
102
0387	0.8529	0.9543	1.3569	0.6620	1.2237s	1.4627	0.6200	0.5644
103
0388	0.8480	0.9557	1.3546	0.6660	0.9028s	1.4576	0.6290	0.5764
104
0389	0.8498	0.9521	1.3533	0.6680	0.2647s	1.4529	0.6270	0.5727
105
0390	0.8405	0.9529	1.3519	0.6660	1.2465s	1.4489	0.6300	0.5755
106
0391	0.8286	0.9486	1.3519	0.6620	0.5711s	1.4480	0.6300	0.5722
107
0392	0.8409	0.9564	1.3532	0.6760	1.0893s	1.4512	0.6230	0.5749
108
0393	0.8482	0.9529	1.3548	0.6720	0.5678s	1.4580	0.6230	0.5692
0
0394	0.8608	0.9514	1.3578	0.6720	1.0553s	1.4624	0.6220	0.5645
1
0395	0.8456	0.9507	1.3601	0.6680	1.1110s	1.4637	0.6220	0.5631
2
0396	0.8349	0.9543	1.3622	0.6660	0.6859s	1.4630	0.6230	0.5659
3
0397	0.8312	0.9579	1.3597	0.6640	1.0714s	1.4620	0.6230	0.5628
4
0398	0.8544	0.9543	1.3547	0.6640	1.1119s	1.4584	0.6270	0.5692
5
0399	0.8452	0.9536	1.3514	0.6580	0.2573s	1.4545	0.6260	0.5723
6
0400	0.8887	0.9514	1.3524	0.6580	1.1508s	1.4523	0.6300	0.5761
7
0401	0.8452	0.9543	1.3528	0.6620	0.9844s	1.4498	0.6300	0.5770
8
0402	0.8631	0.9550	1.3536	0.6640	0.7932s	1.4499	0.6300	0.5753
9
0403	0.8392	0.9571	1.3533	0.6720	0.9387s	1.4504	0.6300	0.5776
10
0404	0.8573	0.9486	1.3527	0.6740	1.0468s	1.4531	0.6240	0.5705
11
0405	0.8440	0.9493	1.3516	0.6700	0.8553s	1.4565	0.6210	0.5689
12
0406	0.8442	0.9479	1.3511	0.6740	0.9008s	1.4579	0.6190	0.5673
13
0407	0.8452	0.9586	1.3508	0.6800	1.0502s	1.4557	0.6270	0.5729
14
0408	0.8334	0.9543	1.3513	0.6780	0.9541s	1.4538	0.6310	0.5786
0
0409	0.8417	0.9550	1.3555	0.6680	1.0666s	1.4525	0.6330	0.5807
1
0410	0.8255	0.9571	1.3621	0.6620	0.7630s	1.4533	0.6290	0.5771
2
0411	0.8370	0.9493	1.3715	0.6620	1.1233s	1.4587	0.6250	0.5737
3
0412	0.8346	0.9600	1.3769	0.6640	1.0878s	1.4632	0.6250	0.5815
4
0413	0.8563	0.9550	1.3753	0.6700	0.9760s	1.4632	0.6230	0.5824
5
0414	0.8355	0.9571	1.3686	0.6700	0.4377s	1.4590	0.6150	0.5721
6
0415	0.8331	0.9493	1.3602	0.6720	1.1665s	1.4538	0.6170	0.5727
7
0416	0.8244	0.9593	1.3490	0.6740	0.9044s	1.4462	0.6250	0.5796
8
0417	0.8645	0.9486	1.3427	0.6660	1.1066s	1.4410	0.6300	0.5845
9
0418	0.8543	0.9500	1.3448	0.6680	0.9315s	1.4416	0.6290	0.5798
0
0419	0.8456	0.9514	1.3536	0.6660	1.1194s	1.4476	0.6210	0.5670
1
0420	0.8406	0.9479	1.3649	0.6640	0.3286s	1.4552	0.6240	0.5755
2
0421	0.8485	0.9521	1.3723	0.6620	1.2522s	1.4591	0.6230	0.5745
3
0422	0.8526	0.9500	1.3718	0.6620	0.6269s	1.4588	0.6240	0.5724
4
0423	0.8489	0.9529	1.3647	0.6580	1.1970s	1.4542	0.6240	0.5765
5
0424	0.8244	0.9457	1.3562	0.6580	0.8984s	1.4505	0.6220	0.5753
6
0425	0.8300	0.9514	1.3473	0.6640	1.2004s	1.4455	0.6230	0.5709
7
0426	0.8481	0.9536	1.3417	0.6620	0.9935s	1.4442	0.6280	0.5679
8
0427	0.8360	0.9679	1.3410	0.6600	1.1986s	1.4464	0.6280	0.5746
0
0428	0.8470	0.9579	1.3448	0.6620	1.0493s	1.4520	0.6250	0.5741
0
0429	0.8493	0.9457	1.3504	0.6640	0.5193s	1.4593	0.6210	0.5715
1
0430	0.8449	0.9636	1.3536	0.6660	1.1490s	1.4626	0.6270	0.5761
2
0431	0.8504	0.9486	1.3570	0.6620	1.0296s	1.4651	0.6240	0.5709
3
0432	0.8504	0.9550	1.3587	0.6600	1.0514s	1.4650	0.6260	0.5681
4
0433	0.8364	0.9614	1.3598	0.6580	0.8101s	1.4647	0.6270	0.5661
5
0434	0.8381	0.9593	1.3580	0.6620	1.2468s	1.4621	0.6220	0.5593
6
0435	0.8510	0.9536	1.3551	0.6580	0.3071s	1.4588	0.6280	0.5755
7
0436	0.8360	0.9529	1.3483	0.6640	0.9071s	1.4529	0.6280	0.5768
8
0437	0.8396	0.9514	1.3427	0.6740	1.1540s	1.4472	0.6300	0.5825
9
0438	0.8397	0.9507	1.3425	0.6720	0.4398s	1.4476	0.6270	0.5824
10
0439	0.8468	0.9414	1.3499	0.6700	1.3199s	1.4514	0.6270	0.5861
11
0440	0.8432	0.9636	1.3615	0.6620	0.2701s	1.4587	0.6250	0.5818
12
0441	0.8431	0.9471	1.3688	0.6560	0.8370s	1.4644	0.6240	0.5728
13
0442	0.8355	0.9414	1.3737	0.6540	1.1707s	1.4686	0.6230	0.5687
14
0443	0.8592	0.9507	1.3690	0.6520	0.2579s	1.4657	0.6270	0.5690
15
0444	0.8409	0.9486	1.3612	0.6580	0.7635s	1.4586	0.6280	0.5694
16
0445	0.8541	0.9464	1.3555	0.6680	1.0169s	1.4529	0.6280	0.5697
17
0446	0.8360	0.9493	1.3541	0.6760	0.7896s	1.4521	0.6300	0.5727
18
0447	0.8362	0.9536	1.3567	0.6740	1.0075s	1.4547	0.6280	0.5713
19
0448	0.8449	0.9564	1.3595	0.6760	0.9100s	1.4592	0.6290	0.5738
20
0449	0.8375	0.9543	1.3607	0.6640	0.9877s	1.4600	0.6260	0.5699
21
0450	0.8439	0.9507	1.3591	0.6640	0.4092s	1.4589	0.6220	0.5710
22
0451	0.8281	0.9536	1.3561	0.6580	1.1949s	1.4553	0.6270	0.5810
23
0452	0.8567	0.9543	1.3532	0.6620	0.7887s	1.4525	0.6260	0.5778
24
0453	0.8333	0.9486	1.3555	0.6600	0.3856s	1.4533	0.6240	0.5771
25
0454	0.8343	0.9571	1.3590	0.6560	1.2360s	1.4557	0.6240	0.5766
26
0455	0.8446	0.9650	1.3593	0.6580	0.7088s	1.4569	0.6280	0.5747
27
0456	0.8381	0.9550	1.3577	0.6660	1.2379s	1.4565	0.6270	0.5728
28
0457	0.8417	0.9514	1.3559	0.6680	0.2607s	1.4580	0.6260	0.5754
29
0458	0.8535	0.9507	1.3546	0.6680	1.1557s	1.4590	0.6240	0.5737
30
0459	0.8424	0.9557	1.3513	0.6700	0.9951s	1.4579	0.6200	0.5683
31
0460	0.8364	0.9507	1.3501	0.6720	1.0038s	1.4582	0.6210	0.5656
32
0461	0.8605	0.9471	1.3529	0.6720	0.9455s	1.4593	0.6270	0.5691
33
0462	0.8462	0.9571	1.3546	0.6680	0.9343s	1.4589	0.6240	0.5677
34
0463	0.8325	0.9514	1.3541	0.6640	0.3008s	1.4573	0.6250	0.5692
35
0464	0.8347	0.9443	1.3505	0.6660	1.1166s	1.4529	0.6240	0.5650
36
0465	0.8497	0.9493	1.3495	0.6680	0.6899s	1.4502	0.6200	0.5597
37
0466	0.8558	0.9450	1.3526	0.6700	1.2151s	1.4509	0.6190	0.5663
38
0467	0.8484	0.9593	1.3549	0.6740	0.4988s	1.4517	0.6230	0.5714
39
0468	0.8348	0.9521	1.3559	0.6660	1.0384s	1.4532	0.6230	0.5726
40
0469	0.8524	0.9400	1.3546	0.6680	0.8641s	1.4544	0.6220	0.5725
41
0470	0.8444	0.9536	1.3495	0.6800	1.1272s	1.4508	0.6250	0.5710
42
0471	0.8505	0.9550	1.3480	0.6640	0.6228s	1.4474	0.6300	0.5751
0
0472	0.8433	0.9514	1.3511	0.6640	1.0867s	1.4466	0.6360	0.5819
1
0473	0.8319	0.9536	1.3557	0.6640	0.6872s	1.4478	0.6300	0.5768
2
0474	0.8330	0.9421	1.3626	0.6620	0.7948s	1.4524	0.6250	0.5763
3
0475	0.8442	0.9543	1.3668	0.6700	1.0026s	1.4575	0.6250	0.5761
4
0476	0.8342	0.9536	1.3661	0.6660	0.9642s	1.4596	0.6220	0.5805
5
0477	0.8281	0.9521	1.3601	0.6700	0.5812s	1.4561	0.6210	0.5698
6
0478	0.8494	0.9521	1.3551	0.6660	1.0691s	1.4502	0.6200	0.5705
7
0479	0.8470	0.9586	1.3519	0.6640	0.7589s	1.4494	0.6280	0.5698
8
0480	0.8534	0.9536	1.3536	0.6580	0.4370s	1.4501	0.6330	0.5825
9
0481	0.8449	0.9579	1.3597	0.6580	1.1264s	1.4552	0.6310	0.5890
10
0482	0.8396	0.9464	1.3619	0.6620	0.6643s	1.4603	0.6330	0.5921
11
0483	0.8657	0.9507	1.3610	0.6660	1.1875s	1.4629	0.6310	0.5889
12
0484	0.8383	0.9543	1.3593	0.6660	0.9972s	1.4646	0.6240	0.5844
13
0485	0.8370	0.9621	1.3587	0.6640	1.0272s	1.4631	0.6260	0.5841
14
0486	0.8253	0.9521	1.3569	0.6640	0.6920s	1.4582	0.6290	0.5850
15
0487	0.8502	0.9536	1.3561	0.6620	0.3969s	1.4534	0.6290	0.5837
16
0488	0.8265	0.9529	1.3545	0.6620	1.1758s	1.4497	0.6320	0.5862
17
0489	0.8418	0.9507	1.3517	0.6660	0.7130s	1.4485	0.6330	0.5865
18
0490	0.8355	0.9507	1.3491	0.6680	1.2750s	1.4503	0.6310	0.5755
19
0491	0.8270	0.9550	1.3467	0.6660	0.3164s	1.4516	0.6280	0.5781
20
0492	0.8448	0.9600	1.3496	0.6620	1.2037s	1.4563	0.6250	0.5728
21
0493	0.8530	0.9550	1.3572	0.6600	0.2886s	1.4610	0.6170	0.5648
22
0494	0.8449	0.9600	1.3643	0.6680	0.9421s	1.4629	0.6160	0.5671
23
0495	0.8598	0.9550	1.3649	0.6680	1.1184s	1.4604	0.6210	0.5726
24
0496	0.8341	0.9536	1.3590	0.6700	0.2833s	1.4558	0.6280	0.5855
25
0497	0.8568	0.9507	1.3514	0.6700	1.2355s	1.4509	0.6290	0.5862
26
0498	0.8567	0.9521	1.3470	0.6700	0.4524s	1.4479	0.6300	0.5845
27
0499	0.8340	0.9464	1.3470	0.6700	1.2126s	1.4476	0.6280	0.5793
28
0500	0.8517	0.9550	1.3496	0.6700	0.9738s	1.4494	0.6250	0.5705
29
0501	0.8457	0.9564	1.3541	0.6680	0.4315s	1.4554	0.6230	0.5666
30
0502	0.8314	0.9507	1.3574	0.6660	1.2625s	1.4609	0.6190	0.5659
31
0503	0.8311	0.9564	1.3582	0.6560	0.4232s	1.4608	0.6160	0.5639
32
0504	0.8390	0.9479	1.3603	0.6580	0.7291s	1.4594	0.6180	0.5654
33
0505	0.8333	0.9371	1.3615	0.6540	1.1906s	1.4578	0.6200	0.5657
34
0506	0.8455	0.9507	1.3592	0.6640	0.9534s	1.4536	0.6230	0.5788
35
0507	0.8440	0.9550	1.3561	0.6700	1.0228s	1.4505	0.6230	0.5739
36
0508	0.8378	0.9636	1.3516	0.6680	0.7286s	1.4477	0.6240	0.5737
37
0509	0.8416	0.9493	1.3513	0.6700	1.1536s	1.4479	0.6270	0.5680
38
0510	0.8477	0.9557	1.3543	0.6680	0.7678s	1.4514	0.6250	0.5713
39
0511	0.8278	0.9521	1.3576	0.6660	0.7899s	1.4558	0.6210	0.5692
40
0512	0.8507	0.9471	1.3584	0.6660	1.0640s	1.4591	0.6200	0.5671
41
0513	0.8458	0.9500	1.3586	0.6660	0.5905s	1.4608	0.6200	0.5678
42
0514	0.8472	0.9486	1.3585	0.6640	0.9658s	1.4588	0.6220	0.5775
43
0515	0.8466	0.9443	1.3589	0.6680	0.9932s	1.4568	0.6220	0.5749
44
0516	0.8424	0.9486	1.3636	0.6680	1.1778s	1.4595	0.6220	0.5682
45
0517	0.8358	0.9636	1.3656	0.6660	0.7601s	1.4605	0.6210	0.5704
46
0518	0.8505	0.9564	1.3669	0.6640	1.1217s	1.4623	0.6280	0.5813
47
0519	0.8409	0.9486	1.3634	0.6640	0.7671s	1.4615	0.6250	0.5842
48
0520	0.8352	0.9550	1.3566	0.6660	1.0299s	1.4605	0.6260	0.5753
49
0521	0.8335	0.9586	1.3495	0.6680	0.9933s	1.4590	0.6270	0.5836
50
0522	0.8494	0.9450	1.3472	0.6780	0.9815s	1.4587	0.6300	0.5853
51
0523	0.8600	0.9436	1.3516	0.6780	1.0894s	1.4614	0.6280	0.5827
52
0524	0.8435	0.9529	1.3563	0.6700	0.8009s	1.4646	0.6290	0.5798
53
0525	0.8458	0.9571	1.3572	0.6660	1.2653s	1.4654	0.6230	0.5762
54
0526	0.8361	0.9629	1.3565	0.6660	1.1093s	1.4658	0.6220	0.5685
55
0527	0.8457	0.9471	1.3518	0.6640	0.2658s	1.4622	0.6250	0.5736
56
0528	0.8445	0.9614	1.3475	0.6680	0.5020s	1.4581	0.6270	0.5734
57
0529	0.8476	0.9436	1.3466	0.6660	0.9517s	1.4572	0.6330	0.5808
58
0530	0.8452	0.9521	1.3484	0.6660	0.7113s	1.4597	0.6340	0.5898
59
0531	0.8291	0.9443	1.3503	0.6640	0.5094s	1.4618	0.6330	0.5877
60
0532	0.8343	0.9529	1.3496	0.6700	1.0893s	1.4615	0.6320	0.5851
61
0533	0.8397	0.9521	1.3488	0.6780	0.3052s	1.4597	0.6310	0.5826
62
0534	0.8324	0.9529	1.3504	0.6720	1.3047s	1.4593	0.6200	0.5715
63
0535	0.8230	0.9507	1.3511	0.6680	0.9324s	1.4573	0.6190	0.5709
64
0536	0.8536	0.9479	1.3509	0.6720	1.2759s	1.4540	0.6220	0.5745
65
0537	0.8362	0.9614	1.3512	0.6680	0.4295s	1.4506	0.6240	0.5796
66
0538	0.8199	0.9557	1.3549	0.6660	0.8827s	1.4496	0.6290	0.5906
67
0539	0.8254	0.9614	1.3577	0.6580	0.7352s	1.4520	0.6290	0.5908
68
0540	0.8459	0.9543	1.3583	0.6580	0.8801s	1.4545	0.6290	0.5879
69
0541	0.8324	0.9564	1.3590	0.6580	1.1373s	1.4563	0.6250	0.5807
70
0542	0.8536	0.9486	1.3559	0.6540	0.6927s	1.4569	0.6240	0.5752
71
0543	0.8391	0.9500	1.3523	0.6540	1.2098s	1.4557	0.6260	0.5749
72
0544	0.8457	0.9564	1.3504	0.6560	0.3560s	1.4546	0.6240	0.5725
73
0545	0.8491	0.9479	1.3510	0.6560	1.1391s	1.4536	0.6280	0.5772
74
0546	0.8428	0.9536	1.3495	0.6580	0.8812s	1.4518	0.6300	0.5851
75
0547	0.8395	0.9564	1.3522	0.6600	1.2447s	1.4543	0.6270	0.5811
76
0548	0.8422	0.9650	1.3541	0.6600	0.2977s	1.4568	0.6290	0.5849
77
0549	0.8417	0.9571	1.3539	0.6620	0.8342s	1.4574	0.6270	0.5819
78
0550	0.8309	0.9579	1.3533	0.6560	1.1335s	1.4579	0.6210	0.5710
79
0551	0.8339	0.9507	1.3554	0.6540	0.4597s	1.4579	0.6210	0.5731
80
0552	0.8273	0.9471	1.3553	0.6520	0.3878s	1.4575	0.6190	0.5699
81
0553	0.8345	0.9536	1.3547	0.6600	1.2069s	1.4557	0.6240	0.5774
82
0554	0.8464	0.9550	1.3530	0.6660	0.4590s	1.4530	0.6290	0.5820
83
0555	0.8439	0.9543	1.3494	0.6660	1.1796s	1.4488	0.6310	0.5839
84
0556	0.8254	0.9471	1.3470	0.6660	0.5096s	1.4468	0.6300	0.5852
85
0557	0.8557	0.9550	1.3461	0.6640	1.1508s	1.4470	0.6330	0.5880
86
0558	0.8407	0.9493	1.3502	0.6660	0.9830s	1.4498	0.6330	0.5887
87
0559	0.8444	0.9536	1.3530	0.6640	1.1540s	1.4512	0.6330	0.5836
88
0560	0.8471	0.9593	1.3553	0.6640	0.3067s	1.4521	0.6280	0.5753
89
0561	0.8345	0.9557	1.3553	0.6680	0.7706s	1.4534	0.6300	0.5818
90
0562	0.8295	0.9529	1.3531	0.6660	0.4005s	1.4508	0.6330	0.5840
91
0563	0.8398	0.9493	1.3548	0.6660	1.3168s	1.4524	0.6320	0.5842
92
0564	0.8481	0.9507	1.3574	0.6740	0.5018s	1.4542	0.6320	0.5824
93
0565	0.8340	0.9579	1.3598	0.6680	0.9148s	1.4554	0.6290	0.5793
94
0566	0.8482	0.9479	1.3598	0.6680	1.1092s	1.4555	0.6240	0.5749
95
0567	0.8417	0.9536	1.3551	0.6640	1.1123s	1.4542	0.6260	0.5757
96
0568	0.8378	0.9471	1.3524	0.6640	0.9879s	1.4516	0.6340	0.5910
97
0569	0.8487	0.9536	1.3500	0.6700	1.1370s	1.4498	0.6340	0.5882
98
0570	0.8291	0.9500	1.3491	0.6740	1.1432s	1.4501	0.6330	0.5805
99
0571	0.8437	0.9593	1.3489	0.6740	0.9383s	1.4507	0.6280	0.5728
100
0572	0.8552	0.9471	1.3533	0.6700	0.7642s	1.4536	0.6270	0.5718
101
0573	0.8239	0.9593	1.3602	0.6620	1.2120s	1.4585	0.6250	0.5758
102
0574	0.8324	0.9464	1.3660	0.6580	0.7683s	1.4614	0.6260	0.5766
103
0575	0.8431	0.9500	1.3669	0.6580	0.9650s	1.4614	0.6270	0.5776
104
0576	0.8247	0.9636	1.3628	0.6620	0.9228s	1.4577	0.6280	0.5786
105
0577	0.8346	0.9529	1.3604	0.6620	1.0921s	1.4570	0.6300	0.5870
106
0578	0.8292	0.9450	1.3538	0.6720	0.5327s	1.4556	0.6320	0.5905
107
0579	0.8291	0.9550	1.3485	0.6680	0.9548s	1.4539	0.6320	0.5902
108
0580	0.8360	0.9464	1.3471	0.6660	1.1536s	1.4544	0.6260	0.5845
109
0581	0.8439	0.9500	1.3467	0.6720	0.4413s	1.4536	0.6280	0.5822
110
0582	0.8503	0.9529	1.3496	0.6640	1.0129s	1.4522	0.6290	0.5804
111
0583	0.8377	0.9493	1.3542	0.6580	0.8166s	1.4510	0.6280	0.5788
112
0584	0.8412	0.9529	1.3592	0.6680	0.5685s	1.4525	0.6220	0.5737
113
0585	0.8289	0.9536	1.3597	0.6640	1.2344s	1.4522	0.6270	0.5843
114
0586	0.8425	0.9479	1.3560	0.6700	0.5793s	1.4515	0.6240	0.5809
115
0587	0.8571	0.9571	1.3499	0.6680	1.2426s	1.4510	0.6260	0.5813
116
0588	0.8364	0.9557	1.3465	0.6680	0.4374s	1.4524	0.6240	0.5806
117
0589	0.8335	0.9564	1.3454	0.6660	0.4075s	1.4535	0.6230	0.5791
118
0590	0.8508	0.9514	1.3496	0.6620	1.1655s	1.4554	0.6250	0.5825
119
0591	0.8518	0.9514	1.3546	0.6600	0.6508s	1.4555	0.6290	0.5842
120
0592	0.8430	0.9550	1.3587	0.6620	1.2450s	1.4564	0.6250	0.5798
121
0593	0.8412	0.9443	1.3595	0.6680	0.6861s	1.4577	0.6260	0.5706
122
0594	0.8255	0.9529	1.3564	0.6700	1.2509s	1.4564	0.6200	0.5744
123
0595	0.8335	0.9593	1.3531	0.6680	0.9192s	1.4555	0.6250	0.5798
124
0596	0.8667	0.9550	1.3520	0.6680	1.1693s	1.4541	0.6240	0.5705
125
0597	0.8430	0.9536	1.3531	0.6680	1.1741s	1.4537	0.6280	0.5811
126
0598	0.8103	0.9529	1.3543	0.6640	0.9098s	1.4539	0.6340	0.5853
127
0599	0.8505	0.9500	1.3527	0.6600	1.1008s	1.4524	0.6350	0.5791
128
0600	0.8446	0.9579	1.3546	0.6600	1.0884s	1.4521	0.6300	0.5791
129
0601	0.8341	0.9479	1.3562	0.6620	1.1583s	1.4524	0.6280	0.5864
130
0602	0.8410	0.9486	1.3555	0.6660	0.9784s	1.4524	0.6250	0.5839
131
0603	0.8502	0.9586	1.3503	0.6660	1.1491s	1.4522	0.6240	0.5793
132
0604	0.8378	0.9500	1.3469	0.6720	0.6133s	1.4541	0.6220	0.5671
133
0605	0.8326	0.9543	1.3484	0.6700	0.9001s	1.4582	0.6230	0.5673
134
0606	0.8316	0.9593	1.3513	0.6580	0.7813s	1.4602	0.6270	0.5680
135
0607	0.8307	0.9507	1.3499	0.6620	0.3507s	1.4571	0.6320	0.5712
136
0608	0.8295	0.9543	1.3481	0.6620	1.1142s	1.4536	0.6360	0.5842
137
0609	0.8263	0.9521	1.3505	0.6600	0.8678s	1.4529	0.6330	0.5850
138
0610	0.8391	0.9529	1.3521	0.6600	1.1893s	1.4547	0.6290	0.5787
139
0611	0.8408	0.9586	1.3549	0.6580	0.6884s	1.4583	0.6300	0.5794
140
0612	0.8325	0.9514	1.3581	0.6620	0.9863s	1.4626	0.6270	0.5784
141
0613	0.8304	0.9621	1.3575	0.6640	1.1257s	1.4636	0.6200	0.5548
142
0614	0.8435	0.9471	1.3526	0.6680	0.8947s	1.4610	0.6220	0.5623
143
0615	0.8428	0.9586	1.3478	0.6680	1.1891s	1.4572	0.6270	0.5694
144
0616	0.8410	0.9536	1.3459	0.6780	0.8892s	1.4525	0.6260	0.5705
145
0617	0.8371	0.9557	1.3471	0.6680	0.5118s	1.4491	0.6350	0.5924
146
0618	0.8319	0.9514	1.3499	0.6660	0.9889s	1.4485	0.6360	0.5912
147
0619	0.8508	0.9536	1.3539	0.6600	0.6916s	1.4531	0.6360	0.5903
148
0620	0.8408	0.9479	1.3575	0.6580	1.1988s	1.4604	0.6320	0.5827
149
0621	0.8421	0.9471	1.3589	0.6620	0.6078s	1.4628	0.6290	0.5780
150
0622	0.8314	0.9529	1.3598	0.6700	0.8298s	1.4656	0.6220	0.5718
151
0623	0.8525	0.9443	1.3588	0.6660	0.6264s	1.4636	0.6190	0.5694
152
0624	0.8324	0.9564	1.3592	0.6660	1.0501s	1.4581	0.6230	0.5764
153
0625	0.8374	0.9529	1.3575	0.6680	1.0860s	1.4523	0.6240	0.5812
154
0626	0.8236	0.9557	1.3576	0.6600	0.2982s	1.4493	0.6300	0.5871
155
0627	0.8506	0.9471	1.3581	0.6580	1.1605s	1.4506	0.6330	0.5804
156
0628	0.8529	0.9471	1.3607	0.6640	0.7415s	1.4567	0.6280	0.5729
157
0629	0.8460	0.9521	1.3639	0.6620	1.2450s	1.4610	0.6320	0.5778
158
0630	0.8322	0.9393	1.3669	0.6640	0.7820s	1.4630	0.6280	0.5688
159
0631	0.8399	0.9564	1.3654	0.6600	0.5179s	1.4611	0.6280	0.5640
160
0632	0.8366	0.9557	1.3610	0.6660	1.1001s	1.4597	0.6270	0.5739
161
0633	0.8259	0.9607	1.3549	0.6700	0.6593s	1.4562	0.6280	0.5771
162
0634	0.8342	0.9514	1.3509	0.6720	1.1329s	1.4527	0.6210	0.5708
163
0635	0.8365	0.9471	1.3488	0.6700	0.2763s	1.4493	0.6250	0.5779
164
0636	0.8414	0.9543	1.3538	0.6680	0.5505s	1.4505	0.6250	0.5686
165
0637	0.8348	0.9564	1.3611	0.6600	1.1501s	1.4543	0.6260	0.5699
166
0638	0.8357	0.9564	1.3635	0.6600	0.7165s	1.4561	0.6260	0.5763
167
0639	0.8534	0.9464	1.3583	0.6660	1.1872s	1.4531	0.6270	0.5760
168
0640	0.8353	0.9557	1.3561	0.6720	0.3432s	1.4521	0.6270	0.5733
169
0641	0.8457	0.9486	1.3560	0.6660	1.1528s	1.4523	0.6260	0.5701
170
0642	0.8460	0.9529	1.3549	0.6660	0.9779s	1.4536	0.6220	0.5720
171
0643	0.8455	0.9507	1.3558	0.6720	0.9918s	1.4569	0.6290	0.5855
172
0644	0.8180	0.9586	1.3557	0.6740	1.0381s	1.4578	0.6270	0.5811
173
0645	0.8402	0.9529	1.3576	0.6720	0.4848s	1.4586	0.6260	0.5799
174
0646	0.8247	0.9600	1.3587	0.6660	1.0206s	1.4580	0.6230	0.5717
175
0647	0.8434	0.9507	1.3587	0.6600	0.9632s	1.4573	0.6260	0.5792
176
0648	0.8520	0.9521	1.3594	0.6600	1.1194s	1.4569	0.6310	0.5799
177
0649	0.8430	0.9507	1.3597	0.6580	0.9159s	1.4563	0.6280	0.5753
178
0650	0.8433	0.9471	1.3595	0.6620	0.9362s	1.4541	0.6290	0.5731
179
0651	0.8503	0.9629	1.3573	0.6660	0.8314s	1.4542	0.6290	0.5739
180
0652	0.8564	0.9507	1.3566	0.6660	0.2776s	1.4600	0.6270	0.5846
181
0653	0.8544	0.9514	1.3569	0.6660	1.2523s	1.4651	0.6280	0.5845
182
0654	0.8429	0.9450	1.3581	0.6580	0.8241s	1.4666	0.6220	0.5773
183
0655	0.8356	0.9500	1.3594	0.6540	0.9273s	1.4626	0.6230	0.5775
184
0656	0.8352	0.9600	1.3598	0.6580	0.5630s	1.4555	0.6290	0.5804
185
0657	0.8315	0.9514	1.3612	0.6680	0.9249s	1.4505	0.6300	0.5835
186
0658	0.8340	0.9486	1.3610	0.6700	1.0451s	1.4489	0.6320	0.5767
187
0659	0.8375	0.9486	1.3614	0.6680	0.9664s	1.4508	0.6300	0.5774
188
0660	0.8363	0.9471	1.3602	0.6600	1.1648s	1.4573	0.6230	0.5703
189
0661	0.8342	0.9529	1.3576	0.6620	1.1082s	1.4612	0.6250	0.5699
190
0662	0.8430	0.9500	1.3595	0.6620	1.1352s	1.4662	0.6230	0.5655
191
0663	0.8352	0.9564	1.3609	0.6600	0.7768s	1.4668	0.6240	0.5657
192
0664	0.8428	0.9571	1.3604	0.6640	0.9356s	1.4627	0.6240	0.5679
193
0665	0.8464	0.9579	1.3599	0.6640	0.8499s	1.4590	0.6230	0.5755
194
0666	0.8329	0.9571	1.3579	0.6660	1.1277s	1.4543	0.6230	0.5743
195
0667	0.8531	0.9507	1.3570	0.6640	0.8629s	1.4505	0.6230	0.5780
196
0668	0.8515	0.9457	1.3581	0.6620	1.1085s	1.4503	0.6270	0.5802
197
0669	0.8383	0.9643	1.3579	0.6620	0.4622s	1.4502	0.6260	0.5802
198
0670	0.8431	0.9457	1.3572	0.6600	0.4916s	1.4506	0.6310	0.5783
199
Early stop! Min loss:1.3409578800201416,  Max accuracy:0.68
Early stop model validation loss:1.3409578800201416,  accuracy:0.66
Optimization Finished!
Total time elapsed: 548.1966s
test max acc:0.6360
Loading 426th epoch
stru_node_to_hop attention:tensor([[0.2500, 0.2500, 0.2500, 0.2500],
        [0.2500, 0.2500, 0.2500, 0.2500],
        [0.2500, 0.2500, 0.2500, 0.2500],
        [0.2500, 0.2500, 0.2500, 0.2500],
        [0.2500, 0.2500, 0.2500, 0.2500],
        [0.2500, 0.2500, 0.2500, 0.2500],
        [0.2500, 0.2500, 0.2500, 0.2500],
        [0.2500, 0.2500, 0.2500, 0.2500],
        [0.2500, 0.2500, 0.2500, 0.2500],
        [0.2500, 0.2500, 0.2500, 0.2500],
        [0.2500, 0.2500, 0.2500, 0.2500],
        [0.2500, 0.2500, 0.2500, 0.2500],
        [0.2500, 0.2500, 0.2500, 0.2500],
        [0.2500, 0.2500, 0.2500, 0.2500],
        [0.2500, 0.2500, 0.2500, 0.2500],
        [0.2500, 0.2500, 0.2500, 0.2500],
        [0.2500, 0.2500, 0.2500, 0.2500],
        [0.2500, 0.2500, 0.2500, 0.2500],
        [0.2500, 0.2500, 0.2500, 0.2500],
        [0.2500, 0.2500, 0.2500, 0.2500],
        [0.2500, 0.2500, 0.2500, 0.2500],
        [0.2500, 0.2500, 0.2500, 0.2500],
        [0.2500, 0.2500, 0.2500, 0.2500],
        [0.2500, 0.2500, 0.2500, 0.2500],
        [0.2500, 0.2500, 0.2500, 0.2500],
        [0.2500, 0.2500, 0.2500, 0.2500],
        [0.2500, 0.2500, 0.2500, 0.2500],
        [0.2500, 0.2500, 0.2500, 0.2500],
        [0.2500, 0.2500, 0.2500, 0.2500],
        [0.2500, 0.2500, 0.2500, 0.2500],
        [0.2500, 0.2500, 0.2500, 0.2500],
        [0.2500, 0.2500, 0.2500, 0.2500],
        [0.2500, 0.2500, 0.2500, 0.2500],
        [0.2500, 0.2500, 0.2500, 0.2500],
        [0.2500, 0.2500, 0.2500, 0.2500],
        [0.2500, 0.2500, 0.2500, 0.2500],
        [0.2500, 0.2500, 0.2500, 0.2500],
        [0.2500, 0.2500, 0.2500, 0.2500],
        [0.2500, 0.2500, 0.2500, 0.2500],
        [0.2500, 0.2500, 0.2500, 0.2500],
        [0.2500, 0.2500, 0.2500, 0.2500],
        [0.2500, 0.2500, 0.2500, 0.2500],
        [0.2500, 0.2500, 0.2500, 0.2500],
        [0.2500, 0.2500, 0.2500, 0.2500],
        [0.2500, 0.2500, 0.2500, 0.2500],
        [0.2500, 0.2500, 0.2500, 0.2500],
        [0.2500, 0.2500, 0.2500, 0.2500],
        [0.2500, 0.2500, 0.2500, 0.2500],
        [0.2500, 0.2500, 0.2500, 0.2500],
        [0.2500, 0.2500, 0.2500, 0.2500],
        [0.2500, 0.2500, 0.2500, 0.2500],
        [0.2500, 0.2500, 0.2500, 0.2500],
        [0.2500, 0.2500, 0.2500, 0.2500],
        [0.2500, 0.2500, 0.2500, 0.2500],
        [0.2500, 0.2500, 0.2500, 0.2500],
        [0.2500, 0.2500, 0.2500, 0.2500],
        [0.2500, 0.2500, 0.2500, 0.2500],
        [0.2500, 0.2500, 0.2500, 0.2500],
        [0.2500, 0.2500, 0.2500, 0.2500],
        [0.2500, 0.2500, 0.2500, 0.2500],
        [0.2500, 0.2500, 0.2500, 0.2500],
        [0.2500, 0.2500, 0.2500, 0.2500],
        [0.2500, 0.2500, 0.2500, 0.2500],
        [0.2500, 0.2500, 0.2500, 0.2500],
        [0.2500, 0.2500, 0.2500, 0.2500],
        [0.2500, 0.2500, 0.2500, 0.2500],
        [0.2500, 0.2500, 0.2500, 0.2500],
        [0.2500, 0.2500, 0.2500, 0.2500],
        [0.2500, 0.2500, 0.2500, 0.2500],
        [0.2500, 0.2500, 0.2500, 0.2500],
        [0.2500, 0.2500, 0.2500, 0.2500],
        [0.2500, 0.2500, 0.2500, 0.2500],
        [0.2500, 0.2500, 0.2500, 0.2500],
        [0.2500, 0.2500, 0.2500, 0.2500],
        [0.2500, 0.2500, 0.2500, 0.2500],
        [0.2500, 0.2500, 0.2500, 0.2500],
        [0.2500, 0.2500, 0.2500, 0.2500],
        [0.2500, 0.2500, 0.2500, 0.2500],
        [0.2500, 0.2500, 0.2500, 0.2500],
        [0.2500, 0.2500, 0.2500, 0.2500],
        [0.2500, 0.2500, 0.2500, 0.2500],
        [0.2500, 0.2500, 0.2500, 0.2500],
        [0.2500, 0.2500, 0.2500, 0.2500],
        [0.2500, 0.2500, 0.2500, 0.2500],
        [0.2500, 0.2500, 0.2500, 0.2500],
        [0.2500, 0.2500, 0.2500, 0.2500],
        [0.2500, 0.2500, 0.2500, 0.2500],
        [0.2500, 0.2500, 0.2500, 0.2500],
        [0.2500, 0.2500, 0.2500, 0.2500],
        [0.2500, 0.2500, 0.2500, 0.2500],
        [0.2500, 0.2500, 0.2500, 0.2500],
        [0.2500, 0.2500, 0.2500, 0.2500],
        [0.2500, 0.2500, 0.2500, 0.2500],
        [0.2500, 0.2500, 0.2500, 0.2500],
        [0.2500, 0.2500, 0.2500, 0.2500],
        [0.2500, 0.2500, 0.2500, 0.2500],
        [0.2500, 0.2500, 0.2500, 0.2500],
        [0.2500, 0.2500, 0.2500, 0.2500],
        [0.2500, 0.2500, 0.2500, 0.2500],
        [0.2500, 0.2500, 0.2500, 0.2500]], device='cuda:7')
fea_node_to_hop attention:tensor([[0.2500, 0.2500, 0.2500, 0.2500],
        [0.2500, 0.2500, 0.2500, 0.2500],
        [0.2500, 0.2500, 0.2500, 0.2500],
        [0.2500, 0.2500, 0.2500, 0.2500],
        [0.2500, 0.2500, 0.2500, 0.2500],
        [0.2500, 0.2500, 0.2500, 0.2500],
        [0.2500, 0.2500, 0.2500, 0.2500],
        [0.2500, 0.2500, 0.2500, 0.2500],
        [0.2500, 0.2500, 0.2500, 0.2500],
        [0.2500, 0.2500, 0.2500, 0.2500],
        [0.2500, 0.2500, 0.2500, 0.2500],
        [0.2500, 0.2500, 0.2500, 0.2500],
        [0.2500, 0.2500, 0.2500, 0.2500],
        [0.2500, 0.2500, 0.2500, 0.2500],
        [0.2500, 0.2500, 0.2500, 0.2500],
        [0.2500, 0.2500, 0.2500, 0.2500],
        [0.2500, 0.2500, 0.2500, 0.2500],
        [0.2500, 0.2500, 0.2500, 0.2500],
        [0.2500, 0.2500, 0.2500, 0.2500],
        [0.2500, 0.2500, 0.2500, 0.2500],
        [0.2500, 0.2500, 0.2500, 0.2500],
        [0.2500, 0.2500, 0.2500, 0.2500],
        [0.2500, 0.2500, 0.2500, 0.2500],
        [0.2500, 0.2500, 0.2500, 0.2500],
        [0.2500, 0.2500, 0.2500, 0.2500],
        [0.2500, 0.2500, 0.2500, 0.2500],
        [0.2500, 0.2500, 0.2500, 0.2500],
        [0.2500, 0.2500, 0.2500, 0.2500],
        [0.2500, 0.2500, 0.2500, 0.2500],
        [0.2500, 0.2500, 0.2500, 0.2500],
        [0.2500, 0.2500, 0.2500, 0.2500],
        [0.2500, 0.2500, 0.2500, 0.2500],
        [0.2500, 0.2500, 0.2500, 0.2500],
        [0.2500, 0.2500, 0.2500, 0.2500],
        [0.2500, 0.2500, 0.2500, 0.2500],
        [0.2500, 0.2500, 0.2500, 0.2500],
        [0.2500, 0.2500, 0.2500, 0.2500],
        [0.2500, 0.2500, 0.2500, 0.2500],
        [0.2500, 0.2500, 0.2500, 0.2500],
        [0.2500, 0.2500, 0.2500, 0.2500],
        [0.2500, 0.2500, 0.2500, 0.2500],
        [0.2500, 0.2500, 0.2500, 0.2500],
        [0.2500, 0.2500, 0.2500, 0.2500],
        [0.2500, 0.2500, 0.2500, 0.2500],
        [0.2500, 0.2500, 0.2500, 0.2500],
        [0.2500, 0.2500, 0.2500, 0.2500],
        [0.2500, 0.2500, 0.2500, 0.2500],
        [0.2500, 0.2500, 0.2500, 0.2500],
        [0.2500, 0.2500, 0.2500, 0.2500],
        [0.2500, 0.2500, 0.2500, 0.2500],
        [0.2500, 0.2500, 0.2500, 0.2500],
        [0.2500, 0.2500, 0.2500, 0.2500],
        [0.2500, 0.2500, 0.2500, 0.2500],
        [0.2500, 0.2500, 0.2500, 0.2500],
        [0.2500, 0.2500, 0.2500, 0.2500],
        [0.2500, 0.2500, 0.2500, 0.2500],
        [0.2500, 0.2500, 0.2500, 0.2500],
        [0.2500, 0.2500, 0.2500, 0.2500],
        [0.2500, 0.2500, 0.2500, 0.2500],
        [0.2500, 0.2500, 0.2500, 0.2500],
        [0.2500, 0.2500, 0.2500, 0.2500],
        [0.2500, 0.2500, 0.2500, 0.2500],
        [0.2500, 0.2500, 0.2500, 0.2500],
        [0.2500, 0.2500, 0.2500, 0.2500],
        [0.2500, 0.2500, 0.2500, 0.2500],
        [0.2500, 0.2500, 0.2500, 0.2500],
        [0.2500, 0.2500, 0.2500, 0.2500],
        [0.2500, 0.2500, 0.2500, 0.2500],
        [0.2500, 0.2500, 0.2500, 0.2500],
        [0.2500, 0.2500, 0.2500, 0.2500],
        [0.2500, 0.2500, 0.2500, 0.2500],
        [0.2500, 0.2500, 0.2500, 0.2500],
        [0.2500, 0.2500, 0.2500, 0.2500],
        [0.2500, 0.2500, 0.2500, 0.2500],
        [0.2500, 0.2500, 0.2500, 0.2500],
        [0.2500, 0.2500, 0.2500, 0.2500],
        [0.2500, 0.2500, 0.2500, 0.2500],
        [0.2500, 0.2500, 0.2500, 0.2500],
        [0.2500, 0.2500, 0.2500, 0.2500],
        [0.2500, 0.2500, 0.2500, 0.2500],
        [0.2500, 0.2500, 0.2500, 0.2500],
        [0.2500, 0.2500, 0.2500, 0.2500],
        [0.2500, 0.2500, 0.2500, 0.2500],
        [0.2500, 0.2500, 0.2500, 0.2500],
        [0.2500, 0.2500, 0.2500, 0.2500],
        [0.2500, 0.2500, 0.2500, 0.2500],
        [0.2500, 0.2500, 0.2500, 0.2500],
        [0.2500, 0.2500, 0.2500, 0.2500],
        [0.2500, 0.2500, 0.2500, 0.2500],
        [0.2500, 0.2500, 0.2500, 0.2500],
        [0.2500, 0.2500, 0.2500, 0.2500],
        [0.2500, 0.2500, 0.2500, 0.2500],
        [0.2500, 0.2500, 0.2500, 0.2500],
        [0.2500, 0.2500, 0.2500, 0.2500],
        [0.2500, 0.2500, 0.2500, 0.2500],
        [0.2500, 0.2500, 0.2500, 0.2500],
        [0.2500, 0.2500, 0.2500, 0.2500],
        [0.2500, 0.2500, 0.2500, 0.2500],
        [0.2500, 0.2500, 0.2500, 0.2500],
        [0.2500, 0.2500, 0.2500, 0.2500]], device='cuda:7')
perception attention:tensor([0.9954, 0.0046], device='cuda:7')
Test set results: loss= 1.4464 accuracy= 0.6280 F1_score= 0.5746
