# epoch	loss_train	acc_train	loss_val	acc_val	time	acc_test	f1_test
0001	4.2492	0.0107	4.2424	0.0180	0.8964s	4.2436	0.0130	0.0116
0
0002	4.2348	0.0514	4.2226	0.1660	0.9602s	4.2238	0.1350	0.1279
0
0003	4.2080	0.2307	4.1946	0.1280	1.1782s	4.1957	0.1100	0.0958
0
0004	4.1727	0.1836	4.1534	0.1240	1.0206s	4.1549	0.1160	0.1029
0
0005	4.1223	0.1914	4.0957	0.1480	1.1238s	4.0979	0.1470	0.1181
0
0006	4.0529	0.2414	4.0197	0.2000	0.8560s	4.0228	0.1910	0.1582
0
0007	3.9616	0.2743	3.9263	0.2380	1.1614s	3.9298	0.2300	0.1939
0
0008	3.8539	0.3350	3.8167	0.2720	1.0506s	3.8200	0.2680	0.2378
0
0009	3.7187	0.3721	3.6932	0.3220	1.0132s	3.6959	0.3000	0.2697
0
0010	3.5804	0.4200	3.5583	0.3740	1.1540s	3.5604	0.3460	0.3170
0
0011	3.4276	0.4779	3.4159	0.4100	1.1017s	3.4168	0.3780	0.3508
0
0012	3.2631	0.5350	3.2668	0.4480	0.8815s	3.2679	0.4050	0.3724
0
0013	3.1004	0.5614	3.1150	0.4640	1.0829s	3.1176	0.4300	0.3871
0
0014	2.9351	0.5879	2.9641	0.4780	0.5997s	2.9691	0.4480	0.4009
0
0015	2.7758	0.6100	2.8161	0.4860	1.1091s	2.8248	0.4710	0.4206
0
0016	2.6280	0.6221	2.6707	0.5160	1.0154s	2.6852	0.4950	0.4355
0
0017	2.4913	0.6607	2.5310	0.5260	1.0820s	2.5542	0.5100	0.4571
0
0018	2.3480	0.6729	2.4025	0.5360	0.9336s	2.4346	0.5230	0.4755
0
0019	2.2408	0.6743	2.2869	0.5380	1.1471s	2.3283	0.5310	0.4798
0
0020	2.0911	0.7036	2.1815	0.5460	0.9039s	2.2325	0.5320	0.4793
0
0021	1.9993	0.7021	2.0911	0.5440	0.9920s	2.1500	0.5390	0.4845
0
0022	1.9122	0.7229	2.0158	0.5480	0.9939s	2.0794	0.5440	0.4931
0
0023	1.8036	0.7300	1.9534	0.5600	1.0792s	2.0189	0.5500	0.4939
0
0024	1.7168	0.7564	1.8985	0.5560	1.1744s	1.9651	0.5540	0.4940
0
0025	1.6393	0.7850	1.8514	0.5640	0.5175s	1.9189	0.5660	0.5045
0
0026	1.5739	0.7993	1.8100	0.5720	1.0608s	1.8777	0.5730	0.5136
0
0027	1.5238	0.8050	1.7714	0.5780	0.8927s	1.8399	0.5840	0.5231
0
0028	1.4492	0.8164	1.7391	0.5940	0.9456s	1.8097	0.5840	0.5239
0
0029	1.4192	0.8236	1.7118	0.6060	0.9786s	1.7852	0.5840	0.5236
0
0030	1.3727	0.8336	1.6902	0.6120	0.9517s	1.7653	0.5880	0.5236
0
0031	1.3354	0.8257	1.6738	0.6040	1.1087s	1.7485	0.5900	0.5256
0
0032	1.2880	0.8600	1.6581	0.6000	0.3722s	1.7307	0.5850	0.5175
0
0033	1.2655	0.8529	1.6403	0.6040	1.1870s	1.7121	0.5910	0.5228
0
0034	1.2379	0.8657	1.6204	0.6060	0.2791s	1.6943	0.5890	0.5266
0
0035	1.2309	0.8750	1.6052	0.6120	1.1950s	1.6820	0.5870	0.5210
0
0036	1.2107	0.8779	1.5944	0.6160	0.8176s	1.6702	0.5890	0.5217
0
0037	1.1823	0.8729	1.5872	0.6180	0.5413s	1.6615	0.6010	0.5351
0
0038	1.1604	0.8843	1.5810	0.6240	1.0358s	1.6551	0.5980	0.5346
0
0039	1.1312	0.9007	1.5725	0.6200	0.7416s	1.6468	0.5980	0.5340
0
0040	1.1103	0.8943	1.5644	0.6260	1.2545s	1.6381	0.6010	0.5371
0
0041	1.0894	0.9107	1.5542	0.6260	0.8258s	1.6270	0.6010	0.5359
0
0042	1.1039	0.9007	1.5426	0.6220	0.8754s	1.6161	0.5970	0.5363
0
0043	1.0729	0.8950	1.5341	0.6260	1.0229s	1.6062	0.6030	0.5445
0
0044	1.0574	0.9143	1.5284	0.6200	1.1320s	1.6003	0.6010	0.5395
0
0045	1.0393	0.9079	1.5258	0.6240	0.2856s	1.5986	0.5950	0.5331
0
0046	1.0506	0.9107	1.5244	0.6260	1.1376s	1.5997	0.5940	0.5322
0
0047	1.0378	0.9164	1.5244	0.6240	0.3271s	1.6012	0.5940	0.5369
0
0048	1.0223	0.9221	1.5214	0.6340	1.0900s	1.5980	0.6020	0.5525
0
0049	1.0236	0.9250	1.5177	0.6380	1.0550s	1.5923	0.6020	0.5522
0
0050	1.0105	0.9214	1.5133	0.6320	1.2299s	1.5871	0.6090	0.5594
0
0051	1.0024	0.9264	1.5048	0.6280	0.3093s	1.5800	0.6090	0.5571
0
0052	1.0227	0.9143	1.4998	0.6240	1.1031s	1.5756	0.6090	0.5565
0
0053	0.9981	0.9136	1.4980	0.6280	0.8511s	1.5728	0.6100	0.5536
0
0054	1.0070	0.9214	1.4953	0.6380	1.0012s	1.5706	0.6110	0.5533
0
0055	0.9902	0.9186	1.4920	0.6360	0.8975s	1.5691	0.6130	0.5592
0
0056	0.9919	0.9164	1.4874	0.6300	0.9693s	1.5676	0.6080	0.5533
0
0057	0.9800	0.9250	1.4833	0.6320	1.1432s	1.5658	0.6050	0.5535
0
0058	0.9764	0.9243	1.4823	0.6360	0.2659s	1.5654	0.6100	0.5601
0
0059	0.9645	0.9279	1.4793	0.6380	0.8279s	1.5627	0.6130	0.5608
0
0060	0.9715	0.9450	1.4781	0.6440	0.9485s	1.5594	0.6190	0.5696
0
0061	0.9750	0.9336	1.4749	0.6440	1.1317s	1.5539	0.6220	0.5734
0
0062	0.9876	0.9257	1.4701	0.6340	0.2838s	1.5481	0.6270	0.5752
0
0063	0.9712	0.9421	1.4653	0.6440	1.1984s	1.5451	0.6190	0.5666
0
0064	0.9789	0.9229	1.4623	0.6420	0.4563s	1.5461	0.6140	0.5588
0
0065	0.9755	0.9293	1.4599	0.6440	0.8018s	1.5447	0.6110	0.5538
0
0066	0.9760	0.9264	1.4582	0.6400	1.0575s	1.5422	0.6130	0.5580
0
0067	0.9737	0.9300	1.4565	0.6520	0.2618s	1.5385	0.6180	0.5696
0
0068	0.9519	0.9336	1.4565	0.6460	0.4033s	1.5352	0.6200	0.5725
0
0069	0.9493	0.9243	1.4542	0.6400	1.0132s	1.5325	0.6180	0.5685
1
0070	0.9638	0.9279	1.4514	0.6380	1.1222s	1.5298	0.6190	0.5680
0
0071	0.9640	0.9357	1.4490	0.6420	0.9781s	1.5294	0.6200	0.5648
0
0072	0.9719	0.9214	1.4480	0.6440	0.7994s	1.5282	0.6150	0.5607
0
0073	0.9570	0.9336	1.4455	0.6440	0.9132s	1.5264	0.6180	0.5661
0
0074	0.9531	0.9257	1.4424	0.6460	0.4183s	1.5238	0.6220	0.5697
0
0075	0.9642	0.9357	1.4395	0.6440	1.0424s	1.5222	0.6170	0.5721
0
0076	0.9701	0.9250	1.4381	0.6460	1.0819s	1.5204	0.6150	0.5727
0
0077	0.9642	0.9229	1.4390	0.6400	1.0456s	1.5197	0.6160	0.5743
0
0078	0.9737	0.9364	1.4407	0.6440	1.0422s	1.5198	0.6150	0.5640
1
0079	0.9466	0.9264	1.4392	0.6460	1.0460s	1.5184	0.6230	0.5717
2
0080	0.9380	0.9343	1.4319	0.6480	1.1591s	1.5132	0.6240	0.5722
3
0081	0.9477	0.9393	1.4240	0.6440	0.4244s	1.5089	0.6190	0.5746
0
0082	0.9396	0.9471	1.4197	0.6440	1.1868s	1.5078	0.6230	0.5792
0
0083	0.9459	0.9336	1.4198	0.6480	0.6372s	1.5084	0.6220	0.5740
0
0084	0.9295	0.9386	1.4256	0.6500	1.0456s	1.5114	0.6170	0.5653
1
0085	0.9424	0.9357	1.4297	0.6540	1.0572s	1.5131	0.6150	0.5619
2
0086	0.9512	0.9279	1.4290	0.6500	0.3831s	1.5125	0.6200	0.5655
0
0087	0.9316	0.9429	1.4234	0.6500	0.8196s	1.5070	0.6220	0.5699
1
0088	0.9514	0.9271	1.4177	0.6440	1.2754s	1.5036	0.6250	0.5813
2
0089	0.9512	0.9343	1.4145	0.6480	0.2474s	1.5017	0.6240	0.5809
0
0090	0.9219	0.9379	1.4102	0.6480	0.9583s	1.5006	0.6220	0.5782
0
0091	0.9311	0.9421	1.4050	0.6540	1.1706s	1.4972	0.6180	0.5738
0
0092	0.9460	0.9407	1.4024	0.6540	0.2817s	1.4938	0.6180	0.5725
0
0093	0.9408	0.9400	1.4041	0.6560	1.1851s	1.4928	0.6230	0.5782
0
0094	0.9313	0.9336	1.4072	0.6600	0.5003s	1.4954	0.6230	0.5702
0
0095	0.9342	0.9400	1.4099	0.6520	1.0960s	1.5003	0.6260	0.5735
0
0096	0.9293	0.9321	1.4103	0.6560	1.0410s	1.5037	0.6280	0.5777
1
0097	0.9264	0.9314	1.4044	0.6600	0.3294s	1.5003	0.6240	0.5720
2
0098	0.9063	0.9443	1.3975	0.6620	1.1708s	1.4931	0.6220	0.5709
0
0099	0.9259	0.9471	1.3894	0.6560	0.9310s	1.4835	0.6230	0.5825
0
0100	0.9299	0.9336	1.3846	0.6580	0.6796s	1.4770	0.6270	0.5825
0
0101	0.9260	0.9386	1.3821	0.6660	0.6124s	1.4729	0.6270	0.5820
0
0102	0.9076	0.9336	1.3833	0.6600	1.0927s	1.4743	0.6250	0.5778
0
0103	0.9136	0.9436	1.3844	0.6560	0.3261s	1.4776	0.6240	0.5691
1
0104	0.9266	0.9407	1.3859	0.6580	1.1511s	1.4804	0.6230	0.5689
2
0105	0.9000	0.9500	1.3866	0.6540	0.4201s	1.4823	0.6220	0.5673
3
0106	0.9270	0.9264	1.3864	0.6560	1.1310s	1.4814	0.6290	0.5794
4
0107	0.8938	0.9421	1.3878	0.6620	1.3669s	1.4809	0.6260	0.5797
5
0108	0.9111	0.9329	1.3907	0.6640	0.4287s	1.4802	0.6280	0.5875
6
0109	0.8922	0.9471	1.3912	0.6680	0.8015s	1.4772	0.6330	0.5889
7
0110	0.8956	0.9400	1.3875	0.6660	1.0533s	1.4725	0.6250	0.5790
0
0111	0.9027	0.9464	1.3822	0.6580	1.2259s	1.4677	0.6250	0.5800
1
0112	0.8983	0.9514	1.3771	0.6580	1.1436s	1.4663	0.6220	0.5756
2
0113	0.8851	0.9564	1.3745	0.6660	0.4397s	1.4679	0.6180	0.5727
0
0114	0.8950	0.9429	1.3751	0.6720	1.0180s	1.4706	0.6230	0.5766
0
0115	0.9001	0.9407	1.3789	0.6720	0.2635s	1.4749	0.6220	0.5760
0
0116	0.8906	0.9321	1.3832	0.6680	1.1849s	1.4788	0.6300	0.5849
0
0117	0.8893	0.9407	1.3836	0.6560	1.0494s	1.4799	0.6270	0.5741
1
0118	0.8973	0.9500	1.3834	0.6580	0.2603s	1.4774	0.6200	0.5697
2
0119	0.8937	0.9464	1.3828	0.6640	1.3418s	1.4759	0.6200	0.5797
3
0120	0.9021	0.9329	1.3780	0.6600	0.9522s	1.4730	0.6210	0.5791
4
0121	0.8877	0.9550	1.3716	0.6600	1.2429s	1.4686	0.6250	0.5826
5
0122	0.8979	0.9343	1.3707	0.6580	1.2528s	1.4668	0.6300	0.5825
0
0123	0.8853	0.9464	1.3721	0.6600	1.0206s	1.4671	0.6290	0.5808
0
0124	0.8834	0.9471	1.3743	0.6620	1.2312s	1.4686	0.6250	0.5799
1
0125	0.8837	0.9457	1.3779	0.6580	1.1087s	1.4714	0.6210	0.5773
2
0126	0.8678	0.9429	1.3783	0.6660	1.0858s	1.4715	0.6200	0.5807
3
0127	0.8752	0.9479	1.3753	0.6620	0.3581s	1.4711	0.6160	0.5745
4
0128	0.8930	0.9429	1.3694	0.6560	1.1332s	1.4676	0.6220	0.5808
5
0129	0.8887	0.9436	1.3660	0.6580	0.6224s	1.4632	0.6270	0.5738
0
0130	0.8809	0.9536	1.3653	0.6600	1.2640s	1.4603	0.6270	0.5684
0
0131	0.8745	0.9450	1.3669	0.6580	1.1745s	1.4599	0.6290	0.5722
0
0132	0.8901	0.9429	1.3704	0.6600	1.0463s	1.4647	0.6280	0.5831
1
0133	0.8737	0.9400	1.3746	0.6640	1.0389s	1.4713	0.6210	0.5784
2
0134	0.8906	0.9321	1.3793	0.6620	1.2285s	1.4779	0.6190	0.5766
3
0135	0.8877	0.9364	1.3795	0.6660	0.2671s	1.4809	0.6200	0.5740
4
0136	0.8818	0.9514	1.3739	0.6660	1.2677s	1.4780	0.6240	0.5716
5
0137	0.8833	0.9443	1.3689	0.6660	0.2773s	1.4738	0.6220	0.5677
6
0138	0.8819	0.9429	1.3633	0.6620	0.9453s	1.4658	0.6240	0.5673
7
0139	0.8855	0.9507	1.3595	0.6600	0.2670s	1.4612	0.6250	0.5641
0
0140	0.8745	0.9486	1.3587	0.6620	1.0977s	1.4583	0.6290	0.5775
0
0141	0.8822	0.9507	1.3586	0.6580	0.2500s	1.4596	0.6300	0.5837
0
0142	0.8761	0.9543	1.3583	0.6620	0.6377s	1.4622	0.6290	0.5836
0
0143	0.8802	0.9550	1.3594	0.6620	1.1725s	1.4659	0.6220	0.5784
0
0144	0.8711	0.9436	1.3611	0.6660	0.3915s	1.4679	0.6270	0.5870
1
0145	0.8726	0.9393	1.3632	0.6700	0.3643s	1.4693	0.6240	0.5740
2
0146	0.8713	0.9486	1.3613	0.6620	0.8138s	1.4660	0.6210	0.5692
3
0147	0.8635	0.9414	1.3575	0.6540	1.2110s	1.4619	0.6230	0.5707
4
0148	0.8934	0.9414	1.3551	0.6580	1.0736s	1.4596	0.6240	0.5708
0
0149	0.8669	0.9471	1.3529	0.6580	0.9305s	1.4599	0.6280	0.5764
0
0150	0.8767	0.9400	1.3526	0.6620	0.9882s	1.4622	0.6240	0.5667
0
0151	0.8737	0.9493	1.3555	0.6540	1.2256s	1.4641	0.6290	0.5782
0
0152	0.8699	0.9529	1.3618	0.6540	0.2949s	1.4682	0.6290	0.5819
1
0153	0.8702	0.9443	1.3658	0.6580	1.1226s	1.4704	0.6260	0.5788
2
0154	0.8625	0.9464	1.3662	0.6660	0.8668s	1.4710	0.6230	0.5770
3
0155	0.8519	0.9621	1.3648	0.6600	1.2006s	1.4699	0.6230	0.5729
4
0156	0.8839	0.9386	1.3617	0.6620	1.2224s	1.4678	0.6240	0.5724
5
0157	0.8513	0.9514	1.3586	0.6560	1.0569s	1.4631	0.6250	0.5802
6
0158	0.8648	0.9550	1.3587	0.6520	1.0231s	1.4605	0.6340	0.5879
7
0159	0.8681	0.9407	1.3631	0.6540	0.9701s	1.4628	0.6310	0.5866
8
0160	0.8558	0.9550	1.3638	0.6580	1.3041s	1.4658	0.6320	0.5836
9
0161	0.8830	0.9536	1.3626	0.6600	0.7855s	1.4680	0.6270	0.5797
10
0162	0.8839	0.9450	1.3601	0.6620	1.1965s	1.4718	0.6230	0.5667
11
0163	0.8731	0.9421	1.3556	0.6680	0.9594s	1.4727	0.6220	0.5638
12
0164	0.8794	0.9443	1.3530	0.6740	1.1672s	1.4699	0.6210	0.5627
13
0165	0.8842	0.9414	1.3534	0.6720	0.6469s	1.4668	0.6300	0.5727
0
0166	0.8642	0.9564	1.3554	0.6680	1.3758s	1.4629	0.6330	0.5775
1
0167	0.8556	0.9479	1.3589	0.6700	0.2925s	1.4621	0.6330	0.5883
2
0168	0.8531	0.9507	1.3599	0.6600	0.8819s	1.4626	0.6270	0.5820
3
0169	0.8701	0.9450	1.3592	0.6560	1.0648s	1.4656	0.6290	0.5858
4
0170	0.8710	0.9543	1.3594	0.6560	1.2260s	1.4678	0.6220	0.5713
5
0171	0.8666	0.9464	1.3560	0.6520	0.4515s	1.4623	0.6260	0.5741
6
0172	0.8559	0.9464	1.3543	0.6560	1.2002s	1.4579	0.6240	0.5690
7
0173	0.8700	0.9464	1.3581	0.6580	0.7711s	1.4589	0.6260	0.5717
8
0174	0.8595	0.9436	1.3611	0.6520	1.1751s	1.4598	0.6250	0.5713
9
0175	0.8592	0.9486	1.3610	0.6600	1.0216s	1.4598	0.6320	0.5822
10
0176	0.8630	0.9514	1.3603	0.6660	1.1291s	1.4592	0.6350	0.5862
11
0177	0.8722	0.9436	1.3582	0.6660	0.2592s	1.4591	0.6300	0.5809
12
0178	0.8763	0.9471	1.3581	0.6640	1.3456s	1.4592	0.6330	0.5830
13
0179	0.8760	0.9536	1.3620	0.6640	0.9779s	1.4617	0.6300	0.5799
14
0180	0.8587	0.9507	1.3643	0.6580	1.2252s	1.4634	0.6320	0.5831
15
0181	0.8562	0.9557	1.3626	0.6600	0.5143s	1.4640	0.6270	0.5762
16
0182	0.8629	0.9436	1.3553	0.6700	0.8874s	1.4600	0.6250	0.5766
17
0183	0.8644	0.9421	1.3495	0.6760	1.0700s	1.4568	0.6270	0.5755
18
0184	0.8625	0.9536	1.3488	0.6720	1.0011s	1.4562	0.6290	0.5818
0
0185	0.8719	0.9579	1.3475	0.6740	0.9673s	1.4552	0.6300	0.5799
0
0186	0.8654	0.9507	1.3495	0.6760	0.2778s	1.4569	0.6360	0.5780
0
0187	0.8714	0.9400	1.3553	0.6660	1.2220s	1.4620	0.6320	0.5761
0
0188	0.8546	0.9593	1.3587	0.6620	0.5380s	1.4663	0.6310	0.5782
1
0189	0.8722	0.9521	1.3583	0.6620	1.0220s	1.4656	0.6270	0.5771
2
0190	0.8797	0.9479	1.3533	0.6680	1.0514s	1.4629	0.6210	0.5716
3
0191	0.8515	0.9486	1.3492	0.6720	1.1324s	1.4594	0.6250	0.5844
4
0192	0.8534	0.9450	1.3464	0.6760	0.7585s	1.4554	0.6250	0.5842
5
0193	0.8513	0.9493	1.3463	0.6720	1.1972s	1.4512	0.6250	0.5778
0
0194	0.8413	0.9479	1.3487	0.6720	0.4228s	1.4524	0.6240	0.5754
0
0195	0.8557	0.9507	1.3496	0.6760	1.1981s	1.4555	0.6260	0.5700
1
0196	0.8652	0.9436	1.3486	0.6680	1.0175s	1.4587	0.6280	0.5711
0
0197	0.8499	0.9507	1.3478	0.6720	1.2876s	1.4609	0.6250	0.5657
1
0198	0.8587	0.9507	1.3503	0.6600	1.0841s	1.4650	0.6240	0.5678
2
0199	0.8593	0.9443	1.3535	0.6600	1.2164s	1.4673	0.6230	0.5737
3
0200	0.8689	0.9529	1.3544	0.6580	0.3325s	1.4653	0.6280	0.5756
4
0201	0.8587	0.9521	1.3576	0.6640	1.2017s	1.4653	0.6300	0.5769
5
0202	0.8743	0.9436	1.3618	0.6620	1.1241s	1.4667	0.6230	0.5762
6
0203	0.8666	0.9564	1.3588	0.6720	1.1901s	1.4650	0.6190	0.5729
7
0204	0.8537	0.9457	1.3487	0.6660	0.8801s	1.4606	0.6250	0.5786
8
0205	0.8664	0.9400	1.3390	0.6640	0.7875s	1.4597	0.6210	0.5622
9
0206	0.8677	0.9407	1.3358	0.6680	0.8084s	1.4649	0.6210	0.5627
0
0207	0.8394	0.9479	1.3395	0.6740	0.9716s	1.4691	0.6190	0.5606
0
0208	0.8607	0.9521	1.3475	0.6660	0.9789s	1.4734	0.6230	0.5701
1
0209	0.8569	0.9457	1.3568	0.6620	1.0013s	1.4755	0.6240	0.5740
2
0210	0.8517	0.9643	1.3622	0.6600	1.0791s	1.4730	0.6220	0.5760
3
0211	0.8494	0.9414	1.3627	0.6620	0.3759s	1.4700	0.6260	0.5797
4
0212	0.8590	0.9500	1.3561	0.6540	1.2632s	1.4644	0.6320	0.5860
5
0213	0.8614	0.9536	1.3481	0.6600	1.1617s	1.4608	0.6300	0.5811
6
0214	0.8535	0.9421	1.3454	0.6660	1.0323s	1.4635	0.6240	0.5654
7
0215	0.8523	0.9386	1.3478	0.6720	0.3169s	1.4684	0.6210	0.5616
8
0216	0.8604	0.9514	1.3550	0.6620	1.1645s	1.4719	0.6180	0.5607
9
0217	0.8696	0.9429	1.3620	0.6640	1.1669s	1.4738	0.6260	0.5666
10
0218	0.8572	0.9500	1.3655	0.6620	0.3425s	1.4708	0.6270	0.5766
11
0219	0.8590	0.9529	1.3652	0.6520	1.1015s	1.4673	0.6290	0.5790
12
0220	0.8609	0.9450	1.3610	0.6540	1.1573s	1.4642	0.6220	0.5762
13
0221	0.8606	0.9536	1.3574	0.6520	1.0551s	1.4630	0.6240	0.5772
14
0222	0.8634	0.9493	1.3572	0.6580	1.0743s	1.4635	0.6210	0.5725
15
0223	0.8589	0.9571	1.3589	0.6580	1.2240s	1.4628	0.6160	0.5680
16
0224	0.8446	0.9543	1.3603	0.6620	0.9815s	1.4618	0.6180	0.5717
17
0225	0.8609	0.9550	1.3593	0.6660	0.8866s	1.4577	0.6170	0.5714
18
0226	0.8450	0.9457	1.3575	0.6680	0.8556s	1.4560	0.6180	0.5751
19
0227	0.8686	0.9650	1.3549	0.6680	1.2830s	1.4554	0.6220	0.5773
20
0228	0.8653	0.9393	1.3542	0.6660	0.2720s	1.4552	0.6220	0.5797
21
0229	0.8512	0.9507	1.3535	0.6580	0.8811s	1.4550	0.6250	0.5758
22
0230	0.8601	0.9450	1.3549	0.6620	1.0406s	1.4568	0.6310	0.5825
23
0231	0.8553	0.9457	1.3581	0.6600	1.2882s	1.4591	0.6290	0.5807
24
0232	0.8543	0.9550	1.3559	0.6560	0.8906s	1.4572	0.6240	0.5734
25
0233	0.8457	0.9450	1.3544	0.6660	1.3269s	1.4569	0.6230	0.5816
26
0234	0.8577	0.9500	1.3514	0.6680	0.8986s	1.4548	0.6250	0.5823
27
0235	0.8391	0.9586	1.3499	0.6700	1.2025s	1.4539	0.6260	0.5830
28
0236	0.8565	0.9500	1.3502	0.6720	0.9153s	1.4531	0.6250	0.5820
29
0237	0.8586	0.9493	1.3526	0.6680	1.2042s	1.4542	0.6250	0.5843
30
0238	0.8634	0.9479	1.3554	0.6640	0.7868s	1.4573	0.6270	0.5871
31
0239	0.8511	0.9543	1.3550	0.6640	1.1784s	1.4573	0.6290	0.5891
32
0240	0.8630	0.9464	1.3538	0.6680	0.9104s	1.4569	0.6280	0.5841
33
0241	0.8496	0.9486	1.3566	0.6700	0.4448s	1.4589	0.6240	0.5808
34
0242	0.8482	0.9521	1.3585	0.6720	1.1574s	1.4605	0.6220	0.5753
35
0243	0.8417	0.9500	1.3568	0.6680	1.0001s	1.4593	0.6250	0.5775
36
0244	0.8648	0.9514	1.3554	0.6720	1.1690s	1.4576	0.6280	0.5814
37
0245	0.8584	0.9486	1.3520	0.6740	0.5218s	1.4550	0.6300	0.5812
38
0246	0.8699	0.9536	1.3510	0.6660	1.2886s	1.4541	0.6300	0.5725
39
0247	0.8642	0.9557	1.3489	0.6720	0.7405s	1.4536	0.6310	0.5755
40
0248	0.8626	0.9507	1.3476	0.6700	1.3256s	1.4509	0.6290	0.5808
41
0249	0.8494	0.9507	1.3493	0.6680	0.5974s	1.4489	0.6270	0.5795
42
0250	0.8449	0.9471	1.3512	0.6620	1.3353s	1.4497	0.6260	0.5815
43
0251	0.8408	0.9536	1.3530	0.6660	1.0531s	1.4533	0.6230	0.5768
44
0252	0.8561	0.9550	1.3541	0.6600	0.6892s	1.4576	0.6220	0.5753
45
0253	0.8717	0.9557	1.3554	0.6580	0.8075s	1.4633	0.6280	0.5720
46
0254	0.8518	0.9543	1.3572	0.6600	1.2059s	1.4697	0.6260	0.5672
47
0255	0.8397	0.9521	1.3572	0.6600	1.0252s	1.4688	0.6210	0.5638
48
0256	0.8563	0.9521	1.3561	0.6580	1.1599s	1.4629	0.6260	0.5698
49
0257	0.8376	0.9529	1.3543	0.6700	0.9718s	1.4553	0.6260	0.5712
50
0258	0.8671	0.9500	1.3558	0.6720	0.5514s	1.4523	0.6240	0.5729
51
0259	0.8534	0.9564	1.3585	0.6680	1.3158s	1.4537	0.6200	0.5703
52
0260	0.8479	0.9514	1.3600	0.6660	1.0218s	1.4569	0.6220	0.5741
53
0261	0.8451	0.9579	1.3621	0.6580	1.1705s	1.4623	0.6200	0.5772
54
0262	0.8448	0.9507	1.3604	0.6600	1.0648s	1.4626	0.6200	0.5741
55
0263	0.8691	0.9486	1.3588	0.6640	0.5222s	1.4606	0.6230	0.5670
56
0264	0.8464	0.9614	1.3572	0.6640	1.2206s	1.4588	0.6230	0.5782
57
0265	0.8366	0.9593	1.3561	0.6600	1.1542s	1.4563	0.6260	0.5800
58
0266	0.8457	0.9479	1.3545	0.6600	0.9560s	1.4522	0.6270	0.5772
59
0267	0.8563	0.9593	1.3530	0.6680	0.9573s	1.4472	0.6240	0.5724
60
0268	0.8559	0.9493	1.3524	0.6740	1.0778s	1.4472	0.6280	0.5812
61
0269	0.8623	0.9493	1.3507	0.6640	1.0836s	1.4510	0.6240	0.5674
62
0270	0.8599	0.9486	1.3476	0.6640	0.5825s	1.4560	0.6200	0.5617
63
0271	0.8587	0.9586	1.3485	0.6680	1.2644s	1.4616	0.6210	0.5625
64
0272	0.8509	0.9486	1.3535	0.6660	0.9511s	1.4662	0.6200	0.5646
65
0273	0.8478	0.9571	1.3600	0.6680	1.2747s	1.4699	0.6210	0.5660
66
0274	0.8500	0.9443	1.3686	0.6660	1.2047s	1.4742	0.6210	0.5689
67
0275	0.8339	0.9614	1.3708	0.6680	0.9918s	1.4756	0.6220	0.5708
68
0276	0.8633	0.9450	1.3647	0.6680	1.0438s	1.4734	0.6220	0.5699
69
0277	0.8388	0.9521	1.3591	0.6660	1.0488s	1.4682	0.6300	0.5750
70
0278	0.8655	0.9471	1.3552	0.6600	1.1512s	1.4630	0.6260	0.5756
71
0279	0.8487	0.9536	1.3535	0.6600	1.0290s	1.4604	0.6250	0.5719
72
0280	0.8666	0.9500	1.3572	0.6580	1.1206s	1.4615	0.6240	0.5722
73
0281	0.8412	0.9564	1.3607	0.6520	0.9667s	1.4623	0.6250	0.5752
74
0282	0.8505	0.9421	1.3629	0.6660	1.1049s	1.4621	0.6240	0.5751
75
0283	0.8595	0.9543	1.3624	0.6660	1.0426s	1.4617	0.6220	0.5735
76
0284	0.8479	0.9571	1.3600	0.6700	1.0200s	1.4595	0.6240	0.5772
77
0285	0.8573	0.9479	1.3616	0.6620	0.9332s	1.4589	0.6270	0.5777
78
0286	0.8466	0.9521	1.3617	0.6680	1.3055s	1.4577	0.6280	0.5779
79
0287	0.8389	0.9500	1.3648	0.6660	1.0164s	1.4606	0.6280	0.5845
80
0288	0.8512	0.9571	1.3660	0.6600	1.1958s	1.4613	0.6270	0.5824
81
0289	0.8454	0.9500	1.3615	0.6560	0.9964s	1.4596	0.6260	0.5765
82
0290	0.8456	0.9564	1.3528	0.6600	1.0358s	1.4574	0.6230	0.5625
83
0291	0.8514	0.9400	1.3456	0.6560	0.4135s	1.4545	0.6220	0.5650
84
0292	0.8590	0.9436	1.3452	0.6620	1.2094s	1.4533	0.6240	0.5709
85
0293	0.8559	0.9471	1.3477	0.6700	0.7982s	1.4531	0.6270	0.5843
86
0294	0.8367	0.9514	1.3558	0.6680	1.2454s	1.4571	0.6290	0.5913
87
0295	0.8504	0.9493	1.3651	0.6600	0.9375s	1.4627	0.6290	0.5801
88
0296	0.8463	0.9543	1.3689	0.6540	1.0904s	1.4661	0.6290	0.5771
89
0297	0.8668	0.9443	1.3649	0.6560	0.3317s	1.4669	0.6240	0.5689
90
0298	0.8399	0.9500	1.3574	0.6580	1.2090s	1.4641	0.6230	0.5664
91
0299	0.8400	0.9457	1.3500	0.6620	0.5283s	1.4589	0.6250	0.5681
92
0300	0.8401	0.9479	1.3491	0.6640	0.8479s	1.4580	0.6260	0.5743
93
0301	0.8618	0.9429	1.3515	0.6640	1.1354s	1.4595	0.6240	0.5717
94
0302	0.8515	0.9443	1.3571	0.6620	1.0216s	1.4651	0.6220	0.5726
95
0303	0.8449	0.9436	1.3614	0.6660	0.9602s	1.4689	0.6220	0.5731
96
0304	0.8468	0.9571	1.3601	0.6620	1.1988s	1.4691	0.6220	0.5678
97
0305	0.8503	0.9521	1.3563	0.6640	1.0216s	1.4662	0.6260	0.5702
98
0306	0.8315	0.9479	1.3521	0.6600	1.0829s	1.4624	0.6240	0.5678
99
0307	0.8514	0.9443	1.3476	0.6680	0.9732s	1.4578	0.6220	0.5643
100
0308	0.8477	0.9529	1.3466	0.6800	0.5854s	1.4542	0.6250	0.5681
101
0309	0.8376	0.9436	1.3474	0.6740	1.1275s	1.4542	0.6210	0.5656
0
0310	0.8464	0.9521	1.3455	0.6700	0.7980s	1.4532	0.6220	0.5680
1
0311	0.8643	0.9464	1.3464	0.6660	1.1806s	1.4556	0.6200	0.5653
2
0312	0.8399	0.9543	1.3503	0.6600	1.1595s	1.4617	0.6220	0.5687
3
0313	0.8540	0.9493	1.3520	0.6600	1.0764s	1.4651	0.6250	0.5701
4
0314	0.8506	0.9543	1.3524	0.6560	1.2177s	1.4643	0.6280	0.5709
5
0315	0.8481	0.9621	1.3496	0.6620	1.0518s	1.4577	0.6280	0.5707
6
0316	0.8564	0.9586	1.3486	0.6660	1.2038s	1.4521	0.6300	0.5828
7
0317	0.8411	0.9479	1.3479	0.6620	1.0884s	1.4509	0.6250	0.5726
8
0318	0.8683	0.9536	1.3481	0.6600	0.9435s	1.4552	0.6200	0.5659
9
0319	0.8458	0.9529	1.3506	0.6680	0.9821s	1.4620	0.6160	0.5597
10
0320	0.8567	0.9579	1.3520	0.6700	0.5842s	1.4681	0.6210	0.5658
11
0321	0.8518	0.9493	1.3538	0.6660	1.1395s	1.4708	0.6210	0.5681
12
0322	0.8435	0.9443	1.3547	0.6660	1.1180s	1.4684	0.6270	0.5748
13
0323	0.8406	0.9529	1.3555	0.6640	0.6497s	1.4607	0.6310	0.5786
14
0324	0.8387	0.9507	1.3539	0.6620	1.0300s	1.4525	0.6320	0.5762
15
0325	0.8566	0.9443	1.3512	0.6640	0.9647s	1.4470	0.6330	0.5774
16
0326	0.8521	0.9536	1.3511	0.6640	1.2726s	1.4477	0.6280	0.5724
17
0327	0.8401	0.9486	1.3503	0.6640	0.5970s	1.4532	0.6210	0.5669
18
0328	0.8559	0.9521	1.3536	0.6680	1.1972s	1.4612	0.6190	0.5657
19
0329	0.8274	0.9514	1.3575	0.6640	0.2880s	1.4677	0.6190	0.5675
20
0330	0.8359	0.9600	1.3594	0.6660	1.0579s	1.4703	0.6230	0.5713
21
0331	0.8515	0.9421	1.3584	0.6660	0.2461s	1.4675	0.6210	0.5662
22
0332	0.8535	0.9471	1.3597	0.6660	1.1288s	1.4641	0.6240	0.5784
23
0333	0.8617	0.9529	1.3640	0.6620	0.8448s	1.4635	0.6220	0.5776
24
0334	0.8512	0.9486	1.3661	0.6600	1.3006s	1.4644	0.6220	0.5682
25
0335	0.8502	0.9507	1.3667	0.6540	0.5755s	1.4643	0.6220	0.5674
26
0336	0.8513	0.9564	1.3676	0.6540	1.1310s	1.4654	0.6230	0.5703
27
0337	0.8403	0.9529	1.3669	0.6520	0.9890s	1.4656	0.6210	0.5684
28
0338	0.8395	0.9479	1.3645	0.6580	1.3854s	1.4641	0.6250	0.5730
29
0339	0.8420	0.9471	1.3602	0.6600	0.2593s	1.4614	0.6230	0.5713
30
0340	0.8461	0.9586	1.3541	0.6620	1.3332s	1.4586	0.6260	0.5821
31
0341	0.8595	0.9421	1.3517	0.6580	0.8515s	1.4604	0.6260	0.5828
32
0342	0.8443	0.9436	1.3526	0.6580	1.1828s	1.4639	0.6260	0.5851
33
0343	0.8629	0.9521	1.3535	0.6560	0.4723s	1.4648	0.6180	0.5684
34
0344	0.8612	0.9450	1.3533	0.6600	1.1643s	1.4621	0.6150	0.5617
35
0345	0.8440	0.9436	1.3583	0.6580	1.0909s	1.4637	0.6220	0.5686
36
0346	0.8418	0.9550	1.3592	0.6660	0.4570s	1.4629	0.6280	0.5749
37
0347	0.8502	0.9579	1.3557	0.6680	0.7135s	1.4615	0.6260	0.5748
38
0348	0.8417	0.9536	1.3518	0.6640	1.1448s	1.4639	0.6270	0.5742
39
0349	0.8502	0.9479	1.3502	0.6620	1.0536s	1.4675	0.6290	0.5741
40
0350	0.8383	0.9557	1.3491	0.6640	1.0091s	1.4698	0.6240	0.5689
41
0351	0.8475	0.9521	1.3499	0.6700	0.9353s	1.4687	0.6220	0.5649
42
0352	0.8508	0.9529	1.3530	0.6720	1.2319s	1.4680	0.6190	0.5696
43
0353	0.8546	0.9464	1.3603	0.6700	0.4804s	1.4691	0.6260	0.5796
44
0354	0.8547	0.9600	1.3618	0.6680	1.1869s	1.4689	0.6240	0.5806
45
0355	0.8496	0.9486	1.3575	0.6680	1.0099s	1.4661	0.6270	0.5818
46
0356	0.8490	0.9507	1.3489	0.6640	1.2509s	1.4626	0.6300	0.5709
47
0357	0.8470	0.9464	1.3426	0.6640	1.1947s	1.4589	0.6350	0.5774
48
0358	0.8541	0.9493	1.3396	0.6640	0.3188s	1.4550	0.6340	0.5779
49
0359	0.8495	0.9479	1.3466	0.6680	0.2934s	1.4562	0.6280	0.5680
50
0360	0.8574	0.9564	1.3573	0.6660	1.0990s	1.4592	0.6220	0.5665
51
0361	0.8584	0.9586	1.3664	0.6680	0.9153s	1.4644	0.6200	0.5660
52
0362	0.8430	0.9443	1.3673	0.6620	1.1436s	1.4657	0.6200	0.5657
53
0363	0.8441	0.9500	1.3584	0.6700	1.0849s	1.4626	0.6190	0.5630
54
0364	0.8532	0.9479	1.3491	0.6700	0.4552s	1.4607	0.6240	0.5660
55
0365	0.8462	0.9564	1.3425	0.6660	1.3061s	1.4583	0.6250	0.5668
56
0366	0.8424	0.9450	1.3423	0.6680	0.9071s	1.4555	0.6280	0.5723
57
0367	0.8419	0.9536	1.3470	0.6660	1.3091s	1.4541	0.6340	0.5795
58
0368	0.8602	0.9521	1.3550	0.6660	1.1374s	1.4574	0.6250	0.5716
59
0369	0.8643	0.9457	1.3590	0.6720	0.6003s	1.4601	0.6250	0.5728
60
0370	0.8331	0.9536	1.3584	0.6760	1.1020s	1.4612	0.6270	0.5707
61
0371	0.8379	0.9550	1.3555	0.6760	1.1495s	1.4613	0.6210	0.5649
62
0372	0.8398	0.9586	1.3549	0.6760	0.4406s	1.4630	0.6210	0.5669
63
0373	0.8536	0.9450	1.3552	0.6720	1.1177s	1.4630	0.6180	0.5637
64
0374	0.8403	0.9636	1.3574	0.6680	0.6149s	1.4609	0.6200	0.5773
65
0375	0.8391	0.9557	1.3582	0.6700	0.8952s	1.4585	0.6210	0.5783
66
0376	0.8420	0.9550	1.3575	0.6720	1.2384s	1.4587	0.6270	0.5844
67
0377	0.8289	0.9543	1.3540	0.6720	0.7751s	1.4563	0.6280	0.5739
68
0378	0.8546	0.9543	1.3511	0.6700	1.1515s	1.4541	0.6310	0.5736
69
0379	0.8572	0.9600	1.3483	0.6740	1.1861s	1.4535	0.6320	0.5742
70
0380	0.8431	0.9371	1.3492	0.6780	1.0804s	1.4548	0.6260	0.5716
71
0381	0.8517	0.9529	1.3496	0.6740	0.9934s	1.4563	0.6240	0.5718
72
0382	0.8518	0.9507	1.3519	0.6740	1.1470s	1.4587	0.6270	0.5743
73
0383	0.8501	0.9607	1.3548	0.6680	0.7336s	1.4599	0.6240	0.5699
74
0384	0.8435	0.9521	1.3569	0.6680	1.2793s	1.4580	0.6320	0.5840
75
0385	0.8388	0.9429	1.3598	0.6640	0.9134s	1.4586	0.6340	0.5854
76
0386	0.8525	0.9479	1.3600	0.6720	1.1827s	1.4598	0.6320	0.5838
77
0387	0.8509	0.9529	1.3598	0.6700	0.9328s	1.4612	0.6260	0.5797
78
0388	0.8558	0.9507	1.3588	0.6640	1.1244s	1.4637	0.6240	0.5691
79
0389	0.8468	0.9486	1.3554	0.6620	0.9308s	1.4619	0.6210	0.5669
80
0390	0.8612	0.9521	1.3528	0.6640	1.2185s	1.4580	0.6190	0.5646
81
0391	0.8423	0.9507	1.3541	0.6620	0.2546s	1.4582	0.6270	0.5713
82
0392	0.8516	0.9507	1.3563	0.6660	1.2251s	1.4612	0.6230	0.5753
83
0393	0.8564	0.9543	1.3591	0.6660	0.3085s	1.4666	0.6220	0.5746
84
0394	0.8383	0.9486	1.3589	0.6620	0.9338s	1.4684	0.6230	0.5753
85
0395	0.8424	0.9500	1.3557	0.6660	1.2559s	1.4662	0.6310	0.5879
86
0396	0.8458	0.9514	1.3514	0.6620	0.9226s	1.4606	0.6320	0.5885
87
0397	0.8475	0.9536	1.3509	0.6580	1.2005s	1.4564	0.6290	0.5881
88
0398	0.8371	0.9586	1.3519	0.6520	0.9161s	1.4525	0.6220	0.5803
89
0399	0.8330	0.9507	1.3537	0.6560	0.9347s	1.4532	0.6240	0.5838
90
0400	0.8532	0.9521	1.3568	0.6580	0.6528s	1.4582	0.6260	0.5829
91
0401	0.8422	0.9443	1.3586	0.6640	1.2759s	1.4668	0.6200	0.5758
92
0402	0.8385	0.9507	1.3565	0.6560	0.8364s	1.4711	0.6240	0.5791
93
0403	0.8472	0.9536	1.3548	0.6680	1.1214s	1.4705	0.6240	0.5794
94
0404	0.8472	0.9493	1.3517	0.6680	0.2714s	1.4662	0.6290	0.5745
95
0405	0.8398	0.9443	1.3504	0.6640	1.1196s	1.4636	0.6280	0.5716
96
0406	0.8453	0.9671	1.3486	0.6620	0.6490s	1.4599	0.6240	0.5762
97
0407	0.8581	0.9493	1.3460	0.6580	1.1046s	1.4570	0.6290	0.5813
98
0408	0.8547	0.9471	1.3458	0.6620	1.0484s	1.4563	0.6310	0.5830
99
0409	0.8386	0.9493	1.3465	0.6600	1.0076s	1.4571	0.6280	0.5826
100
0410	0.8350	0.9586	1.3491	0.6620	1.0139s	1.4603	0.6290	0.5837
101
0411	0.8380	0.9514	1.3506	0.6640	0.9347s	1.4638	0.6320	0.5777
102
0412	0.8396	0.9436	1.3521	0.6720	1.0064s	1.4635	0.6250	0.5701
103
0413	0.8503	0.9550	1.3553	0.6620	1.1539s	1.4615	0.6210	0.5643
104
0414	0.8434	0.9529	1.3597	0.6600	1.1888s	1.4610	0.6210	0.5644
105
0415	0.8527	0.9521	1.3618	0.6660	0.9538s	1.4618	0.6210	0.5627
106
0416	0.8466	0.9514	1.3622	0.6640	1.2786s	1.4635	0.6220	0.5759
107
0417	0.8279	0.9543	1.3610	0.6600	0.5764s	1.4635	0.6220	0.5760
108
0418	0.8378	0.9507	1.3553	0.6620	0.8971s	1.4577	0.6220	0.5749
109
0419	0.8354	0.9579	1.3524	0.6640	1.1702s	1.4522	0.6240	0.5676
110
0420	0.8397	0.9586	1.3526	0.6620	0.2757s	1.4486	0.6250	0.5681
111
0421	0.8459	0.9493	1.3547	0.6680	1.3229s	1.4502	0.6230	0.5682
112
0422	0.8533	0.9529	1.3573	0.6640	0.6665s	1.4536	0.6220	0.5686
113
0423	0.8473	0.9550	1.3561	0.6640	1.1189s	1.4589	0.6220	0.5691
114
0424	0.8406	0.9507	1.3535	0.6660	1.0246s	1.4626	0.6250	0.5790
115
0425	0.8485	0.9600	1.3512	0.6660	1.1784s	1.4640	0.6230	0.5736
116
0426	0.8476	0.9450	1.3502	0.6680	0.9254s	1.4638	0.6200	0.5734
117
0427	0.8302	0.9500	1.3529	0.6680	1.2963s	1.4623	0.6200	0.5745
118
0428	0.8515	0.9521	1.3576	0.6640	0.3115s	1.4602	0.6220	0.5681
119
0429	0.8479	0.9493	1.3586	0.6620	1.1756s	1.4575	0.6240	0.5709
120
0430	0.8537	0.9493	1.3572	0.6620	0.8729s	1.4566	0.6260	0.5756
121
0431	0.8485	0.9586	1.3553	0.6620	0.4683s	1.4568	0.6280	0.5733
122
0432	0.8294	0.9550	1.3495	0.6580	1.1557s	1.4544	0.6300	0.5763
123
0433	0.8560	0.9493	1.3437	0.6660	1.1993s	1.4551	0.6270	0.5801
124
0434	0.8585	0.9543	1.3411	0.6720	1.0953s	1.4580	0.6250	0.5748
125
0435	0.8459	0.9557	1.3429	0.6700	0.5720s	1.4621	0.6230	0.5710
126
0436	0.8382	0.9607	1.3474	0.6680	1.2144s	1.4655	0.6210	0.5719
127
0437	0.8384	0.9593	1.3505	0.6620	0.6995s	1.4636	0.6220	0.5724
128
0438	0.8530	0.9429	1.3527	0.6620	0.9368s	1.4590	0.6290	0.5844
129
0439	0.8503	0.9464	1.3539	0.6640	1.0134s	1.4558	0.6290	0.5843
130
0440	0.8408	0.9536	1.3561	0.6600	1.0306s	1.4567	0.6290	0.5873
131
0441	0.8519	0.9443	1.3585	0.6600	1.1692s	1.4579	0.6270	0.5830
132
0442	0.8400	0.9614	1.3597	0.6640	0.8993s	1.4599	0.6290	0.5819
133
0443	0.8376	0.9564	1.3581	0.6620	0.8383s	1.4603	0.6240	0.5750
134
0444	0.8499	0.9471	1.3514	0.6580	1.0592s	1.4556	0.6250	0.5776
135
0445	0.8498	0.9529	1.3476	0.6600	0.6539s	1.4552	0.6240	0.5797
136
0446	0.8405	0.9479	1.3478	0.6600	0.9903s	1.4562	0.6270	0.5851
137
0447	0.8489	0.9436	1.3506	0.6560	1.1138s	1.4558	0.6290	0.5867
138
0448	0.8512	0.9507	1.3553	0.6580	0.7150s	1.4565	0.6280	0.5807
139
0449	0.8421	0.9514	1.3588	0.6540	0.7992s	1.4576	0.6280	0.5777
140
0450	0.8476	0.9714	1.3587	0.6560	0.5853s	1.4567	0.6290	0.5808
141
0451	0.8347	0.9521	1.3539	0.6640	1.1760s	1.4537	0.6270	0.5809
142
0452	0.8424	0.9529	1.3486	0.6600	0.5489s	1.4506	0.6320	0.5889
143
0453	0.8331	0.9450	1.3470	0.6600	1.0652s	1.4519	0.6240	0.5829
144
0454	0.8282	0.9543	1.3495	0.6600	1.0182s	1.4569	0.6200	0.5733
145
0455	0.8450	0.9529	1.3523	0.6600	1.2229s	1.4593	0.6180	0.5686
146
0456	0.8320	0.9521	1.3550	0.6560	0.9958s	1.4576	0.6190	0.5669
147
0457	0.8393	0.9407	1.3578	0.6600	0.8219s	1.4565	0.6200	0.5723
148
0458	0.8705	0.9536	1.3561	0.6600	0.2737s	1.4547	0.6250	0.5753
149
0459	0.8356	0.9557	1.3534	0.6560	1.2653s	1.4576	0.6260	0.5779
150
0460	0.8430	0.9557	1.3512	0.6600	0.7657s	1.4621	0.6240	0.5672
151
0461	0.8464	0.9564	1.3485	0.6600	1.2624s	1.4646	0.6250	0.5720
152
0462	0.8343	0.9521	1.3480	0.6620	0.2537s	1.4637	0.6220	0.5698
153
0463	0.8578	0.9407	1.3477	0.6640	1.2185s	1.4612	0.6230	0.5777
154
0464	0.8565	0.9500	1.3493	0.6660	0.9051s	1.4578	0.6200	0.5750
155
0465	0.8173	0.9600	1.3480	0.6720	0.4470s	1.4544	0.6230	0.5771
156
0466	0.8490	0.9450	1.3483	0.6640	1.3521s	1.4526	0.6190	0.5717
157
0467	0.8461	0.9479	1.3496	0.6600	1.1688s	1.4539	0.6160	0.5707
158
0468	0.8523	0.9629	1.3521	0.6580	1.0914s	1.4562	0.6230	0.5759
159
0469	0.8574	0.9421	1.3535	0.6600	1.0043s	1.4577	0.6230	0.5775
160
0470	0.8516	0.9400	1.3530	0.6600	1.1482s	1.4598	0.6220	0.5670
161
0471	0.8260	0.9536	1.3532	0.6640	0.5096s	1.4638	0.6210	0.5677
162
0472	0.8503	0.9543	1.3562	0.6680	1.1851s	1.4653	0.6260	0.5678
163
0473	0.8381	0.9593	1.3609	0.6660	0.2824s	1.4653	0.6230	0.5734
164
0474	0.8394	0.9593	1.3666	0.6640	1.2568s	1.4661	0.6190	0.5734
165
0475	0.8220	0.9579	1.3689	0.6640	0.3558s	1.4662	0.6210	0.5756
166
0476	0.8457	0.9557	1.3643	0.6640	1.0966s	1.4626	0.6220	0.5684
167
0477	0.8576	0.9471	1.3577	0.6620	0.8953s	1.4570	0.6230	0.5705
168
0478	0.8434	0.9557	1.3525	0.6620	0.8494s	1.4528	0.6230	0.5686
169
0479	0.8451	0.9514	1.3498	0.6620	1.1731s	1.4490	0.6300	0.5710
170
0480	0.8462	0.9457	1.3496	0.6640	1.0453s	1.4497	0.6300	0.5697
171
0481	0.8386	0.9486	1.3497	0.6680	1.1901s	1.4547	0.6290	0.5709
172
0482	0.8425	0.9514	1.3526	0.6700	0.3339s	1.4597	0.6220	0.5664
173
0483	0.8397	0.9514	1.3564	0.6660	1.0319s	1.4646	0.6260	0.5750
174
0484	0.8523	0.9529	1.3601	0.6620	0.8783s	1.4668	0.6230	0.5682
175
0485	0.8453	0.9571	1.3603	0.6580	0.7440s	1.4650	0.6180	0.5616
176
0486	0.8438	0.9521	1.3571	0.6540	1.1231s	1.4595	0.6200	0.5634
177
0487	0.8384	0.9479	1.3527	0.6540	0.8265s	1.4534	0.6240	0.5719
178
0488	0.8371	0.9536	1.3514	0.6640	1.2429s	1.4508	0.6280	0.5729
179
0489	0.8391	0.9593	1.3499	0.6660	0.9486s	1.4506	0.6330	0.5794
180
0490	0.8459	0.9479	1.3493	0.6600	1.0528s	1.4531	0.6310	0.5776
181
0491	0.8327	0.9579	1.3503	0.6660	0.9912s	1.4572	0.6280	0.5778
182
0492	0.8466	0.9486	1.3499	0.6620	1.2529s	1.4617	0.6290	0.5750
183
0493	0.8304	0.9507	1.3493	0.6660	1.2431s	1.4626	0.6300	0.5765
184
0494	0.8343	0.9464	1.3509	0.6640	1.0153s	1.4614	0.6270	0.5727
185
0495	0.8535	0.9464	1.3567	0.6600	0.8764s	1.4634	0.6240	0.5708
186
0496	0.8545	0.9414	1.3625	0.6560	1.2180s	1.4639	0.6260	0.5786
187
0497	0.8355	0.9600	1.3602	0.6600	0.7677s	1.4598	0.6240	0.5792
188
0498	0.8334	0.9550	1.3545	0.6560	1.1205s	1.4537	0.6290	0.5750
189
0499	0.8510	0.9464	1.3472	0.6620	0.7064s	1.4493	0.6290	0.5750
190
0500	0.8569	0.9529	1.3419	0.6660	1.2789s	1.4502	0.6250	0.5685
191
0501	0.8205	0.9450	1.3427	0.6660	1.0390s	1.4566	0.6200	0.5654
192
0502	0.8399	0.9586	1.3451	0.6660	0.9336s	1.4601	0.6210	0.5649
193
0503	0.8440	0.9429	1.3479	0.6720	1.2503s	1.4638	0.6220	0.5668
194
0504	0.8290	0.9600	1.3497	0.6660	1.0623s	1.4646	0.6240	0.5674
195
0505	0.8439	0.9479	1.3509	0.6640	0.2899s	1.4649	0.6260	0.5700
196
0506	0.8344	0.9586	1.3499	0.6600	1.1668s	1.4640	0.6230	0.5687
197
0507	0.8446	0.9564	1.3475	0.6560	0.9491s	1.4608	0.6270	0.5737
198
0508	0.8439	0.9536	1.3453	0.6560	1.1567s	1.4572	0.6260	0.5712
199
Early stop! Min loss:1.335768222808838,  Max accuracy:0.68
Early stop model validation loss:1.335768222808838,  accuracy:0.668
Optimization Finished!
Total time elapsed: 481.2262s
test max acc:0.6360
Loading 205th epoch
stru_node_to_hop attention:tensor([[0.2500, 0.2500, 0.2500, 0.2500],
        [0.2500, 0.2500, 0.2500, 0.2500],
        [0.2500, 0.2500, 0.2500, 0.2500],
        [0.2500, 0.2500, 0.2500, 0.2500],
        [0.2500, 0.2500, 0.2500, 0.2500],
        [0.2500, 0.2500, 0.2500, 0.2500],
        [0.2500, 0.2500, 0.2500, 0.2500],
        [0.2500, 0.2500, 0.2500, 0.2500],
        [0.2500, 0.2500, 0.2500, 0.2500],
        [0.2500, 0.2500, 0.2500, 0.2500],
        [0.2500, 0.2500, 0.2500, 0.2500],
        [0.2500, 0.2500, 0.2500, 0.2500],
        [0.2500, 0.2500, 0.2500, 0.2500],
        [0.2500, 0.2500, 0.2500, 0.2500],
        [0.2500, 0.2500, 0.2500, 0.2500],
        [0.2500, 0.2500, 0.2500, 0.2500],
        [0.2500, 0.2500, 0.2500, 0.2500],
        [0.2500, 0.2500, 0.2500, 0.2500],
        [0.2500, 0.2500, 0.2500, 0.2500],
        [0.2500, 0.2500, 0.2500, 0.2500],
        [0.2500, 0.2500, 0.2500, 0.2500],
        [0.2500, 0.2500, 0.2500, 0.2500],
        [0.2500, 0.2500, 0.2500, 0.2500],
        [0.2500, 0.2500, 0.2500, 0.2500],
        [0.2500, 0.2500, 0.2500, 0.2500],
        [0.2500, 0.2500, 0.2500, 0.2500],
        [0.2500, 0.2500, 0.2500, 0.2500],
        [0.2500, 0.2500, 0.2500, 0.2500],
        [0.2500, 0.2500, 0.2500, 0.2500],
        [0.2500, 0.2500, 0.2500, 0.2500],
        [0.2500, 0.2500, 0.2500, 0.2500],
        [0.2500, 0.2500, 0.2500, 0.2500],
        [0.2500, 0.2500, 0.2500, 0.2500],
        [0.2500, 0.2500, 0.2500, 0.2500],
        [0.2500, 0.2500, 0.2500, 0.2500],
        [0.2500, 0.2500, 0.2500, 0.2500],
        [0.2500, 0.2500, 0.2500, 0.2500],
        [0.2500, 0.2500, 0.2500, 0.2500],
        [0.2500, 0.2500, 0.2500, 0.2500],
        [0.2500, 0.2500, 0.2500, 0.2500],
        [0.2500, 0.2500, 0.2500, 0.2500],
        [0.2500, 0.2500, 0.2500, 0.2500],
        [0.2500, 0.2500, 0.2500, 0.2500],
        [0.2500, 0.2500, 0.2500, 0.2500],
        [0.2500, 0.2500, 0.2500, 0.2500],
        [0.2500, 0.2500, 0.2500, 0.2500],
        [0.2500, 0.2500, 0.2500, 0.2500],
        [0.2500, 0.2500, 0.2500, 0.2500],
        [0.2500, 0.2500, 0.2500, 0.2500],
        [0.2500, 0.2500, 0.2500, 0.2500],
        [0.2500, 0.2500, 0.2500, 0.2500],
        [0.2500, 0.2500, 0.2500, 0.2500],
        [0.2500, 0.2500, 0.2500, 0.2500],
        [0.2500, 0.2500, 0.2500, 0.2500],
        [0.2500, 0.2500, 0.2500, 0.2500],
        [0.2500, 0.2500, 0.2500, 0.2500],
        [0.2500, 0.2500, 0.2500, 0.2500],
        [0.2500, 0.2500, 0.2500, 0.2500],
        [0.2500, 0.2500, 0.2500, 0.2500],
        [0.2500, 0.2500, 0.2500, 0.2500],
        [0.2500, 0.2500, 0.2500, 0.2500],
        [0.2500, 0.2500, 0.2500, 0.2500],
        [0.2500, 0.2500, 0.2500, 0.2500],
        [0.2500, 0.2500, 0.2500, 0.2500],
        [0.2500, 0.2500, 0.2500, 0.2500],
        [0.2500, 0.2500, 0.2500, 0.2500],
        [0.2500, 0.2500, 0.2500, 0.2500],
        [0.2500, 0.2500, 0.2500, 0.2500],
        [0.2500, 0.2500, 0.2500, 0.2500],
        [0.2500, 0.2500, 0.2500, 0.2500],
        [0.2500, 0.2500, 0.2500, 0.2500],
        [0.2500, 0.2500, 0.2500, 0.2500],
        [0.2500, 0.2500, 0.2500, 0.2500],
        [0.2500, 0.2500, 0.2500, 0.2500],
        [0.2500, 0.2500, 0.2500, 0.2500],
        [0.2500, 0.2500, 0.2500, 0.2500],
        [0.2500, 0.2500, 0.2500, 0.2500],
        [0.2500, 0.2500, 0.2500, 0.2500],
        [0.2500, 0.2500, 0.2500, 0.2500],
        [0.2500, 0.2500, 0.2500, 0.2500],
        [0.2500, 0.2500, 0.2500, 0.2500],
        [0.2500, 0.2500, 0.2500, 0.2500],
        [0.2500, 0.2500, 0.2500, 0.2500],
        [0.2500, 0.2500, 0.2500, 0.2500],
        [0.2500, 0.2500, 0.2500, 0.2500],
        [0.2500, 0.2500, 0.2500, 0.2500],
        [0.2500, 0.2500, 0.2500, 0.2500],
        [0.2500, 0.2500, 0.2500, 0.2500],
        [0.2500, 0.2500, 0.2500, 0.2500],
        [0.2500, 0.2500, 0.2500, 0.2500],
        [0.2500, 0.2500, 0.2500, 0.2500],
        [0.2500, 0.2500, 0.2500, 0.2500],
        [0.2500, 0.2500, 0.2500, 0.2500],
        [0.2500, 0.2500, 0.2500, 0.2500],
        [0.2500, 0.2500, 0.2500, 0.2500],
        [0.2500, 0.2500, 0.2500, 0.2500],
        [0.2500, 0.2500, 0.2500, 0.2500],
        [0.2500, 0.2500, 0.2500, 0.2500],
        [0.2500, 0.2500, 0.2500, 0.2500],
        [0.2500, 0.2500, 0.2500, 0.2500]], device='cuda:7')
fea_node_to_hop attention:tensor([[0.2500, 0.2500, 0.2500, 0.2500],
        [0.2500, 0.2500, 0.2500, 0.2500],
        [0.2500, 0.2500, 0.2500, 0.2500],
        [0.2500, 0.2500, 0.2500, 0.2500],
        [0.2500, 0.2500, 0.2500, 0.2500],
        [0.2500, 0.2500, 0.2500, 0.2500],
        [0.2500, 0.2500, 0.2500, 0.2500],
        [0.2500, 0.2500, 0.2500, 0.2500],
        [0.2500, 0.2500, 0.2500, 0.2500],
        [0.2500, 0.2500, 0.2500, 0.2500],
        [0.2500, 0.2500, 0.2500, 0.2500],
        [0.2500, 0.2500, 0.2500, 0.2500],
        [0.2500, 0.2500, 0.2500, 0.2500],
        [0.2500, 0.2500, 0.2500, 0.2500],
        [0.2500, 0.2500, 0.2500, 0.2500],
        [0.2500, 0.2500, 0.2500, 0.2500],
        [0.2500, 0.2500, 0.2500, 0.2500],
        [0.2500, 0.2500, 0.2500, 0.2500],
        [0.2500, 0.2500, 0.2500, 0.2500],
        [0.2500, 0.2500, 0.2500, 0.2500],
        [0.2500, 0.2500, 0.2500, 0.2500],
        [0.2500, 0.2500, 0.2500, 0.2500],
        [0.2500, 0.2500, 0.2500, 0.2500],
        [0.2500, 0.2500, 0.2500, 0.2500],
        [0.2500, 0.2500, 0.2500, 0.2500],
        [0.2500, 0.2500, 0.2500, 0.2500],
        [0.2500, 0.2500, 0.2500, 0.2500],
        [0.2500, 0.2500, 0.2500, 0.2500],
        [0.2500, 0.2500, 0.2500, 0.2500],
        [0.2500, 0.2500, 0.2500, 0.2500],
        [0.2500, 0.2500, 0.2500, 0.2500],
        [0.2500, 0.2500, 0.2500, 0.2500],
        [0.2500, 0.2500, 0.2500, 0.2500],
        [0.2500, 0.2500, 0.2500, 0.2500],
        [0.2500, 0.2500, 0.2500, 0.2500],
        [0.2500, 0.2500, 0.2500, 0.2500],
        [0.2500, 0.2500, 0.2500, 0.2500],
        [0.2500, 0.2500, 0.2500, 0.2500],
        [0.2500, 0.2500, 0.2500, 0.2500],
        [0.2500, 0.2500, 0.2500, 0.2500],
        [0.2500, 0.2500, 0.2500, 0.2500],
        [0.2500, 0.2500, 0.2500, 0.2500],
        [0.2500, 0.2500, 0.2500, 0.2500],
        [0.2500, 0.2500, 0.2500, 0.2500],
        [0.2500, 0.2500, 0.2500, 0.2500],
        [0.2500, 0.2500, 0.2500, 0.2500],
        [0.2500, 0.2500, 0.2500, 0.2500],
        [0.2500, 0.2500, 0.2500, 0.2500],
        [0.2500, 0.2500, 0.2500, 0.2500],
        [0.2500, 0.2500, 0.2500, 0.2500],
        [0.2500, 0.2500, 0.2500, 0.2500],
        [0.2500, 0.2500, 0.2500, 0.2500],
        [0.2500, 0.2500, 0.2500, 0.2500],
        [0.2500, 0.2500, 0.2500, 0.2500],
        [0.2500, 0.2500, 0.2500, 0.2500],
        [0.2500, 0.2500, 0.2500, 0.2500],
        [0.2500, 0.2500, 0.2500, 0.2500],
        [0.2500, 0.2500, 0.2500, 0.2500],
        [0.2500, 0.2500, 0.2500, 0.2500],
        [0.2500, 0.2500, 0.2500, 0.2500],
        [0.2500, 0.2500, 0.2500, 0.2500],
        [0.2500, 0.2500, 0.2500, 0.2500],
        [0.2500, 0.2500, 0.2500, 0.2500],
        [0.2500, 0.2500, 0.2500, 0.2500],
        [0.2500, 0.2500, 0.2500, 0.2500],
        [0.2500, 0.2500, 0.2500, 0.2500],
        [0.2500, 0.2500, 0.2500, 0.2500],
        [0.2500, 0.2500, 0.2500, 0.2500],
        [0.2500, 0.2500, 0.2500, 0.2500],
        [0.2500, 0.2500, 0.2500, 0.2500],
        [0.2500, 0.2500, 0.2500, 0.2500],
        [0.2500, 0.2500, 0.2500, 0.2500],
        [0.2500, 0.2500, 0.2500, 0.2500],
        [0.2500, 0.2500, 0.2500, 0.2500],
        [0.2500, 0.2500, 0.2500, 0.2500],
        [0.2500, 0.2500, 0.2500, 0.2500],
        [0.2500, 0.2500, 0.2500, 0.2500],
        [0.2500, 0.2500, 0.2500, 0.2500],
        [0.2500, 0.2500, 0.2500, 0.2500],
        [0.2500, 0.2500, 0.2500, 0.2500],
        [0.2500, 0.2500, 0.2500, 0.2500],
        [0.2500, 0.2500, 0.2500, 0.2500],
        [0.2500, 0.2500, 0.2500, 0.2500],
        [0.2500, 0.2500, 0.2500, 0.2500],
        [0.2500, 0.2500, 0.2500, 0.2500],
        [0.2500, 0.2500, 0.2500, 0.2500],
        [0.2500, 0.2500, 0.2500, 0.2500],
        [0.2500, 0.2500, 0.2500, 0.2500],
        [0.2500, 0.2500, 0.2500, 0.2500],
        [0.2500, 0.2500, 0.2500, 0.2500],
        [0.2500, 0.2500, 0.2500, 0.2500],
        [0.2500, 0.2500, 0.2500, 0.2500],
        [0.2500, 0.2500, 0.2500, 0.2500],
        [0.2500, 0.2500, 0.2500, 0.2500],
        [0.2500, 0.2500, 0.2500, 0.2500],
        [0.2500, 0.2500, 0.2500, 0.2500],
        [0.2500, 0.2500, 0.2500, 0.2500],
        [0.2500, 0.2500, 0.2500, 0.2500],
        [0.2500, 0.2500, 0.2500, 0.2500],
        [0.2500, 0.2500, 0.2500, 0.2500]], device='cuda:7')
perception attention:tensor([0.9850, 0.0150], device='cuda:7')
Test set results: loss= 1.4649 accuracy= 0.6210 F1_score= 0.5627
