# epoch	loss_train	acc_train	loss_val	acc_val	time	acc_test	f1_test
0001	4.2486	0.0157	4.2425	0.0300	1.1976s	4.2421	0.0190	0.0119
0
0002	4.2346	0.0564	4.2242	0.1900	1.0825s	4.2256	0.1480	0.1245
0
0003	4.2093	0.2143	4.1976	0.1680	0.2954s	4.2005	0.1380	0.1203
0
0004	4.1739	0.2529	4.1578	0.1560	1.1992s	4.1615	0.1330	0.1143
0
0005	4.1248	0.2507	4.1018	0.1740	0.6087s	4.1059	0.1620	0.1276
0
0006	4.0561	0.3007	4.0281	0.2100	1.3573s	4.0318	0.2030	0.1663
0
0007	3.9655	0.3471	3.9363	0.2560	1.0829s	3.9390	0.2350	0.1936
0
0008	3.8561	0.3986	3.8276	0.3000	1.2535s	3.8297	0.2700	0.2249
0
0009	3.7271	0.4471	3.7044	0.3240	0.3852s	3.7058	0.3060	0.2703
0
0010	3.5764	0.4493	3.5689	0.3680	0.5621s	3.5701	0.3440	0.3155
0
0011	3.4237	0.5064	3.4245	0.3960	1.1935s	3.4267	0.3810	0.3566
0
0012	3.2585	0.5393	3.2748	0.4380	0.5185s	3.2791	0.4070	0.3734
0
0013	3.0967	0.5757	3.1231	0.4700	1.3248s	3.1305	0.4280	0.3854
0
0014	2.9368	0.5893	2.9722	0.4920	1.0821s	2.9839	0.4560	0.4075
0
0015	2.7755	0.6286	2.8240	0.5080	1.1934s	2.8410	0.4680	0.4190
0
0016	2.6272	0.6293	2.6794	0.5080	0.9411s	2.7018	0.4870	0.4408
0
0017	2.4942	0.6629	2.5425	0.5220	1.2165s	2.5710	0.5090	0.4588
0
0018	2.3564	0.6736	2.4131	0.5280	1.1133s	2.4502	0.5230	0.4725
0
0019	2.2394	0.6793	2.2944	0.5360	1.1822s	2.3409	0.5290	0.4840
0
0020	2.1128	0.6857	2.1888	0.5360	1.0372s	2.2447	0.5280	0.4894
0
0021	2.0123	0.6993	2.0993	0.5540	1.0568s	2.1642	0.5320	0.4929
0
0022	1.8951	0.7143	2.0262	0.5560	1.1221s	2.0965	0.5380	0.5013
0
0023	1.8031	0.7321	1.9639	0.5560	0.8076s	2.0373	0.5430	0.5027
0
0024	1.7050	0.7550	1.9094	0.5620	1.2610s	1.9842	0.5460	0.5079
0
0025	1.6378	0.7707	1.8631	0.5760	0.5938s	1.9373	0.5570	0.5181
0
0026	1.5705	0.7843	1.8216	0.5780	1.1869s	1.8969	0.5620	0.5164
0
0027	1.5220	0.7900	1.7839	0.5860	1.0620s	1.8608	0.5690	0.5212
0
0028	1.4542	0.8036	1.7474	0.5940	0.5733s	1.8268	0.5770	0.5255
0
0029	1.4042	0.8186	1.7177	0.6120	1.3724s	1.7984	0.5840	0.5302
0
0030	1.3635	0.8321	1.6942	0.6100	0.4533s	1.7744	0.5840	0.5317
0
0031	1.3307	0.8471	1.6762	0.6120	1.2369s	1.7573	0.5830	0.5328
0
0032	1.2889	0.8464	1.6600	0.6200	0.6063s	1.7421	0.5880	0.5328
0
0033	1.2671	0.8657	1.6486	0.6220	1.1809s	1.7312	0.5830	0.5310
0
0034	1.2301	0.8636	1.6375	0.6240	1.0545s	1.7202	0.5790	0.5308
0
0035	1.2135	0.8671	1.6270	0.6160	0.8964s	1.7070	0.5770	0.5289
0
0036	1.1874	0.8793	1.6133	0.6180	1.3512s	1.6894	0.5850	0.5344
0
0037	1.1536	0.8864	1.5988	0.6160	1.1868s	1.6745	0.5900	0.5384
0
0038	1.1575	0.8907	1.5838	0.6200	1.2566s	1.6633	0.5970	0.5436
0
0039	1.1483	0.8786	1.5735	0.6200	1.1852s	1.6567	0.5980	0.5412
0
0040	1.1129	0.8964	1.5689	0.6160	0.6093s	1.6537	0.5920	0.5349
0
0041	1.1105	0.8964	1.5634	0.6240	1.1441s	1.6470	0.5910	0.5346
0
0042	1.0721	0.9050	1.5555	0.6240	1.1402s	1.6382	0.5830	0.5283
0
0043	1.0823	0.9007	1.5451	0.6260	1.2664s	1.6287	0.5910	0.5433
0
0044	1.0583	0.9086	1.5383	0.6260	1.2237s	1.6212	0.5870	0.5394
0
0045	1.0749	0.9000	1.5324	0.6340	1.0738s	1.6141	0.5920	0.5461
0
0046	1.0451	0.9100	1.5278	0.6260	1.3457s	1.6110	0.5920	0.5338
0
0047	1.0233	0.9214	1.5252	0.6220	0.4379s	1.6096	0.6020	0.5433
0
0048	1.0320	0.9121	1.5231	0.6240	1.1819s	1.6067	0.6030	0.5474
0
0049	1.0201	0.9114	1.5192	0.6280	1.1773s	1.6006	0.6050	0.5556
0
0050	1.0114	0.9257	1.5121	0.6300	0.9021s	1.5918	0.6070	0.5574
0
0051	1.0048	0.9143	1.5068	0.6320	1.2212s	1.5863	0.5980	0.5464
0
0052	1.0093	0.9107	1.5033	0.6400	0.7443s	1.5831	0.6040	0.5492
0
0053	1.0015	0.9264	1.4998	0.6400	1.1500s	1.5814	0.6010	0.5474
0
0054	1.0038	0.9164	1.4971	0.6420	0.9610s	1.5807	0.6050	0.5509
0
0055	1.0095	0.9221	1.4947	0.6480	1.0378s	1.5802	0.6070	0.5516
0
0056	0.9855	0.9271	1.4944	0.6460	1.0455s	1.5804	0.6070	0.5545
0
0057	0.9789	0.9286	1.4924	0.6420	1.2189s	1.5783	0.6050	0.5537
0
0058	0.9874	0.9257	1.4905	0.6440	0.3453s	1.5731	0.6110	0.5671
0
0059	0.9981	0.9264	1.4850	0.6480	1.0127s	1.5651	0.6100	0.5643
0
0060	0.9771	0.9343	1.4773	0.6500	1.1505s	1.5599	0.6120	0.5660
0
0061	0.9794	0.9250	1.4696	0.6440	0.4769s	1.5572	0.6030	0.5529
0
0062	0.9664	0.9286	1.4657	0.6420	1.2972s	1.5574	0.6000	0.5458
0
0063	0.9776	0.9186	1.4650	0.6440	1.3661s	1.5577	0.6060	0.5542
0
0064	0.9649	0.9250	1.4661	0.6520	0.9228s	1.5553	0.6060	0.5577
0
0065	0.9781	0.9293	1.4674	0.6500	0.8102s	1.5524	0.6070	0.5673
0
0066	0.9712	0.9371	1.4665	0.6480	1.3653s	1.5478	0.6100	0.5705
1
0067	0.9786	0.9357	1.4651	0.6460	0.9690s	1.5446	0.6110	0.5681
2
0068	0.9560	0.9336	1.4637	0.6500	1.1749s	1.5450	0.6100	0.5645
3
0069	0.9620	0.9457	1.4599	0.6480	0.9715s	1.5453	0.6190	0.5667
0
0070	0.9407	0.9350	1.4524	0.6580	1.2936s	1.5430	0.6160	0.5662
0
0071	0.9775	0.9257	1.4480	0.6600	0.3915s	1.5404	0.6110	0.5548
0
0072	0.9559	0.9379	1.4437	0.6640	1.2898s	1.5357	0.6130	0.5572
0
0073	0.9686	0.9371	1.4378	0.6620	0.8255s	1.5276	0.6150	0.5609
0
0074	0.9575	0.9386	1.4316	0.6560	1.2243s	1.5222	0.6170	0.5744
0
0075	0.9589	0.9350	1.4291	0.6540	1.2433s	1.5218	0.6190	0.5797
0
0076	0.9464	0.9243	1.4284	0.6520	0.5773s	1.5218	0.6170	0.5777
0
0077	0.9673	0.9243	1.4260	0.6580	1.2846s	1.5209	0.6200	0.5748
0
0078	0.9572	0.9421	1.4266	0.6560	0.7609s	1.5200	0.6230	0.5719
0
0079	0.9534	0.9364	1.4276	0.6600	1.3442s	1.5184	0.6230	0.5678
1
0080	0.9482	0.9343	1.4274	0.6620	1.0626s	1.5171	0.6200	0.5661
2
0081	0.9599	0.9514	1.4264	0.6600	1.3080s	1.5157	0.6190	0.5700
3
0082	0.9501	0.9279	1.4247	0.6640	1.1681s	1.5130	0.6190	0.5668
4
0083	0.9440	0.9364	1.4209	0.6600	0.9829s	1.5076	0.6200	0.5696
0
0084	0.9491	0.9350	1.4186	0.6560	1.0048s	1.5035	0.6250	0.5713
0
0085	0.9515	0.9450	1.4178	0.6620	1.1093s	1.5014	0.6260	0.5734
0
0086	0.9471	0.9429	1.4176	0.6600	0.2749s	1.5028	0.6250	0.5726
0
0087	0.9366	0.9357	1.4175	0.6540	1.1772s	1.5038	0.6270	0.5733
0
0088	0.9195	0.9457	1.4150	0.6500	0.5172s	1.5052	0.6250	0.5705
0
0089	0.9228	0.9407	1.4115	0.6500	1.1708s	1.5045	0.6260	0.5730
0
0090	0.9212	0.9357	1.4075	0.6500	0.2594s	1.5012	0.6240	0.5730
0
0091	0.9355	0.9393	1.4021	0.6540	1.1977s	1.4973	0.6220	0.5719
0
0092	0.9258	0.9264	1.4009	0.6580	1.0323s	1.4926	0.6240	0.5792
0
0093	0.9403	0.9343	1.4001	0.6640	0.8955s	1.4886	0.6220	0.5781
0
0094	0.9237	0.9379	1.3989	0.6620	1.1223s	1.4876	0.6270	0.5824
0
0095	0.9271	0.9386	1.3985	0.6500	1.1679s	1.4869	0.6280	0.5824
0
0096	0.9287	0.9379	1.3980	0.6560	0.9674s	1.4865	0.6270	0.5763
0
0097	0.9097	0.9393	1.3973	0.6560	0.9537s	1.4887	0.6280	0.5817
0
0098	0.9393	0.9329	1.3942	0.6560	1.0196s	1.4906	0.6290	0.5841
0
0099	0.9229	0.9371	1.3935	0.6540	0.9557s	1.4944	0.6240	0.5776
0
0100	0.9199	0.9357	1.3952	0.6560	1.2472s	1.4997	0.6200	0.5785
0
0101	0.9174	0.9464	1.3980	0.6540	1.1418s	1.5022	0.6250	0.5844
1
0102	0.9194	0.9343	1.3955	0.6520	1.4657s	1.4987	0.6230	0.5806
2
0103	0.9150	0.9343	1.3896	0.6600	0.7045s	1.4893	0.6260	0.5833
3
0104	0.8896	0.9479	1.3834	0.6600	1.2177s	1.4811	0.6240	0.5800
0
0105	0.9207	0.9400	1.3807	0.6560	1.2212s	1.4777	0.6260	0.5816
0
0106	0.9196	0.9386	1.3816	0.6520	1.3321s	1.4772	0.6260	0.5762
0
0107	0.9064	0.9386	1.3857	0.6580	0.4145s	1.4811	0.6280	0.5794
1
0108	0.9077	0.9379	1.3867	0.6580	1.2777s	1.4837	0.6240	0.5761
2
0109	0.9102	0.9421	1.3882	0.6600	1.1976s	1.4870	0.6240	0.5776
3
0110	0.8908	0.9436	1.3884	0.6600	1.3012s	1.4879	0.6230	0.5778
4
0111	0.8972	0.9486	1.3845	0.6620	1.0683s	1.4865	0.6270	0.5796
5
0112	0.9029	0.9407	1.3800	0.6540	1.2987s	1.4835	0.6300	0.5751
6
0113	0.9235	0.9329	1.3750	0.6620	0.3197s	1.4803	0.6310	0.5746
0
0114	0.9134	0.9329	1.3747	0.6560	1.1509s	1.4787	0.6280	0.5716
0
0115	0.8921	0.9414	1.3740	0.6540	0.8454s	1.4770	0.6250	0.5790
0
0116	0.8853	0.9521	1.3756	0.6520	1.3877s	1.4763	0.6220	0.5776
0
0117	0.8793	0.9414	1.3761	0.6560	1.1173s	1.4746	0.6190	0.5764
1
0118	0.9120	0.9393	1.3808	0.6600	1.0037s	1.4767	0.6180	0.5773
2
0119	0.9132	0.9429	1.3850	0.6560	1.0052s	1.4782	0.6210	0.5750
3
0120	0.8984	0.9400	1.3845	0.6520	0.9578s	1.4769	0.6230	0.5791
4
0121	0.8927	0.9443	1.3830	0.6540	0.9876s	1.4749	0.6270	0.5856
5
0122	0.8868	0.9493	1.3800	0.6500	1.2693s	1.4744	0.6280	0.5863
6
0123	0.8820	0.9457	1.3777	0.6520	0.9681s	1.4723	0.6260	0.5834
7
0124	0.8812	0.9429	1.3730	0.6560	1.2380s	1.4700	0.6210	0.5765
8
0125	0.8853	0.9436	1.3718	0.6620	0.6330s	1.4685	0.6250	0.5723
0
0126	0.9036	0.9414	1.3725	0.6600	1.3033s	1.4672	0.6260	0.5827
0
0127	0.8855	0.9464	1.3738	0.6600	0.4986s	1.4646	0.6270	0.5835
1
0128	0.8842	0.9414	1.3729	0.6500	1.2338s	1.4649	0.6240	0.5813
2
0129	0.8780	0.9421	1.3693	0.6600	1.0884s	1.4675	0.6220	0.5789
3
0130	0.8792	0.9500	1.3680	0.6620	1.1874s	1.4731	0.6230	0.5816
0
0131	0.8798	0.9529	1.3708	0.6600	1.2455s	1.4795	0.6200	0.5703
0
0132	0.8820	0.9507	1.3722	0.6560	0.9990s	1.4824	0.6200	0.5691
1
0133	0.8781	0.9464	1.3724	0.6560	0.7890s	1.4820	0.6220	0.5704
2
0134	0.8809	0.9543	1.3702	0.6520	1.2470s	1.4753	0.6190	0.5685
3
0135	0.8922	0.9479	1.3674	0.6520	1.2176s	1.4689	0.6210	0.5773
4
0136	0.8821	0.9436	1.3698	0.6560	1.2205s	1.4680	0.6220	0.5784
0
0137	0.8710	0.9629	1.3716	0.6620	1.0039s	1.4675	0.6240	0.5796
1
0138	0.8768	0.9600	1.3726	0.6660	1.1317s	1.4682	0.6270	0.5812
2
0139	0.8883	0.9493	1.3688	0.6600	1.2655s	1.4704	0.6260	0.5713
0
0140	0.8720	0.9536	1.3667	0.6560	1.2121s	1.4732	0.6240	0.5676
1
0141	0.8834	0.9529	1.3661	0.6560	0.7734s	1.4718	0.6240	0.5678
0
0142	0.8829	0.9507	1.3674	0.6540	1.0279s	1.4712	0.6240	0.5703
0
0143	0.8817	0.9550	1.3689	0.6560	1.1410s	1.4715	0.6260	0.5749
1
0144	0.8760	0.9414	1.3667	0.6500	1.3131s	1.4683	0.6280	0.5848
2
0145	0.8892	0.9464	1.3622	0.6520	0.9426s	1.4640	0.6240	0.5782
3
0146	0.8751	0.9464	1.3611	0.6580	1.4392s	1.4630	0.6260	0.5819
0
0147	0.8682	0.9457	1.3650	0.6580	0.2784s	1.4636	0.6260	0.5784
0
0148	0.8776	0.9486	1.3709	0.6580	1.3787s	1.4645	0.6240	0.5745
1
0149	0.8540	0.9521	1.3765	0.6580	0.8645s	1.4656	0.6230	0.5734
2
0150	0.8639	0.9521	1.3805	0.6600	1.2005s	1.4695	0.6200	0.5727
3
0151	0.8697	0.9386	1.3783	0.6540	0.9753s	1.4724	0.6210	0.5755
4
0152	0.8719	0.9436	1.3743	0.6520	1.3024s	1.4739	0.6240	0.5788
5
0153	0.8824	0.9479	1.3689	0.6580	0.7338s	1.4729	0.6240	0.5793
6
0154	0.8658	0.9414	1.3682	0.6540	1.1889s	1.4731	0.6260	0.5810
7
0155	0.8773	0.9443	1.3704	0.6620	1.2831s	1.4735	0.6210	0.5684
8
0156	0.8654	0.9471	1.3745	0.6640	1.2604s	1.4712	0.6250	0.5721
9
0157	0.8564	0.9600	1.3736	0.6580	1.2208s	1.4681	0.6270	0.5712
10
0158	0.8650	0.9593	1.3694	0.6540	0.9196s	1.4651	0.6300	0.5788
11
0159	0.8677	0.9493	1.3699	0.6540	1.3159s	1.4668	0.6290	0.5807
12
0160	0.8842	0.9536	1.3714	0.6480	0.4804s	1.4703	0.6250	0.5836
13
0161	0.8624	0.9500	1.3741	0.6560	1.3381s	1.4753	0.6220	0.5755
14
0162	0.8902	0.9464	1.3774	0.6620	0.8359s	1.4778	0.6170	0.5735
15
0163	0.8834	0.9550	1.3765	0.6620	1.1660s	1.4785	0.6200	0.5663
16
0164	0.8650	0.9393	1.3695	0.6520	0.8541s	1.4729	0.6230	0.5721
17
0165	0.8565	0.9464	1.3645	0.6500	1.2361s	1.4680	0.6330	0.5767
18
0166	0.8658	0.9543	1.3620	0.6560	1.0715s	1.4630	0.6340	0.5782
19
0167	0.8579	0.9443	1.3613	0.6500	1.2667s	1.4609	0.6310	0.5735
20
0168	0.8618	0.9557	1.3645	0.6620	1.2865s	1.4626	0.6270	0.5712
21
0169	0.8530	0.9507	1.3701	0.6560	1.1202s	1.4677	0.6160	0.5685
22
0170	0.8676	0.9414	1.3715	0.6580	1.2079s	1.4706	0.6140	0.5672
23
0171	0.8861	0.9479	1.3704	0.6520	1.1057s	1.4694	0.6170	0.5669
24
0172	0.8563	0.9464	1.3674	0.6520	1.2061s	1.4672	0.6220	0.5682
25
0173	0.8596	0.9464	1.3657	0.6560	0.8242s	1.4653	0.6290	0.5728
26
0174	0.8718	0.9443	1.3657	0.6560	1.0964s	1.4633	0.6260	0.5688
27
0175	0.8779	0.9400	1.3660	0.6600	1.2389s	1.4632	0.6260	0.5705
28
0176	0.8525	0.9436	1.3693	0.6620	1.1760s	1.4652	0.6240	0.5684
29
0177	0.8593	0.9457	1.3713	0.6640	1.0291s	1.4652	0.6220	0.5673
30
0178	0.8638	0.9386	1.3708	0.6600	1.3080s	1.4631	0.6230	0.5688
31
0179	0.8670	0.9421	1.3707	0.6560	1.2592s	1.4619	0.6210	0.5683
32
0180	0.8613	0.9421	1.3733	0.6560	1.0094s	1.4647	0.6270	0.5775
33
0181	0.8606	0.9557	1.3728	0.6580	1.3962s	1.4660	0.6290	0.5799
34
0182	0.8661	0.9536	1.3709	0.6640	0.4167s	1.4667	0.6250	0.5728
35
0183	0.8585	0.9550	1.3674	0.6620	1.0872s	1.4618	0.6250	0.5714
36
0184	0.8531	0.9557	1.3638	0.6640	1.1758s	1.4572	0.6240	0.5708
37
0185	0.8667	0.9521	1.3612	0.6600	0.3834s	1.4542	0.6310	0.5788
38
0186	0.8703	0.9407	1.3624	0.6600	1.0489s	1.4557	0.6330	0.5804
39
0187	0.8566	0.9521	1.3637	0.6620	1.0697s	1.4600	0.6260	0.5647
40
0188	0.8719	0.9550	1.3626	0.6560	0.6837s	1.4634	0.6220	0.5621
41
0189	0.8678	0.9479	1.3613	0.6580	1.3018s	1.4653	0.6170	0.5599
42
0190	0.8611	0.9521	1.3611	0.6660	0.5818s	1.4643	0.6190	0.5617
43
0191	0.8689	0.9457	1.3623	0.6640	0.2857s	1.4627	0.6250	0.5698
0
0192	0.8688	0.9457	1.3625	0.6700	1.1601s	1.4599	0.6300	0.5779
1
0193	0.8525	0.9429	1.3602	0.6740	1.0633s	1.4566	0.6300	0.5789
0
0194	0.8561	0.9493	1.3565	0.6640	1.1858s	1.4546	0.6320	0.5808
0
0195	0.8682	0.9564	1.3546	0.6720	0.9832s	1.4542	0.6320	0.5780
0
0196	0.8761	0.9493	1.3546	0.6660	0.8596s	1.4558	0.6250	0.5669
0
0197	0.8463	0.9571	1.3562	0.6560	1.2320s	1.4581	0.6230	0.5625
0
0198	0.8713	0.9450	1.3598	0.6560	1.1814s	1.4614	0.6200	0.5615
1
0199	0.8402	0.9514	1.3627	0.6600	0.5427s	1.4639	0.6210	0.5635
2
0200	0.8657	0.9586	1.3652	0.6620	1.2243s	1.4660	0.6240	0.5686
3
0201	0.8644	0.9500	1.3683	0.6580	1.1111s	1.4675	0.6280	0.5766
4
0202	0.8479	0.9514	1.3674	0.6620	1.3824s	1.4670	0.6270	0.5778
5
0203	0.8737	0.9500	1.3631	0.6660	1.1698s	1.4654	0.6290	0.5789
6
0204	0.8629	0.9493	1.3618	0.6660	1.1919s	1.4663	0.6230	0.5724
7
0205	0.8618	0.9471	1.3628	0.6640	1.2505s	1.4659	0.6220	0.5729
8
0206	0.8642	0.9464	1.3658	0.6560	1.1710s	1.4662	0.6280	0.5774
9
0207	0.8587	0.9450	1.3653	0.6580	1.2068s	1.4643	0.6300	0.5811
10
0208	0.8609	0.9500	1.3622	0.6620	1.2631s	1.4611	0.6330	0.5833
11
0209	0.8558	0.9500	1.3594	0.6740	0.3328s	1.4600	0.6310	0.5792
12
0210	0.8629	0.9479	1.3619	0.6680	1.1759s	1.4666	0.6250	0.5694
0
0211	0.8700	0.9357	1.3638	0.6620	1.1649s	1.4726	0.6190	0.5633
1
0212	0.8541	0.9479	1.3660	0.6640	1.2105s	1.4764	0.6190	0.5630
2
0213	0.8596	0.9393	1.3661	0.6620	1.2335s	1.4746	0.6180	0.5728
3
0214	0.8521	0.9571	1.3647	0.6620	1.0496s	1.4685	0.6210	0.5746
4
0215	0.8548	0.9529	1.3651	0.6620	1.0745s	1.4651	0.6220	0.5760
5
0216	0.8664	0.9393	1.3650	0.6700	1.0704s	1.4645	0.6240	0.5784
6
0217	0.8706	0.9421	1.3643	0.6720	1.2763s	1.4674	0.6240	0.5817
7
0218	0.8530	0.9479	1.3636	0.6640	1.2405s	1.4713	0.6240	0.5754
8
0219	0.8659	0.9421	1.3637	0.6600	0.5303s	1.4764	0.6240	0.5732
9
0220	0.8575	0.9586	1.3624	0.6620	1.2810s	1.4776	0.6260	0.5728
10
0221	0.8607	0.9536	1.3597	0.6580	0.6829s	1.4742	0.6250	0.5717
11
0222	0.8644	0.9450	1.3581	0.6560	1.2060s	1.4692	0.6150	0.5597
12
0223	0.8531	0.9529	1.3580	0.6580	0.9806s	1.4633	0.6190	0.5728
13
0224	0.8561	0.9529	1.3582	0.6620	1.1293s	1.4600	0.6190	0.5749
14
0225	0.8565	0.9486	1.3558	0.6600	1.2910s	1.4557	0.6200	0.5757
15
0226	0.8615	0.9464	1.3547	0.6640	1.0500s	1.4543	0.6210	0.5713
16
0227	0.8631	0.9593	1.3557	0.6660	1.1793s	1.4570	0.6210	0.5709
17
0228	0.8593	0.9436	1.3570	0.6700	0.7365s	1.4605	0.6220	0.5710
18
0229	0.8651	0.9486	1.3577	0.6680	1.2583s	1.4649	0.6270	0.5778
19
0230	0.8576	0.9529	1.3611	0.6660	0.4674s	1.4672	0.6280	0.5782
20
0231	0.8562	0.9621	1.3704	0.6660	1.2857s	1.4734	0.6240	0.5737
21
0232	0.8500	0.9493	1.3798	0.6620	1.0946s	1.4770	0.6210	0.5684
22
0233	0.8623	0.9507	1.3824	0.6520	1.3526s	1.4755	0.6180	0.5667
23
0234	0.8618	0.9507	1.3793	0.6480	0.3222s	1.4703	0.6180	0.5645
24
0235	0.8619	0.9493	1.3729	0.6460	1.2327s	1.4677	0.6200	0.5643
25
0236	0.8485	0.9579	1.3673	0.6600	1.0354s	1.4663	0.6270	0.5745
26
0237	0.8494	0.9479	1.3649	0.6600	1.3033s	1.4675	0.6230	0.5695
27
0238	0.8509	0.9514	1.3647	0.6700	1.2887s	1.4666	0.6230	0.5697
28
0239	0.8606	0.9457	1.3674	0.6780	0.8972s	1.4678	0.6230	0.5703
29
0240	0.8533	0.9507	1.3702	0.6760	1.1363s	1.4698	0.6280	0.5731
0
0241	0.8559	0.9629	1.3700	0.6780	1.1029s	1.4718	0.6300	0.5731
1
0242	0.8545	0.9579	1.3684	0.6680	1.2194s	1.4740	0.6270	0.5692
0
0243	0.8553	0.9436	1.3658	0.6680	0.8408s	1.4752	0.6250	0.5615
1
0244	0.8477	0.9450	1.3646	0.6720	1.1781s	1.4746	0.6190	0.5562
2
0245	0.8522	0.9550	1.3597	0.6680	0.6303s	1.4680	0.6210	0.5636
3
0246	0.8572	0.9586	1.3535	0.6720	0.6558s	1.4610	0.6190	0.5651
4
0247	0.8783	0.9600	1.3520	0.6720	1.0962s	1.4592	0.6200	0.5690
0
0248	0.8617	0.9407	1.3571	0.6680	0.9386s	1.4620	0.6220	0.5706
0
0249	0.8428	0.9521	1.3647	0.6660	1.1068s	1.4668	0.6210	0.5679
1
0250	0.8611	0.9421	1.3692	0.6680	0.3229s	1.4708	0.6250	0.5689
2
0251	0.8569	0.9379	1.3695	0.6700	1.0898s	1.4709	0.6270	0.5711
3
0252	0.8656	0.9514	1.3675	0.6680	1.1492s	1.4689	0.6270	0.5693
4
0253	0.8649	0.9464	1.3632	0.6640	1.3588s	1.4648	0.6270	0.5722
5
0254	0.8508	0.9500	1.3607	0.6660	1.1912s	1.4585	0.6290	0.5745
6
0255	0.8508	0.9557	1.3629	0.6600	1.1544s	1.4555	0.6240	0.5705
7
0256	0.8421	0.9543	1.3612	0.6580	1.2180s	1.4558	0.6230	0.5706
8
0257	0.8614	0.9529	1.3611	0.6600	1.3159s	1.4587	0.6270	0.5735
9
0258	0.8573	0.9479	1.3611	0.6600	1.3340s	1.4631	0.6230	0.5658
10
0259	0.8537	0.9450	1.3627	0.6580	1.1570s	1.4667	0.6220	0.5704
11
0260	0.8351	0.9493	1.3661	0.6620	1.0445s	1.4683	0.6230	0.5726
12
0261	0.8560	0.9529	1.3691	0.6600	1.1383s	1.4685	0.6230	0.5764
13
0262	0.8611	0.9536	1.3697	0.6620	1.0822s	1.4643	0.6260	0.5772
14
0263	0.8616	0.9521	1.3677	0.6620	1.1557s	1.4579	0.6240	0.5753
15
0264	0.8537	0.9443	1.3651	0.6660	0.8719s	1.4563	0.6210	0.5705
16
0265	0.8647	0.9529	1.3619	0.6640	1.2400s	1.4589	0.6200	0.5651
17
0266	0.8608	0.9593	1.3600	0.6560	0.3601s	1.4626	0.6170	0.5630
18
0267	0.8585	0.9514	1.3596	0.6600	0.6370s	1.4640	0.6160	0.5749
19
0268	0.8460	0.9493	1.3648	0.6520	1.2135s	1.4659	0.6130	0.5740
20
0269	0.8502	0.9471	1.3665	0.6520	0.8711s	1.4629	0.6170	0.5792
21
0270	0.8693	0.9521	1.3668	0.6600	1.3736s	1.4578	0.6260	0.5884
22
0271	0.8550	0.9579	1.3630	0.6680	0.8840s	1.4547	0.6280	0.5870
23
0272	0.8554	0.9514	1.3619	0.6700	1.2694s	1.4580	0.6290	0.5745
24
0273	0.8472	0.9543	1.3631	0.6600	0.8104s	1.4644	0.6330	0.5769
25
0274	0.8453	0.9471	1.3630	0.6560	1.4135s	1.4697	0.6260	0.5781
26
0275	0.8345	0.9479	1.3609	0.6560	0.9529s	1.4698	0.6220	0.5744
27
0276	0.8343	0.9600	1.3563	0.6500	0.5921s	1.4637	0.6190	0.5693
28
0277	0.8475	0.9436	1.3523	0.6500	1.1539s	1.4553	0.6250	0.5712
29
0278	0.8344	0.9457	1.3547	0.6480	0.8808s	1.4522	0.6240	0.5748
30
0279	0.8465	0.9479	1.3583	0.6580	1.1644s	1.4532	0.6310	0.5798
31
0280	0.8438	0.9536	1.3637	0.6580	0.2807s	1.4582	0.6300	0.5790
32
0281	0.8448	0.9536	1.3660	0.6580	0.7915s	1.4617	0.6320	0.5750
33
0282	0.8555	0.9536	1.3673	0.6580	1.7206s	1.4652	0.6300	0.5763
34
0283	0.8438	0.9571	1.3678	0.6540	1.2010s	1.4657	0.6270	0.5745
35
0284	0.8501	0.9514	1.3691	0.6480	0.9783s	1.4642	0.6300	0.5800
36
0285	0.8349	0.9536	1.3693	0.6520	1.0504s	1.4623	0.6270	0.5740
37
0286	0.8561	0.9493	1.3701	0.6560	1.2389s	1.4633	0.6260	0.5824
38
0287	0.8549	0.9536	1.3698	0.6540	1.3809s	1.4668	0.6260	0.5755
39
0288	0.8669	0.9414	1.3644	0.6560	1.3599s	1.4676	0.6270	0.5766
40
0289	0.8606	0.9443	1.3591	0.6580	1.3952s	1.4665	0.6240	0.5654
41
0290	0.8375	0.9607	1.3587	0.6600	1.4192s	1.4649	0.6280	0.5752
42
0291	0.8470	0.9507	1.3612	0.6620	1.2242s	1.4627	0.6230	0.5704
43
0292	0.8471	0.9500	1.3638	0.6600	0.9442s	1.4602	0.6230	0.5696
44
0293	0.8510	0.9436	1.3672	0.6560	1.5111s	1.4612	0.6230	0.5672
45
0294	0.8564	0.9529	1.3700	0.6620	0.9757s	1.4643	0.6230	0.5662
46
0295	0.8672	0.9543	1.3704	0.6600	1.3898s	1.4660	0.6260	0.5712
47
0296	0.8480	0.9393	1.3688	0.6600	1.4128s	1.4647	0.6250	0.5679
48
0297	0.8595	0.9479	1.3661	0.6580	1.4692s	1.4610	0.6240	0.5701
49
0298	0.8265	0.9543	1.3631	0.6560	0.4575s	1.4556	0.6200	0.5678
50
0299	0.8408	0.9464	1.3606	0.6560	1.5377s	1.4511	0.6240	0.5845
51
0300	0.8556	0.9536	1.3593	0.6540	1.0553s	1.4492	0.6260	0.5833
52
0301	0.8542	0.9471	1.3592	0.6560	1.4307s	1.4491	0.6280	0.5846
53
0302	0.8631	0.9414	1.3601	0.6560	1.4013s	1.4503	0.6310	0.5771
54
0303	0.8522	0.9514	1.3615	0.6640	1.4003s	1.4515	0.6330	0.5792
55
0304	0.8607	0.9486	1.3623	0.6640	1.1927s	1.4537	0.6290	0.5736
56
0305	0.8485	0.9493	1.3654	0.6600	1.4838s	1.4591	0.6260	0.5666
57
0306	0.8401	0.9507	1.3684	0.6620	1.4540s	1.4652	0.6220	0.5658
58
0307	0.8459	0.9414	1.3704	0.6560	1.3307s	1.4674	0.6250	0.5692
59
0308	0.8583	0.9571	1.3691	0.6540	1.3585s	1.4665	0.6220	0.5776
60
0309	0.8433	0.9564	1.3640	0.6560	1.3535s	1.4618	0.6220	0.5763
61
0310	0.8344	0.9536	1.3549	0.6500	1.1507s	1.4538	0.6220	0.5733
62
0311	0.8493	0.9571	1.3471	0.6600	1.2519s	1.4470	0.6280	0.5842
63
0312	0.8420	0.9407	1.3435	0.6560	1.3829s	1.4458	0.6310	0.5894
0
0313	0.8460	0.9443	1.3459	0.6600	1.2694s	1.4496	0.6290	0.5830
0
0314	0.8504	0.9479	1.3536	0.6600	1.4796s	1.4604	0.6260	0.5732
1
0315	0.8470	0.9536	1.3627	0.6520	1.4529s	1.4711	0.6190	0.5657
2
0316	0.8594	0.9521	1.3671	0.6520	1.2868s	1.4767	0.6170	0.5648
3
0317	0.8543	0.9529	1.3677	0.6540	1.2267s	1.4753	0.6190	0.5665
4
0318	0.8465	0.9493	1.3606	0.6560	1.3399s	1.4666	0.6220	0.5670
5
0319	0.8523	0.9471	1.3541	0.6500	1.3904s	1.4581	0.6230	0.5677
6
0320	0.8424	0.9593	1.3518	0.6520	1.2732s	1.4515	0.6240	0.5704
7
0321	0.8597	0.9536	1.3553	0.6480	1.3485s	1.4517	0.6210	0.5680
8
0322	0.8526	0.9493	1.3643	0.6540	1.4144s	1.4579	0.6160	0.5600
9
0323	0.8476	0.9443	1.3688	0.6560	1.1695s	1.4627	0.6160	0.5621
10
0324	0.8425	0.9536	1.3648	0.6540	1.3958s	1.4619	0.6190	0.5679
11
0325	0.8511	0.9421	1.3572	0.6560	1.1543s	1.4603	0.6260	0.5742
12
0326	0.8448	0.9429	1.3507	0.6580	1.4627s	1.4587	0.6220	0.5747
13
0327	0.8569	0.9493	1.3500	0.6620	0.5826s	1.4580	0.6250	0.5777
14
0328	0.8584	0.9457	1.3506	0.6660	1.3368s	1.4579	0.6240	0.5746
15
0329	0.8627	0.9500	1.3547	0.6640	1.2373s	1.4615	0.6280	0.5769
16
0330	0.8452	0.9564	1.3626	0.6600	1.5116s	1.4665	0.6240	0.5668
17
0331	0.8403	0.9564	1.3673	0.6560	1.1262s	1.4677	0.6190	0.5625
18
0332	0.8559	0.9571	1.3649	0.6580	1.5661s	1.4642	0.6170	0.5609
19
0333	0.8358	0.9500	1.3606	0.6640	1.2907s	1.4584	0.6200	0.5730
20
0334	0.8543	0.9514	1.3569	0.6620	1.2026s	1.4552	0.6220	0.5799
21
0335	0.8540	0.9364	1.3556	0.6600	1.3852s	1.4567	0.6230	0.5734
22
0336	0.8521	0.9386	1.3558	0.6640	1.3656s	1.4609	0.6260	0.5751
23
0337	0.8438	0.9443	1.3612	0.6620	1.2800s	1.4668	0.6290	0.5763
24
0338	0.8500	0.9586	1.3682	0.6620	1.0667s	1.4710	0.6280	0.5747
25
0339	0.8322	0.9621	1.3735	0.6640	0.7905s	1.4725	0.6240	0.5726
26
0340	0.8395	0.9557	1.3730	0.6620	1.3702s	1.4697	0.6230	0.5703
27
0341	0.8565	0.9543	1.3693	0.6600	1.4507s	1.4641	0.6230	0.5707
28
0342	0.8423	0.9521	1.3653	0.6600	1.4686s	1.4598	0.6230	0.5708
29
0343	0.8339	0.9457	1.3615	0.6600	1.0447s	1.4569	0.6260	0.5725
30
0344	0.8574	0.9479	1.3604	0.6580	1.2967s	1.4569	0.6240	0.5692
31
0345	0.8551	0.9479	1.3621	0.6620	0.3122s	1.4600	0.6260	0.5717
32
0346	0.8385	0.9536	1.3653	0.6620	1.5003s	1.4646	0.6290	0.5754
33
0347	0.8575	0.9471	1.3678	0.6640	1.1332s	1.4676	0.6270	0.5749
34
0348	0.8624	0.9479	1.3669	0.6680	1.4136s	1.4675	0.6240	0.5695
35
0349	0.8517	0.9514	1.3646	0.6600	1.3396s	1.4650	0.6200	0.5679
36
0350	0.8437	0.9507	1.3642	0.6620	1.1407s	1.4622	0.6220	0.5664
37
0351	0.8569	0.9450	1.3629	0.6560	1.3767s	1.4583	0.6320	0.5799
38
0352	0.8329	0.9414	1.3644	0.6560	1.0247s	1.4592	0.6330	0.5804
39
0353	0.8481	0.9514	1.3641	0.6540	1.4132s	1.4604	0.6290	0.5730
40
0354	0.8448	0.9579	1.3622	0.6540	1.3466s	1.4619	0.6260	0.5782
41
0355	0.8458	0.9579	1.3603	0.6520	1.2084s	1.4629	0.6240	0.5792
42
0356	0.8427	0.9557	1.3591	0.6520	1.5327s	1.4638	0.6260	0.5805
43
0357	0.8454	0.9550	1.3608	0.6620	1.3402s	1.4653	0.6270	0.5810
44
0358	0.8544	0.9443	1.3625	0.6660	1.2516s	1.4632	0.6280	0.5828
45
0359	0.8402	0.9586	1.3635	0.6600	1.1021s	1.4584	0.6270	0.5829
46
0360	0.8493	0.9550	1.3671	0.6600	1.3216s	1.4547	0.6260	0.5813
47
0361	0.8479	0.9586	1.3704	0.6560	1.5198s	1.4534	0.6270	0.5813
48
0362	0.8469	0.9607	1.3722	0.6520	1.2719s	1.4552	0.6280	0.5848
49
0363	0.8573	0.9514	1.3697	0.6560	1.2701s	1.4576	0.6310	0.5862
50
0364	0.8655	0.9593	1.3639	0.6540	1.2026s	1.4576	0.6290	0.5824
51
0365	0.8486	0.9550	1.3581	0.6560	1.3603s	1.4567	0.6250	0.5768
52
0366	0.8431	0.9550	1.3520	0.6580	1.5814s	1.4543	0.6260	0.5851
53
0367	0.8522	0.9414	1.3506	0.6620	1.3397s	1.4526	0.6210	0.5754
54
0368	0.8233	0.9600	1.3524	0.6580	1.5216s	1.4525	0.6180	0.5709
55
0369	0.8349	0.9407	1.3583	0.6620	1.1826s	1.4551	0.6230	0.5774
56
0370	0.8624	0.9564	1.3647	0.6580	1.3473s	1.4585	0.6270	0.5740
57
0371	0.8388	0.9457	1.3673	0.6580	1.3031s	1.4610	0.6290	0.5759
58
0372	0.8388	0.9521	1.3669	0.6620	1.4149s	1.4626	0.6280	0.5773
59
0373	0.8503	0.9521	1.3659	0.6520	1.4390s	1.4647	0.6290	0.5775
60
0374	0.8589	0.9443	1.3626	0.6580	1.5486s	1.4653	0.6300	0.5771
61
0375	0.8347	0.9471	1.3612	0.6600	1.2137s	1.4655	0.6260	0.5704
62
0376	0.8445	0.9457	1.3615	0.6580	1.4075s	1.4650	0.6180	0.5614
63
0377	0.8544	0.9579	1.3592	0.6560	1.3055s	1.4620	0.6230	0.5681
64
0378	0.8522	0.9550	1.3594	0.6540	1.3699s	1.4598	0.6250	0.5716
65
0379	0.8363	0.9364	1.3603	0.6580	1.0282s	1.4587	0.6230	0.5709
66
0380	0.8441	0.9529	1.3637	0.6560	1.2994s	1.4599	0.6240	0.5725
67
0381	0.8417	0.9564	1.3671	0.6580	0.9343s	1.4631	0.6210	0.5666
68
0382	0.8352	0.9414	1.3709	0.6580	1.3146s	1.4665	0.6170	0.5730
69
0383	0.8432	0.9621	1.3724	0.6620	1.3190s	1.4697	0.6200	0.5764
70
0384	0.8399	0.9621	1.3711	0.6620	0.3407s	1.4713	0.6220	0.5682
71
0385	0.8505	0.9571	1.3700	0.6600	1.5218s	1.4731	0.6220	0.5676
72
0386	0.8192	0.9586	1.3670	0.6600	1.2053s	1.4719	0.6210	0.5695
73
0387	0.8476	0.9429	1.3604	0.6640	1.5164s	1.4653	0.6220	0.5702
74
0388	0.8377	0.9486	1.3542	0.6620	0.5458s	1.4588	0.6240	0.5713
75
0389	0.8437	0.9486	1.3504	0.6560	1.4728s	1.4554	0.6250	0.5698
76
0390	0.8427	0.9500	1.3524	0.6580	1.2464s	1.4573	0.6150	0.5559
77
0391	0.8490	0.9521	1.3557	0.6620	1.2188s	1.4593	0.6160	0.5561
78
0392	0.8498	0.9579	1.3591	0.6600	1.1002s	1.4643	0.6200	0.5614
79
0393	0.8575	0.9529	1.3580	0.6580	1.3387s	1.4657	0.6190	0.5626
80
0394	0.8362	0.9586	1.3521	0.6660	0.8138s	1.4623	0.6200	0.5636
81
0395	0.8536	0.9493	1.3469	0.6600	1.2822s	1.4570	0.6240	0.5710
82
0396	0.8422	0.9436	1.3449	0.6620	1.4763s	1.4557	0.6260	0.5741
83
0397	0.8357	0.9486	1.3460	0.6640	1.3680s	1.4557	0.6290	0.5725
84
0398	0.8427	0.9479	1.3505	0.6660	1.3050s	1.4558	0.6280	0.5725
85
0399	0.8425	0.9593	1.3551	0.6680	0.3305s	1.4584	0.6290	0.5761
86
0400	0.8371	0.9636	1.3605	0.6720	1.5216s	1.4619	0.6270	0.5746
87
0401	0.8329	0.9514	1.3650	0.6680	1.3438s	1.4639	0.6230	0.5713
88
0402	0.8444	0.9564	1.3688	0.6620	1.4654s	1.4666	0.6230	0.5719
89
0403	0.8369	0.9614	1.3698	0.6620	1.2200s	1.4670	0.6240	0.5689
90
0404	0.8478	0.9543	1.3685	0.6600	1.3773s	1.4679	0.6200	0.5650
91
0405	0.8471	0.9593	1.3649	0.6620	1.3309s	1.4671	0.6200	0.5635
92
0406	0.8447	0.9414	1.3603	0.6660	1.4512s	1.4630	0.6240	0.5685
93
0407	0.8440	0.9500	1.3570	0.6700	1.0874s	1.4586	0.6260	0.5796
94
0408	0.8431	0.9593	1.3568	0.6740	1.4669s	1.4584	0.6290	0.5834
95
0409	0.8435	0.9607	1.3634	0.6720	1.0584s	1.4633	0.6270	0.5724
96
0410	0.8572	0.9600	1.3700	0.6700	1.5088s	1.4684	0.6240	0.5681
97
0411	0.8443	0.9586	1.3722	0.6640	1.2843s	1.4722	0.6200	0.5630
98
0412	0.8491	0.9486	1.3698	0.6620	1.4269s	1.4726	0.6180	0.5562
99
0413	0.8405	0.9543	1.3665	0.6600	1.4624s	1.4696	0.6260	0.5722
100
0414	0.8541	0.9557	1.3636	0.6600	1.4522s	1.4665	0.6260	0.5820
101
0415	0.8397	0.9571	1.3572	0.6600	1.2356s	1.4626	0.6260	0.5835
102
0416	0.8546	0.9400	1.3517	0.6620	1.3320s	1.4617	0.6340	0.5887
103
0417	0.8351	0.9529	1.3497	0.6720	0.2801s	1.4621	0.6260	0.5740
104
0418	0.8385	0.9529	1.3507	0.6740	1.3460s	1.4630	0.6310	0.5782
105
0419	0.8252	0.9479	1.3550	0.6660	1.3499s	1.4654	0.6300	0.5755
106
0420	0.8482	0.9486	1.3574	0.6620	1.3560s	1.4671	0.6310	0.5766
107
0421	0.8230	0.9457	1.3601	0.6580	1.2346s	1.4684	0.6260	0.5738
108
0422	0.8352	0.9543	1.3648	0.6680	0.7994s	1.4694	0.6240	0.5745
109
0423	0.8284	0.9607	1.3671	0.6660	1.4192s	1.4710	0.6250	0.5715
110
0424	0.8550	0.9464	1.3646	0.6640	1.3244s	1.4695	0.6250	0.5721
111
0425	0.8486	0.9550	1.3608	0.6600	1.4184s	1.4650	0.6280	0.5724
112
0426	0.8539	0.9664	1.3579	0.6580	1.4915s	1.4625	0.6290	0.5733
113
0427	0.8555	0.9514	1.3556	0.6560	1.4076s	1.4615	0.6270	0.5727
114
0428	0.8427	0.9436	1.3545	0.6520	1.1736s	1.4622	0.6240	0.5684
115
0429	0.8511	0.9514	1.3537	0.6480	1.3802s	1.4621	0.6240	0.5697
116
0430	0.8478	0.9493	1.3582	0.6500	1.2436s	1.4640	0.6280	0.5772
117
0431	0.8324	0.9514	1.3611	0.6600	1.4310s	1.4627	0.6220	0.5775
118
0432	0.8468	0.9664	1.3583	0.6680	1.3363s	1.4576	0.6240	0.5785
119
0433	0.8651	0.9486	1.3578	0.6640	1.4041s	1.4555	0.6280	0.5836
120
0434	0.8430	0.9557	1.3577	0.6520	1.5310s	1.4568	0.6290	0.5731
121
0435	0.8543	0.9550	1.3612	0.6460	1.4000s	1.4619	0.6240	0.5697
122
0436	0.8424	0.9507	1.3617	0.6460	1.3313s	1.4646	0.6200	0.5653
123
0437	0.8429	0.9450	1.3600	0.6460	1.1657s	1.4618	0.6230	0.5690
124
0438	0.8375	0.9507	1.3568	0.6480	1.0899s	1.4588	0.6230	0.5680
125
0439	0.8340	0.9486	1.3555	0.6600	1.0512s	1.4572	0.6270	0.5725
126
0440	0.8322	0.9521	1.3536	0.6620	1.3102s	1.4560	0.6290	0.5707
127
0441	0.8475	0.9593	1.3541	0.6640	1.2859s	1.4575	0.6260	0.5634
128
0442	0.8363	0.9471	1.3590	0.6640	1.1391s	1.4600	0.6220	0.5616
129
0443	0.8400	0.9507	1.3647	0.6640	1.3644s	1.4635	0.6230	0.5616
130
0444	0.8521	0.9593	1.3690	0.6620	1.4117s	1.4637	0.6250	0.5701
131
0445	0.8444	0.9493	1.3708	0.6560	1.1950s	1.4627	0.6270	0.5760
132
0446	0.8547	0.9507	1.3698	0.6600	1.4335s	1.4620	0.6210	0.5729
133
0447	0.8438	0.9436	1.3704	0.6580	1.5333s	1.4634	0.6200	0.5709
134
0448	0.8546	0.9479	1.3710	0.6620	1.2875s	1.4644	0.6220	0.5697
135
0449	0.8573	0.9557	1.3708	0.6600	1.2980s	1.4661	0.6220	0.5665
136
0450	0.8449	0.9564	1.3726	0.6660	1.2302s	1.4672	0.6210	0.5613
137
0451	0.8318	0.9557	1.3726	0.6660	1.3396s	1.4656	0.6250	0.5655
138
0452	0.8484	0.9550	1.3699	0.6660	1.3814s	1.4619	0.6210	0.5614
139
0453	0.8422	0.9600	1.3647	0.6640	1.2067s	1.4593	0.6190	0.5606
140
0454	0.8333	0.9586	1.3589	0.6720	1.3287s	1.4570	0.6240	0.5668
141
0455	0.8481	0.9514	1.3531	0.6660	1.2054s	1.4563	0.6270	0.5713
142
0456	0.8377	0.9493	1.3526	0.6700	1.2778s	1.4593	0.6290	0.5756
143
0457	0.8604	0.9607	1.3562	0.6660	1.6210s	1.4625	0.6260	0.5707
144
0458	0.8391	0.9486	1.3606	0.6660	1.3518s	1.4658	0.6270	0.5701
145
0459	0.8424	0.9479	1.3619	0.6640	1.4822s	1.4658	0.6280	0.5749
146
0460	0.8357	0.9600	1.3611	0.6640	1.4320s	1.4647	0.6220	0.5636
147
0461	0.8384	0.9514	1.3589	0.6580	1.0594s	1.4619	0.6220	0.5605
148
0462	0.8461	0.9521	1.3588	0.6600	1.0629s	1.4595	0.6220	0.5610
149
0463	0.8440	0.9514	1.3593	0.6600	1.0869s	1.4578	0.6220	0.5658
150
0464	0.8604	0.9464	1.3621	0.6540	0.7830s	1.4583	0.6250	0.5690
151
0465	0.8312	0.9607	1.3620	0.6600	1.2726s	1.4573	0.6290	0.5791
152
0466	0.8533	0.9486	1.3590	0.6580	0.2821s	1.4556	0.6270	0.5801
153
0467	0.8411	0.9529	1.3543	0.6640	1.5406s	1.4552	0.6300	0.5814
154
0468	0.8294	0.9564	1.3506	0.6660	1.3603s	1.4544	0.6340	0.5794
155
0469	0.8367	0.9486	1.3525	0.6640	1.4422s	1.4564	0.6320	0.5719
156
0470	0.8355	0.9529	1.3574	0.6620	1.3954s	1.4600	0.6310	0.5671
157
0471	0.8495	0.9500	1.3627	0.6600	1.4582s	1.4654	0.6280	0.5720
158
0472	0.8353	0.9507	1.3660	0.6540	1.3252s	1.4675	0.6230	0.5714
159
0473	0.8532	0.9550	1.3651	0.6560	1.4339s	1.4645	0.6220	0.5745
160
0474	0.8523	0.9557	1.3603	0.6580	1.3031s	1.4571	0.6210	0.5710
161
0475	0.8379	0.9486	1.3546	0.6680	1.2778s	1.4526	0.6240	0.5702
162
0476	0.8514	0.9471	1.3527	0.6680	1.3869s	1.4547	0.6270	0.5711
163
0477	0.8439	0.9543	1.3500	0.6660	1.4300s	1.4583	0.6240	0.5655
164
0478	0.8520	0.9486	1.3498	0.6700	1.3373s	1.4617	0.6260	0.5700
165
0479	0.8269	0.9486	1.3535	0.6660	1.4158s	1.4652	0.6310	0.5777
166
0480	0.8433	0.9521	1.3591	0.6660	1.2961s	1.4673	0.6240	0.5711
167
0481	0.8511	0.9543	1.3650	0.6600	1.4209s	1.4691	0.6240	0.5719
168
0482	0.8559	0.9407	1.3698	0.6560	1.4303s	1.4697	0.6270	0.5739
169
0483	0.8500	0.9536	1.3687	0.6600	1.2778s	1.4669	0.6230	0.5702
170
0484	0.8458	0.9450	1.3628	0.6620	1.4200s	1.4613	0.6210	0.5682
171
0485	0.8461	0.9550	1.3587	0.6660	1.4186s	1.4569	0.6250	0.5726
172
0486	0.8240	0.9586	1.3549	0.6700	1.1608s	1.4565	0.6290	0.5839
173
0487	0.8348	0.9514	1.3539	0.6680	1.3698s	1.4583	0.6270	0.5781
174
0488	0.8291	0.9457	1.3557	0.6640	1.3449s	1.4617	0.6260	0.5776
175
0489	0.8384	0.9536	1.3581	0.6620	1.1807s	1.4652	0.6210	0.5645
176
0490	0.8241	0.9650	1.3599	0.6620	1.2645s	1.4675	0.6220	0.5701
177
0491	0.8533	0.9507	1.3624	0.6640	1.0444s	1.4679	0.6210	0.5695
178
0492	0.8352	0.9521	1.3651	0.6640	1.0295s	1.4640	0.6210	0.5724
179
0493	0.8491	0.9479	1.3650	0.6600	1.3282s	1.4593	0.6250	0.5832
180
0494	0.8429	0.9471	1.3622	0.6660	1.3967s	1.4554	0.6320	0.5898
181
0495	0.8465	0.9643	1.3599	0.6640	0.6783s	1.4575	0.6270	0.5819
182
0496	0.8338	0.9479	1.3558	0.6660	1.2850s	1.4625	0.6300	0.5778
183
0497	0.8383	0.9571	1.3523	0.6660	1.3172s	1.4667	0.6300	0.5748
184
0498	0.8346	0.9564	1.3504	0.6660	1.4916s	1.4699	0.6210	0.5663
185
0499	0.8213	0.9529	1.3514	0.6640	1.3463s	1.4710	0.6180	0.5632
186
0500	0.8494	0.9443	1.3537	0.6680	1.2731s	1.4685	0.6180	0.5726
187
0501	0.8420	0.9571	1.3553	0.6680	1.1259s	1.4649	0.6250	0.5824
188
0502	0.8432	0.9550	1.3586	0.6600	1.3984s	1.4647	0.6230	0.5805
189
0503	0.8499	0.9564	1.3630	0.6540	1.3776s	1.4685	0.6230	0.5704
190
0504	0.8578	0.9500	1.3647	0.6480	1.4070s	1.4724	0.6200	0.5643
191
0505	0.8448	0.9500	1.3657	0.6580	0.4943s	1.4749	0.6210	0.5644
192
0506	0.8408	0.9521	1.3665	0.6620	1.4533s	1.4769	0.6140	0.5593
193
0507	0.8419	0.9564	1.3622	0.6680	1.3481s	1.4713	0.6140	0.5607
194
0508	0.8631	0.9500	1.3569	0.6740	0.9564s	1.4632	0.6180	0.5623
195
0509	0.8272	0.9571	1.3530	0.6680	1.1785s	1.4572	0.6200	0.5613
196
0510	0.8414	0.9543	1.3538	0.6640	1.4707s	1.4562	0.6250	0.5702
197
0511	0.8348	0.9557	1.3543	0.6640	1.1362s	1.4565	0.6250	0.5680
198
0512	0.8450	0.9450	1.3552	0.6580	1.3724s	1.4594	0.6240	0.5755
199
Early stop! Min loss:1.34353768825531,  Max accuracy:0.678
Early stop model validation loss:1.34353768825531,  accuracy:0.656
Optimization Finished!
Total time elapsed: 589.2763s
test max acc:0.6340
Loading 311th epoch
stru_node_to_hop attention:tensor([[0.2500, 0.2500, 0.2500, 0.2500],
        [0.2500, 0.2500, 0.2500, 0.2500],
        [0.2500, 0.2500, 0.2500, 0.2500],
        [0.2500, 0.2500, 0.2500, 0.2500],
        [0.2500, 0.2500, 0.2500, 0.2500],
        [0.2500, 0.2500, 0.2500, 0.2500],
        [0.2500, 0.2500, 0.2500, 0.2500],
        [0.2500, 0.2500, 0.2500, 0.2500],
        [0.2500, 0.2500, 0.2500, 0.2500],
        [0.2500, 0.2500, 0.2500, 0.2500],
        [0.2500, 0.2500, 0.2500, 0.2500],
        [0.2500, 0.2500, 0.2500, 0.2500],
        [0.2500, 0.2500, 0.2500, 0.2500],
        [0.2500, 0.2500, 0.2500, 0.2500],
        [0.2500, 0.2500, 0.2500, 0.2500],
        [0.2500, 0.2500, 0.2500, 0.2500],
        [0.2500, 0.2500, 0.2500, 0.2500],
        [0.2500, 0.2500, 0.2500, 0.2500],
        [0.2500, 0.2500, 0.2500, 0.2500],
        [0.2500, 0.2500, 0.2500, 0.2500],
        [0.2500, 0.2500, 0.2500, 0.2500],
        [0.2500, 0.2500, 0.2500, 0.2500],
        [0.2500, 0.2500, 0.2500, 0.2500],
        [0.2500, 0.2500, 0.2500, 0.2500],
        [0.2500, 0.2500, 0.2500, 0.2500],
        [0.2500, 0.2500, 0.2500, 0.2500],
        [0.2500, 0.2500, 0.2500, 0.2500],
        [0.2500, 0.2500, 0.2500, 0.2500],
        [0.2500, 0.2500, 0.2500, 0.2500],
        [0.2500, 0.2500, 0.2500, 0.2500],
        [0.2500, 0.2500, 0.2500, 0.2500],
        [0.2500, 0.2500, 0.2500, 0.2500],
        [0.2500, 0.2500, 0.2500, 0.2500],
        [0.2500, 0.2500, 0.2500, 0.2500],
        [0.2500, 0.2500, 0.2500, 0.2500],
        [0.2500, 0.2500, 0.2500, 0.2500],
        [0.2500, 0.2500, 0.2500, 0.2500],
        [0.2500, 0.2500, 0.2500, 0.2500],
        [0.2500, 0.2500, 0.2500, 0.2500],
        [0.2500, 0.2500, 0.2500, 0.2500],
        [0.2500, 0.2500, 0.2500, 0.2500],
        [0.2500, 0.2500, 0.2500, 0.2500],
        [0.2500, 0.2500, 0.2500, 0.2500],
        [0.2500, 0.2500, 0.2500, 0.2500],
        [0.2500, 0.2500, 0.2500, 0.2500],
        [0.2500, 0.2500, 0.2500, 0.2500],
        [0.2500, 0.2500, 0.2500, 0.2500],
        [0.2500, 0.2500, 0.2500, 0.2500],
        [0.2500, 0.2500, 0.2500, 0.2500],
        [0.2500, 0.2500, 0.2500, 0.2500],
        [0.2500, 0.2500, 0.2500, 0.2500],
        [0.2500, 0.2500, 0.2500, 0.2500],
        [0.2500, 0.2500, 0.2500, 0.2500],
        [0.2500, 0.2500, 0.2500, 0.2500],
        [0.2500, 0.2500, 0.2500, 0.2500],
        [0.2500, 0.2500, 0.2500, 0.2500],
        [0.2500, 0.2500, 0.2500, 0.2500],
        [0.2500, 0.2500, 0.2500, 0.2500],
        [0.2500, 0.2500, 0.2500, 0.2500],
        [0.2500, 0.2500, 0.2500, 0.2500],
        [0.2500, 0.2500, 0.2500, 0.2500],
        [0.2500, 0.2500, 0.2500, 0.2500],
        [0.2500, 0.2500, 0.2500, 0.2500],
        [0.2500, 0.2500, 0.2500, 0.2500],
        [0.2500, 0.2500, 0.2500, 0.2500],
        [0.2500, 0.2500, 0.2500, 0.2500],
        [0.2500, 0.2500, 0.2500, 0.2500],
        [0.2500, 0.2500, 0.2500, 0.2500],
        [0.2500, 0.2500, 0.2500, 0.2500],
        [0.2500, 0.2500, 0.2500, 0.2500],
        [0.2500, 0.2500, 0.2500, 0.2500],
        [0.2500, 0.2500, 0.2500, 0.2500],
        [0.2500, 0.2500, 0.2500, 0.2500],
        [0.2500, 0.2500, 0.2500, 0.2500],
        [0.2500, 0.2500, 0.2500, 0.2500],
        [0.2500, 0.2500, 0.2500, 0.2500],
        [0.2500, 0.2500, 0.2500, 0.2500],
        [0.2500, 0.2500, 0.2500, 0.2500],
        [0.2500, 0.2500, 0.2500, 0.2500],
        [0.2500, 0.2500, 0.2500, 0.2500],
        [0.2500, 0.2500, 0.2500, 0.2500],
        [0.2500, 0.2500, 0.2500, 0.2500],
        [0.2500, 0.2500, 0.2500, 0.2500],
        [0.2500, 0.2500, 0.2500, 0.2500],
        [0.2500, 0.2500, 0.2500, 0.2500],
        [0.2500, 0.2500, 0.2500, 0.2500],
        [0.2500, 0.2500, 0.2500, 0.2500],
        [0.2500, 0.2500, 0.2500, 0.2500],
        [0.2500, 0.2500, 0.2500, 0.2500],
        [0.2500, 0.2500, 0.2500, 0.2500],
        [0.2500, 0.2500, 0.2500, 0.2500],
        [0.2500, 0.2500, 0.2500, 0.2500],
        [0.2500, 0.2500, 0.2500, 0.2500],
        [0.2500, 0.2500, 0.2500, 0.2500],
        [0.2500, 0.2500, 0.2500, 0.2500],
        [0.2500, 0.2500, 0.2500, 0.2500],
        [0.2500, 0.2500, 0.2500, 0.2500],
        [0.2500, 0.2500, 0.2500, 0.2500],
        [0.2500, 0.2500, 0.2500, 0.2500],
        [0.2500, 0.2500, 0.2500, 0.2500]], device='cuda:7')
fea_node_to_hop attention:tensor([[0.2500, 0.2500, 0.2500, 0.2500],
        [0.2500, 0.2500, 0.2500, 0.2500],
        [0.2500, 0.2500, 0.2500, 0.2500],
        [0.2500, 0.2500, 0.2500, 0.2500],
        [0.2500, 0.2500, 0.2500, 0.2500],
        [0.2500, 0.2500, 0.2500, 0.2500],
        [0.2500, 0.2500, 0.2500, 0.2500],
        [0.2500, 0.2500, 0.2500, 0.2500],
        [0.2500, 0.2500, 0.2500, 0.2500],
        [0.2500, 0.2500, 0.2500, 0.2500],
        [0.2500, 0.2500, 0.2500, 0.2500],
        [0.2500, 0.2500, 0.2500, 0.2500],
        [0.2500, 0.2500, 0.2500, 0.2500],
        [0.2500, 0.2500, 0.2500, 0.2500],
        [0.2500, 0.2500, 0.2500, 0.2500],
        [0.2500, 0.2500, 0.2500, 0.2500],
        [0.2500, 0.2500, 0.2500, 0.2500],
        [0.2500, 0.2500, 0.2500, 0.2500],
        [0.2500, 0.2500, 0.2500, 0.2500],
        [0.2500, 0.2500, 0.2500, 0.2500],
        [0.2500, 0.2500, 0.2500, 0.2500],
        [0.2500, 0.2500, 0.2500, 0.2500],
        [0.2500, 0.2500, 0.2500, 0.2500],
        [0.2500, 0.2500, 0.2500, 0.2500],
        [0.2500, 0.2500, 0.2500, 0.2500],
        [0.2500, 0.2500, 0.2500, 0.2500],
        [0.2500, 0.2500, 0.2500, 0.2500],
        [0.2500, 0.2500, 0.2500, 0.2500],
        [0.2500, 0.2500, 0.2500, 0.2500],
        [0.2500, 0.2500, 0.2500, 0.2500],
        [0.2500, 0.2500, 0.2500, 0.2500],
        [0.2500, 0.2500, 0.2500, 0.2500],
        [0.2500, 0.2500, 0.2500, 0.2500],
        [0.2500, 0.2500, 0.2500, 0.2500],
        [0.2500, 0.2500, 0.2500, 0.2500],
        [0.2500, 0.2500, 0.2500, 0.2500],
        [0.2500, 0.2500, 0.2500, 0.2500],
        [0.2500, 0.2500, 0.2500, 0.2500],
        [0.2500, 0.2500, 0.2500, 0.2500],
        [0.2500, 0.2500, 0.2500, 0.2500],
        [0.2500, 0.2500, 0.2500, 0.2500],
        [0.2500, 0.2500, 0.2500, 0.2500],
        [0.2500, 0.2500, 0.2500, 0.2500],
        [0.2500, 0.2500, 0.2500, 0.2500],
        [0.2500, 0.2500, 0.2500, 0.2500],
        [0.2500, 0.2500, 0.2500, 0.2500],
        [0.2500, 0.2500, 0.2500, 0.2500],
        [0.2500, 0.2500, 0.2500, 0.2500],
        [0.2500, 0.2500, 0.2500, 0.2500],
        [0.2500, 0.2500, 0.2500, 0.2500],
        [0.2500, 0.2500, 0.2500, 0.2500],
        [0.2500, 0.2500, 0.2500, 0.2500],
        [0.2500, 0.2500, 0.2500, 0.2500],
        [0.2500, 0.2500, 0.2500, 0.2500],
        [0.2500, 0.2500, 0.2500, 0.2500],
        [0.2500, 0.2500, 0.2500, 0.2500],
        [0.2500, 0.2500, 0.2500, 0.2500],
        [0.2500, 0.2500, 0.2500, 0.2500],
        [0.2500, 0.2500, 0.2500, 0.2500],
        [0.2500, 0.2500, 0.2500, 0.2500],
        [0.2500, 0.2500, 0.2500, 0.2500],
        [0.2500, 0.2500, 0.2500, 0.2500],
        [0.2500, 0.2500, 0.2500, 0.2500],
        [0.2500, 0.2500, 0.2500, 0.2500],
        [0.2500, 0.2500, 0.2500, 0.2500],
        [0.2500, 0.2500, 0.2500, 0.2500],
        [0.2500, 0.2500, 0.2500, 0.2500],
        [0.2500, 0.2500, 0.2500, 0.2500],
        [0.2500, 0.2500, 0.2500, 0.2500],
        [0.2500, 0.2500, 0.2500, 0.2500],
        [0.2500, 0.2500, 0.2500, 0.2500],
        [0.2500, 0.2500, 0.2500, 0.2500],
        [0.2500, 0.2500, 0.2500, 0.2500],
        [0.2500, 0.2500, 0.2500, 0.2500],
        [0.2500, 0.2500, 0.2500, 0.2500],
        [0.2500, 0.2500, 0.2500, 0.2500],
        [0.2500, 0.2500, 0.2500, 0.2500],
        [0.2500, 0.2500, 0.2500, 0.2500],
        [0.2500, 0.2500, 0.2500, 0.2500],
        [0.2500, 0.2500, 0.2500, 0.2500],
        [0.2500, 0.2500, 0.2500, 0.2500],
        [0.2500, 0.2500, 0.2500, 0.2500],
        [0.2500, 0.2500, 0.2500, 0.2500],
        [0.2500, 0.2500, 0.2500, 0.2500],
        [0.2500, 0.2500, 0.2500, 0.2500],
        [0.2500, 0.2500, 0.2500, 0.2500],
        [0.2500, 0.2500, 0.2500, 0.2500],
        [0.2500, 0.2500, 0.2500, 0.2500],
        [0.2500, 0.2500, 0.2500, 0.2500],
        [0.2500, 0.2500, 0.2500, 0.2500],
        [0.2500, 0.2500, 0.2500, 0.2500],
        [0.2500, 0.2500, 0.2500, 0.2500],
        [0.2500, 0.2500, 0.2500, 0.2500],
        [0.2500, 0.2500, 0.2500, 0.2500],
        [0.2500, 0.2500, 0.2500, 0.2500],
        [0.2500, 0.2500, 0.2500, 0.2500],
        [0.2500, 0.2500, 0.2500, 0.2500],
        [0.2500, 0.2500, 0.2500, 0.2500],
        [0.2500, 0.2500, 0.2500, 0.2500],
        [0.2500, 0.2500, 0.2500, 0.2500]], device='cuda:7')
perception attention:tensor([0.9927, 0.0073], device='cuda:7')
Test set results: loss= 1.4458 accuracy= 0.6310 F1_score= 0.5894
