# epoch	loss_train	acc_train	loss_val	acc_val	time	acc_test	f1_test
0001	4.2487	0.0150	4.2363	0.0940	0.7435s	4.2377	0.0610	0.0209
0
0002	4.2341	0.0650	4.2160	0.0820	1.0417s	4.2181	0.0720	0.0361
0
0003	4.2072	0.0914	4.1877	0.0880	0.4752s	4.1902	0.0720	0.0545
0
0004	4.1709	0.0986	4.1460	0.1140	1.0236s	4.1492	0.0960	0.0704
0
0005	4.1195	0.1450	4.0880	0.1720	1.0593s	4.0917	0.1480	0.1106
0
0006	4.0498	0.2193	4.0122	0.2120	0.8684s	4.0166	0.1970	0.1695
0
0007	3.9561	0.2757	3.9182	0.2340	1.0968s	3.9232	0.2230	0.1901
0
0008	3.8477	0.3386	3.8086	0.2640	0.6646s	3.8139	0.2510	0.2150
0
0009	3.7176	0.3843	3.6846	0.3040	0.6585s	3.6899	0.2950	0.2582
0
0010	3.5680	0.4364	3.5503	0.3560	1.0680s	3.5557	0.3420	0.2997
0
0011	3.4104	0.4964	3.4081	0.4080	1.1345s	3.4136	0.3750	0.3279
0
0012	3.2479	0.5514	3.2611	0.4500	0.8663s	3.2667	0.4230	0.3922
0
0013	3.0926	0.5714	3.1104	0.4800	1.0473s	3.1175	0.4510	0.4055
0
0014	2.9375	0.5964	2.9618	0.5020	0.3881s	2.9711	0.4720	0.4184
0
0015	2.7619	0.6243	2.8157	0.5160	0.2623s	2.8277	0.4900	0.4412
0
0016	2.6150	0.6443	2.6750	0.5220	1.0451s	2.6904	0.5070	0.4576
0
0017	2.4677	0.6800	2.5404	0.5280	1.0125s	2.5616	0.5210	0.4745
0
0018	2.3472	0.6907	2.4149	0.5340	0.3139s	2.4438	0.5270	0.4809
0
0019	2.2236	0.6736	2.2968	0.5380	1.1474s	2.3350	0.5260	0.4753
0
0020	2.1078	0.6907	2.1894	0.5520	0.2818s	2.2370	0.5370	0.4884
0
0021	1.9696	0.7164	2.0984	0.5500	0.7824s	2.1531	0.5450	0.4983
0
0022	1.8719	0.7486	2.0227	0.5600	0.8977s	2.0808	0.5560	0.5052
0
0023	1.7903	0.7479	1.9584	0.5640	0.9093s	2.0194	0.5500	0.4959
0
0024	1.7010	0.7557	1.9042	0.5760	1.1028s	1.9685	0.5520	0.4975
0
0025	1.6238	0.7864	1.8556	0.5780	1.0708s	1.9244	0.5590	0.5111
0
0026	1.5540	0.7914	1.8127	0.5900	0.7845s	1.8849	0.5620	0.5127
0
0027	1.4787	0.7993	1.7759	0.5940	1.0192s	1.8493	0.5690	0.5197
0
0028	1.4417	0.7929	1.7429	0.5980	0.9917s	1.8176	0.5710	0.5213
0
0029	1.3913	0.8236	1.7143	0.6040	1.1470s	1.7910	0.5740	0.5162
0
0030	1.3554	0.8300	1.6915	0.6140	0.8537s	1.7696	0.5790	0.5185
0
0031	1.3191	0.8229	1.6738	0.6200	1.0878s	1.7511	0.5830	0.5207
0
0032	1.3004	0.8521	1.6582	0.6160	0.9617s	1.7337	0.5880	0.5243
0
0033	1.2528	0.8564	1.6439	0.6180	0.9298s	1.7176	0.5910	0.5292
0
0034	1.2225	0.8557	1.6325	0.6160	1.0109s	1.7039	0.5940	0.5334
0
0035	1.2234	0.8636	1.6212	0.6160	0.5282s	1.6922	0.5930	0.5320
0
0036	1.1999	0.8757	1.6105	0.6140	0.8718s	1.6822	0.5940	0.5341
0
0037	1.1899	0.8843	1.5970	0.6200	0.3498s	1.6713	0.5930	0.5371
0
0038	1.1585	0.8857	1.5845	0.6180	0.9612s	1.6631	0.5920	0.5345
0
0039	1.1371	0.8871	1.5743	0.6200	1.1777s	1.6529	0.5950	0.5411
0
0040	1.1378	0.8914	1.5668	0.6240	0.2655s	1.6438	0.5980	0.5456
0
0041	1.0845	0.8950	1.5607	0.6260	0.7092s	1.6372	0.6020	0.5508
0
0042	1.0909	0.9107	1.5533	0.6320	0.9113s	1.6310	0.6090	0.5558
0
0043	1.0695	0.9157	1.5470	0.6300	1.1095s	1.6250	0.6060	0.5564
0
0044	1.0631	0.9064	1.5389	0.6320	0.5018s	1.6180	0.6020	0.5497
0
0045	1.0542	0.9064	1.5315	0.6340	0.2581s	1.6129	0.6000	0.5519
0
0046	1.0424	0.9093	1.5272	0.6340	1.0568s	1.6104	0.5940	0.5480
0
0047	1.0352	0.9121	1.5228	0.6320	0.6552s	1.6088	0.6000	0.5565
0
0048	1.0257	0.9050	1.5185	0.6360	1.1167s	1.6079	0.5990	0.5513
0
0049	1.0323	0.9157	1.5144	0.6380	0.8926s	1.6064	0.6030	0.5461
0
0050	1.0169	0.9171	1.5101	0.6380	1.0977s	1.6005	0.6020	0.5468
0
0051	1.0104	0.9050	1.5054	0.6360	0.9747s	1.5932	0.6070	0.5535
0
0052	1.0141	0.9100	1.4998	0.6300	0.3529s	1.5852	0.6040	0.5502
0
0053	1.0022	0.9150	1.4982	0.6300	0.5564s	1.5799	0.6040	0.5533
0
0054	1.0025	0.9293	1.4960	0.6340	0.9335s	1.5770	0.6090	0.5632
0
0055	1.0025	0.9236	1.4936	0.6360	0.5786s	1.5757	0.6060	0.5627
0
0056	0.9882	0.9314	1.4906	0.6400	1.1649s	1.5741	0.6040	0.5612
0
0057	0.9783	0.9143	1.4888	0.6420	0.2498s	1.5731	0.6070	0.5561
0
0058	0.9802	0.9343	1.4855	0.6400	1.0646s	1.5713	0.6080	0.5527
0
0059	0.9750	0.9343	1.4829	0.6400	0.4447s	1.5681	0.6050	0.5493
0
0060	0.9896	0.9257	1.4803	0.6400	0.9716s	1.5640	0.6090	0.5518
0
0061	0.9748	0.9321	1.4768	0.6440	0.7428s	1.5609	0.6130	0.5589
0
0062	0.9728	0.9236	1.4716	0.6440	1.2210s	1.5572	0.6120	0.5584
0
0063	0.9548	0.9300	1.4687	0.6460	0.5979s	1.5561	0.6150	0.5608
0
0064	0.9747	0.9293	1.4663	0.6420	0.5148s	1.5533	0.6140	0.5607
0
0065	0.9862	0.9214	1.4672	0.6420	1.1659s	1.5539	0.6140	0.5683
0
0066	0.9715	0.9207	1.4675	0.6400	0.3331s	1.5528	0.6100	0.5617
1
0067	0.9606	0.9386	1.4661	0.6380	1.0544s	1.5509	0.6100	0.5614
2
0068	0.9678	0.9407	1.4591	0.6380	0.8225s	1.5454	0.6150	0.5678
0
0069	0.9632	0.9264	1.4512	0.6340	0.7796s	1.5378	0.6120	0.5653
0
0070	0.9743	0.9350	1.4461	0.6380	0.7214s	1.5308	0.6210	0.5760
0
0071	0.9586	0.9379	1.4430	0.6360	1.0832s	1.5277	0.6240	0.5765
0
0072	0.9802	0.9350	1.4421	0.6420	0.9524s	1.5281	0.6220	0.5727
0
0073	0.9602	0.9229	1.4429	0.6400	1.1414s	1.5297	0.6210	0.5718
0
0074	0.9558	0.9343	1.4436	0.6460	0.3743s	1.5318	0.6200	0.5673
1
0075	0.9597	0.9357	1.4447	0.6520	1.2153s	1.5323	0.6170	0.5677
0
0076	0.9421	0.9400	1.4433	0.6500	0.3420s	1.5308	0.6120	0.5631
0
0077	0.9574	0.9357	1.4406	0.6420	1.1445s	1.5277	0.6150	0.5644
1
0078	0.9554	0.9457	1.4339	0.6420	0.8039s	1.5210	0.6150	0.5645
0
0079	0.9478	0.9421	1.4257	0.6480	1.0474s	1.5129	0.6140	0.5648
0
0080	0.9503	0.9364	1.4197	0.6480	1.0827s	1.5082	0.6150	0.5654
0
0081	0.9415	0.9314	1.4168	0.6520	0.7040s	1.5060	0.6170	0.5670
0
0082	0.9421	0.9157	1.4160	0.6580	1.1636s	1.5070	0.6170	0.5757
0
0083	0.9456	0.9307	1.4186	0.6580	0.7259s	1.5097	0.6220	0.5780
0
0084	0.9322	0.9364	1.4216	0.6540	1.0604s	1.5141	0.6250	0.5720
0
0085	0.9408	0.9336	1.4247	0.6620	0.4159s	1.5158	0.6220	0.5692
1
0086	0.9426	0.9321	1.4266	0.6540	0.9490s	1.5141	0.6210	0.5691
0
0087	0.9281	0.9350	1.4256	0.6480	0.9904s	1.5132	0.6160	0.5655
1
0088	0.9442	0.9350	1.4251	0.6500	1.1484s	1.5132	0.6200	0.5718
2
0089	0.9388	0.9207	1.4196	0.6500	0.6769s	1.5071	0.6230	0.5769
3
0090	0.9424	0.9371	1.4147	0.6580	1.0830s	1.5002	0.6200	0.5703
4
0091	0.9447	0.9400	1.4128	0.6560	0.3089s	1.4979	0.6260	0.5814
0
0092	0.9241	0.9429	1.4104	0.6540	1.0635s	1.4961	0.6250	0.5790
0
0093	0.9250	0.9371	1.4089	0.6560	0.5510s	1.4968	0.6220	0.5764
0
0094	0.9292	0.9343	1.4085	0.6520	1.2353s	1.4988	0.6170	0.5727
0
0095	0.9427	0.9414	1.4100	0.6520	0.7211s	1.5018	0.6140	0.5679
0
0096	0.9282	0.9421	1.4120	0.6500	0.9714s	1.5035	0.6140	0.5694
1
0097	0.9176	0.9357	1.4121	0.6520	0.8574s	1.5021	0.6170	0.5629
2
0098	0.9305	0.9464	1.4105	0.6520	1.0701s	1.4992	0.6180	0.5662
3
0099	0.9040	0.9364	1.4072	0.6520	0.8642s	1.4948	0.6200	0.5685
4
0100	0.9175	0.9421	1.4036	0.6480	0.8321s	1.4923	0.6240	0.5741
0
0101	0.8973	0.9514	1.3966	0.6460	0.9964s	1.4913	0.6210	0.5685
0
0102	0.9142	0.9336	1.3933	0.6540	0.5811s	1.4944	0.6210	0.5685
0
0103	0.9091	0.9429	1.3899	0.6560	1.1548s	1.4942	0.6130	0.5696
0
0104	0.9129	0.9486	1.3870	0.6540	0.5472s	1.4913	0.6200	0.5730
0
0105	0.9131	0.9364	1.3864	0.6540	1.0435s	1.4857	0.6200	0.5715
0
0106	0.9059	0.9371	1.3894	0.6560	0.2787s	1.4836	0.6250	0.5765
0
0107	0.9025	0.9429	1.3954	0.6560	0.8979s	1.4869	0.6210	0.5726
1
0108	0.9026	0.9521	1.3982	0.6560	0.9868s	1.4913	0.6240	0.5778
2
0109	0.8999	0.9471	1.3968	0.6560	0.7761s	1.4931	0.6190	0.5701
3
0110	0.8952	0.9421	1.3902	0.6560	1.1225s	1.4910	0.6200	0.5702
4
0111	0.9151	0.9364	1.3827	0.6580	0.3038s	1.4871	0.6210	0.5689
5
0112	0.8965	0.9507	1.3787	0.6660	0.9971s	1.4821	0.6270	0.5764
0
0113	0.9031	0.9429	1.3788	0.6640	0.9323s	1.4817	0.6250	0.5777
0
0114	0.9033	0.9500	1.3789	0.6640	0.9888s	1.4832	0.6220	0.5726
1
0115	0.9039	0.9486	1.3775	0.6620	0.6580s	1.4831	0.6220	0.5697
2
0116	0.8958	0.9379	1.3777	0.6580	1.2785s	1.4817	0.6240	0.5717
0
0117	0.8959	0.9321	1.3797	0.6600	0.8167s	1.4810	0.6210	0.5705
1
0118	0.9005	0.9357	1.3796	0.6600	0.8589s	1.4799	0.6210	0.5713
2
0119	0.8943	0.9421	1.3791	0.6660	0.4864s	1.4793	0.6230	0.5741
3
0120	0.8782	0.9486	1.3805	0.6580	0.9573s	1.4785	0.6230	0.5711
0
0121	0.8716	0.9443	1.3784	0.6580	0.7994s	1.4761	0.6270	0.5769
1
0122	0.8776	0.9414	1.3762	0.6560	0.7723s	1.4756	0.6220	0.5714
2
0123	0.8774	0.9443	1.3728	0.6620	0.9987s	1.4753	0.6200	0.5669
0
0124	0.8951	0.9493	1.3694	0.6700	0.7352s	1.4733	0.6210	0.5674
0
0125	0.8916	0.9493	1.3682	0.6620	0.8573s	1.4701	0.6260	0.5724
0
0126	0.8818	0.9436	1.3705	0.6600	0.2871s	1.4697	0.6230	0.5694
0
0127	0.8816	0.9329	1.3737	0.6560	0.7645s	1.4705	0.6240	0.5707
1
0128	0.8797	0.9379	1.3786	0.6580	1.0893s	1.4731	0.6230	0.5694
2
0129	0.8810	0.9486	1.3792	0.6560	0.2916s	1.4730	0.6210	0.5683
3
0130	0.8883	0.9386	1.3767	0.6660	0.9015s	1.4724	0.6240	0.5711
4
0131	0.8934	0.9386	1.3722	0.6560	0.4609s	1.4715	0.6230	0.5699
5
0132	0.8556	0.9514	1.3695	0.6580	0.6603s	1.4703	0.6230	0.5712
6
0133	0.8797	0.9471	1.3680	0.6580	0.2651s	1.4690	0.6210	0.5666
7
0134	0.8879	0.9386	1.3724	0.6620	1.0594s	1.4695	0.6210	0.5693
0
0135	0.8681	0.9457	1.3768	0.6560	0.4017s	1.4718	0.6190	0.5652
1
0136	0.8858	0.9479	1.3790	0.6540	1.1019s	1.4696	0.6200	0.5744
2
0137	0.8796	0.9514	1.3776	0.6540	0.3779s	1.4648	0.6220	0.5797
3
0138	0.8680	0.9579	1.3785	0.6620	0.2737s	1.4632	0.6250	0.5733
4
0139	0.8737	0.9471	1.3775	0.6640	0.3200s	1.4656	0.6260	0.5717
5
0140	0.8803	0.9514	1.3742	0.6640	0.8852s	1.4702	0.6220	0.5685
6
0141	0.8935	0.9500	1.3729	0.6660	0.6033s	1.4771	0.6190	0.5679
7
0142	0.8676	0.9457	1.3720	0.6600	0.9176s	1.4782	0.6180	0.5662
8
0143	0.8662	0.9529	1.3742	0.6600	0.2797s	1.4773	0.6200	0.5676
9
0144	0.8679	0.9471	1.3750	0.6540	1.0446s	1.4719	0.6200	0.5764
10
0145	0.8681	0.9493	1.3747	0.6540	0.7325s	1.4682	0.6230	0.5784
11
0146	0.8620	0.9393	1.3709	0.6520	0.2829s	1.4643	0.6260	0.5807
12
0147	0.8623	0.9543	1.3669	0.6560	0.9678s	1.4623	0.6300	0.5856
13
0148	0.8629	0.9486	1.3661	0.6540	0.2605s	1.4646	0.6270	0.5781
0
0149	0.8706	0.9500	1.3658	0.6540	0.7960s	1.4672	0.6240	0.5754
0
0150	0.8781	0.9407	1.3680	0.6580	0.4211s	1.4695	0.6220	0.5673
0
0151	0.8700	0.9500	1.3712	0.6640	1.0119s	1.4717	0.6250	0.5717
1
0152	0.8687	0.9436	1.3737	0.6580	0.3298s	1.4714	0.6240	0.5695
2
0153	0.8568	0.9521	1.3735	0.6640	0.9600s	1.4706	0.6240	0.5789
3
0154	0.8618	0.9586	1.3721	0.6600	0.7520s	1.4700	0.6300	0.5828
4
0155	0.8641	0.9536	1.3690	0.6520	0.7017s	1.4691	0.6300	0.5759
5
0156	0.8792	0.9471	1.3677	0.6560	1.0033s	1.4689	0.6270	0.5751
6
0157	0.8669	0.9479	1.3685	0.6620	0.9184s	1.4666	0.6240	0.5727
7
0158	0.8586	0.9536	1.3710	0.6620	1.0524s	1.4658	0.6240	0.5704
8
0159	0.8694	0.9343	1.3742	0.6600	0.2643s	1.4691	0.6170	0.5612
9
0160	0.8395	0.9486	1.3732	0.6580	0.9991s	1.4707	0.6180	0.5601
10
0161	0.8863	0.9421	1.3683	0.6500	0.5673s	1.4706	0.6200	0.5642
11
0162	0.8715	0.9514	1.3656	0.6580	0.8334s	1.4698	0.6290	0.5848
12
0163	0.8785	0.9457	1.3636	0.6640	0.5059s	1.4672	0.6300	0.5869
0
0164	0.8762	0.9500	1.3603	0.6640	0.6315s	1.4621	0.6340	0.5935
0
0165	0.8643	0.9507	1.3645	0.6640	0.8143s	1.4616	0.6290	0.5865
0
0166	0.8614	0.9379	1.3690	0.6620	0.6638s	1.4642	0.6270	0.5831
1
0167	0.8431	0.9550	1.3715	0.6560	1.0150s	1.4682	0.6200	0.5683
2
0168	0.8515	0.9464	1.3690	0.6600	1.0417s	1.4675	0.6170	0.5637
3
0169	0.8628	0.9436	1.3684	0.6620	0.5294s	1.4674	0.6200	0.5653
4
0170	0.8676	0.9443	1.3687	0.6620	0.8117s	1.4691	0.6190	0.5715
5
0171	0.8698	0.9564	1.3721	0.6620	0.7516s	1.4723	0.6200	0.5758
6
0172	0.8612	0.9443	1.3762	0.6600	0.8304s	1.4747	0.6210	0.5802
7
0173	0.8754	0.9457	1.3739	0.6620	0.6578s	1.4748	0.6280	0.5864
8
0174	0.8773	0.9457	1.3679	0.6560	1.0523s	1.4719	0.6270	0.5837
9
0175	0.8617	0.9557	1.3647	0.6520	0.3489s	1.4690	0.6260	0.5739
10
0176	0.8662	0.9529	1.3622	0.6560	0.9312s	1.4663	0.6250	0.5739
11
0177	0.8663	0.9414	1.3636	0.6580	0.2485s	1.4665	0.6290	0.5788
12
0178	0.8596	0.9457	1.3661	0.6580	0.4427s	1.4701	0.6230	0.5692
13
0179	0.8653	0.9536	1.3693	0.6580	0.9546s	1.4735	0.6240	0.5727
14
0180	0.8675	0.9507	1.3719	0.6580	0.3543s	1.4773	0.6200	0.5705
15
0181	0.8659	0.9414	1.3716	0.6560	1.0625s	1.4745	0.6200	0.5718
16
0182	0.8424	0.9479	1.3691	0.6540	0.2503s	1.4706	0.6240	0.5737
17
0183	0.8572	0.9471	1.3649	0.6520	1.0961s	1.4678	0.6260	0.5735
18
0184	0.8825	0.9471	1.3604	0.6620	0.7965s	1.4640	0.6320	0.5801
19
0185	0.8595	0.9507	1.3563	0.6600	0.9542s	1.4616	0.6300	0.5785
20
0186	0.8782	0.9564	1.3549	0.6600	0.8178s	1.4643	0.6240	0.5764
0
0187	0.8667	0.9564	1.3564	0.6640	0.8205s	1.4665	0.6170	0.5693
0
0188	0.8727	0.9479	1.3598	0.6580	0.5227s	1.4678	0.6210	0.5749
1
0189	0.8420	0.9507	1.3652	0.6520	0.4429s	1.4668	0.6220	0.5796
2
0190	0.8673	0.9429	1.3711	0.6600	1.0510s	1.4649	0.6200	0.5778
3
0191	0.8740	0.9471	1.3709	0.6580	0.6570s	1.4616	0.6240	0.5835
4
0192	0.8628	0.9536	1.3652	0.6580	0.9406s	1.4596	0.6290	0.5798
5
0193	0.8579	0.9507	1.3619	0.6680	0.2497s	1.4625	0.6250	0.5759
6
0194	0.8834	0.9443	1.3603	0.6600	0.9060s	1.4683	0.6200	0.5698
7
0195	0.8606	0.9471	1.3599	0.6640	0.6104s	1.4747	0.6130	0.5579
8
0196	0.8658	0.9507	1.3591	0.6680	0.8638s	1.4772	0.6140	0.5572
9
0197	0.8762	0.9471	1.3590	0.6700	0.9821s	1.4729	0.6180	0.5617
10
0198	0.8751	0.9450	1.3597	0.6640	1.0802s	1.4682	0.6190	0.5642
0
0199	0.8642	0.9450	1.3631	0.6580	0.2466s	1.4663	0.6230	0.5666
1
0200	0.8604	0.9579	1.3665	0.6560	0.7416s	1.4676	0.6250	0.5694
2
0201	0.8728	0.9493	1.3689	0.6560	0.7274s	1.4708	0.6240	0.5770
3
0202	0.8674	0.9464	1.3707	0.6560	0.6153s	1.4743	0.6190	0.5638
4
0203	0.8674	0.9500	1.3702	0.6560	0.4494s	1.4740	0.6140	0.5645
5
0204	0.8616	0.9450	1.3648	0.6580	0.7327s	1.4708	0.6170	0.5677
6
0205	0.8728	0.9414	1.3619	0.6580	1.1189s	1.4680	0.6220	0.5717
7
0206	0.8471	0.9571	1.3601	0.6640	0.7579s	1.4633	0.6210	0.5694
8
0207	0.8607	0.9393	1.3611	0.6600	0.7998s	1.4626	0.6240	0.5699
9
0208	0.8638	0.9457	1.3665	0.6560	0.2865s	1.4676	0.6240	0.5682
10
0209	0.8589	0.9507	1.3709	0.6520	0.9871s	1.4723	0.6230	0.5679
11
0210	0.8507	0.9571	1.3701	0.6560	0.2577s	1.4715	0.6190	0.5646
12
0211	0.8667	0.9329	1.3634	0.6560	0.9845s	1.4656	0.6190	0.5646
13
0212	0.8470	0.9493	1.3588	0.6560	1.1149s	1.4621	0.6240	0.5829
14
0213	0.8513	0.9521	1.3551	0.6600	0.8162s	1.4602	0.6240	0.5822
15
0214	0.8519	0.9407	1.3530	0.6640	0.9834s	1.4582	0.6230	0.5805
16
0215	0.8713	0.9529	1.3517	0.6640	0.6765s	1.4558	0.6220	0.5769
0
0216	0.8665	0.9479	1.3525	0.6620	0.4494s	1.4581	0.6260	0.5712
0
0217	0.8477	0.9614	1.3568	0.6680	0.2724s	1.4601	0.6270	0.5730
1
0218	0.8673	0.9486	1.3595	0.6720	0.9750s	1.4625	0.6260	0.5728
2
0219	0.8448	0.9464	1.3644	0.6720	0.5683s	1.4663	0.6270	0.5724
0
0220	0.8577	0.9550	1.3653	0.6660	0.5190s	1.4672	0.6270	0.5822
0
0221	0.8572	0.9536	1.3651	0.6680	1.0737s	1.4680	0.6270	0.5848
1
0222	0.8517	0.9571	1.3639	0.6720	0.3819s	1.4689	0.6290	0.5850
2
0223	0.8451	0.9514	1.3652	0.6720	0.8684s	1.4676	0.6250	0.5802
0
0224	0.8434	0.9514	1.3649	0.6780	1.0810s	1.4645	0.6250	0.5814
0
0225	0.8719	0.9536	1.3655	0.6680	0.5438s	1.4650	0.6240	0.5831
0
0226	0.8604	0.9500	1.3640	0.6700	0.8221s	1.4652	0.6230	0.5727
1
0227	0.8511	0.9436	1.3603	0.6720	1.0569s	1.4631	0.6220	0.5766
2
0228	0.8594	0.9486	1.3590	0.6660	0.9362s	1.4616	0.6220	0.5733
3
0229	0.8456	0.9514	1.3612	0.6660	0.3186s	1.4632	0.6230	0.5793
4
0230	0.8601	0.9421	1.3626	0.6640	0.6088s	1.4654	0.6260	0.5838
5
0231	0.8666	0.9479	1.3646	0.6620	0.7958s	1.4650	0.6260	0.5836
6
0232	0.8699	0.9571	1.3646	0.6680	0.9603s	1.4650	0.6260	0.5834
7
0233	0.8742	0.9450	1.3645	0.6740	0.3238s	1.4652	0.6250	0.5731
8
0234	0.8710	0.9571	1.3607	0.6720	0.3727s	1.4624	0.6210	0.5695
9
0235	0.8577	0.9479	1.3570	0.6740	1.1229s	1.4599	0.6230	0.5749
10
0236	0.8545	0.9486	1.3530	0.6660	0.2555s	1.4578	0.6230	0.5745
11
0237	0.8629	0.9450	1.3524	0.6640	0.9457s	1.4607	0.6270	0.5778
12
0238	0.8536	0.9500	1.3532	0.6660	1.2324s	1.4631	0.6240	0.5706
13
0239	0.8513	0.9379	1.3548	0.6580	0.2820s	1.4654	0.6220	0.5685
14
0240	0.8441	0.9457	1.3559	0.6560	0.7802s	1.4658	0.6180	0.5607
15
0241	0.8508	0.9536	1.3591	0.6580	0.2798s	1.4657	0.6200	0.5641
16
0242	0.8600	0.9307	1.3634	0.6660	0.2832s	1.4657	0.6220	0.5640
17
0243	0.8587	0.9514	1.3653	0.6580	1.0050s	1.4651	0.6270	0.5717
18
0244	0.8465	0.9600	1.3687	0.6580	0.7017s	1.4682	0.6260	0.5741
19
0245	0.8564	0.9486	1.3695	0.6580	0.6968s	1.4728	0.6250	0.5743
20
0246	0.8540	0.9386	1.3682	0.6580	1.0362s	1.4742	0.6240	0.5733
21
0247	0.8636	0.9493	1.3665	0.6540	0.2590s	1.4718	0.6240	0.5727
22
0248	0.8575	0.9457	1.3635	0.6540	0.8618s	1.4671	0.6230	0.5704
23
0249	0.8396	0.9521	1.3601	0.6520	0.4695s	1.4634	0.6270	0.5718
24
0250	0.8516	0.9557	1.3593	0.6620	1.0413s	1.4612	0.6270	0.5753
25
0251	0.8608	0.9629	1.3580	0.6660	0.5134s	1.4626	0.6260	0.5742
26
0252	0.8438	0.9457	1.3594	0.6660	1.1175s	1.4641	0.6260	0.5757
27
0253	0.8479	0.9579	1.3610	0.6660	0.7879s	1.4653	0.6240	0.5758
28
0254	0.8572	0.9500	1.3646	0.6640	0.5933s	1.4682	0.6230	0.5715
29
0255	0.8681	0.9550	1.3678	0.6680	0.7849s	1.4708	0.6240	0.5795
30
0256	0.8534	0.9393	1.3689	0.6700	0.8449s	1.4720	0.6270	0.5824
31
0257	0.8617	0.9486	1.3658	0.6660	0.8943s	1.4694	0.6260	0.5819
32
0258	0.8556	0.9600	1.3637	0.6620	0.4503s	1.4670	0.6250	0.5731
33
0259	0.8376	0.9521	1.3611	0.6580	0.9372s	1.4666	0.6260	0.5791
34
0260	0.8689	0.9543	1.3571	0.6660	0.2627s	1.4659	0.6230	0.5749
35
0261	0.8530	0.9464	1.3539	0.6660	1.0075s	1.4653	0.6220	0.5718
36
0262	0.8290	0.9500	1.3538	0.6680	0.5408s	1.4665	0.6200	0.5787
37
0263	0.8603	0.9457	1.3544	0.6600	0.2810s	1.4672	0.6200	0.5773
38
0264	0.8668	0.9500	1.3573	0.6620	0.4647s	1.4701	0.6200	0.5744
39
0265	0.8506	0.9429	1.3606	0.6560	0.2757s	1.4742	0.6190	0.5735
40
0266	0.8605	0.9536	1.3630	0.6640	1.1504s	1.4740	0.6220	0.5773
41
0267	0.8542	0.9457	1.3635	0.6600	0.5539s	1.4719	0.6230	0.5804
42
0268	0.8641	0.9471	1.3568	0.6600	0.9791s	1.4659	0.6220	0.5802
43
0269	0.8587	0.9536	1.3514	0.6640	0.2852s	1.4623	0.6230	0.5797
44
0270	0.8360	0.9543	1.3495	0.6560	0.8362s	1.4615	0.6180	0.5724
0
0271	0.8361	0.9543	1.3504	0.6560	0.4910s	1.4636	0.6210	0.5739
0
0272	0.8578	0.9507	1.3533	0.6560	0.4619s	1.4667	0.6180	0.5681
1
0273	0.8453	0.9471	1.3546	0.6560	1.0830s	1.4677	0.6200	0.5752
2
0274	0.8428	0.9471	1.3543	0.6560	0.7727s	1.4668	0.6210	0.5715
3
0275	0.8639	0.9486	1.3527	0.6540	1.0273s	1.4631	0.6230	0.5749
4
0276	0.8531	0.9543	1.3513	0.6540	0.5404s	1.4604	0.6240	0.5789
5
0277	0.8592	0.9507	1.3547	0.6600	1.0077s	1.4607	0.6240	0.5809
6
0278	0.8630	0.9471	1.3596	0.6540	0.2656s	1.4614	0.6240	0.5776
7
0279	0.8610	0.9471	1.3620	0.6580	0.8682s	1.4618	0.6210	0.5763
8
0280	0.8561	0.9500	1.3665	0.6620	0.8357s	1.4646	0.6210	0.5760
9
0281	0.8563	0.9493	1.3703	0.6620	0.2720s	1.4705	0.6170	0.5723
10
0282	0.8499	0.9500	1.3704	0.6560	1.0553s	1.4746	0.6190	0.5731
11
0283	0.8507	0.9486	1.3682	0.6560	0.2833s	1.4767	0.6170	0.5721
12
0284	0.8506	0.9450	1.3623	0.6580	0.8272s	1.4738	0.6230	0.5839
13
0285	0.8562	0.9393	1.3582	0.6600	0.4205s	1.4670	0.6260	0.5873
14
0286	0.8400	0.9521	1.3566	0.6680	0.9414s	1.4606	0.6250	0.5872
15
0287	0.8522	0.9507	1.3575	0.6680	0.9242s	1.4595	0.6250	0.5835
16
0288	0.8591	0.9571	1.3595	0.6700	0.4819s	1.4612	0.6210	0.5797
17
0289	0.8406	0.9514	1.3611	0.6680	1.0742s	1.4647	0.6230	0.5809
18
0290	0.8373	0.9514	1.3606	0.6620	0.9442s	1.4674	0.6270	0.5799
19
0291	0.8620	0.9414	1.3599	0.6580	0.3922s	1.4696	0.6250	0.5713
20
0292	0.8559	0.9443	1.3596	0.6600	0.2530s	1.4695	0.6210	0.5674
21
0293	0.8612	0.9600	1.3589	0.6660	0.9873s	1.4664	0.6200	0.5641
22
0294	0.8539	0.9521	1.3600	0.6720	0.8542s	1.4658	0.6220	0.5806
23
0295	0.8513	0.9600	1.3606	0.6680	0.9322s	1.4663	0.6210	0.5768
24
0296	0.8515	0.9486	1.3565	0.6700	0.6384s	1.4639	0.6210	0.5735
25
0297	0.8453	0.9471	1.3531	0.6720	0.9792s	1.4624	0.6220	0.5762
26
0298	0.8564	0.9379	1.3502	0.6740	0.3972s	1.4608	0.6200	0.5667
27
0299	0.8567	0.9543	1.3488	0.6680	1.1010s	1.4604	0.6200	0.5661
28
0300	0.8431	0.9486	1.3516	0.6620	0.9330s	1.4620	0.6200	0.5675
0
0301	0.8413	0.9529	1.3553	0.6620	0.8132s	1.4646	0.6170	0.5672
1
0302	0.8490	0.9571	1.3591	0.6580	0.9228s	1.4667	0.6210	0.5729
2
0303	0.8344	0.9593	1.3629	0.6600	0.9613s	1.4667	0.6220	0.5721
3
0304	0.8505	0.9493	1.3647	0.6580	0.8681s	1.4649	0.6220	0.5806
4
0305	0.8482	0.9500	1.3640	0.6600	1.0359s	1.4611	0.6220	0.5817
5
0306	0.8458	0.9486	1.3607	0.6680	0.9385s	1.4584	0.6230	0.5780
6
0307	0.8528	0.9550	1.3556	0.6660	0.6821s	1.4597	0.6220	0.5673
7
0308	0.8506	0.9479	1.3545	0.6680	0.8013s	1.4640	0.6250	0.5703
8
0309	0.8409	0.9514	1.3552	0.6640	0.5665s	1.4683	0.6190	0.5676
9
0310	0.8323	0.9543	1.3560	0.6600	1.0828s	1.4699	0.6220	0.5719
10
0311	0.8430	0.9507	1.3575	0.6620	0.9225s	1.4684	0.6220	0.5704
11
0312	0.8550	0.9457	1.3542	0.6600	0.8825s	1.4621	0.6270	0.5774
12
0313	0.8373	0.9457	1.3499	0.6680	0.4919s	1.4551	0.6300	0.5867
13
0314	0.8714	0.9421	1.3495	0.6740	0.7999s	1.4533	0.6290	0.5889
14
0315	0.8518	0.9529	1.3548	0.6700	0.4438s	1.4564	0.6240	0.5787
15
0316	0.8431	0.9521	1.3616	0.6720	0.2749s	1.4636	0.6250	0.5733
16
0317	0.8584	0.9471	1.3684	0.6660	1.2398s	1.4712	0.6250	0.5723
17
0318	0.8416	0.9521	1.3708	0.6660	0.9593s	1.4753	0.6200	0.5653
18
0319	0.8441	0.9571	1.3693	0.6660	0.8509s	1.4727	0.6220	0.5679
19
0320	0.8452	0.9486	1.3672	0.6660	0.8865s	1.4682	0.6280	0.5770
20
0321	0.8440	0.9443	1.3629	0.6660	0.2531s	1.4636	0.6250	0.5741
21
0322	0.8529	0.9593	1.3580	0.6620	1.0734s	1.4599	0.6260	0.5751
22
0323	0.8474	0.9536	1.3537	0.6740	0.4561s	1.4607	0.6290	0.5787
23
0324	0.8375	0.9536	1.3561	0.6600	1.0872s	1.4670	0.6250	0.5863
24
0325	0.8497	0.9543	1.3591	0.6660	0.2728s	1.4718	0.6250	0.5834
25
0326	0.8432	0.9500	1.3596	0.6740	0.8984s	1.4713	0.6230	0.5809
26
0327	0.8278	0.9521	1.3605	0.6700	0.3799s	1.4683	0.6200	0.5759
27
0328	0.8629	0.9486	1.3572	0.6640	1.0112s	1.4623	0.6280	0.5855
28
0329	0.8496	0.9443	1.3514	0.6680	0.2663s	1.4595	0.6240	0.5835
29
0330	0.8478	0.9536	1.3493	0.6700	1.0190s	1.4607	0.6270	0.5743
30
0331	0.8453	0.9443	1.3477	0.6720	0.2815s	1.4634	0.6240	0.5702
31
0332	0.8623	0.9414	1.3477	0.6660	1.0155s	1.4649	0.6240	0.5707
0
0333	0.8317	0.9536	1.3453	0.6700	0.5273s	1.4616	0.6260	0.5841
1
0334	0.8556	0.9414	1.3454	0.6700	1.0227s	1.4622	0.6260	0.5794
0
0335	0.8514	0.9564	1.3463	0.6740	0.6551s	1.4646	0.6250	0.5805
1
0336	0.8500	0.9557	1.3453	0.6720	1.1156s	1.4651	0.6240	0.5786
2
0337	0.8547	0.9464	1.3465	0.6700	0.5648s	1.4664	0.6210	0.5757
3
0338	0.8428	0.9593	1.3483	0.6600	1.0839s	1.4678	0.6200	0.5745
4
0339	0.8571	0.9443	1.3564	0.6620	0.2515s	1.4719	0.6210	0.5673
5
0340	0.8405	0.9493	1.3623	0.6620	0.6365s	1.4711	0.6180	0.5680
6
0341	0.8520	0.9650	1.3666	0.6560	0.4009s	1.4694	0.6210	0.5666
7
0342	0.8460	0.9536	1.3656	0.6660	0.8827s	1.4651	0.6220	0.5664
8
0343	0.8468	0.9629	1.3613	0.6600	0.9800s	1.4614	0.6300	0.5763
9
0344	0.8600	0.9500	1.3560	0.6520	0.2638s	1.4589	0.6290	0.5757
10
0345	0.8450	0.9436	1.3527	0.6580	0.7703s	1.4599	0.6250	0.5751
11
0346	0.8493	0.9500	1.3545	0.6580	0.2948s	1.4665	0.6280	0.5820
12
0347	0.8327	0.9621	1.3561	0.6500	1.0496s	1.4686	0.6250	0.5796
13
0348	0.8288	0.9521	1.3536	0.6520	0.2617s	1.4652	0.6250	0.5745
14
0349	0.8525	0.9529	1.3527	0.6600	1.0605s	1.4616	0.6190	0.5694
15
0350	0.8441	0.9507	1.3558	0.6580	0.7717s	1.4607	0.6200	0.5657
16
0351	0.8504	0.9479	1.3583	0.6560	0.5503s	1.4631	0.6160	0.5634
17
0352	0.8489	0.9514	1.3593	0.6520	0.8706s	1.4660	0.6180	0.5682
18
0353	0.8482	0.9507	1.3584	0.6520	0.8740s	1.4684	0.6200	0.5681
19
0354	0.8476	0.9507	1.3573	0.6460	1.1955s	1.4676	0.6240	0.5728
20
0355	0.8470	0.9607	1.3552	0.6540	1.0013s	1.4655	0.6240	0.5731
21
0356	0.8424	0.9571	1.3551	0.6540	0.8799s	1.4656	0.6200	0.5659
22
0357	0.8369	0.9586	1.3536	0.6540	0.8322s	1.4652	0.6230	0.5666
23
0358	0.8543	0.9414	1.3551	0.6580	0.4840s	1.4680	0.6210	0.5654
24
0359	0.8366	0.9493	1.3546	0.6560	0.5261s	1.4710	0.6170	0.5605
25
0360	0.8435	0.9550	1.3512	0.6660	0.8464s	1.4697	0.6200	0.5655
26
0361	0.8394	0.9571	1.3501	0.6640	0.8852s	1.4686	0.6210	0.5658
27
0362	0.8511	0.9464	1.3521	0.6680	0.3583s	1.4675	0.6210	0.5674
28
0363	0.8611	0.9500	1.3567	0.6680	0.6344s	1.4678	0.6210	0.5700
29
0364	0.8515	0.9543	1.3634	0.6640	1.0948s	1.4683	0.6230	0.5787
30
0365	0.8410	0.9514	1.3684	0.6540	0.2633s	1.4678	0.6240	0.5712
31
0366	0.8229	0.9500	1.3677	0.6600	0.9596s	1.4677	0.6240	0.5700
32
0367	0.8567	0.9486	1.3645	0.6600	0.3034s	1.4684	0.6240	0.5702
33
0368	0.8417	0.9514	1.3569	0.6580	0.7487s	1.4660	0.6190	0.5622
34
0369	0.8429	0.9514	1.3523	0.6560	0.9571s	1.4649	0.6230	0.5664
35
0370	0.8422	0.9464	1.3489	0.6660	1.0347s	1.4618	0.6190	0.5736
36
0371	0.8516	0.9543	1.3493	0.6660	0.4282s	1.4605	0.6180	0.5748
37
0372	0.8495	0.9500	1.3517	0.6680	1.0085s	1.4604	0.6160	0.5759
38
0373	0.8329	0.9607	1.3578	0.6680	0.3609s	1.4635	0.6160	0.5746
39
0374	0.8555	0.9557	1.3614	0.6620	0.3599s	1.4664	0.6210	0.5804
40
0375	0.8362	0.9514	1.3599	0.6700	0.6824s	1.4667	0.6250	0.5756
41
0376	0.8494	0.9543	1.3563	0.6660	0.2638s	1.4662	0.6200	0.5648
42
0377	0.8347	0.9521	1.3552	0.6600	1.1987s	1.4651	0.6210	0.5639
43
0378	0.8435	0.9464	1.3574	0.6600	0.9632s	1.4652	0.6190	0.5640
44
0379	0.8522	0.9457	1.3582	0.6660	0.4262s	1.4635	0.6230	0.5729
45
0380	0.8524	0.9407	1.3566	0.6640	0.2717s	1.4643	0.6200	0.5788
46
0381	0.8456	0.9371	1.3549	0.6680	0.6567s	1.4657	0.6230	0.5798
47
0382	0.8353	0.9564	1.3537	0.6700	0.8770s	1.4659	0.6230	0.5787
48
0383	0.8358	0.9479	1.3524	0.6700	0.8930s	1.4649	0.6200	0.5661
49
0384	0.8442	0.9521	1.3521	0.6660	0.3345s	1.4611	0.6230	0.5705
50
0385	0.8438	0.9557	1.3537	0.6680	1.0238s	1.4592	0.6210	0.5669
51
0386	0.8570	0.9664	1.3546	0.6600	0.7564s	1.4595	0.6180	0.5713
52
0387	0.8364	0.9521	1.3556	0.6620	0.8977s	1.4610	0.6170	0.5726
53
0388	0.8483	0.9429	1.3544	0.6620	0.7565s	1.4594	0.6180	0.5756
54
0389	0.8489	0.9457	1.3541	0.6640	0.2538s	1.4583	0.6210	0.5802
55
0390	0.8436	0.9436	1.3525	0.6700	1.0461s	1.4577	0.6210	0.5769
56
0391	0.8507	0.9500	1.3516	0.6640	1.2403s	1.4587	0.6220	0.5764
57
0392	0.8483	0.9514	1.3505	0.6680	0.8097s	1.4596	0.6190	0.5706
58
0393	0.8371	0.9564	1.3503	0.6680	0.3450s	1.4625	0.6240	0.5758
59
0394	0.8363	0.9529	1.3495	0.6720	0.9575s	1.4655	0.6210	0.5725
60
0395	0.8440	0.9614	1.3506	0.6660	0.9724s	1.4674	0.6200	0.5711
61
0396	0.8471	0.9579	1.3516	0.6640	0.2947s	1.4643	0.6180	0.5701
62
0397	0.8363	0.9521	1.3556	0.6580	1.0867s	1.4630	0.6170	0.5671
63
0398	0.8488	0.9464	1.3608	0.6560	0.9623s	1.4624	0.6170	0.5715
64
0399	0.8354	0.9557	1.3616	0.6560	0.8818s	1.4630	0.6200	0.5728
65
0400	0.8318	0.9529	1.3586	0.6620	1.0311s	1.4641	0.6180	0.5724
66
0401	0.8407	0.9593	1.3535	0.6640	0.3263s	1.4633	0.6170	0.5741
67
0402	0.8486	0.9479	1.3471	0.6720	0.4829s	1.4638	0.6230	0.5764
68
0403	0.8221	0.9564	1.3413	0.6660	1.0272s	1.4593	0.6200	0.5714
69
0404	0.8434	0.9429	1.3411	0.6600	0.3014s	1.4571	0.6200	0.5742
0
0405	0.8267	0.9450	1.3448	0.6640	0.6546s	1.4591	0.6240	0.5774
0
0406	0.8453	0.9607	1.3490	0.6660	0.4649s	1.4629	0.6190	0.5716
1
0407	0.8413	0.9564	1.3526	0.6580	0.9079s	1.4687	0.6200	0.5712
2
0408	0.8446	0.9500	1.3564	0.6600	0.9638s	1.4738	0.6160	0.5671
3
0409	0.8543	0.9493	1.3561	0.6580	0.3028s	1.4742	0.6150	0.5683
4
0410	0.8361	0.9471	1.3522	0.6620	0.4259s	1.4701	0.6190	0.5716
5
0411	0.8437	0.9514	1.3477	0.6720	1.0152s	1.4641	0.6220	0.5782
6
0412	0.8527	0.9486	1.3496	0.6700	0.5987s	1.4645	0.6240	0.5825
7
0413	0.8506	0.9471	1.3573	0.6680	1.0781s	1.4701	0.6210	0.5774
8
0414	0.8291	0.9486	1.3627	0.6620	0.7810s	1.4747	0.6190	0.5737
9
0415	0.8533	0.9493	1.3640	0.6580	0.4325s	1.4764	0.6260	0.5825
10
0416	0.8337	0.9579	1.3627	0.6540	1.0005s	1.4743	0.6240	0.5811
11
0417	0.8362	0.9436	1.3592	0.6580	0.2707s	1.4679	0.6260	0.5812
12
0418	0.8354	0.9529	1.3537	0.6600	0.7858s	1.4600	0.6260	0.5819
13
0419	0.8546	0.9600	1.3511	0.6640	0.9583s	1.4568	0.6270	0.5853
14
0420	0.8295	0.9529	1.3531	0.6620	0.7949s	1.4621	0.6250	0.5805
15
0421	0.8383	0.9414	1.3573	0.6680	0.9615s	1.4692	0.6240	0.5680
16
0422	0.8464	0.9550	1.3576	0.6660	0.8032s	1.4719	0.6220	0.5657
17
0423	0.8303	0.9600	1.3527	0.6640	1.0184s	1.4699	0.6190	0.5640
18
0424	0.8269	0.9486	1.3434	0.6680	0.7173s	1.4636	0.6200	0.5661
19
0425	0.8473	0.9500	1.3412	0.6640	1.0062s	1.4613	0.6210	0.5667
20
0426	0.8416	0.9443	1.3418	0.6620	0.3063s	1.4600	0.6240	0.5781
21
0427	0.8370	0.9493	1.3471	0.6620	0.9664s	1.4614	0.6220	0.5758
22
0428	0.8349	0.9536	1.3537	0.6580	0.2731s	1.4666	0.6230	0.5709
23
0429	0.8567	0.9550	1.3586	0.6580	1.0377s	1.4709	0.6250	0.5729
24
0430	0.8342	0.9464	1.3618	0.6660	0.4344s	1.4727	0.6230	0.5746
25
0431	0.8339	0.9507	1.3619	0.6620	0.8852s	1.4706	0.6250	0.5747
26
0432	0.8401	0.9564	1.3592	0.6660	0.7575s	1.4674	0.6220	0.5740
27
0433	0.8546	0.9500	1.3552	0.6660	0.7179s	1.4638	0.6250	0.5761
28
0434	0.8445	0.9571	1.3531	0.6660	0.5845s	1.4608	0.6200	0.5802
29
0435	0.8455	0.9564	1.3533	0.6640	1.0592s	1.4622	0.6220	0.5716
30
0436	0.8545	0.9407	1.3587	0.6620	0.5043s	1.4668	0.6200	0.5687
31
0437	0.8450	0.9457	1.3646	0.6580	0.8086s	1.4711	0.6210	0.5721
32
0438	0.8452	0.9607	1.3695	0.6600	0.7317s	1.4735	0.6190	0.5662
33
0439	0.8468	0.9557	1.3680	0.6640	1.0770s	1.4706	0.6160	0.5641
34
0440	0.8326	0.9579	1.3633	0.6620	0.3426s	1.4643	0.6200	0.5673
35
0441	0.8402	0.9600	1.3586	0.6560	0.7834s	1.4593	0.6210	0.5730
36
0442	0.8436	0.9500	1.3555	0.6620	0.3365s	1.4571	0.6220	0.5818
37
0443	0.8390	0.9571	1.3556	0.6580	1.1171s	1.4596	0.6270	0.5862
38
0444	0.8507	0.9486	1.3579	0.6580	0.5393s	1.4627	0.6230	0.5776
39
0445	0.8622	0.9407	1.3580	0.6560	0.7226s	1.4619	0.6200	0.5722
40
0446	0.8416	0.9507	1.3603	0.6560	0.8754s	1.4621	0.6220	0.5731
41
0447	0.8497	0.9479	1.3628	0.6540	1.0420s	1.4638	0.6240	0.5682
42
0448	0.8333	0.9450	1.3618	0.6460	0.4247s	1.4636	0.6200	0.5651
43
0449	0.8429	0.9579	1.3597	0.6620	0.3159s	1.4635	0.6200	0.5684
44
0450	0.8628	0.9564	1.3612	0.6640	1.1714s	1.4679	0.6250	0.5764
45
0451	0.8487	0.9450	1.3655	0.6620	0.5646s	1.4733	0.6260	0.5773
46
0452	0.8509	0.9514	1.3668	0.6560	1.1011s	1.4726	0.6210	0.5752
47
0453	0.8572	0.9493	1.3595	0.6700	0.8594s	1.4649	0.6250	0.5873
48
0454	0.8373	0.9571	1.3519	0.6700	0.6750s	1.4573	0.6280	0.5848
49
0455	0.8417	0.9529	1.3450	0.6640	0.7674s	1.4537	0.6310	0.5862
50
0456	0.8518	0.9307	1.3424	0.6640	0.9349s	1.4560	0.6250	0.5705
51
0457	0.8335	0.9607	1.3463	0.6640	1.0019s	1.4618	0.6240	0.5745
52
0458	0.8388	0.9614	1.3525	0.6680	0.9839s	1.4676	0.6220	0.5742
53
0459	0.8281	0.9514	1.3561	0.6640	0.2572s	1.4688	0.6250	0.5779
54
0460	0.8382	0.9621	1.3554	0.6600	1.0285s	1.4656	0.6220	0.5772
55
0461	0.8283	0.9529	1.3507	0.6580	0.3705s	1.4584	0.6280	0.5894
56
0462	0.8455	0.9636	1.3446	0.6800	1.0849s	1.4522	0.6300	0.5912
57
0463	0.8568	0.9536	1.3417	0.6780	0.8225s	1.4521	0.6290	0.5876
0
0464	0.8534	0.9493	1.3414	0.6800	0.9118s	1.4565	0.6250	0.5832
1
0465	0.8549	0.9493	1.3457	0.6720	0.9068s	1.4655	0.6200	0.5715
0
0466	0.8442	0.9550	1.3518	0.6680	0.3882s	1.4733	0.6150	0.5685
1
0467	0.8272	0.9607	1.3563	0.6660	0.9865s	1.4771	0.6160	0.5678
2
0468	0.8490	0.9600	1.3547	0.6640	0.9033s	1.4738	0.6190	0.5748
3
0469	0.8510	0.9507	1.3518	0.6640	0.2845s	1.4681	0.6190	0.5751
4
0470	0.8464	0.9500	1.3463	0.6660	0.6262s	1.4642	0.6230	0.5784
5
0471	0.8478	0.9493	1.3405	0.6720	0.9130s	1.4622	0.6230	0.5798
6
0472	0.8490	0.9521	1.3360	0.6720	0.2869s	1.4616	0.6220	0.5760
0
0473	0.8352	0.9514	1.3390	0.6700	1.1218s	1.4671	0.6240	0.5761
0
0474	0.8572	0.9464	1.3456	0.6700	1.0500s	1.4728	0.6210	0.5743
1
0475	0.8282	0.9436	1.3498	0.6680	0.8004s	1.4739	0.6200	0.5736
2
0476	0.8443	0.9407	1.3523	0.6520	0.7651s	1.4725	0.6250	0.5779
3
0477	0.8316	0.9586	1.3520	0.6580	0.2624s	1.4685	0.6260	0.5845
4
0478	0.8331	0.9636	1.3509	0.6640	0.7916s	1.4649	0.6250	0.5832
5
0479	0.8268	0.9521	1.3502	0.6620	0.8077s	1.4615	0.6260	0.5848
6
0480	0.8657	0.9479	1.3503	0.6660	0.9968s	1.4600	0.6240	0.5803
7
0481	0.8349	0.9579	1.3522	0.6620	0.8010s	1.4624	0.6190	0.5757
8
0482	0.8580	0.9464	1.3537	0.6620	1.0036s	1.4643	0.6190	0.5665
9
0483	0.8301	0.9514	1.3516	0.6640	0.8594s	1.4599	0.6200	0.5648
10
0484	0.8481	0.9521	1.3493	0.6640	0.2643s	1.4551	0.6280	0.5719
11
0485	0.8268	0.9564	1.3518	0.6600	1.1399s	1.4551	0.6300	0.5818
12
0486	0.8378	0.9436	1.3563	0.6580	0.6591s	1.4596	0.6220	0.5805
13
0487	0.8418	0.9600	1.3618	0.6520	0.8282s	1.4656	0.6250	0.5853
14
0488	0.8222	0.9543	1.3615	0.6580	0.2937s	1.4672	0.6250	0.5800
15
0489	0.8385	0.9457	1.3583	0.6640	0.8843s	1.4657	0.6230	0.5777
16
0490	0.8379	0.9529	1.3585	0.6660	0.3443s	1.4658	0.6250	0.5762
17
0491	0.8315	0.9579	1.3577	0.6680	0.2804s	1.4651	0.6250	0.5744
18
0492	0.8510	0.9557	1.3560	0.6660	0.4323s	1.4633	0.6250	0.5727
19
0493	0.8598	0.9493	1.3549	0.6620	0.3726s	1.4600	0.6240	0.5688
20
0494	0.8434	0.9586	1.3582	0.6580	1.0219s	1.4604	0.6240	0.5663
21
0495	0.8405	0.9514	1.3621	0.6520	1.0404s	1.4650	0.6210	0.5626
22
0496	0.8396	0.9493	1.3631	0.6520	0.9053s	1.4682	0.6210	0.5632
23
0497	0.8494	0.9500	1.3639	0.6600	0.3053s	1.4716	0.6210	0.5690
24
0498	0.8383	0.9529	1.3596	0.6580	0.9238s	1.4690	0.6200	0.5668
25
0499	0.8561	0.9443	1.3562	0.6540	0.2647s	1.4666	0.6210	0.5690
26
0500	0.8353	0.9529	1.3546	0.6660	0.5437s	1.4634	0.6220	0.5703
27
0501	0.8221	0.9593	1.3560	0.6600	0.8289s	1.4631	0.6200	0.5751
28
0502	0.8489	0.9486	1.3588	0.6600	0.9857s	1.4655	0.6220	0.5794
29
0503	0.8414	0.9593	1.3593	0.6620	0.8904s	1.4681	0.6210	0.5707
30
0504	0.8436	0.9400	1.3597	0.6560	0.2585s	1.4724	0.6220	0.5722
31
0505	0.8499	0.9607	1.3596	0.6580	0.8984s	1.4735	0.6200	0.5692
32
0506	0.8539	0.9564	1.3601	0.6600	0.2505s	1.4716	0.6180	0.5633
33
0507	0.8419	0.9521	1.3614	0.6600	0.2488s	1.4689	0.6130	0.5588
34
0508	0.8432	0.9529	1.3587	0.6620	0.9684s	1.4647	0.6220	0.5678
35
0509	0.8475	0.9579	1.3546	0.6620	0.8411s	1.4607	0.6220	0.5651
36
0510	0.8518	0.9521	1.3510	0.6580	0.9984s	1.4599	0.6240	0.5733
37
0511	0.8386	0.9500	1.3521	0.6600	0.9851s	1.4614	0.6210	0.5694
38
0512	0.8318	0.9593	1.3561	0.6640	0.9074s	1.4667	0.6160	0.5637
39
0513	0.8459	0.9564	1.3605	0.6660	0.2874s	1.4683	0.6170	0.5658
40
0514	0.8456	0.9550	1.3592	0.6600	0.8366s	1.4635	0.6170	0.5628
41
0515	0.8442	0.9457	1.3562	0.6640	0.2735s	1.4586	0.6210	0.5658
42
0516	0.8511	0.9557	1.3523	0.6640	1.0150s	1.4541	0.6230	0.5776
43
0517	0.8477	0.9471	1.3500	0.6640	0.4156s	1.4535	0.6200	0.5732
44
0518	0.8318	0.9514	1.3508	0.6560	1.0311s	1.4565	0.6160	0.5695
45
0519	0.8368	0.9614	1.3531	0.6600	0.2747s	1.4611	0.6160	0.5702
46
0520	0.8362	0.9536	1.3534	0.6620	0.9932s	1.4647	0.6180	0.5639
47
0521	0.8206	0.9550	1.3552	0.6640	0.2901s	1.4645	0.6190	0.5620
48
0522	0.8506	0.9471	1.3572	0.6620	0.8596s	1.4637	0.6200	0.5665
49
0523	0.8558	0.9500	1.3567	0.6660	0.7309s	1.4618	0.6260	0.5716
50
0524	0.8471	0.9507	1.3552	0.6680	0.7478s	1.4611	0.6260	0.5725
51
0525	0.8382	0.9479	1.3550	0.6640	0.3591s	1.4639	0.6250	0.5705
52
0526	0.8386	0.9564	1.3566	0.6680	0.3053s	1.4690	0.6220	0.5708
53
0527	0.8580	0.9550	1.3601	0.6660	0.7045s	1.4733	0.6180	0.5669
54
0528	0.8586	0.9507	1.3585	0.6680	1.0226s	1.4713	0.6170	0.5753
55
0529	0.8424	0.9564	1.3516	0.6700	0.2495s	1.4632	0.6200	0.5796
56
0530	0.8553	0.9457	1.3448	0.6660	0.9373s	1.4547	0.6220	0.5804
57
0531	0.8369	0.9564	1.3404	0.6680	0.8698s	1.4493	0.6270	0.5816
58
0532	0.8480	0.9450	1.3413	0.6620	0.6309s	1.4508	0.6230	0.5759
59
0533	0.8413	0.9407	1.3453	0.6640	0.3181s	1.4581	0.6210	0.5730
60
0534	0.8521	0.9421	1.3566	0.6600	0.8061s	1.4699	0.6160	0.5728
61
0535	0.8245	0.9564	1.3676	0.6620	0.9572s	1.4771	0.6150	0.5645
62
0536	0.8430	0.9514	1.3741	0.6540	0.7780s	1.4781	0.6140	0.5656
63
0537	0.8301	0.9636	1.3720	0.6620	0.6647s	1.4721	0.6170	0.5701
64
0538	0.8535	0.9457	1.3639	0.6660	0.9278s	1.4642	0.6230	0.5713
65
0539	0.8541	0.9507	1.3526	0.6580	0.8876s	1.4557	0.6250	0.5722
66
0540	0.8418	0.9550	1.3443	0.6600	0.8186s	1.4492	0.6260	0.5716
67
0541	0.8383	0.9486	1.3418	0.6600	0.9798s	1.4482	0.6240	0.5692
68
0542	0.8550	0.9414	1.3453	0.6600	1.1012s	1.4520	0.6220	0.5746
69
0543	0.8417	0.9486	1.3542	0.6620	1.0169s	1.4587	0.6180	0.5732
70
0544	0.8392	0.9514	1.3656	0.6700	1.0041s	1.4669	0.6190	0.5756
71
0545	0.8415	0.9564	1.3717	0.6680	0.2983s	1.4708	0.6170	0.5754
72
0546	0.8461	0.9629	1.3727	0.6660	0.9854s	1.4730	0.6180	0.5776
73
0547	0.8418	0.9543	1.3670	0.6680	0.4177s	1.4691	0.6220	0.5816
74
0548	0.8232	0.9543	1.3572	0.6620	1.2254s	1.4601	0.6160	0.5749
75
0549	0.8596	0.9543	1.3526	0.6600	0.4077s	1.4544	0.6200	0.5790
76
0550	0.8382	0.9529	1.3523	0.6640	0.8797s	1.4533	0.6190	0.5748
77
0551	0.8329	0.9521	1.3546	0.6640	1.0003s	1.4560	0.6190	0.5725
78
0552	0.8246	0.9600	1.3554	0.6640	0.2998s	1.4587	0.6200	0.5706
79
0553	0.8303	0.9521	1.3522	0.6660	0.6670s	1.4629	0.6170	0.5682
80
0554	0.8343	0.9543	1.3460	0.6680	0.5313s	1.4629	0.6160	0.5702
81
0555	0.8267	0.9457	1.3419	0.6680	0.2504s	1.4609	0.6220	0.5774
82
0556	0.8462	0.9421	1.3402	0.6720	1.0427s	1.4590	0.6250	0.5818
83
0557	0.8349	0.9450	1.3434	0.6680	0.2655s	1.4586	0.6230	0.5809
84
0558	0.8390	0.9550	1.3500	0.6700	0.9613s	1.4618	0.6210	0.5768
85
0559	0.8368	0.9443	1.3540	0.6660	0.8867s	1.4641	0.6220	0.5769
86
0560	0.8286	0.9593	1.3559	0.6620	0.6499s	1.4648	0.6220	0.5741
87
0561	0.8410	0.9557	1.3550	0.6580	0.9623s	1.4645	0.6190	0.5628
88
0562	0.8633	0.9543	1.3505	0.6540	1.1087s	1.4633	0.6220	0.5676
89
0563	0.8514	0.9486	1.3443	0.6580	0.9099s	1.4600	0.6240	0.5696
90
0564	0.8333	0.9536	1.3413	0.6700	0.2545s	1.4587	0.6250	0.5743
91
0565	0.8513	0.9436	1.3473	0.6720	1.0287s	1.4634	0.6190	0.5713
92
0566	0.8365	0.9636	1.3544	0.6720	0.7608s	1.4651	0.6200	0.5781
93
0567	0.8418	0.9550	1.3623	0.6660	0.3100s	1.4667	0.6230	0.5821
94
0568	0.8576	0.9493	1.3664	0.6640	0.4172s	1.4651	0.6200	0.5700
95
0569	0.8188	0.9579	1.3667	0.6600	1.0734s	1.4660	0.6210	0.5669
96
0570	0.8460	0.9407	1.3626	0.6620	0.7554s	1.4662	0.6210	0.5644
97
0571	0.8459	0.9493	1.3565	0.6600	0.9509s	1.4639	0.6210	0.5635
98
0572	0.8344	0.9593	1.3532	0.6660	0.3376s	1.4584	0.6210	0.5721
99
0573	0.8315	0.9536	1.3512	0.6720	0.7672s	1.4517	0.6270	0.5788
100
0574	0.8344	0.9457	1.3534	0.6720	0.9157s	1.4486	0.6290	0.5866
101
0575	0.8351	0.9414	1.3577	0.6660	0.9596s	1.4519	0.6260	0.5839
102
0576	0.8336	0.9493	1.3590	0.6660	0.6585s	1.4611	0.6230	0.5828
103
0577	0.8414	0.9514	1.3576	0.6640	1.0290s	1.4696	0.6190	0.5763
104
0578	0.8286	0.9493	1.3586	0.6600	0.3416s	1.4739	0.6250	0.5739
105
0579	0.8567	0.9543	1.3600	0.6620	0.9484s	1.4722	0.6270	0.5715
106
0580	0.8422	0.9500	1.3633	0.6640	0.3657s	1.4680	0.6260	0.5673
107
0581	0.8538	0.9543	1.3631	0.6640	1.0002s	1.4634	0.6260	0.5673
108
0582	0.8533	0.9486	1.3590	0.6660	0.9470s	1.4597	0.6280	0.5689
109
0583	0.8267	0.9564	1.3531	0.6700	0.4700s	1.4568	0.6250	0.5719
110
0584	0.8413	0.9543	1.3493	0.6620	1.0352s	1.4568	0.6230	0.5766
111
0585	0.8448	0.9500	1.3477	0.6520	0.4811s	1.4584	0.6190	0.5729
112
0586	0.8438	0.9607	1.3478	0.6600	0.8022s	1.4598	0.6200	0.5669
113
0587	0.8379	0.9621	1.3554	0.6600	0.7118s	1.4638	0.6190	0.5651
114
0588	0.8310	0.9621	1.3616	0.6620	0.7360s	1.4663	0.6240	0.5680
115
0589	0.8339	0.9471	1.3632	0.6620	0.9476s	1.4677	0.6260	0.5675
116
0590	0.8354	0.9521	1.3592	0.6500	0.2653s	1.4636	0.6270	0.5705
117
0591	0.8237	0.9536	1.3582	0.6620	0.9864s	1.4601	0.6270	0.5744
118
0592	0.8381	0.9579	1.3588	0.6600	0.6372s	1.4597	0.6220	0.5738
119
0593	0.8324	0.9464	1.3573	0.6660	0.9621s	1.4597	0.6200	0.5774
120
0594	0.8438	0.9521	1.3544	0.6660	0.9359s	1.4604	0.6220	0.5741
121
0595	0.8402	0.9421	1.3532	0.6580	0.9216s	1.4642	0.6270	0.5760
122
0596	0.8517	0.9543	1.3540	0.6600	0.2728s	1.4690	0.6210	0.5702
123
0597	0.8408	0.9600	1.3534	0.6580	0.3200s	1.4692	0.6170	0.5629
124
0598	0.8435	0.9493	1.3516	0.6680	0.9190s	1.4665	0.6190	0.5668
125
0599	0.8396	0.9543	1.3505	0.6640	0.2697s	1.4623	0.6250	0.5752
126
0600	0.8333	0.9550	1.3496	0.6620	0.9789s	1.4597	0.6270	0.5843
127
0601	0.8354	0.9536	1.3496	0.6620	0.4237s	1.4597	0.6240	0.5796
128
0602	0.8480	0.9450	1.3491	0.6600	1.0666s	1.4598	0.6230	0.5764
129
0603	0.8474	0.9507	1.3527	0.6620	0.5292s	1.4632	0.6210	0.5773
130
0604	0.8362	0.9514	1.3581	0.6620	0.8577s	1.4651	0.6190	0.5800
131
0605	0.8334	0.9579	1.3581	0.6640	0.8719s	1.4629	0.6190	0.5749
132
0606	0.8403	0.9529	1.3537	0.6580	0.3702s	1.4583	0.6230	0.5733
133
0607	0.8473	0.9607	1.3493	0.6640	1.0051s	1.4557	0.6270	0.5737
134
0608	0.8369	0.9636	1.3468	0.6620	0.3650s	1.4544	0.6300	0.5765
135
0609	0.8290	0.9600	1.3468	0.6580	1.0806s	1.4540	0.6240	0.5692
136
0610	0.8400	0.9507	1.3482	0.6580	0.3038s	1.4550	0.6180	0.5711
137
0611	0.8410	0.9579	1.3538	0.6640	0.8987s	1.4603	0.6180	0.5705
138
0612	0.8395	0.9579	1.3588	0.6640	0.3493s	1.4649	0.6170	0.5702
139
0613	0.8432	0.9586	1.3607	0.6660	0.4369s	1.4647	0.6230	0.5754
140
0614	0.8361	0.9514	1.3619	0.6640	0.9180s	1.4632	0.6230	0.5655
141
0615	0.8407	0.9471	1.3642	0.6640	0.5634s	1.4654	0.6190	0.5656
142
0616	0.8416	0.9557	1.3644	0.6620	1.1219s	1.4677	0.6210	0.5700
143
0617	0.8549	0.9486	1.3633	0.6600	0.2987s	1.4656	0.6270	0.5807
144
0618	0.8442	0.9557	1.3589	0.6580	0.6665s	1.4613	0.6240	0.5732
145
0619	0.8329	0.9543	1.3539	0.6600	0.9488s	1.4578	0.6240	0.5786
146
0620	0.8444	0.9421	1.3503	0.6600	0.2677s	1.4554	0.6240	0.5783
147
0621	0.8503	0.9471	1.3499	0.6580	0.9304s	1.4546	0.6270	0.5793
148
0622	0.8336	0.9514	1.3525	0.6620	0.3495s	1.4565	0.6270	0.5743
149
0623	0.8522	0.9421	1.3578	0.6660	0.7645s	1.4588	0.6260	0.5699
150
0624	0.8450	0.9457	1.3648	0.6600	0.9547s	1.4636	0.6220	0.5669
151
0625	0.8333	0.9507	1.3671	0.6520	0.9344s	1.4675	0.6240	0.5739
152
0626	0.8267	0.9564	1.3624	0.6540	0.4772s	1.4656	0.6270	0.5768
153
0627	0.8339	0.9593	1.3524	0.6600	0.3141s	1.4608	0.6280	0.5770
154
0628	0.8237	0.9586	1.3433	0.6600	0.9430s	1.4560	0.6260	0.5758
155
0629	0.8412	0.9571	1.3376	0.6720	0.2489s	1.4525	0.6250	0.5776
156
0630	0.8477	0.9564	1.3376	0.6620	1.2380s	1.4513	0.6250	0.5787
157
0631	0.8234	0.9579	1.3448	0.6600	0.7470s	1.4564	0.6240	0.5793
158
0632	0.8430	0.9443	1.3529	0.6620	1.0816s	1.4622	0.6250	0.5749
159
0633	0.8318	0.9600	1.3584	0.6620	0.2637s	1.4688	0.6250	0.5748
160
0634	0.8426	0.9536	1.3609	0.6680	0.7721s	1.4712	0.6220	0.5741
161
0635	0.8496	0.9500	1.3591	0.6660	0.8311s	1.4680	0.6200	0.5671
162
0636	0.8326	0.9450	1.3565	0.6620	0.2724s	1.4637	0.6200	0.5669
163
0637	0.8325	0.9543	1.3519	0.6600	1.1150s	1.4587	0.6190	0.5690
164
0638	0.8377	0.9543	1.3466	0.6580	0.8807s	1.4550	0.6220	0.5743
165
0639	0.8399	0.9507	1.3459	0.6580	1.0368s	1.4576	0.6180	0.5784
166
0640	0.8432	0.9493	1.3495	0.6560	0.2745s	1.4617	0.6180	0.5672
167
0641	0.8477	0.9514	1.3524	0.6640	0.8066s	1.4637	0.6160	0.5649
168
0642	0.8382	0.9536	1.3553	0.6660	0.8533s	1.4639	0.6190	0.5651
169
0643	0.8309	0.9543	1.3584	0.6680	1.0165s	1.4635	0.6220	0.5701
170
0644	0.8443	0.9564	1.3620	0.6680	0.5930s	1.4633	0.6240	0.5741
171
0645	0.8361	0.9593	1.3635	0.6640	0.3416s	1.4631	0.6250	0.5858
172
0646	0.8302	0.9429	1.3649	0.6620	0.5245s	1.4634	0.6260	0.5863
173
0647	0.8389	0.9536	1.3657	0.6600	0.8024s	1.4632	0.6230	0.5796
174
0648	0.8354	0.9579	1.3600	0.6540	0.8451s	1.4597	0.6220	0.5784
175
0649	0.8395	0.9579	1.3521	0.6620	0.7632s	1.4544	0.6230	0.5770
176
0650	0.8459	0.9464	1.3464	0.6640	0.7933s	1.4517	0.6220	0.5736
177
0651	0.8556	0.9486	1.3451	0.6660	0.2906s	1.4533	0.6200	0.5715
178
0652	0.8440	0.9407	1.3484	0.6660	0.9981s	1.4585	0.6190	0.5658
179
0653	0.8263	0.9693	1.3536	0.6700	0.7572s	1.4637	0.6210	0.5689
180
0654	0.8391	0.9636	1.3598	0.6600	0.8403s	1.4669	0.6220	0.5705
181
0655	0.8456	0.9471	1.3625	0.6580	0.4755s	1.4673	0.6250	0.5716
182
0656	0.8287	0.9550	1.3613	0.6560	0.6743s	1.4653	0.6270	0.5743
183
0657	0.8413	0.9529	1.3580	0.6560	0.9921s	1.4614	0.6240	0.5705
184
0658	0.8390	0.9507	1.3578	0.6600	0.9100s	1.4606	0.6230	0.5709
185
0659	0.8413	0.9493	1.3572	0.6660	0.8860s	1.4611	0.6180	0.5779
186
0660	0.8381	0.9521	1.3530	0.6620	0.2571s	1.4588	0.6230	0.5816
187
0661	0.8409	0.9536	1.3491	0.6620	0.8611s	1.4594	0.6240	0.5754
188
0662	0.8481	0.9607	1.3434	0.6580	0.7258s	1.4584	0.6210	0.5706
189
0663	0.8350	0.9564	1.3420	0.6520	0.7288s	1.4603	0.6180	0.5675
190
0664	0.8319	0.9471	1.3448	0.6540	0.9631s	1.4632	0.6180	0.5638
191
0665	0.8352	0.9421	1.3502	0.6560	0.4484s	1.4665	0.6220	0.5674
192
0666	0.8491	0.9414	1.3558	0.6600	0.8737s	1.4687	0.6240	0.5712
193
0667	0.8507	0.9464	1.3592	0.6600	0.5538s	1.4690	0.6230	0.5707
194
0668	0.8514	0.9607	1.3604	0.6640	0.8429s	1.4696	0.6210	0.5710
195
0669	0.8449	0.9479	1.3603	0.6620	1.1542s	1.4699	0.6190	0.5706
196
0670	0.8265	0.9550	1.3561	0.6580	1.0048s	1.4664	0.6200	0.5800
197
0671	0.8479	0.9471	1.3513	0.6560	0.2694s	1.4627	0.6210	0.5811
198
0672	0.8243	0.9557	1.3503	0.6580	0.5519s	1.4613	0.6240	0.5749
199
Early stop! Min loss:1.3360201120376587,  Max accuracy:0.68
Early stop model validation loss:1.3360201120376587,  accuracy:0.672
Optimization Finished!
Total time elapsed: 502.2255s
test max acc:0.6340
Loading 471th epoch
stru_node_to_hop attention:tensor([[0.2500, 0.2500, 0.2500, 0.2500],
        [0.2500, 0.2500, 0.2500, 0.2500],
        [0.2500, 0.2500, 0.2500, 0.2500],
        [0.2500, 0.2500, 0.2500, 0.2500],
        [0.2500, 0.2500, 0.2500, 0.2500],
        [0.2500, 0.2500, 0.2500, 0.2500],
        [0.2500, 0.2500, 0.2500, 0.2500],
        [0.2500, 0.2500, 0.2500, 0.2500],
        [0.2500, 0.2500, 0.2500, 0.2500],
        [0.2500, 0.2500, 0.2500, 0.2500],
        [0.2500, 0.2500, 0.2500, 0.2500],
        [0.2500, 0.2500, 0.2500, 0.2500],
        [0.2500, 0.2500, 0.2500, 0.2500],
        [0.2500, 0.2500, 0.2500, 0.2500],
        [0.2500, 0.2500, 0.2500, 0.2500],
        [0.2500, 0.2500, 0.2500, 0.2500],
        [0.2500, 0.2500, 0.2500, 0.2500],
        [0.2500, 0.2500, 0.2500, 0.2500],
        [0.2500, 0.2500, 0.2500, 0.2500],
        [0.2500, 0.2500, 0.2500, 0.2500],
        [0.2500, 0.2500, 0.2500, 0.2500],
        [0.2500, 0.2500, 0.2500, 0.2500],
        [0.2500, 0.2500, 0.2500, 0.2500],
        [0.2500, 0.2500, 0.2500, 0.2500],
        [0.2500, 0.2500, 0.2500, 0.2500],
        [0.2500, 0.2500, 0.2500, 0.2500],
        [0.2500, 0.2500, 0.2500, 0.2500],
        [0.2500, 0.2500, 0.2500, 0.2500],
        [0.2500, 0.2500, 0.2500, 0.2500],
        [0.2500, 0.2500, 0.2500, 0.2500],
        [0.2500, 0.2500, 0.2500, 0.2500],
        [0.2500, 0.2500, 0.2500, 0.2500],
        [0.2500, 0.2500, 0.2500, 0.2500],
        [0.2500, 0.2500, 0.2500, 0.2500],
        [0.2500, 0.2500, 0.2500, 0.2500],
        [0.2500, 0.2500, 0.2500, 0.2500],
        [0.2500, 0.2500, 0.2500, 0.2500],
        [0.2500, 0.2500, 0.2500, 0.2500],
        [0.2500, 0.2500, 0.2500, 0.2500],
        [0.2500, 0.2500, 0.2500, 0.2500],
        [0.2500, 0.2500, 0.2500, 0.2500],
        [0.2500, 0.2500, 0.2500, 0.2500],
        [0.2500, 0.2500, 0.2500, 0.2500],
        [0.2500, 0.2500, 0.2500, 0.2500],
        [0.2500, 0.2500, 0.2500, 0.2500],
        [0.2500, 0.2500, 0.2500, 0.2500],
        [0.2500, 0.2500, 0.2500, 0.2500],
        [0.2500, 0.2500, 0.2500, 0.2500],
        [0.2500, 0.2500, 0.2500, 0.2500],
        [0.2500, 0.2500, 0.2500, 0.2500],
        [0.2500, 0.2500, 0.2500, 0.2500],
        [0.2500, 0.2500, 0.2500, 0.2500],
        [0.2500, 0.2500, 0.2500, 0.2500],
        [0.2500, 0.2500, 0.2500, 0.2500],
        [0.2500, 0.2500, 0.2500, 0.2500],
        [0.2500, 0.2500, 0.2500, 0.2500],
        [0.2500, 0.2500, 0.2500, 0.2500],
        [0.2500, 0.2500, 0.2500, 0.2500],
        [0.2500, 0.2500, 0.2500, 0.2500],
        [0.2500, 0.2500, 0.2500, 0.2500],
        [0.2500, 0.2500, 0.2500, 0.2500],
        [0.2500, 0.2500, 0.2500, 0.2500],
        [0.2500, 0.2500, 0.2500, 0.2500],
        [0.2500, 0.2500, 0.2500, 0.2500],
        [0.2500, 0.2500, 0.2500, 0.2500],
        [0.2500, 0.2500, 0.2500, 0.2500],
        [0.2500, 0.2500, 0.2500, 0.2500],
        [0.2500, 0.2500, 0.2500, 0.2500],
        [0.2500, 0.2500, 0.2500, 0.2500],
        [0.2500, 0.2500, 0.2500, 0.2500],
        [0.2500, 0.2500, 0.2500, 0.2500],
        [0.2500, 0.2500, 0.2500, 0.2500],
        [0.2500, 0.2500, 0.2500, 0.2500],
        [0.2500, 0.2500, 0.2500, 0.2500],
        [0.2500, 0.2500, 0.2500, 0.2500],
        [0.2500, 0.2500, 0.2500, 0.2500],
        [0.2500, 0.2500, 0.2500, 0.2500],
        [0.2500, 0.2500, 0.2500, 0.2500],
        [0.2500, 0.2500, 0.2500, 0.2500],
        [0.2500, 0.2500, 0.2500, 0.2500],
        [0.2500, 0.2500, 0.2500, 0.2500],
        [0.2500, 0.2500, 0.2500, 0.2500],
        [0.2500, 0.2500, 0.2500, 0.2500],
        [0.2500, 0.2500, 0.2500, 0.2500],
        [0.2500, 0.2500, 0.2500, 0.2500],
        [0.2500, 0.2500, 0.2500, 0.2500],
        [0.2500, 0.2500, 0.2500, 0.2500],
        [0.2500, 0.2500, 0.2500, 0.2500],
        [0.2500, 0.2500, 0.2500, 0.2500],
        [0.2500, 0.2500, 0.2500, 0.2500],
        [0.2500, 0.2500, 0.2500, 0.2500],
        [0.2500, 0.2500, 0.2500, 0.2500],
        [0.2500, 0.2500, 0.2500, 0.2500],
        [0.2500, 0.2500, 0.2500, 0.2500],
        [0.2500, 0.2500, 0.2500, 0.2500],
        [0.2500, 0.2500, 0.2500, 0.2500],
        [0.2500, 0.2500, 0.2500, 0.2500],
        [0.2500, 0.2500, 0.2500, 0.2500],
        [0.2500, 0.2500, 0.2500, 0.2500],
        [0.2500, 0.2500, 0.2500, 0.2500]], device='cuda:7')
fea_node_to_hop attention:tensor([[0.2500, 0.2500, 0.2500, 0.2500],
        [0.2500, 0.2500, 0.2500, 0.2500],
        [0.2500, 0.2500, 0.2500, 0.2500],
        [0.2500, 0.2500, 0.2500, 0.2500],
        [0.2500, 0.2500, 0.2500, 0.2500],
        [0.2500, 0.2500, 0.2500, 0.2500],
        [0.2500, 0.2500, 0.2500, 0.2500],
        [0.2500, 0.2500, 0.2500, 0.2500],
        [0.2500, 0.2500, 0.2500, 0.2500],
        [0.2500, 0.2500, 0.2500, 0.2500],
        [0.2500, 0.2500, 0.2500, 0.2500],
        [0.2500, 0.2500, 0.2500, 0.2500],
        [0.2500, 0.2500, 0.2500, 0.2500],
        [0.2500, 0.2500, 0.2500, 0.2500],
        [0.2500, 0.2500, 0.2500, 0.2500],
        [0.2500, 0.2500, 0.2500, 0.2500],
        [0.2500, 0.2500, 0.2500, 0.2500],
        [0.2500, 0.2500, 0.2500, 0.2500],
        [0.2500, 0.2500, 0.2500, 0.2500],
        [0.2500, 0.2500, 0.2500, 0.2500],
        [0.2500, 0.2500, 0.2500, 0.2500],
        [0.2500, 0.2500, 0.2500, 0.2500],
        [0.2500, 0.2500, 0.2500, 0.2500],
        [0.2500, 0.2500, 0.2500, 0.2500],
        [0.2500, 0.2500, 0.2500, 0.2500],
        [0.2500, 0.2500, 0.2500, 0.2500],
        [0.2500, 0.2500, 0.2500, 0.2500],
        [0.2500, 0.2500, 0.2500, 0.2500],
        [0.2500, 0.2500, 0.2500, 0.2500],
        [0.2500, 0.2500, 0.2500, 0.2500],
        [0.2500, 0.2500, 0.2500, 0.2500],
        [0.2500, 0.2500, 0.2500, 0.2500],
        [0.2500, 0.2500, 0.2500, 0.2500],
        [0.2500, 0.2500, 0.2500, 0.2500],
        [0.2500, 0.2500, 0.2500, 0.2500],
        [0.2500, 0.2500, 0.2500, 0.2500],
        [0.2500, 0.2500, 0.2500, 0.2500],
        [0.2500, 0.2500, 0.2500, 0.2500],
        [0.2500, 0.2500, 0.2500, 0.2500],
        [0.2500, 0.2500, 0.2500, 0.2500],
        [0.2500, 0.2500, 0.2500, 0.2500],
        [0.2500, 0.2500, 0.2500, 0.2500],
        [0.2500, 0.2500, 0.2500, 0.2500],
        [0.2500, 0.2500, 0.2500, 0.2500],
        [0.2500, 0.2500, 0.2500, 0.2500],
        [0.2500, 0.2500, 0.2500, 0.2500],
        [0.2500, 0.2500, 0.2500, 0.2500],
        [0.2500, 0.2500, 0.2500, 0.2500],
        [0.2500, 0.2500, 0.2500, 0.2500],
        [0.2500, 0.2500, 0.2500, 0.2500],
        [0.2500, 0.2500, 0.2500, 0.2500],
        [0.2500, 0.2500, 0.2500, 0.2500],
        [0.2500, 0.2500, 0.2500, 0.2500],
        [0.2500, 0.2500, 0.2500, 0.2500],
        [0.2500, 0.2500, 0.2500, 0.2500],
        [0.2500, 0.2500, 0.2500, 0.2500],
        [0.2500, 0.2500, 0.2500, 0.2500],
        [0.2500, 0.2500, 0.2500, 0.2500],
        [0.2500, 0.2500, 0.2500, 0.2500],
        [0.2500, 0.2500, 0.2500, 0.2500],
        [0.2500, 0.2500, 0.2500, 0.2500],
        [0.2500, 0.2500, 0.2500, 0.2500],
        [0.2500, 0.2500, 0.2500, 0.2500],
        [0.2500, 0.2500, 0.2500, 0.2500],
        [0.2500, 0.2500, 0.2500, 0.2500],
        [0.2500, 0.2500, 0.2500, 0.2500],
        [0.2500, 0.2500, 0.2500, 0.2500],
        [0.2500, 0.2500, 0.2500, 0.2500],
        [0.2500, 0.2500, 0.2500, 0.2500],
        [0.2500, 0.2500, 0.2500, 0.2500],
        [0.2500, 0.2500, 0.2500, 0.2500],
        [0.2500, 0.2500, 0.2500, 0.2500],
        [0.2500, 0.2500, 0.2500, 0.2500],
        [0.2500, 0.2500, 0.2500, 0.2500],
        [0.2500, 0.2500, 0.2500, 0.2500],
        [0.2500, 0.2500, 0.2500, 0.2500],
        [0.2500, 0.2500, 0.2500, 0.2500],
        [0.2500, 0.2500, 0.2500, 0.2500],
        [0.2500, 0.2500, 0.2500, 0.2500],
        [0.2500, 0.2500, 0.2500, 0.2500],
        [0.2500, 0.2500, 0.2500, 0.2500],
        [0.2500, 0.2500, 0.2500, 0.2500],
        [0.2500, 0.2500, 0.2500, 0.2500],
        [0.2500, 0.2500, 0.2500, 0.2500],
        [0.2500, 0.2500, 0.2500, 0.2500],
        [0.2500, 0.2500, 0.2500, 0.2500],
        [0.2500, 0.2500, 0.2500, 0.2500],
        [0.2500, 0.2500, 0.2500, 0.2500],
        [0.2500, 0.2500, 0.2500, 0.2500],
        [0.2500, 0.2500, 0.2500, 0.2500],
        [0.2500, 0.2500, 0.2500, 0.2500],
        [0.2500, 0.2500, 0.2500, 0.2500],
        [0.2500, 0.2500, 0.2500, 0.2500],
        [0.2500, 0.2500, 0.2500, 0.2500],
        [0.2500, 0.2500, 0.2500, 0.2500],
        [0.2500, 0.2500, 0.2500, 0.2500],
        [0.2500, 0.2500, 0.2500, 0.2500],
        [0.2500, 0.2500, 0.2500, 0.2500],
        [0.2500, 0.2500, 0.2500, 0.2500],
        [0.2500, 0.2500, 0.2500, 0.2500]], device='cuda:7')
perception attention:tensor([0.9960, 0.0040], device='cuda:7')
Test set results: loss= 1.4616 accuracy= 0.6220 F1_score= 0.5760
