# epoch	loss_train	acc_train	loss_val	acc_val	time	acc_test	f1_test
0001	4.2488	0.0157	4.2408	0.0820	1.2981s	4.2426	0.0690	0.0175
0
0002	4.2347	0.0843	4.2199	0.1180	0.2784s	4.2239	0.0830	0.0439
0
0003	4.2076	0.1264	4.1899	0.0980	1.0744s	4.1958	0.0790	0.0548
0
0004	4.1717	0.1443	4.1464	0.1340	0.8511s	4.1536	0.1190	0.0804
0
0005	4.1215	0.1864	4.0877	0.1860	1.0213s	4.0955	0.1630	0.1188
0
0006	4.0498	0.2500	4.0114	0.2220	0.9317s	4.0196	0.2010	0.1578
0
0007	3.9567	0.2886	3.9170	0.2700	0.2909s	3.9255	0.2370	0.1939
0
0008	3.8453	0.3371	3.8059	0.2920	1.2647s	3.8142	0.2600	0.2098
0
0009	3.7104	0.3771	3.6797	0.3280	0.6252s	3.6879	0.2860	0.2394
0
0010	3.5648	0.4157	3.5420	0.3640	1.0028s	3.5501	0.3210	0.2690
0
0011	3.4180	0.4607	3.3971	0.4000	1.0206s	3.4065	0.3540	0.3150
0
0012	3.2591	0.4893	3.2487	0.4380	1.3051s	3.2597	0.3900	0.3431
0
0013	3.0894	0.5043	3.1005	0.4620	0.9778s	3.1127	0.4150	0.3678
0
0014	2.9356	0.5493	2.9552	0.4720	0.9458s	2.9690	0.4440	0.3938
0
0015	2.7807	0.5814	2.8132	0.4860	0.8695s	2.8301	0.4580	0.4066
0
0016	2.6307	0.6050	2.6729	0.4800	0.5779s	2.6953	0.4850	0.4338
0
0017	2.5096	0.6214	2.5372	0.4860	0.2711s	2.5678	0.4920	0.4374
0
0018	2.3850	0.6221	2.4089	0.4880	1.1110s	2.4498	0.4920	0.4473
0
0019	2.2740	0.6357	2.2935	0.4940	1.0487s	2.3450	0.4960	0.4537
0
0020	2.1570	0.6521	2.1920	0.5040	1.1378s	2.2518	0.5130	0.4713
0
0021	2.0158	0.6593	2.1056	0.5320	1.1381s	2.1701	0.5220	0.4813
0
0022	1.9344	0.6786	2.0315	0.5540	0.7820s	2.0985	0.5350	0.4843
0
0023	1.8242	0.7171	1.9696	0.5660	1.2753s	2.0365	0.5470	0.4970
0
0024	1.7269	0.7464	1.9174	0.5740	0.3263s	1.9849	0.5480	0.4961
0
0025	1.6459	0.7800	1.8703	0.5840	1.1351s	1.9386	0.5570	0.5108
0
0026	1.5850	0.7879	1.8241	0.5920	1.0145s	1.8957	0.5630	0.5138
0
0027	1.5268	0.7943	1.7803	0.6020	0.3028s	1.8571	0.5700	0.5195
0
0028	1.4644	0.8100	1.7432	0.6000	0.9324s	1.8240	0.5710	0.5092
0
0029	1.4120	0.8229	1.7125	0.6000	1.2628s	1.7939	0.5790	0.5160
0
0030	1.3787	0.8329	1.6897	0.6000	0.5185s	1.7700	0.5870	0.5247
0
0031	1.3439	0.8464	1.6715	0.6080	1.1694s	1.7517	0.5840	0.5239
0
0032	1.3087	0.8500	1.6569	0.6120	0.3024s	1.7364	0.5870	0.5272
0
0033	1.2764	0.8457	1.6428	0.6100	1.2752s	1.7225	0.5920	0.5348
0
0034	1.2391	0.8629	1.6303	0.6200	0.5698s	1.7097	0.5910	0.5339
0
0035	1.2140	0.8836	1.6199	0.6200	1.1506s	1.6977	0.5910	0.5373
0
0036	1.1848	0.8807	1.6086	0.6200	0.4731s	1.6843	0.5910	0.5391
0
0037	1.1891	0.8893	1.5942	0.6200	1.1557s	1.6712	0.5950	0.5371
0
0038	1.1706	0.8814	1.5811	0.6280	0.2830s	1.6599	0.5970	0.5390
0
0039	1.1412	0.8957	1.5724	0.6340	1.2987s	1.6504	0.6000	0.5488
0
0040	1.1189	0.8864	1.5672	0.6300	0.7307s	1.6435	0.5990	0.5494
0
0041	1.1046	0.8979	1.5611	0.6280	1.2156s	1.6346	0.6040	0.5521
0
0042	1.0957	0.8964	1.5533	0.6300	0.9892s	1.6258	0.6080	0.5545
0
0043	1.0866	0.9079	1.5444	0.6260	0.7657s	1.6177	0.6060	0.5558
0
0044	1.0619	0.8964	1.5372	0.6260	0.7975s	1.6147	0.6040	0.5551
0
0045	1.0796	0.9014	1.5345	0.6180	0.2768s	1.6157	0.5980	0.5411
0
0046	1.0536	0.9157	1.5308	0.6120	0.9756s	1.6150	0.5950	0.5458
0
0047	1.0325	0.9114	1.5278	0.6200	0.2713s	1.6101	0.5950	0.5486
0
0048	1.0430	0.9029	1.5223	0.6240	0.4264s	1.6011	0.5960	0.5514
0
0049	1.0154	0.9164	1.5141	0.6300	0.4038s	1.5913	0.6030	0.5470
0
0050	1.0090	0.9243	1.5060	0.6320	0.9553s	1.5835	0.6050	0.5459
0
0051	1.0254	0.9136	1.4994	0.6220	0.8915s	1.5776	0.6100	0.5513
0
0052	1.0141	0.9250	1.4957	0.6200	0.3023s	1.5743	0.6150	0.5559
0
0053	1.0043	0.9164	1.4939	0.6260	0.9577s	1.5737	0.6160	0.5570
0
0054	1.0122	0.9200	1.4902	0.6360	0.8501s	1.5701	0.6120	0.5523
0
0055	1.0040	0.9186	1.4900	0.6440	0.6859s	1.5675	0.6170	0.5605
0
0056	0.9856	0.9193	1.4871	0.6380	0.9511s	1.5646	0.6110	0.5566
0
0057	0.9952	0.9350	1.4849	0.6420	1.1462s	1.5627	0.6100	0.5559
0
0058	0.9819	0.9200	1.4833	0.6440	0.2891s	1.5607	0.6130	0.5563
0
0059	0.9810	0.9214	1.4832	0.6380	1.1769s	1.5597	0.6130	0.5547
0
0060	0.9881	0.9236	1.4829	0.6380	1.0538s	1.5582	0.6150	0.5568
0
0061	0.9947	0.9357	1.4781	0.6340	0.5593s	1.5514	0.6230	0.5663
0
0062	0.9771	0.9343	1.4729	0.6400	1.2576s	1.5449	0.6240	0.5656
0
0063	0.9797	0.9371	1.4665	0.6480	0.4462s	1.5397	0.6190	0.5606
0
0064	0.9807	0.9429	1.4658	0.6520	1.2048s	1.5417	0.6140	0.5621
0
0065	0.9645	0.9279	1.4683	0.6500	0.2524s	1.5451	0.6110	0.5577
0
0066	0.9719	0.9271	1.4690	0.6440	1.0719s	1.5468	0.6100	0.5624
1
0067	0.9643	0.9429	1.4691	0.6360	1.0935s	1.5455	0.6200	0.5674
2
0068	0.9620	0.9379	1.4661	0.6300	0.6248s	1.5397	0.6200	0.5667
3
0069	0.9603	0.9264	1.4586	0.6360	1.2003s	1.5325	0.6210	0.5666
4
0070	0.9623	0.9393	1.4514	0.6340	0.2955s	1.5286	0.6220	0.5715
0
0071	0.9647	0.9429	1.4463	0.6440	1.2346s	1.5260	0.6190	0.5694
0
0072	0.9536	0.9364	1.4434	0.6480	0.7849s	1.5271	0.6160	0.5640
0
0073	0.9489	0.9457	1.4409	0.6460	1.0916s	1.5264	0.6150	0.5644
0
0074	0.9526	0.9343	1.4395	0.6380	0.9020s	1.5247	0.6160	0.5642
0
0075	0.9624	0.9364	1.4386	0.6480	0.5950s	1.5225	0.6170	0.5684
0
0076	0.9555	0.9443	1.4384	0.6500	1.2593s	1.5206	0.6210	0.5697
0
0077	0.9571	0.9379	1.4329	0.6520	0.6739s	1.5154	0.6260	0.5778
0
0078	0.9600	0.9321	1.4238	0.6520	1.2407s	1.5100	0.6210	0.5719
0
0079	0.9576	0.9400	1.4146	0.6460	0.8226s	1.5058	0.6240	0.5732
0
0080	0.9582	0.9379	1.4099	0.6440	1.3576s	1.5044	0.6190	0.5679
0
0081	0.9594	0.9264	1.4086	0.6460	0.4522s	1.5057	0.6160	0.5677
0
0082	0.9572	0.9343	1.4117	0.6520	0.2981s	1.5091	0.6130	0.5614
0
0083	0.9541	0.9307	1.4128	0.6540	0.9159s	1.5084	0.6120	0.5556
0
0084	0.9480	0.9293	1.4110	0.6540	1.1602s	1.5043	0.6220	0.5643
0
0085	0.9548	0.9371	1.4098	0.6540	0.5056s	1.5002	0.6260	0.5676
0
0086	0.9413	0.9379	1.4079	0.6500	1.2791s	1.4963	0.6290	0.5769
0
0087	0.9493	0.9421	1.4067	0.6520	0.6582s	1.4931	0.6310	0.5761
0
0088	0.9335	0.9493	1.4052	0.6540	1.1853s	1.4920	0.6220	0.5671
0
0089	0.9503	0.9286	1.4041	0.6520	0.8923s	1.4932	0.6180	0.5573
0
0090	0.9474	0.9393	1.4048	0.6460	1.1327s	1.4949	0.6200	0.5581
0
0091	0.9466	0.9329	1.4070	0.6440	1.0718s	1.4946	0.6230	0.5664
1
0092	0.9383	0.9471	1.4080	0.6460	1.1937s	1.4939	0.6230	0.5703
2
0093	0.9287	0.9329	1.4055	0.6460	0.9837s	1.4914	0.6260	0.5774
3
0094	0.9202	0.9364	1.4042	0.6520	1.1389s	1.4908	0.6260	0.5775
4
0095	0.9180	0.9407	1.4022	0.6640	0.2910s	1.4924	0.6280	0.5724
5
0096	0.9297	0.9350	1.4017	0.6600	1.1823s	1.4920	0.6280	0.5739
0
0097	0.9268	0.9414	1.4007	0.6560	0.2965s	1.4884	0.6300	0.5760
0
0098	0.9198	0.9479	1.3982	0.6540	1.0294s	1.4837	0.6290	0.5749
0
0099	0.9166	0.9379	1.3971	0.6500	0.9047s	1.4811	0.6290	0.5735
0
0100	0.9161	0.9479	1.3967	0.6480	1.0968s	1.4798	0.6270	0.5737
0
0101	0.9358	0.9386	1.3964	0.6500	0.9829s	1.4795	0.6230	0.5827
0
0102	0.9136	0.9471	1.3941	0.6560	0.2815s	1.4799	0.6250	0.5881
0
0103	0.9118	0.9371	1.3917	0.6560	1.2050s	1.4813	0.6310	0.5868
0
0104	0.9081	0.9457	1.3900	0.6580	0.9388s	1.4828	0.6300	0.5836
0
0105	0.9143	0.9450	1.3896	0.6560	0.2777s	1.4831	0.6310	0.5806
0
0106	0.9295	0.9400	1.3910	0.6600	1.2283s	1.4845	0.6300	0.5761
0
0107	0.9040	0.9393	1.3900	0.6500	0.8878s	1.4862	0.6250	0.5699
1
0108	0.9130	0.9471	1.3866	0.6520	0.7993s	1.4826	0.6240	0.5700
2
0109	0.9135	0.9407	1.3817	0.6560	1.0376s	1.4789	0.6270	0.5750
0
0110	0.9121	0.9436	1.3795	0.6580	1.0270s	1.4779	0.6220	0.5789
0
0111	0.9068	0.9457	1.3810	0.6560	1.3321s	1.4798	0.6260	0.5818
0
0112	0.9000	0.9429	1.3800	0.6620	0.4435s	1.4786	0.6260	0.5802
1
0113	0.9008	0.9379	1.3773	0.6580	1.1415s	1.4762	0.6210	0.5762
2
0114	0.8963	0.9536	1.3741	0.6660	1.0472s	1.4735	0.6210	0.5763
0
0115	0.9040	0.9357	1.3703	0.6680	0.3218s	1.4724	0.6300	0.5837
0
0116	0.9136	0.9407	1.3676	0.6700	1.2761s	1.4721	0.6310	0.5748
0
0117	0.8897	0.9429	1.3682	0.6580	1.0524s	1.4730	0.6280	0.5712
0
0118	0.8931	0.9407	1.3669	0.6540	0.6805s	1.4723	0.6270	0.5686
1
0119	0.9036	0.9429	1.3689	0.6620	1.1592s	1.4699	0.6240	0.5660
0
0120	0.8927	0.9514	1.3720	0.6600	0.3931s	1.4696	0.6250	0.5688
1
0121	0.8810	0.9479	1.3739	0.6640	1.0837s	1.4690	0.6270	0.5762
2
0122	0.9016	0.9400	1.3727	0.6720	0.3594s	1.4672	0.6280	0.5783
3
0123	0.9011	0.9521	1.3710	0.6760	1.3632s	1.4672	0.6300	0.5857
0
0124	0.8904	0.9521	1.3698	0.6760	1.0841s	1.4675	0.6320	0.5893
0
0125	0.8931	0.9429	1.3700	0.6700	0.8638s	1.4684	0.6320	0.5806
0
0126	0.8812	0.9386	1.3716	0.6640	0.9134s	1.4687	0.6280	0.5764
1
0127	0.8775	0.9371	1.3716	0.6600	0.6730s	1.4655	0.6290	0.5744
2
0128	0.8815	0.9443	1.3714	0.6620	0.9055s	1.4650	0.6230	0.5688
3
0129	0.8725	0.9493	1.3702	0.6620	1.2394s	1.4642	0.6230	0.5673
4
0130	0.8835	0.9407	1.3655	0.6660	0.3898s	1.4646	0.6260	0.5718
5
0131	0.8747	0.9450	1.3647	0.6680	0.9072s	1.4679	0.6240	0.5692
0
0132	0.8761	0.9536	1.3645	0.6660	1.0359s	1.4677	0.6200	0.5677
0
0133	0.8754	0.9564	1.3660	0.6720	1.1066s	1.4639	0.6240	0.5728
0
0134	0.8859	0.9457	1.3677	0.6680	1.1899s	1.4623	0.6300	0.5777
1
0135	0.8693	0.9500	1.3677	0.6640	1.1281s	1.4633	0.6310	0.5751
2
0136	0.8813	0.9471	1.3656	0.6640	1.1999s	1.4645	0.6270	0.5679
3
0137	0.8665	0.9486	1.3629	0.6680	1.0163s	1.4663	0.6280	0.5683
4
0138	0.8878	0.9586	1.3601	0.6680	1.1885s	1.4656	0.6250	0.5659
0
0139	0.8894	0.9479	1.3582	0.6700	0.2807s	1.4617	0.6280	0.5712
0
0140	0.8808	0.9514	1.3576	0.6680	1.3265s	1.4570	0.6270	0.5823
0
0141	0.8701	0.9429	1.3592	0.6660	0.5597s	1.4539	0.6280	0.5839
0
0142	0.8792	0.9443	1.3635	0.6660	0.7055s	1.4544	0.6280	0.5809
1
0143	0.8892	0.9457	1.3660	0.6600	1.0033s	1.4564	0.6310	0.5823
2
0144	0.8759	0.9586	1.3662	0.6600	0.9151s	1.4611	0.6290	0.5731
3
0145	0.8696	0.9436	1.3706	0.6600	0.9494s	1.4683	0.6220	0.5653
4
0146	0.8841	0.9379	1.3715	0.6620	0.2996s	1.4723	0.6190	0.5610
5
0147	0.8650	0.9479	1.3680	0.6620	1.0244s	1.4713	0.6180	0.5593
6
0148	0.8753	0.9507	1.3645	0.6700	1.0567s	1.4648	0.6250	0.5695
7
0149	0.8702	0.9479	1.3618	0.6680	1.2165s	1.4592	0.6280	0.5756
8
0150	0.8733	0.9486	1.3595	0.6660	0.6256s	1.4554	0.6260	0.5833
9
0151	0.8805	0.9429	1.3611	0.6640	0.3667s	1.4582	0.6230	0.5776
10
0152	0.8729	0.9471	1.3601	0.6640	1.0981s	1.4611	0.6230	0.5694
11
0153	0.8572	0.9350	1.3585	0.6620	0.7971s	1.4636	0.6250	0.5710
12
0154	0.8643	0.9429	1.3598	0.6600	1.0718s	1.4670	0.6230	0.5696
13
0155	0.8837	0.9443	1.3632	0.6560	0.5682s	1.4690	0.6270	0.5748
14
0156	0.8720	0.9529	1.3645	0.6620	1.0965s	1.4668	0.6260	0.5741
15
0157	0.8793	0.9464	1.3654	0.6620	1.0197s	1.4645	0.6270	0.5752
16
0158	0.8795	0.9514	1.3645	0.6660	0.5003s	1.4619	0.6280	0.5716
17
0159	0.8746	0.9486	1.3625	0.6660	1.2270s	1.4592	0.6290	0.5714
18
0160	0.8634	0.9386	1.3586	0.6660	0.7177s	1.4578	0.6250	0.5691
19
0161	0.8521	0.9529	1.3577	0.6640	0.2524s	1.4591	0.6220	0.5717
20
0162	0.8630	0.9343	1.3599	0.6580	1.2424s	1.4623	0.6230	0.5820
21
0163	0.8621	0.9450	1.3594	0.6580	0.3651s	1.4617	0.6250	0.5822
22
0164	0.8603	0.9443	1.3588	0.6520	1.3183s	1.4596	0.6240	0.5782
23
0165	0.8702	0.9486	1.3614	0.6460	0.3089s	1.4589	0.6270	0.5747
24
0166	0.8691	0.9429	1.3646	0.6500	1.0817s	1.4612	0.6280	0.5744
25
0167	0.8587	0.9493	1.3638	0.6580	0.9879s	1.4606	0.6270	0.5753
26
0168	0.8638	0.9529	1.3626	0.6600	0.4552s	1.4587	0.6280	0.5785
27
0169	0.8675	0.9443	1.3641	0.6620	1.1526s	1.4596	0.6290	0.5770
28
0170	0.8767	0.9514	1.3654	0.6600	0.3537s	1.4620	0.6260	0.5720
29
0171	0.8672	0.9393	1.3639	0.6640	1.2914s	1.4626	0.6230	0.5698
30
0172	0.8563	0.9571	1.3598	0.6660	0.2664s	1.4612	0.6280	0.5732
31
0173	0.8713	0.9479	1.3590	0.6620	0.4356s	1.4632	0.6270	0.5748
32
0174	0.8599	0.9507	1.3596	0.6600	1.2691s	1.4673	0.6320	0.5801
33
0175	0.8841	0.9286	1.3591	0.6580	0.4353s	1.4649	0.6310	0.5779
34
0176	0.8880	0.9471	1.3598	0.6620	0.2613s	1.4615	0.6320	0.5795
35
0177	0.8832	0.9393	1.3622	0.6580	0.7834s	1.4599	0.6250	0.5717
36
0178	0.8467	0.9500	1.3635	0.6600	0.3820s	1.4590	0.6260	0.5708
37
0179	0.8598	0.9543	1.3583	0.6640	0.6875s	1.4571	0.6280	0.5819
38
0180	0.8673	0.9379	1.3528	0.6620	0.8740s	1.4572	0.6260	0.5828
39
0181	0.8505	0.9471	1.3511	0.6680	1.3208s	1.4588	0.6230	0.5718
0
0182	0.8527	0.9379	1.3545	0.6580	1.0063s	1.4616	0.6240	0.5763
0
0183	0.8743	0.9464	1.3571	0.6660	0.9137s	1.4606	0.6230	0.5758
1
0184	0.8639	0.9507	1.3602	0.6680	0.6700s	1.4593	0.6230	0.5749
2
0185	0.8607	0.9500	1.3600	0.6640	0.8106s	1.4581	0.6230	0.5749
3
0186	0.8585	0.9436	1.3570	0.6620	0.4230s	1.4567	0.6260	0.5685
4
0187	0.8652	0.9471	1.3527	0.6600	1.0688s	1.4562	0.6250	0.5690
5
0188	0.8762	0.9407	1.3494	0.6640	1.0893s	1.4545	0.6220	0.5708
6
0189	0.8775	0.9464	1.3469	0.6660	0.6778s	1.4535	0.6240	0.5696
0
0190	0.8630	0.9436	1.3492	0.6680	1.1068s	1.4542	0.6270	0.5764
0
0191	0.8817	0.9421	1.3558	0.6580	0.9733s	1.4562	0.6260	0.5750
1
0192	0.8465	0.9536	1.3653	0.6560	0.4725s	1.4605	0.6190	0.5663
2
0193	0.8655	0.9414	1.3724	0.6520	1.1911s	1.4651	0.6230	0.5732
3
0194	0.8589	0.9507	1.3724	0.6560	1.0778s	1.4656	0.6240	0.5756
4
0195	0.8614	0.9414	1.3680	0.6540	1.0437s	1.4622	0.6260	0.5777
5
0196	0.8643	0.9393	1.3617	0.6540	1.0937s	1.4597	0.6270	0.5790
6
0197	0.8596	0.9579	1.3545	0.6540	0.3472s	1.4549	0.6290	0.5796
7
0198	0.8745	0.9436	1.3509	0.6600	1.1117s	1.4524	0.6290	0.5862
8
0199	0.8534	0.9571	1.3533	0.6580	0.2519s	1.4550	0.6240	0.5796
9
0200	0.8681	0.9550	1.3563	0.6600	0.2652s	1.4561	0.6210	0.5727
10
0201	0.8565	0.9479	1.3604	0.6660	1.3068s	1.4583	0.6200	0.5698
11
0202	0.8780	0.9364	1.3640	0.6620	0.7090s	1.4599	0.6210	0.5716
12
0203	0.8430	0.9600	1.3654	0.6580	1.3162s	1.4605	0.6290	0.5764
13
0204	0.8531	0.9436	1.3676	0.6560	0.3143s	1.4626	0.6290	0.5742
14
0205	0.8679	0.9507	1.3642	0.6620	1.1795s	1.4618	0.6300	0.5749
15
0206	0.8585	0.9479	1.3608	0.6620	0.8938s	1.4608	0.6240	0.5703
16
0207	0.8589	0.9607	1.3596	0.6580	1.4077s	1.4607	0.6250	0.5786
17
0208	0.8549	0.9436	1.3561	0.6640	0.4207s	1.4589	0.6260	0.5656
18
0209	0.8447	0.9436	1.3560	0.6600	1.1149s	1.4595	0.6230	0.5616
19
0210	0.8376	0.9493	1.3581	0.6560	0.8262s	1.4611	0.6230	0.5618
20
0211	0.8590	0.9586	1.3614	0.6560	0.7085s	1.4644	0.6230	0.5630
21
0212	0.8529	0.9500	1.3667	0.6560	1.0536s	1.4674	0.6270	0.5694
22
0213	0.8364	0.9529	1.3711	0.6560	1.0492s	1.4688	0.6270	0.5774
23
0214	0.8534	0.9521	1.3710	0.6540	1.1807s	1.4667	0.6320	0.5853
24
0215	0.8655	0.9414	1.3662	0.6640	0.3172s	1.4610	0.6280	0.5857
25
0216	0.8755	0.9414	1.3616	0.6720	1.1494s	1.4544	0.6330	0.5823
26
0217	0.8560	0.9450	1.3594	0.6760	0.2620s	1.4546	0.6260	0.5738
27
0218	0.8448	0.9550	1.3585	0.6800	1.1239s	1.4551	0.6280	0.5745
0
0219	0.8701	0.9486	1.3596	0.6720	1.1257s	1.4585	0.6280	0.5745
0
0220	0.8611	0.9529	1.3644	0.6620	1.1496s	1.4625	0.6320	0.5739
1
0221	0.8612	0.9471	1.3649	0.6580	1.1000s	1.4645	0.6300	0.5718
2
0222	0.8713	0.9564	1.3611	0.6560	0.7189s	1.4636	0.6260	0.5696
3
0223	0.8544	0.9493	1.3559	0.6640	0.5650s	1.4605	0.6200	0.5666
4
0224	0.8704	0.9571	1.3533	0.6660	1.2468s	1.4574	0.6250	0.5749
5
0225	0.8561	0.9471	1.3533	0.6620	0.8361s	1.4567	0.6270	0.5771
6
0226	0.8534	0.9557	1.3550	0.6680	1.2136s	1.4546	0.6240	0.5742
7
0227	0.8468	0.9443	1.3552	0.6680	0.5714s	1.4551	0.6220	0.5700
8
0228	0.8556	0.9500	1.3536	0.6660	0.3289s	1.4535	0.6230	0.5696
9
0229	0.8520	0.9493	1.3487	0.6700	1.2147s	1.4516	0.6340	0.5755
10
0230	0.8522	0.9536	1.3427	0.6660	0.8457s	1.4507	0.6360	0.5732
11
0231	0.8474	0.9479	1.3391	0.6740	1.2130s	1.4499	0.6310	0.5703
0
0232	0.8565	0.9507	1.3446	0.6680	0.4129s	1.4522	0.6300	0.5733
0
0233	0.8568	0.9550	1.3555	0.6700	1.1666s	1.4581	0.6250	0.5724
1
0234	0.8432	0.9514	1.3631	0.6660	0.8618s	1.4635	0.6200	0.5713
2
0235	0.8580	0.9507	1.3639	0.6520	0.5273s	1.4652	0.6150	0.5654
3
0236	0.8478	0.9579	1.3569	0.6540	0.9356s	1.4615	0.6170	0.5659
4
0237	0.8650	0.9521	1.3501	0.6540	1.0474s	1.4575	0.6230	0.5719
5
0238	0.8609	0.9579	1.3461	0.6660	0.8830s	1.4543	0.6280	0.5764
6
0239	0.8545	0.9529	1.3445	0.6740	1.1454s	1.4526	0.6270	0.5737
7
0240	0.8438	0.9464	1.3442	0.6840	0.3732s	1.4527	0.6290	0.5755
8
0241	0.8697	0.9429	1.3499	0.6760	1.1672s	1.4579	0.6280	0.5749
0
0242	0.8390	0.9600	1.3567	0.6720	0.5379s	1.4643	0.6240	0.5736
1
0243	0.8482	0.9543	1.3605	0.6620	0.7472s	1.4674	0.6220	0.5696
2
0244	0.8333	0.9557	1.3603	0.6600	0.8065s	1.4660	0.6200	0.5668
3
0245	0.8636	0.9450	1.3571	0.6580	0.6238s	1.4633	0.6250	0.5778
4
0246	0.8528	0.9429	1.3535	0.6680	1.1702s	1.4615	0.6290	0.5773
5
0247	0.8624	0.9536	1.3491	0.6680	0.9614s	1.4605	0.6340	0.5814
6
0248	0.8491	0.9536	1.3525	0.6700	1.0624s	1.4642	0.6270	0.5704
7
0249	0.8574	0.9586	1.3599	0.6720	0.8663s	1.4674	0.6260	0.5708
8
0250	0.8534	0.9536	1.3611	0.6700	0.7509s	1.4659	0.6210	0.5620
9
0251	0.8468	0.9443	1.3625	0.6700	1.1051s	1.4633	0.6220	0.5725
10
0252	0.8536	0.9507	1.3638	0.6640	0.9652s	1.4618	0.6240	0.5751
11
0253	0.8586	0.9529	1.3627	0.6620	0.5207s	1.4602	0.6260	0.5723
12
0254	0.8455	0.9436	1.3591	0.6580	0.6249s	1.4587	0.6220	0.5676
13
0255	0.8636	0.9414	1.3575	0.6600	0.7315s	1.4596	0.6230	0.5696
14
0256	0.8406	0.9543	1.3568	0.6600	1.2027s	1.4599	0.6220	0.5692
15
0257	0.8430	0.9443	1.3581	0.6660	0.2570s	1.4580	0.6260	0.5857
16
0258	0.8563	0.9500	1.3601	0.6640	1.3881s	1.4591	0.6250	0.5823
17
0259	0.8539	0.9471	1.3610	0.6620	0.4270s	1.4602	0.6240	0.5794
18
0260	0.8394	0.9479	1.3619	0.6640	1.1702s	1.4635	0.6250	0.5699
19
0261	0.8619	0.9514	1.3609	0.6620	0.4411s	1.4650	0.6200	0.5639
20
0262	0.8684	0.9479	1.3587	0.6580	0.3320s	1.4642	0.6180	0.5635
21
0263	0.8485	0.9514	1.3551	0.6580	0.2777s	1.4596	0.6220	0.5701
22
0264	0.8445	0.9529	1.3518	0.6640	0.9234s	1.4547	0.6200	0.5676
23
0265	0.8724	0.9429	1.3512	0.6500	0.3479s	1.4523	0.6220	0.5674
24
0266	0.8501	0.9614	1.3526	0.6560	1.1090s	1.4520	0.6250	0.5826
25
0267	0.8773	0.9464	1.3540	0.6600	0.4604s	1.4543	0.6220	0.5804
26
0268	0.8662	0.9579	1.3556	0.6660	0.2958s	1.4578	0.6190	0.5786
27
0269	0.8561	0.9550	1.3566	0.6640	0.9887s	1.4602	0.6190	0.5685
28
0270	0.8630	0.9457	1.3586	0.6640	0.2513s	1.4625	0.6210	0.5747
29
0271	0.8606	0.9486	1.3590	0.6580	0.9966s	1.4628	0.6200	0.5734
30
0272	0.8642	0.9564	1.3580	0.6640	1.0235s	1.4618	0.6240	0.5743
31
0273	0.8455	0.9464	1.3564	0.6600	1.1597s	1.4621	0.6240	0.5718
32
0274	0.8546	0.9421	1.3561	0.6600	0.6032s	1.4623	0.6220	0.5738
33
0275	0.8566	0.9529	1.3558	0.6600	1.1633s	1.4622	0.6230	0.5768
34
0276	0.8569	0.9450	1.3542	0.6600	1.0560s	1.4597	0.6270	0.5724
35
0277	0.8734	0.9507	1.3483	0.6660	0.8743s	1.4547	0.6280	0.5755
36
0278	0.8404	0.9421	1.3489	0.6660	0.7554s	1.4547	0.6300	0.5813
37
0279	0.8763	0.9607	1.3501	0.6640	1.2569s	1.4578	0.6220	0.5716
38
0280	0.8601	0.9486	1.3532	0.6680	0.3192s	1.4649	0.6190	0.5670
39
0281	0.8559	0.9621	1.3528	0.6580	1.1875s	1.4683	0.6150	0.5605
40
0282	0.8557	0.9557	1.3503	0.6580	0.6665s	1.4641	0.6210	0.5632
41
0283	0.8536	0.9507	1.3491	0.6600	0.5545s	1.4573	0.6250	0.5676
42
0284	0.8491	0.9629	1.3480	0.6620	0.9214s	1.4517	0.6290	0.5744
43
0285	0.8433	0.9529	1.3514	0.6620	0.9455s	1.4491	0.6270	0.5757
44
0286	0.8497	0.9479	1.3568	0.6660	1.1208s	1.4511	0.6260	0.5755
45
0287	0.8580	0.9550	1.3638	0.6620	0.9547s	1.4554	0.6230	0.5741
46
0288	0.8324	0.9450	1.3714	0.6600	0.6478s	1.4638	0.6230	0.5734
47
0289	0.8474	0.9450	1.3693	0.6540	0.7159s	1.4667	0.6230	0.5717
48
0290	0.8436	0.9486	1.3626	0.6520	0.5286s	1.4644	0.6280	0.5723
49
0291	0.8346	0.9543	1.3528	0.6540	1.1563s	1.4577	0.6280	0.5701
50
0292	0.8434	0.9493	1.3442	0.6560	0.7364s	1.4513	0.6290	0.5714
51
0293	0.8564	0.9543	1.3408	0.6600	1.1994s	1.4460	0.6280	0.5730
52
0294	0.8499	0.9479	1.3482	0.6620	0.8278s	1.4512	0.6250	0.5705
53
0295	0.8512	0.9471	1.3571	0.6700	0.2819s	1.4597	0.6220	0.5712
54
0296	0.8504	0.9443	1.3641	0.6600	1.1653s	1.4654	0.6220	0.5722
55
0297	0.8520	0.9500	1.3627	0.6600	0.8949s	1.4652	0.6230	0.5726
56
0298	0.8563	0.9536	1.3597	0.6580	1.2223s	1.4622	0.6260	0.5744
57
0299	0.8416	0.9564	1.3562	0.6580	0.5489s	1.4609	0.6270	0.5730
58
0300	0.8566	0.9500	1.3559	0.6580	1.1634s	1.4587	0.6280	0.5718
59
0301	0.8461	0.9457	1.3560	0.6620	0.7990s	1.4583	0.6260	0.5784
60
0302	0.8552	0.9507	1.3576	0.6560	0.6953s	1.4619	0.6240	0.5773
61
0303	0.8487	0.9471	1.3553	0.6660	1.0432s	1.4608	0.6240	0.5788
62
0304	0.8478	0.9479	1.3520	0.6660	0.3182s	1.4599	0.6240	0.5774
63
0305	0.8618	0.9457	1.3523	0.6660	1.3937s	1.4595	0.6290	0.5803
64
0306	0.8566	0.9500	1.3559	0.6660	0.9190s	1.4604	0.6280	0.5778
65
0307	0.8583	0.9564	1.3605	0.6560	0.9005s	1.4613	0.6250	0.5761
66
0308	0.8577	0.9514	1.3598	0.6640	0.8688s	1.4592	0.6240	0.5709
67
0309	0.8557	0.9443	1.3570	0.6640	0.7258s	1.4571	0.6270	0.5745
68
0310	0.8624	0.9571	1.3533	0.6680	0.9401s	1.4544	0.6210	0.5695
69
0311	0.8550	0.9493	1.3496	0.6680	1.0916s	1.4515	0.6240	0.5654
70
0312	0.8503	0.9450	1.3491	0.6720	0.8211s	1.4502	0.6250	0.5697
71
0313	0.8521	0.9486	1.3496	0.6740	0.8838s	1.4495	0.6240	0.5733
72
0314	0.8265	0.9550	1.3534	0.6700	1.0547s	1.4520	0.6250	0.5737
73
0315	0.8445	0.9486	1.3584	0.6640	0.9181s	1.4564	0.6240	0.5725
74
0316	0.8508	0.9593	1.3576	0.6660	1.0065s	1.4560	0.6250	0.5693
75
0317	0.8398	0.9579	1.3541	0.6700	0.3787s	1.4530	0.6310	0.5766
76
0318	0.8454	0.9471	1.3499	0.6680	1.2473s	1.4507	0.6290	0.5766
77
0319	0.8661	0.9493	1.3507	0.6680	0.9222s	1.4517	0.6220	0.5713
78
0320	0.8456	0.9557	1.3548	0.6640	0.9102s	1.4553	0.6260	0.5734
79
0321	0.8601	0.9514	1.3575	0.6640	0.8658s	1.4573	0.6230	0.5713
80
0322	0.8549	0.9557	1.3599	0.6620	0.5172s	1.4578	0.6170	0.5667
81
0323	0.8535	0.9536	1.3582	0.6600	0.9946s	1.4563	0.6150	0.5635
82
0324	0.8516	0.9479	1.3548	0.6560	1.1515s	1.4540	0.6190	0.5660
83
0325	0.8359	0.9607	1.3541	0.6580	1.0641s	1.4514	0.6180	0.5663
84
0326	0.8506	0.9529	1.3542	0.6640	0.9154s	1.4487	0.6190	0.5675
85
0327	0.8385	0.9507	1.3554	0.6680	0.9278s	1.4468	0.6230	0.5753
86
0328	0.8532	0.9529	1.3549	0.6680	0.8559s	1.4450	0.6270	0.5807
87
0329	0.8478	0.9507	1.3529	0.6700	1.1630s	1.4459	0.6270	0.5803
88
0330	0.8535	0.9507	1.3532	0.6680	0.5570s	1.4504	0.6270	0.5808
89
0331	0.8586	0.9464	1.3534	0.6700	0.9492s	1.4548	0.6230	0.5738
90
0332	0.8459	0.9436	1.3502	0.6700	0.6968s	1.4557	0.6200	0.5716
91
0333	0.8469	0.9386	1.3472	0.6720	0.5613s	1.4529	0.6200	0.5707
92
0334	0.8485	0.9514	1.3495	0.6660	0.8157s	1.4501	0.6190	0.5679
93
0335	0.8513	0.9564	1.3515	0.6680	0.8430s	1.4484	0.6180	0.5672
94
0336	0.8604	0.9400	1.3532	0.6640	0.6593s	1.4483	0.6230	0.5745
95
0337	0.8475	0.9571	1.3564	0.6600	0.8040s	1.4521	0.6260	0.5809
96
0338	0.8672	0.9507	1.3588	0.6640	0.8161s	1.4564	0.6270	0.5792
97
0339	0.8502	0.9557	1.3577	0.6660	0.2648s	1.4575	0.6270	0.5756
98
0340	0.8495	0.9493	1.3508	0.6640	1.3193s	1.4549	0.6250	0.5700
99
0341	0.8653	0.9386	1.3453	0.6600	0.4978s	1.4514	0.6230	0.5667
100
0342	0.8537	0.9550	1.3430	0.6580	1.1803s	1.4496	0.6240	0.5644
101
0343	0.8386	0.9550	1.3418	0.6600	0.4213s	1.4484	0.6290	0.5721
102
0344	0.8552	0.9464	1.3457	0.6640	1.2016s	1.4498	0.6290	0.5842
103
0345	0.8376	0.9536	1.3584	0.6700	0.5686s	1.4579	0.6280	0.5769
104
0346	0.8523	0.9457	1.3696	0.6680	0.3944s	1.4655	0.6270	0.5773
105
0347	0.8162	0.9600	1.3720	0.6640	0.9106s	1.4664	0.6260	0.5851
106
0348	0.8463	0.9500	1.3671	0.6680	0.6528s	1.4634	0.6270	0.5858
107
0349	0.8501	0.9436	1.3599	0.6660	1.1126s	1.4595	0.6270	0.5842
108
0350	0.8178	0.9600	1.3516	0.6620	0.5518s	1.4571	0.6250	0.5772
109
0351	0.8641	0.9507	1.3482	0.6680	1.0575s	1.4578	0.6250	0.5760
110
0352	0.8525	0.9421	1.3488	0.6700	0.4667s	1.4603	0.6290	0.5822
111
0353	0.8433	0.9486	1.3496	0.6680	0.6979s	1.4597	0.6290	0.5830
112
0354	0.8446	0.9514	1.3516	0.6700	1.0095s	1.4578	0.6230	0.5791
113
0355	0.8474	0.9536	1.3520	0.6760	1.0263s	1.4566	0.6240	0.5825
114
0356	0.8508	0.9393	1.3529	0.6700	1.1541s	1.4561	0.6240	0.5825
115
0357	0.8476	0.9479	1.3533	0.6700	0.6735s	1.4581	0.6240	0.5822
116
0358	0.8361	0.9514	1.3523	0.6680	1.0835s	1.4603	0.6250	0.5804
117
0359	0.8533	0.9507	1.3526	0.6660	0.2514s	1.4637	0.6250	0.5703
118
0360	0.8536	0.9493	1.3543	0.6660	0.9207s	1.4667	0.6230	0.5654
119
0361	0.8477	0.9521	1.3580	0.6620	0.8955s	1.4672	0.6220	0.5650
120
0362	0.8413	0.9571	1.3589	0.6580	1.0278s	1.4625	0.6220	0.5640
121
0363	0.8407	0.9500	1.3581	0.6540	1.2021s	1.4581	0.6240	0.5709
122
0364	0.8347	0.9564	1.3534	0.6580	0.6214s	1.4522	0.6280	0.5752
123
0365	0.8485	0.9536	1.3503	0.6580	1.0874s	1.4495	0.6260	0.5746
124
0366	0.8604	0.9536	1.3477	0.6700	0.5487s	1.4487	0.6230	0.5680
125
0367	0.8592	0.9529	1.3473	0.6620	0.9914s	1.4513	0.6250	0.5701
126
0368	0.8607	0.9500	1.3504	0.6620	0.8132s	1.4542	0.6280	0.5746
127
0369	0.8441	0.9486	1.3545	0.6640	1.2241s	1.4580	0.6230	0.5709
128
0370	0.8331	0.9450	1.3573	0.6640	0.7748s	1.4612	0.6240	0.5685
129
0371	0.8526	0.9450	1.3571	0.6620	0.5275s	1.4595	0.6240	0.5677
130
0372	0.8433	0.9571	1.3530	0.6580	1.0841s	1.4538	0.6250	0.5713
131
0373	0.8545	0.9564	1.3473	0.6580	0.6382s	1.4489	0.6240	0.5674
132
0374	0.8473	0.9486	1.3443	0.6580	1.1285s	1.4483	0.6220	0.5663
133
0375	0.8433	0.9579	1.3488	0.6560	1.0629s	1.4531	0.6260	0.5744
134
0376	0.8623	0.9493	1.3542	0.6640	0.9962s	1.4588	0.6260	0.5719
135
0377	0.8260	0.9471	1.3600	0.6660	1.2127s	1.4614	0.6280	0.5742
136
0378	0.8489	0.9507	1.3594	0.6620	0.3307s	1.4602	0.6270	0.5731
137
0379	0.8329	0.9443	1.3553	0.6580	1.2732s	1.4590	0.6240	0.5707
138
0380	0.8521	0.9507	1.3533	0.6640	0.3193s	1.4603	0.6270	0.5739
139
0381	0.8280	0.9493	1.3532	0.6700	1.1532s	1.4613	0.6230	0.5670
140
0382	0.8658	0.9436	1.3560	0.6700	0.6192s	1.4639	0.6220	0.5667
141
0383	0.8597	0.9550	1.3601	0.6660	1.1558s	1.4647	0.6170	0.5701
142
0384	0.8504	0.9650	1.3582	0.6680	0.8510s	1.4598	0.6240	0.5756
143
0385	0.8402	0.9536	1.3548	0.6640	1.2000s	1.4576	0.6210	0.5746
144
0386	0.8340	0.9650	1.3500	0.6660	0.8776s	1.4557	0.6240	0.5704
145
0387	0.8472	0.9479	1.3458	0.6640	1.0441s	1.4542	0.6270	0.5726
146
0388	0.8446	0.9529	1.3440	0.6700	0.7644s	1.4516	0.6240	0.5657
147
0389	0.8359	0.9543	1.3446	0.6680	0.8410s	1.4481	0.6290	0.5786
148
0390	0.8417	0.9486	1.3473	0.6640	1.0267s	1.4458	0.6320	0.5850
149
0391	0.8408	0.9593	1.3523	0.6700	0.7807s	1.4494	0.6280	0.5837
150
0392	0.8514	0.9479	1.3557	0.6720	0.9669s	1.4535	0.6240	0.5802
151
0393	0.8448	0.9529	1.3581	0.6720	1.2227s	1.4578	0.6270	0.5873
152
0394	0.8439	0.9464	1.3565	0.6660	1.0045s	1.4572	0.6250	0.5832
153
0395	0.8418	0.9586	1.3532	0.6720	0.6539s	1.4551	0.6220	0.5683
154
0396	0.8658	0.9414	1.3515	0.6700	1.1196s	1.4514	0.6200	0.5617
155
0397	0.8349	0.9493	1.3519	0.6640	0.5844s	1.4489	0.6250	0.5645
156
0398	0.8520	0.9536	1.3510	0.6660	1.2941s	1.4477	0.6290	0.5743
157
0399	0.8533	0.9421	1.3503	0.6560	0.6702s	1.4489	0.6280	0.5716
158
0400	0.8405	0.9586	1.3501	0.6600	0.5327s	1.4506	0.6260	0.5737
159
0401	0.8463	0.9543	1.3532	0.6620	1.0074s	1.4541	0.6240	0.5757
160
0402	0.8420	0.9507	1.3563	0.6600	0.6244s	1.4558	0.6220	0.5724
161
0403	0.8393	0.9521	1.3588	0.6620	0.2504s	1.4590	0.6240	0.5731
162
0404	0.8322	0.9636	1.3602	0.6700	0.8109s	1.4605	0.6220	0.5732
163
0405	0.8405	0.9571	1.3576	0.6660	0.9325s	1.4593	0.6250	0.5801
164
0406	0.8281	0.9564	1.3568	0.6600	1.0475s	1.4591	0.6250	0.5783
165
0407	0.8535	0.9500	1.3552	0.6580	0.3049s	1.4576	0.6240	0.5766
166
0408	0.8298	0.9436	1.3558	0.6520	1.1636s	1.4557	0.6240	0.5737
167
0409	0.8401	0.9514	1.3575	0.6620	0.2586s	1.4553	0.6250	0.5741
168
0410	0.8528	0.9543	1.3576	0.6580	1.1789s	1.4564	0.6250	0.5730
169
0411	0.8522	0.9464	1.3543	0.6640	0.9717s	1.4558	0.6270	0.5724
170
0412	0.8417	0.9514	1.3513	0.6640	0.8694s	1.4551	0.6280	0.5772
171
0413	0.8517	0.9536	1.3498	0.6640	0.8844s	1.4540	0.6280	0.5743
172
0414	0.8628	0.9436	1.3489	0.6680	0.9389s	1.4505	0.6310	0.5758
173
0415	0.8516	0.9464	1.3469	0.6700	1.0254s	1.4484	0.6350	0.5756
174
0416	0.8441	0.9479	1.3469	0.6720	0.9457s	1.4513	0.6310	0.5721
175
0417	0.8411	0.9571	1.3480	0.6660	0.8248s	1.4552	0.6300	0.5736
176
0418	0.8387	0.9586	1.3516	0.6660	1.1413s	1.4590	0.6310	0.5772
177
0419	0.8412	0.9614	1.3581	0.6600	0.9879s	1.4627	0.6280	0.5754
178
0420	0.8690	0.9443	1.3642	0.6520	0.8295s	1.4646	0.6260	0.5726
179
0421	0.8419	0.9564	1.3646	0.6520	1.1007s	1.4606	0.6260	0.5715
180
0422	0.8399	0.9521	1.3613	0.6560	0.8267s	1.4538	0.6260	0.5818
181
0423	0.8456	0.9564	1.3544	0.6600	0.6281s	1.4468	0.6270	0.5779
182
0424	0.8361	0.9536	1.3494	0.6640	0.9816s	1.4452	0.6310	0.5708
183
0425	0.8313	0.9529	1.3481	0.6640	0.9331s	1.4483	0.6320	0.5709
184
0426	0.8519	0.9600	1.3468	0.6620	0.5871s	1.4514	0.6340	0.5784
185
0427	0.8306	0.9571	1.3465	0.6680	1.1229s	1.4534	0.6320	0.5772
186
0428	0.8517	0.9579	1.3499	0.6600	0.9571s	1.4566	0.6260	0.5739
187
0429	0.8323	0.9507	1.3554	0.6600	1.2676s	1.4591	0.6270	0.5753
188
0430	0.8402	0.9329	1.3625	0.6600	0.5912s	1.4607	0.6280	0.5874
189
0431	0.8546	0.9464	1.3654	0.6520	0.6951s	1.4586	0.6230	0.5798
190
0432	0.8323	0.9550	1.3642	0.6580	1.2249s	1.4554	0.6250	0.5837
191
0433	0.8505	0.9479	1.3622	0.6600	0.3041s	1.4553	0.6260	0.5822
192
0434	0.8419	0.9614	1.3611	0.6660	1.1054s	1.4576	0.6290	0.5838
193
0435	0.8285	0.9550	1.3558	0.6700	0.6684s	1.4585	0.6300	0.5696
194
0436	0.8477	0.9500	1.3542	0.6700	1.0387s	1.4605	0.6250	0.5713
195
0437	0.8508	0.9486	1.3558	0.6660	0.9719s	1.4620	0.6270	0.5768
196
0438	0.8340	0.9371	1.3560	0.6660	0.6944s	1.4584	0.6270	0.5775
197
0439	0.8551	0.9450	1.3565	0.6700	0.9283s	1.4556	0.6280	0.5790
198
0440	0.8472	0.9464	1.3571	0.6680	0.9392s	1.4540	0.6260	0.5730
199
Early stop! Min loss:1.3391293287277222,  Max accuracy:0.684
Early stop model validation loss:1.3391293287277222,  accuracy:0.674
Optimization Finished!
Total time elapsed: 380.2529s
test max acc:0.6360
Loading 230th epoch
stru_node_to_hop attention:tensor([[0.2500, 0.2500, 0.2500, 0.2500],
        [0.2500, 0.2500, 0.2500, 0.2500],
        [0.2500, 0.2500, 0.2500, 0.2500],
        [0.2500, 0.2500, 0.2500, 0.2500],
        [0.2500, 0.2500, 0.2500, 0.2500],
        [0.2500, 0.2500, 0.2500, 0.2500],
        [0.2500, 0.2500, 0.2500, 0.2500],
        [0.2500, 0.2500, 0.2500, 0.2500],
        [0.2500, 0.2500, 0.2500, 0.2500],
        [0.2500, 0.2500, 0.2500, 0.2500],
        [0.2500, 0.2500, 0.2500, 0.2500],
        [0.2500, 0.2500, 0.2500, 0.2500],
        [0.2500, 0.2500, 0.2500, 0.2500],
        [0.2500, 0.2500, 0.2500, 0.2500],
        [0.2500, 0.2500, 0.2500, 0.2500],
        [0.2500, 0.2500, 0.2500, 0.2500],
        [0.2500, 0.2500, 0.2500, 0.2500],
        [0.2500, 0.2500, 0.2500, 0.2500],
        [0.2500, 0.2500, 0.2500, 0.2500],
        [0.2500, 0.2500, 0.2500, 0.2500],
        [0.2500, 0.2500, 0.2500, 0.2500],
        [0.2500, 0.2500, 0.2500, 0.2500],
        [0.2500, 0.2500, 0.2500, 0.2500],
        [0.2500, 0.2500, 0.2500, 0.2500],
        [0.2500, 0.2500, 0.2500, 0.2500],
        [0.2500, 0.2500, 0.2500, 0.2500],
        [0.2500, 0.2500, 0.2500, 0.2500],
        [0.2500, 0.2500, 0.2500, 0.2500],
        [0.2500, 0.2500, 0.2500, 0.2500],
        [0.2500, 0.2500, 0.2500, 0.2500],
        [0.2500, 0.2500, 0.2500, 0.2500],
        [0.2500, 0.2500, 0.2500, 0.2500],
        [0.2500, 0.2500, 0.2500, 0.2500],
        [0.2500, 0.2500, 0.2500, 0.2500],
        [0.2500, 0.2500, 0.2500, 0.2500],
        [0.2500, 0.2500, 0.2500, 0.2500],
        [0.2500, 0.2500, 0.2500, 0.2500],
        [0.2500, 0.2500, 0.2500, 0.2500],
        [0.2500, 0.2500, 0.2500, 0.2500],
        [0.2500, 0.2500, 0.2500, 0.2500],
        [0.2500, 0.2500, 0.2500, 0.2500],
        [0.2500, 0.2500, 0.2500, 0.2500],
        [0.2500, 0.2500, 0.2500, 0.2500],
        [0.2500, 0.2500, 0.2500, 0.2500],
        [0.2500, 0.2500, 0.2500, 0.2500],
        [0.2500, 0.2500, 0.2500, 0.2500],
        [0.2500, 0.2500, 0.2500, 0.2500],
        [0.2500, 0.2500, 0.2500, 0.2500],
        [0.2500, 0.2500, 0.2500, 0.2500],
        [0.2500, 0.2500, 0.2500, 0.2500],
        [0.2500, 0.2500, 0.2500, 0.2500],
        [0.2500, 0.2500, 0.2500, 0.2500],
        [0.2500, 0.2500, 0.2500, 0.2500],
        [0.2500, 0.2500, 0.2500, 0.2500],
        [0.2500, 0.2500, 0.2500, 0.2500],
        [0.2500, 0.2500, 0.2500, 0.2500],
        [0.2500, 0.2500, 0.2500, 0.2500],
        [0.2500, 0.2500, 0.2500, 0.2500],
        [0.2500, 0.2500, 0.2500, 0.2500],
        [0.2500, 0.2500, 0.2500, 0.2500],
        [0.2500, 0.2500, 0.2500, 0.2500],
        [0.2500, 0.2500, 0.2500, 0.2500],
        [0.2500, 0.2500, 0.2500, 0.2500],
        [0.2500, 0.2500, 0.2500, 0.2500],
        [0.2500, 0.2500, 0.2500, 0.2500],
        [0.2500, 0.2500, 0.2500, 0.2500],
        [0.2500, 0.2500, 0.2500, 0.2500],
        [0.2500, 0.2500, 0.2500, 0.2500],
        [0.2500, 0.2500, 0.2500, 0.2500],
        [0.2500, 0.2500, 0.2500, 0.2500],
        [0.2500, 0.2500, 0.2500, 0.2500],
        [0.2500, 0.2500, 0.2500, 0.2500],
        [0.2500, 0.2500, 0.2500, 0.2500],
        [0.2500, 0.2500, 0.2500, 0.2500],
        [0.2500, 0.2500, 0.2500, 0.2500],
        [0.2500, 0.2500, 0.2500, 0.2500],
        [0.2500, 0.2500, 0.2500, 0.2500],
        [0.2500, 0.2500, 0.2500, 0.2500],
        [0.2500, 0.2500, 0.2500, 0.2500],
        [0.2500, 0.2500, 0.2500, 0.2500],
        [0.2500, 0.2500, 0.2500, 0.2500],
        [0.2500, 0.2500, 0.2500, 0.2500],
        [0.2500, 0.2500, 0.2500, 0.2500],
        [0.2500, 0.2500, 0.2500, 0.2500],
        [0.2500, 0.2500, 0.2500, 0.2500],
        [0.2500, 0.2500, 0.2500, 0.2500],
        [0.2500, 0.2500, 0.2500, 0.2500],
        [0.2500, 0.2500, 0.2500, 0.2500],
        [0.2500, 0.2500, 0.2500, 0.2500],
        [0.2500, 0.2500, 0.2500, 0.2500],
        [0.2500, 0.2500, 0.2500, 0.2500],
        [0.2500, 0.2500, 0.2500, 0.2500],
        [0.2500, 0.2500, 0.2500, 0.2500],
        [0.2500, 0.2500, 0.2500, 0.2500],
        [0.2500, 0.2500, 0.2500, 0.2500],
        [0.2500, 0.2500, 0.2500, 0.2500],
        [0.2500, 0.2500, 0.2500, 0.2500],
        [0.2500, 0.2500, 0.2500, 0.2500],
        [0.2500, 0.2500, 0.2500, 0.2500],
        [0.2500, 0.2500, 0.2500, 0.2500]], device='cuda:7')
fea_node_to_hop attention:tensor([[0.2500, 0.2500, 0.2500, 0.2500],
        [0.2500, 0.2500, 0.2500, 0.2500],
        [0.2500, 0.2500, 0.2500, 0.2500],
        [0.2500, 0.2500, 0.2500, 0.2500],
        [0.2500, 0.2500, 0.2500, 0.2500],
        [0.2500, 0.2500, 0.2500, 0.2500],
        [0.2500, 0.2500, 0.2500, 0.2500],
        [0.2500, 0.2500, 0.2500, 0.2500],
        [0.2500, 0.2500, 0.2500, 0.2500],
        [0.2500, 0.2500, 0.2500, 0.2500],
        [0.2500, 0.2500, 0.2500, 0.2500],
        [0.2500, 0.2500, 0.2500, 0.2500],
        [0.2500, 0.2500, 0.2500, 0.2500],
        [0.2500, 0.2500, 0.2500, 0.2500],
        [0.2500, 0.2500, 0.2500, 0.2500],
        [0.2500, 0.2500, 0.2500, 0.2500],
        [0.2500, 0.2500, 0.2500, 0.2500],
        [0.2500, 0.2500, 0.2500, 0.2500],
        [0.2500, 0.2500, 0.2500, 0.2500],
        [0.2500, 0.2500, 0.2500, 0.2500],
        [0.2500, 0.2500, 0.2500, 0.2500],
        [0.2500, 0.2500, 0.2500, 0.2500],
        [0.2500, 0.2500, 0.2500, 0.2500],
        [0.2500, 0.2500, 0.2500, 0.2500],
        [0.2500, 0.2500, 0.2500, 0.2500],
        [0.2500, 0.2500, 0.2500, 0.2500],
        [0.2500, 0.2500, 0.2500, 0.2500],
        [0.2500, 0.2500, 0.2500, 0.2500],
        [0.2500, 0.2500, 0.2500, 0.2500],
        [0.2500, 0.2500, 0.2500, 0.2500],
        [0.2500, 0.2500, 0.2500, 0.2500],
        [0.2500, 0.2500, 0.2500, 0.2500],
        [0.2500, 0.2500, 0.2500, 0.2500],
        [0.2500, 0.2500, 0.2500, 0.2500],
        [0.2500, 0.2500, 0.2500, 0.2500],
        [0.2500, 0.2500, 0.2500, 0.2500],
        [0.2500, 0.2500, 0.2500, 0.2500],
        [0.2500, 0.2500, 0.2500, 0.2500],
        [0.2500, 0.2500, 0.2500, 0.2500],
        [0.2500, 0.2500, 0.2500, 0.2500],
        [0.2500, 0.2500, 0.2500, 0.2500],
        [0.2500, 0.2500, 0.2500, 0.2500],
        [0.2500, 0.2500, 0.2500, 0.2500],
        [0.2500, 0.2500, 0.2500, 0.2500],
        [0.2500, 0.2500, 0.2500, 0.2500],
        [0.2500, 0.2500, 0.2500, 0.2500],
        [0.2500, 0.2500, 0.2500, 0.2500],
        [0.2500, 0.2500, 0.2500, 0.2500],
        [0.2500, 0.2500, 0.2500, 0.2500],
        [0.2500, 0.2500, 0.2500, 0.2500],
        [0.2500, 0.2500, 0.2500, 0.2500],
        [0.2500, 0.2500, 0.2500, 0.2500],
        [0.2500, 0.2500, 0.2500, 0.2500],
        [0.2500, 0.2500, 0.2500, 0.2500],
        [0.2500, 0.2500, 0.2500, 0.2500],
        [0.2500, 0.2500, 0.2500, 0.2500],
        [0.2500, 0.2500, 0.2500, 0.2500],
        [0.2500, 0.2500, 0.2500, 0.2500],
        [0.2500, 0.2500, 0.2500, 0.2500],
        [0.2500, 0.2500, 0.2500, 0.2500],
        [0.2500, 0.2500, 0.2500, 0.2500],
        [0.2500, 0.2500, 0.2500, 0.2500],
        [0.2500, 0.2500, 0.2500, 0.2500],
        [0.2500, 0.2500, 0.2500, 0.2500],
        [0.2500, 0.2500, 0.2500, 0.2500],
        [0.2500, 0.2500, 0.2500, 0.2500],
        [0.2500, 0.2500, 0.2500, 0.2500],
        [0.2500, 0.2500, 0.2500, 0.2500],
        [0.2500, 0.2500, 0.2500, 0.2500],
        [0.2500, 0.2500, 0.2500, 0.2500],
        [0.2500, 0.2500, 0.2500, 0.2500],
        [0.2500, 0.2500, 0.2500, 0.2500],
        [0.2500, 0.2500, 0.2500, 0.2500],
        [0.2500, 0.2500, 0.2500, 0.2500],
        [0.2500, 0.2500, 0.2500, 0.2500],
        [0.2500, 0.2500, 0.2500, 0.2500],
        [0.2500, 0.2500, 0.2500, 0.2500],
        [0.2500, 0.2500, 0.2500, 0.2500],
        [0.2500, 0.2500, 0.2500, 0.2500],
        [0.2500, 0.2500, 0.2500, 0.2500],
        [0.2500, 0.2500, 0.2500, 0.2500],
        [0.2500, 0.2500, 0.2500, 0.2500],
        [0.2500, 0.2500, 0.2500, 0.2500],
        [0.2500, 0.2500, 0.2500, 0.2500],
        [0.2500, 0.2500, 0.2500, 0.2500],
        [0.2500, 0.2500, 0.2500, 0.2500],
        [0.2500, 0.2500, 0.2500, 0.2500],
        [0.2500, 0.2500, 0.2500, 0.2500],
        [0.2500, 0.2500, 0.2500, 0.2500],
        [0.2500, 0.2500, 0.2500, 0.2500],
        [0.2500, 0.2500, 0.2500, 0.2500],
        [0.2500, 0.2500, 0.2500, 0.2500],
        [0.2500, 0.2500, 0.2500, 0.2500],
        [0.2500, 0.2500, 0.2500, 0.2500],
        [0.2500, 0.2500, 0.2500, 0.2500],
        [0.2500, 0.2500, 0.2500, 0.2500],
        [0.2500, 0.2500, 0.2500, 0.2500],
        [0.2500, 0.2500, 0.2500, 0.2500],
        [0.2500, 0.2500, 0.2500, 0.2500],
        [0.2500, 0.2500, 0.2500, 0.2500]], device='cuda:7')
perception attention:tensor([0.9878, 0.0122], device='cuda:7')
Test set results: loss= 1.4499 accuracy= 0.6310 F1_score= 0.5703
