# epoch	loss_train	acc_train	loss_val	acc_val	time	acc_test	f1_test
0001	4.2493	0.0129	4.2382	0.1000	0.8795s	4.2415	0.0860	0.0247
0
0002	4.2344	0.1036	4.2197	0.1480	1.2879s	4.2238	0.0970	0.0829
0
0003	4.2078	0.2064	4.1930	0.2160	1.1768s	4.1966	0.1700	0.1176
0
0004	4.1722	0.2650	4.1533	0.2320	1.1967s	4.1562	0.1940	0.1489
0
0005	4.1221	0.3143	4.0982	0.2340	0.9833s	4.0994	0.2100	0.1609
0
0006	4.0508	0.3071	4.0258	0.2340	1.2334s	4.0258	0.2240	0.1888
0
0007	3.9590	0.3614	3.9354	0.2560	0.9819s	3.9345	0.2510	0.2187
0
0008	3.8480	0.3929	3.8284	0.3160	1.1333s	3.8268	0.2760	0.2396
0
0009	3.7220	0.4243	3.7071	0.3380	0.3142s	3.7050	0.3100	0.2659
0
0010	3.5742	0.4657	3.5741	0.3700	1.3641s	3.5716	0.3440	0.3048
0
0011	3.4163	0.4907	3.4314	0.4100	1.0447s	3.4287	0.3740	0.3463
0
0012	3.2535	0.5279	3.2828	0.4340	1.1004s	3.2801	0.4080	0.3772
0
0013	3.1006	0.5750	3.1313	0.4460	1.2408s	3.1294	0.4480	0.4115
0
0014	2.9349	0.6064	2.9796	0.4680	1.0400s	2.9798	0.4590	0.4197
0
0015	2.7822	0.6200	2.8300	0.4820	1.1884s	2.8342	0.4790	0.4297
0
0016	2.6130	0.6321	2.6851	0.5040	1.2756s	2.6947	0.4950	0.4433
0
0017	2.4894	0.6621	2.5474	0.5060	1.1251s	2.5639	0.5130	0.4575
0
0018	2.3649	0.6864	2.4175	0.5180	1.0615s	2.4431	0.5260	0.4790
0
0019	2.2248	0.6871	2.2982	0.5280	1.1183s	2.3357	0.5300	0.4859
0
0020	2.1083	0.7021	2.1971	0.5520	1.1612s	2.2438	0.5330	0.4966
0
0021	1.9884	0.7214	2.1101	0.5540	1.2022s	2.1633	0.5500	0.5100
0
0022	1.8835	0.7307	2.0367	0.5680	0.8814s	2.0936	0.5510	0.5085
0
0023	1.8026	0.7293	1.9745	0.5640	1.1984s	2.0347	0.5530	0.5080
0
0024	1.7106	0.7571	1.9199	0.5620	0.2928s	1.9831	0.5490	0.5024
0
0025	1.6379	0.7807	1.8703	0.5700	1.2425s	1.9359	0.5520	0.5050
0
0026	1.5627	0.7957	1.8265	0.5800	1.0349s	1.8943	0.5610	0.5087
0
0027	1.4980	0.8093	1.7858	0.5820	1.0061s	1.8567	0.5670	0.5184
0
0028	1.4416	0.8207	1.7510	0.5840	1.1758s	1.8227	0.5680	0.5168
0
0029	1.3891	0.8300	1.7224	0.5940	1.0967s	1.7942	0.5710	0.5233
0
0030	1.3620	0.8357	1.6979	0.6000	0.9737s	1.7688	0.5780	0.5295
0
0031	1.3158	0.8529	1.6790	0.6000	1.2453s	1.7497	0.5860	0.5262
0
0032	1.2845	0.8671	1.6634	0.6100	0.8956s	1.7344	0.5900	0.5304
0
0033	1.2634	0.8543	1.6480	0.6100	1.2615s	1.7218	0.5860	0.5245
0
0034	1.2449	0.8607	1.6305	0.6100	1.0887s	1.7084	0.5850	0.5281
0
0035	1.2148	0.8607	1.6170	0.6120	1.1977s	1.6954	0.5910	0.5391
0
0036	1.1882	0.8714	1.6038	0.6020	1.1547s	1.6817	0.5880	0.5333
0
0037	1.1646	0.8907	1.5958	0.6020	1.1385s	1.6687	0.5970	0.5406
0
0038	1.1532	0.9014	1.5879	0.6160	0.8388s	1.6554	0.6010	0.5454
0
0039	1.1229	0.9007	1.5820	0.6200	1.0778s	1.6452	0.6020	0.5515
0
0040	1.1215	0.9071	1.5729	0.6220	1.1300s	1.6373	0.5990	0.5465
0
0041	1.0869	0.8993	1.5639	0.6160	1.3809s	1.6320	0.5990	0.5457
0
0042	1.0977	0.8921	1.5562	0.6200	0.7880s	1.6296	0.5970	0.5439
0
0043	1.0640	0.9086	1.5503	0.6320	1.1914s	1.6267	0.5990	0.5477
0
0044	1.0684	0.9107	1.5414	0.6340	0.3683s	1.6184	0.6000	0.5466
0
0045	1.0498	0.9114	1.5315	0.6360	1.3175s	1.6096	0.6000	0.5452
0
0046	1.0420	0.9179	1.5214	0.6360	0.3223s	1.6001	0.6040	0.5522
0
0047	1.0460	0.9093	1.5150	0.6360	1.2537s	1.5928	0.6090	0.5609
0
0048	1.0319	0.9200	1.5094	0.6280	1.1163s	1.5868	0.6080	0.5570
0
0049	1.0046	0.9193	1.5068	0.6260	1.1383s	1.5825	0.6090	0.5567
0
0050	1.0240	0.9107	1.5054	0.6260	1.1933s	1.5790	0.6080	0.5538
0
0051	1.0156	0.9250	1.5060	0.6300	1.3066s	1.5773	0.6070	0.5596
0
0052	0.9964	0.9264	1.5060	0.6400	1.1047s	1.5758	0.6120	0.5589
1
0053	1.0063	0.9207	1.5046	0.6380	1.0960s	1.5736	0.6150	0.5614
0
0054	0.9905	0.9329	1.4983	0.6400	0.8026s	1.5701	0.6160	0.5589
0
0055	0.9990	0.9329	1.4879	0.6480	0.7345s	1.5620	0.6170	0.5586
0
0056	0.9803	0.9329	1.4802	0.6460	1.3608s	1.5562	0.6150	0.5565
0
0057	0.9848	0.9271	1.4775	0.6400	1.1257s	1.5542	0.6130	0.5562
0
0058	0.9809	0.9264	1.4784	0.6380	0.9073s	1.5541	0.6180	0.5665
0
0059	0.9824	0.9293	1.4816	0.6400	1.0931s	1.5555	0.6190	0.5677
1
0060	0.9626	0.9414	1.4832	0.6460	1.1385s	1.5565	0.6220	0.5742
2
0061	0.9790	0.9314	1.4809	0.6360	1.3304s	1.5555	0.6190	0.5718
3
0062	0.9621	0.9379	1.4745	0.6440	1.1326s	1.5494	0.6220	0.5755
4
0063	0.9671	0.9286	1.4642	0.6440	1.1731s	1.5397	0.6180	0.5684
0
0064	0.9626	0.9279	1.4569	0.6320	1.0389s	1.5334	0.6180	0.5788
0
0065	0.9742	0.9229	1.4527	0.6340	0.9718s	1.5324	0.6180	0.5798
0
0066	0.9471	0.9264	1.4512	0.6440	1.0957s	1.5341	0.6190	0.5688
0
0067	0.9791	0.9221	1.4528	0.6420	1.0470s	1.5356	0.6160	0.5685
0
0068	0.9580	0.9329	1.4545	0.6320	1.2844s	1.5352	0.6180	0.5685
1
0069	0.9739	0.9279	1.4573	0.6380	0.3228s	1.5334	0.6130	0.5632
2
0070	0.9563	0.9307	1.4576	0.6340	1.3378s	1.5313	0.6140	0.5652
3
0071	0.9572	0.9407	1.4544	0.6440	1.1150s	1.5293	0.6150	0.5673
4
0072	0.9622	0.9357	1.4447	0.6460	1.2832s	1.5245	0.6190	0.5698
5
0073	0.9645	0.9293	1.4366	0.6460	1.2142s	1.5197	0.6140	0.5670
0
0074	0.9616	0.9321	1.4300	0.6500	0.9167s	1.5156	0.6160	0.5749
0
0075	0.9776	0.9321	1.4274	0.6540	0.7930s	1.5139	0.6240	0.5798
0
0076	0.9502	0.9329	1.4276	0.6540	1.3619s	1.5138	0.6200	0.5678
0
0077	0.9423	0.9371	1.4301	0.6560	0.8125s	1.5153	0.6220	0.5697
0
0078	0.9491	0.9486	1.4342	0.6460	1.0995s	1.5169	0.6190	0.5689
0
0079	0.9544	0.9379	1.4341	0.6480	1.1386s	1.5176	0.6170	0.5685
1
0080	0.9667	0.9386	1.4271	0.6480	1.1716s	1.5123	0.6190	0.5697
2
0081	0.9367	0.9343	1.4212	0.6480	1.3006s	1.5074	0.6190	0.5705
0
0082	0.9502	0.9443	1.4180	0.6460	0.7954s	1.5051	0.6240	0.5756
0
0083	0.9387	0.9464	1.4164	0.6500	1.0790s	1.5052	0.6320	0.5813
0
0084	0.9351	0.9357	1.4146	0.6460	1.3185s	1.5058	0.6250	0.5715
0
0085	0.9225	0.9329	1.4114	0.6520	1.1575s	1.5051	0.6210	0.5713
0
0086	0.9400	0.9329	1.4111	0.6580	1.0806s	1.5034	0.6150	0.5640
0
0087	0.9425	0.9379	1.4119	0.6560	1.2596s	1.5008	0.6130	0.5644
0
0088	0.9359	0.9350	1.4137	0.6660	0.3627s	1.5004	0.6130	0.5636
1
0089	0.9621	0.9386	1.4129	0.6580	1.2495s	1.4993	0.6210	0.5721
0
0090	0.9365	0.9343	1.4139	0.6540	1.1377s	1.5012	0.6250	0.5764
1
0091	0.9502	0.9379	1.4147	0.6520	1.1746s	1.5024	0.6230	0.5729
2
0092	0.9557	0.9443	1.4105	0.6540	0.8557s	1.4965	0.6260	0.5773
3
0093	0.9226	0.9286	1.4042	0.6600	1.1945s	1.4910	0.6280	0.5795
0
0094	0.9238	0.9407	1.3977	0.6620	1.1263s	1.4868	0.6300	0.5807
0
0095	0.9227	0.9386	1.3931	0.6720	1.2311s	1.4857	0.6220	0.5738
0
0096	0.9254	0.9329	1.3920	0.6720	1.1919s	1.4862	0.6240	0.5729
0
0097	0.9192	0.9429	1.3918	0.6580	0.4161s	1.4865	0.6270	0.5781
0
0098	0.9035	0.9350	1.3946	0.6560	1.3375s	1.4870	0.6240	0.5724
0
0099	0.9200	0.9371	1.3967	0.6560	1.1383s	1.4857	0.6240	0.5734
1
0100	0.9126	0.9457	1.3942	0.6620	1.3221s	1.4831	0.6240	0.5759
2
0101	0.9130	0.9393	1.3877	0.6660	1.1799s	1.4776	0.6230	0.5768
3
0102	0.9106	0.9350	1.3817	0.6620	1.1763s	1.4750	0.6260	0.5797
0
0103	0.9179	0.9386	1.3767	0.6680	0.3666s	1.4749	0.6280	0.5820
0
0104	0.9093	0.9471	1.3778	0.6700	1.2452s	1.4792	0.6280	0.5810
0
0105	0.9112	0.9479	1.3799	0.6700	1.2727s	1.4805	0.6220	0.5753
1
0106	0.9155	0.9421	1.3813	0.6640	1.2818s	1.4785	0.6190	0.5690
2
0107	0.8908	0.9421	1.3817	0.6600	1.1417s	1.4750	0.6220	0.5702
3
0108	0.8910	0.9500	1.3792	0.6560	1.0236s	1.4696	0.6250	0.5810
4
0109	0.9080	0.9471	1.3749	0.6640	1.2645s	1.4655	0.6290	0.5871
5
0110	0.9272	0.9336	1.3727	0.6620	1.3148s	1.4648	0.6280	0.5888
0
0111	0.8956	0.9400	1.3712	0.6660	1.1427s	1.4669	0.6270	0.5885
0
0112	0.8955	0.9457	1.3709	0.6640	0.9716s	1.4696	0.6260	0.5810
0
0113	0.9017	0.9443	1.3747	0.6640	0.9292s	1.4719	0.6260	0.5826
0
0114	0.9000	0.9457	1.3765	0.6580	0.8784s	1.4695	0.6230	0.5785
1
0115	0.8900	0.9421	1.3777	0.6600	1.0339s	1.4686	0.6270	0.5806
2
0116	0.9066	0.9421	1.3775	0.6620	1.0472s	1.4688	0.6260	0.5784
3
0117	0.8762	0.9436	1.3750	0.6540	0.8780s	1.4715	0.6250	0.5717
4
0118	0.8860	0.9443	1.3747	0.6520	1.0963s	1.4774	0.6200	0.5738
5
0119	0.9034	0.9529	1.3743	0.6600	0.8762s	1.4797	0.6150	0.5707
6
0120	0.9004	0.9400	1.3706	0.6640	1.2226s	1.4757	0.6210	0.5661
7
0121	0.8953	0.9536	1.3688	0.6640	0.3497s	1.4736	0.6210	0.5684
0
0122	0.8976	0.9443	1.3690	0.6600	1.3405s	1.4713	0.6200	0.5682
0
0123	0.8821	0.9350	1.3702	0.6640	0.8855s	1.4712	0.6220	0.5700
1
0124	0.9073	0.9464	1.3701	0.6640	1.2510s	1.4725	0.6230	0.5695
2
0125	0.8891	0.9414	1.3684	0.6680	1.1965s	1.4742	0.6240	0.5721
3
0126	0.8788	0.9493	1.3662	0.6600	1.2502s	1.4757	0.6260	0.5745
0
0127	0.8835	0.9436	1.3666	0.6600	0.7011s	1.4763	0.6250	0.5743
0
0128	0.8715	0.9464	1.3677	0.6540	1.3738s	1.4751	0.6260	0.5747
1
0129	0.8865	0.9379	1.3696	0.6620	1.1297s	1.4748	0.6260	0.5708
2
0130	0.8822	0.9443	1.3711	0.6620	1.2592s	1.4753	0.6190	0.5684
3
0131	0.8891	0.9436	1.3708	0.6600	1.1740s	1.4752	0.6210	0.5714
4
0132	0.8813	0.9479	1.3678	0.6620	1.0932s	1.4724	0.6210	0.5666
5
0133	0.8691	0.9507	1.3642	0.6660	1.1612s	1.4656	0.6220	0.5675
6
0134	0.8948	0.9336	1.3636	0.6720	1.2251s	1.4608	0.6270	0.5731
0
0135	0.9042	0.9350	1.3668	0.6680	0.5104s	1.4615	0.6260	0.5718
0
0136	0.8834	0.9457	1.3718	0.6680	1.3001s	1.4669	0.6220	0.5685
1
0137	0.8637	0.9443	1.3732	0.6660	0.9479s	1.4711	0.6230	0.5733
2
0138	0.8864	0.9457	1.3736	0.6600	1.2892s	1.4744	0.6240	0.5742
3
0139	0.8708	0.9457	1.3750	0.6620	0.7537s	1.4751	0.6260	0.5768
4
0140	0.8894	0.9500	1.3710	0.6620	1.0985s	1.4708	0.6220	0.5706
5
0141	0.8683	0.9429	1.3642	0.6640	1.1221s	1.4629	0.6260	0.5704
6
0142	0.8732	0.9407	1.3568	0.6640	1.0331s	1.4549	0.6300	0.5866
7
0143	0.8664	0.9357	1.3558	0.6640	1.0557s	1.4553	0.6320	0.5871
0
0144	0.8805	0.9500	1.3580	0.6680	1.3480s	1.4610	0.6260	0.5719
0
0145	0.8672	0.9521	1.3625	0.6660	1.2563s	1.4680	0.6250	0.5792
1
0146	0.8612	0.9493	1.3674	0.6640	0.3206s	1.4733	0.6220	0.5819
2
0147	0.8999	0.9443	1.3684	0.6660	1.3396s	1.4715	0.6200	0.5787
3
0148	0.8657	0.9521	1.3663	0.6640	1.0439s	1.4684	0.6230	0.5819
4
0149	0.8753	0.9464	1.3635	0.6580	1.2250s	1.4659	0.6260	0.5838
5
0150	0.8571	0.9521	1.3603	0.6580	1.2727s	1.4647	0.6290	0.5816
6
0151	0.8824	0.9407	1.3558	0.6680	1.1784s	1.4634	0.6270	0.5808
7
0152	0.8633	0.9529	1.3554	0.6660	1.0632s	1.4660	0.6160	0.5665
0
0153	0.8578	0.9421	1.3574	0.6680	1.4314s	1.4690	0.6180	0.5660
0
0154	0.8566	0.9564	1.3604	0.6680	1.2001s	1.4701	0.6180	0.5653
1
0155	0.8671	0.9429	1.3612	0.6680	1.1501s	1.4693	0.6250	0.5748
2
0156	0.8832	0.9421	1.3591	0.6660	1.0052s	1.4658	0.6310	0.5796
3
0157	0.8658	0.9414	1.3561	0.6640	1.1855s	1.4619	0.6300	0.5816
4
0158	0.8819	0.9436	1.3546	0.6640	1.3296s	1.4617	0.6250	0.5780
5
0159	0.8755	0.9429	1.3541	0.6620	1.6472s	1.4631	0.6210	0.5790
0
0160	0.8790	0.9464	1.3561	0.6720	3.1369s	1.4639	0.6160	0.5645
0
0161	0.8637	0.9443	1.3548	0.6700	4.8397s	1.4625	0.6170	0.5634
0
0162	0.8769	0.9486	1.3551	0.6720	4.3192s	1.4607	0.6270	0.5727
1
0163	0.8955	0.9436	1.3539	0.6660	4.5130s	1.4588	0.6260	0.5732
0
0164	0.8595	0.9479	1.3527	0.6660	4.3357s	1.4573	0.6280	0.5782
0
0165	0.8683	0.9371	1.3540	0.6700	3.7266s	1.4565	0.6270	0.5752
0
0166	0.8658	0.9479	1.3538	0.6700	1.2396s	1.4562	0.6250	0.5733
1
0167	0.8638	0.9429	1.3564	0.6660	1.2802s	1.4565	0.6240	0.5723
2
0168	0.8661	0.9486	1.3595	0.6680	1.2487s	1.4588	0.6220	0.5686
3
0169	0.8733	0.9343	1.3645	0.6560	0.9418s	1.4639	0.6210	0.5694
4
0170	0.8595	0.9443	1.3661	0.6580	1.2624s	1.4677	0.6170	0.5643
5
0171	0.8523	0.9557	1.3658	0.6580	0.9520s	1.4690	0.6180	0.5667
6
0172	0.8702	0.9379	1.3652	0.6640	1.3840s	1.4688	0.6210	0.5702
7
0173	0.8747	0.9464	1.3625	0.6640	0.3253s	1.4657	0.6240	0.5753
8
0174	0.8679	0.9507	1.3610	0.6680	1.3112s	1.4631	0.6230	0.5685
9
0175	0.8668	0.9393	1.3609	0.6640	1.1501s	1.4606	0.6260	0.5697
10
0176	0.8676	0.9521	1.3634	0.6600	1.2293s	1.4626	0.6270	0.5711
11
0177	0.8647	0.9479	1.3678	0.6640	1.2410s	1.4666	0.6210	0.5667
12
0178	0.8613	0.9593	1.3683	0.6580	0.9400s	1.4699	0.6180	0.5696
13
0179	0.8548	0.9486	1.3642	0.6500	1.1283s	1.4688	0.6210	0.5720
14
0180	0.8865	0.9421	1.3575	0.6620	1.0268s	1.4645	0.6210	0.5688
15
0181	0.8463	0.9493	1.3530	0.6740	1.4678s	1.4602	0.6250	0.5727
16
0182	0.8609	0.9421	1.3496	0.6760	0.3231s	1.4555	0.6270	0.5765
0
0183	0.8797	0.9471	1.3501	0.6800	1.2860s	1.4544	0.6290	0.5792
0
0184	0.8650	0.9493	1.3541	0.6740	0.9352s	1.4577	0.6240	0.5724
0
0185	0.8501	0.9329	1.3621	0.6660	0.3002s	1.4635	0.6190	0.5660
1
0186	0.8711	0.9486	1.3673	0.6640	1.4136s	1.4698	0.6130	0.5603
2
0187	0.8806	0.9493	1.3679	0.6660	1.2022s	1.4735	0.6150	0.5604
3
0188	0.8555	0.9693	1.3628	0.6680	1.2682s	1.4707	0.6190	0.5638
4
0189	0.8515	0.9543	1.3571	0.6760	0.9834s	1.4643	0.6210	0.5667
5
0190	0.8720	0.9543	1.3540	0.6680	1.0889s	1.4590	0.6230	0.5706
6
0191	0.8741	0.9600	1.3542	0.6660	0.5426s	1.4564	0.6220	0.5714
7
0192	0.8650	0.9500	1.3548	0.6620	1.4588s	1.4556	0.6230	0.5814
8
0193	0.8593	0.9564	1.3558	0.6640	1.1028s	1.4573	0.6210	0.5791
9
0194	0.8614	0.9436	1.3587	0.6660	1.1086s	1.4598	0.6180	0.5771
10
0195	0.8431	0.9486	1.3629	0.6640	1.2277s	1.4612	0.6210	0.5731
11
0196	0.8640	0.9421	1.3673	0.6620	0.5292s	1.4637	0.6190	0.5686
12
0197	0.8734	0.9450	1.3709	0.6640	1.2645s	1.4662	0.6210	0.5701
13
0198	0.8582	0.9493	1.3696	0.6660	0.4838s	1.4677	0.6220	0.5647
14
0199	0.8468	0.9557	1.3611	0.6660	1.1479s	1.4660	0.6210	0.5641
15
0200	0.8595	0.9543	1.3491	0.6700	0.9906s	1.4629	0.6220	0.5625
16
0201	0.8542	0.9471	1.3416	0.6680	0.8471s	1.4614	0.6210	0.5639
0
0202	0.8620	0.9386	1.3432	0.6660	1.2788s	1.4611	0.6260	0.5731
0
0203	0.8596	0.9579	1.3522	0.6660	1.1136s	1.4631	0.6280	0.5779
1
0204	0.8455	0.9493	1.3635	0.6600	1.0430s	1.4683	0.6240	0.5750
2
0205	0.8555	0.9557	1.3694	0.6640	1.1790s	1.4718	0.6180	0.5709
3
0206	0.8710	0.9629	1.3665	0.6620	1.2785s	1.4723	0.6140	0.5646
4
0207	0.8647	0.9550	1.3588	0.6660	0.6730s	1.4689	0.6190	0.5675
5
0208	0.8691	0.9414	1.3538	0.6660	1.3606s	1.4661	0.6230	0.5713
6
0209	0.8585	0.9486	1.3530	0.6620	1.1445s	1.4669	0.6220	0.5680
7
0210	0.8337	0.9379	1.3534	0.6620	1.3964s	1.4683	0.6260	0.5754
8
0211	0.8709	0.9493	1.3551	0.6640	0.8858s	1.4703	0.6230	0.5693
9
0212	0.8557	0.9507	1.3556	0.6660	1.3474s	1.4723	0.6190	0.5631
10
0213	0.8705	0.9343	1.3532	0.6680	1.1997s	1.4692	0.6190	0.5714
11
0214	0.8469	0.9529	1.3489	0.6740	1.1705s	1.4617	0.6240	0.5800
12
0215	0.8581	0.9429	1.3476	0.6760	2.3298s	1.4555	0.6270	0.5817
13
0216	0.8520	0.9529	1.3517	0.6680	3.5821s	1.4556	0.6250	0.5713
14
0217	0.8517	0.9464	1.3610	0.6640	3.9056s	1.4626	0.6220	0.5707
15
0218	0.8522	0.9543	1.3655	0.6580	3.6308s	1.4678	0.6260	0.5754
16
0219	0.8462	0.9514	1.3647	0.6580	4.2827s	1.4708	0.6210	0.5717
17
0220	0.8653	0.9414	1.3646	0.6520	4.5347s	1.4731	0.6190	0.5687
18
0221	0.8562	0.9443	1.3594	0.6580	2.5136s	1.4689	0.6200	0.5775
19
0222	0.8574	0.9471	1.3540	0.6620	1.2538s	1.4617	0.6230	0.5803
20
0223	0.8733	0.9521	1.3524	0.6600	1.0716s	1.4574	0.6270	0.5798
21
0224	0.8544	0.9543	1.3530	0.6680	1.2400s	1.4559	0.6310	0.5812
22
0225	0.8508	0.9536	1.3562	0.6620	1.1875s	1.4593	0.6240	0.5733
23
0226	0.8563	0.9429	1.3584	0.6560	1.0041s	1.4645	0.6210	0.5701
24
0227	0.8485	0.9579	1.3611	0.6640	1.0302s	1.4705	0.6220	0.5700
25
0228	0.8658	0.9450	1.3613	0.6620	1.2174s	1.4736	0.6180	0.5662
26
0229	0.8530	0.9464	1.3587	0.6600	1.1086s	1.4710	0.6210	0.5689
27
0230	0.8779	0.9464	1.3555	0.6600	0.4454s	1.4664	0.6190	0.5701
28
0231	0.8581	0.9464	1.3555	0.6660	1.4056s	1.4620	0.6230	0.5641
29
0232	0.8466	0.9450	1.3611	0.6620	0.9645s	1.4617	0.6210	0.5656
30
0233	0.8628	0.9457	1.3660	0.6560	1.2960s	1.4648	0.6170	0.5595
31
0234	0.8679	0.9443	1.3646	0.6580	0.9764s	1.4660	0.6190	0.5638
32
0235	0.8596	0.9550	1.3618	0.6620	1.1747s	1.4697	0.6220	0.5726
33
0236	0.8521	0.9543	1.3582	0.6620	0.9553s	1.4701	0.6240	0.5699
34
0237	0.8647	0.9471	1.3561	0.6660	1.2271s	1.4679	0.6270	0.5763
35
0238	0.8609	0.9443	1.3569	0.6660	0.9793s	1.4672	0.6250	0.5699
36
0239	0.8609	0.9436	1.3610	0.6600	1.2355s	1.4672	0.6260	0.5799
37
0240	0.8672	0.9543	1.3644	0.6560	0.6319s	1.4656	0.6240	0.5766
38
0241	0.8545	0.9543	1.3653	0.6540	1.2728s	1.4637	0.6250	0.5790
39
0242	0.8510	0.9514	1.3604	0.6540	1.1838s	1.4611	0.6260	0.5834
40
0243	0.8495	0.9493	1.3554	0.6620	1.3386s	1.4612	0.6240	0.5758
41
0244	0.8483	0.9557	1.3559	0.6620	0.4125s	1.4652	0.6230	0.5737
42
0245	0.8548	0.9557	1.3589	0.6600	1.3350s	1.4686	0.6260	0.5739
43
0246	0.8543	0.9500	1.3623	0.6640	0.4718s	1.4702	0.6310	0.5781
44
0247	0.8542	0.9557	1.3651	0.6640	1.1489s	1.4694	0.6270	0.5758
45
0248	0.8490	0.9536	1.3683	0.6700	1.1555s	1.4698	0.6200	0.5766
46
0249	0.8542	0.9457	1.3673	0.6660	1.1747s	1.4677	0.6220	0.5785
47
0250	0.8497	0.9500	1.3620	0.6660	1.1986s	1.4659	0.6200	0.5760
48
0251	0.8530	0.9543	1.3581	0.6640	1.1502s	1.4667	0.6150	0.5691
49
0252	0.8455	0.9464	1.3569	0.6640	1.1122s	1.4676	0.6200	0.5655
50
0253	0.8493	0.9500	1.3577	0.6620	0.9355s	1.4697	0.6220	0.5656
51
0254	0.8617	0.9414	1.3616	0.6640	1.2703s	1.4737	0.6200	0.5672
52
0255	0.8605	0.9514	1.3619	0.6680	0.9468s	1.4747	0.6210	0.5716
53
0256	0.8628	0.9586	1.3580	0.6680	1.2054s	1.4731	0.6210	0.5739
54
0257	0.8504	0.9571	1.3561	0.6660	1.0012s	1.4742	0.6190	0.5733
55
0258	0.8427	0.9471	1.3550	0.6660	1.1518s	1.4728	0.6180	0.5701
56
0259	0.8462	0.9521	1.3564	0.6700	0.9533s	1.4716	0.6190	0.5675
57
0260	0.8496	0.9600	1.3580	0.6700	1.0920s	1.4696	0.6220	0.5712
58
0261	0.8505	0.9421	1.3592	0.6700	1.1769s	1.4673	0.6220	0.5728
59
0262	0.8643	0.9479	1.3549	0.6720	0.9116s	1.4641	0.6250	0.5745
60
0263	0.8519	0.9514	1.3491	0.6720	1.1183s	1.4621	0.6260	0.5767
61
0264	0.8586	0.9536	1.3448	0.6660	0.7130s	1.4622	0.6310	0.5771
62
0265	0.8477	0.9421	1.3457	0.6620	1.0809s	1.4625	0.6330	0.5828
63
0266	0.8482	0.9450	1.3509	0.6660	1.0255s	1.4667	0.6280	0.5761
64
0267	0.8417	0.9550	1.3589	0.6640	1.2461s	1.4715	0.6210	0.5733
65
0268	0.8614	0.9493	1.3663	0.6600	0.9877s	1.4758	0.6220	0.5723
66
0269	0.8428	0.9543	1.3671	0.6620	1.1704s	1.4758	0.6210	0.5763
67
0270	0.8686	0.9493	1.3604	0.6640	1.2903s	1.4717	0.6180	0.5757
68
0271	0.8314	0.9500	1.3539	0.6660	1.1272s	1.4673	0.6170	0.5737
69
0272	0.8404	0.9450	1.3503	0.6740	0.2913s	1.4643	0.6200	0.5687
70
0273	0.8526	0.9493	1.3515	0.6720	1.2525s	1.4629	0.6220	0.5716
71
0274	0.8557	0.9486	1.3553	0.6640	1.0955s	1.4631	0.6230	0.5686
72
0275	0.8576	0.9521	1.3591	0.6640	1.1676s	1.4653	0.6270	0.5750
73
0276	0.8687	0.9579	1.3596	0.6680	1.0975s	1.4656	0.6270	0.5739
74
0277	0.8573	0.9529	1.3590	0.6660	0.4772s	1.4652	0.6270	0.5729
75
0278	0.8640	0.9586	1.3581	0.6640	1.2999s	1.4632	0.6260	0.5732
76
0279	0.8356	0.9607	1.3594	0.6660	0.2956s	1.4641	0.6280	0.5782
77
0280	0.8361	0.9607	1.3587	0.6660	1.1105s	1.4651	0.6260	0.5760
78
0281	0.8537	0.9536	1.3575	0.6640	1.2175s	1.4665	0.6220	0.5702
79
0282	0.8532	0.9507	1.3546	0.6580	1.1011s	1.4668	0.6190	0.5667
80
0283	0.8475	0.9471	1.3505	0.6620	1.0190s	1.4663	0.6210	0.5642
81
0284	0.8605	0.9571	1.3484	0.6620	1.0907s	1.4655	0.6180	0.5618
82
0285	0.8470	0.9464	1.3504	0.6600	1.1667s	1.4649	0.6190	0.5678
83
0286	0.8548	0.9479	1.3538	0.6640	1.0704s	1.4656	0.6180	0.5755
84
0287	0.8507	0.9543	1.3561	0.6580	1.0812s	1.4669	0.6190	0.5777
85
0288	0.8401	0.9529	1.3575	0.6600	1.1820s	1.4690	0.6190	0.5688
86
0289	0.8477	0.9464	1.3556	0.6660	1.1981s	1.4691	0.6200	0.5693
87
0290	0.8526	0.9486	1.3510	0.6640	1.0590s	1.4648	0.6270	0.5783
88
0291	0.8399	0.9579	1.3505	0.6720	0.9338s	1.4635	0.6220	0.5689
89
0292	0.8652	0.9550	1.3533	0.6660	1.0240s	1.4627	0.6230	0.5682
90
0293	0.8565	0.9564	1.3555	0.6720	1.0942s	1.4624	0.6210	0.5673
91
0294	0.8659	0.9514	1.3554	0.6680	0.9754s	1.4624	0.6180	0.5632
92
0295	0.8410	0.9636	1.3519	0.6700	1.2748s	1.4612	0.6230	0.5716
93
0296	0.8537	0.9557	1.3520	0.6740	0.9590s	1.4601	0.6240	0.5723
94
0297	0.8281	0.9607	1.3531	0.6740	1.0832s	1.4601	0.6230	0.5697
95
0298	0.8524	0.9514	1.3555	0.6740	1.1300s	1.4593	0.6230	0.5709
96
0299	0.8617	0.9514	1.3568	0.6680	1.3427s	1.4593	0.6250	0.5725
97
0300	0.8544	0.9464	1.3574	0.6680	0.4427s	1.4627	0.6250	0.5755
98
0301	0.8491	0.9493	1.3562	0.6740	1.2225s	1.4666	0.6270	0.5732
99
0302	0.8568	0.9586	1.3546	0.6660	1.0371s	1.4668	0.6230	0.5686
100
0303	0.8470	0.9486	1.3537	0.6600	0.3369s	1.4648	0.6270	0.5735
101
0304	0.8456	0.9486	1.3537	0.6600	1.2009s	1.4634	0.6250	0.5716
102
0305	0.8602	0.9471	1.3541	0.6560	1.1613s	1.4623	0.6250	0.5681
103
0306	0.8465	0.9464	1.3595	0.6560	1.1329s	1.4624	0.6260	0.5699
104
0307	0.8373	0.9486	1.3622	0.6600	0.4702s	1.4620	0.6250	0.5728
105
0308	0.8426	0.9500	1.3618	0.6520	1.2560s	1.4638	0.6250	0.5739
106
0309	0.8483	0.9457	1.3569	0.6560	0.2652s	1.4639	0.6300	0.5749
107
0310	0.8526	0.9486	1.3536	0.6600	0.3145s	1.4646	0.6280	0.5762
108
0311	0.8400	0.9564	1.3526	0.6640	1.0494s	1.4662	0.6270	0.5767
109
0312	0.8557	0.9514	1.3563	0.6680	0.9176s	1.4677	0.6220	0.5675
110
0313	0.8536	0.9550	1.3606	0.6700	0.5498s	1.4668	0.6200	0.5639
111
0314	0.8558	0.9564	1.3674	0.6660	0.9199s	1.4674	0.6180	0.5687
112
0315	0.8541	0.9514	1.3685	0.6640	0.9091s	1.4665	0.6160	0.5669
113
0316	0.8462	0.9543	1.3619	0.6560	0.5612s	1.4619	0.6170	0.5691
114
0317	0.8525	0.9486	1.3499	0.6600	1.2666s	1.4572	0.6220	0.5740
115
0318	0.8599	0.9429	1.3407	0.6580	0.8040s	1.4558	0.6290	0.5820
116
0319	0.8480	0.9421	1.3401	0.6620	1.1130s	1.4609	0.6250	0.5726
0
0320	0.8488	0.9607	1.3456	0.6620	0.9923s	1.4676	0.6210	0.5666
0
0321	0.8586	0.9464	1.3524	0.6640	1.1229s	1.4720	0.6190	0.5664
1
0322	0.8370	0.9614	1.3571	0.6640	1.2966s	1.4728	0.6170	0.5637
2
0323	0.8490	0.9586	1.3580	0.6640	0.2905s	1.4702	0.6160	0.5623
3
0324	0.8227	0.9607	1.3550	0.6700	1.2186s	1.4651	0.6180	0.5685
4
0325	0.8534	0.9550	1.3557	0.6660	0.9641s	1.4625	0.6250	0.5702
5
0326	0.8359	0.9414	1.3564	0.6500	0.3303s	1.4614	0.6280	0.5723
6
0327	0.8273	0.9571	1.3565	0.6520	1.1040s	1.4622	0.6310	0.5786
7
0328	0.8413	0.9500	1.3565	0.6540	1.2654s	1.4647	0.6250	0.5732
8
0329	0.8354	0.9486	1.3607	0.6540	0.3093s	1.4724	0.6220	0.5696
9
0330	0.8533	0.9536	1.3625	0.6600	1.2364s	1.4763	0.6110	0.5589
10
0331	0.8648	0.9486	1.3609	0.6640	1.0646s	1.4738	0.6190	0.5656
11
0332	0.8426	0.9471	1.3581	0.6680	1.0845s	1.4672	0.6200	0.5667
12
0333	0.8514	0.9543	1.3556	0.6640	1.0888s	1.4617	0.6260	0.5729
13
0334	0.8467	0.9550	1.3549	0.6560	0.8114s	1.4603	0.6280	0.5793
14
0335	0.8484	0.9600	1.3559	0.6580	1.0954s	1.4608	0.6290	0.5756
15
0336	0.8554	0.9543	1.3588	0.6600	0.5466s	1.4607	0.6270	0.5824
16
0337	0.8427	0.9471	1.3596	0.6600	1.2094s	1.4611	0.6230	0.5794
17
0338	0.8437	0.9500	1.3607	0.6660	0.8224s	1.4630	0.6240	0.5823
18
0339	0.8442	0.9586	1.3580	0.6660	1.3136s	1.4657	0.6290	0.5814
19
0340	0.8444	0.9536	1.3547	0.6620	1.0835s	1.4682	0.6240	0.5783
20
0341	0.8523	0.9479	1.3537	0.6620	0.6797s	1.4694	0.6260	0.5769
21
0342	0.8471	0.9443	1.3561	0.6660	0.9073s	1.4704	0.6290	0.5776
22
0343	0.8488	0.9479	1.3576	0.6640	1.1847s	1.4691	0.6300	0.5768
23
0344	0.8396	0.9507	1.3588	0.6620	1.0044s	1.4674	0.6220	0.5794
24
0345	0.8573	0.9471	1.3547	0.6680	1.1696s	1.4619	0.6170	0.5734
25
0346	0.8436	0.9614	1.3506	0.6720	0.3633s	1.4605	0.6190	0.5773
26
0347	0.8463	0.9414	1.3507	0.6760	0.5173s	1.4629	0.6200	0.5777
27
0348	0.8573	0.9543	1.3509	0.6680	1.2444s	1.4656	0.6210	0.5678
28
0349	0.8478	0.9486	1.3538	0.6680	1.0670s	1.4706	0.6260	0.5703
29
0350	0.8439	0.9557	1.3581	0.6680	1.0316s	1.4735	0.6260	0.5694
30
0351	0.8370	0.9586	1.3582	0.6680	1.1263s	1.4695	0.6220	0.5662
31
0352	0.8489	0.9550	1.3553	0.6620	0.3405s	1.4633	0.6220	0.5669
32
0353	0.8561	0.9543	1.3545	0.6580	0.4067s	1.4584	0.6240	0.5789
33
0354	0.8473	0.9614	1.3514	0.6600	1.2467s	1.4547	0.6240	0.5788
34
0355	0.8575	0.9464	1.3508	0.6580	1.2473s	1.4546	0.6210	0.5751
35
0356	0.8456	0.9607	1.3496	0.6580	0.2747s	1.4559	0.6260	0.5784
36
0357	0.8354	0.9421	1.3531	0.6580	1.1026s	1.4594	0.6260	0.5803
37
0358	0.8414	0.9514	1.3583	0.6580	0.9958s	1.4639	0.6230	0.5771
38
0359	0.8416	0.9536	1.3604	0.6600	0.9703s	1.4658	0.6260	0.5724
39
0360	0.8557	0.9579	1.3577	0.6620	1.1051s	1.4657	0.6270	0.5715
40
0361	0.8443	0.9500	1.3547	0.6700	0.6723s	1.4655	0.6330	0.5788
41
0362	0.8466	0.9500	1.3530	0.6660	1.2311s	1.4653	0.6250	0.5697
42
0363	0.8341	0.9564	1.3531	0.6660	0.5172s	1.4653	0.6200	0.5710
43
0364	0.8528	0.9629	1.3542	0.6600	1.1163s	1.4668	0.6200	0.5707
44
0365	0.8472	0.9629	1.3549	0.6540	1.1620s	1.4655	0.6280	0.5796
45
0366	0.8507	0.9557	1.3559	0.6560	1.1150s	1.4641	0.6270	0.5816
46
0367	0.8585	0.9400	1.3568	0.6580	0.9631s	1.4647	0.6250	0.5692
47
0368	0.8595	0.9536	1.3565	0.6560	1.0732s	1.4651	0.6280	0.5736
48
0369	0.8439	0.9457	1.3577	0.6580	1.1333s	1.4663	0.6280	0.5750
49
0370	0.8503	0.9414	1.3611	0.6580	0.9292s	1.4698	0.6190	0.5683
50
0371	0.8363	0.9571	1.3630	0.6620	1.0195s	1.4709	0.6190	0.5766
51
0372	0.8491	0.9436	1.3612	0.6620	1.1869s	1.4677	0.6190	0.5751
52
0373	0.8434	0.9521	1.3570	0.6660	1.0626s	1.4606	0.6170	0.5718
53
0374	0.8371	0.9464	1.3530	0.6640	0.3871s	1.4545	0.6220	0.5759
54
0375	0.8364	0.9521	1.3511	0.6580	1.2593s	1.4547	0.6270	0.5703
55
0376	0.8540	0.9486	1.3502	0.6660	0.6965s	1.4569	0.6310	0.5746
56
0377	0.8480	0.9543	1.3482	0.6640	1.2298s	1.4576	0.6240	0.5675
57
0378	0.8502	0.9529	1.3500	0.6700	0.9334s	1.4583	0.6210	0.5658
58
0379	0.8429	0.9457	1.3555	0.6700	0.5318s	1.4605	0.6190	0.5741
59
0380	0.8402	0.9493	1.3585	0.6720	1.0293s	1.4629	0.6230	0.5692
60
0381	0.8447	0.9543	1.3573	0.6720	1.0578s	1.4609	0.6240	0.5737
61
0382	0.8416	0.9586	1.3554	0.6720	1.2368s	1.4580	0.6270	0.5737
62
0383	0.8455	0.9479	1.3504	0.6720	1.0947s	1.4538	0.6250	0.5712
63
0384	0.8584	0.9557	1.3465	0.6680	0.5936s	1.4513	0.6270	0.5732
64
0385	0.8455	0.9443	1.3460	0.6660	1.2675s	1.4525	0.6260	0.5722
65
0386	0.8486	0.9536	1.3510	0.6680	0.7483s	1.4575	0.6230	0.5679
66
0387	0.8451	0.9550	1.3587	0.6660	1.1767s	1.4639	0.6210	0.5698
67
0388	0.8335	0.9521	1.3629	0.6660	0.9878s	1.4657	0.6180	0.5650
68
0389	0.8443	0.9529	1.3619	0.6660	0.9591s	1.4630	0.6220	0.5696
69
0390	0.8514	0.9486	1.3563	0.6680	1.1120s	1.4595	0.6280	0.5773
70
0391	0.8474	0.9479	1.3534	0.6700	0.6779s	1.4567	0.6290	0.5806
71
0392	0.8410	0.9493	1.3544	0.6660	1.1559s	1.4579	0.6240	0.5743
72
0393	0.8413	0.9579	1.3553	0.6620	0.9330s	1.4588	0.6240	0.5739
73
0394	0.8364	0.9536	1.3560	0.6660	1.2509s	1.4595	0.6230	0.5718
74
0395	0.8498	0.9529	1.3557	0.6640	1.3057s	1.4603	0.6320	0.5764
75
0396	0.8608	0.9500	1.3589	0.6580	1.1900s	1.4653	0.6270	0.5672
76
0397	0.8454	0.9550	1.3609	0.6640	0.8636s	1.4658	0.6270	0.5655
77
0398	0.8424	0.9471	1.3622	0.6620	1.3176s	1.4652	0.6240	0.5661
78
0399	0.8500	0.9586	1.3619	0.6660	1.1405s	1.4633	0.6230	0.5688
79
0400	0.8399	0.9507	1.3580	0.6620	1.2267s	1.4605	0.6230	0.5681
80
0401	0.8416	0.9529	1.3525	0.6600	1.0875s	1.4571	0.6200	0.5657
81
0402	0.8498	0.9421	1.3457	0.6620	0.3629s	1.4527	0.6240	0.5691
82
0403	0.8415	0.9436	1.3441	0.6700	1.3590s	1.4518	0.6280	0.5694
83
0404	0.8367	0.9607	1.3442	0.6660	1.0828s	1.4533	0.6260	0.5674
84
0405	0.8402	0.9443	1.3473	0.6500	1.3537s	1.4563	0.6230	0.5641
85
0406	0.8653	0.9529	1.3503	0.6540	0.8806s	1.4599	0.6210	0.5625
86
0407	0.8489	0.9493	1.3514	0.6600	1.0624s	1.4624	0.6200	0.5648
87
0408	0.8493	0.9564	1.3554	0.6620	1.2049s	1.4666	0.6190	0.5673
88
0409	0.8491	0.9436	1.3614	0.6580	0.9789s	1.4695	0.6180	0.5680
89
0410	0.8375	0.9536	1.3644	0.6620	1.3790s	1.4707	0.6180	0.5689
90
0411	0.8485	0.9421	1.3629	0.6640	0.5986s	1.4666	0.6280	0.5776
91
0412	0.8531	0.9479	1.3551	0.6600	1.3655s	1.4598	0.6280	0.5759
92
0413	0.8639	0.9436	1.3481	0.6520	1.1827s	1.4548	0.6290	0.5742
93
0414	0.8421	0.9571	1.3461	0.6560	1.2086s	1.4589	0.6280	0.5722
94
0415	0.8486	0.9557	1.3506	0.6560	1.0904s	1.4661	0.6280	0.5709
95
0416	0.8240	0.9629	1.3583	0.6580	1.1183s	1.4706	0.6200	0.5649
96
0417	0.8402	0.9600	1.3652	0.6660	0.8524s	1.4719	0.6180	0.5696
97
0418	0.8444	0.9421	1.3692	0.6700	1.2688s	1.4684	0.6140	0.5658
98
0419	0.8521	0.9536	1.3659	0.6700	1.1270s	1.4622	0.6240	0.5748
99
0420	0.8495	0.9529	1.3603	0.6680	1.2087s	1.4581	0.6280	0.5864
100
0421	0.8351	0.9557	1.3547	0.6620	0.7906s	1.4597	0.6280	0.5780
101
0422	0.8545	0.9521	1.3526	0.6620	1.3017s	1.4641	0.6270	0.5729
102
0423	0.8496	0.9500	1.3520	0.6660	1.1537s	1.4662	0.6280	0.5722
103
0424	0.8315	0.9564	1.3537	0.6680	1.2267s	1.4658	0.6250	0.5642
104
0425	0.8497	0.9486	1.3587	0.6720	1.2362s	1.4664	0.6260	0.5671
105
0426	0.8474	0.9493	1.3595	0.6660	1.1272s	1.4644	0.6240	0.5695
106
0427	0.8604	0.9493	1.3574	0.6700	1.1468s	1.4621	0.6240	0.5732
107
0428	0.8512	0.9500	1.3537	0.6760	1.2041s	1.4622	0.6240	0.5727
108
0429	0.8540	0.9500	1.3523	0.6680	1.1348s	1.4653	0.6250	0.5735
109
0430	0.8535	0.9621	1.3513	0.6660	1.0932s	1.4680	0.6240	0.5733
110
0431	0.8430	0.9529	1.3512	0.6660	0.7880s	1.4687	0.6280	0.5767
111
0432	0.8461	0.9514	1.3486	0.6680	1.2587s	1.4649	0.6250	0.5710
112
0433	0.8295	0.9614	1.3466	0.6700	1.1929s	1.4612	0.6230	0.5648
113
0434	0.8235	0.9607	1.3467	0.6720	1.1659s	1.4588	0.6240	0.5648
114
0435	0.8191	0.9536	1.3456	0.6720	1.1761s	1.4577	0.6230	0.5752
115
0436	0.8404	0.9450	1.3434	0.6720	1.1292s	1.4593	0.6220	0.5772
116
0437	0.8503	0.9479	1.3438	0.6780	1.1380s	1.4629	0.6230	0.5727
117
0438	0.8413	0.9543	1.3432	0.6680	1.0917s	1.4631	0.6250	0.5773
118
0439	0.8551	0.9486	1.3461	0.6640	0.5956s	1.4639	0.6240	0.5741
119
0440	0.8421	0.9507	1.3490	0.6700	1.1431s	1.4620	0.6320	0.5793
120
0441	0.8427	0.9586	1.3515	0.6720	1.1697s	1.4605	0.6310	0.5768
121
0442	0.8412	0.9643	1.3499	0.6740	1.2001s	1.4573	0.6250	0.5706
122
0443	0.8429	0.9586	1.3501	0.6740	1.2923s	1.4549	0.6230	0.5698
123
0444	0.8529	0.9493	1.3493	0.6720	0.4957s	1.4540	0.6240	0.5735
124
0445	0.8539	0.9521	1.3490	0.6740	1.3010s	1.4560	0.6230	0.5680
125
0446	0.8371	0.9586	1.3509	0.6740	1.0785s	1.4584	0.6230	0.5690
126
0447	0.8426	0.9500	1.3578	0.6680	1.1559s	1.4645	0.6210	0.5659
127
0448	0.8173	0.9543	1.3635	0.6620	0.9074s	1.4686	0.6180	0.5664
128
0449	0.8420	0.9457	1.3652	0.6620	1.0333s	1.4695	0.6150	0.5595
129
0450	0.8442	0.9429	1.3610	0.6600	1.2764s	1.4662	0.6200	0.5666
130
0451	0.8404	0.9493	1.3532	0.6580	1.1623s	1.4599	0.6230	0.5711
131
0452	0.8379	0.9529	1.3456	0.6720	0.3161s	1.4549	0.6230	0.5718
132
0453	0.8413	0.9550	1.3422	0.6700	1.3741s	1.4532	0.6230	0.5718
133
0454	0.8383	0.9493	1.3428	0.6680	0.9574s	1.4549	0.6310	0.5818
134
0455	0.8516	0.9493	1.3487	0.6720	1.2126s	1.4592	0.6270	0.5798
135
0456	0.8348	0.9536	1.3542	0.6680	1.0440s	1.4636	0.6240	0.5760
136
0457	0.8518	0.9564	1.3588	0.6660	1.3275s	1.4670	0.6260	0.5728
137
0458	0.8477	0.9657	1.3586	0.6580	0.2965s	1.4664	0.6220	0.5765
138
0459	0.8356	0.9493	1.3545	0.6560	0.9412s	1.4646	0.6220	0.5759
139
0460	0.8412	0.9550	1.3486	0.6540	1.2720s	1.4608	0.6210	0.5675
140
0461	0.8475	0.9536	1.3437	0.6660	1.3772s	1.4585	0.6230	0.5651
141
0462	0.8403	0.9500	1.3435	0.6720	1.1371s	1.4591	0.6230	0.5689
142
0463	0.8521	0.9450	1.3461	0.6660	1.2981s	1.4610	0.6270	0.5741
143
0464	0.8499	0.9579	1.3496	0.6640	0.2933s	1.4642	0.6240	0.5679
144
0465	0.8567	0.9493	1.3537	0.6660	1.2476s	1.4649	0.6240	0.5699
145
0466	0.8424	0.9457	1.3565	0.6700	1.1806s	1.4657	0.6270	0.5742
146
0467	0.8333	0.9571	1.3583	0.6700	1.1440s	1.4662	0.6200	0.5659
147
0468	0.8412	0.9536	1.3593	0.6640	1.2215s	1.4647	0.6170	0.5645
148
0469	0.8331	0.9514	1.3615	0.6600	1.3039s	1.4651	0.6160	0.5736
149
0470	0.8270	0.9500	1.3631	0.6640	1.1924s	1.4658	0.6220	0.5782
150
0471	0.8424	0.9529	1.3593	0.6640	1.1715s	1.4644	0.6250	0.5797
151
0472	0.8540	0.9614	1.3522	0.6620	0.7067s	1.4620	0.6230	0.5765
152
0473	0.8562	0.9543	1.3465	0.6680	1.3307s	1.4615	0.6220	0.5724
153
0474	0.8406	0.9486	1.3437	0.6640	0.9469s	1.4611	0.6190	0.5595
154
0475	0.8485	0.9507	1.3474	0.6680	1.2927s	1.4623	0.6220	0.5716
155
0476	0.8296	0.9579	1.3547	0.6680	0.3501s	1.4650	0.6210	0.5693
156
0477	0.8603	0.9429	1.3599	0.6640	0.9880s	1.4646	0.6220	0.5697
157
0478	0.8429	0.9536	1.3608	0.6660	1.2858s	1.4619	0.6220	0.5719
158
0479	0.8437	0.9507	1.3579	0.6660	0.3393s	1.4632	0.6200	0.5701
159
0480	0.8522	0.9557	1.3561	0.6700	1.2400s	1.4663	0.6220	0.5695
160
0481	0.8298	0.9536	1.3544	0.6560	1.1242s	1.4669	0.6250	0.5714
161
0482	0.8313	0.9586	1.3555	0.6580	1.2123s	1.4687	0.6230	0.5699
162
0483	0.8375	0.9471	1.3560	0.6600	1.3356s	1.4671	0.6250	0.5736
163
0484	0.8404	0.9486	1.3551	0.6660	1.2523s	1.4614	0.6270	0.5741
164
0485	0.8505	0.9493	1.3535	0.6700	1.2504s	1.4556	0.6230	0.5694
165
0486	0.8543	0.9457	1.3531	0.6700	1.0427s	1.4547	0.6220	0.5674
166
0487	0.8445	0.9507	1.3550	0.6680	1.2700s	1.4592	0.6210	0.5687
167
0488	0.8602	0.9486	1.3581	0.6520	0.6771s	1.4658	0.6180	0.5638
168
0489	0.8534	0.9586	1.3604	0.6520	0.8297s	1.4699	0.6160	0.5592
169
0490	0.8435	0.9550	1.3606	0.6500	1.2604s	1.4680	0.6180	0.5704
170
0491	0.8479	0.9486	1.3588	0.6540	1.2211s	1.4635	0.6270	0.5804
171
0492	0.8553	0.9414	1.3552	0.6620	1.1601s	1.4600	0.6300	0.5806
172
0493	0.8466	0.9507	1.3518	0.6600	1.1636s	1.4574	0.6270	0.5792
173
0494	0.8336	0.9571	1.3511	0.6640	1.1736s	1.4574	0.6220	0.5675
174
0495	0.8431	0.9493	1.3536	0.6660	0.2893s	1.4603	0.6200	0.5705
175
0496	0.8233	0.9586	1.3549	0.6620	1.2958s	1.4604	0.6200	0.5686
176
0497	0.8550	0.9536	1.3539	0.6640	0.9247s	1.4586	0.6210	0.5682
177
0498	0.8459	0.9550	1.3526	0.6680	1.3735s	1.4583	0.6230	0.5695
178
0499	0.8491	0.9486	1.3516	0.6680	1.2342s	1.4582	0.6270	0.5741
179
0500	0.8430	0.9543	1.3518	0.6620	1.1366s	1.4606	0.6270	0.5819
180
0501	0.8420	0.9564	1.3527	0.6620	0.9932s	1.4625	0.6210	0.5736
181
0502	0.8228	0.9571	1.3542	0.6640	1.3015s	1.4631	0.6200	0.5760
182
0503	0.8521	0.9457	1.3565	0.6660	1.1906s	1.4612	0.6190	0.5781
183
0504	0.8387	0.9514	1.3590	0.6640	1.2655s	1.4593	0.6160	0.5718
184
0505	0.8366	0.9479	1.3576	0.6640	0.8990s	1.4581	0.6220	0.5698
185
0506	0.8325	0.9529	1.3539	0.6660	1.1754s	1.4585	0.6230	0.5698
186
0507	0.8304	0.9529	1.3553	0.6620	1.0022s	1.4627	0.6220	0.5681
187
0508	0.8522	0.9543	1.3589	0.6620	1.2044s	1.4661	0.6280	0.5733
188
0509	0.8414	0.9486	1.3606	0.6680	0.3692s	1.4635	0.6240	0.5769
189
0510	0.8535	0.9500	1.3624	0.6640	0.3682s	1.4612	0.6200	0.5752
190
0511	0.8430	0.9471	1.3610	0.6640	0.9690s	1.4603	0.6210	0.5760
191
0512	0.8446	0.9536	1.3557	0.6620	0.6125s	1.4582	0.6180	0.5682
192
0513	0.8398	0.9443	1.3525	0.6740	0.9813s	1.4564	0.6190	0.5669
193
0514	0.8382	0.9529	1.3517	0.6680	0.9730s	1.4553	0.6160	0.5641
194
0515	0.8406	0.9550	1.3527	0.6660	0.9941s	1.4555	0.6200	0.5663
195
0516	0.8375	0.9479	1.3551	0.6640	0.9929s	1.4579	0.6210	0.5668
196
0517	0.8506	0.9521	1.3569	0.6600	1.2115s	1.4613	0.6200	0.5724
197
0518	0.8574	0.9500	1.3544	0.6620	0.3223s	1.4597	0.6220	0.5724
198
0519	0.8182	0.9536	1.3507	0.6700	1.3599s	1.4556	0.6250	0.5753
199
Early stop! Min loss:1.340103030204773,  Max accuracy:0.68
Early stop model validation loss:1.340103030204773,  accuracy:0.662
Optimization Finished!
Total time elapsed: 583.2902s
test max acc:0.6330
Loading 318th epoch
stru_node_to_hop attention:tensor([[0.2500, 0.2500, 0.2500, 0.2500],
        [0.2500, 0.2500, 0.2500, 0.2500],
        [0.2500, 0.2500, 0.2500, 0.2500],
        [0.2500, 0.2500, 0.2500, 0.2500],
        [0.2500, 0.2500, 0.2500, 0.2500],
        [0.2500, 0.2500, 0.2500, 0.2500],
        [0.2500, 0.2500, 0.2500, 0.2500],
        [0.2500, 0.2500, 0.2500, 0.2500],
        [0.2500, 0.2500, 0.2500, 0.2500],
        [0.2500, 0.2500, 0.2500, 0.2500],
        [0.2500, 0.2500, 0.2500, 0.2500],
        [0.2500, 0.2500, 0.2500, 0.2500],
        [0.2500, 0.2500, 0.2500, 0.2500],
        [0.2500, 0.2500, 0.2500, 0.2500],
        [0.2500, 0.2500, 0.2500, 0.2500],
        [0.2500, 0.2500, 0.2500, 0.2500],
        [0.2500, 0.2500, 0.2500, 0.2500],
        [0.2500, 0.2500, 0.2500, 0.2500],
        [0.2500, 0.2500, 0.2500, 0.2500],
        [0.2500, 0.2500, 0.2500, 0.2500],
        [0.2500, 0.2500, 0.2500, 0.2500],
        [0.2500, 0.2500, 0.2500, 0.2500],
        [0.2500, 0.2500, 0.2500, 0.2500],
        [0.2500, 0.2500, 0.2500, 0.2500],
        [0.2500, 0.2500, 0.2500, 0.2500],
        [0.2500, 0.2500, 0.2500, 0.2500],
        [0.2500, 0.2500, 0.2500, 0.2500],
        [0.2500, 0.2500, 0.2500, 0.2500],
        [0.2500, 0.2500, 0.2500, 0.2500],
        [0.2500, 0.2500, 0.2500, 0.2500],
        [0.2500, 0.2500, 0.2500, 0.2500],
        [0.2500, 0.2500, 0.2500, 0.2500],
        [0.2500, 0.2500, 0.2500, 0.2500],
        [0.2500, 0.2500, 0.2500, 0.2500],
        [0.2500, 0.2500, 0.2500, 0.2500],
        [0.2500, 0.2500, 0.2500, 0.2500],
        [0.2500, 0.2500, 0.2500, 0.2500],
        [0.2500, 0.2500, 0.2500, 0.2500],
        [0.2500, 0.2500, 0.2500, 0.2500],
        [0.2500, 0.2500, 0.2500, 0.2500],
        [0.2500, 0.2500, 0.2500, 0.2500],
        [0.2500, 0.2500, 0.2500, 0.2500],
        [0.2500, 0.2500, 0.2500, 0.2500],
        [0.2500, 0.2500, 0.2500, 0.2500],
        [0.2500, 0.2500, 0.2500, 0.2500],
        [0.2500, 0.2500, 0.2500, 0.2500],
        [0.2500, 0.2500, 0.2500, 0.2500],
        [0.2500, 0.2500, 0.2500, 0.2500],
        [0.2500, 0.2500, 0.2500, 0.2500],
        [0.2500, 0.2500, 0.2500, 0.2500],
        [0.2500, 0.2500, 0.2500, 0.2500],
        [0.2500, 0.2500, 0.2500, 0.2500],
        [0.2500, 0.2500, 0.2500, 0.2500],
        [0.2500, 0.2500, 0.2500, 0.2500],
        [0.2500, 0.2500, 0.2500, 0.2500],
        [0.2500, 0.2500, 0.2500, 0.2500],
        [0.2500, 0.2500, 0.2500, 0.2500],
        [0.2500, 0.2500, 0.2500, 0.2500],
        [0.2500, 0.2500, 0.2500, 0.2500],
        [0.2500, 0.2500, 0.2500, 0.2500],
        [0.2500, 0.2500, 0.2500, 0.2500],
        [0.2500, 0.2500, 0.2500, 0.2500],
        [0.2500, 0.2500, 0.2500, 0.2500],
        [0.2500, 0.2500, 0.2500, 0.2500],
        [0.2500, 0.2500, 0.2500, 0.2500],
        [0.2500, 0.2500, 0.2500, 0.2500],
        [0.2500, 0.2500, 0.2500, 0.2500],
        [0.2500, 0.2500, 0.2500, 0.2500],
        [0.2500, 0.2500, 0.2500, 0.2500],
        [0.2500, 0.2500, 0.2500, 0.2500],
        [0.2500, 0.2500, 0.2500, 0.2500],
        [0.2500, 0.2500, 0.2500, 0.2500],
        [0.2500, 0.2500, 0.2500, 0.2500],
        [0.2500, 0.2500, 0.2500, 0.2500],
        [0.2500, 0.2500, 0.2500, 0.2500],
        [0.2500, 0.2500, 0.2500, 0.2500],
        [0.2500, 0.2500, 0.2500, 0.2500],
        [0.2500, 0.2500, 0.2500, 0.2500],
        [0.2500, 0.2500, 0.2500, 0.2500],
        [0.2500, 0.2500, 0.2500, 0.2500],
        [0.2500, 0.2500, 0.2500, 0.2500],
        [0.2500, 0.2500, 0.2500, 0.2500],
        [0.2500, 0.2500, 0.2500, 0.2500],
        [0.2500, 0.2500, 0.2500, 0.2500],
        [0.2500, 0.2500, 0.2500, 0.2500],
        [0.2500, 0.2500, 0.2500, 0.2500],
        [0.2500, 0.2500, 0.2500, 0.2500],
        [0.2500, 0.2500, 0.2500, 0.2500],
        [0.2500, 0.2500, 0.2500, 0.2500],
        [0.2500, 0.2500, 0.2500, 0.2500],
        [0.2500, 0.2500, 0.2500, 0.2500],
        [0.2500, 0.2500, 0.2500, 0.2500],
        [0.2500, 0.2500, 0.2500, 0.2500],
        [0.2500, 0.2500, 0.2500, 0.2500],
        [0.2500, 0.2500, 0.2500, 0.2500],
        [0.2500, 0.2500, 0.2500, 0.2500],
        [0.2500, 0.2500, 0.2500, 0.2500],
        [0.2500, 0.2500, 0.2500, 0.2500],
        [0.2500, 0.2500, 0.2500, 0.2500],
        [0.2500, 0.2500, 0.2500, 0.2500]], device='cuda:7')
fea_node_to_hop attention:tensor([[0.2500, 0.2500, 0.2500, 0.2500],
        [0.2500, 0.2500, 0.2500, 0.2500],
        [0.2500, 0.2500, 0.2500, 0.2500],
        [0.2500, 0.2500, 0.2500, 0.2500],
        [0.2500, 0.2500, 0.2500, 0.2500],
        [0.2500, 0.2500, 0.2500, 0.2500],
        [0.2500, 0.2500, 0.2500, 0.2500],
        [0.2500, 0.2500, 0.2500, 0.2500],
        [0.2500, 0.2500, 0.2500, 0.2500],
        [0.2500, 0.2500, 0.2500, 0.2500],
        [0.2500, 0.2500, 0.2500, 0.2500],
        [0.2500, 0.2500, 0.2500, 0.2500],
        [0.2500, 0.2500, 0.2500, 0.2500],
        [0.2500, 0.2500, 0.2500, 0.2500],
        [0.2500, 0.2500, 0.2500, 0.2500],
        [0.2500, 0.2500, 0.2500, 0.2500],
        [0.2500, 0.2500, 0.2500, 0.2500],
        [0.2500, 0.2500, 0.2500, 0.2500],
        [0.2500, 0.2500, 0.2500, 0.2500],
        [0.2500, 0.2500, 0.2500, 0.2500],
        [0.2500, 0.2500, 0.2500, 0.2500],
        [0.2500, 0.2500, 0.2500, 0.2500],
        [0.2500, 0.2500, 0.2500, 0.2500],
        [0.2500, 0.2500, 0.2500, 0.2500],
        [0.2500, 0.2500, 0.2500, 0.2500],
        [0.2500, 0.2500, 0.2500, 0.2500],
        [0.2500, 0.2500, 0.2500, 0.2500],
        [0.2500, 0.2500, 0.2500, 0.2500],
        [0.2500, 0.2500, 0.2500, 0.2500],
        [0.2500, 0.2500, 0.2500, 0.2500],
        [0.2500, 0.2500, 0.2500, 0.2500],
        [0.2500, 0.2500, 0.2500, 0.2500],
        [0.2500, 0.2500, 0.2500, 0.2500],
        [0.2500, 0.2500, 0.2500, 0.2500],
        [0.2500, 0.2500, 0.2500, 0.2500],
        [0.2500, 0.2500, 0.2500, 0.2500],
        [0.2500, 0.2500, 0.2500, 0.2500],
        [0.2500, 0.2500, 0.2500, 0.2500],
        [0.2500, 0.2500, 0.2500, 0.2500],
        [0.2500, 0.2500, 0.2500, 0.2500],
        [0.2500, 0.2500, 0.2500, 0.2500],
        [0.2500, 0.2500, 0.2500, 0.2500],
        [0.2500, 0.2500, 0.2500, 0.2500],
        [0.2500, 0.2500, 0.2500, 0.2500],
        [0.2500, 0.2500, 0.2500, 0.2500],
        [0.2500, 0.2500, 0.2500, 0.2500],
        [0.2500, 0.2500, 0.2500, 0.2500],
        [0.2500, 0.2500, 0.2500, 0.2500],
        [0.2500, 0.2500, 0.2500, 0.2500],
        [0.2500, 0.2500, 0.2500, 0.2500],
        [0.2500, 0.2500, 0.2500, 0.2500],
        [0.2500, 0.2500, 0.2500, 0.2500],
        [0.2500, 0.2500, 0.2500, 0.2500],
        [0.2500, 0.2500, 0.2500, 0.2500],
        [0.2500, 0.2500, 0.2500, 0.2500],
        [0.2500, 0.2500, 0.2500, 0.2500],
        [0.2500, 0.2500, 0.2500, 0.2500],
        [0.2500, 0.2500, 0.2500, 0.2500],
        [0.2500, 0.2500, 0.2500, 0.2500],
        [0.2500, 0.2500, 0.2500, 0.2500],
        [0.2500, 0.2500, 0.2500, 0.2500],
        [0.2500, 0.2500, 0.2500, 0.2500],
        [0.2500, 0.2500, 0.2500, 0.2500],
        [0.2500, 0.2500, 0.2500, 0.2500],
        [0.2500, 0.2500, 0.2500, 0.2500],
        [0.2500, 0.2500, 0.2500, 0.2500],
        [0.2500, 0.2500, 0.2500, 0.2500],
        [0.2500, 0.2500, 0.2500, 0.2500],
        [0.2500, 0.2500, 0.2500, 0.2500],
        [0.2500, 0.2500, 0.2500, 0.2500],
        [0.2500, 0.2500, 0.2500, 0.2500],
        [0.2500, 0.2500, 0.2500, 0.2500],
        [0.2500, 0.2500, 0.2500, 0.2500],
        [0.2500, 0.2500, 0.2500, 0.2500],
        [0.2500, 0.2500, 0.2500, 0.2500],
        [0.2500, 0.2500, 0.2500, 0.2500],
        [0.2500, 0.2500, 0.2500, 0.2500],
        [0.2500, 0.2500, 0.2500, 0.2500],
        [0.2500, 0.2500, 0.2500, 0.2500],
        [0.2500, 0.2500, 0.2500, 0.2500],
        [0.2500, 0.2500, 0.2500, 0.2500],
        [0.2500, 0.2500, 0.2500, 0.2500],
        [0.2500, 0.2500, 0.2500, 0.2500],
        [0.2500, 0.2500, 0.2500, 0.2500],
        [0.2500, 0.2500, 0.2500, 0.2500],
        [0.2500, 0.2500, 0.2500, 0.2500],
        [0.2500, 0.2500, 0.2500, 0.2500],
        [0.2500, 0.2500, 0.2500, 0.2500],
        [0.2500, 0.2500, 0.2500, 0.2500],
        [0.2500, 0.2500, 0.2500, 0.2500],
        [0.2500, 0.2500, 0.2500, 0.2500],
        [0.2500, 0.2500, 0.2500, 0.2500],
        [0.2500, 0.2500, 0.2500, 0.2500],
        [0.2500, 0.2500, 0.2500, 0.2500],
        [0.2500, 0.2500, 0.2500, 0.2500],
        [0.2500, 0.2500, 0.2500, 0.2500],
        [0.2500, 0.2500, 0.2500, 0.2500],
        [0.2500, 0.2500, 0.2500, 0.2500],
        [0.2500, 0.2500, 0.2500, 0.2500],
        [0.2500, 0.2500, 0.2500, 0.2500]], device='cuda:7')
perception attention:tensor([0.9929, 0.0071], device='cuda:7')
Test set results: loss= 1.4609 accuracy= 0.6250 F1_score= 0.5726
