# epoch	loss_train	acc_train	loss_val	acc_val	time	acc_test	f1_test
0001	4.2486	0.0136	4.2369	0.0540	1.1202s	4.2367	0.0430	0.0050
0
0002	4.2338	0.0543	4.2178	0.0460	0.7000s	4.2191	0.0440	0.0152
0
0003	4.2071	0.0721	4.1906	0.0520	0.9869s	4.1933	0.0500	0.0245
0
0004	4.1717	0.0936	4.1494	0.0900	0.8686s	4.1536	0.0790	0.0610
0
0005	4.1185	0.1643	4.0913	0.1460	1.1360s	4.0962	0.1250	0.0991
0
0006	4.0496	0.2257	4.0165	0.1880	0.9452s	4.0209	0.1760	0.1532
0
0007	3.9567	0.3093	3.9247	0.2300	0.9703s	3.9284	0.2120	0.1909
0
0008	3.8389	0.3664	3.8154	0.2740	1.1422s	3.8184	0.2510	0.2402
0
0009	3.7145	0.4221	3.6919	0.3100	0.9576s	3.6939	0.2910	0.2749
0
0010	3.5655	0.4571	3.5574	0.3540	1.1159s	3.5586	0.3290	0.3060
0
0011	3.4125	0.5071	3.4144	0.4000	0.8269s	3.4150	0.3690	0.3334
0
0012	3.2408	0.5543	3.2661	0.4560	1.1165s	3.2665	0.4140	0.3889
0
0013	3.0802	0.5729	3.1156	0.4680	0.9188s	3.1166	0.4490	0.4121
0
0014	2.9087	0.6121	2.9633	0.5040	1.0589s	2.9667	0.4770	0.4300
0
0015	2.7622	0.6286	2.8123	0.5120	1.0315s	2.8197	0.4980	0.4477
0
0016	2.6136	0.6714	2.6672	0.5380	0.9033s	2.6803	0.5220	0.4660
0
0017	2.4678	0.6914	2.5293	0.5440	1.1175s	2.5505	0.5300	0.4740
0
0018	2.3395	0.6771	2.4005	0.5420	1.1579s	2.4306	0.5410	0.4897
0
0019	2.1999	0.6921	2.2833	0.5560	0.9674s	2.3220	0.5530	0.4989
0
0020	2.0850	0.7093	2.1772	0.5720	0.9584s	2.2241	0.5590	0.5148
0
0021	1.9793	0.7207	2.0831	0.5700	0.3689s	2.1385	0.5580	0.5118
0
0022	1.8679	0.7571	2.0039	0.5740	1.2359s	2.0656	0.5590	0.5142
0
0023	1.7836	0.7536	1.9373	0.5720	0.8019s	2.0045	0.5650	0.5189
0
0024	1.6883	0.7636	1.8831	0.5780	0.9844s	1.9536	0.5710	0.5154
0
0025	1.6105	0.7886	1.8374	0.5800	0.9738s	1.9093	0.5830	0.5250
0
0026	1.5510	0.7971	1.7964	0.5820	1.2238s	1.8691	0.5830	0.5217
0
0027	1.4956	0.8014	1.7601	0.5920	1.2913s	1.8339	0.5880	0.5361
0
0028	1.4312	0.8257	1.7308	0.6000	1.0333s	1.8040	0.5900	0.5369
0
0029	1.3809	0.8157	1.7047	0.6040	1.0499s	1.7775	0.5920	0.5386
0
0030	1.3526	0.8379	1.6798	0.6120	1.0234s	1.7547	0.5980	0.5364
0
0031	1.3128	0.8500	1.6555	0.6140	1.0501s	1.7354	0.6000	0.5357
0
0032	1.2764	0.8550	1.6323	0.6140	1.0713s	1.7160	0.6030	0.5425
0
0033	1.2487	0.8650	1.6162	0.6160	0.9203s	1.6992	0.6070	0.5439
0
0034	1.2190	0.8714	1.6087	0.6160	1.0619s	1.6878	0.6030	0.5475
0
0035	1.2055	0.8821	1.6045	0.6160	0.3808s	1.6778	0.6000	0.5550
0
0036	1.1858	0.8736	1.5951	0.6140	1.1919s	1.6663	0.5970	0.5516
0
0037	1.1587	0.8893	1.5839	0.6200	0.5987s	1.6570	0.5960	0.5498
0
0038	1.1310	0.8900	1.5700	0.6240	1.1633s	1.6468	0.5990	0.5509
0
0039	1.1096	0.8964	1.5563	0.6260	0.2468s	1.6350	0.6070	0.5493
0
0040	1.1107	0.8929	1.5462	0.6260	0.6855s	1.6263	0.6030	0.5446
0
0041	1.1026	0.9029	1.5406	0.6260	1.1558s	1.6231	0.6090	0.5517
0
0042	1.0692	0.9136	1.5384	0.6200	0.9447s	1.6210	0.6050	0.5503
0
0043	1.0597	0.9221	1.5375	0.6240	0.3586s	1.6202	0.6050	0.5512
0
0044	1.0570	0.9107	1.5348	0.6240	1.0285s	1.6147	0.6080	0.5566
0
0045	1.0602	0.9157	1.5281	0.6280	0.8181s	1.6057	0.6060	0.5561
0
0046	1.0383	0.9179	1.5190	0.6280	1.1147s	1.5951	0.6090	0.5617
0
0047	1.0199	0.9179	1.5062	0.6340	0.3449s	1.5852	0.6140	0.5637
0
0048	1.0292	0.9200	1.4976	0.6360	1.0603s	1.5803	0.6110	0.5631
0
0049	1.0173	0.9100	1.4920	0.6360	0.7059s	1.5771	0.6100	0.5588
0
0050	1.0207	0.9121	1.4914	0.6460	1.2522s	1.5780	0.6130	0.5635
0
0051	1.0038	0.9229	1.4952	0.6360	0.9825s	1.5819	0.6180	0.5694
0
0052	0.9969	0.9271	1.4982	0.6280	0.4959s	1.5828	0.6170	0.5689
1
0053	1.0020	0.9264	1.4958	0.6280	1.0962s	1.5762	0.6140	0.5578
2
0054	0.9935	0.9329	1.4905	0.6300	0.7084s	1.5677	0.6140	0.5561
3
0055	0.9934	0.9214	1.4854	0.6340	0.9736s	1.5608	0.6130	0.5616
0
0056	0.9883	0.9293	1.4799	0.6460	1.0939s	1.5573	0.6110	0.5640
0
0057	1.0029	0.9207	1.4749	0.6460	1.1395s	1.5567	0.6110	0.5634
0
0058	0.9706	0.9357	1.4705	0.6460	0.4522s	1.5557	0.6130	0.5624
0
0059	0.9904	0.9357	1.4687	0.6480	1.0337s	1.5542	0.6110	0.5619
0
0060	0.9582	0.9350	1.4700	0.6420	0.9382s	1.5543	0.6090	0.5569
0
0061	0.9829	0.9279	1.4712	0.6360	1.1751s	1.5539	0.6090	0.5560
1
0062	0.9720	0.9379	1.4716	0.6320	0.4175s	1.5541	0.6160	0.5649
2
0063	0.9595	0.9329	1.4694	0.6360	0.8933s	1.5534	0.6190	0.5720
3
0064	0.9624	0.9329	1.4644	0.6420	0.9322s	1.5509	0.6170	0.5727
4
0065	0.9524	0.9300	1.4563	0.6400	0.9768s	1.5446	0.6170	0.5749
0
0066	0.9623	0.9350	1.4484	0.6440	1.0047s	1.5371	0.6160	0.5751
0
0067	0.9667	0.9257	1.4420	0.6440	0.9014s	1.5325	0.6150	0.5698
0
0068	0.9854	0.9350	1.4390	0.6460	0.3739s	1.5303	0.6150	0.5648
0
0069	0.9710	0.9393	1.4413	0.6420	1.1435s	1.5299	0.6190	0.5734
0
0070	0.9443	0.9386	1.4437	0.6440	0.3039s	1.5295	0.6200	0.5763
1
0071	0.9548	0.9257	1.4447	0.6480	0.4226s	1.5292	0.6240	0.5808
2
0072	0.9664	0.9243	1.4416	0.6520	1.1297s	1.5273	0.6220	0.5775
0
0073	0.9401	0.9386	1.4344	0.6600	1.2289s	1.5236	0.6270	0.5836
0
0074	0.9458	0.9400	1.4273	0.6640	0.9076s	1.5191	0.6240	0.5799
0
0075	0.9519	0.9379	1.4218	0.6540	0.9053s	1.5125	0.6220	0.5779
0
0076	0.9471	0.9293	1.4203	0.6540	0.8871s	1.5094	0.6250	0.5816
0
0077	0.9510	0.9329	1.4240	0.6520	0.4098s	1.5098	0.6230	0.5804
0
0078	0.9396	0.9371	1.4272	0.6520	1.1511s	1.5113	0.6220	0.5812
1
0079	0.9347	0.9321	1.4273	0.6500	0.8852s	1.5120	0.6240	0.5822
2
0080	0.9516	0.9393	1.4242	0.6480	0.9671s	1.5089	0.6240	0.5806
3
0081	0.9509	0.9436	1.4204	0.6520	0.9530s	1.5034	0.6260	0.5803
4
0082	0.9444	0.9307	1.4180	0.6560	0.4122s	1.4971	0.6290	0.5862
5
0083	0.9297	0.9393	1.4197	0.6600	1.2088s	1.4952	0.6300	0.5887
0
0084	0.9398	0.9421	1.4212	0.6580	0.9424s	1.4972	0.6300	0.5925
1
0085	0.9459	0.9371	1.4208	0.6580	1.1215s	1.4966	0.6330	0.5954
2
0086	0.9501	0.9379	1.4201	0.6560	1.1750s	1.4969	0.6270	0.5871
3
0087	0.9392	0.9450	1.4155	0.6460	0.5527s	1.4947	0.6280	0.5876
4
0088	0.9284	0.9379	1.4095	0.6440	1.0027s	1.4894	0.6270	0.5838
0
0089	0.9544	0.9300	1.4067	0.6460	1.0628s	1.4850	0.6280	0.5838
0
0090	0.9457	0.9286	1.4067	0.6480	0.8750s	1.4843	0.6220	0.5787
0
0091	0.9316	0.9336	1.4067	0.6500	1.1327s	1.4849	0.6230	0.5802
0
0092	0.9318	0.9364	1.4050	0.6540	0.7017s	1.4856	0.6230	0.5791
0
0093	0.9254	0.9421	1.4026	0.6520	0.7120s	1.4867	0.6310	0.5850
0
0094	0.9196	0.9479	1.3985	0.6480	1.0284s	1.4865	0.6310	0.5867
0
0095	0.9208	0.9507	1.3967	0.6520	1.1329s	1.4846	0.6230	0.5795
0
0096	0.9262	0.9371	1.3946	0.6560	0.8241s	1.4823	0.6200	0.5763
0
0097	0.9117	0.9414	1.3926	0.6540	1.1963s	1.4813	0.6180	0.5787
0
0098	0.9137	0.9407	1.3928	0.6520	0.3744s	1.4808	0.6250	0.5842
0
0099	0.9340	0.9321	1.3922	0.6500	0.3919s	1.4791	0.6260	0.5828
1
0100	0.8995	0.9443	1.3891	0.6460	1.0656s	1.4751	0.6260	0.5845
0
0101	0.9148	0.9479	1.3840	0.6460	1.0236s	1.4717	0.6220	0.5792
0
0102	0.9444	0.9464	1.3835	0.6520	0.3393s	1.4704	0.6250	0.5842
0
0103	0.9432	0.9300	1.3862	0.6460	1.0426s	1.4718	0.6290	0.5848
0
0104	0.9184	0.9407	1.3890	0.6460	0.5917s	1.4735	0.6280	0.5774
1
0105	0.9157	0.9414	1.3935	0.6560	0.3463s	1.4776	0.6280	0.5763
2
0106	0.8855	0.9421	1.3933	0.6560	1.2124s	1.4765	0.6280	0.5844
3
0107	0.9135	0.9414	1.3907	0.6560	0.3092s	1.4721	0.6290	0.5861
4
0108	0.9093	0.9436	1.3848	0.6580	1.1137s	1.4688	0.6300	0.5866
5
0109	0.9084	0.9457	1.3811	0.6500	0.8352s	1.4675	0.6280	0.5841
6
0110	0.9162	0.9507	1.3805	0.6440	1.0605s	1.4679	0.6270	0.5839
0
0111	0.9027	0.9429	1.3795	0.6500	1.0786s	1.4689	0.6230	0.5781
0
0112	0.8892	0.9443	1.3784	0.6540	0.3211s	1.4692	0.6220	0.5753
0
0113	0.8900	0.9536	1.3762	0.6580	1.2664s	1.4680	0.6190	0.5737
0
0114	0.8813	0.9343	1.3773	0.6580	0.4024s	1.4667	0.6230	0.5792
0
0115	0.8887	0.9364	1.3782	0.6580	0.8067s	1.4656	0.6280	0.5850
1
0116	0.8961	0.9257	1.3806	0.6520	0.3913s	1.4669	0.6300	0.5871
2
0117	0.8973	0.9514	1.3840	0.6500	1.0973s	1.4717	0.6290	0.5860
3
0118	0.9075	0.9407	1.3867	0.6500	1.0102s	1.4737	0.6290	0.5856
4
0119	0.8982	0.9429	1.3840	0.6480	1.0982s	1.4734	0.6250	0.5826
5
0120	0.9000	0.9557	1.3781	0.6460	0.8930s	1.4729	0.6250	0.5828
6
0121	0.8843	0.9379	1.3716	0.6540	1.1540s	1.4689	0.6250	0.5832
7
0122	0.8885	0.9471	1.3675	0.6560	0.7081s	1.4671	0.6270	0.5838
0
0123	0.8720	0.9521	1.3643	0.6560	1.0004s	1.4654	0.6290	0.5877
0
0124	0.8747	0.9443	1.3643	0.6560	0.8575s	1.4676	0.6240	0.5813
0
0125	0.8667	0.9471	1.3660	0.6560	1.0901s	1.4711	0.6220	0.5743
0
0126	0.8838	0.9507	1.3684	0.6560	1.1217s	1.4737	0.6200	0.5712
1
0127	0.8819	0.9436	1.3688	0.6640	0.8812s	1.4738	0.6210	0.5746
2
0128	0.8954	0.9421	1.3680	0.6660	1.0074s	1.4706	0.6220	0.5764
0
0129	0.8841	0.9529	1.3670	0.6680	0.6136s	1.4655	0.6270	0.5836
0
0130	0.8666	0.9464	1.3668	0.6680	1.2175s	1.4620	0.6270	0.5785
0
0131	0.8736	0.9429	1.3646	0.6660	0.5384s	1.4598	0.6280	0.5819
0
0132	0.8777	0.9471	1.3619	0.6620	0.4923s	1.4597	0.6350	0.5906
1
0133	0.8778	0.9471	1.3617	0.6580	0.2622s	1.4643	0.6290	0.5830
0
0134	0.8750	0.9386	1.3636	0.6540	1.0845s	1.4691	0.6270	0.5818
0
0135	0.8761	0.9514	1.3636	0.6480	0.3460s	1.4691	0.6240	0.5799
1
0136	0.8724	0.9486	1.3621	0.6480	1.0881s	1.4656	0.6260	0.5826
2
0137	0.8731	0.9400	1.3602	0.6540	1.1354s	1.4599	0.6270	0.5799
3
0138	0.8781	0.9421	1.3602	0.6600	1.0159s	1.4537	0.6210	0.5735
0
0139	0.8796	0.9486	1.3613	0.6540	0.9342s	1.4516	0.6230	0.5740
1
0140	0.8804	0.9386	1.3628	0.6600	0.9965s	1.4526	0.6280	0.5769
2
0141	0.8725	0.9371	1.3622	0.6540	1.0357s	1.4548	0.6290	0.5833
3
0142	0.8583	0.9500	1.3628	0.6620	1.1854s	1.4593	0.6240	0.5803
4
0143	0.8674	0.9479	1.3651	0.6620	0.9654s	1.4647	0.6230	0.5793
5
0144	0.8772	0.9457	1.3662	0.6640	1.0333s	1.4673	0.6210	0.5743
6
0145	0.8635	0.9421	1.3651	0.6640	0.9905s	1.4666	0.6230	0.5793
7
0146	0.8548	0.9514	1.3652	0.6600	0.4818s	1.4641	0.6200	0.5756
8
0147	0.8662	0.9507	1.3626	0.6580	1.0207s	1.4582	0.6250	0.5782
9
0148	0.8739	0.9443	1.3601	0.6560	0.6156s	1.4528	0.6270	0.5799
10
0149	0.8981	0.9436	1.3598	0.6560	1.0800s	1.4531	0.6260	0.5817
0
0150	0.8873	0.9507	1.3582	0.6620	0.9834s	1.4530	0.6280	0.5834
0
0151	0.8762	0.9493	1.3533	0.6600	1.1586s	1.4522	0.6270	0.5803
0
0152	0.8726	0.9443	1.3528	0.6660	0.9978s	1.4561	0.6240	0.5762
0
0153	0.8684	0.9407	1.3571	0.6660	1.0310s	1.4600	0.6250	0.5794
0
0154	0.8703	0.9471	1.3633	0.6640	0.3350s	1.4631	0.6300	0.5900
1
0155	0.8760	0.9421	1.3626	0.6540	1.1517s	1.4622	0.6260	0.5853
2
0156	0.8603	0.9521	1.3598	0.6580	0.9515s	1.4584	0.6220	0.5815
3
0157	0.8778	0.9479	1.3557	0.6580	0.9771s	1.4566	0.6220	0.5784
4
0158	0.8636	0.9371	1.3535	0.6600	1.0816s	1.4557	0.6230	0.5790
5
0159	0.8650	0.9457	1.3532	0.6640	0.8223s	1.4581	0.6260	0.5810
6
0160	0.8724	0.9457	1.3574	0.6640	0.9293s	1.4630	0.6310	0.5820
7
0161	0.8813	0.9450	1.3616	0.6600	0.9797s	1.4666	0.6280	0.5790
8
0162	0.8779	0.9521	1.3637	0.6540	0.9262s	1.4649	0.6220	0.5751
9
0163	0.8702	0.9600	1.3662	0.6600	0.8443s	1.4640	0.6230	0.5833
10
0164	0.8529	0.9471	1.3642	0.6560	1.0090s	1.4652	0.6310	0.5907
11
0165	0.8591	0.9421	1.3574	0.6600	1.0204s	1.4663	0.6300	0.5895
12
0166	0.8556	0.9479	1.3534	0.6600	0.8190s	1.4667	0.6260	0.5851
13
0167	0.8592	0.9621	1.3563	0.6580	1.0706s	1.4672	0.6230	0.5816
14
0168	0.8567	0.9464	1.3618	0.6560	0.5622s	1.4661	0.6250	0.5862
15
0169	0.8746	0.9543	1.3679	0.6620	1.1224s	1.4671	0.6240	0.5781
16
0170	0.8653	0.9414	1.3688	0.6560	0.4977s	1.4661	0.6250	0.5818
17
0171	0.8610	0.9464	1.3638	0.6580	1.0932s	1.4651	0.6250	0.5838
18
0172	0.8540	0.9479	1.3584	0.6540	0.4023s	1.4637	0.6270	0.5860
19
0173	0.8701	0.9557	1.3525	0.6600	0.3563s	1.4616	0.6280	0.5875
20
0174	0.8712	0.9500	1.3545	0.6620	1.0811s	1.4607	0.6310	0.5883
0
0175	0.8560	0.9414	1.3595	0.6640	0.3764s	1.4615	0.6250	0.5806
1
0176	0.8743	0.9464	1.3661	0.6520	0.9834s	1.4654	0.6250	0.5815
2
0177	0.8849	0.9486	1.3700	0.6480	0.9679s	1.4684	0.6170	0.5742
3
0178	0.8726	0.9479	1.3700	0.6500	1.0009s	1.4708	0.6130	0.5688
4
0179	0.8631	0.9500	1.3669	0.6460	0.9840s	1.4699	0.6170	0.5733
5
0180	0.8526	0.9500	1.3596	0.6480	0.4604s	1.4611	0.6230	0.5808
6
0181	0.8689	0.9443	1.3532	0.6520	1.1817s	1.4517	0.6290	0.5873
7
0182	0.8601	0.9521	1.3496	0.6560	0.9559s	1.4442	0.6360	0.5960
8
0183	0.8585	0.9550	1.3486	0.6660	1.0521s	1.4423	0.6320	0.5949
0
0184	0.8531	0.9529	1.3516	0.6600	0.3413s	1.4479	0.6330	0.5961
0
0185	0.8578	0.9521	1.3551	0.6600	1.0017s	1.4575	0.6310	0.5904
1
0186	0.8570	0.9436	1.3581	0.6600	0.2715s	1.4635	0.6210	0.5792
2
0187	0.8567	0.9543	1.3624	0.6580	0.5389s	1.4664	0.6240	0.5828
3
0188	0.8544	0.9514	1.3628	0.6640	1.1005s	1.4617	0.6270	0.5833
4
0189	0.8538	0.9471	1.3604	0.6560	0.9311s	1.4568	0.6290	0.5844
5
0190	0.8679	0.9493	1.3582	0.6520	0.7725s	1.4524	0.6310	0.5815
6
0191	0.8598	0.9479	1.3603	0.6560	0.8925s	1.4546	0.6310	0.5830
7
0192	0.8603	0.9436	1.3615	0.6620	0.8397s	1.4586	0.6300	0.5821
8
0193	0.8461	0.9479	1.3654	0.6640	1.0880s	1.4641	0.6270	0.5801
9
0194	0.8677	0.9479	1.3653	0.6620	1.2020s	1.4652	0.6310	0.5818
10
0195	0.8609	0.9550	1.3633	0.6620	0.8263s	1.4628	0.6250	0.5813
11
0196	0.8706	0.9486	1.3595	0.6540	1.0245s	1.4603	0.6230	0.5787
12
0197	0.8559	0.9579	1.3582	0.6620	0.6219s	1.4583	0.6230	0.5790
13
0198	0.8483	0.9514	1.3588	0.6580	1.0015s	1.4598	0.6220	0.5773
14
0199	0.8501	0.9507	1.3619	0.6600	0.3065s	1.4626	0.6260	0.5867
15
0200	0.8419	0.9543	1.3667	0.6580	1.2764s	1.4658	0.6290	0.5819
16
0201	0.8679	0.9364	1.3682	0.6520	0.9200s	1.4669	0.6240	0.5779
17
0202	0.8385	0.9586	1.3643	0.6560	1.0338s	1.4654	0.6240	0.5722
18
0203	0.8504	0.9493	1.3574	0.6600	0.9518s	1.4636	0.6230	0.5671
19
0204	0.8575	0.9564	1.3503	0.6600	1.0716s	1.4605	0.6210	0.5767
20
0205	0.8601	0.9479	1.3473	0.6620	1.0960s	1.4571	0.6250	0.5845
21
0206	0.8597	0.9529	1.3506	0.6620	0.9688s	1.4579	0.6270	0.5833
0
0207	0.8513	0.9457	1.3573	0.6520	1.0739s	1.4617	0.6220	0.5790
1
0208	0.8583	0.9586	1.3610	0.6480	0.7331s	1.4636	0.6220	0.5787
2
0209	0.8653	0.9479	1.3588	0.6480	0.9737s	1.4617	0.6210	0.5763
3
0210	0.8518	0.9600	1.3547	0.6480	0.9638s	1.4584	0.6240	0.5817
4
0211	0.8582	0.9450	1.3506	0.6520	1.1322s	1.4546	0.6230	0.5805
5
0212	0.8564	0.9479	1.3476	0.6580	0.7410s	1.4530	0.6260	0.5827
6
0213	0.8638	0.9457	1.3492	0.6640	1.0569s	1.4543	0.6270	0.5819
7
0214	0.8561	0.9571	1.3521	0.6640	0.8292s	1.4572	0.6240	0.5788
8
0215	0.8550	0.9464	1.3543	0.6660	1.1090s	1.4612	0.6220	0.5785
9
0216	0.8541	0.9507	1.3542	0.6600	0.3582s	1.4635	0.6260	0.5842
10
0217	0.8632	0.9514	1.3538	0.6580	1.0580s	1.4634	0.6200	0.5651
11
0218	0.8605	0.9407	1.3537	0.6500	0.5917s	1.4594	0.6210	0.5700
12
0219	0.8660	0.9507	1.3544	0.6560	0.2995s	1.4557	0.6230	0.5729
13
0220	0.8538	0.9471	1.3557	0.6660	1.1252s	1.4536	0.6250	0.5833
14
0221	0.8639	0.9514	1.3589	0.6700	0.7539s	1.4549	0.6250	0.5825
15
0222	0.8503	0.9507	1.3579	0.6700	1.2070s	1.4556	0.6240	0.5767
0
0223	0.8484	0.9386	1.3556	0.6720	0.2706s	1.4568	0.6230	0.5759
0
0224	0.8403	0.9521	1.3544	0.6660	1.1011s	1.4585	0.6260	0.5804
0
0225	0.8441	0.9507	1.3531	0.6600	0.5772s	1.4607	0.6230	0.5803
1
0226	0.8425	0.9514	1.3515	0.6640	0.2651s	1.4620	0.6170	0.5643
2
0227	0.8692	0.9407	1.3528	0.6640	1.0686s	1.4616	0.6190	0.5664
3
0228	0.8660	0.9457	1.3557	0.6580	0.4087s	1.4602	0.6220	0.5726
4
0229	0.8596	0.9536	1.3578	0.6620	0.9252s	1.4587	0.6240	0.5837
5
0230	0.8625	0.9507	1.3603	0.6720	1.0344s	1.4582	0.6290	0.5915
6
0231	0.8461	0.9486	1.3605	0.6760	0.9685s	1.4574	0.6300	0.5923
0
0232	0.8577	0.9507	1.3578	0.6660	1.0356s	1.4578	0.6280	0.5872
0
0233	0.8561	0.9514	1.3551	0.6660	1.0118s	1.4600	0.6220	0.5746
1
0234	0.8752	0.9450	1.3538	0.6580	0.8598s	1.4630	0.6220	0.5758
2
0235	0.8613	0.9550	1.3516	0.6560	1.0559s	1.4642	0.6190	0.5738
3
0236	0.8589	0.9543	1.3483	0.6580	0.6935s	1.4621	0.6250	0.5811
4
0237	0.8510	0.9393	1.3512	0.6600	1.0993s	1.4632	0.6280	0.5905
5
0238	0.8378	0.9536	1.3538	0.6540	0.2831s	1.4641	0.6290	0.5901
6
0239	0.8579	0.9436	1.3586	0.6560	1.0151s	1.4644	0.6270	0.5861
7
0240	0.8486	0.9536	1.3603	0.6540	1.0977s	1.4629	0.6240	0.5801
8
0241	0.8560	0.9507	1.3588	0.6600	1.1153s	1.4648	0.6240	0.5723
9
0242	0.8466	0.9464	1.3575	0.6660	0.9921s	1.4666	0.6220	0.5686
10
0243	0.8811	0.9429	1.3581	0.6600	0.9263s	1.4679	0.6200	0.5660
11
0244	0.8453	0.9536	1.3561	0.6540	0.9026s	1.4661	0.6250	0.5708
12
0245	0.8634	0.9421	1.3543	0.6580	1.1684s	1.4602	0.6240	0.5757
13
0246	0.8516	0.9529	1.3524	0.6620	0.6885s	1.4563	0.6270	0.5713
14
0247	0.8473	0.9557	1.3513	0.6580	1.2421s	1.4539	0.6310	0.5789
15
0248	0.8566	0.9536	1.3520	0.6580	0.3607s	1.4551	0.6320	0.5799
16
0249	0.8589	0.9364	1.3553	0.6600	0.4444s	1.4575	0.6280	0.5784
17
0250	0.8536	0.9450	1.3633	0.6560	1.0064s	1.4647	0.6230	0.5736
18
0251	0.8314	0.9536	1.3715	0.6600	1.1077s	1.4705	0.6260	0.5844
19
0252	0.8591	0.9421	1.3707	0.6620	0.8857s	1.4681	0.6260	0.5825
20
0253	0.8583	0.9500	1.3630	0.6560	0.8602s	1.4587	0.6280	0.5838
21
0254	0.8639	0.9429	1.3590	0.6540	1.0529s	1.4535	0.6320	0.5838
22
0255	0.8572	0.9436	1.3544	0.6480	0.9603s	1.4513	0.6320	0.5842
23
0256	0.8629	0.9479	1.3513	0.6460	0.8615s	1.4514	0.6310	0.5773
24
0257	0.8597	0.9429	1.3531	0.6480	0.9714s	1.4562	0.6280	0.5767
25
0258	0.8361	0.9479	1.3576	0.6560	1.0375s	1.4615	0.6250	0.5737
26
0259	0.8633	0.9471	1.3603	0.6620	0.8744s	1.4642	0.6210	0.5699
27
0260	0.8503	0.9507	1.3608	0.6660	0.9708s	1.4634	0.6220	0.5683
28
0261	0.8558	0.9493	1.3604	0.6640	0.9800s	1.4629	0.6220	0.5641
29
0262	0.8514	0.9407	1.3586	0.6660	1.1292s	1.4615	0.6240	0.5673
30
0263	0.8502	0.9493	1.3560	0.6660	0.3567s	1.4606	0.6240	0.5768
31
0264	0.8556	0.9557	1.3532	0.6620	1.1718s	1.4597	0.6230	0.5773
32
0265	0.8629	0.9586	1.3508	0.6580	0.3817s	1.4594	0.6230	0.5706
33
0266	0.8511	0.9536	1.3520	0.6600	0.9398s	1.4602	0.6170	0.5720
34
0267	0.8496	0.9457	1.3522	0.6520	0.5562s	1.4606	0.6190	0.5727
35
0268	0.8512	0.9529	1.3567	0.6540	1.1376s	1.4624	0.6210	0.5770
36
0269	0.8512	0.9364	1.3617	0.6620	0.3435s	1.4644	0.6270	0.5826
37
0270	0.8425	0.9450	1.3611	0.6660	1.0494s	1.4624	0.6280	0.5785
38
0271	0.8693	0.9407	1.3577	0.6600	0.8793s	1.4595	0.6260	0.5764
39
0272	0.8436	0.9521	1.3546	0.6580	0.5520s	1.4580	0.6260	0.5751
40
0273	0.8451	0.9443	1.3532	0.6500	1.0806s	1.4589	0.6260	0.5745
41
0274	0.8407	0.9529	1.3520	0.6500	0.2763s	1.4605	0.6220	0.5692
42
0275	0.8592	0.9471	1.3539	0.6540	1.0527s	1.4626	0.6260	0.5830
43
0276	0.8400	0.9621	1.3552	0.6500	0.8975s	1.4622	0.6260	0.5817
44
0277	0.8412	0.9550	1.3540	0.6520	0.2592s	1.4580	0.6290	0.5857
45
0278	0.8496	0.9507	1.3548	0.6540	1.1400s	1.4554	0.6260	0.5818
46
0279	0.8479	0.9543	1.3554	0.6540	0.9434s	1.4561	0.6230	0.5737
47
0280	0.8533	0.9529	1.3566	0.6580	0.8460s	1.4599	0.6240	0.5762
48
0281	0.8590	0.9493	1.3564	0.6660	1.0733s	1.4639	0.6200	0.5726
49
0282	0.8455	0.9471	1.3549	0.6660	1.0723s	1.4683	0.6210	0.5748
50
0283	0.8615	0.9557	1.3574	0.6660	0.2822s	1.4718	0.6240	0.5779
51
0284	0.8586	0.9457	1.3577	0.6580	1.0408s	1.4701	0.6300	0.5854
52
0285	0.8658	0.9529	1.3561	0.6600	1.0770s	1.4647	0.6290	0.5826
53
0286	0.8509	0.9450	1.3505	0.6640	0.8582s	1.4571	0.6280	0.5821
54
0287	0.8673	0.9550	1.3479	0.6640	0.3048s	1.4530	0.6270	0.5814
55
0288	0.8599	0.9436	1.3480	0.6580	1.2141s	1.4537	0.6240	0.5795
56
0289	0.8527	0.9429	1.3481	0.6580	0.8356s	1.4569	0.6230	0.5764
57
0290	0.8451	0.9500	1.3491	0.6620	0.9632s	1.4616	0.6240	0.5730
58
0291	0.8417	0.9529	1.3501	0.6600	0.8975s	1.4620	0.6240	0.5724
59
0292	0.8535	0.9471	1.3508	0.6560	1.1204s	1.4623	0.6260	0.5765
60
0293	0.8363	0.9543	1.3494	0.6540	0.4474s	1.4608	0.6280	0.5785
61
0294	0.8530	0.9564	1.3489	0.6540	0.7284s	1.4593	0.6300	0.5778
62
0295	0.8497	0.9514	1.3498	0.6580	1.1157s	1.4583	0.6290	0.5797
63
0296	0.8358	0.9471	1.3527	0.6640	0.9349s	1.4574	0.6270	0.5798
64
0297	0.8507	0.9571	1.3550	0.6620	0.9875s	1.4596	0.6270	0.5796
65
0298	0.8441	0.9486	1.3547	0.6580	0.3516s	1.4618	0.6280	0.5802
66
0299	0.8321	0.9564	1.3512	0.6580	0.7759s	1.4616	0.6320	0.5829
67
0300	0.8522	0.9550	1.3443	0.6580	0.5113s	1.4572	0.6330	0.5869
68
0301	0.8514	0.9593	1.3394	0.6600	0.9306s	1.4531	0.6320	0.5870
0
0302	0.8499	0.9429	1.3377	0.6620	0.6591s	1.4519	0.6310	0.5865
0
0303	0.8409	0.9514	1.3395	0.6620	0.9059s	1.4518	0.6260	0.5790
0
0304	0.8649	0.9443	1.3431	0.6580	0.8588s	1.4527	0.6220	0.5752
1
0305	0.8377	0.9529	1.3465	0.6580	0.9513s	1.4545	0.6240	0.5714
2
0306	0.8277	0.9493	1.3476	0.6600	1.4695s	1.4557	0.6240	0.5721
3
0307	0.8529	0.9521	1.3465	0.6640	1.7782s	1.4566	0.6270	0.5748
4
0308	0.8676	0.9514	1.3419	0.6640	1.5257s	1.4551	0.6260	0.5751
5
0309	0.8553	0.9479	1.3383	0.6620	1.5989s	1.4532	0.6240	0.5733
6
0310	0.8592	0.9471	1.3401	0.6560	1.6771s	1.4538	0.6250	0.5728
7
0311	0.8467	0.9514	1.3490	0.6640	1.7711s	1.4578	0.6230	0.5734
8
0312	0.8459	0.9429	1.3583	0.6560	1.4322s	1.4609	0.6230	0.5749
9
0313	0.8460	0.9436	1.3634	0.6560	1.2411s	1.4621	0.6180	0.5686
10
0314	0.8420	0.9514	1.3605	0.6660	0.8517s	1.4588	0.6220	0.5788
11
0315	0.8572	0.9507	1.3552	0.6640	0.7301s	1.4559	0.6220	0.5763
12
0316	0.8518	0.9543	1.3506	0.6680	0.6503s	1.4546	0.6260	0.5794
13
0317	0.8574	0.9507	1.3455	0.6640	0.2821s	1.4543	0.6260	0.5815
14
0318	0.8575	0.9471	1.3441	0.6560	0.6433s	1.4537	0.6270	0.5798
15
0319	0.8531	0.9486	1.3464	0.6520	0.5715s	1.4555	0.6310	0.5853
16
0320	0.8616	0.9450	1.3495	0.6520	0.3083s	1.4580	0.6290	0.5824
17
0321	0.8450	0.9507	1.3503	0.6440	0.3157s	1.4571	0.6280	0.5843
18
0322	0.8374	0.9421	1.3503	0.6520	0.8851s	1.4556	0.6290	0.5885
19
0323	0.8551	0.9479	1.3536	0.6540	0.4496s	1.4567	0.6290	0.5866
20
0324	0.8639	0.9507	1.3568	0.6600	0.4240s	1.4593	0.6250	0.5788
21
0325	0.8483	0.9479	1.3579	0.6600	0.8024s	1.4586	0.6190	0.5729
22
0326	0.8503	0.9514	1.3576	0.6600	0.4038s	1.4542	0.6230	0.5745
23
0327	0.8303	0.9571	1.3509	0.6580	0.7847s	1.4505	0.6260	0.5804
24
0328	0.8512	0.9521	1.3475	0.6560	1.1395s	1.4511	0.6290	0.5824
25
0329	0.8428	0.9486	1.3490	0.6600	0.9922s	1.4552	0.6280	0.5810
26
0330	0.8426	0.9571	1.3532	0.6580	0.9776s	1.4617	0.6300	0.5797
27
0331	0.8512	0.9500	1.3609	0.6560	0.9162s	1.4677	0.6290	0.5788
28
0332	0.8531	0.9450	1.3638	0.6540	0.9561s	1.4666	0.6270	0.5746
29
0333	0.8482	0.9536	1.3591	0.6600	0.2964s	1.4589	0.6250	0.5681
30
0334	0.8594	0.9529	1.3554	0.6640	1.1820s	1.4532	0.6290	0.5734
31
0335	0.8460	0.9393	1.3550	0.6560	0.9029s	1.4525	0.6300	0.5762
32
0336	0.8511	0.9393	1.3518	0.6560	1.2084s	1.4512	0.6320	0.5851
33
0337	0.8561	0.9486	1.3500	0.6620	0.2918s	1.4568	0.6310	0.5795
34
0338	0.8511	0.9479	1.3513	0.6580	1.2064s	1.4616	0.6280	0.5752
35
0339	0.8449	0.9593	1.3538	0.6620	1.0010s	1.4658	0.6250	0.5700
36
0340	0.8282	0.9486	1.3564	0.6640	1.0096s	1.4659	0.6180	0.5686
37
0341	0.8495	0.9436	1.3599	0.6600	0.3003s	1.4641	0.6210	0.5758
38
0342	0.8511	0.9421	1.3574	0.6640	0.8893s	1.4589	0.6230	0.5802
39
0343	0.8357	0.9486	1.3522	0.6620	0.5448s	1.4544	0.6220	0.5768
40
0344	0.8429	0.9536	1.3478	0.6620	0.8121s	1.4528	0.6190	0.5729
41
0345	0.8557	0.9486	1.3440	0.6620	1.1388s	1.4534	0.6200	0.5711
42
0346	0.8272	0.9514	1.3449	0.6620	0.2578s	1.4574	0.6180	0.5701
43
0347	0.8521	0.9486	1.3507	0.6600	0.9014s	1.4619	0.6180	0.5645
44
0348	0.8394	0.9464	1.3578	0.6540	0.9967s	1.4682	0.6200	0.5653
45
0349	0.8567	0.9514	1.3615	0.6560	1.1480s	1.4709	0.6180	0.5647
46
0350	0.8396	0.9421	1.3602	0.6540	0.8720s	1.4687	0.6170	0.5741
47
0351	0.8487	0.9536	1.3575	0.6560	1.1022s	1.4650	0.6170	0.5752
48
0352	0.8413	0.9514	1.3539	0.6560	0.2657s	1.4603	0.6170	0.5739
49
0353	0.8538	0.9464	1.3535	0.6500	0.9548s	1.4579	0.6190	0.5763
50
0354	0.8571	0.9521	1.3547	0.6520	0.8234s	1.4578	0.6270	0.5879
51
0355	0.8448	0.9479	1.3565	0.6580	1.0867s	1.4605	0.6250	0.5742
52
0356	0.8474	0.9479	1.3588	0.6600	1.0556s	1.4619	0.6240	0.5752
53
0357	0.8357	0.9500	1.3619	0.6600	0.9615s	1.4642	0.6220	0.5706
54
0358	0.8441	0.9443	1.3624	0.6600	0.9238s	1.4650	0.6210	0.5691
55
0359	0.8476	0.9414	1.3606	0.6620	1.2024s	1.4646	0.6220	0.5721
56
0360	0.8345	0.9471	1.3552	0.6620	0.9621s	1.4610	0.6230	0.5817
57
0361	0.8647	0.9486	1.3542	0.6580	1.0129s	1.4589	0.6250	0.5838
58
0362	0.8518	0.9500	1.3565	0.6520	0.8792s	1.4608	0.6230	0.5812
59
0363	0.8532	0.9500	1.3608	0.6520	1.0304s	1.4633	0.6230	0.5815
60
0364	0.8500	0.9543	1.3663	0.6580	1.0092s	1.4664	0.6230	0.5820
61
0365	0.8390	0.9464	1.3678	0.6560	1.3366s	1.4664	0.6200	0.5737
62
0366	0.8398	0.9414	1.3627	0.6600	0.5774s	1.4635	0.6220	0.5740
63
0367	0.8328	0.9521	1.3556	0.6620	0.2799s	1.4585	0.6240	0.5774
64
0368	0.8523	0.9436	1.3517	0.6580	1.0147s	1.4544	0.6230	0.5726
65
0369	0.8446	0.9500	1.3483	0.6600	1.0622s	1.4501	0.6280	0.5782
66
0370	0.8472	0.9450	1.3489	0.6580	1.0986s	1.4501	0.6240	0.5718
67
0371	0.8381	0.9536	1.3526	0.6600	0.9489s	1.4559	0.6160	0.5589
68
0372	0.8516	0.9521	1.3561	0.6560	0.9419s	1.4600	0.6220	0.5636
69
0373	0.8417	0.9550	1.3561	0.6520	0.2936s	1.4611	0.6250	0.5678
70
0374	0.8298	0.9493	1.3510	0.6580	1.1051s	1.4586	0.6260	0.5682
71
0375	0.8479	0.9564	1.3492	0.6620	0.5310s	1.4576	0.6280	0.5752
72
0376	0.8661	0.9393	1.3504	0.6640	0.2816s	1.4569	0.6280	0.5791
73
0377	0.8311	0.9493	1.3559	0.6660	1.0689s	1.4588	0.6190	0.5784
74
0378	0.8382	0.9593	1.3620	0.6680	0.4772s	1.4619	0.6200	0.5779
75
0379	0.8561	0.9543	1.3641	0.6660	0.9098s	1.4614	0.6210	0.5770
76
0380	0.8432	0.9621	1.3613	0.6620	1.0962s	1.4621	0.6250	0.5686
77
0381	0.8544	0.9486	1.3579	0.6580	1.1797s	1.4643	0.6250	0.5636
78
0382	0.8482	0.9521	1.3517	0.6580	0.7422s	1.4618	0.6210	0.5611
79
0383	0.8659	0.9614	1.3463	0.6640	0.9881s	1.4574	0.6240	0.5633
80
0384	0.8538	0.9586	1.3466	0.6600	0.5458s	1.4549	0.6280	0.5708
81
0385	0.8462	0.9550	1.3488	0.6620	0.9065s	1.4534	0.6270	0.5850
82
0386	0.8514	0.9571	1.3520	0.6620	0.7433s	1.4535	0.6210	0.5789
83
0387	0.8380	0.9600	1.3549	0.6680	0.6590s	1.4571	0.6250	0.5826
84
0388	0.8430	0.9571	1.3556	0.6640	1.0713s	1.4605	0.6290	0.5841
85
0389	0.8343	0.9571	1.3536	0.6620	0.9717s	1.4634	0.6240	0.5671
86
0390	0.8444	0.9400	1.3501	0.6660	0.7818s	1.4632	0.6200	0.5597
87
0391	0.8329	0.9607	1.3489	0.6620	0.3809s	1.4610	0.6210	0.5623
88
0392	0.8550	0.9407	1.3502	0.6620	1.2112s	1.4584	0.6250	0.5703
89
0393	0.8383	0.9521	1.3515	0.6640	0.2871s	1.4550	0.6270	0.5709
90
0394	0.8483	0.9464	1.3521	0.6540	0.7381s	1.4537	0.6310	0.5884
91
0395	0.8242	0.9543	1.3535	0.6580	0.9901s	1.4565	0.6330	0.5876
92
0396	0.8327	0.9571	1.3546	0.6540	0.7546s	1.4593	0.6280	0.5835
93
0397	0.8536	0.9521	1.3539	0.6580	0.9944s	1.4582	0.6260	0.5829
94
0398	0.8624	0.9436	1.3531	0.6580	0.3517s	1.4541	0.6260	0.5857
95
0399	0.8322	0.9550	1.3535	0.6540	1.0965s	1.4537	0.6260	0.5862
96
0400	0.8448	0.9529	1.3548	0.6620	0.7057s	1.4543	0.6330	0.5958
97
0401	0.8549	0.9429	1.3534	0.6620	1.1359s	1.4566	0.6320	0.5852
98
0402	0.8549	0.9493	1.3530	0.6640	0.4062s	1.4594	0.6270	0.5750
99
0403	0.8360	0.9529	1.3535	0.6640	0.2588s	1.4621	0.6310	0.5772
100
0404	0.8573	0.9486	1.3554	0.6640	0.8167s	1.4636	0.6240	0.5744
101
0405	0.8556	0.9471	1.3557	0.6560	0.8493s	1.4603	0.6260	0.5819
102
0406	0.8478	0.9500	1.3532	0.6580	0.9833s	1.4525	0.6290	0.5858
103
0407	0.8487	0.9450	1.3482	0.6660	0.2928s	1.4454	0.6330	0.5893
104
0408	0.8387	0.9500	1.3458	0.6640	1.1890s	1.4421	0.6340	0.5923
105
0409	0.8361	0.9607	1.3461	0.6640	0.3416s	1.4443	0.6310	0.5857
106
0410	0.8533	0.9500	1.3451	0.6680	0.6821s	1.4462	0.6340	0.5896
107
0411	0.8403	0.9486	1.3466	0.6700	0.8356s	1.4481	0.6340	0.5896
108
0412	0.8418	0.9500	1.3504	0.6740	1.0599s	1.4514	0.6340	0.5880
109
0413	0.8514	0.9479	1.3566	0.6620	0.3114s	1.4580	0.6300	0.5855
110
0414	0.8449	0.9543	1.3606	0.6620	0.9691s	1.4638	0.6280	0.5733
111
0415	0.8534	0.9607	1.3598	0.6640	1.0200s	1.4643	0.6210	0.5638
112
0416	0.8462	0.9529	1.3584	0.6680	1.2537s	1.4637	0.6230	0.5688
113
0417	0.8538	0.9593	1.3569	0.6620	0.8095s	1.4624	0.6210	0.5677
114
0418	0.8588	0.9521	1.3536	0.6660	0.7528s	1.4581	0.6270	0.5723
115
0419	0.8595	0.9593	1.3479	0.6680	0.8814s	1.4515	0.6290	0.5832
116
0420	0.8434	0.9543	1.3439	0.6660	0.8361s	1.4472	0.6340	0.5886
117
0421	0.8452	0.9536	1.3427	0.6660	1.0183s	1.4489	0.6310	0.5848
118
0422	0.8358	0.9471	1.3427	0.6580	1.0664s	1.4539	0.6270	0.5820
119
0423	0.8452	0.9579	1.3438	0.6600	0.7719s	1.4565	0.6280	0.5831
120
0424	0.8469	0.9564	1.3465	0.6580	1.0725s	1.4594	0.6210	0.5753
121
0425	0.8395	0.9479	1.3493	0.6620	0.9491s	1.4610	0.6170	0.5692
122
0426	0.8478	0.9457	1.3498	0.6620	1.2195s	1.4589	0.6190	0.5715
123
0427	0.8476	0.9529	1.3511	0.6640	0.3228s	1.4566	0.6210	0.5673
124
0428	0.8453	0.9571	1.3533	0.6660	0.4924s	1.4570	0.6240	0.5770
125
0429	0.8404	0.9521	1.3548	0.6660	1.1300s	1.4574	0.6270	0.5797
126
0430	0.8392	0.9536	1.3554	0.6660	0.7618s	1.4578	0.6270	0.5782
127
0431	0.8404	0.9493	1.3565	0.6660	1.1596s	1.4568	0.6320	0.5847
128
0432	0.8502	0.9557	1.3543	0.6660	0.9443s	1.4546	0.6310	0.5831
129
0433	0.8521	0.9536	1.3547	0.6680	0.8875s	1.4565	0.6270	0.5850
130
0434	0.8528	0.9543	1.3568	0.6580	0.5243s	1.4593	0.6280	0.5859
131
0435	0.8403	0.9614	1.3601	0.6560	0.8358s	1.4637	0.6250	0.5780
132
0436	0.8455	0.9636	1.3634	0.6620	1.0226s	1.4678	0.6270	0.5788
133
0437	0.8473	0.9564	1.3645	0.6560	1.0216s	1.4714	0.6250	0.5753
134
0438	0.8289	0.9514	1.3631	0.6580	1.0325s	1.4712	0.6240	0.5725
135
0439	0.8408	0.9514	1.3556	0.6620	0.3924s	1.4665	0.6270	0.5761
136
0440	0.8169	0.9536	1.3503	0.6660	0.9313s	1.4611	0.6250	0.5692
137
0441	0.8392	0.9386	1.3496	0.6660	1.0414s	1.4585	0.6260	0.5710
138
0442	0.8603	0.9493	1.3508	0.6620	0.9754s	1.4551	0.6220	0.5703
139
0443	0.8534	0.9536	1.3537	0.6620	0.7942s	1.4547	0.6230	0.5743
140
0444	0.8462	0.9514	1.3572	0.6580	1.0251s	1.4552	0.6200	0.5712
141
0445	0.8257	0.9600	1.3577	0.6560	0.8821s	1.4566	0.6170	0.5689
142
0446	0.8498	0.9543	1.3553	0.6580	0.6789s	1.4612	0.6160	0.5633
143
0447	0.8506	0.9529	1.3524	0.6580	1.1486s	1.4625	0.6160	0.5631
144
0448	0.8582	0.9571	1.3514	0.6580	0.8087s	1.4614	0.6180	0.5641
145
0449	0.8410	0.9614	1.3518	0.6580	0.9568s	1.4583	0.6210	0.5662
146
0450	0.8545	0.9557	1.3541	0.6640	0.2596s	1.4566	0.6270	0.5743
147
0451	0.8486	0.9443	1.3540	0.6640	1.0179s	1.4542	0.6290	0.5872
148
0452	0.8505	0.9450	1.3535	0.6640	0.9349s	1.4550	0.6290	0.5890
149
0453	0.8531	0.9514	1.3525	0.6580	1.2575s	1.4555	0.6240	0.5797
150
0454	0.8356	0.9514	1.3524	0.6580	0.8248s	1.4557	0.6190	0.5739
151
0455	0.8425	0.9407	1.3529	0.6580	1.0734s	1.4578	0.6170	0.5627
152
0456	0.8210	0.9571	1.3549	0.6520	0.6740s	1.4617	0.6170	0.5633
153
0457	0.8515	0.9514	1.3524	0.6580	1.0344s	1.4623	0.6180	0.5657
154
0458	0.8463	0.9536	1.3486	0.6640	0.3974s	1.4611	0.6180	0.5641
155
0459	0.8417	0.9429	1.3438	0.6640	1.1995s	1.4576	0.6230	0.5718
156
0460	0.8359	0.9614	1.3410	0.6580	0.6080s	1.4565	0.6210	0.5708
157
0461	0.8474	0.9536	1.3427	0.6620	0.2658s	1.4578	0.6200	0.5689
158
0462	0.8419	0.9529	1.3474	0.6580	1.1839s	1.4599	0.6180	0.5655
159
0463	0.8542	0.9479	1.3504	0.6600	0.7704s	1.4591	0.6180	0.5648
160
0464	0.8490	0.9471	1.3526	0.6580	1.1590s	1.4589	0.6140	0.5712
161
0465	0.8324	0.9550	1.3522	0.6560	0.4923s	1.4613	0.6210	0.5797
162
0466	0.8533	0.9471	1.3515	0.6560	1.0755s	1.4630	0.6200	0.5793
163
0467	0.8490	0.9436	1.3513	0.6600	0.8330s	1.4657	0.6200	0.5673
164
0468	0.8428	0.9500	1.3512	0.6580	0.4756s	1.4669	0.6200	0.5636
165
0469	0.8381	0.9579	1.3544	0.6540	1.0020s	1.4686	0.6230	0.5643
166
0470	0.8503	0.9521	1.3591	0.6560	1.3173s	1.4684	0.6230	0.5698
167
0471	0.8289	0.9571	1.3597	0.6520	0.5251s	1.4668	0.6200	0.5696
168
0472	0.8414	0.9536	1.3574	0.6560	0.9810s	1.4638	0.6190	0.5747
169
0473	0.8443	0.9407	1.3534	0.6560	0.7150s	1.4621	0.6200	0.5711
170
0474	0.8529	0.9407	1.3532	0.6580	0.7642s	1.4629	0.6220	0.5789
171
0475	0.8398	0.9536	1.3577	0.6520	0.6846s	1.4651	0.6160	0.5641
172
0476	0.8398	0.9493	1.3609	0.6480	0.5391s	1.4661	0.6200	0.5683
173
0477	0.8360	0.9557	1.3627	0.6480	1.0788s	1.4668	0.6210	0.5644
174
0478	0.8379	0.9593	1.3639	0.6400	1.0631s	1.4659	0.6200	0.5684
175
0479	0.8329	0.9564	1.3668	0.6500	0.8177s	1.4658	0.6180	0.5708
176
0480	0.8528	0.9614	1.3673	0.6540	1.0198s	1.4653	0.6160	0.5677
177
0481	0.8447	0.9429	1.3645	0.6540	1.1032s	1.4641	0.6190	0.5705
178
0482	0.8452	0.9529	1.3556	0.6540	1.0598s	1.4602	0.6210	0.5718
179
0483	0.8362	0.9486	1.3486	0.6560	0.9564s	1.4576	0.6250	0.5680
180
0484	0.8235	0.9564	1.3454	0.6540	0.9487s	1.4564	0.6260	0.5701
181
0485	0.8422	0.9514	1.3469	0.6560	0.7758s	1.4565	0.6250	0.5663
182
0486	0.8434	0.9479	1.3512	0.6600	1.0878s	1.4585	0.6290	0.5840
183
0487	0.8359	0.9571	1.3562	0.6560	1.0177s	1.4624	0.6210	0.5784
184
0488	0.8598	0.9521	1.3618	0.6580	0.9035s	1.4659	0.6190	0.5746
185
0489	0.8526	0.9443	1.3616	0.6640	0.9842s	1.4650	0.6230	0.5778
186
0490	0.8324	0.9471	1.3556	0.6680	1.0173s	1.4622	0.6240	0.5759
187
0491	0.8299	0.9614	1.3486	0.6680	1.1142s	1.4590	0.6260	0.5709
188
0492	0.8322	0.9564	1.3468	0.6660	0.2573s	1.4584	0.6220	0.5652
189
0493	0.8342	0.9521	1.3474	0.6660	0.3135s	1.4580	0.6230	0.5697
190
0494	0.8259	0.9464	1.3489	0.6600	1.0076s	1.4568	0.6280	0.5738
191
0495	0.8391	0.9443	1.3521	0.6580	0.8649s	1.4569	0.6260	0.5708
192
0496	0.8606	0.9521	1.3524	0.6560	0.9662s	1.4570	0.6280	0.5830
193
0497	0.8476	0.9550	1.3510	0.6560	1.2685s	1.4571	0.6270	0.5814
194
0498	0.8327	0.9593	1.3494	0.6580	0.7866s	1.4568	0.6260	0.5790
195
0499	0.8436	0.9607	1.3495	0.6600	1.0048s	1.4565	0.6210	0.5719
196
0500	0.8545	0.9479	1.3533	0.6600	0.9484s	1.4580	0.6230	0.5774
197
0501	0.8463	0.9557	1.3582	0.6640	1.2565s	1.4595	0.6240	0.5700
198
0502	0.8430	0.9550	1.3605	0.6660	0.8583s	1.4599	0.6250	0.5709
199
Early stop! Min loss:1.3376688957214355,  Max accuracy:0.676
Early stop model validation loss:1.3376688957214355,  accuracy:0.662
Optimization Finished!
Total time elapsed: 441.6661s
test max acc:0.6360
Loading 301th epoch
stru_node_to_hop attention:tensor([[0.2500, 0.2500, 0.2500, 0.2500],
        [0.2500, 0.2500, 0.2500, 0.2500],
        [0.2500, 0.2500, 0.2500, 0.2500],
        [0.2500, 0.2500, 0.2500, 0.2500],
        [0.2500, 0.2500, 0.2500, 0.2500],
        [0.2500, 0.2500, 0.2500, 0.2500],
        [0.2500, 0.2500, 0.2500, 0.2500],
        [0.2500, 0.2500, 0.2500, 0.2500],
        [0.2500, 0.2500, 0.2500, 0.2500],
        [0.2500, 0.2500, 0.2500, 0.2500],
        [0.2500, 0.2500, 0.2500, 0.2500],
        [0.2500, 0.2500, 0.2500, 0.2500],
        [0.2500, 0.2500, 0.2500, 0.2500],
        [0.2500, 0.2500, 0.2500, 0.2500],
        [0.2500, 0.2500, 0.2500, 0.2500],
        [0.2500, 0.2500, 0.2500, 0.2500],
        [0.2500, 0.2500, 0.2500, 0.2500],
        [0.2500, 0.2500, 0.2500, 0.2500],
        [0.2500, 0.2500, 0.2500, 0.2500],
        [0.2500, 0.2500, 0.2500, 0.2500],
        [0.2500, 0.2500, 0.2500, 0.2500],
        [0.2500, 0.2500, 0.2500, 0.2500],
        [0.2500, 0.2500, 0.2500, 0.2500],
        [0.2500, 0.2500, 0.2500, 0.2500],
        [0.2500, 0.2500, 0.2500, 0.2500],
        [0.2500, 0.2500, 0.2500, 0.2500],
        [0.2500, 0.2500, 0.2500, 0.2500],
        [0.2500, 0.2500, 0.2500, 0.2500],
        [0.2500, 0.2500, 0.2500, 0.2500],
        [0.2500, 0.2500, 0.2500, 0.2500],
        [0.2500, 0.2500, 0.2500, 0.2500],
        [0.2500, 0.2500, 0.2500, 0.2500],
        [0.2500, 0.2500, 0.2500, 0.2500],
        [0.2500, 0.2500, 0.2500, 0.2500],
        [0.2500, 0.2500, 0.2500, 0.2500],
        [0.2500, 0.2500, 0.2500, 0.2500],
        [0.2500, 0.2500, 0.2500, 0.2500],
        [0.2500, 0.2500, 0.2500, 0.2500],
        [0.2500, 0.2500, 0.2500, 0.2500],
        [0.2500, 0.2500, 0.2500, 0.2500],
        [0.2500, 0.2500, 0.2500, 0.2500],
        [0.2500, 0.2500, 0.2500, 0.2500],
        [0.2500, 0.2500, 0.2500, 0.2500],
        [0.2500, 0.2500, 0.2500, 0.2500],
        [0.2500, 0.2500, 0.2500, 0.2500],
        [0.2500, 0.2500, 0.2500, 0.2500],
        [0.2500, 0.2500, 0.2500, 0.2500],
        [0.2500, 0.2500, 0.2500, 0.2500],
        [0.2500, 0.2500, 0.2500, 0.2500],
        [0.2500, 0.2500, 0.2500, 0.2500],
        [0.2500, 0.2500, 0.2500, 0.2500],
        [0.2500, 0.2500, 0.2500, 0.2500],
        [0.2500, 0.2500, 0.2500, 0.2500],
        [0.2500, 0.2500, 0.2500, 0.2500],
        [0.2500, 0.2500, 0.2500, 0.2500],
        [0.2500, 0.2500, 0.2500, 0.2500],
        [0.2500, 0.2500, 0.2500, 0.2500],
        [0.2500, 0.2500, 0.2500, 0.2500],
        [0.2500, 0.2500, 0.2500, 0.2500],
        [0.2500, 0.2500, 0.2500, 0.2500],
        [0.2500, 0.2500, 0.2500, 0.2500],
        [0.2500, 0.2500, 0.2500, 0.2500],
        [0.2500, 0.2500, 0.2500, 0.2500],
        [0.2500, 0.2500, 0.2500, 0.2500],
        [0.2500, 0.2500, 0.2500, 0.2500],
        [0.2500, 0.2500, 0.2500, 0.2500],
        [0.2500, 0.2500, 0.2500, 0.2500],
        [0.2500, 0.2500, 0.2500, 0.2500],
        [0.2500, 0.2500, 0.2500, 0.2500],
        [0.2500, 0.2500, 0.2500, 0.2500],
        [0.2500, 0.2500, 0.2500, 0.2500],
        [0.2500, 0.2500, 0.2500, 0.2500],
        [0.2500, 0.2500, 0.2500, 0.2500],
        [0.2500, 0.2500, 0.2500, 0.2500],
        [0.2500, 0.2500, 0.2500, 0.2500],
        [0.2500, 0.2500, 0.2500, 0.2500],
        [0.2500, 0.2500, 0.2500, 0.2500],
        [0.2500, 0.2500, 0.2500, 0.2500],
        [0.2500, 0.2500, 0.2500, 0.2500],
        [0.2500, 0.2500, 0.2500, 0.2500],
        [0.2500, 0.2500, 0.2500, 0.2500],
        [0.2500, 0.2500, 0.2500, 0.2500],
        [0.2500, 0.2500, 0.2500, 0.2500],
        [0.2500, 0.2500, 0.2500, 0.2500],
        [0.2500, 0.2500, 0.2500, 0.2500],
        [0.2500, 0.2500, 0.2500, 0.2500],
        [0.2500, 0.2500, 0.2500, 0.2500],
        [0.2500, 0.2500, 0.2500, 0.2500],
        [0.2500, 0.2500, 0.2500, 0.2500],
        [0.2500, 0.2500, 0.2500, 0.2500],
        [0.2500, 0.2500, 0.2500, 0.2500],
        [0.2500, 0.2500, 0.2500, 0.2500],
        [0.2500, 0.2500, 0.2500, 0.2500],
        [0.2500, 0.2500, 0.2500, 0.2500],
        [0.2500, 0.2500, 0.2500, 0.2500],
        [0.2500, 0.2500, 0.2500, 0.2500],
        [0.2500, 0.2500, 0.2500, 0.2500],
        [0.2500, 0.2500, 0.2500, 0.2500],
        [0.2500, 0.2500, 0.2500, 0.2500],
        [0.2500, 0.2500, 0.2500, 0.2500]], device='cuda:7')
fea_node_to_hop attention:tensor([[0.2500, 0.2500, 0.2500, 0.2500],
        [0.2500, 0.2500, 0.2500, 0.2500],
        [0.2500, 0.2500, 0.2500, 0.2500],
        [0.2500, 0.2500, 0.2500, 0.2500],
        [0.2500, 0.2500, 0.2500, 0.2500],
        [0.2500, 0.2500, 0.2500, 0.2500],
        [0.2500, 0.2500, 0.2500, 0.2500],
        [0.2500, 0.2500, 0.2500, 0.2500],
        [0.2500, 0.2500, 0.2500, 0.2500],
        [0.2500, 0.2500, 0.2500, 0.2500],
        [0.2500, 0.2500, 0.2500, 0.2500],
        [0.2500, 0.2500, 0.2500, 0.2500],
        [0.2500, 0.2500, 0.2500, 0.2500],
        [0.2500, 0.2500, 0.2500, 0.2500],
        [0.2500, 0.2500, 0.2500, 0.2500],
        [0.2500, 0.2500, 0.2500, 0.2500],
        [0.2500, 0.2500, 0.2500, 0.2500],
        [0.2500, 0.2500, 0.2500, 0.2500],
        [0.2500, 0.2500, 0.2500, 0.2500],
        [0.2500, 0.2500, 0.2500, 0.2500],
        [0.2500, 0.2500, 0.2500, 0.2500],
        [0.2500, 0.2500, 0.2500, 0.2500],
        [0.2500, 0.2500, 0.2500, 0.2500],
        [0.2500, 0.2500, 0.2500, 0.2500],
        [0.2500, 0.2500, 0.2500, 0.2500],
        [0.2500, 0.2500, 0.2500, 0.2500],
        [0.2500, 0.2500, 0.2500, 0.2500],
        [0.2500, 0.2500, 0.2500, 0.2500],
        [0.2500, 0.2500, 0.2500, 0.2500],
        [0.2500, 0.2500, 0.2500, 0.2500],
        [0.2500, 0.2500, 0.2500, 0.2500],
        [0.2500, 0.2500, 0.2500, 0.2500],
        [0.2500, 0.2500, 0.2500, 0.2500],
        [0.2500, 0.2500, 0.2500, 0.2500],
        [0.2500, 0.2500, 0.2500, 0.2500],
        [0.2500, 0.2500, 0.2500, 0.2500],
        [0.2500, 0.2500, 0.2500, 0.2500],
        [0.2500, 0.2500, 0.2500, 0.2500],
        [0.2500, 0.2500, 0.2500, 0.2500],
        [0.2500, 0.2500, 0.2500, 0.2500],
        [0.2500, 0.2500, 0.2500, 0.2500],
        [0.2500, 0.2500, 0.2500, 0.2500],
        [0.2500, 0.2500, 0.2500, 0.2500],
        [0.2500, 0.2500, 0.2500, 0.2500],
        [0.2500, 0.2500, 0.2500, 0.2500],
        [0.2500, 0.2500, 0.2500, 0.2500],
        [0.2500, 0.2500, 0.2500, 0.2500],
        [0.2500, 0.2500, 0.2500, 0.2500],
        [0.2500, 0.2500, 0.2500, 0.2500],
        [0.2500, 0.2500, 0.2500, 0.2500],
        [0.2500, 0.2500, 0.2500, 0.2500],
        [0.2500, 0.2500, 0.2500, 0.2500],
        [0.2500, 0.2500, 0.2500, 0.2500],
        [0.2500, 0.2500, 0.2500, 0.2500],
        [0.2500, 0.2500, 0.2500, 0.2500],
        [0.2500, 0.2500, 0.2500, 0.2500],
        [0.2500, 0.2500, 0.2500, 0.2500],
        [0.2500, 0.2500, 0.2500, 0.2500],
        [0.2500, 0.2500, 0.2500, 0.2500],
        [0.2500, 0.2500, 0.2500, 0.2500],
        [0.2500, 0.2500, 0.2500, 0.2500],
        [0.2500, 0.2500, 0.2500, 0.2500],
        [0.2500, 0.2500, 0.2500, 0.2500],
        [0.2500, 0.2500, 0.2500, 0.2500],
        [0.2500, 0.2500, 0.2500, 0.2500],
        [0.2500, 0.2500, 0.2500, 0.2500],
        [0.2500, 0.2500, 0.2500, 0.2500],
        [0.2500, 0.2500, 0.2500, 0.2500],
        [0.2500, 0.2500, 0.2500, 0.2500],
        [0.2500, 0.2500, 0.2500, 0.2500],
        [0.2500, 0.2500, 0.2500, 0.2500],
        [0.2500, 0.2500, 0.2500, 0.2500],
        [0.2500, 0.2500, 0.2500, 0.2500],
        [0.2500, 0.2500, 0.2500, 0.2500],
        [0.2500, 0.2500, 0.2500, 0.2500],
        [0.2500, 0.2500, 0.2500, 0.2500],
        [0.2500, 0.2500, 0.2500, 0.2500],
        [0.2500, 0.2500, 0.2500, 0.2500],
        [0.2500, 0.2500, 0.2500, 0.2500],
        [0.2500, 0.2500, 0.2500, 0.2500],
        [0.2500, 0.2500, 0.2500, 0.2500],
        [0.2500, 0.2500, 0.2500, 0.2500],
        [0.2500, 0.2500, 0.2500, 0.2500],
        [0.2500, 0.2500, 0.2500, 0.2500],
        [0.2500, 0.2500, 0.2500, 0.2500],
        [0.2500, 0.2500, 0.2500, 0.2500],
        [0.2500, 0.2500, 0.2500, 0.2500],
        [0.2500, 0.2500, 0.2500, 0.2500],
        [0.2500, 0.2500, 0.2500, 0.2500],
        [0.2500, 0.2500, 0.2500, 0.2500],
        [0.2500, 0.2500, 0.2500, 0.2500],
        [0.2500, 0.2500, 0.2500, 0.2500],
        [0.2500, 0.2500, 0.2500, 0.2500],
        [0.2500, 0.2500, 0.2500, 0.2500],
        [0.2500, 0.2500, 0.2500, 0.2500],
        [0.2500, 0.2500, 0.2500, 0.2500],
        [0.2500, 0.2500, 0.2500, 0.2500],
        [0.2500, 0.2500, 0.2500, 0.2500],
        [0.2500, 0.2500, 0.2500, 0.2500],
        [0.2500, 0.2500, 0.2500, 0.2500]], device='cuda:7')
perception attention:tensor([0.9923, 0.0077], device='cuda:7')
Test set results: loss= 1.4519 accuracy= 0.6310 F1_score= 0.5865
