# epoch	loss_train	acc_train	loss_val	acc_val	time	acc_test	f1_test
0001	4.2493	0.0107	4.2399	0.0140	0.8405s	4.2392	0.0160	0.0005
0
0002	4.2344	0.0336	4.2193	0.1820	0.3736s	4.2205	0.1500	0.1194
0
0003	4.2072	0.3021	4.1903	0.1580	0.8740s	4.1937	0.1350	0.1179
0
0004	4.1696	0.2600	4.1479	0.1540	0.2648s	4.1527	0.1250	0.0911
0
0005	4.1192	0.2236	4.0883	0.1680	1.0539s	4.0944	0.1610	0.1121
0
0006	4.0466	0.2579	4.0112	0.2080	0.6240s	4.0181	0.2020	0.1505
0
0007	3.9564	0.3086	3.9159	0.2600	0.2854s	3.9233	0.2450	0.1970
0
0008	3.8425	0.3636	3.8039	0.2940	1.1802s	3.8111	0.2790	0.2277
0
0009	3.7076	0.4050	3.6774	0.3380	0.2763s	3.6839	0.3200	0.2695
0
0010	3.5667	0.4307	3.5406	0.3580	0.9741s	3.5467	0.3510	0.3006
0
0011	3.4064	0.4829	3.3966	0.3760	0.7804s	3.4026	0.3710	0.3318
0
0012	3.2522	0.5050	3.2500	0.4020	0.9625s	3.2559	0.4010	0.3578
0
0013	3.0883	0.5343	3.1037	0.4360	0.3885s	3.1100	0.4200	0.3644
0
0014	2.9373	0.5629	2.9583	0.4580	1.0138s	2.9657	0.4490	0.3902
0
0015	2.7733	0.5850	2.8146	0.4680	0.7047s	2.8245	0.4750	0.4192
0
0016	2.6364	0.6136	2.6743	0.4940	0.9592s	2.6880	0.4930	0.4430
0
0017	2.4863	0.6521	2.5391	0.4980	0.2661s	2.5593	0.5030	0.4475
0
0018	2.3688	0.6600	2.4100	0.5140	1.0371s	2.4383	0.5120	0.4631
0
0019	2.2494	0.6493	2.2925	0.5240	0.2968s	2.3304	0.5210	0.4717
0
0020	2.1367	0.6500	2.1925	0.5240	1.1151s	2.2392	0.5160	0.4690
0
0021	2.0089	0.6879	2.1065	0.5320	0.6741s	2.1605	0.5220	0.4787
0
0022	1.9244	0.6964	2.0313	0.5460	0.4668s	2.0913	0.5310	0.4872
0
0023	1.8107	0.7321	1.9655	0.5580	0.8197s	2.0295	0.5470	0.4984
0
0024	1.7281	0.7593	1.9096	0.5720	0.2747s	1.9766	0.5540	0.5146
0
0025	1.6482	0.7664	1.8594	0.5800	0.9049s	1.9289	0.5700	0.5212
0
0026	1.5712	0.7814	1.8174	0.5920	0.6239s	1.8871	0.5750	0.5204
0
0027	1.4953	0.8029	1.7827	0.6120	1.1191s	1.8514	0.5820	0.5268
0
0028	1.4551	0.8279	1.7517	0.6120	0.7857s	1.8194	0.5870	0.5311
0
0029	1.4220	0.8157	1.7221	0.6120	0.2749s	1.7917	0.5940	0.5382
0
0030	1.3734	0.8393	1.6987	0.6180	0.2535s	1.7708	0.5910	0.5318
0
0031	1.3252	0.8343	1.6795	0.6140	0.9785s	1.7528	0.5950	0.5269
0
0032	1.3029	0.8529	1.6638	0.6160	0.5978s	1.7363	0.5930	0.5277
0
0033	1.2740	0.8564	1.6499	0.6120	0.7728s	1.7208	0.5950	0.5277
0
0034	1.2440	0.8593	1.6366	0.6100	0.3143s	1.7087	0.5980	0.5382
0
0035	1.2054	0.8750	1.6222	0.6200	1.0893s	1.6988	0.5940	0.5374
0
0036	1.2053	0.8679	1.6082	0.6240	0.3557s	1.6862	0.5950	0.5348
0
0037	1.1760	0.8750	1.5939	0.6240	0.8862s	1.6700	0.6000	0.5433
0
0038	1.1463	0.8900	1.5827	0.6280	0.3310s	1.6551	0.5990	0.5347
0
0039	1.1348	0.8850	1.5760	0.6280	1.1379s	1.6440	0.6000	0.5406
0
0040	1.1239	0.8814	1.5676	0.6240	0.7512s	1.6360	0.5980	0.5451
0
0041	1.1213	0.9007	1.5608	0.6200	1.0114s	1.6333	0.6050	0.5541
0
0042	1.0713	0.9000	1.5535	0.6180	0.8491s	1.6330	0.6010	0.5515
0
0043	1.0830	0.9114	1.5445	0.6180	0.4892s	1.6260	0.6000	0.5382
0
0044	1.0779	0.9057	1.5345	0.6280	0.3533s	1.6146	0.6000	0.5394
0
0045	1.0718	0.9057	1.5272	0.6340	1.0057s	1.6044	0.6070	0.5464
0
0046	1.0603	0.9021	1.5213	0.6400	0.8496s	1.5981	0.6090	0.5538
0
0047	1.0345	0.9257	1.5183	0.6380	1.0554s	1.5959	0.6070	0.5514
0
0048	1.0311	0.8950	1.5192	0.6380	0.9691s	1.5961	0.6120	0.5534
0
0049	1.0075	0.9186	1.5165	0.6300	0.3739s	1.5917	0.6110	0.5550
1
0050	1.0049	0.9150	1.5114	0.6260	0.9410s	1.5843	0.6090	0.5547
0
0051	1.0120	0.9207	1.5060	0.6260	0.2769s	1.5777	0.6130	0.5622
0
0052	1.0072	0.9164	1.5011	0.6320	0.5348s	1.5736	0.6050	0.5488
0
0053	1.0029	0.9186	1.4969	0.6340	1.0842s	1.5710	0.6130	0.5572
0
0054	1.0066	0.9257	1.4959	0.6380	0.4168s	1.5713	0.6060	0.5480
0
0055	1.0115	0.9221	1.4937	0.6400	1.0193s	1.5712	0.6090	0.5571
0
0056	0.9854	0.9307	1.4906	0.6400	0.2821s	1.5707	0.6090	0.5609
0
0057	0.9938	0.9264	1.4857	0.6420	1.0671s	1.5668	0.6090	0.5620
0
0058	0.9896	0.9250	1.4804	0.6460	0.5092s	1.5623	0.6110	0.5601
0
0059	0.9739	0.9236	1.4751	0.6400	1.0610s	1.5579	0.6130	0.5703
0
0060	0.9710	0.9236	1.4716	0.6400	0.8268s	1.5543	0.6170	0.5686
0
0061	0.9618	0.9343	1.4701	0.6460	0.4080s	1.5515	0.6180	0.5691
0
0062	0.9716	0.9350	1.4691	0.6440	1.0127s	1.5499	0.6180	0.5703
0
0063	0.9712	0.9229	1.4689	0.6380	0.8590s	1.5502	0.6170	0.5697
0
0064	0.9739	0.9207	1.4678	0.6380	0.9832s	1.5500	0.6220	0.5743
0
0065	0.9699	0.9350	1.4634	0.6400	0.4370s	1.5464	0.6180	0.5603
0
0066	0.9852	0.9293	1.4590	0.6460	1.0495s	1.5410	0.6140	0.5541
0
0067	0.9569	0.9436	1.4557	0.6460	0.3251s	1.5344	0.6150	0.5577
0
0068	0.9531	0.9343	1.4548	0.6440	0.9458s	1.5287	0.6130	0.5653
0
0069	0.9670	0.9336	1.4522	0.6420	0.2551s	1.5257	0.6140	0.5683
0
0070	0.9595	0.9371	1.4479	0.6380	0.9303s	1.5215	0.6170	0.5717
0
0071	0.9593	0.9379	1.4437	0.6380	0.8537s	1.5193	0.6190	0.5791
0
0072	0.9689	0.9364	1.4415	0.6420	0.8317s	1.5204	0.6210	0.5715
0
0073	0.9536	0.9407	1.4374	0.6440	0.8284s	1.5198	0.6210	0.5682
0
0074	0.9622	0.9343	1.4353	0.6440	0.9515s	1.5178	0.6230	0.5679
0
0075	0.9496	0.9343	1.4338	0.6440	0.3134s	1.5170	0.6230	0.5654
0
0076	0.9349	0.9343	1.4359	0.6380	0.2626s	1.5175	0.6090	0.5596
0
0077	0.9380	0.9400	1.4410	0.6400	0.6399s	1.5165	0.6150	0.5700
1
0078	0.9542	0.9357	1.4434	0.6380	0.9226s	1.5142	0.6150	0.5726
2
0079	0.9533	0.9286	1.4411	0.6420	0.4200s	1.5125	0.6180	0.5750
3
0080	0.9589	0.9436	1.4353	0.6480	0.9632s	1.5119	0.6180	0.5761
4
0081	0.9554	0.9414	1.4316	0.6580	0.8374s	1.5129	0.6160	0.5729
0
0082	0.9529	0.9379	1.4263	0.6500	0.8582s	1.5131	0.6180	0.5622
0
0083	0.9503	0.9336	1.4210	0.6480	0.8184s	1.5117	0.6170	0.5626
0
0084	0.9438	0.9279	1.4178	0.6460	1.1226s	1.5093	0.6130	0.5597
0
0085	0.9367	0.9300	1.4157	0.6460	0.8311s	1.5041	0.6130	0.5624
0
0086	0.9291	0.9357	1.4145	0.6420	0.6314s	1.4995	0.6170	0.5663
0
0087	0.9350	0.9429	1.4148	0.6420	0.8155s	1.4969	0.6200	0.5698
0
0088	0.9259	0.9371	1.4142	0.6460	0.9076s	1.4952	0.6230	0.5701
1
0089	0.9423	0.9307	1.4122	0.6500	0.5032s	1.4934	0.6260	0.5820
0
0090	0.9329	0.9271	1.4112	0.6520	0.9750s	1.4928	0.6270	0.5831
0
0091	0.9314	0.9407	1.4131	0.6500	1.0711s	1.4941	0.6200	0.5733
0
0092	0.9427	0.9429	1.4093	0.6500	1.1799s	1.4921	0.6240	0.5694
1
0093	0.9388	0.9393	1.4047	0.6540	1.0527s	1.4897	0.6200	0.5705
0
0094	0.9234	0.9407	1.4026	0.6540	1.2466s	1.4885	0.6220	0.5747
0
0095	0.9282	0.9286	1.4035	0.6520	1.1184s	1.4886	0.6250	0.5777
0
0096	0.9329	0.9407	1.4022	0.6540	0.4960s	1.4864	0.6210	0.5751
1
0097	0.9167	0.9321	1.4005	0.6560	1.1216s	1.4849	0.6170	0.5680
0
0098	0.9188	0.9393	1.4002	0.6520	0.9368s	1.4867	0.6240	0.5691
0
0099	0.9263	0.9421	1.3993	0.6540	1.2729s	1.4890	0.6240	0.5754
0
0100	0.9257	0.9429	1.3942	0.6640	0.3319s	1.4884	0.6210	0.5714
0
0101	0.9217	0.9429	1.3895	0.6660	1.1587s	1.4858	0.6260	0.5784
0
0102	0.9102	0.9471	1.3826	0.6660	1.0070s	1.4810	0.6250	0.5825
0
0103	0.9029	0.9429	1.3785	0.6660	1.2219s	1.4781	0.6240	0.5740
0
0104	0.9041	0.9407	1.3764	0.6600	0.7717s	1.4771	0.6250	0.5752
0
0105	0.8909	0.9393	1.3792	0.6580	1.2168s	1.4776	0.6210	0.5701
0
0106	0.9178	0.9521	1.3872	0.6560	0.6754s	1.4807	0.6190	0.5668
1
0107	0.9072	0.9450	1.3923	0.6540	1.1264s	1.4836	0.6160	0.5674
2
0108	0.9170	0.9407	1.3919	0.6600	0.2706s	1.4824	0.6160	0.5705
3
0109	0.9224	0.9350	1.3899	0.6640	0.9246s	1.4807	0.6230	0.5751
4
0110	0.9025	0.9436	1.3823	0.6620	1.0675s	1.4784	0.6220	0.5750
5
0111	0.9032	0.9464	1.3734	0.6660	1.1775s	1.4753	0.6310	0.5734
6
0112	0.9180	0.9464	1.3673	0.6700	0.8731s	1.4722	0.6310	0.5766
0
0113	0.9001	0.9386	1.3668	0.6620	1.2515s	1.4704	0.6250	0.5722
0
0114	0.8941	0.9521	1.3712	0.6640	0.7506s	1.4696	0.6190	0.5670
0
0115	0.8896	0.9450	1.3756	0.6620	1.2300s	1.4687	0.6210	0.5768
1
0116	0.9140	0.9407	1.3800	0.6580	0.3463s	1.4683	0.6270	0.5811
2
0117	0.8849	0.9343	1.3796	0.6580	1.3209s	1.4681	0.6270	0.5798
3
0118	0.8954	0.9557	1.3811	0.6600	0.6763s	1.4716	0.6250	0.5757
4
0119	0.8944	0.9421	1.3792	0.6620	1.1643s	1.4728	0.6280	0.5792
5
0120	0.8775	0.9521	1.3794	0.6660	0.2632s	1.4758	0.6290	0.5702
6
0121	0.8789	0.9443	1.3777	0.6660	1.0885s	1.4766	0.6280	0.5724
7
0122	0.8837	0.9364	1.3781	0.6660	1.0631s	1.4777	0.6240	0.5676
8
0123	0.8803	0.9414	1.3721	0.6600	0.4746s	1.4721	0.6270	0.5759
9
0124	0.8950	0.9386	1.3664	0.6600	1.1392s	1.4663	0.6260	0.5756
10
0125	0.8847	0.9429	1.3645	0.6600	0.9782s	1.4634	0.6260	0.5849
0
0126	0.8759	0.9521	1.3672	0.6620	1.0519s	1.4659	0.6260	0.5845
0
0127	0.8798	0.9471	1.3648	0.6660	0.9548s	1.4665	0.6250	0.5790
1
0128	0.8943	0.9500	1.3652	0.6660	0.8693s	1.4665	0.6220	0.5722
2
0129	0.8810	0.9421	1.3679	0.6640	1.1581s	1.4674	0.6260	0.5776
3
0130	0.8904	0.9464	1.3713	0.6640	0.3290s	1.4689	0.6240	0.5769
4
0131	0.8909	0.9357	1.3688	0.6660	1.2834s	1.4691	0.6250	0.5709
5
0132	0.8645	0.9450	1.3578	0.6640	0.9345s	1.4636	0.6260	0.5710
6
0133	0.8833	0.9493	1.3490	0.6720	1.0004s	1.4596	0.6240	0.5717
0
0134	0.8674	0.9486	1.3440	0.6720	0.5975s	1.4588	0.6270	0.5765
0
0135	0.8980	0.9364	1.3461	0.6720	1.0912s	1.4617	0.6300	0.5814
0
0136	0.8910	0.9529	1.3535	0.6740	0.2557s	1.4666	0.6240	0.5749
0
0137	0.8830	0.9479	1.3634	0.6740	1.1848s	1.4701	0.6220	0.5743
0
0138	0.8807	0.9414	1.3684	0.6700	1.0044s	1.4688	0.6280	0.5834
0
0139	0.8595	0.9493	1.3664	0.6600	1.0720s	1.4674	0.6280	0.5830
1
0140	0.8729	0.9471	1.3618	0.6640	0.2861s	1.4668	0.6250	0.5687
2
0141	0.8812	0.9507	1.3577	0.6620	1.2067s	1.4685	0.6190	0.5647
3
0142	0.8587	0.9514	1.3555	0.6640	1.0751s	1.4685	0.6220	0.5715
4
0143	0.8708	0.9443	1.3556	0.6700	1.0432s	1.4671	0.6250	0.5755
5
0144	0.8672	0.9507	1.3583	0.6600	1.1215s	1.4660	0.6280	0.5836
6
0145	0.8828	0.9400	1.3612	0.6660	0.8056s	1.4672	0.6260	0.5819
7
0146	0.8782	0.9407	1.3619	0.6680	0.7904s	1.4689	0.6210	0.5780
8
0147	0.8736	0.9464	1.3644	0.6660	1.1429s	1.4722	0.6270	0.5810
9
0148	0.8772	0.9500	1.3667	0.6740	1.1951s	1.4745	0.6230	0.5774
10
0149	0.8688	0.9429	1.3671	0.6740	0.9414s	1.4746	0.6270	0.5819
0
0150	0.8677	0.9429	1.3654	0.6740	0.9784s	1.4721	0.6260	0.5853
0
0151	0.8767	0.9564	1.3614	0.6660	0.5089s	1.4680	0.6280	0.5868
0
0152	0.8725	0.9393	1.3607	0.6580	1.1980s	1.4655	0.6300	0.5803
1
0153	0.8697	0.9479	1.3623	0.6540	0.7666s	1.4643	0.6260	0.5817
2
0154	0.8761	0.9421	1.3631	0.6620	1.1605s	1.4618	0.6230	0.5777
3
0155	0.8779	0.9393	1.3615	0.6660	0.5577s	1.4599	0.6250	0.5819
4
0156	0.8728	0.9479	1.3588	0.6620	1.1528s	1.4612	0.6310	0.5881
5
0157	0.8757	0.9507	1.3560	0.6640	0.8406s	1.4644	0.6250	0.5780
6
0158	0.8683	0.9407	1.3573	0.6640	1.1042s	1.4673	0.6220	0.5745
7
0159	0.8714	0.9457	1.3589	0.6720	0.4407s	1.4667	0.6220	0.5676
8
0160	0.8540	0.9543	1.3581	0.6700	1.2719s	1.4620	0.6240	0.5792
9
0161	0.8603	0.9571	1.3579	0.6680	0.7696s	1.4596	0.6240	0.5786
10
0162	0.8659	0.9514	1.3600	0.6620	1.0608s	1.4616	0.6270	0.5808
11
0163	0.8623	0.9400	1.3624	0.6660	0.9619s	1.4653	0.6240	0.5730
12
0164	0.8730	0.9479	1.3618	0.6600	0.2737s	1.4656	0.6250	0.5807
13
0165	0.8561	0.9536	1.3602	0.6540	1.3000s	1.4625	0.6290	0.5858
14
0166	0.8534	0.9507	1.3588	0.6520	0.7201s	1.4596	0.6300	0.5861
15
0167	0.8589	0.9564	1.3586	0.6500	1.0211s	1.4572	0.6260	0.5806
16
0168	0.8807	0.9414	1.3580	0.6600	0.8868s	1.4585	0.6240	0.5809
17
0169	0.8544	0.9536	1.3553	0.6640	1.0769s	1.4597	0.6200	0.5810
18
0170	0.8552	0.9500	1.3543	0.6700	1.0449s	1.4622	0.6190	0.5781
19
0171	0.8600	0.9464	1.3571	0.6700	1.1497s	1.4655	0.6180	0.5725
20
0172	0.8602	0.9457	1.3595	0.6660	0.2748s	1.4660	0.6180	0.5625
21
0173	0.8674	0.9521	1.3633	0.6640	1.2721s	1.4660	0.6190	0.5634
22
0174	0.8798	0.9500	1.3669	0.6620	0.9446s	1.4649	0.6260	0.5685
23
0175	0.8735	0.9493	1.3707	0.6660	1.1500s	1.4639	0.6260	0.5703
24
0176	0.8668	0.9500	1.3710	0.6660	0.2813s	1.4629	0.6270	0.5817
25
0177	0.8714	0.9400	1.3702	0.6620	1.2338s	1.4639	0.6290	0.5870
26
0178	0.8726	0.9343	1.3635	0.6620	0.4484s	1.4623	0.6240	0.5845
27
0179	0.8760	0.9450	1.3562	0.6640	1.1902s	1.4612	0.6250	0.5751
28
0180	0.8598	0.9450	1.3524	0.6640	0.8555s	1.4629	0.6230	0.5707
29
0181	0.8579	0.9500	1.3524	0.6600	0.9300s	1.4656	0.6280	0.5744
30
0182	0.8691	0.9379	1.3561	0.6580	0.9762s	1.4660	0.6300	0.5748
31
0183	0.8649	0.9450	1.3630	0.6620	0.9856s	1.4655	0.6280	0.5728
32
0184	0.8695	0.9550	1.3649	0.6620	0.8318s	1.4636	0.6260	0.5679
33
0185	0.8475	0.9500	1.3641	0.6600	0.5001s	1.4617	0.6260	0.5698
34
0186	0.8666	0.9500	1.3585	0.6600	1.2604s	1.4603	0.6240	0.5725
35
0187	0.8711	0.9507	1.3546	0.6680	1.0647s	1.4579	0.6240	0.5734
36
0188	0.8599	0.9407	1.3553	0.6680	1.1230s	1.4601	0.6200	0.5718
37
0189	0.8519	0.9414	1.3571	0.6620	0.2879s	1.4644	0.6170	0.5737
38
0190	0.8456	0.9450	1.3613	0.6620	1.2987s	1.4688	0.6160	0.5710
39
0191	0.8409	0.9550	1.3629	0.6580	0.9566s	1.4700	0.6140	0.5642
40
0192	0.8644	0.9443	1.3581	0.6600	1.0427s	1.4654	0.6160	0.5590
41
0193	0.8636	0.9486	1.3526	0.6700	0.7324s	1.4575	0.6210	0.5662
42
0194	0.8658	0.9450	1.3513	0.6720	1.0281s	1.4521	0.6230	0.5689
43
0195	0.8473	0.9593	1.3569	0.6720	0.7882s	1.4533	0.6240	0.5806
44
0196	0.8425	0.9543	1.3635	0.6680	0.8578s	1.4596	0.6230	0.5795
45
0197	0.8547	0.9514	1.3690	0.6620	0.9547s	1.4667	0.6210	0.5708
46
0198	0.8657	0.9457	1.3683	0.6600	0.7272s	1.4705	0.6190	0.5667
47
0199	0.8546	0.9479	1.3653	0.6560	1.1473s	1.4705	0.6220	0.5685
48
0200	0.8666	0.9564	1.3595	0.6720	0.8183s	1.4673	0.6240	0.5725
49
0201	0.8634	0.9500	1.3547	0.6680	1.1364s	1.4650	0.6230	0.5723
50
0202	0.8574	0.9486	1.3511	0.6600	0.3939s	1.4614	0.6210	0.5682
51
0203	0.8628	0.9514	1.3508	0.6660	1.1518s	1.4621	0.6270	0.5815
52
0204	0.8528	0.9471	1.3521	0.6640	0.9185s	1.4632	0.6270	0.5842
53
0205	0.8524	0.9507	1.3510	0.6600	1.0398s	1.4632	0.6270	0.5819
54
0206	0.8711	0.9479	1.3483	0.6680	0.7237s	1.4617	0.6230	0.5654
55
0207	0.8476	0.9464	1.3474	0.6680	1.0009s	1.4616	0.6240	0.5660
56
0208	0.8596	0.9571	1.3499	0.6600	1.1244s	1.4626	0.6220	0.5642
57
0209	0.8507	0.9564	1.3545	0.6580	1.0019s	1.4638	0.6210	0.5644
58
0210	0.8583	0.9514	1.3586	0.6560	0.9853s	1.4641	0.6230	0.5701
59
0211	0.8643	0.9543	1.3591	0.6560	1.0458s	1.4642	0.6150	0.5618
60
0212	0.8628	0.9457	1.3541	0.6600	0.8736s	1.4594	0.6150	0.5666
61
0213	0.8623	0.9471	1.3505	0.6620	1.1530s	1.4530	0.6190	0.5731
62
0214	0.8638	0.9443	1.3502	0.6640	0.5540s	1.4506	0.6200	0.5737
63
0215	0.8380	0.9457	1.3523	0.6680	1.0040s	1.4519	0.6270	0.5821
64
0216	0.8708	0.9457	1.3535	0.6700	0.6362s	1.4545	0.6270	0.5814
65
0217	0.8628	0.9479	1.3565	0.6660	0.8656s	1.4594	0.6240	0.5768
66
0218	0.8534	0.9471	1.3608	0.6700	1.1579s	1.4660	0.6200	0.5680
67
0219	0.8536	0.9429	1.3639	0.6700	0.3159s	1.4697	0.6180	0.5661
68
0220	0.8508	0.9471	1.3673	0.6680	1.0082s	1.4719	0.6210	0.5698
69
0221	0.8537	0.9550	1.3692	0.6680	0.9157s	1.4704	0.6250	0.5721
70
0222	0.8573	0.9600	1.3668	0.6720	0.8500s	1.4659	0.6220	0.5688
71
0223	0.8635	0.9421	1.3626	0.6700	1.0894s	1.4591	0.6250	0.5816
72
0224	0.8413	0.9457	1.3614	0.6700	0.8946s	1.4552	0.6260	0.5835
73
0225	0.8457	0.9457	1.3611	0.6660	1.0821s	1.4551	0.6220	0.5768
74
0226	0.8371	0.9593	1.3602	0.6680	0.2484s	1.4586	0.6170	0.5723
75
0227	0.8553	0.9457	1.3585	0.6660	1.2620s	1.4628	0.6200	0.5746
76
0228	0.8450	0.9486	1.3582	0.6640	0.2669s	1.4668	0.6190	0.5731
77
0229	0.8516	0.9443	1.3509	0.6680	1.2023s	1.4631	0.6220	0.5779
78
0230	0.8556	0.9493	1.3464	0.6680	0.8870s	1.4594	0.6270	0.5853
79
0231	0.8640	0.9514	1.3475	0.6740	1.0663s	1.4609	0.6250	0.5844
80
0232	0.8481	0.9486	1.3512	0.6680	1.0496s	1.4633	0.6270	0.5866
0
0233	0.8434	0.9471	1.3577	0.6740	1.2305s	1.4661	0.6220	0.5813
1
0234	0.8551	0.9379	1.3621	0.6700	0.2611s	1.4673	0.6240	0.5812
0
0235	0.8515	0.9471	1.3613	0.6620	0.7594s	1.4657	0.6250	0.5799
1
0236	0.8556	0.9493	1.3575	0.6600	1.0419s	1.4634	0.6220	0.5754
2
0237	0.8493	0.9521	1.3536	0.6660	0.3047s	1.4599	0.6220	0.5770
3
0238	0.8557	0.9429	1.3532	0.6640	0.8901s	1.4599	0.6230	0.5782
4
0239	0.8440	0.9514	1.3551	0.6660	1.0080s	1.4607	0.6230	0.5787
5
0240	0.8622	0.9507	1.3557	0.6600	0.2701s	1.4614	0.6250	0.5740
6
0241	0.8526	0.9571	1.3552	0.6600	1.0378s	1.4635	0.6250	0.5739
7
0242	0.8508	0.9550	1.3549	0.6660	1.0560s	1.4665	0.6260	0.5751
8
0243	0.8445	0.9529	1.3547	0.6640	0.6868s	1.4681	0.6250	0.5744
9
0244	0.8426	0.9500	1.3551	0.6700	1.0632s	1.4678	0.6260	0.5765
10
0245	0.8315	0.9564	1.3555	0.6680	0.8059s	1.4676	0.6250	0.5706
11
0246	0.8795	0.9443	1.3565	0.6660	0.5043s	1.4655	0.6260	0.5717
12
0247	0.8675	0.9543	1.3548	0.6680	1.1271s	1.4604	0.6250	0.5737
13
0248	0.8614	0.9400	1.3518	0.6720	0.5900s	1.4577	0.6250	0.5791
14
0249	0.8573	0.9493	1.3506	0.6660	1.1633s	1.4592	0.6200	0.5635
15
0250	0.8582	0.9521	1.3479	0.6740	1.0653s	1.4605	0.6240	0.5683
16
0251	0.8582	0.9471	1.3463	0.6700	1.0879s	1.4624	0.6270	0.5717
0
0252	0.8376	0.9521	1.3492	0.6640	1.1698s	1.4671	0.6240	0.5709
1
0253	0.8456	0.9536	1.3516	0.6620	0.2620s	1.4658	0.6210	0.5715
2
0254	0.8660	0.9407	1.3523	0.6600	1.2584s	1.4585	0.6260	0.5733
3
0255	0.8679	0.9571	1.3522	0.6620	0.7661s	1.4508	0.6290	0.5760
4
0256	0.8551	0.9514	1.3521	0.6600	1.1566s	1.4487	0.6270	0.5757
5
0257	0.8394	0.9464	1.3546	0.6620	0.4696s	1.4541	0.6230	0.5730
6
0258	0.8525	0.9557	1.3600	0.6580	1.1798s	1.4654	0.6210	0.5691
7
0259	0.8451	0.9550	1.3631	0.6620	0.5020s	1.4753	0.6190	0.5672
8
0260	0.8521	0.9543	1.3616	0.6620	1.0909s	1.4748	0.6230	0.5719
9
0261	0.8497	0.9521	1.3562	0.6660	0.7342s	1.4649	0.6220	0.5662
10
0262	0.8469	0.9507	1.3533	0.6640	1.0319s	1.4563	0.6290	0.5769
11
0263	0.8409	0.9507	1.3533	0.6620	0.2561s	1.4507	0.6320	0.5770
12
0264	0.8482	0.9507	1.3569	0.6620	1.1728s	1.4522	0.6300	0.5764
13
0265	0.8484	0.9550	1.3606	0.6620	0.6793s	1.4573	0.6240	0.5749
14
0266	0.8528	0.9457	1.3617	0.6520	0.5003s	1.4635	0.6280	0.5800
15
0267	0.8535	0.9500	1.3612	0.6440	1.1683s	1.4690	0.6160	0.5637
16
0268	0.8658	0.9500	1.3617	0.6540	0.4103s	1.4733	0.6180	0.5659
17
0269	0.8450	0.9579	1.3590	0.6580	1.0765s	1.4723	0.6180	0.5613
18
0270	0.8564	0.9586	1.3556	0.6580	1.0942s	1.4671	0.6180	0.5614
19
0271	0.8562	0.9486	1.3546	0.6580	0.8920s	1.4608	0.6210	0.5691
20
0272	0.8507	0.9514	1.3528	0.6640	0.9617s	1.4577	0.6210	0.5695
21
0273	0.8623	0.9471	1.3525	0.6620	1.0036s	1.4570	0.6220	0.5715
22
0274	0.8541	0.9479	1.3551	0.6640	0.5014s	1.4599	0.6210	0.5702
23
0275	0.8501	0.9514	1.3579	0.6620	1.1823s	1.4626	0.6170	0.5631
24
0276	0.8446	0.9564	1.3611	0.6600	0.8109s	1.4659	0.6210	0.5691
25
0277	0.8499	0.9521	1.3612	0.6560	1.1246s	1.4671	0.6250	0.5726
26
0278	0.8428	0.9550	1.3579	0.6560	0.7105s	1.4642	0.6220	0.5645
27
0279	0.8431	0.9443	1.3525	0.6580	0.8307s	1.4604	0.6260	0.5698
28
0280	0.8589	0.9529	1.3476	0.6680	1.1481s	1.4568	0.6280	0.5812
29
0281	0.8540	0.9586	1.3487	0.6660	0.2931s	1.4562	0.6290	0.5844
30
0282	0.8506	0.9464	1.3530	0.6720	0.8911s	1.4582	0.6290	0.5849
31
0283	0.8567	0.9443	1.3547	0.6640	1.1595s	1.4615	0.6230	0.5714
32
0284	0.8571	0.9486	1.3546	0.6680	0.2580s	1.4653	0.6240	0.5692
33
0285	0.8433	0.9507	1.3515	0.6620	1.0885s	1.4667	0.6210	0.5624
34
0286	0.8588	0.9521	1.3498	0.6600	0.7291s	1.4643	0.6230	0.5653
35
0287	0.8409	0.9507	1.3484	0.6520	0.2832s	1.4602	0.6220	0.5625
36
0288	0.8476	0.9536	1.3480	0.6580	1.2422s	1.4549	0.6240	0.5708
37
0289	0.8486	0.9543	1.3489	0.6620	0.5055s	1.4542	0.6270	0.5784
38
0290	0.8454	0.9507	1.3517	0.6660	1.0374s	1.4574	0.6250	0.5704
39
0291	0.8603	0.9414	1.3523	0.6740	0.8418s	1.4588	0.6260	0.5723
40
0292	0.8491	0.9514	1.3510	0.6700	1.0608s	1.4617	0.6250	0.5709
0
0293	0.8556	0.9571	1.3499	0.6660	1.0794s	1.4639	0.6230	0.5699
1
0294	0.8494	0.9521	1.3508	0.6640	0.7936s	1.4663	0.6210	0.5659
2
0295	0.8558	0.9500	1.3535	0.6640	1.1258s	1.4674	0.6210	0.5650
3
0296	0.8461	0.9579	1.3578	0.6580	1.0549s	1.4683	0.6200	0.5637
4
0297	0.8526	0.9471	1.3597	0.6540	1.0238s	1.4677	0.6210	0.5736
5
0298	0.8489	0.9457	1.3590	0.6540	0.2532s	1.4674	0.6240	0.5772
6
0299	0.8634	0.9464	1.3545	0.6580	1.2579s	1.4619	0.6270	0.5782
7
0300	0.8480	0.9493	1.3520	0.6640	0.5056s	1.4586	0.6290	0.5799
8
0301	0.8654	0.9471	1.3490	0.6640	1.1195s	1.4582	0.6270	0.5816
9
0302	0.8580	0.9464	1.3479	0.6720	0.7421s	1.4607	0.6250	0.5812
10
0303	0.8501	0.9564	1.3495	0.6740	0.4512s	1.4664	0.6250	0.5648
11
0304	0.8452	0.9557	1.3564	0.6680	1.2832s	1.4730	0.6250	0.5680
0
0305	0.8394	0.9536	1.3581	0.6700	0.7601s	1.4723	0.6280	0.5719
1
0306	0.8553	0.9464	1.3575	0.6620	1.1664s	1.4692	0.6290	0.5725
2
0307	0.8392	0.9450	1.3513	0.6620	0.2485s	1.4631	0.6260	0.5710
3
0308	0.8470	0.9493	1.3459	0.6640	1.0439s	1.4562	0.6230	0.5698
4
0309	0.8630	0.9500	1.3413	0.6660	0.5834s	1.4519	0.6260	0.5717
5
0310	0.8667	0.9457	1.3403	0.6680	1.2032s	1.4512	0.6290	0.5743
0
0311	0.8596	0.9593	1.3448	0.6720	0.8105s	1.4542	0.6250	0.5667
0
0312	0.8403	0.9436	1.3519	0.6740	1.3322s	1.4609	0.6250	0.5676
1
0313	0.8362	0.9486	1.3593	0.6680	0.5027s	1.4649	0.6210	0.5632
0
0314	0.8592	0.9614	1.3610	0.6720	1.0452s	1.4650	0.6240	0.5683
1
0315	0.8412	0.9550	1.3586	0.6660	1.0242s	1.4612	0.6230	0.5758
2
0316	0.8609	0.9457	1.3574	0.6720	0.5349s	1.4583	0.6240	0.5781
3
0317	0.8504	0.9486	1.3537	0.6680	1.1212s	1.4545	0.6240	0.5775
4
0318	0.8372	0.9493	1.3556	0.6700	0.6530s	1.4562	0.6250	0.5788
5
0319	0.8506	0.9514	1.3598	0.6640	1.0391s	1.4610	0.6300	0.5808
6
0320	0.8587	0.9564	1.3632	0.6680	0.8522s	1.4638	0.6290	0.5807
7
0321	0.8293	0.9607	1.3614	0.6520	1.1536s	1.4638	0.6230	0.5726
8
0322	0.8414	0.9536	1.3536	0.6600	0.9894s	1.4604	0.6230	0.5768
9
0323	0.8522	0.9471	1.3490	0.6660	0.9501s	1.4591	0.6240	0.5761
10
0324	0.8370	0.9507	1.3494	0.6640	1.1422s	1.4599	0.6230	0.5661
11
0325	0.8574	0.9450	1.3582	0.6660	0.2939s	1.4663	0.6240	0.5693
12
0326	0.8423	0.9493	1.3662	0.6680	1.0532s	1.4702	0.6230	0.5678
13
0327	0.8755	0.9443	1.3712	0.6680	0.9539s	1.4721	0.6160	0.5573
14
0328	0.8370	0.9536	1.3709	0.6640	1.2090s	1.4681	0.6160	0.5657
15
0329	0.8317	0.9486	1.3685	0.6620	0.6939s	1.4621	0.6160	0.5669
16
0330	0.8512	0.9543	1.3637	0.6600	1.2289s	1.4565	0.6190	0.5735
17
0331	0.8533	0.9550	1.3582	0.6580	0.2931s	1.4540	0.6230	0.5765
18
0332	0.8515	0.9529	1.3556	0.6560	1.1492s	1.4551	0.6220	0.5730
19
0333	0.8586	0.9471	1.3570	0.6560	0.8476s	1.4603	0.6190	0.5691
20
0334	0.8443	0.9486	1.3583	0.6620	1.2009s	1.4639	0.6220	0.5652
21
0335	0.8471	0.9507	1.3626	0.6620	0.9317s	1.4676	0.6220	0.5673
22
0336	0.8550	0.9443	1.3621	0.6600	0.9081s	1.4665	0.6220	0.5685
23
0337	0.8437	0.9543	1.3587	0.6620	1.0502s	1.4600	0.6210	0.5654
24
0338	0.8465	0.9657	1.3564	0.6620	0.9999s	1.4568	0.6280	0.5695
25
0339	0.8470	0.9550	1.3562	0.6560	0.9336s	1.4593	0.6300	0.5710
26
0340	0.8241	0.9579	1.3569	0.6520	1.1535s	1.4637	0.6200	0.5550
27
0341	0.8603	0.9479	1.3582	0.6580	0.9169s	1.4665	0.6200	0.5654
28
0342	0.8472	0.9457	1.3586	0.6560	1.0560s	1.4680	0.6210	0.5737
29
0343	0.8403	0.9500	1.3571	0.6580	0.9439s	1.4673	0.6210	0.5651
30
0344	0.8468	0.9429	1.3539	0.6660	1.1731s	1.4670	0.6230	0.5678
31
0345	0.8724	0.9586	1.3477	0.6660	0.8275s	1.4645	0.6260	0.5696
32
0346	0.8456	0.9507	1.3448	0.6640	1.2190s	1.4606	0.6310	0.5770
33
0347	0.8395	0.9536	1.3475	0.6660	0.2964s	1.4583	0.6300	0.5736
34
0348	0.8492	0.9564	1.3500	0.6600	0.8280s	1.4562	0.6260	0.5674
35
0349	0.8522	0.9557	1.3515	0.6600	1.0022s	1.4569	0.6200	0.5607
36
0350	0.8638	0.9564	1.3530	0.6600	0.3056s	1.4596	0.6190	0.5606
37
0351	0.8435	0.9507	1.3553	0.6640	1.0652s	1.4629	0.6170	0.5686
38
0352	0.8393	0.9493	1.3564	0.6620	0.9741s	1.4630	0.6170	0.5713
39
0353	0.8407	0.9564	1.3553	0.6580	1.0601s	1.4605	0.6150	0.5587
40
0354	0.8570	0.9507	1.3554	0.6660	0.8462s	1.4574	0.6150	0.5590
41
0355	0.8361	0.9486	1.3547	0.6660	1.1104s	1.4534	0.6190	0.5640
42
0356	0.8511	0.9386	1.3547	0.6760	1.0273s	1.4516	0.6200	0.5657
43
0357	0.8643	0.9600	1.3557	0.6660	0.9723s	1.4528	0.6210	0.5692
0
0358	0.8391	0.9579	1.3536	0.6680	0.9202s	1.4520	0.6210	0.5669
1
0359	0.8427	0.9543	1.3559	0.6660	0.2623s	1.4549	0.6260	0.5707
2
0360	0.8462	0.9436	1.3590	0.6600	1.1669s	1.4566	0.6260	0.5717
3
0361	0.8596	0.9521	1.3635	0.6540	0.7434s	1.4587	0.6230	0.5674
4
0362	0.8502	0.9629	1.3646	0.6560	1.1643s	1.4584	0.6260	0.5683
5
0363	0.8586	0.9507	1.3644	0.6620	0.6542s	1.4580	0.6290	0.5714
6
0364	0.8531	0.9500	1.3604	0.6600	1.1908s	1.4577	0.6340	0.5811
7
0365	0.8443	0.9536	1.3550	0.6620	0.8772s	1.4578	0.6320	0.5806
8
0366	0.8647	0.9464	1.3531	0.6660	0.9688s	1.4603	0.6240	0.5749
9
0367	0.8624	0.9500	1.3522	0.6660	1.0564s	1.4601	0.6210	0.5689
10
0368	0.8582	0.9414	1.3485	0.6660	1.0715s	1.4565	0.6220	0.5713
11
0369	0.8531	0.9479	1.3457	0.6660	1.0587s	1.4518	0.6210	0.5664
12
0370	0.8456	0.9479	1.3488	0.6680	1.0170s	1.4539	0.6220	0.5616
13
0371	0.8239	0.9443	1.3512	0.6600	0.8594s	1.4573	0.6240	0.5654
14
0372	0.8466	0.9507	1.3538	0.6560	1.1184s	1.4620	0.6240	0.5730
15
0373	0.8497	0.9514	1.3560	0.6540	0.4758s	1.4659	0.6240	0.5748
16
0374	0.8336	0.9521	1.3570	0.6600	1.2100s	1.4664	0.6280	0.5832
17
0375	0.8486	0.9564	1.3554	0.6600	0.4091s	1.4629	0.6290	0.5833
18
0376	0.8445	0.9500	1.3534	0.6660	1.0798s	1.4578	0.6260	0.5794
19
0377	0.8636	0.9514	1.3516	0.6740	0.8553s	1.4531	0.6260	0.5795
20
0378	0.8499	0.9450	1.3495	0.6700	1.0710s	1.4517	0.6250	0.5793
21
0379	0.8504	0.9614	1.3489	0.6660	0.9463s	1.4541	0.6260	0.5768
22
0380	0.8504	0.9550	1.3471	0.6600	0.6375s	1.4598	0.6250	0.5764
23
0381	0.8282	0.9564	1.3470	0.6600	0.3324s	1.4642	0.6230	0.5655
24
0382	0.8474	0.9514	1.3483	0.6640	1.1868s	1.4652	0.6270	0.5706
25
0383	0.8314	0.9614	1.3480	0.6700	0.2716s	1.4624	0.6290	0.5734
26
0384	0.8315	0.9543	1.3497	0.6720	1.0683s	1.4594	0.6260	0.5698
27
0385	0.8573	0.9507	1.3504	0.6760	0.9086s	1.4553	0.6220	0.5738
28
0386	0.8453	0.9479	1.3565	0.6740	1.1459s	1.4552	0.6200	0.5737
0
0387	0.8522	0.9514	1.3601	0.6660	0.8061s	1.4558	0.6220	0.5776
1
0388	0.8408	0.9457	1.3595	0.6580	0.6044s	1.4565	0.6220	0.5747
2
0389	0.8279	0.9600	1.3551	0.6560	1.0283s	1.4557	0.6250	0.5779
3
0390	0.8572	0.9343	1.3498	0.6600	0.6871s	1.4536	0.6250	0.5787
4
0391	0.8564	0.9507	1.3474	0.6640	1.0475s	1.4524	0.6240	0.5685
5
0392	0.8602	0.9457	1.3524	0.6600	0.9410s	1.4552	0.6170	0.5649
6
0393	0.8436	0.9486	1.3557	0.6680	1.0583s	1.4587	0.6230	0.5734
7
0394	0.8348	0.9593	1.3581	0.6680	1.1654s	1.4612	0.6230	0.5747
8
0395	0.8442	0.9486	1.3590	0.6660	0.4563s	1.4622	0.6240	0.5818
9
0396	0.8425	0.9614	1.3561	0.6640	1.0946s	1.4582	0.6230	0.5777
10
0397	0.8290	0.9543	1.3524	0.6660	0.6687s	1.4549	0.6260	0.5815
11
0398	0.8392	0.9536	1.3518	0.6580	0.9220s	1.4549	0.6330	0.5853
12
0399	0.8410	0.9514	1.3530	0.6580	0.6518s	1.4556	0.6300	0.5834
13
0400	0.8465	0.9479	1.3548	0.6560	1.0883s	1.4579	0.6270	0.5813
14
0401	0.8499	0.9514	1.3550	0.6560	0.9710s	1.4587	0.6270	0.5810
15
0402	0.8551	0.9493	1.3525	0.6680	0.8482s	1.4584	0.6280	0.5839
16
0403	0.8314	0.9429	1.3511	0.6680	0.9732s	1.4587	0.6250	0.5827
17
0404	0.8518	0.9464	1.3513	0.6660	0.5967s	1.4575	0.6290	0.5873
18
0405	0.8551	0.9479	1.3522	0.6660	1.2162s	1.4563	0.6310	0.5839
19
0406	0.8464	0.9407	1.3553	0.6680	0.3555s	1.4555	0.6280	0.5782
20
0407	0.8625	0.9529	1.3593	0.6640	1.0277s	1.4579	0.6220	0.5690
21
0408	0.8461	0.9421	1.3604	0.6620	0.7999s	1.4605	0.6190	0.5701
22
0409	0.8601	0.9507	1.3591	0.6640	1.0383s	1.4632	0.6190	0.5606
23
0410	0.8326	0.9521	1.3554	0.6720	1.0620s	1.4635	0.6160	0.5584
24
0411	0.8391	0.9536	1.3514	0.6660	1.0127s	1.4609	0.6220	0.5698
25
0412	0.8429	0.9443	1.3513	0.6600	0.8595s	1.4576	0.6220	0.5673
26
0413	0.8521	0.9500	1.3523	0.6620	1.0038s	1.4565	0.6210	0.5757
27
0414	0.8550	0.9464	1.3565	0.6560	0.8692s	1.4587	0.6210	0.5656
28
0415	0.8587	0.9479	1.3596	0.6580	1.0844s	1.4611	0.6200	0.5657
29
0416	0.8275	0.9636	1.3569	0.6600	0.4689s	1.4591	0.6280	0.5760
30
0417	0.8481	0.9529	1.3527	0.6640	1.1046s	1.4566	0.6270	0.5689
31
0418	0.8479	0.9493	1.3482	0.6680	1.1449s	1.4542	0.6260	0.5691
32
0419	0.8262	0.9521	1.3442	0.6700	0.6234s	1.4544	0.6220	0.5739
33
0420	0.8476	0.9529	1.3465	0.6680	1.2331s	1.4582	0.6220	0.5731
34
0421	0.8681	0.9479	1.3505	0.6680	0.9722s	1.4605	0.6230	0.5733
35
0422	0.8350	0.9514	1.3523	0.6620	1.3262s	1.4598	0.6220	0.5736
36
0423	0.8416	0.9550	1.3525	0.6620	0.3433s	1.4580	0.6250	0.5779
37
0424	0.8540	0.9543	1.3521	0.6640	1.2565s	1.4569	0.6260	0.5786
38
0425	0.8382	0.9579	1.3529	0.6620	0.5495s	1.4575	0.6250	0.5671
39
0426	0.8440	0.9493	1.3517	0.6680	0.6727s	1.4577	0.6260	0.5695
40
0427	0.8453	0.9507	1.3478	0.6740	1.0153s	1.4553	0.6230	0.5649
41
0428	0.8425	0.9543	1.3485	0.6700	0.2711s	1.4573	0.6230	0.5669
42
0429	0.8535	0.9571	1.3541	0.6620	1.0452s	1.4625	0.6240	0.5671
43
0430	0.8430	0.9600	1.3571	0.6600	1.0193s	1.4662	0.6250	0.5676
44
0431	0.8534	0.9564	1.3570	0.6580	1.0658s	1.4649	0.6220	0.5708
45
0432	0.8253	0.9571	1.3533	0.6680	1.0775s	1.4622	0.6250	0.5781
46
0433	0.8474	0.9529	1.3511	0.6700	0.8617s	1.4621	0.6230	0.5764
47
0434	0.8615	0.9564	1.3488	0.6700	1.1731s	1.4625	0.6200	0.5759
48
0435	0.8501	0.9500	1.3456	0.6660	1.0968s	1.4609	0.6180	0.5745
49
0436	0.8419	0.9471	1.3458	0.6680	1.0975s	1.4611	0.6250	0.5721
50
0437	0.8409	0.9564	1.3498	0.6600	0.9503s	1.4599	0.6270	0.5735
51
0438	0.8427	0.9450	1.3559	0.6600	1.2281s	1.4577	0.6350	0.5809
52
0439	0.8372	0.9414	1.3603	0.6660	0.7193s	1.4568	0.6330	0.5828
53
0440	0.8460	0.9529	1.3595	0.6720	1.1439s	1.4582	0.6330	0.5836
54
0441	0.8283	0.9586	1.3531	0.6740	0.9405s	1.4597	0.6190	0.5750
55
0442	0.8421	0.9500	1.3511	0.6700	1.0843s	1.4647	0.6190	0.5702
56
0443	0.8459	0.9557	1.3523	0.6700	1.0185s	1.4682	0.6160	0.5670
57
0444	0.8425	0.9500	1.3538	0.6680	0.9127s	1.4642	0.6190	0.5720
58
0445	0.8466	0.9571	1.3558	0.6660	0.5054s	1.4582	0.6200	0.5725
59
0446	0.8472	0.9586	1.3575	0.6600	1.1397s	1.4543	0.6250	0.5770
60
0447	0.8348	0.9471	1.3539	0.6700	0.5294s	1.4517	0.6280	0.5843
61
0448	0.8325	0.9607	1.3511	0.6680	1.1550s	1.4530	0.6230	0.5733
62
0449	0.8381	0.9507	1.3480	0.6680	0.5022s	1.4540	0.6290	0.5800
63
0450	0.8376	0.9529	1.3477	0.6720	1.0003s	1.4576	0.6280	0.5780
64
0451	0.8436	0.9421	1.3509	0.6760	1.1365s	1.4606	0.6230	0.5642
65
0452	0.8581	0.9536	1.3534	0.6740	1.0498s	1.4614	0.6230	0.5724
0
0453	0.8476	0.9450	1.3545	0.6740	0.9156s	1.4588	0.6200	0.5700
1
0454	0.8538	0.9457	1.3572	0.6720	0.9427s	1.4593	0.6200	0.5691
2
0455	0.8454	0.9543	1.3563	0.6600	0.5441s	1.4576	0.6220	0.5726
3
0456	0.8530	0.9486	1.3546	0.6620	1.0893s	1.4574	0.6210	0.5735
4
0457	0.8508	0.9457	1.3522	0.6620	0.9019s	1.4560	0.6250	0.5718
5
0458	0.8491	0.9486	1.3510	0.6620	0.9631s	1.4536	0.6270	0.5720
6
0459	0.8369	0.9571	1.3488	0.6620	1.0719s	1.4512	0.6270	0.5783
7
0460	0.8495	0.9550	1.3481	0.6660	1.1071s	1.4497	0.6260	0.5806
8
0461	0.8360	0.9507	1.3500	0.6680	1.0613s	1.4496	0.6230	0.5730
9
0462	0.8443	0.9521	1.3517	0.6740	0.9933s	1.4521	0.6210	0.5717
10
0463	0.8566	0.9443	1.3529	0.6680	0.9476s	1.4558	0.6190	0.5693
11
0464	0.8580	0.9543	1.3540	0.6600	1.1215s	1.4601	0.6210	0.5704
12
0465	0.8408	0.9464	1.3564	0.6520	0.3325s	1.4624	0.6180	0.5670
13
0466	0.8429	0.9514	1.3604	0.6520	1.0593s	1.4628	0.6220	0.5739
14
0467	0.8575	0.9507	1.3607	0.6540	1.0175s	1.4614	0.6230	0.5769
15
0468	0.8375	0.9450	1.3577	0.6580	1.0084s	1.4586	0.6250	0.5786
16
0469	0.8375	0.9579	1.3522	0.6600	0.9241s	1.4564	0.6260	0.5768
17
0470	0.8413	0.9507	1.3519	0.6580	0.9703s	1.4599	0.6220	0.5623
18
0471	0.8547	0.9457	1.3525	0.6540	0.9550s	1.4619	0.6190	0.5609
19
0472	0.8332	0.9529	1.3553	0.6680	1.0739s	1.4623	0.6160	0.5584
20
0473	0.8489	0.9493	1.3604	0.6640	0.3079s	1.4638	0.6210	0.5694
21
0474	0.8273	0.9586	1.3629	0.6620	0.4497s	1.4654	0.6190	0.5677
22
0475	0.8588	0.9557	1.3589	0.6660	1.2382s	1.4644	0.6210	0.5760
23
0476	0.8731	0.9529	1.3501	0.6640	0.2927s	1.4589	0.6200	0.5635
24
0477	0.8289	0.9586	1.3446	0.6620	1.1466s	1.4547	0.6200	0.5666
25
0478	0.8539	0.9529	1.3434	0.6660	0.9135s	1.4550	0.6170	0.5653
26
0479	0.8316	0.9500	1.3446	0.6680	0.9790s	1.4577	0.6190	0.5667
27
0480	0.8424	0.9550	1.3471	0.6740	1.0589s	1.4616	0.6180	0.5689
28
0481	0.8467	0.9436	1.3452	0.6780	1.0170s	1.4626	0.6220	0.5709
29
0482	0.8379	0.9507	1.3476	0.6760	0.8925s	1.4660	0.6250	0.5729
0
0483	0.8607	0.9371	1.3468	0.6700	1.1217s	1.4637	0.6280	0.5745
1
0484	0.8274	0.9479	1.3487	0.6680	1.0353s	1.4625	0.6270	0.5741
2
0485	0.8252	0.9529	1.3499	0.6640	0.6041s	1.4620	0.6250	0.5729
3
0486	0.8471	0.9514	1.3527	0.6580	1.1936s	1.4661	0.6210	0.5692
4
0487	0.8516	0.9421	1.3538	0.6520	0.7228s	1.4678	0.6240	0.5732
5
0488	0.8490	0.9564	1.3539	0.6680	0.5387s	1.4675	0.6240	0.5721
6
0489	0.8291	0.9571	1.3508	0.6740	1.0974s	1.4629	0.6260	0.5701
7
0490	0.8356	0.9579	1.3473	0.6800	0.2637s	1.4563	0.6290	0.5724
8
0491	0.8476	0.9564	1.3460	0.6820	1.2618s	1.4540	0.6320	0.5858
0
0492	0.8435	0.9600	1.3455	0.6780	0.8985s	1.4566	0.6300	0.5815
0
0493	0.8389	0.9543	1.3468	0.6680	1.1551s	1.4621	0.6260	0.5780
1
0494	0.8499	0.9536	1.3488	0.6700	0.8059s	1.4655	0.6210	0.5644
2
0495	0.8562	0.9529	1.3493	0.6680	1.0583s	1.4646	0.6200	0.5648
3
0496	0.8556	0.9486	1.3513	0.6680	0.9674s	1.4612	0.6200	0.5658
4
0497	0.8430	0.9450	1.3534	0.6700	1.1410s	1.4575	0.6190	0.5650
5
0498	0.8461	0.9564	1.3539	0.6760	0.2627s	1.4540	0.6180	0.5615
6
0499	0.8405	0.9571	1.3544	0.6720	1.1847s	1.4512	0.6190	0.5626
7
0500	0.8424	0.9586	1.3550	0.6660	0.3468s	1.4521	0.6180	0.5593
8
0501	0.8327	0.9521	1.3555	0.6620	1.0830s	1.4553	0.6230	0.5753
9
0502	0.8339	0.9457	1.3539	0.6580	0.9210s	1.4585	0.6240	0.5744
10
0503	0.8395	0.9429	1.3522	0.6640	1.0472s	1.4625	0.6250	0.5808
11
0504	0.8298	0.9436	1.3531	0.6660	1.0177s	1.4672	0.6200	0.5681
12
0505	0.8487	0.9621	1.3527	0.6660	0.5372s	1.4679	0.6190	0.5681
13
0506	0.8490	0.9429	1.3537	0.6620	1.1453s	1.4676	0.6160	0.5631
14
0507	0.8382	0.9607	1.3562	0.6580	0.2987s	1.4666	0.6210	0.5671
15
0508	0.8508	0.9521	1.3571	0.6660	1.0863s	1.4672	0.6280	0.5728
16
0509	0.8351	0.9571	1.3577	0.6680	0.2914s	1.4692	0.6250	0.5723
17
0510	0.8471	0.9500	1.3534	0.6640	1.1115s	1.4682	0.6260	0.5795
18
0511	0.8265	0.9571	1.3498	0.6700	0.9875s	1.4670	0.6240	0.5727
19
0512	0.8463	0.9521	1.3474	0.6760	0.8884s	1.4666	0.6230	0.5722
20
0513	0.8512	0.9507	1.3499	0.6720	0.6042s	1.4669	0.6230	0.5725
21
0514	0.8441	0.9550	1.3531	0.6620	1.2130s	1.4684	0.6260	0.5791
22
0515	0.8432	0.9550	1.3517	0.6620	0.6199s	1.4683	0.6250	0.5722
23
0516	0.8464	0.9536	1.3503	0.6580	1.1579s	1.4667	0.6210	0.5710
24
0517	0.8427	0.9429	1.3515	0.6600	1.2119s	1.4678	0.6210	0.5693
25
0518	0.8325	0.9464	1.3555	0.6620	1.0807s	1.4675	0.6200	0.5638
26
0519	0.8336	0.9514	1.3581	0.6560	0.7008s	1.4653	0.6200	0.5635
27
0520	0.8552	0.9464	1.3607	0.6560	1.2249s	1.4634	0.6250	0.5694
28
0521	0.8313	0.9436	1.3599	0.6580	1.0237s	1.4612	0.6220	0.5764
29
0522	0.8503	0.9543	1.3570	0.6560	1.0699s	1.4601	0.6250	0.5788
30
0523	0.8395	0.9471	1.3532	0.6640	1.1761s	1.4617	0.6210	0.5745
31
0524	0.8308	0.9586	1.3509	0.6640	0.9600s	1.4623	0.6240	0.5784
32
0525	0.8618	0.9536	1.3510	0.6600	1.0111s	1.4659	0.6230	0.5753
33
0526	0.8415	0.9436	1.3531	0.6640	0.9575s	1.4672	0.6210	0.5742
34
0527	0.8274	0.9493	1.3600	0.6660	1.1138s	1.4701	0.6180	0.5691
35
0528	0.8459	0.9529	1.3622	0.6700	1.0669s	1.4700	0.6170	0.5711
36
0529	0.8353	0.9586	1.3588	0.6600	1.1880s	1.4666	0.6190	0.5720
37
0530	0.8491	0.9479	1.3524	0.6600	0.3524s	1.4622	0.6190	0.5693
38
0531	0.8568	0.9564	1.3465	0.6600	1.2418s	1.4612	0.6190	0.5679
39
0532	0.8303	0.9486	1.3435	0.6620	0.8424s	1.4619	0.6190	0.5676
40
0533	0.8324	0.9507	1.3427	0.6600	1.2625s	1.4619	0.6220	0.5739
41
0534	0.8495	0.9593	1.3453	0.6640	0.2906s	1.4644	0.6230	0.5756
42
0535	0.8470	0.9521	1.3486	0.6640	1.0444s	1.4639	0.6250	0.5775
43
0536	0.8383	0.9536	1.3546	0.6680	1.0850s	1.4660	0.6220	0.5787
44
0537	0.8398	0.9514	1.3572	0.6680	1.1768s	1.4683	0.6210	0.5727
45
0538	0.8280	0.9529	1.3565	0.6620	0.6528s	1.4686	0.6230	0.5734
46
0539	0.8430	0.9600	1.3527	0.6560	1.1811s	1.4669	0.6220	0.5707
47
0540	0.8401	0.9614	1.3493	0.6600	1.0975s	1.4635	0.6250	0.5708
48
0541	0.8493	0.9521	1.3463	0.6620	1.1787s	1.4605	0.6210	0.5710
49
0542	0.8485	0.9450	1.3474	0.6680	0.3830s	1.4594	0.6220	0.5731
50
0543	0.8439	0.9557	1.3505	0.6680	0.7622s	1.4618	0.6250	0.5761
51
0544	0.8397	0.9664	1.3550	0.6600	0.7342s	1.4658	0.6230	0.5707
52
0545	0.8541	0.9507	1.3582	0.6600	0.9923s	1.4696	0.6220	0.5628
53
0546	0.8204	0.9621	1.3602	0.6680	0.8516s	1.4720	0.6270	0.5673
54
0547	0.8426	0.9593	1.3609	0.6700	1.0556s	1.4688	0.6280	0.5780
55
0548	0.8402	0.9564	1.3624	0.6720	0.2853s	1.4659	0.6240	0.5798
56
0549	0.8342	0.9536	1.3618	0.6660	1.0398s	1.4609	0.6220	0.5805
57
0550	0.8445	0.9414	1.3601	0.6700	0.7678s	1.4576	0.6220	0.5807
58
0551	0.8292	0.9536	1.3565	0.6700	1.0941s	1.4564	0.6220	0.5811
59
0552	0.8351	0.9529	1.3553	0.6660	0.8508s	1.4580	0.6220	0.5804
60
0553	0.8446	0.9557	1.3571	0.6620	1.1962s	1.4597	0.6240	0.5814
61
0554	0.8356	0.9571	1.3584	0.6680	0.3587s	1.4619	0.6220	0.5777
62
0555	0.8338	0.9557	1.3570	0.6680	0.8702s	1.4637	0.6220	0.5708
63
0556	0.8449	0.9464	1.3537	0.6700	0.8161s	1.4630	0.6200	0.5712
64
0557	0.8416	0.9514	1.3526	0.6640	1.0786s	1.4632	0.6190	0.5718
65
0558	0.8537	0.9507	1.3540	0.6640	0.7841s	1.4652	0.6150	0.5601
66
0559	0.8413	0.9550	1.3547	0.6600	1.0689s	1.4663	0.6130	0.5579
67
0560	0.8535	0.9543	1.3542	0.6620	0.3242s	1.4645	0.6140	0.5615
68
0561	0.8530	0.9593	1.3568	0.6660	1.2727s	1.4636	0.6180	0.5773
69
0562	0.8456	0.9436	1.3571	0.6660	1.0292s	1.4614	0.6210	0.5774
70
0563	0.8386	0.9607	1.3550	0.6680	0.8570s	1.4592	0.6220	0.5750
71
0564	0.8332	0.9521	1.3507	0.6640	0.8745s	1.4568	0.6240	0.5763
72
0565	0.8440	0.9429	1.3476	0.6660	1.0645s	1.4575	0.6220	0.5717
73
0566	0.8265	0.9557	1.3475	0.6700	0.3581s	1.4621	0.6190	0.5601
74
0567	0.8424	0.9529	1.3527	0.6720	0.9774s	1.4721	0.6140	0.5567
75
0568	0.8215	0.9536	1.3560	0.6620	0.9594s	1.4761	0.6130	0.5564
76
0569	0.8492	0.9493	1.3551	0.6660	0.7244s	1.4726	0.6170	0.5634
77
0570	0.8409	0.9507	1.3530	0.6680	1.1510s	1.4669	0.6180	0.5713
78
0571	0.8359	0.9543	1.3513	0.6660	0.8573s	1.4599	0.6180	0.5741
79
0572	0.8512	0.9521	1.3505	0.6640	1.1796s	1.4556	0.6210	0.5803
80
0573	0.8282	0.9521	1.3505	0.6620	0.8003s	1.4558	0.6160	0.5721
81
0574	0.8472	0.9571	1.3542	0.6640	1.1367s	1.4629	0.6130	0.5598
82
0575	0.8409	0.9514	1.3578	0.6640	0.4284s	1.4713	0.6120	0.5582
83
0576	0.8445	0.9514	1.3565	0.6680	1.2188s	1.4728	0.6140	0.5599
84
0577	0.8446	0.9471	1.3545	0.6700	0.2594s	1.4689	0.6190	0.5654
85
0578	0.8330	0.9443	1.3528	0.6700	1.0106s	1.4659	0.6190	0.5622
86
0579	0.8405	0.9650	1.3519	0.6640	0.8966s	1.4633	0.6150	0.5580
87
0580	0.8349	0.9550	1.3518	0.6620	1.1596s	1.4611	0.6220	0.5743
88
0581	0.8492	0.9471	1.3545	0.6560	0.5395s	1.4601	0.6190	0.5739
89
0582	0.8373	0.9514	1.3553	0.6540	0.7478s	1.4590	0.6160	0.5713
90
0583	0.8594	0.9514	1.3558	0.6560	1.1975s	1.4586	0.6150	0.5722
91
0584	0.8312	0.9607	1.3559	0.6560	0.2820s	1.4597	0.6160	0.5744
92
0585	0.8452	0.9650	1.3599	0.6660	0.9592s	1.4628	0.6200	0.5756
93
0586	0.8533	0.9579	1.3629	0.6600	1.1639s	1.4650	0.6170	0.5669
94
0587	0.8421	0.9557	1.3643	0.6640	0.5807s	1.4690	0.6200	0.5717
95
0588	0.8436	0.9629	1.3644	0.6600	0.8979s	1.4709	0.6210	0.5617
96
0589	0.8383	0.9507	1.3621	0.6640	1.1303s	1.4705	0.6170	0.5605
97
0590	0.8437	0.9471	1.3576	0.6620	1.1485s	1.4663	0.6200	0.5631
98
0591	0.8330	0.9600	1.3536	0.6660	0.9524s	1.4618	0.6170	0.5625
99
0592	0.8309	0.9543	1.3531	0.6660	1.1822s	1.4602	0.6170	0.5617
100
0593	0.8448	0.9550	1.3559	0.6660	0.8852s	1.4613	0.6190	0.5730
101
0594	0.8537	0.9443	1.3586	0.6640	1.2550s	1.4631	0.6210	0.5769
102
0595	0.8466	0.9407	1.3619	0.6540	0.9710s	1.4671	0.6220	0.5788
103
0596	0.8438	0.9600	1.3619	0.6580	1.1697s	1.4700	0.6180	0.5724
104
0597	0.8401	0.9493	1.3628	0.6580	0.7138s	1.4719	0.6150	0.5608
105
0598	0.8428	0.9507	1.3629	0.6540	0.7708s	1.4710	0.6200	0.5644
106
0599	0.8334	0.9536	1.3603	0.6660	0.7450s	1.4682	0.6220	0.5682
107
0600	0.8379	0.9536	1.3570	0.6680	0.6377s	1.4670	0.6200	0.5673
108
0601	0.8410	0.9614	1.3551	0.6640	1.2067s	1.4678	0.6230	0.5685
109
0602	0.8431	0.9557	1.3563	0.6580	1.0485s	1.4687	0.6240	0.5752
110
0603	0.8512	0.9536	1.3574	0.6540	0.3443s	1.4701	0.6230	0.5739
111
0604	0.8583	0.9514	1.3545	0.6540	1.1297s	1.4664	0.6210	0.5709
112
0605	0.8305	0.9514	1.3475	0.6520	0.2575s	1.4596	0.6260	0.5809
113
0606	0.8524	0.9514	1.3456	0.6600	0.9006s	1.4567	0.6290	0.5725
114
0607	0.8363	0.9471	1.3488	0.6640	0.2662s	1.4576	0.6270	0.5716
115
0608	0.8529	0.9436	1.3514	0.6620	0.9841s	1.4602	0.6230	0.5730
116
0609	0.8248	0.9557	1.3550	0.6620	1.0534s	1.4655	0.6230	0.5710
117
0610	0.8424	0.9571	1.3567	0.6620	1.1547s	1.4684	0.6250	0.5723
118
0611	0.8354	0.9557	1.3563	0.6560	0.8392s	1.4679	0.6240	0.5787
119
0612	0.8320	0.9550	1.3544	0.6520	0.9433s	1.4657	0.6260	0.5714
120
0613	0.8300	0.9607	1.3526	0.6460	0.8880s	1.4644	0.6220	0.5650
121
0614	0.8282	0.9607	1.3515	0.6460	0.5277s	1.4624	0.6270	0.5702
122
0615	0.8391	0.9529	1.3485	0.6560	1.0237s	1.4578	0.6310	0.5725
123
0616	0.8211	0.9529	1.3457	0.6600	1.0942s	1.4533	0.6290	0.5692
124
0617	0.8235	0.9536	1.3478	0.6580	1.0123s	1.4536	0.6240	0.5794
125
0618	0.8569	0.9507	1.3550	0.6580	1.0967s	1.4576	0.6180	0.5761
126
0619	0.8269	0.9486	1.3616	0.6540	0.2938s	1.4643	0.6160	0.5710
127
0620	0.8513	0.9479	1.3644	0.6540	1.1678s	1.4714	0.6160	0.5741
128
0621	0.8360	0.9521	1.3604	0.6580	0.4400s	1.4720	0.6160	0.5638
129
0622	0.8275	0.9600	1.3566	0.6560	0.9150s	1.4712	0.6160	0.5617
130
0623	0.8336	0.9543	1.3513	0.6560	1.1140s	1.4663	0.6190	0.5650
131
0624	0.8531	0.9557	1.3487	0.6580	1.0144s	1.4612	0.6190	0.5639
132
0625	0.8476	0.9550	1.3510	0.6580	0.8342s	1.4596	0.6260	0.5723
133
0626	0.8341	0.9464	1.3564	0.6600	0.4194s	1.4610	0.6280	0.5758
134
0627	0.8424	0.9579	1.3590	0.6580	1.0641s	1.4614	0.6250	0.5827
135
0628	0.8391	0.9436	1.3588	0.6600	0.5199s	1.4610	0.6220	0.5798
136
0629	0.8350	0.9479	1.3575	0.6600	1.1822s	1.4612	0.6240	0.5853
137
0630	0.8379	0.9529	1.3518	0.6600	0.4829s	1.4581	0.6250	0.5843
138
0631	0.8328	0.9536	1.3436	0.6640	0.2857s	1.4521	0.6250	0.5696
139
0632	0.8330	0.9579	1.3411	0.6640	1.0598s	1.4494	0.6260	0.5668
140
0633	0.8349	0.9543	1.3438	0.6660	0.2914s	1.4520	0.6290	0.5745
141
0634	0.8353	0.9557	1.3506	0.6660	1.1289s	1.4610	0.6240	0.5692
142
0635	0.8424	0.9636	1.3561	0.6680	0.7144s	1.4710	0.6220	0.5688
143
0636	0.8430	0.9429	1.3579	0.6640	0.9010s	1.4771	0.6170	0.5649
144
0637	0.8412	0.9600	1.3555	0.6700	1.2425s	1.4772	0.6190	0.5685
145
0638	0.8451	0.9400	1.3512	0.6640	0.6570s	1.4722	0.6200	0.5679
146
0639	0.8306	0.9579	1.3498	0.6600	1.0693s	1.4668	0.6200	0.5730
147
0640	0.8388	0.9571	1.3507	0.6560	1.0807s	1.4628	0.6190	0.5725
148
0641	0.8332	0.9621	1.3520	0.6600	1.1029s	1.4592	0.6240	0.5742
149
0642	0.8306	0.9479	1.3544	0.6660	0.9825s	1.4598	0.6240	0.5759
150
0643	0.8250	0.9600	1.3552	0.6680	1.2293s	1.4596	0.6210	0.5636
151
0644	0.8403	0.9564	1.3558	0.6660	0.6474s	1.4592	0.6220	0.5680
152
0645	0.8443	0.9521	1.3579	0.6620	1.2244s	1.4587	0.6190	0.5706
153
0646	0.8307	0.9607	1.3601	0.6620	0.9129s	1.4582	0.6210	0.5749
154
0647	0.8415	0.9636	1.3594	0.6640	1.2487s	1.4592	0.6170	0.5697
155
0648	0.8373	0.9486	1.3574	0.6640	0.9305s	1.4601	0.6270	0.5793
156
0649	0.8484	0.9529	1.3549	0.6740	1.1640s	1.4605	0.6230	0.5741
157
0650	0.8521	0.9529	1.3551	0.6760	1.0734s	1.4630	0.6200	0.5715
158
0651	0.8409	0.9564	1.3543	0.6740	0.9069s	1.4645	0.6180	0.5683
159
0652	0.8427	0.9429	1.3543	0.6720	0.8669s	1.4650	0.6210	0.5726
160
0653	0.8383	0.9543	1.3554	0.6600	1.2107s	1.4626	0.6230	0.5785
161
0654	0.8316	0.9593	1.3541	0.6600	0.4915s	1.4585	0.6250	0.5796
162
0655	0.8288	0.9614	1.3529	0.6680	1.0588s	1.4582	0.6240	0.5823
163
0656	0.8239	0.9543	1.3504	0.6660	0.7129s	1.4589	0.6200	0.5785
164
0657	0.8221	0.9543	1.3475	0.6620	1.1428s	1.4604	0.6180	0.5730
165
0658	0.8403	0.9429	1.3454	0.6680	0.3075s	1.4607	0.6170	0.5678
166
0659	0.8251	0.9629	1.3435	0.6640	1.1562s	1.4593	0.6200	0.5724
167
0660	0.8442	0.9521	1.3452	0.6720	1.0120s	1.4591	0.6210	0.5692
168
0661	0.8445	0.9579	1.3511	0.6680	1.0892s	1.4606	0.6230	0.5744
169
0662	0.8371	0.9450	1.3561	0.6680	1.0462s	1.4623	0.6200	0.5743
170
0663	0.8366	0.9521	1.3558	0.6620	1.1700s	1.4606	0.6220	0.5769
171
0664	0.8407	0.9514	1.3551	0.6620	1.0333s	1.4607	0.6220	0.5762
172
0665	0.8506	0.9479	1.3523	0.6640	1.2670s	1.4597	0.6180	0.5745
173
0666	0.8438	0.9514	1.3500	0.6620	1.0370s	1.4614	0.6180	0.5714
174
0667	0.8315	0.9557	1.3483	0.6600	1.0165s	1.4616	0.6200	0.5755
175
0668	0.8299	0.9550	1.3504	0.6620	0.5259s	1.4615	0.6260	0.5777
176
0669	0.8331	0.9450	1.3565	0.6640	0.3845s	1.4647	0.6220	0.5751
177
0670	0.8433	0.9514	1.3606	0.6600	1.2120s	1.4677	0.6230	0.5658
178
0671	0.8436	0.9507	1.3618	0.6560	0.9126s	1.4684	0.6190	0.5650
179
0672	0.8284	0.9514	1.3582	0.6620	1.0793s	1.4635	0.6150	0.5663
180
0673	0.8461	0.9607	1.3535	0.6640	0.8936s	1.4595	0.6180	0.5680
181
0674	0.8403	0.9457	1.3500	0.6620	1.2471s	1.4592	0.6190	0.5678
182
0675	0.8371	0.9579	1.3447	0.6640	0.2853s	1.4615	0.6190	0.5699
183
0676	0.8261	0.9543	1.3429	0.6640	0.9030s	1.4649	0.6190	0.5684
184
0677	0.8323	0.9507	1.3471	0.6560	0.9047s	1.4686	0.6180	0.5721
185
0678	0.8250	0.9479	1.3505	0.6600	0.9251s	1.4682	0.6200	0.5759
186
0679	0.8311	0.9543	1.3501	0.6640	1.0813s	1.4635	0.6220	0.5760
187
0680	0.8367	0.9564	1.3474	0.6620	1.0358s	1.4550	0.6280	0.5801
188
0681	0.8259	0.9550	1.3477	0.6640	0.9747s	1.4525	0.6270	0.5790
189
0682	0.8346	0.9514	1.3479	0.6660	0.6747s	1.4538	0.6240	0.5738
190
0683	0.8422	0.9557	1.3473	0.6680	1.0436s	1.4573	0.6240	0.5743
191
0684	0.8494	0.9543	1.3473	0.6700	0.3118s	1.4621	0.6170	0.5581
192
0685	0.8292	0.9486	1.3495	0.6620	1.1345s	1.4656	0.6140	0.5552
193
0686	0.8542	0.9493	1.3507	0.6600	1.0654s	1.4661	0.6200	0.5657
194
0687	0.8310	0.9493	1.3507	0.6580	1.0808s	1.4634	0.6190	0.5661
195
0688	0.8343	0.9636	1.3487	0.6560	0.8498s	1.4605	0.6200	0.5696
196
0689	0.8442	0.9486	1.3461	0.6640	1.0414s	1.4586	0.6250	0.5831
197
0690	0.8281	0.9543	1.3431	0.6660	0.9185s	1.4565	0.6250	0.5838
198
0691	0.8353	0.9571	1.3449	0.6680	1.1200s	1.4585	0.6240	0.5836
199
Early stop! Min loss:1.3403480052947998,  Max accuracy:0.682
Early stop model validation loss:1.3403480052947998,  accuracy:0.668
Optimization Finished!
Total time elapsed: 610.8535s
test max acc:0.6350
Loading 309th epoch
stru_node_to_hop attention:tensor([[0.2500, 0.2500, 0.2500, 0.2500],
        [0.2500, 0.2500, 0.2500, 0.2500],
        [0.2500, 0.2500, 0.2500, 0.2500],
        [0.2500, 0.2500, 0.2500, 0.2500],
        [0.2500, 0.2500, 0.2500, 0.2500],
        [0.2500, 0.2500, 0.2500, 0.2500],
        [0.2500, 0.2500, 0.2500, 0.2500],
        [0.2500, 0.2500, 0.2500, 0.2500],
        [0.2500, 0.2500, 0.2500, 0.2500],
        [0.2500, 0.2500, 0.2500, 0.2500],
        [0.2500, 0.2500, 0.2500, 0.2500],
        [0.2500, 0.2500, 0.2500, 0.2500],
        [0.2500, 0.2500, 0.2500, 0.2500],
        [0.2500, 0.2500, 0.2500, 0.2500],
        [0.2500, 0.2500, 0.2500, 0.2500],
        [0.2500, 0.2500, 0.2500, 0.2500],
        [0.2500, 0.2500, 0.2500, 0.2500],
        [0.2500, 0.2500, 0.2500, 0.2500],
        [0.2500, 0.2500, 0.2500, 0.2500],
        [0.2500, 0.2500, 0.2500, 0.2500],
        [0.2500, 0.2500, 0.2500, 0.2500],
        [0.2500, 0.2500, 0.2500, 0.2500],
        [0.2500, 0.2500, 0.2500, 0.2500],
        [0.2500, 0.2500, 0.2500, 0.2500],
        [0.2500, 0.2500, 0.2500, 0.2500],
        [0.2500, 0.2500, 0.2500, 0.2500],
        [0.2500, 0.2500, 0.2500, 0.2500],
        [0.2500, 0.2500, 0.2500, 0.2500],
        [0.2500, 0.2500, 0.2500, 0.2500],
        [0.2500, 0.2500, 0.2500, 0.2500],
        [0.2500, 0.2500, 0.2500, 0.2500],
        [0.2500, 0.2500, 0.2500, 0.2500],
        [0.2500, 0.2500, 0.2500, 0.2500],
        [0.2500, 0.2500, 0.2500, 0.2500],
        [0.2500, 0.2500, 0.2500, 0.2500],
        [0.2500, 0.2500, 0.2500, 0.2500],
        [0.2500, 0.2500, 0.2500, 0.2500],
        [0.2500, 0.2500, 0.2500, 0.2500],
        [0.2500, 0.2500, 0.2500, 0.2500],
        [0.2500, 0.2500, 0.2500, 0.2500],
        [0.2500, 0.2500, 0.2500, 0.2500],
        [0.2500, 0.2500, 0.2500, 0.2500],
        [0.2500, 0.2500, 0.2500, 0.2500],
        [0.2500, 0.2500, 0.2500, 0.2500],
        [0.2500, 0.2500, 0.2500, 0.2500],
        [0.2500, 0.2500, 0.2500, 0.2500],
        [0.2500, 0.2500, 0.2500, 0.2500],
        [0.2500, 0.2500, 0.2500, 0.2500],
        [0.2500, 0.2500, 0.2500, 0.2500],
        [0.2500, 0.2500, 0.2500, 0.2500],
        [0.2500, 0.2500, 0.2500, 0.2500],
        [0.2500, 0.2500, 0.2500, 0.2500],
        [0.2500, 0.2500, 0.2500, 0.2500],
        [0.2500, 0.2500, 0.2500, 0.2500],
        [0.2500, 0.2500, 0.2500, 0.2500],
        [0.2500, 0.2500, 0.2500, 0.2500],
        [0.2500, 0.2500, 0.2500, 0.2500],
        [0.2500, 0.2500, 0.2500, 0.2500],
        [0.2500, 0.2500, 0.2500, 0.2500],
        [0.2500, 0.2500, 0.2500, 0.2500],
        [0.2500, 0.2500, 0.2500, 0.2500],
        [0.2500, 0.2500, 0.2500, 0.2500],
        [0.2500, 0.2500, 0.2500, 0.2500],
        [0.2500, 0.2500, 0.2500, 0.2500],
        [0.2500, 0.2500, 0.2500, 0.2500],
        [0.2500, 0.2500, 0.2500, 0.2500],
        [0.2500, 0.2500, 0.2500, 0.2500],
        [0.2500, 0.2500, 0.2500, 0.2500],
        [0.2500, 0.2500, 0.2500, 0.2500],
        [0.2500, 0.2500, 0.2500, 0.2500],
        [0.2500, 0.2500, 0.2500, 0.2500],
        [0.2500, 0.2500, 0.2500, 0.2500],
        [0.2500, 0.2500, 0.2500, 0.2500],
        [0.2500, 0.2500, 0.2500, 0.2500],
        [0.2500, 0.2500, 0.2500, 0.2500],
        [0.2500, 0.2500, 0.2500, 0.2500],
        [0.2500, 0.2500, 0.2500, 0.2500],
        [0.2500, 0.2500, 0.2500, 0.2500],
        [0.2500, 0.2500, 0.2500, 0.2500],
        [0.2500, 0.2500, 0.2500, 0.2500],
        [0.2500, 0.2500, 0.2500, 0.2500],
        [0.2500, 0.2500, 0.2500, 0.2500],
        [0.2500, 0.2500, 0.2500, 0.2500],
        [0.2500, 0.2500, 0.2500, 0.2500],
        [0.2500, 0.2500, 0.2500, 0.2500],
        [0.2500, 0.2500, 0.2500, 0.2500],
        [0.2500, 0.2500, 0.2500, 0.2500],
        [0.2500, 0.2500, 0.2500, 0.2500],
        [0.2500, 0.2500, 0.2500, 0.2500],
        [0.2500, 0.2500, 0.2500, 0.2500],
        [0.2500, 0.2500, 0.2500, 0.2500],
        [0.2500, 0.2500, 0.2500, 0.2500],
        [0.2500, 0.2500, 0.2500, 0.2500],
        [0.2500, 0.2500, 0.2500, 0.2500],
        [0.2500, 0.2500, 0.2500, 0.2500],
        [0.2500, 0.2500, 0.2500, 0.2500],
        [0.2500, 0.2500, 0.2500, 0.2500],
        [0.2500, 0.2500, 0.2500, 0.2500],
        [0.2500, 0.2500, 0.2500, 0.2500],
        [0.2500, 0.2500, 0.2500, 0.2500]], device='cuda:7')
fea_node_to_hop attention:tensor([[0.2500, 0.2500, 0.2500, 0.2500],
        [0.2500, 0.2500, 0.2500, 0.2500],
        [0.2500, 0.2500, 0.2500, 0.2500],
        [0.2500, 0.2500, 0.2500, 0.2500],
        [0.2500, 0.2500, 0.2500, 0.2500],
        [0.2500, 0.2500, 0.2500, 0.2500],
        [0.2500, 0.2500, 0.2500, 0.2500],
        [0.2500, 0.2500, 0.2500, 0.2500],
        [0.2500, 0.2500, 0.2500, 0.2500],
        [0.2500, 0.2500, 0.2500, 0.2500],
        [0.2500, 0.2500, 0.2500, 0.2500],
        [0.2500, 0.2500, 0.2500, 0.2500],
        [0.2500, 0.2500, 0.2500, 0.2500],
        [0.2500, 0.2500, 0.2500, 0.2500],
        [0.2500, 0.2500, 0.2500, 0.2500],
        [0.2500, 0.2500, 0.2500, 0.2500],
        [0.2500, 0.2500, 0.2500, 0.2500],
        [0.2500, 0.2500, 0.2500, 0.2500],
        [0.2500, 0.2500, 0.2500, 0.2500],
        [0.2500, 0.2500, 0.2500, 0.2500],
        [0.2500, 0.2500, 0.2500, 0.2500],
        [0.2500, 0.2500, 0.2500, 0.2500],
        [0.2500, 0.2500, 0.2500, 0.2500],
        [0.2500, 0.2500, 0.2500, 0.2500],
        [0.2500, 0.2500, 0.2500, 0.2500],
        [0.2500, 0.2500, 0.2500, 0.2500],
        [0.2500, 0.2500, 0.2500, 0.2500],
        [0.2500, 0.2500, 0.2500, 0.2500],
        [0.2500, 0.2500, 0.2500, 0.2500],
        [0.2500, 0.2500, 0.2500, 0.2500],
        [0.2500, 0.2500, 0.2500, 0.2500],
        [0.2500, 0.2500, 0.2500, 0.2500],
        [0.2500, 0.2500, 0.2500, 0.2500],
        [0.2500, 0.2500, 0.2500, 0.2500],
        [0.2500, 0.2500, 0.2500, 0.2500],
        [0.2500, 0.2500, 0.2500, 0.2500],
        [0.2500, 0.2500, 0.2500, 0.2500],
        [0.2500, 0.2500, 0.2500, 0.2500],
        [0.2500, 0.2500, 0.2500, 0.2500],
        [0.2500, 0.2500, 0.2500, 0.2500],
        [0.2500, 0.2500, 0.2500, 0.2500],
        [0.2500, 0.2500, 0.2500, 0.2500],
        [0.2500, 0.2500, 0.2500, 0.2500],
        [0.2500, 0.2500, 0.2500, 0.2500],
        [0.2500, 0.2500, 0.2500, 0.2500],
        [0.2500, 0.2500, 0.2500, 0.2500],
        [0.2500, 0.2500, 0.2500, 0.2500],
        [0.2500, 0.2500, 0.2500, 0.2500],
        [0.2500, 0.2500, 0.2500, 0.2500],
        [0.2500, 0.2500, 0.2500, 0.2500],
        [0.2500, 0.2500, 0.2500, 0.2500],
        [0.2500, 0.2500, 0.2500, 0.2500],
        [0.2500, 0.2500, 0.2500, 0.2500],
        [0.2500, 0.2500, 0.2500, 0.2500],
        [0.2500, 0.2500, 0.2500, 0.2500],
        [0.2500, 0.2500, 0.2500, 0.2500],
        [0.2500, 0.2500, 0.2500, 0.2500],
        [0.2500, 0.2500, 0.2500, 0.2500],
        [0.2500, 0.2500, 0.2500, 0.2500],
        [0.2500, 0.2500, 0.2500, 0.2500],
        [0.2500, 0.2500, 0.2500, 0.2500],
        [0.2500, 0.2500, 0.2500, 0.2500],
        [0.2500, 0.2500, 0.2500, 0.2500],
        [0.2500, 0.2500, 0.2500, 0.2500],
        [0.2500, 0.2500, 0.2500, 0.2500],
        [0.2500, 0.2500, 0.2500, 0.2500],
        [0.2500, 0.2500, 0.2500, 0.2500],
        [0.2500, 0.2500, 0.2500, 0.2500],
        [0.2500, 0.2500, 0.2500, 0.2500],
        [0.2500, 0.2500, 0.2500, 0.2500],
        [0.2500, 0.2500, 0.2500, 0.2500],
        [0.2500, 0.2500, 0.2500, 0.2500],
        [0.2500, 0.2500, 0.2500, 0.2500],
        [0.2500, 0.2500, 0.2500, 0.2500],
        [0.2500, 0.2500, 0.2500, 0.2500],
        [0.2500, 0.2500, 0.2500, 0.2500],
        [0.2500, 0.2500, 0.2500, 0.2500],
        [0.2500, 0.2500, 0.2500, 0.2500],
        [0.2500, 0.2500, 0.2500, 0.2500],
        [0.2500, 0.2500, 0.2500, 0.2500],
        [0.2500, 0.2500, 0.2500, 0.2500],
        [0.2500, 0.2500, 0.2500, 0.2500],
        [0.2500, 0.2500, 0.2500, 0.2500],
        [0.2500, 0.2500, 0.2500, 0.2500],
        [0.2500, 0.2500, 0.2500, 0.2500],
        [0.2500, 0.2500, 0.2500, 0.2500],
        [0.2500, 0.2500, 0.2500, 0.2500],
        [0.2500, 0.2500, 0.2500, 0.2500],
        [0.2500, 0.2500, 0.2500, 0.2500],
        [0.2500, 0.2500, 0.2500, 0.2500],
        [0.2500, 0.2500, 0.2500, 0.2500],
        [0.2500, 0.2500, 0.2500, 0.2500],
        [0.2500, 0.2500, 0.2500, 0.2500],
        [0.2500, 0.2500, 0.2500, 0.2500],
        [0.2500, 0.2500, 0.2500, 0.2500],
        [0.2500, 0.2500, 0.2500, 0.2500],
        [0.2500, 0.2500, 0.2500, 0.2500],
        [0.2500, 0.2500, 0.2500, 0.2500],
        [0.2500, 0.2500, 0.2500, 0.2500],
        [0.2500, 0.2500, 0.2500, 0.2500]], device='cuda:7')
perception attention:tensor([0.9928, 0.0072], device='cuda:7')
Test set results: loss= 1.4512 accuracy= 0.6290 F1_score= 0.5743
