# epoch	loss_train	acc_train	loss_val	acc_val	time	acc_test	f1_test
0001	4.2487	0.0129	4.2378	0.0800	0.9642s	4.2379	0.0540	0.0198
0
0002	4.2336	0.0886	4.2192	0.0520	1.1689s	4.2192	0.0460	0.0187
0
0003	4.2068	0.0721	4.1920	0.0500	1.1593s	4.1922	0.0490	0.0271
0
0004	4.1706	0.0786	4.1505	0.0700	1.2694s	4.1513	0.0640	0.0400
0
0005	4.1190	0.1264	4.0928	0.1380	1.0561s	4.0942	0.1170	0.0928
0
0006	4.0479	0.2021	4.0177	0.1700	0.5972s	4.0194	0.1600	0.1364
0
0007	3.9542	0.2614	3.9246	0.2320	1.1875s	3.9261	0.2120	0.1886
0
0008	3.8413	0.3686	3.8150	0.2920	0.5190s	3.8160	0.2550	0.2298
0
0009	3.7095	0.4171	3.6909	0.3360	1.3058s	3.6911	0.2930	0.2652
0
0010	3.5649	0.4543	3.5564	0.3640	0.9377s	3.5555	0.3260	0.2874
0
0011	3.4035	0.4979	3.4156	0.3980	1.2851s	3.4143	0.3570	0.3185
0
0012	3.2435	0.5371	3.2696	0.4280	0.9034s	3.2691	0.3930	0.3566
0
0013	3.0892	0.5657	3.1214	0.4600	1.2796s	3.1227	0.4230	0.3836
0
0014	2.9153	0.5907	2.9736	0.4840	0.3096s	2.9784	0.4550	0.4027
0
0015	2.7639	0.6193	2.8280	0.5100	1.3465s	2.8375	0.4710	0.4186
0
0016	2.6189	0.6421	2.6855	0.5360	0.9757s	2.7008	0.4900	0.4295
0
0017	2.4687	0.6614	2.5476	0.5280	1.1434s	2.5689	0.5100	0.4512
0
0018	2.3531	0.6821	2.4179	0.5300	0.3415s	2.4463	0.5170	0.4546
0
0019	2.2255	0.6886	2.3000	0.5420	1.2684s	2.3362	0.5320	0.4773
0
0020	2.0962	0.7057	2.1954	0.5420	1.1610s	2.2416	0.5380	0.4842
0
0021	1.9898	0.7357	2.1049	0.5580	1.2283s	2.1617	0.5410	0.4907
0
0022	1.8822	0.7271	2.0266	0.5720	1.3200s	2.0922	0.5420	0.4954
0
0023	1.8022	0.7336	1.9586	0.5800	1.2697s	2.0292	0.5570	0.5092
0
0024	1.7091	0.7664	1.9002	0.5780	1.2920s	1.9730	0.5530	0.5030
0
0025	1.6333	0.7800	1.8530	0.5840	1.1435s	1.9254	0.5640	0.5107
0
0026	1.5720	0.7857	1.8104	0.5880	1.2058s	1.8824	0.5800	0.5324
0
0027	1.4955	0.8136	1.7730	0.5920	1.3203s	1.8466	0.5880	0.5327
0
0028	1.4622	0.8086	1.7434	0.5940	1.1730s	1.8188	0.5910	0.5352
0
0029	1.3980	0.8314	1.7160	0.6000	1.3545s	1.7930	0.5900	0.5251
0
0030	1.3527	0.8329	1.6906	0.6020	0.7777s	1.7695	0.5850	0.5193
0
0031	1.3038	0.8486	1.6701	0.6120	1.2320s	1.7502	0.5860	0.5237
0
0032	1.2955	0.8486	1.6504	0.6060	1.0960s	1.7319	0.5890	0.5274
0
0033	1.2741	0.8450	1.6331	0.6080	1.2292s	1.7151	0.5910	0.5321
0
0034	1.2261	0.8629	1.6189	0.6060	0.7136s	1.6998	0.5890	0.5319
0
0035	1.2091	0.8707	1.6082	0.6100	1.4500s	1.6858	0.5970	0.5456
0
0036	1.1857	0.8793	1.5991	0.6080	0.4278s	1.6746	0.5970	0.5465
0
0037	1.1704	0.8857	1.5914	0.6200	1.2193s	1.6667	0.5960	0.5450
0
0038	1.1496	0.8936	1.5850	0.6240	0.5383s	1.6602	0.5920	0.5418
0
0039	1.1360	0.8921	1.5770	0.6260	1.1526s	1.6519	0.5950	0.5421
0
0040	1.1124	0.8986	1.5650	0.6340	1.1478s	1.6411	0.5960	0.5407
0
0041	1.1142	0.9021	1.5537	0.6320	1.1795s	1.6300	0.6000	0.5481
0
0042	1.0927	0.9057	1.5472	0.6340	1.2263s	1.6230	0.5970	0.5461
0
0043	1.0812	0.9036	1.5429	0.6380	1.3249s	1.6176	0.5980	0.5509
0
0044	1.0578	0.9050	1.5374	0.6380	1.1237s	1.6121	0.6010	0.5518
0
0045	1.0572	0.9064	1.5310	0.6340	0.2938s	1.6065	0.5990	0.5482
0
0046	1.0355	0.9050	1.5238	0.6400	1.3130s	1.6009	0.6020	0.5501
0
0047	1.0257	0.9236	1.5158	0.6360	1.2874s	1.5958	0.6030	0.5499
0
0048	1.0355	0.9100	1.5087	0.6380	1.0733s	1.5890	0.6040	0.5496
0
0049	1.0263	0.9143	1.5032	0.6320	1.2130s	1.5834	0.6040	0.5498
0
0050	1.0139	0.9171	1.5014	0.6340	1.0857s	1.5808	0.6020	0.5521
0
0051	1.0087	0.9129	1.5009	0.6380	1.1327s	1.5784	0.6060	0.5515
0
0052	0.9996	0.9157	1.4999	0.6380	1.0436s	1.5769	0.6060	0.5523
0
0053	1.0040	0.9207	1.5004	0.6300	1.2600s	1.5779	0.6050	0.5509
0
0054	0.9981	0.9250	1.4978	0.6260	1.2549s	1.5765	0.6100	0.5524
1
0055	0.9976	0.9243	1.4895	0.6340	0.8715s	1.5702	0.6170	0.5650
0
0056	0.9937	0.9200	1.4788	0.6400	0.9304s	1.5609	0.6210	0.5679
0
0057	0.9939	0.9293	1.4719	0.6440	1.3408s	1.5527	0.6170	0.5578
0
0058	0.9823	0.9279	1.4722	0.6520	1.2374s	1.5487	0.6190	0.5636
0
0059	0.9776	0.9221	1.4759	0.6460	1.1983s	1.5481	0.6200	0.5678
0
0060	0.9879	0.9221	1.4799	0.6460	1.1903s	1.5505	0.6170	0.5704
1
0061	0.9843	0.9314	1.4797	0.6420	1.1968s	1.5518	0.6160	0.5794
2
0062	0.9874	0.9300	1.4759	0.6380	1.0552s	1.5507	0.6230	0.5849
3
0063	0.9625	0.9357	1.4699	0.6400	1.2232s	1.5468	0.6230	0.5816
4
0064	0.9634	0.9343	1.4648	0.6500	1.1150s	1.5401	0.6250	0.5816
0
0065	0.9688	0.9343	1.4584	0.6540	0.8634s	1.5327	0.6250	0.5822
0
0066	0.9681	0.9379	1.4545	0.6520	1.2245s	1.5290	0.6210	0.5659
0
0067	0.9629	0.9264	1.4523	0.6480	1.2591s	1.5257	0.6220	0.5682
0
0068	0.9717	0.9393	1.4481	0.6440	0.7959s	1.5213	0.6190	0.5674
0
0069	0.9715	0.9293	1.4434	0.6440	1.1952s	1.5177	0.6250	0.5745
0
0070	0.9640	0.9229	1.4417	0.6440	0.8398s	1.5171	0.6270	0.5781
0
0071	0.9614	0.9329	1.4443	0.6500	1.5734s	1.5197	0.6250	0.5772
0
0072	0.9648	0.9271	1.4463	0.6540	0.9408s	1.5215	0.6240	0.5737
1
0073	0.9584	0.9329	1.4461	0.6520	1.2855s	1.5219	0.6210	0.5715
0
0074	0.9713	0.9279	1.4442	0.6520	1.0386s	1.5213	0.6220	0.5725
1
0075	0.9523	0.9336	1.4394	0.6620	1.2235s	1.5155	0.6210	0.5673
2
0076	0.9636	0.9350	1.4355	0.6580	1.0136s	1.5076	0.6200	0.5669
0
0077	0.9410	0.9321	1.4363	0.6580	1.0730s	1.5040	0.6210	0.5729
0
0078	0.9627	0.9243	1.4365	0.6500	1.1347s	1.5027	0.6220	0.5716
1
0079	0.9468	0.9336	1.4364	0.6440	0.2885s	1.5025	0.6260	0.5742
2
0080	0.9542	0.9271	1.4343	0.6500	1.3577s	1.5024	0.6260	0.5728
3
0081	0.9437	0.9436	1.4330	0.6520	1.1497s	1.5044	0.6260	0.5785
0
0082	0.9509	0.9300	1.4297	0.6540	1.2463s	1.5027	0.6270	0.5790
0
0083	0.9572	0.9421	1.4255	0.6640	0.4158s	1.4991	0.6220	0.5719
0
0084	0.9441	0.9436	1.4209	0.6660	1.4575s	1.4945	0.6230	0.5721
0
0085	0.9541	0.9393	1.4180	0.6620	1.1009s	1.4901	0.6290	0.5773
0
0086	0.9424	0.9436	1.4174	0.6560	1.1830s	1.4875	0.6300	0.5800
0
0087	0.9547	0.9407	1.4183	0.6520	1.2739s	1.4886	0.6290	0.5757
0
0088	0.9461	0.9521	1.4187	0.6480	1.2501s	1.4915	0.6260	0.5734
1
0089	0.9364	0.9364	1.4167	0.6520	1.1516s	1.4915	0.6290	0.5751
2
0090	0.9405	0.9314	1.4082	0.6560	1.4432s	1.4881	0.6290	0.5784
0
0091	0.9263	0.9379	1.3997	0.6600	1.3341s	1.4819	0.6280	0.5782
0
0092	0.9236	0.9436	1.3926	0.6600	1.1809s	1.4752	0.6250	0.5753
0
0093	0.9290	0.9400	1.3875	0.6540	1.2192s	1.4719	0.6290	0.5780
0
0094	0.9335	0.9393	1.3922	0.6540	1.1308s	1.4763	0.6290	0.5733
0
0095	0.9325	0.9364	1.3981	0.6560	1.1875s	1.4842	0.6280	0.5732
1
0096	0.9363	0.9336	1.4005	0.6620	1.2001s	1.4872	0.6270	0.5709
2
0097	0.9188	0.9321	1.4021	0.6540	0.3410s	1.4894	0.6290	0.5745
3
0098	0.9336	0.9286	1.4016	0.6640	1.1922s	1.4891	0.6260	0.5713
4
0099	0.9185	0.9379	1.3993	0.6560	1.2224s	1.4864	0.6290	0.5775
5
0100	0.9021	0.9521	1.3922	0.6520	1.2177s	1.4833	0.6300	0.5815
6
0101	0.8985	0.9514	1.3858	0.6580	1.1265s	1.4811	0.6250	0.5786
7
0102	0.9044	0.9414	1.3812	0.6540	1.3177s	1.4796	0.6270	0.5776
0
0103	0.9046	0.9507	1.3816	0.6560	1.3326s	1.4767	0.6230	0.5697
0
0104	0.9030	0.9421	1.3840	0.6480	1.1769s	1.4759	0.6240	0.5716
1
0105	0.9104	0.9486	1.3848	0.6560	1.2463s	1.4745	0.6260	0.5834
2
0106	0.8973	0.9457	1.3843	0.6520	0.8782s	1.4739	0.6240	0.5819
3
0107	0.9063	0.9407	1.3873	0.6540	1.2505s	1.4770	0.6200	0.5753
4
0108	0.9186	0.9457	1.3872	0.6540	1.3815s	1.4782	0.6140	0.5638
5
0109	0.9111	0.9407	1.3848	0.6560	1.3122s	1.4785	0.6240	0.5752
6
0110	0.9091	0.9400	1.3788	0.6580	0.6097s	1.4767	0.6240	0.5743
7
0111	0.8905	0.9486	1.3727	0.6640	1.1134s	1.4741	0.6270	0.5758
0
0112	0.9183	0.9343	1.3719	0.6700	1.0276s	1.4729	0.6280	0.5744
0
0113	0.9028	0.9507	1.3763	0.6600	1.1829s	1.4732	0.6280	0.5813
0
0114	0.8945	0.9371	1.3782	0.6540	1.0832s	1.4742	0.6250	0.5774
1
0115	0.8870	0.9450	1.3780	0.6540	1.0820s	1.4742	0.6230	0.5678
2
0116	0.8865	0.9507	1.3735	0.6560	1.2807s	1.4719	0.6240	0.5685
3
0117	0.8903	0.9371	1.3675	0.6560	0.9656s	1.4681	0.6230	0.5665
4
0118	0.8838	0.9457	1.3624	0.6620	1.3562s	1.4654	0.6270	0.5699
0
0119	0.8789	0.9386	1.3617	0.6580	0.5604s	1.4670	0.6240	0.5666
0
0120	0.9066	0.9421	1.3682	0.6640	1.2887s	1.4722	0.6270	0.5709
0
0121	0.8939	0.9529	1.3765	0.6640	1.1716s	1.4756	0.6290	0.5762
1
0122	0.8913	0.9507	1.3820	0.6680	1.2582s	1.4749	0.6280	0.5887
2
0123	0.8900	0.9529	1.3826	0.6680	1.2770s	1.4712	0.6260	0.5857
3
0124	0.9084	0.9450	1.3783	0.6620	1.0597s	1.4660	0.6270	0.5884
4
0125	0.8800	0.9529	1.3719	0.6680	1.0731s	1.4617	0.6290	0.5902
5
0126	0.8855	0.9486	1.3677	0.6680	0.4692s	1.4602	0.6280	0.5728
6
0127	0.8702	0.9421	1.3683	0.6620	1.3670s	1.4648	0.6250	0.5651
7
0128	0.8725	0.9421	1.3689	0.6560	0.5032s	1.4689	0.6250	0.5636
8
0129	0.8931	0.9429	1.3675	0.6640	1.1013s	1.4695	0.6220	0.5622
9
0130	0.8855	0.9407	1.3653	0.6680	1.0333s	1.4684	0.6270	0.5662
10
0131	0.8786	0.9507	1.3635	0.6720	1.1490s	1.4646	0.6270	0.5703
11
0132	0.8752	0.9443	1.3646	0.6680	1.1662s	1.4610	0.6280	0.5829
0
0133	0.8910	0.9479	1.3702	0.6660	1.1418s	1.4623	0.6260	0.5774
1
0134	0.8598	0.9464	1.3734	0.6720	1.1071s	1.4638	0.6280	0.5779
2
0135	0.8777	0.9464	1.3762	0.6580	1.1940s	1.4665	0.6250	0.5708
0
0136	0.8761	0.9443	1.3756	0.6640	1.2569s	1.4669	0.6240	0.5670
1
0137	0.8772	0.9514	1.3714	0.6620	1.2940s	1.4655	0.6240	0.5691
2
0138	0.8782	0.9486	1.3637	0.6600	1.2702s	1.4624	0.6230	0.5703
3
0139	0.8811	0.9471	1.3583	0.6640	1.0689s	1.4622	0.6200	0.5624
4
0140	0.8754	0.9457	1.3602	0.6540	1.2397s	1.4666	0.6230	0.5726
0
0141	0.8714	0.9521	1.3654	0.6580	1.2971s	1.4691	0.6250	0.5747
1
0142	0.8970	0.9429	1.3701	0.6580	0.6731s	1.4692	0.6260	0.5748
2
0143	0.8811	0.9436	1.3734	0.6580	0.7592s	1.4670	0.6280	0.5774
3
0144	0.8830	0.9586	1.3724	0.6600	1.2526s	1.4647	0.6270	0.5836
4
0145	0.8824	0.9493	1.3665	0.6620	0.6731s	1.4607	0.6210	0.5749
5
0146	0.8747	0.9521	1.3606	0.6600	1.2867s	1.4586	0.6190	0.5749
6
0147	0.8754	0.9379	1.3604	0.6600	1.1296s	1.4608	0.6220	0.5779
7
0148	0.8798	0.9443	1.3622	0.6620	0.7587s	1.4650	0.6270	0.5829
8
0149	0.8717	0.9521	1.3678	0.6640	1.0656s	1.4711	0.6300	0.5739
9
0150	0.8687	0.9464	1.3732	0.6600	1.2772s	1.4752	0.6290	0.5723
10
0151	0.8467	0.9521	1.3755	0.6600	1.2443s	1.4756	0.6290	0.5750
11
0152	0.8712	0.9493	1.3745	0.6660	1.2492s	1.4709	0.6270	0.5749
12
0153	0.8678	0.9521	1.3723	0.6640	1.2427s	1.4661	0.6250	0.5705
13
0154	0.8676	0.9550	1.3705	0.6620	1.2579s	1.4660	0.6280	0.5752
14
0155	0.8765	0.9464	1.3719	0.6580	0.3975s	1.4699	0.6250	0.5685
15
0156	0.8865	0.9379	1.3726	0.6540	1.2989s	1.4707	0.6250	0.5772
16
0157	0.8748	0.9421	1.3735	0.6540	1.1036s	1.4697	0.6260	0.5787
17
0158	0.8702	0.9464	1.3725	0.6620	1.2591s	1.4698	0.6240	0.5802
18
0159	0.8661	0.9450	1.3702	0.6660	1.2774s	1.4679	0.6290	0.5777
19
0160	0.8766	0.9543	1.3656	0.6660	1.1594s	1.4667	0.6280	0.5755
20
0161	0.8661	0.9493	1.3631	0.6660	1.1039s	1.4654	0.6320	0.5799
21
0162	0.8525	0.9429	1.3652	0.6600	1.2182s	1.4681	0.6290	0.5732
22
0163	0.8735	0.9479	1.3662	0.6600	1.0671s	1.4694	0.6280	0.5731
23
0164	0.8777	0.9500	1.3630	0.6600	1.3222s	1.4668	0.6290	0.5740
24
0165	0.8630	0.9514	1.3597	0.6660	1.1016s	1.4635	0.6250	0.5765
25
0166	0.8681	0.9529	1.3565	0.6580	1.1579s	1.4594	0.6280	0.5778
26
0167	0.8631	0.9493	1.3560	0.6640	0.9943s	1.4580	0.6300	0.5843
0
0168	0.8800	0.9543	1.3582	0.6660	1.1891s	1.4595	0.6250	0.5816
0
0169	0.8635	0.9479	1.3636	0.6720	1.2801s	1.4633	0.6240	0.5779
1
0170	0.8673	0.9429	1.3687	0.6640	1.1599s	1.4671	0.6210	0.5768
0
0171	0.8718	0.9471	1.3678	0.6620	1.1033s	1.4668	0.6200	0.5779
1
0172	0.8531	0.9536	1.3612	0.6680	0.6035s	1.4617	0.6230	0.5686
2
0173	0.8628	0.9471	1.3547	0.6720	1.2968s	1.4552	0.6220	0.5723
3
0174	0.8555	0.9543	1.3500	0.6760	0.9448s	1.4523	0.6240	0.5773
0
0175	0.8742	0.9486	1.3527	0.6700	1.1893s	1.4548	0.6210	0.5665
0
0176	0.8618	0.9479	1.3592	0.6700	1.0628s	1.4580	0.6240	0.5767
1
0177	0.8686	0.9564	1.3644	0.6680	0.9898s	1.4605	0.6270	0.5783
2
0178	0.8705	0.9471	1.3647	0.6620	1.0161s	1.4605	0.6280	0.5835
3
0179	0.8800	0.9479	1.3626	0.6580	1.2239s	1.4611	0.6250	0.5836
4
0180	0.8561	0.9514	1.3607	0.6620	0.4507s	1.4635	0.6260	0.5779
5
0181	0.8709	0.9450	1.3606	0.6660	1.0920s	1.4665	0.6200	0.5704
6
0182	0.8780	0.9429	1.3607	0.6640	0.9412s	1.4657	0.6190	0.5687
7
0183	0.8568	0.9521	1.3615	0.6680	1.0743s	1.4621	0.6210	0.5676
8
0184	0.8649	0.9479	1.3627	0.6640	0.7768s	1.4606	0.6220	0.5654
9
0185	0.8604	0.9586	1.3622	0.6560	1.1788s	1.4605	0.6260	0.5654
10
0186	0.8615	0.9407	1.3613	0.6520	0.9861s	1.4611	0.6280	0.5662
11
0187	0.8625	0.9500	1.3559	0.6540	1.2542s	1.4596	0.6310	0.5713
12
0188	0.8413	0.9564	1.3544	0.6520	0.2828s	1.4608	0.6260	0.5690
13
0189	0.8635	0.9479	1.3587	0.6560	1.3407s	1.4640	0.6260	0.5707
14
0190	0.8558	0.9436	1.3660	0.6600	0.7857s	1.4671	0.6190	0.5639
15
0191	0.8794	0.9579	1.3731	0.6600	1.3573s	1.4666	0.6190	0.5639
16
0192	0.8721	0.9514	1.3753	0.6560	0.8774s	1.4666	0.6220	0.5673
17
0193	0.8808	0.9400	1.3704	0.6560	1.2652s	1.4649	0.6220	0.5646
18
0194	0.8421	0.9536	1.3611	0.6560	1.2327s	1.4598	0.6220	0.5671
19
0195	0.8527	0.9521	1.3523	0.6520	0.9156s	1.4555	0.6280	0.5724
20
0196	0.8561	0.9450	1.3464	0.6540	1.1626s	1.4546	0.6250	0.5690
21
0197	0.8696	0.9557	1.3459	0.6560	1.3419s	1.4538	0.6270	0.5701
0
0198	0.8520	0.9514	1.3488	0.6580	1.2057s	1.4534	0.6300	0.5736
0
0199	0.8562	0.9571	1.3562	0.6620	1.2978s	1.4553	0.6270	0.5740
1
0200	0.8629	0.9343	1.3595	0.6660	0.2665s	1.4586	0.6250	0.5734
2
0201	0.8517	0.9457	1.3592	0.6600	1.2434s	1.4633	0.6230	0.5736
3
0202	0.8518	0.9464	1.3600	0.6660	1.3132s	1.4659	0.6220	0.5730
4
0203	0.8665	0.9514	1.3608	0.6600	1.0654s	1.4663	0.6210	0.5704
5
0204	0.8548	0.9457	1.3592	0.6580	1.2894s	1.4609	0.6200	0.5757
6
0205	0.8671	0.9507	1.3595	0.6520	1.3553s	1.4579	0.6240	0.5801
7
0206	0.8761	0.9507	1.3606	0.6580	1.2498s	1.4572	0.6280	0.5882
8
0207	0.8604	0.9579	1.3572	0.6620	1.1573s	1.4554	0.6330	0.5913
9
0208	0.8605	0.9500	1.3540	0.6620	1.3695s	1.4549	0.6300	0.5858
10
0209	0.8607	0.9464	1.3499	0.6640	1.4254s	1.4537	0.6250	0.5698
11
0210	0.8476	0.9457	1.3489	0.6600	1.0246s	1.4540	0.6210	0.5675
12
0211	0.8597	0.9521	1.3528	0.6640	1.2015s	1.4553	0.6260	0.5716
13
0212	0.8635	0.9464	1.3614	0.6640	1.3292s	1.4588	0.6260	0.5704
14
0213	0.8651	0.9421	1.3679	0.6600	1.2932s	1.4608	0.6320	0.5781
15
0214	0.8590	0.9493	1.3686	0.6640	1.0935s	1.4604	0.6340	0.5811
16
0215	0.8442	0.9607	1.3649	0.6620	1.2683s	1.4589	0.6340	0.5822
17
0216	0.8517	0.9507	1.3607	0.6580	0.4889s	1.4596	0.6270	0.5778
18
0217	0.8488	0.9507	1.3581	0.6680	1.3837s	1.4604	0.6230	0.5719
19
0218	0.8606	0.9471	1.3564	0.6740	1.0688s	1.4591	0.6190	0.5664
20
0219	0.8592	0.9521	1.3542	0.6720	1.1583s	1.4559	0.6240	0.5704
21
0220	0.8532	0.9393	1.3515	0.6720	1.1739s	1.4529	0.6240	0.5690
22
0221	0.8548	0.9564	1.3507	0.6620	1.1391s	1.4516	0.6300	0.5815
23
0222	0.8486	0.9443	1.3527	0.6640	1.0673s	1.4560	0.6270	0.5691
24
0223	0.8378	0.9414	1.3547	0.6600	1.2858s	1.4605	0.6270	0.5714
25
0224	0.8363	0.9586	1.3553	0.6580	1.3044s	1.4643	0.6290	0.5782
26
0225	0.8631	0.9436	1.3572	0.6560	1.0418s	1.4665	0.6320	0.5795
27
0226	0.8598	0.9471	1.3593	0.6600	1.3697s	1.4652	0.6280	0.5766
28
0227	0.8739	0.9443	1.3576	0.6580	0.2987s	1.4590	0.6290	0.5788
29
0228	0.8630	0.9414	1.3580	0.6600	1.3299s	1.4538	0.6300	0.5786
30
0229	0.8766	0.9400	1.3549	0.6640	1.3092s	1.4492	0.6260	0.5751
31
0230	0.8647	0.9557	1.3533	0.6640	1.2465s	1.4496	0.6230	0.5782
32
0231	0.8516	0.9500	1.3522	0.6640	1.2019s	1.4550	0.6240	0.5764
33
0232	0.8673	0.9400	1.3536	0.6620	1.0287s	1.4640	0.6270	0.5708
34
0233	0.8430	0.9450	1.3548	0.6620	1.0197s	1.4705	0.6300	0.5784
35
0234	0.8503	0.9493	1.3546	0.6640	1.3191s	1.4709	0.6310	0.5837
36
0235	0.8455	0.9564	1.3544	0.6640	0.6831s	1.4651	0.6310	0.5820
37
0236	0.8551	0.9457	1.3561	0.6660	0.8360s	1.4597	0.6290	0.5757
38
0237	0.8475	0.9564	1.3596	0.6600	1.0926s	1.4568	0.6310	0.5783
39
0238	0.8555	0.9521	1.3611	0.6540	1.0229s	1.4564	0.6280	0.5837
40
0239	0.8522	0.9486	1.3640	0.6620	1.3776s	1.4610	0.6220	0.5788
41
0240	0.8407	0.9521	1.3670	0.6560	0.3680s	1.4657	0.6180	0.5714
42
0241	0.8508	0.9629	1.3660	0.6600	1.2263s	1.4656	0.6160	0.5683
43
0242	0.8508	0.9536	1.3642	0.6580	0.8904s	1.4626	0.6180	0.5696
44
0243	0.8681	0.9457	1.3628	0.6640	1.1102s	1.4621	0.6200	0.5741
45
0244	0.8598	0.9571	1.3585	0.6660	1.3396s	1.4598	0.6210	0.5663
46
0245	0.8511	0.9529	1.3543	0.6600	1.0827s	1.4581	0.6210	0.5659
47
0246	0.8540	0.9457	1.3508	0.6680	1.0297s	1.4558	0.6240	0.5675
48
0247	0.8446	0.9543	1.3516	0.6660	0.7931s	1.4562	0.6260	0.5746
49
0248	0.8451	0.9457	1.3567	0.6620	1.3225s	1.4588	0.6270	0.5718
50
0249	0.8487	0.9536	1.3623	0.6500	1.3019s	1.4607	0.6270	0.5827
51
0250	0.8830	0.9536	1.3662	0.6420	1.1426s	1.4631	0.6290	0.5782
52
0251	0.8641	0.9386	1.3673	0.6500	0.6370s	1.4656	0.6220	0.5724
53
0252	0.8579	0.9536	1.3639	0.6540	1.2750s	1.4652	0.6240	0.5691
54
0253	0.8548	0.9564	1.3591	0.6560	1.1913s	1.4642	0.6220	0.5628
55
0254	0.8600	0.9493	1.3539	0.6580	1.2177s	1.4606	0.6250	0.5685
56
0255	0.8403	0.9443	1.3518	0.6580	1.0319s	1.4576	0.6290	0.5837
57
0256	0.8447	0.9457	1.3516	0.6560	1.2215s	1.4545	0.6280	0.5820
58
0257	0.8232	0.9543	1.3553	0.6560	1.1832s	1.4555	0.6260	0.5776
59
0258	0.8557	0.9507	1.3609	0.6540	1.1940s	1.4605	0.6230	0.5721
60
0259	0.8550	0.9414	1.3640	0.6580	1.1608s	1.4636	0.6200	0.5718
61
0260	0.8451	0.9521	1.3619	0.6600	1.0602s	1.4628	0.6250	0.5711
62
0261	0.8638	0.9471	1.3597	0.6540	1.1071s	1.4626	0.6260	0.5725
63
0262	0.8603	0.9414	1.3582	0.6600	1.2064s	1.4617	0.6240	0.5716
64
0263	0.8433	0.9507	1.3581	0.6620	1.2253s	1.4592	0.6240	0.5720
65
0264	0.8667	0.9536	1.3581	0.6640	1.3222s	1.4561	0.6210	0.5765
66
0265	0.8631	0.9521	1.3564	0.6680	0.5077s	1.4554	0.6300	0.5901
67
0266	0.8523	0.9364	1.3560	0.6660	1.3060s	1.4561	0.6300	0.5903
68
0267	0.8424	0.9514	1.3571	0.6640	0.8630s	1.4607	0.6260	0.5836
69
0268	0.8527	0.9571	1.3524	0.6700	1.3143s	1.4627	0.6240	0.5684
70
0269	0.8488	0.9471	1.3480	0.6580	1.0815s	1.4646	0.6220	0.5680
71
0270	0.8480	0.9493	1.3446	0.6560	1.2536s	1.4632	0.6220	0.5655
72
0271	0.8654	0.9393	1.3467	0.6520	0.7581s	1.4592	0.6240	0.5714
0
0272	0.8587	0.9543	1.3550	0.6560	1.4953s	1.4587	0.6240	0.5699
1
0273	0.8323	0.9514	1.3651	0.6680	0.2894s	1.4600	0.6250	0.5783
2
0274	0.8518	0.9400	1.3685	0.6620	1.2802s	1.4630	0.6280	0.5807
3
0275	0.8515	0.9514	1.3652	0.6580	1.1806s	1.4651	0.6280	0.5769
4
0276	0.8529	0.9500	1.3590	0.6560	1.2914s	1.4666	0.6300	0.5774
5
0277	0.8680	0.9521	1.3536	0.6560	1.1294s	1.4681	0.6270	0.5734
6
0278	0.8610	0.9436	1.3509	0.6620	1.0626s	1.4666	0.6250	0.5726
7
0279	0.8522	0.9550	1.3519	0.6640	1.1210s	1.4629	0.6250	0.5780
8
0280	0.8462	0.9486	1.3553	0.6620	0.9860s	1.4589	0.6290	0.5850
9
0281	0.8508	0.9436	1.3629	0.6600	1.1908s	1.4617	0.6280	0.5808
10
0282	0.8508	0.9493	1.3696	0.6600	1.0156s	1.4668	0.6350	0.5863
11
0283	0.8381	0.9621	1.3675	0.6560	1.1833s	1.4673	0.6300	0.5825
12
0284	0.8551	0.9521	1.3624	0.6540	1.2502s	1.4658	0.6280	0.5816
13
0285	0.8650	0.9493	1.3580	0.6560	0.3524s	1.4623	0.6300	0.5897
14
0286	0.8476	0.9536	1.3545	0.6540	1.3578s	1.4573	0.6280	0.5882
15
0287	0.8459	0.9557	1.3531	0.6600	1.0467s	1.4513	0.6270	0.5799
16
0288	0.8394	0.9557	1.3550	0.6600	1.0863s	1.4496	0.6270	0.5816
17
0289	0.8663	0.9550	1.3559	0.6660	1.2009s	1.4498	0.6270	0.5726
18
0290	0.8527	0.9550	1.3548	0.6600	1.3168s	1.4513	0.6300	0.5728
19
0291	0.8539	0.9393	1.3544	0.6680	1.1260s	1.4533	0.6300	0.5751
20
0292	0.8508	0.9464	1.3535	0.6560	1.3029s	1.4551	0.6270	0.5750
21
0293	0.8434	0.9550	1.3561	0.6620	1.1357s	1.4587	0.6210	0.5703
22
0294	0.8762	0.9514	1.3614	0.6680	1.3533s	1.4619	0.6200	0.5661
23
0295	0.8518	0.9650	1.3686	0.6620	0.9905s	1.4637	0.6220	0.5792
24
0296	0.8563	0.9457	1.3739	0.6560	1.2818s	1.4616	0.6240	0.5809
25
0297	0.8446	0.9543	1.3729	0.6600	1.2258s	1.4574	0.6270	0.5721
26
0298	0.8575	0.9529	1.3687	0.6620	0.9986s	1.4532	0.6310	0.5751
27
0299	0.8557	0.9500	1.3599	0.6660	1.1727s	1.4527	0.6310	0.5750
28
0300	0.8554	0.9457	1.3512	0.6660	1.0217s	1.4544	0.6230	0.5694
29
0301	0.8480	0.9543	1.3463	0.6660	1.1717s	1.4572	0.6200	0.5623
30
0302	0.8521	0.9550	1.3502	0.6620	1.0929s	1.4612	0.6240	0.5640
31
0303	0.8518	0.9507	1.3583	0.6600	1.1713s	1.4629	0.6280	0.5715
32
0304	0.8394	0.9550	1.3657	0.6660	1.1437s	1.4629	0.6270	0.5829
33
0305	0.8548	0.9550	1.3713	0.6600	1.4310s	1.4622	0.6270	0.5843
34
0306	0.8411	0.9464	1.3709	0.6600	1.1054s	1.4606	0.6250	0.5812
35
0307	0.8517	0.9521	1.3614	0.6600	1.2228s	1.4544	0.6300	0.5857
36
0308	0.8467	0.9500	1.3508	0.6660	1.1138s	1.4500	0.6260	0.5807
37
0309	0.8405	0.9521	1.3456	0.6640	1.3084s	1.4497	0.6220	0.5745
38
0310	0.8589	0.9493	1.3457	0.6680	1.0276s	1.4506	0.6200	0.5651
39
0311	0.8475	0.9443	1.3511	0.6660	1.2677s	1.4534	0.6230	0.5778
40
0312	0.8539	0.9486	1.3590	0.6620	0.8862s	1.4574	0.6260	0.5819
41
0313	0.8401	0.9507	1.3650	0.6660	1.3310s	1.4598	0.6290	0.5824
42
0314	0.8415	0.9464	1.3645	0.6640	1.3412s	1.4603	0.6270	0.5809
43
0315	0.8466	0.9579	1.3584	0.6660	1.1641s	1.4578	0.6230	0.5773
44
0316	0.8235	0.9550	1.3516	0.6680	1.0654s	1.4567	0.6230	0.5770
45
0317	0.8478	0.9629	1.3491	0.6680	1.3959s	1.4569	0.6230	0.5690
46
0318	0.8442	0.9507	1.3500	0.6720	0.3740s	1.4576	0.6220	0.5684
47
0319	0.8598	0.9479	1.3547	0.6680	1.3292s	1.4609	0.6210	0.5685
48
0320	0.8327	0.9579	1.3604	0.6740	0.9977s	1.4660	0.6180	0.5635
49
0321	0.8555	0.9593	1.3611	0.6700	0.9941s	1.4664	0.6220	0.5712
50
0322	0.8465	0.9621	1.3585	0.6620	1.2732s	1.4658	0.6260	0.5727
51
0323	0.8513	0.9421	1.3553	0.6620	1.0547s	1.4642	0.6280	0.5747
52
0324	0.8354	0.9464	1.3526	0.6640	0.8505s	1.4581	0.6310	0.5786
53
0325	0.8525	0.9571	1.3491	0.6560	1.2465s	1.4539	0.6300	0.5717
54
0326	0.8374	0.9457	1.3487	0.6600	1.1422s	1.4561	0.6250	0.5756
55
0327	0.8645	0.9471	1.3538	0.6620	1.2590s	1.4619	0.6250	0.5708
56
0328	0.8443	0.9450	1.3605	0.6600	1.2749s	1.4661	0.6210	0.5691
57
0329	0.8388	0.9564	1.3603	0.6640	1.1701s	1.4648	0.6210	0.5682
58
0330	0.8585	0.9529	1.3566	0.6620	1.2176s	1.4636	0.6280	0.5757
59
0331	0.8787	0.9421	1.3544	0.6660	1.1811s	1.4621	0.6300	0.5759
60
0332	0.8495	0.9607	1.3519	0.6620	1.1833s	1.4581	0.6290	0.5747
61
0333	0.8524	0.9414	1.3509	0.6660	1.2922s	1.4544	0.6320	0.5774
62
0334	0.8418	0.9593	1.3534	0.6680	1.1071s	1.4563	0.6330	0.5828
63
0335	0.8475	0.9557	1.3598	0.6660	1.2672s	1.4605	0.6270	0.5785
64
0336	0.8479	0.9421	1.3631	0.6720	0.4564s	1.4616	0.6240	0.5836
65
0337	0.8491	0.9464	1.3627	0.6700	1.2914s	1.4624	0.6230	0.5724
66
0338	0.8386	0.9607	1.3621	0.6760	1.2132s	1.4649	0.6270	0.5744
67
0339	0.8337	0.9514	1.3603	0.6760	1.4373s	1.4650	0.6250	0.5720
0
0340	0.8286	0.9514	1.3544	0.6700	1.0476s	1.4601	0.6210	0.5680
0
0341	0.8418	0.9421	1.3511	0.6720	1.2783s	1.4553	0.6220	0.5720
1
0342	0.8475	0.9579	1.3520	0.6660	0.9735s	1.4536	0.6240	0.5736
2
0343	0.8381	0.9629	1.3546	0.6660	1.4041s	1.4533	0.6230	0.5720
3
0344	0.8583	0.9514	1.3585	0.6620	0.9627s	1.4569	0.6250	0.5753
4
0345	0.8462	0.9500	1.3616	0.6660	1.1069s	1.4623	0.6190	0.5664
5
0346	0.8571	0.9429	1.3634	0.6680	0.7296s	1.4656	0.6170	0.5662
6
0347	0.8597	0.9471	1.3623	0.6740	1.4186s	1.4640	0.6160	0.5641
7
0348	0.8451	0.9500	1.3564	0.6780	1.2141s	1.4575	0.6210	0.5685
8
0349	0.8652	0.9500	1.3534	0.6760	0.9941s	1.4524	0.6220	0.5743
0
0350	0.8598	0.9636	1.3529	0.6680	1.2520s	1.4526	0.6180	0.5709
1
0351	0.8511	0.9429	1.3543	0.6640	0.3283s	1.4567	0.6240	0.5807
2
0352	0.8755	0.9393	1.3582	0.6600	1.2906s	1.4606	0.6240	0.5720
3
0353	0.8419	0.9471	1.3624	0.6620	1.1922s	1.4655	0.6200	0.5665
4
0354	0.8243	0.9579	1.3629	0.6620	1.0636s	1.4653	0.6200	0.5672
5
0355	0.8418	0.9450	1.3595	0.6640	1.1050s	1.4619	0.6190	0.5662
6
0356	0.8514	0.9543	1.3562	0.6620	1.0600s	1.4558	0.6260	0.5694
7
0357	0.8297	0.9521	1.3511	0.6680	1.1887s	1.4512	0.6290	0.5744
8
0358	0.8393	0.9557	1.3477	0.6700	1.3385s	1.4506	0.6290	0.5715
9
0359	0.8488	0.9443	1.3496	0.6640	1.1844s	1.4545	0.6280	0.5786
10
0360	0.8474	0.9479	1.3557	0.6580	0.3586s	1.4636	0.6270	0.5791
11
0361	0.8551	0.9479	1.3593	0.6660	1.1832s	1.4695	0.6230	0.5714
12
0362	0.8368	0.9664	1.3633	0.6700	1.2083s	1.4726	0.6250	0.5709
13
0363	0.8592	0.9529	1.3641	0.6700	1.2538s	1.4711	0.6200	0.5670
14
0364	0.8473	0.9443	1.3653	0.6740	1.2919s	1.4687	0.6220	0.5746
15
0365	0.8375	0.9557	1.3633	0.6640	0.2739s	1.4650	0.6230	0.5767
16
0366	0.8327	0.9464	1.3570	0.6560	1.3080s	1.4595	0.6260	0.5795
17
0367	0.8335	0.9521	1.3506	0.6520	1.1488s	1.4547	0.6260	0.5813
18
0368	0.8381	0.9564	1.3467	0.6580	1.1333s	1.4520	0.6270	0.5736
19
0369	0.8623	0.9507	1.3469	0.6640	1.2460s	1.4508	0.6290	0.5748
20
0370	0.8526	0.9500	1.3518	0.6640	0.2990s	1.4518	0.6290	0.5754
21
0371	0.8321	0.9564	1.3618	0.6640	1.3204s	1.4587	0.6240	0.5691
22
0372	0.8410	0.9500	1.3713	0.6600	1.1043s	1.4670	0.6240	0.5683
23
0373	0.8416	0.9586	1.3727	0.6560	1.1192s	1.4695	0.6280	0.5726
24
0374	0.8501	0.9571	1.3648	0.6480	0.2599s	1.4651	0.6280	0.5749
25
0375	0.8405	0.9543	1.3539	0.6460	1.1881s	1.4574	0.6260	0.5733
26
0376	0.8550	0.9493	1.3462	0.6520	0.3329s	1.4493	0.6310	0.5813
27
0377	0.8529	0.9521	1.3446	0.6560	1.0298s	1.4432	0.6300	0.5837
28
0378	0.8332	0.9543	1.3488	0.6640	1.0468s	1.4410	0.6360	0.5878
0
0379	0.8488	0.9493	1.3574	0.6640	1.0245s	1.4443	0.6360	0.5873
1
0380	0.8353	0.9571	1.3634	0.6600	0.8616s	1.4502	0.6320	0.5781
2
0381	0.8441	0.9429	1.3680	0.6680	1.1532s	1.4567	0.6290	0.5753
3
0382	0.8422	0.9621	1.3676	0.6600	1.2197s	1.4620	0.6270	0.5716
4
0383	0.8539	0.9471	1.3661	0.6600	1.3802s	1.4656	0.6260	0.5712
5
0384	0.8516	0.9486	1.3619	0.6580	0.6056s	1.4675	0.6270	0.5721
6
0385	0.8444	0.9521	1.3554	0.6600	1.2821s	1.4642	0.6260	0.5687
7
0386	0.8460	0.9550	1.3506	0.6660	1.1643s	1.4615	0.6280	0.5716
8
0387	0.8405	0.9593	1.3472	0.6640	1.3650s	1.4568	0.6310	0.5843
9
0388	0.8385	0.9500	1.3465	0.6580	1.0525s	1.4556	0.6270	0.5786
10
0389	0.8385	0.9550	1.3490	0.6620	1.2291s	1.4559	0.6280	0.5817
11
0390	0.8410	0.9421	1.3523	0.6640	1.2961s	1.4579	0.6280	0.5765
12
0391	0.8562	0.9464	1.3549	0.6660	1.1376s	1.4586	0.6280	0.5762
13
0392	0.8542	0.9443	1.3551	0.6660	1.0849s	1.4587	0.6230	0.5732
14
0393	0.8494	0.9429	1.3585	0.6680	1.1945s	1.4601	0.6230	0.5695
15
0394	0.8455	0.9529	1.3629	0.6680	1.0867s	1.4612	0.6260	0.5733
16
0395	0.8360	0.9514	1.3668	0.6620	1.1626s	1.4627	0.6310	0.5768
17
0396	0.8413	0.9464	1.3668	0.6660	1.1930s	1.4600	0.6280	0.5734
18
0397	0.8375	0.9521	1.3598	0.6640	1.0877s	1.4538	0.6270	0.5713
19
0398	0.8555	0.9529	1.3536	0.6600	1.2228s	1.4493	0.6280	0.5700
20
0399	0.8574	0.9564	1.3496	0.6560	1.1047s	1.4475	0.6290	0.5815
21
0400	0.8439	0.9443	1.3512	0.6580	1.2204s	1.4501	0.6320	0.5855
22
0401	0.8407	0.9500	1.3531	0.6600	0.6280s	1.4538	0.6320	0.5871
23
0402	0.8414	0.9529	1.3571	0.6580	0.6056s	1.4572	0.6320	0.5857
24
0403	0.8439	0.9493	1.3600	0.6620	0.9766s	1.4580	0.6290	0.5734
25
0404	0.8499	0.9621	1.3589	0.6580	1.1098s	1.4569	0.6280	0.5711
26
0405	0.8409	0.9579	1.3565	0.6540	1.2770s	1.4573	0.6280	0.5738
27
0406	0.8505	0.9536	1.3540	0.6540	1.3882s	1.4569	0.6310	0.5759
28
0407	0.8591	0.9543	1.3515	0.6560	1.0583s	1.4574	0.6310	0.5778
29
0408	0.8382	0.9579	1.3497	0.6560	1.1586s	1.4576	0.6280	0.5789
30
0409	0.8466	0.9507	1.3506	0.6560	1.2243s	1.4580	0.6290	0.5759
31
0410	0.8425	0.9386	1.3518	0.6560	1.2468s	1.4556	0.6350	0.5868
32
0411	0.8346	0.9450	1.3521	0.6600	1.2993s	1.4515	0.6370	0.5887
33
0412	0.8411	0.9486	1.3497	0.6580	1.2177s	1.4503	0.6410	0.5923
34
0413	0.8522	0.9536	1.3487	0.6600	1.0801s	1.4520	0.6390	0.5987
35
0414	0.8414	0.9429	1.3510	0.6680	1.2688s	1.4567	0.6360	0.5959
36
0415	0.8532	0.9557	1.3560	0.6600	0.5915s	1.4595	0.6350	0.5881
37
0416	0.8422	0.9493	1.3618	0.6620	1.4401s	1.4608	0.6300	0.5775
38
0417	0.8465	0.9557	1.3636	0.6640	0.7041s	1.4579	0.6280	0.5723
39
0418	0.8421	0.9543	1.3640	0.6700	0.9460s	1.4553	0.6270	0.5717
40
0419	0.8587	0.9550	1.3613	0.6700	0.8123s	1.4524	0.6270	0.5778
41
0420	0.8438	0.9557	1.3544	0.6640	1.2795s	1.4491	0.6300	0.5789
42
0421	0.8438	0.9536	1.3498	0.6660	1.2751s	1.4498	0.6290	0.5784
43
0422	0.8487	0.9521	1.3463	0.6640	0.8217s	1.4508	0.6280	0.5775
44
0423	0.8634	0.9450	1.3491	0.6580	1.1899s	1.4523	0.6300	0.5828
45
0424	0.8415	0.9514	1.3576	0.6540	1.1213s	1.4558	0.6330	0.5873
46
0425	0.8344	0.9493	1.3656	0.6560	1.3806s	1.4594	0.6310	0.5851
47
0426	0.8465	0.9486	1.3706	0.6540	1.1521s	1.4634	0.6320	0.5871
48
0427	0.8502	0.9464	1.3725	0.6580	1.1737s	1.4669	0.6290	0.5835
49
0428	0.8358	0.9636	1.3701	0.6580	1.2202s	1.4702	0.6230	0.5660
50
0429	0.8218	0.9557	1.3676	0.6560	1.1461s	1.4727	0.6220	0.5656
51
0430	0.8597	0.9564	1.3661	0.6600	1.2428s	1.4724	0.6240	0.5685
52
0431	0.8387	0.9457	1.3624	0.6600	1.2228s	1.4673	0.6290	0.5833
53
0432	0.8485	0.9529	1.3591	0.6600	1.1599s	1.4592	0.6290	0.5840
54
0433	0.8388	0.9536	1.3560	0.6620	1.1267s	1.4516	0.6300	0.5858
55
0434	0.8552	0.9436	1.3540	0.6600	1.1640s	1.4486	0.6320	0.5929
56
0435	0.8469	0.9629	1.3549	0.6600	0.9974s	1.4504	0.6260	0.5836
57
0436	0.8489	0.9614	1.3544	0.6540	1.1564s	1.4547	0.6250	0.5776
58
0437	0.8430	0.9479	1.3532	0.6600	1.0617s	1.4557	0.6290	0.5830
59
0438	0.8388	0.9414	1.3552	0.6640	1.1104s	1.4589	0.6290	0.5852
60
0439	0.8392	0.9536	1.3604	0.6600	1.2005s	1.4614	0.6270	0.5859
61
0440	0.8586	0.9571	1.3625	0.6580	1.3232s	1.4617	0.6280	0.5722
62
0441	0.8242	0.9664	1.3601	0.6580	0.3466s	1.4596	0.6290	0.5744
63
0442	0.8481	0.9471	1.3554	0.6620	1.1318s	1.4566	0.6280	0.5829
64
0443	0.8526	0.9529	1.3515	0.6580	1.0246s	1.4537	0.6300	0.5856
65
0444	0.8417	0.9529	1.3464	0.6640	0.9981s	1.4500	0.6270	0.5813
66
0445	0.8496	0.9479	1.3437	0.6640	1.1435s	1.4481	0.6270	0.5796
67
0446	0.8605	0.9557	1.3461	0.6700	1.1782s	1.4499	0.6240	0.5756
0
0447	0.8287	0.9571	1.3522	0.6580	1.0760s	1.4549	0.6230	0.5761
1
0448	0.8381	0.9629	1.3565	0.6620	1.2330s	1.4579	0.6250	0.5796
2
0449	0.8297	0.9607	1.3564	0.6600	0.6510s	1.4618	0.6230	0.5711
3
0450	0.8398	0.9500	1.3558	0.6640	1.3122s	1.4634	0.6230	0.5723
4
0451	0.8439	0.9536	1.3554	0.6640	0.6082s	1.4656	0.6220	0.5714
5
0452	0.8450	0.9564	1.3548	0.6680	1.0422s	1.4651	0.6250	0.5723
6
0453	0.8346	0.9486	1.3552	0.6620	1.3412s	1.4619	0.6260	0.5723
7
0454	0.8534	0.9629	1.3556	0.6660	1.1954s	1.4598	0.6240	0.5708
8
0455	0.8408	0.9507	1.3534	0.6680	0.9451s	1.4595	0.6220	0.5798
9
0456	0.8413	0.9564	1.3503	0.6600	1.2078s	1.4602	0.6210	0.5757
10
0457	0.8545	0.9529	1.3470	0.6600	0.9720s	1.4610	0.6200	0.5661
11
0458	0.8405	0.9507	1.3437	0.6620	1.2646s	1.4606	0.6210	0.5686
12
0459	0.8372	0.9543	1.3425	0.6660	0.6012s	1.4582	0.6240	0.5786
0
0460	0.8524	0.9550	1.3425	0.6620	1.0066s	1.4542	0.6270	0.5854
0
0461	0.8577	0.9536	1.3433	0.6660	1.0295s	1.4506	0.6270	0.5769
0
0462	0.8281	0.9579	1.3462	0.6740	0.9421s	1.4502	0.6250	0.5740
1
0463	0.8495	0.9536	1.3522	0.6720	1.0207s	1.4553	0.6200	0.5674
2
0464	0.8370	0.9571	1.3543	0.6640	1.0524s	1.4598	0.6210	0.5671
3
0465	0.8455	0.9500	1.3556	0.6580	1.1389s	1.4624	0.6230	0.5642
4
0466	0.8255	0.9521	1.3541	0.6620	0.7539s	1.4605	0.6230	0.5636
5
0467	0.8617	0.9614	1.3510	0.6680	1.1671s	1.4543	0.6240	0.5752
6
0468	0.8616	0.9500	1.3499	0.6640	0.8315s	1.4495	0.6250	0.5778
7
0469	0.8537	0.9486	1.3507	0.6640	1.4058s	1.4469	0.6260	0.5709
8
0470	0.8572	0.9593	1.3534	0.6640	0.9553s	1.4473	0.6220	0.5697
9
0471	0.8415	0.9564	1.3548	0.6600	0.9465s	1.4510	0.6290	0.5750
10
0472	0.8457	0.9600	1.3557	0.6620	0.9678s	1.4552	0.6250	0.5703
11
0473	0.8461	0.9571	1.3572	0.6540	1.3329s	1.4585	0.6220	0.5643
12
0474	0.8423	0.9529	1.3592	0.6580	1.2761s	1.4601	0.6280	0.5729
13
0475	0.8401	0.9593	1.3556	0.6560	0.5467s	1.4587	0.6260	0.5730
14
0476	0.8456	0.9564	1.3524	0.6520	0.8611s	1.4557	0.6290	0.5766
15
0477	0.8405	0.9521	1.3530	0.6620	1.1096s	1.4555	0.6330	0.5831
16
0478	0.8500	0.9536	1.3553	0.6620	0.4688s	1.4548	0.6290	0.5822
17
0479	0.8329	0.9457	1.3599	0.6640	1.3029s	1.4564	0.6260	0.5760
18
0480	0.8531	0.9450	1.3615	0.6580	0.9251s	1.4573	0.6260	0.5722
19
0481	0.8334	0.9564	1.3597	0.6540	0.8807s	1.4581	0.6220	0.5651
20
0482	0.8481	0.9500	1.3556	0.6600	0.9671s	1.4574	0.6240	0.5754
21
0483	0.8342	0.9514	1.3519	0.6580	1.1928s	1.4567	0.6240	0.5754
22
0484	0.8405	0.9600	1.3507	0.6520	0.3361s	1.4550	0.6270	0.5829
23
0485	0.8370	0.9536	1.3495	0.6620	1.3410s	1.4529	0.6300	0.5849
24
0486	0.8364	0.9543	1.3536	0.6680	1.0791s	1.4531	0.6280	0.5863
25
0487	0.8370	0.9471	1.3572	0.6740	0.9497s	1.4551	0.6310	0.5813
26
0488	0.8471	0.9564	1.3611	0.6700	1.1072s	1.4582	0.6310	0.5798
27
0489	0.8505	0.9507	1.3605	0.6660	1.3233s	1.4593	0.6250	0.5729
28
0490	0.8419	0.9521	1.3586	0.6620	0.9856s	1.4593	0.6210	0.5659
29
0491	0.8610	0.9471	1.3557	0.6580	1.0535s	1.4584	0.6220	0.5715
30
0492	0.8392	0.9514	1.3530	0.6620	0.8469s	1.4558	0.6250	0.5761
31
0493	0.8251	0.9564	1.3541	0.6660	0.9949s	1.4550	0.6280	0.5814
32
0494	0.8564	0.9629	1.3588	0.6580	1.1741s	1.4585	0.6250	0.5803
33
0495	0.8433	0.9486	1.3621	0.6600	1.1951s	1.4616	0.6200	0.5751
34
0496	0.8534	0.9550	1.3650	0.6560	1.0414s	1.4656	0.6240	0.5719
35
0497	0.8383	0.9486	1.3652	0.6620	1.0178s	1.4681	0.6230	0.5716
36
0498	0.8531	0.9457	1.3643	0.6600	0.9276s	1.4682	0.6250	0.5673
37
0499	0.8210	0.9600	1.3597	0.6580	1.2485s	1.4653	0.6260	0.5693
38
0500	0.8382	0.9486	1.3544	0.6560	1.0986s	1.4595	0.6300	0.5793
39
0501	0.8340	0.9543	1.3530	0.6560	1.0022s	1.4555	0.6280	0.5778
40
0502	0.8286	0.9543	1.3539	0.6540	1.1339s	1.4539	0.6290	0.5852
41
0503	0.8529	0.9600	1.3570	0.6520	0.5216s	1.4565	0.6250	0.5840
42
0504	0.8455	0.9514	1.3584	0.6560	1.3777s	1.4605	0.6250	0.5726
43
0505	0.8453	0.9543	1.3591	0.6480	0.9508s	1.4639	0.6190	0.5643
44
0506	0.8592	0.9507	1.3585	0.6500	1.1695s	1.4644	0.6240	0.5674
45
0507	0.8209	0.9636	1.3550	0.6600	0.6546s	1.4596	0.6290	0.5737
46
0508	0.8379	0.9507	1.3538	0.6580	1.1080s	1.4524	0.6300	0.5795
47
0509	0.8400	0.9529	1.3548	0.6540	1.1973s	1.4482	0.6350	0.5869
48
0510	0.8431	0.9471	1.3569	0.6660	1.0907s	1.4470	0.6330	0.5845
49
0511	0.8403	0.9471	1.3600	0.6660	1.1409s	1.4504	0.6290	0.5791
50
0512	0.8412	0.9550	1.3616	0.6600	0.6879s	1.4540	0.6280	0.5757
51
0513	0.8456	0.9550	1.3608	0.6580	1.0796s	1.4560	0.6290	0.5792
52
0514	0.8522	0.9529	1.3565	0.6600	1.3657s	1.4556	0.6300	0.5766
53
0515	0.8387	0.9579	1.3539	0.6620	0.9976s	1.4540	0.6280	0.5779
54
0516	0.8522	0.9543	1.3536	0.6580	1.0779s	1.4538	0.6260	0.5693
55
0517	0.8308	0.9521	1.3583	0.6620	0.3330s	1.4552	0.6270	0.5715
56
0518	0.8490	0.9521	1.3650	0.6660	1.2099s	1.4586	0.6270	0.5772
57
0519	0.8460	0.9586	1.3701	0.6660	0.7023s	1.4622	0.6300	0.5819
58
0520	0.8185	0.9486	1.3703	0.6660	1.1873s	1.4645	0.6270	0.5787
59
0521	0.8438	0.9400	1.3687	0.6640	0.9867s	1.4662	0.6220	0.5747
60
0522	0.8604	0.9500	1.3657	0.6620	1.2309s	1.4656	0.6230	0.5783
61
0523	0.8385	0.9479	1.3612	0.6660	0.2978s	1.4637	0.6230	0.5830
62
0524	0.8421	0.9471	1.3575	0.6600	1.0667s	1.4617	0.6220	0.5803
63
0525	0.8416	0.9500	1.3540	0.6600	1.2850s	1.4585	0.6270	0.5844
64
0526	0.8282	0.9493	1.3520	0.6600	1.2318s	1.4569	0.6290	0.5771
65
0527	0.8372	0.9479	1.3483	0.6620	0.8585s	1.4539	0.6320	0.5781
66
0528	0.8412	0.9507	1.3477	0.6620	1.1012s	1.4533	0.6300	0.5762
67
0529	0.8275	0.9621	1.3492	0.6640	1.2731s	1.4530	0.6320	0.5814
68
0530	0.8489	0.9557	1.3526	0.6700	0.4195s	1.4535	0.6320	0.5810
69
0531	0.8416	0.9457	1.3560	0.6680	1.1500s	1.4545	0.6230	0.5692
70
0532	0.8456	0.9536	1.3600	0.6640	1.0174s	1.4574	0.6230	0.5776
71
0533	0.8363	0.9529	1.3621	0.6600	1.1900s	1.4586	0.6230	0.5773
72
0534	0.8381	0.9550	1.3607	0.6620	1.0863s	1.4579	0.6230	0.5752
73
0535	0.8389	0.9493	1.3595	0.6560	0.4021s	1.4568	0.6260	0.5682
74
0536	0.8398	0.9614	1.3561	0.6600	1.1684s	1.4560	0.6290	0.5731
75
0537	0.8373	0.9464	1.3545	0.6620	0.8040s	1.4568	0.6280	0.5760
76
0538	0.8320	0.9629	1.3536	0.6640	1.1422s	1.4553	0.6250	0.5749
77
0539	0.8354	0.9514	1.3532	0.6640	0.7967s	1.4534	0.6260	0.5854
78
0540	0.8482	0.9457	1.3527	0.6640	1.2090s	1.4518	0.6260	0.5818
79
0541	0.8364	0.9514	1.3507	0.6620	0.8506s	1.4521	0.6260	0.5787
80
0542	0.8450	0.9521	1.3528	0.6620	1.0170s	1.4568	0.6210	0.5700
81
0543	0.8270	0.9586	1.3586	0.6600	1.1277s	1.4642	0.6190	0.5684
82
0544	0.8375	0.9529	1.3598	0.6580	1.1135s	1.4656	0.6230	0.5730
83
0545	0.8506	0.9493	1.3567	0.6580	1.2465s	1.4621	0.6270	0.5799
84
0546	0.8513	0.9579	1.3528	0.6600	1.1714s	1.4575	0.6280	0.5785
85
0547	0.8429	0.9507	1.3499	0.6640	0.6417s	1.4533	0.6290	0.5801
86
0548	0.8477	0.9493	1.3469	0.6660	1.0813s	1.4509	0.6320	0.5802
87
0549	0.8457	0.9464	1.3488	0.6640	1.1792s	1.4526	0.6340	0.5758
88
0550	0.8231	0.9536	1.3534	0.6620	1.1324s	1.4591	0.6310	0.5718
89
0551	0.8368	0.9443	1.3605	0.6600	0.8988s	1.4670	0.6280	0.5727
90
0552	0.8460	0.9493	1.3637	0.6620	1.0968s	1.4716	0.6240	0.5681
91
0553	0.8394	0.9607	1.3597	0.6660	0.8154s	1.4690	0.6230	0.5694
92
0554	0.8518	0.9579	1.3540	0.6640	1.0650s	1.4631	0.6260	0.5829
93
0555	0.8589	0.9507	1.3495	0.6640	1.0171s	1.4554	0.6280	0.5809
94
0556	0.8361	0.9471	1.3490	0.6660	0.2754s	1.4514	0.6300	0.5823
95
0557	0.8520	0.9543	1.3494	0.6600	1.3017s	1.4522	0.6300	0.5707
96
0558	0.8209	0.9493	1.3523	0.6620	0.5272s	1.4569	0.6290	0.5694
97
0559	0.8261	0.9479	1.3583	0.6580	0.6967s	1.4626	0.6280	0.5719
98
0560	0.8451	0.9514	1.3615	0.6620	1.3333s	1.4669	0.6220	0.5667
99
0561	0.8454	0.9571	1.3580	0.6580	0.3286s	1.4644	0.6250	0.5706
100
0562	0.8372	0.9571	1.3527	0.6520	1.0058s	1.4600	0.6270	0.5731
101
0563	0.8499	0.9579	1.3478	0.6560	0.9854s	1.4561	0.6250	0.5772
102
0564	0.8285	0.9593	1.3470	0.6580	1.1035s	1.4540	0.6250	0.5661
103
0565	0.8435	0.9521	1.3484	0.6560	0.7953s	1.4540	0.6300	0.5692
104
0566	0.8432	0.9550	1.3525	0.6600	1.2553s	1.4564	0.6280	0.5661
105
0567	0.8417	0.9436	1.3546	0.6580	1.3585s	1.4567	0.6300	0.5698
106
0568	0.8496	0.9429	1.3546	0.6560	0.9575s	1.4567	0.6290	0.5749
107
0569	0.8543	0.9514	1.3548	0.6580	0.8521s	1.4571	0.6290	0.5768
108
0570	0.8471	0.9493	1.3556	0.6600	0.8600s	1.4595	0.6270	0.5750
109
0571	0.8277	0.9536	1.3572	0.6640	1.1448s	1.4646	0.6260	0.5747
110
0572	0.8381	0.9536	1.3653	0.6660	0.6295s	1.4738	0.6200	0.5695
111
0573	0.8510	0.9443	1.3714	0.6640	0.7820s	1.4777	0.6200	0.5635
112
0574	0.8310	0.9579	1.3704	0.6660	1.0179s	1.4753	0.6250	0.5663
113
0575	0.8308	0.9450	1.3626	0.6560	0.9195s	1.4683	0.6290	0.5701
114
0576	0.8494	0.9657	1.3523	0.6580	0.4236s	1.4613	0.6300	0.5755
115
0577	0.8529	0.9564	1.3452	0.6600	1.3442s	1.4564	0.6270	0.5788
116
0578	0.8356	0.9536	1.3417	0.6600	1.0402s	1.4552	0.6240	0.5825
117
0579	0.8476	0.9500	1.3434	0.6580	1.2685s	1.4579	0.6210	0.5668
0
0580	0.8345	0.9514	1.3511	0.6580	1.1286s	1.4633	0.6200	0.5695
1
0581	0.8464	0.9586	1.3583	0.6580	1.4107s	1.4674	0.6200	0.5639
2
0582	0.8441	0.9550	1.3643	0.6660	1.0073s	1.4658	0.6220	0.5656
3
0583	0.8534	0.9571	1.3645	0.6580	1.1926s	1.4623	0.6250	0.5695
4
0584	0.8489	0.9479	1.3631	0.6620	1.1380s	1.4607	0.6240	0.5688
5
0585	0.8472	0.9479	1.3560	0.6520	1.2825s	1.4586	0.6230	0.5664
6
0586	0.8374	0.9529	1.3504	0.6540	0.9379s	1.4578	0.6200	0.5609
7
0587	0.8396	0.9593	1.3454	0.6540	1.3102s	1.4574	0.6230	0.5696
8
0588	0.8524	0.9514	1.3425	0.6560	1.1937s	1.4575	0.6290	0.5831
9
0589	0.8440	0.9593	1.3459	0.6600	1.2796s	1.4586	0.6280	0.5817
10
0590	0.8227	0.9564	1.3485	0.6580	1.3184s	1.4542	0.6250	0.5780
11
0591	0.8395	0.9593	1.3480	0.6580	1.0809s	1.4489	0.6270	0.5808
12
0592	0.8280	0.9607	1.3461	0.6520	0.3590s	1.4495	0.6270	0.5836
13
0593	0.8464	0.9457	1.3466	0.6600	1.3169s	1.4562	0.6250	0.5722
14
0594	0.8437	0.9493	1.3520	0.6620	1.1028s	1.4649	0.6210	0.5708
15
0595	0.8215	0.9579	1.3551	0.6680	1.1868s	1.4699	0.6140	0.5620
16
0596	0.8379	0.9529	1.3563	0.6620	1.2501s	1.4716	0.6180	0.5639
17
0597	0.8332	0.9521	1.3543	0.6580	1.1062s	1.4658	0.6200	0.5734
18
0598	0.8523	0.9536	1.3509	0.6620	1.1544s	1.4582	0.6170	0.5691
19
0599	0.8536	0.9529	1.3471	0.6500	0.9955s	1.4527	0.6240	0.5787
20
0600	0.8407	0.9486	1.3427	0.6520	1.3048s	1.4520	0.6270	0.5847
21
0601	0.8399	0.9550	1.3426	0.6520	0.8565s	1.4572	0.6260	0.5833
22
0602	0.8540	0.9536	1.3462	0.6540	1.1304s	1.4650	0.6230	0.5784
23
0603	0.8470	0.9471	1.3501	0.6620	1.2661s	1.4717	0.6170	0.5643
24
0604	0.8504	0.9443	1.3546	0.6580	0.3208s	1.4729	0.6210	0.5642
25
0605	0.8351	0.9643	1.3572	0.6700	1.2719s	1.4718	0.6210	0.5696
26
0606	0.8289	0.9564	1.3574	0.6680	1.0212s	1.4682	0.6220	0.5766
27
0607	0.8643	0.9593	1.3540	0.6660	1.2728s	1.4641	0.6250	0.5768
28
0608	0.8569	0.9429	1.3503	0.6620	1.0458s	1.4615	0.6270	0.5782
29
0609	0.8307	0.9564	1.3474	0.6560	1.1052s	1.4613	0.6260	0.5804
30
0610	0.8259	0.9600	1.3470	0.6520	1.2875s	1.4636	0.6200	0.5713
31
0611	0.8294	0.9550	1.3477	0.6460	0.8700s	1.4647	0.6200	0.5755
32
0612	0.8375	0.9450	1.3516	0.6620	1.2791s	1.4678	0.6180	0.5714
33
0613	0.8277	0.9621	1.3525	0.6720	0.9687s	1.4673	0.6170	0.5700
34
0614	0.8441	0.9571	1.3534	0.6740	1.4098s	1.4636	0.6190	0.5677
35
0615	0.8569	0.9450	1.3554	0.6660	1.1588s	1.4615	0.6260	0.5839
36
0616	0.8271	0.9536	1.3569	0.6620	1.1307s	1.4594	0.6290	0.5865
37
0617	0.8461	0.9557	1.3590	0.6620	1.0686s	1.4593	0.6310	0.5871
38
0618	0.8389	0.9529	1.3576	0.6600	1.2068s	1.4589	0.6320	0.5887
39
0619	0.8626	0.9507	1.3565	0.6580	1.4248s	1.4583	0.6240	0.5797
40
0620	0.8326	0.9564	1.3540	0.6660	0.8364s	1.4588	0.6230	0.5790
41
0621	0.8413	0.9564	1.3547	0.6680	1.1401s	1.4608	0.6230	0.5790
42
0622	0.8474	0.9500	1.3571	0.6620	1.1062s	1.4635	0.6220	0.5716
43
0623	0.8436	0.9479	1.3618	0.6560	1.1971s	1.4673	0.6210	0.5712
44
0624	0.8523	0.9521	1.3647	0.6600	1.0538s	1.4689	0.6260	0.5736
45
0625	0.8379	0.9543	1.3668	0.6600	1.2981s	1.4717	0.6280	0.5731
46
0626	0.8525	0.9579	1.3649	0.6580	0.2970s	1.4684	0.6270	0.5717
47
0627	0.8266	0.9657	1.3579	0.6620	1.1202s	1.4609	0.6260	0.5815
48
0628	0.8663	0.9543	1.3530	0.6680	1.2639s	1.4573	0.6280	0.5844
49
0629	0.8530	0.9493	1.3492	0.6700	1.2191s	1.4560	0.6260	0.5742
50
0630	0.8504	0.9471	1.3480	0.6660	1.2232s	1.4566	0.6240	0.5765
51
0631	0.8379	0.9529	1.3521	0.6700	1.1756s	1.4596	0.6240	0.5802
52
0632	0.8219	0.9550	1.3577	0.6600	1.1201s	1.4630	0.6260	0.5803
53
0633	0.8495	0.9493	1.3610	0.6580	1.1150s	1.4639	0.6230	0.5730
54
0634	0.8389	0.9521	1.3628	0.6580	1.0953s	1.4622	0.6250	0.5761
55
0635	0.8386	0.9557	1.3616	0.6600	1.1484s	1.4605	0.6270	0.5889
56
0636	0.8424	0.9593	1.3592	0.6660	1.2113s	1.4608	0.6280	0.5788
57
0637	0.8401	0.9536	1.3551	0.6740	1.0374s	1.4602	0.6260	0.5711
58
0638	0.8334	0.9471	1.3522	0.6660	1.2518s	1.4595	0.6240	0.5695
59
0639	0.8288	0.9657	1.3513	0.6600	1.2175s	1.4599	0.6260	0.5731
60
0640	0.8336	0.9607	1.3514	0.6620	1.2623s	1.4617	0.6250	0.5746
61
0641	0.8386	0.9550	1.3516	0.6640	1.2378s	1.4621	0.6290	0.5838
62
0642	0.8489	0.9579	1.3506	0.6680	1.2125s	1.4607	0.6270	0.5806
63
0643	0.8581	0.9436	1.3502	0.6680	1.3487s	1.4605	0.6250	0.5857
64
0644	0.8590	0.9457	1.3522	0.6660	1.1938s	1.4633	0.6270	0.5842
65
0645	0.8347	0.9593	1.3541	0.6660	1.0350s	1.4642	0.6300	0.5869
66
0646	0.8319	0.9571	1.3544	0.6600	0.9417s	1.4645	0.6270	0.5790
67
0647	0.8312	0.9493	1.3552	0.6600	0.8136s	1.4635	0.6270	0.5779
68
0648	0.8327	0.9579	1.3528	0.6600	1.2613s	1.4609	0.6270	0.5802
69
0649	0.8566	0.9443	1.3518	0.6640	1.1712s	1.4595	0.6280	0.5735
70
0650	0.8603	0.9507	1.3527	0.6540	0.8584s	1.4590	0.6270	0.5692
71
0651	0.8312	0.9550	1.3539	0.6580	1.0421s	1.4599	0.6280	0.5730
72
0652	0.8382	0.9507	1.3525	0.6560	1.2728s	1.4603	0.6250	0.5798
73
0653	0.8564	0.9550	1.3514	0.6620	1.1494s	1.4600	0.6230	0.5762
74
0654	0.8315	0.9600	1.3534	0.6640	1.4238s	1.4616	0.6230	0.5744
75
0655	0.8570	0.9507	1.3565	0.6620	1.1909s	1.4625	0.6260	0.5788
76
0656	0.8462	0.9421	1.3605	0.6560	0.9506s	1.4634	0.6270	0.5817
77
0657	0.8374	0.9564	1.3593	0.6580	1.1947s	1.4605	0.6280	0.5824
78
0658	0.8345	0.9557	1.3600	0.6620	1.4407s	1.4605	0.6240	0.5728
79
0659	0.8428	0.9579	1.3625	0.6540	0.9474s	1.4613	0.6230	0.5712
80
0660	0.8281	0.9579	1.3654	0.6520	1.0917s	1.4613	0.6270	0.5724
81
0661	0.8289	0.9593	1.3667	0.6540	1.0780s	1.4600	0.6280	0.5840
82
0662	0.8553	0.9529	1.3648	0.6560	1.3580s	1.4581	0.6280	0.5816
83
0663	0.8341	0.9564	1.3633	0.6580	1.0427s	1.4593	0.6280	0.5817
84
0664	0.8378	0.9507	1.3585	0.6580	1.3641s	1.4608	0.6240	0.5771
85
0665	0.8291	0.9593	1.3524	0.6600	0.7813s	1.4620	0.6240	0.5807
86
0666	0.8357	0.9436	1.3490	0.6640	1.3440s	1.4608	0.6270	0.5860
87
0667	0.8388	0.9521	1.3484	0.6620	1.0170s	1.4619	0.6260	0.5833
88
0668	0.8266	0.9479	1.3494	0.6640	1.1490s	1.4621	0.6270	0.5834
89
0669	0.8337	0.9671	1.3527	0.6640	1.1340s	1.4642	0.6270	0.5832
90
0670	0.8163	0.9514	1.3521	0.6640	1.1168s	1.4639	0.6260	0.5782
91
0671	0.8273	0.9557	1.3538	0.6680	1.2531s	1.4644	0.6260	0.5804
92
0672	0.8372	0.9543	1.3515	0.6700	1.1893s	1.4628	0.6310	0.5855
93
0673	0.8397	0.9557	1.3476	0.6700	1.2628s	1.4606	0.6280	0.5826
94
0674	0.8371	0.9457	1.3453	0.6640	0.4986s	1.4594	0.6280	0.5758
95
0675	0.8363	0.9457	1.3445	0.6620	1.2602s	1.4595	0.6280	0.5736
96
0676	0.8411	0.9571	1.3452	0.6620	1.2576s	1.4611	0.6260	0.5754
97
0677	0.8380	0.9493	1.3493	0.6660	1.2606s	1.4638	0.6200	0.5666
98
0678	0.8396	0.9557	1.3534	0.6680	0.6562s	1.4661	0.6190	0.5671
99
0679	0.8544	0.9586	1.3549	0.6600	1.1725s	1.4649	0.6200	0.5749
100
0680	0.8316	0.9607	1.3505	0.6600	1.1781s	1.4619	0.6240	0.5745
101
0681	0.8410	0.9557	1.3486	0.6520	1.4191s	1.4603	0.6220	0.5652
102
0682	0.8484	0.9514	1.3470	0.6600	0.6981s	1.4595	0.6190	0.5658
103
0683	0.8392	0.9543	1.3487	0.6600	1.3423s	1.4594	0.6220	0.5702
104
0684	0.8397	0.9536	1.3520	0.6580	1.0331s	1.4622	0.6240	0.5743
105
0685	0.8466	0.9614	1.3585	0.6600	1.4070s	1.4687	0.6220	0.5714
106
0686	0.8551	0.9457	1.3598	0.6600	1.1833s	1.4700	0.6260	0.5719
107
0687	0.8270	0.9529	1.3563	0.6600	1.0282s	1.4660	0.6260	0.5706
108
0688	0.8433	0.9479	1.3519	0.6660	0.7269s	1.4629	0.6200	0.5624
109
0689	0.8328	0.9500	1.3484	0.6660	1.0088s	1.4604	0.6230	0.5667
110
0690	0.8440	0.9493	1.3469	0.6700	1.1883s	1.4607	0.6280	0.5800
111
0691	0.8416	0.9536	1.3462	0.6620	1.4320s	1.4619	0.6280	0.5797
112
0692	0.8325	0.9579	1.3471	0.6600	0.9298s	1.4617	0.6280	0.5881
113
0693	0.8541	0.9536	1.3531	0.6520	1.2489s	1.4657	0.6280	0.5858
114
0694	0.8315	0.9629	1.3556	0.6540	1.1036s	1.4670	0.6280	0.5865
115
0695	0.8353	0.9493	1.3532	0.6560	1.3023s	1.4628	0.6300	0.5771
116
0696	0.8305	0.9543	1.3508	0.6620	1.1370s	1.4577	0.6280	0.5756
117
0697	0.8444	0.9464	1.3491	0.6560	1.3134s	1.4536	0.6310	0.5744
118
0698	0.8275	0.9514	1.3460	0.6620	1.0456s	1.4510	0.6280	0.5689
119
0699	0.8486	0.9521	1.3471	0.6640	0.7533s	1.4511	0.6270	0.5701
120
0700	0.8234	0.9557	1.3513	0.6680	1.3131s	1.4545	0.6250	0.5785
121
0701	0.8573	0.9550	1.3548	0.6640	1.2320s	1.4589	0.6250	0.5835
122
0702	0.8377	0.9593	1.3537	0.6600	1.0840s	1.4599	0.6240	0.5846
123
0703	0.8300	0.9586	1.3511	0.6620	0.4081s	1.4591	0.6230	0.5845
124
0704	0.8277	0.9536	1.3498	0.6560	1.3016s	1.4604	0.6260	0.5865
125
0705	0.8428	0.9507	1.3451	0.6540	0.4338s	1.4581	0.6210	0.5822
126
0706	0.8443	0.9521	1.3392	0.6660	1.2177s	1.4536	0.6240	0.5812
127
0707	0.8340	0.9543	1.3345	0.6640	1.1524s	1.4500	0.6310	0.5852
0
0708	0.8415	0.9564	1.3372	0.6660	1.1186s	1.4516	0.6290	0.5822
0
0709	0.8398	0.9593	1.3458	0.6640	1.2016s	1.4579	0.6230	0.5800
1
0710	0.8665	0.9500	1.3505	0.6600	1.0178s	1.4627	0.6210	0.5656
2
0711	0.8297	0.9521	1.3554	0.6580	1.3235s	1.4686	0.6190	0.5645
3
0712	0.8343	0.9586	1.3578	0.6600	1.0496s	1.4708	0.6190	0.5640
4
0713	0.8373	0.9507	1.3566	0.6580	1.0587s	1.4683	0.6210	0.5699
5
0714	0.8254	0.9550	1.3532	0.6700	1.2123s	1.4624	0.6240	0.5726
6
0715	0.8293	0.9629	1.3534	0.6660	1.2088s	1.4609	0.6210	0.5778
7
0716	0.8343	0.9521	1.3533	0.6680	1.4626s	1.4599	0.6250	0.5799
8
0717	0.8223	0.9543	1.3458	0.6660	0.9741s	1.4552	0.6260	0.5806
9
0718	0.8416	0.9607	1.3396	0.6620	1.2115s	1.4519	0.6270	0.5807
10
0719	0.8476	0.9507	1.3407	0.6560	1.1411s	1.4546	0.6240	0.5760
11
0720	0.8447	0.9507	1.3481	0.6640	1.2048s	1.4592	0.6280	0.5738
12
0721	0.8205	0.9457	1.3586	0.6640	1.1124s	1.4656	0.6260	0.5741
13
0722	0.8298	0.9479	1.3641	0.6640	1.1584s	1.4679	0.6200	0.5693
14
0723	0.8219	0.9636	1.3639	0.6620	1.0682s	1.4665	0.6220	0.5808
15
0724	0.8333	0.9471	1.3589	0.6680	1.5383s	1.4615	0.6240	0.5832
16
0725	0.8499	0.9464	1.3527	0.6740	0.4898s	1.4569	0.6290	0.5903
17
0726	0.8599	0.9550	1.3455	0.6680	1.2631s	1.4532	0.6290	0.5832
18
0727	0.8170	0.9479	1.3418	0.6680	1.1690s	1.4521	0.6290	0.5821
19
0728	0.8375	0.9493	1.3442	0.6600	1.1234s	1.4565	0.6260	0.5795
20
0729	0.8608	0.9486	1.3508	0.6620	1.3685s	1.4637	0.6230	0.5745
21
0730	0.8403	0.9457	1.3562	0.6540	0.9992s	1.4670	0.6200	0.5640
22
0731	0.8287	0.9479	1.3578	0.6560	1.0916s	1.4654	0.6220	0.5670
23
0732	0.8224	0.9550	1.3574	0.6600	0.4780s	1.4621	0.6270	0.5693
24
0733	0.8395	0.9464	1.3573	0.6680	1.1475s	1.4590	0.6270	0.5754
25
0734	0.8366	0.9600	1.3543	0.6700	1.1587s	1.4559	0.6270	0.5785
26
0735	0.8383	0.9543	1.3496	0.6700	1.1306s	1.4518	0.6310	0.5892
27
0736	0.8414	0.9471	1.3490	0.6720	1.1211s	1.4518	0.6280	0.5814
28
0737	0.8381	0.9543	1.3484	0.6660	1.2262s	1.4520	0.6260	0.5774
29
0738	0.8345	0.9529	1.3518	0.6640	1.1417s	1.4575	0.6230	0.5745
30
0739	0.8233	0.9521	1.3552	0.6600	1.2039s	1.4613	0.6220	0.5762
31
0740	0.8291	0.9500	1.3598	0.6620	0.5440s	1.4659	0.6200	0.5764
32
0741	0.8329	0.9536	1.3628	0.6600	1.2831s	1.4687	0.6240	0.5723
33
0742	0.8300	0.9557	1.3630	0.6600	1.1887s	1.4685	0.6240	0.5735
34
0743	0.8371	0.9514	1.3597	0.6580	0.9115s	1.4653	0.6270	0.5744
35
0744	0.8438	0.9479	1.3536	0.6660	1.2573s	1.4603	0.6300	0.5854
36
0745	0.8321	0.9550	1.3489	0.6660	0.8005s	1.4569	0.6260	0.5809
37
0746	0.8319	0.9571	1.3456	0.6660	1.1649s	1.4554	0.6260	0.5788
38
0747	0.8394	0.9493	1.3445	0.6660	1.1206s	1.4563	0.6240	0.5724
39
0748	0.8483	0.9464	1.3450	0.6660	1.1333s	1.4566	0.6240	0.5744
40
0749	0.8339	0.9500	1.3501	0.6640	1.2342s	1.4597	0.6270	0.5781
41
0750	0.8488	0.9407	1.3573	0.6560	1.1372s	1.4626	0.6290	0.5873
42
0751	0.8455	0.9500	1.3608	0.6520	1.1597s	1.4623	0.6300	0.5903
43
0752	0.8362	0.9529	1.3611	0.6520	0.3278s	1.4590	0.6280	0.5876
44
0753	0.8544	0.9579	1.3581	0.6600	1.2277s	1.4556	0.6310	0.5884
45
0754	0.8425	0.9521	1.3574	0.6680	1.2768s	1.4536	0.6350	0.5831
46
0755	0.8294	0.9614	1.3571	0.6660	1.2103s	1.4551	0.6300	0.5762
47
0756	0.8428	0.9579	1.3547	0.6640	1.1932s	1.4562	0.6250	0.5691
48
0757	0.8431	0.9579	1.3491	0.6660	1.2495s	1.4556	0.6240	0.5664
49
0758	0.8365	0.9643	1.3477	0.6640	1.2374s	1.4562	0.6240	0.5739
50
0759	0.8147	0.9557	1.3494	0.6640	1.1033s	1.4584	0.6270	0.5856
51
0760	0.8270	0.9600	1.3517	0.6600	1.1595s	1.4590	0.6270	0.5859
52
0761	0.8310	0.9600	1.3503	0.6660	0.4966s	1.4582	0.6270	0.5831
53
0762	0.8576	0.9457	1.3481	0.6680	1.1166s	1.4566	0.6230	0.5797
54
0763	0.8358	0.9457	1.3497	0.6680	0.9554s	1.4582	0.6240	0.5772
55
0764	0.8297	0.9536	1.3529	0.6660	1.1183s	1.4615	0.6240	0.5763
56
0765	0.8410	0.9500	1.3553	0.6640	0.3098s	1.4664	0.6230	0.5646
57
0766	0.8422	0.9614	1.3554	0.6600	1.1119s	1.4700	0.6240	0.5693
58
0767	0.8220	0.9586	1.3534	0.6580	1.0824s	1.4709	0.6230	0.5695
59
0768	0.8376	0.9486	1.3505	0.6620	0.2774s	1.4676	0.6240	0.5797
60
0769	0.8261	0.9529	1.3494	0.6620	1.0709s	1.4645	0.6240	0.5827
61
0770	0.8334	0.9507	1.3489	0.6660	1.2206s	1.4592	0.6270	0.5812
62
0771	0.8449	0.9557	1.3524	0.6620	1.0079s	1.4570	0.6270	0.5839
63
0772	0.8323	0.9529	1.3588	0.6680	1.0535s	1.4612	0.6240	0.5770
64
0773	0.8395	0.9471	1.3626	0.6700	1.0678s	1.4656	0.6210	0.5723
65
0774	0.8322	0.9557	1.3615	0.6640	1.3931s	1.4685	0.6250	0.5814
66
0775	0.8405	0.9536	1.3584	0.6620	1.2311s	1.4676	0.6210	0.5657
67
0776	0.8611	0.9536	1.3537	0.6680	1.2936s	1.4648	0.6250	0.5734
68
0777	0.8343	0.9543	1.3497	0.6640	1.1842s	1.4604	0.6300	0.5758
69
0778	0.8407	0.9536	1.3478	0.6680	1.2921s	1.4583	0.6280	0.5721
70
0779	0.8464	0.9557	1.3482	0.6700	1.2039s	1.4575	0.6240	0.5675
71
0780	0.8438	0.9550	1.3508	0.6740	1.1505s	1.4569	0.6250	0.5804
72
0781	0.8547	0.9629	1.3520	0.6680	1.3185s	1.4571	0.6250	0.5827
73
0782	0.8321	0.9464	1.3526	0.6600	1.1673s	1.4594	0.6240	0.5784
74
0783	0.8271	0.9650	1.3496	0.6660	1.3869s	1.4599	0.6210	0.5750
75
0784	0.8311	0.9436	1.3510	0.6680	0.3092s	1.4619	0.6210	0.5767
76
0785	0.8295	0.9564	1.3506	0.6740	1.1772s	1.4613	0.6230	0.5797
77
0786	0.8444	0.9479	1.3499	0.6760	1.2263s	1.4587	0.6280	0.5851
78
0787	0.8333	0.9529	1.3488	0.6740	1.1786s	1.4572	0.6300	0.5874
79
0788	0.8499	0.9550	1.3494	0.6720	1.2535s	1.4578	0.6280	0.5829
80
0789	0.8327	0.9521	1.3497	0.6660	0.9462s	1.4608	0.6250	0.5740
81
0790	0.8359	0.9529	1.3501	0.6620	1.0429s	1.4628	0.6220	0.5731
82
0791	0.8331	0.9500	1.3524	0.6640	1.1050s	1.4641	0.6210	0.5757
83
0792	0.8370	0.9457	1.3592	0.6640	1.1021s	1.4656	0.6240	0.5813
84
0793	0.8328	0.9500	1.3627	0.6620	1.2071s	1.4634	0.6240	0.5825
85
0794	0.8451	0.9536	1.3611	0.6600	1.2703s	1.4615	0.6260	0.5809
86
0795	0.8473	0.9507	1.3561	0.6660	0.8986s	1.4609	0.6240	0.5700
87
0796	0.8313	0.9593	1.3515	0.6720	1.2716s	1.4584	0.6260	0.5716
88
0797	0.8478	0.9500	1.3494	0.6680	0.3417s	1.4579	0.6270	0.5705
89
0798	0.8382	0.9550	1.3499	0.6720	1.4397s	1.4580	0.6230	0.5647
90
0799	0.8268	0.9507	1.3511	0.6700	0.9819s	1.4603	0.6210	0.5665
91
0800	0.8407	0.9593	1.3517	0.6680	1.3722s	1.4613	0.6280	0.5780
92
0801	0.8206	0.9521	1.3522	0.6600	1.0751s	1.4611	0.6270	0.5766
93
0802	0.8264	0.9571	1.3543	0.6560	0.9780s	1.4612	0.6250	0.5714
94
0803	0.8348	0.9536	1.3525	0.6600	1.1066s	1.4592	0.6250	0.5773
95
0804	0.8354	0.9564	1.3507	0.6680	0.9990s	1.4539	0.6240	0.5766
96
0805	0.8354	0.9579	1.3530	0.6640	1.1715s	1.4539	0.6240	0.5746
97
0806	0.8273	0.9571	1.3527	0.6700	1.1694s	1.4538	0.6270	0.5748
98
0807	0.8371	0.9564	1.3556	0.6700	1.0900s	1.4580	0.6300	0.5705
99
0808	0.8257	0.9514	1.3585	0.6620	1.3086s	1.4612	0.6290	0.5731
100
0809	0.8450	0.9521	1.3607	0.6640	0.6611s	1.4608	0.6270	0.5718
101
0810	0.8317	0.9543	1.3608	0.6620	1.1139s	1.4581	0.6300	0.5778
102
0811	0.8385	0.9514	1.3595	0.6560	1.1957s	1.4533	0.6290	0.5796
103
0812	0.8312	0.9600	1.3586	0.6540	1.2471s	1.4503	0.6300	0.5776
104
0813	0.8481	0.9529	1.3592	0.6580	1.2617s	1.4533	0.6280	0.5830
105
0814	0.8399	0.9521	1.3609	0.6640	0.7324s	1.4603	0.6250	0.5799
106
0815	0.8349	0.9543	1.3594	0.6640	1.1077s	1.4623	0.6250	0.5688
107
0816	0.8258	0.9550	1.3548	0.6680	1.0741s	1.4586	0.6250	0.5673
108
0817	0.8390	0.9579	1.3524	0.6640	1.3069s	1.4559	0.6260	0.5759
109
0818	0.8188	0.9586	1.3495	0.6600	1.0191s	1.4520	0.6250	0.5752
110
0819	0.8155	0.9521	1.3466	0.6680	1.1170s	1.4497	0.6270	0.5777
111
0820	0.8330	0.9579	1.3437	0.6700	0.2943s	1.4511	0.6300	0.5815
112
0821	0.8225	0.9500	1.3431	0.6700	1.3349s	1.4538	0.6270	0.5790
113
0822	0.8372	0.9457	1.3457	0.6660	1.0839s	1.4592	0.6280	0.5781
114
0823	0.8337	0.9593	1.3505	0.6660	1.1706s	1.4624	0.6280	0.5867
115
0824	0.8510	0.9564	1.3555	0.6680	1.2176s	1.4652	0.6230	0.5798
116
0825	0.8363	0.9557	1.3566	0.6640	1.0482s	1.4638	0.6210	0.5800
117
0826	0.8421	0.9471	1.3574	0.6620	1.1535s	1.4594	0.6230	0.5839
118
0827	0.8423	0.9586	1.3521	0.6660	1.2602s	1.4545	0.6240	0.5745
119
0828	0.8295	0.9457	1.3479	0.6660	0.5079s	1.4539	0.6280	0.5774
120
0829	0.8550	0.9521	1.3456	0.6680	1.2620s	1.4550	0.6300	0.5782
121
0830	0.8396	0.9600	1.3481	0.6700	0.9604s	1.4602	0.6280	0.5776
122
0831	0.8372	0.9500	1.3514	0.6700	1.2435s	1.4634	0.6260	0.5749
123
0832	0.8457	0.9493	1.3537	0.6720	0.9451s	1.4650	0.6260	0.5729
124
0833	0.8391	0.9586	1.3561	0.6700	1.3306s	1.4663	0.6250	0.5672
125
0834	0.8494	0.9550	1.3558	0.6640	1.2753s	1.4656	0.6260	0.5679
126
0835	0.8449	0.9586	1.3526	0.6560	1.1033s	1.4633	0.6260	0.5678
127
0836	0.8232	0.9586	1.3488	0.6560	1.1599s	1.4588	0.6280	0.5720
128
0837	0.8500	0.9579	1.3475	0.6600	1.3007s	1.4533	0.6240	0.5694
129
0838	0.8293	0.9450	1.3487	0.6620	1.1635s	1.4507	0.6260	0.5719
130
0839	0.8466	0.9471	1.3521	0.6680	1.3140s	1.4503	0.6240	0.5713
131
0840	0.8234	0.9600	1.3549	0.6640	1.2163s	1.4526	0.6250	0.5712
132
0841	0.8298	0.9557	1.3547	0.6580	1.2475s	1.4549	0.6280	0.5737
133
0842	0.8266	0.9543	1.3529	0.6620	1.1480s	1.4561	0.6280	0.5792
134
0843	0.8221	0.9571	1.3515	0.6600	1.2543s	1.4569	0.6240	0.5716
135
0844	0.8371	0.9479	1.3508	0.6580	1.0977s	1.4570	0.6280	0.5725
136
0845	0.8662	0.9429	1.3521	0.6600	1.3295s	1.4580	0.6260	0.5769
137
0846	0.8414	0.9486	1.3565	0.6600	0.9641s	1.4612	0.6250	0.5750
138
0847	0.8484	0.9607	1.3585	0.6660	0.8514s	1.4623	0.6260	0.5762
139
0848	0.8282	0.9571	1.3586	0.6660	1.2215s	1.4627	0.6210	0.5815
140
0849	0.8436	0.9564	1.3585	0.6660	0.3617s	1.4631	0.6210	0.5791
141
0850	0.8373	0.9550	1.3566	0.6620	1.2812s	1.4624	0.6220	0.5798
142
0851	0.8420	0.9543	1.3548	0.6620	0.9851s	1.4622	0.6230	0.5838
143
0852	0.8417	0.9493	1.3533	0.6620	1.0178s	1.4638	0.6260	0.5886
144
0853	0.8532	0.9450	1.3545	0.6620	1.2471s	1.4668	0.6200	0.5827
145
0854	0.8540	0.9443	1.3565	0.6600	0.4050s	1.4684	0.6230	0.5851
146
0855	0.8317	0.9543	1.3553	0.6660	1.2832s	1.4652	0.6250	0.5858
147
0856	0.8264	0.9557	1.3532	0.6560	1.2044s	1.4607	0.6220	0.5793
148
0857	0.8530	0.9614	1.3493	0.6560	1.2230s	1.4565	0.6270	0.5842
149
0858	0.8390	0.9571	1.3489	0.6620	1.3018s	1.4564	0.6250	0.5824
150
0859	0.8348	0.9514	1.3511	0.6660	1.1199s	1.4578	0.6230	0.5785
151
0860	0.8212	0.9607	1.3504	0.6680	0.2894s	1.4593	0.6230	0.5837
152
0861	0.8255	0.9571	1.3506	0.6640	1.3296s	1.4596	0.6290	0.5887
153
0862	0.8223	0.9514	1.3499	0.6600	0.9387s	1.4585	0.6310	0.5904
154
0863	0.8405	0.9543	1.3496	0.6620	1.2654s	1.4562	0.6300	0.5903
155
0864	0.8166	0.9571	1.3508	0.6520	0.9119s	1.4541	0.6250	0.5858
156
0865	0.8458	0.9464	1.3528	0.6460	1.3244s	1.4529	0.6290	0.5805
157
0866	0.8457	0.9579	1.3561	0.6500	0.5022s	1.4562	0.6300	0.5791
158
0867	0.8326	0.9521	1.3586	0.6600	0.5632s	1.4627	0.6300	0.5806
159
0868	0.8468	0.9571	1.3574	0.6600	1.3349s	1.4663	0.6320	0.5834
160
0869	0.8378	0.9529	1.3524	0.6680	1.2193s	1.4657	0.6270	0.5801
161
0870	0.8311	0.9486	1.3459	0.6720	1.2564s	1.4604	0.6280	0.5789
162
0871	0.8414	0.9464	1.3429	0.6700	1.0374s	1.4536	0.6260	0.5744
163
0872	0.8436	0.9493	1.3437	0.6700	1.2159s	1.4503	0.6280	0.5777
164
0873	0.8211	0.9471	1.3510	0.6580	0.6041s	1.4531	0.6310	0.5890
165
0874	0.8417	0.9521	1.3582	0.6580	1.2643s	1.4598	0.6270	0.5900
166
0875	0.8393	0.9493	1.3627	0.6580	0.2897s	1.4683	0.6230	0.5751
167
0876	0.8459	0.9529	1.3635	0.6580	1.3231s	1.4704	0.6230	0.5751
168
0877	0.8470	0.9586	1.3600	0.6600	1.2121s	1.4679	0.6250	0.5763
169
0878	0.8400	0.9457	1.3526	0.6640	0.7207s	1.4615	0.6270	0.5785
170
0879	0.8484	0.9507	1.3476	0.6600	1.1456s	1.4570	0.6260	0.5795
171
0880	0.8442	0.9521	1.3470	0.6600	0.9129s	1.4572	0.6270	0.5749
172
0881	0.8481	0.9507	1.3521	0.6580	1.1423s	1.4621	0.6290	0.5773
173
0882	0.8253	0.9521	1.3607	0.6620	1.1674s	1.4686	0.6320	0.5846
174
0883	0.8283	0.9536	1.3650	0.6600	0.8866s	1.4720	0.6230	0.5756
175
0884	0.8284	0.9579	1.3601	0.6640	0.8114s	1.4670	0.6250	0.5805
176
0885	0.8563	0.9536	1.3511	0.6600	1.0751s	1.4610	0.6290	0.5852
177
0886	0.8259	0.9543	1.3435	0.6640	1.2221s	1.4588	0.6250	0.5832
178
0887	0.8559	0.9557	1.3401	0.6660	0.3715s	1.4582	0.6250	0.5768
179
0888	0.8271	0.9543	1.3410	0.6700	1.3422s	1.4589	0.6230	0.5746
180
0889	0.8428	0.9550	1.3479	0.6680	0.5057s	1.4639	0.6210	0.5715
181
0890	0.8554	0.9421	1.3571	0.6680	1.0133s	1.4683	0.6180	0.5671
182
0891	0.8301	0.9614	1.3626	0.6500	1.1745s	1.4683	0.6190	0.5675
183
0892	0.8452	0.9529	1.3607	0.6500	1.2572s	1.4652	0.6240	0.5690
184
0893	0.8273	0.9500	1.3541	0.6640	1.2237s	1.4603	0.6270	0.5719
185
0894	0.8287	0.9600	1.3480	0.6620	1.1883s	1.4565	0.6260	0.5727
186
0895	0.8283	0.9543	1.3468	0.6640	1.2010s	1.4552	0.6270	0.5754
187
0896	0.8344	0.9593	1.3501	0.6680	1.2437s	1.4570	0.6270	0.5836
188
0897	0.8393	0.9514	1.3568	0.6680	0.5874s	1.4594	0.6290	0.5865
189
0898	0.8365	0.9607	1.3636	0.6540	1.1571s	1.4617	0.6270	0.5835
190
0899	0.8437	0.9400	1.3647	0.6560	1.0144s	1.4618	0.6250	0.5825
191
0900	0.8310	0.9571	1.3591	0.6580	0.4023s	1.4601	0.6230	0.5810
192
0901	0.8408	0.9529	1.3525	0.6680	0.8096s	1.4567	0.6260	0.5822
193
0902	0.8324	0.9521	1.3483	0.6680	1.3439s	1.4553	0.6320	0.5888
194
0903	0.8345	0.9571	1.3499	0.6700	1.1806s	1.4571	0.6320	0.5819
195
0904	0.8541	0.9543	1.3528	0.6660	1.2761s	1.4620	0.6300	0.5803
196
0905	0.8370	0.9500	1.3531	0.6640	1.0157s	1.4643	0.6300	0.5799
197
0906	0.8180	0.9514	1.3519	0.6720	1.3259s	1.4661	0.6220	0.5795
198
0907	0.8466	0.9457	1.3460	0.6680	1.0427s	1.4631	0.6230	0.5816
199
Early stop! Min loss:1.3345425128936768,  Max accuracy:0.678
Early stop model validation loss:1.3345425128936768,  accuracy:0.664
Optimization Finished!
Total time elapsed: 985.5400s
test max acc:0.6410
Loading 706th epoch
stru_node_to_hop attention:tensor([[0.2500, 0.2500, 0.2500, 0.2500],
        [0.2500, 0.2500, 0.2500, 0.2500],
        [0.2500, 0.2500, 0.2500, 0.2500],
        [0.2500, 0.2500, 0.2500, 0.2500],
        [0.2500, 0.2500, 0.2500, 0.2500],
        [0.2500, 0.2500, 0.2500, 0.2500],
        [0.2500, 0.2500, 0.2500, 0.2500],
        [0.2500, 0.2500, 0.2500, 0.2500],
        [0.2500, 0.2500, 0.2500, 0.2500],
        [0.2500, 0.2500, 0.2500, 0.2500],
        [0.2500, 0.2500, 0.2500, 0.2500],
        [0.2500, 0.2500, 0.2500, 0.2500],
        [0.2500, 0.2500, 0.2500, 0.2500],
        [0.2500, 0.2500, 0.2500, 0.2500],
        [0.2500, 0.2500, 0.2500, 0.2500],
        [0.2500, 0.2500, 0.2500, 0.2500],
        [0.2500, 0.2500, 0.2500, 0.2500],
        [0.2500, 0.2500, 0.2500, 0.2500],
        [0.2500, 0.2500, 0.2500, 0.2500],
        [0.2500, 0.2500, 0.2500, 0.2500],
        [0.2500, 0.2500, 0.2500, 0.2500],
        [0.2500, 0.2500, 0.2500, 0.2500],
        [0.2500, 0.2500, 0.2500, 0.2500],
        [0.2500, 0.2500, 0.2500, 0.2500],
        [0.2500, 0.2500, 0.2500, 0.2500],
        [0.2500, 0.2500, 0.2500, 0.2500],
        [0.2500, 0.2500, 0.2500, 0.2500],
        [0.2500, 0.2500, 0.2500, 0.2500],
        [0.2500, 0.2500, 0.2500, 0.2500],
        [0.2500, 0.2500, 0.2500, 0.2500],
        [0.2500, 0.2500, 0.2500, 0.2500],
        [0.2500, 0.2500, 0.2500, 0.2500],
        [0.2500, 0.2500, 0.2500, 0.2500],
        [0.2500, 0.2500, 0.2500, 0.2500],
        [0.2500, 0.2500, 0.2500, 0.2500],
        [0.2500, 0.2500, 0.2500, 0.2500],
        [0.2500, 0.2500, 0.2500, 0.2500],
        [0.2500, 0.2500, 0.2500, 0.2500],
        [0.2500, 0.2500, 0.2500, 0.2500],
        [0.2500, 0.2500, 0.2500, 0.2500],
        [0.2500, 0.2500, 0.2500, 0.2500],
        [0.2500, 0.2500, 0.2500, 0.2500],
        [0.2500, 0.2500, 0.2500, 0.2500],
        [0.2500, 0.2500, 0.2500, 0.2500],
        [0.2500, 0.2500, 0.2500, 0.2500],
        [0.2500, 0.2500, 0.2500, 0.2500],
        [0.2500, 0.2500, 0.2500, 0.2500],
        [0.2500, 0.2500, 0.2500, 0.2500],
        [0.2500, 0.2500, 0.2500, 0.2500],
        [0.2500, 0.2500, 0.2500, 0.2500],
        [0.2500, 0.2500, 0.2500, 0.2500],
        [0.2500, 0.2500, 0.2500, 0.2500],
        [0.2500, 0.2500, 0.2500, 0.2500],
        [0.2500, 0.2500, 0.2500, 0.2500],
        [0.2500, 0.2500, 0.2500, 0.2500],
        [0.2500, 0.2500, 0.2500, 0.2500],
        [0.2500, 0.2500, 0.2500, 0.2500],
        [0.2500, 0.2500, 0.2500, 0.2500],
        [0.2500, 0.2500, 0.2500, 0.2500],
        [0.2500, 0.2500, 0.2500, 0.2500],
        [0.2500, 0.2500, 0.2500, 0.2500],
        [0.2500, 0.2500, 0.2500, 0.2500],
        [0.2500, 0.2500, 0.2500, 0.2500],
        [0.2500, 0.2500, 0.2500, 0.2500],
        [0.2500, 0.2500, 0.2500, 0.2500],
        [0.2500, 0.2500, 0.2500, 0.2500],
        [0.2500, 0.2500, 0.2500, 0.2500],
        [0.2500, 0.2500, 0.2500, 0.2500],
        [0.2500, 0.2500, 0.2500, 0.2500],
        [0.2500, 0.2500, 0.2500, 0.2500],
        [0.2500, 0.2500, 0.2500, 0.2500],
        [0.2500, 0.2500, 0.2500, 0.2500],
        [0.2500, 0.2500, 0.2500, 0.2500],
        [0.2500, 0.2500, 0.2500, 0.2500],
        [0.2500, 0.2500, 0.2500, 0.2500],
        [0.2500, 0.2500, 0.2500, 0.2500],
        [0.2500, 0.2500, 0.2500, 0.2500],
        [0.2500, 0.2500, 0.2500, 0.2500],
        [0.2500, 0.2500, 0.2500, 0.2500],
        [0.2500, 0.2500, 0.2500, 0.2500],
        [0.2500, 0.2500, 0.2500, 0.2500],
        [0.2500, 0.2500, 0.2500, 0.2500],
        [0.2500, 0.2500, 0.2500, 0.2500],
        [0.2500, 0.2500, 0.2500, 0.2500],
        [0.2500, 0.2500, 0.2500, 0.2500],
        [0.2500, 0.2500, 0.2500, 0.2500],
        [0.2500, 0.2500, 0.2500, 0.2500],
        [0.2500, 0.2500, 0.2500, 0.2500],
        [0.2500, 0.2500, 0.2500, 0.2500],
        [0.2500, 0.2500, 0.2500, 0.2500],
        [0.2500, 0.2500, 0.2500, 0.2500],
        [0.2500, 0.2500, 0.2500, 0.2500],
        [0.2500, 0.2500, 0.2500, 0.2500],
        [0.2500, 0.2500, 0.2500, 0.2500],
        [0.2500, 0.2500, 0.2500, 0.2500],
        [0.2500, 0.2500, 0.2500, 0.2500],
        [0.2500, 0.2500, 0.2500, 0.2500],
        [0.2500, 0.2500, 0.2500, 0.2500],
        [0.2500, 0.2500, 0.2500, 0.2500],
        [0.2500, 0.2500, 0.2500, 0.2500]], device='cuda:7')
fea_node_to_hop attention:tensor([[0.2500, 0.2500, 0.2500, 0.2500],
        [0.2500, 0.2500, 0.2500, 0.2500],
        [0.2500, 0.2500, 0.2500, 0.2500],
        [0.2500, 0.2500, 0.2500, 0.2500],
        [0.2500, 0.2500, 0.2500, 0.2500],
        [0.2500, 0.2500, 0.2500, 0.2500],
        [0.2500, 0.2500, 0.2500, 0.2500],
        [0.2500, 0.2500, 0.2500, 0.2500],
        [0.2500, 0.2500, 0.2500, 0.2500],
        [0.2500, 0.2500, 0.2500, 0.2500],
        [0.2500, 0.2500, 0.2500, 0.2500],
        [0.2500, 0.2500, 0.2500, 0.2500],
        [0.2500, 0.2500, 0.2500, 0.2500],
        [0.2500, 0.2500, 0.2500, 0.2500],
        [0.2500, 0.2500, 0.2500, 0.2500],
        [0.2500, 0.2500, 0.2500, 0.2500],
        [0.2500, 0.2500, 0.2500, 0.2500],
        [0.2500, 0.2500, 0.2500, 0.2500],
        [0.2500, 0.2500, 0.2500, 0.2500],
        [0.2500, 0.2500, 0.2500, 0.2500],
        [0.2500, 0.2500, 0.2500, 0.2500],
        [0.2500, 0.2500, 0.2500, 0.2500],
        [0.2500, 0.2500, 0.2500, 0.2500],
        [0.2500, 0.2500, 0.2500, 0.2500],
        [0.2500, 0.2500, 0.2500, 0.2500],
        [0.2500, 0.2500, 0.2500, 0.2500],
        [0.2500, 0.2500, 0.2500, 0.2500],
        [0.2500, 0.2500, 0.2500, 0.2500],
        [0.2500, 0.2500, 0.2500, 0.2500],
        [0.2500, 0.2500, 0.2500, 0.2500],
        [0.2500, 0.2500, 0.2500, 0.2500],
        [0.2500, 0.2500, 0.2500, 0.2500],
        [0.2500, 0.2500, 0.2500, 0.2500],
        [0.2500, 0.2500, 0.2500, 0.2500],
        [0.2500, 0.2500, 0.2500, 0.2500],
        [0.2500, 0.2500, 0.2500, 0.2500],
        [0.2500, 0.2500, 0.2500, 0.2500],
        [0.2500, 0.2500, 0.2500, 0.2500],
        [0.2500, 0.2500, 0.2500, 0.2500],
        [0.2500, 0.2500, 0.2500, 0.2500],
        [0.2500, 0.2500, 0.2500, 0.2500],
        [0.2500, 0.2500, 0.2500, 0.2500],
        [0.2500, 0.2500, 0.2500, 0.2500],
        [0.2500, 0.2500, 0.2500, 0.2500],
        [0.2500, 0.2500, 0.2500, 0.2500],
        [0.2500, 0.2500, 0.2500, 0.2500],
        [0.2500, 0.2500, 0.2500, 0.2500],
        [0.2500, 0.2500, 0.2500, 0.2500],
        [0.2500, 0.2500, 0.2500, 0.2500],
        [0.2500, 0.2500, 0.2500, 0.2500],
        [0.2500, 0.2500, 0.2500, 0.2500],
        [0.2500, 0.2500, 0.2500, 0.2500],
        [0.2500, 0.2500, 0.2500, 0.2500],
        [0.2500, 0.2500, 0.2500, 0.2500],
        [0.2500, 0.2500, 0.2500, 0.2500],
        [0.2500, 0.2500, 0.2500, 0.2500],
        [0.2500, 0.2500, 0.2500, 0.2500],
        [0.2500, 0.2500, 0.2500, 0.2500],
        [0.2500, 0.2500, 0.2500, 0.2500],
        [0.2500, 0.2500, 0.2500, 0.2500],
        [0.2500, 0.2500, 0.2500, 0.2500],
        [0.2500, 0.2500, 0.2500, 0.2500],
        [0.2500, 0.2500, 0.2500, 0.2500],
        [0.2500, 0.2500, 0.2500, 0.2500],
        [0.2500, 0.2500, 0.2500, 0.2500],
        [0.2500, 0.2500, 0.2500, 0.2500],
        [0.2500, 0.2500, 0.2500, 0.2500],
        [0.2500, 0.2500, 0.2500, 0.2500],
        [0.2500, 0.2500, 0.2500, 0.2500],
        [0.2500, 0.2500, 0.2500, 0.2500],
        [0.2500, 0.2500, 0.2500, 0.2500],
        [0.2500, 0.2500, 0.2500, 0.2500],
        [0.2500, 0.2500, 0.2500, 0.2500],
        [0.2500, 0.2500, 0.2500, 0.2500],
        [0.2500, 0.2500, 0.2500, 0.2500],
        [0.2500, 0.2500, 0.2500, 0.2500],
        [0.2500, 0.2500, 0.2500, 0.2500],
        [0.2500, 0.2500, 0.2500, 0.2500],
        [0.2500, 0.2500, 0.2500, 0.2500],
        [0.2500, 0.2500, 0.2500, 0.2500],
        [0.2500, 0.2500, 0.2500, 0.2500],
        [0.2500, 0.2500, 0.2500, 0.2500],
        [0.2500, 0.2500, 0.2500, 0.2500],
        [0.2500, 0.2500, 0.2500, 0.2500],
        [0.2500, 0.2500, 0.2500, 0.2500],
        [0.2500, 0.2500, 0.2500, 0.2500],
        [0.2500, 0.2500, 0.2500, 0.2500],
        [0.2500, 0.2500, 0.2500, 0.2500],
        [0.2500, 0.2500, 0.2500, 0.2500],
        [0.2500, 0.2500, 0.2500, 0.2500],
        [0.2500, 0.2500, 0.2500, 0.2500],
        [0.2500, 0.2500, 0.2500, 0.2500],
        [0.2500, 0.2500, 0.2500, 0.2500],
        [0.2500, 0.2500, 0.2500, 0.2500],
        [0.2500, 0.2500, 0.2500, 0.2500],
        [0.2500, 0.2500, 0.2500, 0.2500],
        [0.2500, 0.2500, 0.2500, 0.2500],
        [0.2500, 0.2500, 0.2500, 0.2500],
        [0.2500, 0.2500, 0.2500, 0.2500],
        [0.2500, 0.2500, 0.2500, 0.2500]], device='cuda:7')
perception attention:tensor([0.9976, 0.0024], device='cuda:7')
Test set results: loss= 1.4500 accuracy= 0.6310 F1_score= 0.5852
