# epoch	loss_train	acc_train	loss_val	acc_val	time	acc_test	f1_test
0001	4.2486	0.0179	4.2351	0.0520	1.0259s	4.2383	0.0490	0.0114
0
0002	4.2347	0.0329	4.2181	0.0600	1.0330s	4.2216	0.0540	0.0082
0
0003	4.2087	0.0521	4.1937	0.0800	1.1433s	4.1969	0.0740	0.0470
0
0004	4.1744	0.1179	4.1566	0.1440	0.9475s	4.1593	0.1340	0.1060
0
0005	4.1243	0.2371	4.1029	0.1940	0.8869s	4.1051	0.1890	0.1494
0
0006	4.0544	0.2943	4.0309	0.2400	1.1240s	4.0327	0.2260	0.1885
0
0007	3.9653	0.3507	3.9406	0.2920	0.3810s	3.9419	0.2550	0.2133
0
0008	3.8511	0.3871	3.8327	0.3220	1.1737s	3.8341	0.2830	0.2499
0
0009	3.7242	0.4457	3.7098	0.3540	0.2625s	3.7110	0.3150	0.2808
0
0010	3.5787	0.4779	3.5749	0.3860	1.1772s	3.5762	0.3620	0.3227
0
0011	3.4152	0.5157	3.4304	0.4300	1.0136s	3.4323	0.3870	0.3323
0
0012	3.2526	0.5493	3.2791	0.4620	0.6272s	3.2823	0.4190	0.3590
0
0013	3.0920	0.5757	3.1253	0.4720	1.2089s	3.1314	0.4450	0.3843
0
0014	2.9269	0.6214	2.9718	0.5040	0.9634s	2.9817	0.4750	0.4240
0
0015	2.7712	0.6286	2.8220	0.5140	0.9722s	2.8358	0.4890	0.4295
0
0016	2.6290	0.6357	2.6751	0.5260	0.9820s	2.6960	0.5020	0.4449
0
0017	2.4932	0.6629	2.5347	0.5300	1.1575s	2.5648	0.5160	0.4566
0
0018	2.3664	0.6786	2.4025	0.5360	1.1724s	2.4428	0.5120	0.4533
0
0019	2.2397	0.6657	2.2859	0.5400	0.8228s	2.3365	0.5250	0.4723
0
0020	2.1282	0.6743	2.1855	0.5420	1.0630s	2.2443	0.5350	0.4897
0
0021	2.0041	0.6921	2.0983	0.5540	0.8168s	2.1617	0.5410	0.4915
0
0022	1.9043	0.7086	2.0195	0.5580	0.7525s	2.0863	0.5510	0.4991
0
0023	1.8149	0.7293	1.9515	0.5700	1.1898s	2.0219	0.5580	0.5055
0
0024	1.7139	0.7500	1.8934	0.5820	0.9034s	1.9682	0.5730	0.5219
0
0025	1.6418	0.7750	1.8466	0.6000	1.1332s	1.9245	0.5800	0.5281
0
0026	1.5729	0.8050	1.8080	0.6060	0.8527s	1.8860	0.5810	0.5254
0
0027	1.5069	0.8121	1.7726	0.6060	1.1156s	1.8500	0.5860	0.5321
0
0028	1.4579	0.8264	1.7394	0.6040	0.3424s	1.8174	0.5900	0.5369
0
0029	1.4054	0.8021	1.7081	0.6120	1.2893s	1.7885	0.5940	0.5417
0
0030	1.3728	0.8343	1.6805	0.6080	0.4226s	1.7630	0.5960	0.5419
0
0031	1.3403	0.8436	1.6574	0.6180	1.2225s	1.7401	0.5990	0.5421
0
0032	1.2936	0.8429	1.6433	0.6260	0.9522s	1.7227	0.5980	0.5437
0
0033	1.2674	0.8600	1.6314	0.6260	1.1586s	1.7087	0.5990	0.5503
0
0034	1.2325	0.8636	1.6196	0.6240	0.2721s	1.6976	0.5950	0.5415
0
0035	1.1989	0.8779	1.6071	0.6180	1.1192s	1.6895	0.5920	0.5386
0
0036	1.1830	0.8871	1.5945	0.6280	0.9874s	1.6804	0.5950	0.5422
0
0037	1.1788	0.8786	1.5863	0.6300	1.1507s	1.6697	0.5890	0.5324
0
0038	1.1479	0.8657	1.5799	0.6220	0.3628s	1.6592	0.5970	0.5319
0
0039	1.1288	0.8829	1.5729	0.6200	0.9845s	1.6481	0.6050	0.5415
0
0040	1.1072	0.8993	1.5589	0.6220	0.8027s	1.6355	0.6070	0.5457
0
0041	1.1055	0.9050	1.5450	0.6240	1.0365s	1.6271	0.6070	0.5456
0
0042	1.0773	0.8957	1.5362	0.6300	1.0817s	1.6214	0.6060	0.5466
0
0043	1.0825	0.9064	1.5325	0.6340	0.8331s	1.6160	0.6080	0.5488
0
0044	1.0526	0.9171	1.5295	0.6360	1.1016s	1.6109	0.6040	0.5463
0
0045	1.0708	0.9064	1.5287	0.6320	0.8493s	1.6073	0.6040	0.5434
0
0046	1.0467	0.9064	1.5308	0.6320	1.2613s	1.6058	0.5960	0.5378
0
0047	1.0361	0.9157	1.5306	0.6300	0.8287s	1.6040	0.5960	0.5418
1
0048	1.0343	0.9079	1.5260	0.6300	0.7714s	1.6010	0.5950	0.5413
2
0049	1.0329	0.9171	1.5207	0.6280	0.7146s	1.5955	0.6000	0.5461
0
0050	1.0180	0.9150	1.5109	0.6300	1.0862s	1.5872	0.6110	0.5566
0
0051	1.0137	0.9243	1.4988	0.6300	0.9353s	1.5814	0.6110	0.5572
0
0052	1.0035	0.9257	1.4860	0.6380	0.5824s	1.5767	0.6110	0.5673
0
0053	0.9887	0.9200	1.4771	0.6420	1.1387s	1.5729	0.6090	0.5622
0
0054	1.0027	0.9250	1.4755	0.6360	1.0651s	1.5710	0.6060	0.5593
0
0055	0.9900	0.9250	1.4815	0.6360	1.1317s	1.5726	0.6040	0.5586
0
0056	0.9829	0.9357	1.4915	0.6360	0.7818s	1.5773	0.6100	0.5715
1
0057	0.9780	0.9243	1.4964	0.6360	1.0675s	1.5796	0.6100	0.5697
2
0058	0.9999	0.9350	1.4897	0.6300	0.9916s	1.5752	0.6070	0.5661
3
0059	0.9812	0.9279	1.4770	0.6300	1.0649s	1.5669	0.6090	0.5661
4
0060	0.9811	0.9321	1.4626	0.6360	1.2358s	1.5590	0.6100	0.5661
5
0061	0.9777	0.9314	1.4511	0.6440	0.9344s	1.5512	0.6120	0.5562
0
0062	0.9841	0.9314	1.4465	0.6500	0.5624s	1.5449	0.6120	0.5664
0
0063	0.9875	0.9329	1.4490	0.6440	1.1279s	1.5434	0.6100	0.5678
0
0064	0.9627	0.9371	1.4517	0.6420	0.2949s	1.5402	0.6170	0.5776
1
0065	0.9515	0.9386	1.4542	0.6460	1.1153s	1.5374	0.6170	0.5776
2
0066	0.9720	0.9336	1.4533	0.6460	0.8845s	1.5362	0.6120	0.5712
3
0067	0.9701	0.9379	1.4522	0.6420	1.1136s	1.5365	0.6170	0.5747
4
0068	0.9771	0.9357	1.4481	0.6420	0.4309s	1.5342	0.6230	0.5760
5
0069	0.9654	0.9279	1.4428	0.6440	1.1155s	1.5294	0.6200	0.5748
6
0070	0.9632	0.9264	1.4400	0.6400	0.9881s	1.5254	0.6170	0.5719
0
0071	0.9531	0.9386	1.4356	0.6360	0.8758s	1.5219	0.6230	0.5769
0
0072	0.9451	0.9343	1.4359	0.6420	1.1535s	1.5237	0.6220	0.5792
0
0073	0.9593	0.9450	1.4386	0.6460	0.8669s	1.5280	0.6190	0.5771
1
0074	0.9577	0.9400	1.4389	0.6420	1.1259s	1.5288	0.6140	0.5624
2
0075	0.9591	0.9393	1.4368	0.6420	0.9144s	1.5240	0.6170	0.5646
3
0076	0.9588	0.9343	1.4310	0.6460	1.1638s	1.5183	0.6240	0.5793
4
0077	0.9520	0.9429	1.4256	0.6540	0.6498s	1.5133	0.6260	0.5784
0
0078	0.9634	0.9257	1.4240	0.6500	1.1049s	1.5097	0.6250	0.5784
0
0079	0.9554	0.9279	1.4259	0.6520	0.3001s	1.5086	0.6280	0.5769
0
0080	0.9603	0.9421	1.4279	0.6580	1.1602s	1.5101	0.6210	0.5737
1
0081	0.9562	0.9436	1.4274	0.6540	0.9962s	1.5109	0.6190	0.5712
0
0082	0.9442	0.9421	1.4229	0.6560	1.0849s	1.5097	0.6190	0.5693
1
0083	0.9530	0.9364	1.4177	0.6540	1.1505s	1.5104	0.6150	0.5625
0
0084	0.9593	0.9271	1.4128	0.6520	1.1294s	1.5088	0.6150	0.5639
0
0085	0.9363	0.9379	1.4111	0.6520	0.8830s	1.5074	0.6170	0.5630
0
0086	0.9490	0.9357	1.4130	0.6500	1.1777s	1.5063	0.6190	0.5630
0
0087	0.9580	0.9300	1.4175	0.6580	0.7264s	1.5063	0.6180	0.5647
1
0088	0.9333	0.9329	1.4175	0.6560	0.5088s	1.5050	0.6190	0.5690
0
0089	0.9410	0.9364	1.4154	0.6480	1.0839s	1.5045	0.6190	0.5700
1
0090	0.9433	0.9371	1.4094	0.6520	1.0196s	1.5003	0.6220	0.5739
2
0091	0.9356	0.9357	1.4045	0.6500	1.2423s	1.4963	0.6260	0.5744
0
0092	0.9142	0.9436	1.4006	0.6480	0.2511s	1.4947	0.6250	0.5702
0
0093	0.9351	0.9421	1.3973	0.6480	1.1318s	1.4947	0.6250	0.5696
0
0094	0.9169	0.9357	1.3976	0.6600	0.7794s	1.4968	0.6220	0.5673
0
0095	0.9159	0.9457	1.3945	0.6520	1.0403s	1.4943	0.6230	0.5713
0
0096	0.9402	0.9307	1.3922	0.6560	0.6278s	1.4916	0.6240	0.5719
0
0097	0.9156	0.9407	1.3898	0.6580	1.2739s	1.4893	0.6250	0.5735
0
0098	0.9468	0.9350	1.3876	0.6580	0.2870s	1.4867	0.6240	0.5731
0
0099	0.9157	0.9336	1.3856	0.6600	0.8993s	1.4874	0.6230	0.5719
0
0100	0.8978	0.9479	1.3814	0.6660	1.1456s	1.4879	0.6210	0.5696
0
0101	0.9067	0.9436	1.3789	0.6640	0.8389s	1.4864	0.6240	0.5738
0
0102	0.9004	0.9436	1.3781	0.6600	0.7515s	1.4829	0.6250	0.5738
0
0103	0.9281	0.9314	1.3772	0.6640	0.9741s	1.4785	0.6260	0.5843
0
0104	0.9072	0.9421	1.3767	0.6620	1.0738s	1.4759	0.6270	0.5771
0
0105	0.8931	0.9450	1.3797	0.6620	0.4088s	1.4782	0.6230	0.5719
0
0106	0.9052	0.9464	1.3829	0.6580	1.1280s	1.4830	0.6210	0.5687
1
0107	0.9027	0.9443	1.3879	0.6580	0.9874s	1.4884	0.6190	0.5666
2
0108	0.9285	0.9293	1.3921	0.6600	1.0103s	1.4905	0.6120	0.5566
3
0109	0.9097	0.9414	1.3924	0.6600	1.0249s	1.4895	0.6170	0.5635
4
0110	0.8793	0.9479	1.3894	0.6600	1.1797s	1.4861	0.6200	0.5660
5
0111	0.9052	0.9486	1.3845	0.6620	0.9571s	1.4817	0.6190	0.5682
6
0112	0.9216	0.9429	1.3776	0.6600	1.1441s	1.4783	0.6250	0.5758
7
0113	0.8943	0.9543	1.3713	0.6560	0.9194s	1.4766	0.6230	0.5726
8
0114	0.9051	0.9443	1.3690	0.6520	0.7009s	1.4754	0.6190	0.5680
0
0115	0.9099	0.9471	1.3684	0.6520	1.1468s	1.4721	0.6150	0.5625
0
0116	0.8880	0.9486	1.3724	0.6580	0.4693s	1.4712	0.6210	0.5694
0
0117	0.8783	0.9429	1.3782	0.6540	1.0537s	1.4731	0.6250	0.5744
1
0118	0.9192	0.9429	1.3841	0.6560	0.9193s	1.4782	0.6270	0.5796
2
0119	0.9079	0.9386	1.3842	0.6500	1.1245s	1.4831	0.6240	0.5758
3
0120	0.8901	0.9550	1.3822	0.6560	1.1091s	1.4851	0.6240	0.5774
4
0121	0.8801	0.9450	1.3774	0.6480	1.1110s	1.4832	0.6190	0.5668
5
0122	0.9078	0.9379	1.3735	0.6500	0.3235s	1.4802	0.6170	0.5620
6
0123	0.8976	0.9464	1.3711	0.6640	0.8516s	1.4777	0.6200	0.5611
7
0124	0.8742	0.9436	1.3678	0.6640	0.7695s	1.4733	0.6210	0.5623
8
0125	0.8692	0.9393	1.3628	0.6680	0.4489s	1.4667	0.6230	0.5677
0
0126	0.8898	0.9457	1.3577	0.6580	1.2094s	1.4607	0.6270	0.5742
0
0127	0.9029	0.9407	1.3577	0.6560	0.5240s	1.4587	0.6270	0.5774
0
0128	0.8721	0.9414	1.3599	0.6580	1.1695s	1.4601	0.6240	0.5766
1
0129	0.8787	0.9500	1.3630	0.6600	0.6204s	1.4644	0.6200	0.5713
2
0130	0.8928	0.9493	1.3636	0.6580	0.6943s	1.4705	0.6180	0.5699
3
0131	0.8870	0.9443	1.3609	0.6580	1.2308s	1.4740	0.6160	0.5601
4
0132	0.8840	0.9471	1.3582	0.6580	0.4120s	1.4739	0.6170	0.5605
5
0133	0.8829	0.9450	1.3522	0.6640	1.2193s	1.4684	0.6180	0.5633
6
0134	0.8825	0.9557	1.3487	0.6600	0.4753s	1.4630	0.6200	0.5705
0
0135	0.8783	0.9493	1.3534	0.6640	1.0196s	1.4625	0.6270	0.5746
0
0136	0.8803	0.9564	1.3586	0.6660	1.0328s	1.4624	0.6290	0.5753
1
0137	0.8829	0.9543	1.3646	0.6560	1.1308s	1.4661	0.6270	0.5701
2
0138	0.8713	0.9393	1.3693	0.6540	0.5105s	1.4714	0.6250	0.5688
3
0139	0.8890	0.9464	1.3674	0.6560	1.1058s	1.4715	0.6220	0.5655
4
0140	0.8737	0.9436	1.3644	0.6540	0.7562s	1.4726	0.6230	0.5655
5
0141	0.8767	0.9379	1.3607	0.6560	0.2909s	1.4700	0.6240	0.5703
6
0142	0.8714	0.9464	1.3598	0.6620	1.1118s	1.4684	0.6260	0.5733
7
0143	0.8675	0.9557	1.3609	0.6600	1.0231s	1.4700	0.6260	0.5698
8
0144	0.8920	0.9400	1.3650	0.6580	0.7837s	1.4767	0.6270	0.5710
9
0145	0.8788	0.9421	1.3668	0.6580	0.7955s	1.4808	0.6280	0.5692
10
0146	0.8767	0.9443	1.3680	0.6540	0.6453s	1.4814	0.6290	0.5690
11
0147	0.8716	0.9500	1.3631	0.6600	1.0572s	1.4726	0.6240	0.5678
12
0148	0.8739	0.9414	1.3588	0.6620	1.0008s	1.4645	0.6250	0.5700
13
0149	0.8656	0.9450	1.3554	0.6620	1.1443s	1.4583	0.6250	0.5703
14
0150	0.8681	0.9479	1.3536	0.6680	0.4155s	1.4579	0.6210	0.5689
15
0151	0.8866	0.9436	1.3520	0.6660	1.0922s	1.4603	0.6210	0.5703
0
0152	0.8890	0.9493	1.3522	0.6660	0.9262s	1.4651	0.6240	0.5682
1
0153	0.8831	0.9500	1.3579	0.6660	1.1940s	1.4708	0.6270	0.5685
2
0154	0.8653	0.9479	1.3623	0.6640	0.2531s	1.4727	0.6230	0.5683
3
0155	0.8869	0.9457	1.3638	0.6600	1.1658s	1.4698	0.6250	0.5696
4
0156	0.8702	0.9500	1.3618	0.6540	0.5601s	1.4663	0.6290	0.5743
5
0157	0.8716	0.9529	1.3629	0.6480	1.1689s	1.4635	0.6300	0.5730
6
0158	0.8546	0.9507	1.3628	0.6540	0.9782s	1.4612	0.6300	0.5785
7
0159	0.8508	0.9493	1.3625	0.6600	0.3016s	1.4604	0.6320	0.5831
8
0160	0.8579	0.9507	1.3645	0.6660	1.1782s	1.4629	0.6280	0.5794
9
0161	0.8699	0.9543	1.3633	0.6660	0.7446s	1.4643	0.6290	0.5799
10
0162	0.8574	0.9507	1.3631	0.6640	1.2202s	1.4676	0.6280	0.5769
11
0163	0.8828	0.9479	1.3629	0.6640	0.2627s	1.4696	0.6240	0.5713
12
0164	0.8652	0.9529	1.3646	0.6580	1.0081s	1.4713	0.6220	0.5689
13
0165	0.8631	0.9521	1.3649	0.6540	1.1589s	1.4731	0.6270	0.5722
14
0166	0.8783	0.9436	1.3645	0.6540	0.4350s	1.4734	0.6250	0.5717
15
0167	0.8614	0.9507	1.3649	0.6540	0.9821s	1.4720	0.6240	0.5692
16
0168	0.8683	0.9479	1.3656	0.6540	0.3001s	1.4694	0.6230	0.5677
17
0169	0.8598	0.9364	1.3661	0.6540	1.2335s	1.4687	0.6290	0.5747
18
0170	0.8543	0.9429	1.3651	0.6600	0.4513s	1.4684	0.6310	0.5773
19
0171	0.8626	0.9429	1.3623	0.6580	1.1389s	1.4661	0.6280	0.5729
20
0172	0.8578	0.9457	1.3577	0.6540	0.4438s	1.4658	0.6230	0.5683
21
0173	0.8647	0.9529	1.3550	0.6560	1.0352s	1.4654	0.6230	0.5677
22
0174	0.8461	0.9493	1.3564	0.6500	0.8122s	1.4644	0.6270	0.5728
23
0175	0.8740	0.9536	1.3609	0.6460	1.0429s	1.4639	0.6260	0.5824
24
0176	0.8698	0.9443	1.3669	0.6460	0.9166s	1.4643	0.6300	0.5829
25
0177	0.8563	0.9471	1.3685	0.6520	0.9618s	1.4636	0.6300	0.5817
26
0178	0.8834	0.9429	1.3673	0.6500	0.9718s	1.4628	0.6220	0.5661
27
0179	0.8691	0.9393	1.3674	0.6520	0.9901s	1.4655	0.6220	0.5657
28
0180	0.8761	0.9429	1.3671	0.6540	1.0775s	1.4685	0.6170	0.5620
29
0181	0.8568	0.9429	1.3703	0.6500	1.0654s	1.4700	0.6170	0.5680
30
0182	0.8577	0.9500	1.3721	0.6540	0.8058s	1.4681	0.6200	0.5679
31
0183	0.8563	0.9529	1.3708	0.6600	0.9762s	1.4627	0.6260	0.5750
32
0184	0.8687	0.9464	1.3665	0.6640	0.8427s	1.4577	0.6290	0.5857
33
0185	0.8516	0.9493	1.3614	0.6680	0.9128s	1.4561	0.6310	0.5859
34
0186	0.8666	0.9529	1.3575	0.6600	1.0629s	1.4590	0.6300	0.5772
0
0187	0.8630	0.9379	1.3564	0.6540	0.2977s	1.4641	0.6230	0.5730
1
0188	0.8700	0.9436	1.3578	0.6560	0.9767s	1.4703	0.6240	0.5730
2
0189	0.8707	0.9407	1.3606	0.6520	0.8561s	1.4765	0.6190	0.5644
3
0190	0.8599	0.9471	1.3640	0.6640	0.7258s	1.4769	0.6200	0.5645
4
0191	0.8638	0.9507	1.3686	0.6660	1.2321s	1.4743	0.6230	0.5654
5
0192	0.8466	0.9564	1.3702	0.6680	0.2552s	1.4696	0.6280	0.5708
6
0193	0.8642	0.9386	1.3684	0.6640	1.1790s	1.4655	0.6260	0.5712
0
0194	0.8718	0.9514	1.3655	0.6640	0.9777s	1.4629	0.6210	0.5685
1
0195	0.8595	0.9550	1.3630	0.6680	0.8836s	1.4638	0.6190	0.5688
2
0196	0.8651	0.9443	1.3600	0.6620	0.6613s	1.4651	0.6160	0.5698
0
0197	0.8556	0.9486	1.3576	0.6580	0.9708s	1.4649	0.6170	0.5780
1
0198	0.8561	0.9414	1.3572	0.6540	0.5582s	1.4622	0.6200	0.5746
2
0199	0.8498	0.9464	1.3565	0.6580	0.8765s	1.4583	0.6220	0.5757
3
0200	0.8562	0.9507	1.3596	0.6560	1.0336s	1.4573	0.6250	0.5719
4
0201	0.8605	0.9550	1.3635	0.6580	0.7353s	1.4578	0.6250	0.5721
5
0202	0.8532	0.9379	1.3648	0.6640	1.0559s	1.4585	0.6240	0.5721
6
0203	0.8595	0.9500	1.3662	0.6620	1.0216s	1.4615	0.6240	0.5711
7
0204	0.8544	0.9421	1.3686	0.6660	1.1873s	1.4654	0.6190	0.5648
8
0205	0.8642	0.9500	1.3714	0.6600	0.2958s	1.4689	0.6160	0.5662
9
0206	0.8409	0.9550	1.3713	0.6600	0.9542s	1.4704	0.6230	0.5708
10
0207	0.8554	0.9500	1.3689	0.6580	0.7590s	1.4683	0.6240	0.5741
11
0208	0.8635	0.9407	1.3645	0.6620	0.3471s	1.4680	0.6240	0.5746
12
0209	0.8651	0.9521	1.3600	0.6620	1.1749s	1.4658	0.6230	0.5670
13
0210	0.8469	0.9600	1.3617	0.6540	0.7185s	1.4673	0.6220	0.5663
14
0211	0.8491	0.9521	1.3651	0.6620	1.1308s	1.4695	0.6170	0.5623
15
0212	0.8622	0.9471	1.3649	0.6620	1.0865s	1.4706	0.6190	0.5643
16
0213	0.8506	0.9407	1.3643	0.6720	0.6508s	1.4702	0.6240	0.5709
17
0214	0.8524	0.9621	1.3632	0.6740	0.9998s	1.4702	0.6240	0.5762
0
0215	0.8520	0.9521	1.3634	0.6660	0.8531s	1.4701	0.6210	0.5720
0
0216	0.8680	0.9486	1.3663	0.6620	1.1124s	1.4745	0.6170	0.5653
1
0217	0.8645	0.9407	1.3640	0.6640	0.6564s	1.4747	0.6190	0.5676
2
0218	0.8538	0.9543	1.3585	0.6640	1.1601s	1.4698	0.6210	0.5664
3
0219	0.8645	0.9579	1.3539	0.6580	0.7272s	1.4634	0.6190	0.5665
4
0220	0.8683	0.9536	1.3523	0.6620	1.2086s	1.4589	0.6220	0.5676
5
0221	0.8533	0.9450	1.3546	0.6580	1.0084s	1.4578	0.6230	0.5653
6
0222	0.8457	0.9450	1.3574	0.6660	1.0621s	1.4581	0.6220	0.5733
7
0223	0.8418	0.9521	1.3577	0.6640	0.9857s	1.4597	0.6210	0.5773
8
0224	0.8582	0.9414	1.3527	0.6640	0.9819s	1.4601	0.6210	0.5759
9
0225	0.8559	0.9429	1.3479	0.6520	0.8905s	1.4583	0.6200	0.5669
10
0226	0.8583	0.9443	1.3471	0.6540	1.0749s	1.4572	0.6240	0.5703
0
0227	0.8650	0.9457	1.3487	0.6560	0.7283s	1.4560	0.6250	0.5702
0
0228	0.8677	0.9529	1.3512	0.6580	1.1526s	1.4541	0.6270	0.5708
1
0229	0.8623	0.9514	1.3554	0.6600	0.4410s	1.4546	0.6200	0.5649
2
0230	0.8606	0.9471	1.3558	0.6620	1.0707s	1.4567	0.6190	0.5639
3
0231	0.8522	0.9386	1.3541	0.6620	0.8267s	1.4605	0.6220	0.5666
4
0232	0.8637	0.9471	1.3520	0.6620	1.1280s	1.4628	0.6230	0.5767
5
0233	0.8490	0.9507	1.3513	0.6560	0.2694s	1.4638	0.6260	0.5771
6
0234	0.8608	0.9486	1.3508	0.6620	0.7171s	1.4611	0.6260	0.5767
7
0235	0.8513	0.9543	1.3497	0.6560	1.1445s	1.4560	0.6260	0.5789
8
0236	0.8545	0.9543	1.3494	0.6600	1.1464s	1.4539	0.6290	0.5857
9
0237	0.8713	0.9521	1.3525	0.6700	0.8705s	1.4568	0.6300	0.5746
10
0238	0.8538	0.9464	1.3568	0.6600	1.2859s	1.4622	0.6260	0.5706
11
0239	0.8545	0.9571	1.3595	0.6600	0.9275s	1.4661	0.6270	0.5761
12
0240	0.8463	0.9564	1.3615	0.6600	0.5808s	1.4669	0.6240	0.5690
13
0241	0.8437	0.9557	1.3595	0.6520	1.1420s	1.4640	0.6260	0.5704
14
0242	0.8675	0.9493	1.3580	0.6580	0.3923s	1.4601	0.6300	0.5751
15
0243	0.8438	0.9507	1.3583	0.6620	1.1670s	1.4590	0.6300	0.5757
16
0244	0.8509	0.9579	1.3620	0.6580	0.8266s	1.4620	0.6260	0.5718
17
0245	0.8516	0.9493	1.3648	0.6600	0.7394s	1.4662	0.6240	0.5700
18
0246	0.8586	0.9507	1.3647	0.6580	0.8395s	1.4684	0.6260	0.5744
19
0247	0.8611	0.9536	1.3632	0.6640	0.2861s	1.4683	0.6190	0.5680
20
0248	0.8524	0.9479	1.3617	0.6600	1.1567s	1.4670	0.6260	0.5752
21
0249	0.8552	0.9479	1.3578	0.6600	0.8983s	1.4638	0.6290	0.5880
22
0250	0.8677	0.9436	1.3527	0.6680	1.0699s	1.4618	0.6310	0.5839
23
0251	0.8528	0.9471	1.3521	0.6660	1.1071s	1.4628	0.6280	0.5822
24
0252	0.8437	0.9479	1.3548	0.6620	0.3102s	1.4640	0.6230	0.5686
25
0253	0.8652	0.9514	1.3603	0.6640	0.7185s	1.4645	0.6220	0.5668
26
0254	0.8765	0.9550	1.3651	0.6640	1.1399s	1.4651	0.6190	0.5648
27
0255	0.8686	0.9529	1.3642	0.6640	0.4006s	1.4645	0.6220	0.5703
28
0256	0.8621	0.9536	1.3617	0.6600	1.0445s	1.4645	0.6200	0.5690
29
0257	0.8640	0.9386	1.3541	0.6640	1.0009s	1.4622	0.6240	0.5721
30
0258	0.8553	0.9386	1.3488	0.6620	1.1778s	1.4605	0.6250	0.5707
31
0259	0.8440	0.9471	1.3478	0.6620	0.9458s	1.4623	0.6260	0.5706
32
0260	0.8625	0.9493	1.3532	0.6540	1.1557s	1.4657	0.6270	0.5689
33
0261	0.8397	0.9564	1.3604	0.6540	0.2480s	1.4684	0.6230	0.5625
34
0262	0.8501	0.9550	1.3662	0.6580	0.8372s	1.4697	0.6210	0.5635
35
0263	0.8677	0.9543	1.3644	0.6620	1.0272s	1.4659	0.6230	0.5671
36
0264	0.8466	0.9571	1.3601	0.6640	0.8590s	1.4607	0.6210	0.5648
37
0265	0.8589	0.9471	1.3540	0.6700	1.1832s	1.4565	0.6220	0.5738
38
0266	0.8347	0.9443	1.3512	0.6680	1.1661s	1.4570	0.6260	0.5726
39
0267	0.8545	0.9607	1.3521	0.6680	1.0190s	1.4616	0.6260	0.5721
40
0268	0.8585	0.9543	1.3569	0.6640	1.1862s	1.4685	0.6270	0.5723
41
0269	0.8636	0.9436	1.3645	0.6620	0.7182s	1.4736	0.6250	0.5704
42
0270	0.8586	0.9557	1.3726	0.6660	1.0601s	1.4762	0.6240	0.5693
43
0271	0.8609	0.9514	1.3763	0.6640	0.9733s	1.4757	0.6240	0.5681
44
0272	0.8500	0.9464	1.3710	0.6640	0.9770s	1.4691	0.6240	0.5691
45
0273	0.8456	0.9536	1.3591	0.6680	0.8611s	1.4591	0.6250	0.5720
46
0274	0.8349	0.9550	1.3504	0.6700	0.9983s	1.4532	0.6300	0.5845
47
0275	0.8575	0.9507	1.3467	0.6640	1.1236s	1.4526	0.6290	0.5840
48
0276	0.8659	0.9521	1.3499	0.6640	1.1270s	1.4573	0.6260	0.5826
0
0277	0.8479	0.9543	1.3546	0.6560	0.4999s	1.4630	0.6250	0.5825
1
0278	0.8627	0.9507	1.3607	0.6580	1.1568s	1.4684	0.6250	0.5824
2
0279	0.8442	0.9579	1.3656	0.6560	0.9463s	1.4703	0.6240	0.5794
3
0280	0.8540	0.9493	1.3691	0.6580	0.9949s	1.4725	0.6190	0.5755
4
0281	0.8379	0.9579	1.3635	0.6640	1.0646s	1.4676	0.6170	0.5726
5
0282	0.8422	0.9529	1.3547	0.6680	0.9505s	1.4617	0.6190	0.5732
6
0283	0.8635	0.9507	1.3492	0.6660	0.9370s	1.4561	0.6200	0.5733
7
0284	0.8484	0.9436	1.3477	0.6640	1.1507s	1.4536	0.6210	0.5723
8
0285	0.8579	0.9521	1.3496	0.6580	1.1683s	1.4526	0.6260	0.5770
9
0286	0.8539	0.9600	1.3551	0.6620	1.0714s	1.4553	0.6300	0.5784
10
0287	0.8512	0.9507	1.3598	0.6560	0.9931s	1.4602	0.6260	0.5696
11
0288	0.8494	0.9514	1.3605	0.6620	1.2585s	1.4624	0.6240	0.5683
12
0289	0.8503	0.9593	1.3597	0.6620	0.9990s	1.4623	0.6240	0.5739
13
0290	0.8424	0.9607	1.3585	0.6660	0.9823s	1.4609	0.6210	0.5722
14
0291	0.8380	0.9564	1.3574	0.6660	0.7629s	1.4595	0.6210	0.5728
15
0292	0.8501	0.9557	1.3558	0.6680	0.9636s	1.4580	0.6260	0.5772
16
0293	0.8357	0.9671	1.3565	0.6680	1.1113s	1.4596	0.6300	0.5780
17
0294	0.8494	0.9550	1.3598	0.6540	1.2581s	1.4626	0.6340	0.5794
18
0295	0.8532	0.9536	1.3598	0.6520	0.9164s	1.4649	0.6260	0.5721
19
0296	0.8471	0.9493	1.3591	0.6620	1.2011s	1.4665	0.6240	0.5729
20
0297	0.8372	0.9586	1.3575	0.6560	0.2798s	1.4666	0.6220	0.5746
21
0298	0.8445	0.9443	1.3583	0.6540	1.2268s	1.4656	0.6250	0.5781
22
0299	0.8692	0.9429	1.3636	0.6480	1.0044s	1.4657	0.6260	0.5776
23
0300	0.8514	0.9657	1.3680	0.6560	1.0642s	1.4663	0.6290	0.5745
24
0301	0.8509	0.9486	1.3720	0.6540	0.7093s	1.4693	0.6310	0.5851
25
0302	0.8378	0.9421	1.3679	0.6600	0.7203s	1.4707	0.6290	0.5794
26
0303	0.8567	0.9507	1.3587	0.6580	0.7367s	1.4686	0.6200	0.5684
27
0304	0.8460	0.9464	1.3495	0.6540	1.0872s	1.4653	0.6210	0.5671
28
0305	0.8537	0.9414	1.3469	0.6560	1.2030s	1.4611	0.6270	0.5756
29
0306	0.8613	0.9493	1.3487	0.6580	0.9609s	1.4565	0.6210	0.5714
30
0307	0.8580	0.9571	1.3540	0.6580	1.2229s	1.4515	0.6210	0.5724
31
0308	0.8427	0.9564	1.3611	0.6600	0.4507s	1.4526	0.6210	0.5711
32
0309	0.8399	0.9500	1.3643	0.6600	0.6376s	1.4549	0.6260	0.5759
33
0310	0.8411	0.9593	1.3625	0.6680	1.0370s	1.4561	0.6260	0.5740
34
0311	0.8445	0.9493	1.3584	0.6540	0.8128s	1.4591	0.6240	0.5729
35
0312	0.8505	0.9571	1.3557	0.6580	1.1478s	1.4633	0.6200	0.5713
36
0313	0.8621	0.9471	1.3524	0.6600	0.2661s	1.4622	0.6200	0.5729
37
0314	0.8464	0.9471	1.3512	0.6600	1.1147s	1.4591	0.6220	0.5731
38
0315	0.8461	0.9500	1.3538	0.6660	0.8662s	1.4566	0.6240	0.5782
39
0316	0.8539	0.9514	1.3583	0.6640	1.1125s	1.4553	0.6270	0.5829
40
0317	0.8509	0.9486	1.3590	0.6680	0.3345s	1.4523	0.6240	0.5774
41
0318	0.8420	0.9500	1.3575	0.6740	0.9572s	1.4519	0.6280	0.5808
42
0319	0.8436	0.9571	1.3517	0.6720	0.8980s	1.4532	0.6240	0.5763
0
0320	0.8319	0.9529	1.3481	0.6660	0.7684s	1.4578	0.6240	0.5765
1
0321	0.8413	0.9571	1.3502	0.6680	1.0763s	1.4636	0.6210	0.5727
2
0322	0.8507	0.9579	1.3549	0.6660	0.4631s	1.4683	0.6190	0.5655
3
0323	0.8693	0.9500	1.3597	0.6640	0.9869s	1.4705	0.6170	0.5632
4
0324	0.8417	0.9536	1.3631	0.6600	0.7692s	1.4708	0.6220	0.5674
5
0325	0.8556	0.9550	1.3616	0.6640	1.1146s	1.4675	0.6270	0.5760
6
0326	0.8412	0.9614	1.3546	0.6640	0.8251s	1.4627	0.6300	0.5783
7
0327	0.8511	0.9436	1.3472	0.6600	0.9066s	1.4570	0.6320	0.5776
8
0328	0.8347	0.9536	1.3440	0.6740	1.0789s	1.4549	0.6340	0.5798
9
0329	0.8416	0.9464	1.3457	0.6720	0.4779s	1.4539	0.6290	0.5797
0
0330	0.8646	0.9636	1.3507	0.6700	1.0296s	1.4567	0.6230	0.5757
1
0331	0.8582	0.9521	1.3581	0.6720	0.5252s	1.4610	0.6210	0.5728
2
0332	0.8380	0.9593	1.3623	0.6700	0.8497s	1.4644	0.6210	0.5714
3
0333	0.8520	0.9479	1.3622	0.6680	0.9990s	1.4647	0.6240	0.5725
4
0334	0.8491	0.9471	1.3583	0.6660	0.5831s	1.4624	0.6220	0.5701
5
0335	0.8397	0.9479	1.3511	0.6580	0.9539s	1.4589	0.6250	0.5692
6
0336	0.8515	0.9443	1.3463	0.6580	0.2936s	1.4569	0.6300	0.5756
7
0337	0.8509	0.9450	1.3475	0.6660	0.2859s	1.4568	0.6280	0.5727
8
0338	0.8426	0.9514	1.3541	0.6660	1.0168s	1.4615	0.6230	0.5692
9
0339	0.8610	0.9450	1.3612	0.6700	1.0560s	1.4652	0.6190	0.5658
10
0340	0.8495	0.9493	1.3650	0.6700	0.3468s	1.4660	0.6170	0.5619
11
0341	0.8546	0.9571	1.3637	0.6760	0.2560s	1.4643	0.6210	0.5666
12
0342	0.8688	0.9471	1.3589	0.6720	1.0257s	1.4615	0.6250	0.5755
0
0343	0.8656	0.9450	1.3565	0.6700	0.3288s	1.4613	0.6250	0.5767
1
0344	0.8448	0.9564	1.3551	0.6680	0.2583s	1.4639	0.6260	0.5754
2
0345	0.8592	0.9579	1.3578	0.6640	0.7870s	1.4667	0.6230	0.5711
3
0346	0.8445	0.9529	1.3617	0.6560	1.1138s	1.4685	0.6240	0.5699
4
0347	0.8782	0.9436	1.3610	0.6580	0.4150s	1.4657	0.6190	0.5630
5
0348	0.8442	0.9536	1.3605	0.6620	0.7267s	1.4628	0.6190	0.5595
6
0349	0.8373	0.9579	1.3591	0.6660	0.8370s	1.4601	0.6170	0.5563
7
0350	0.8499	0.9450	1.3578	0.6700	1.0176s	1.4592	0.6160	0.5649
8
0351	0.8464	0.9543	1.3584	0.6680	0.3557s	1.4608	0.6170	0.5679
9
0352	0.8326	0.9650	1.3566	0.6640	0.9412s	1.4618	0.6150	0.5633
10
0353	0.8391	0.9557	1.3528	0.6660	0.7958s	1.4611	0.6220	0.5736
11
0354	0.8354	0.9550	1.3494	0.6600	0.2844s	1.4600	0.6240	0.5735
12
0355	0.8553	0.9571	1.3499	0.6520	0.8776s	1.4605	0.6280	0.5760
13
0356	0.8490	0.9521	1.3503	0.6560	0.8432s	1.4602	0.6240	0.5674
14
0357	0.8450	0.9393	1.3523	0.6600	1.1458s	1.4614	0.6160	0.5647
15
0358	0.8338	0.9586	1.3582	0.6640	0.9105s	1.4661	0.6160	0.5655
16
0359	0.8550	0.9471	1.3625	0.6580	0.8289s	1.4691	0.6100	0.5606
17
0360	0.8643	0.9500	1.3649	0.6600	0.9660s	1.4709	0.6150	0.5669
18
0361	0.8436	0.9564	1.3583	0.6620	0.3018s	1.4657	0.6160	0.5768
19
0362	0.8422	0.9564	1.3486	0.6580	0.7040s	1.4590	0.6200	0.5791
20
0363	0.8588	0.9586	1.3410	0.6640	0.3975s	1.4566	0.6210	0.5799
21
0364	0.8275	0.9586	1.3374	0.6640	0.9176s	1.4583	0.6220	0.5760
0
0365	0.8540	0.9443	1.3420	0.6680	0.8834s	1.4630	0.6190	0.5658
0
0366	0.8494	0.9529	1.3517	0.6660	0.7094s	1.4693	0.6170	0.5620
1
0367	0.8537	0.9600	1.3637	0.6620	0.6472s	1.4752	0.6140	0.5605
2
0368	0.8573	0.9543	1.3701	0.6560	1.0185s	1.4751	0.6140	0.5610
3
0369	0.8382	0.9607	1.3676	0.6620	0.3204s	1.4663	0.6100	0.5576
4
0370	0.8498	0.9493	1.3615	0.6620	1.1613s	1.4578	0.6210	0.5771
5
0371	0.8413	0.9507	1.3531	0.6660	0.8903s	1.4526	0.6260	0.5786
6
0372	0.8395	0.9600	1.3459	0.6640	0.6936s	1.4537	0.6270	0.5718
7
0373	0.8400	0.9529	1.3432	0.6720	0.6037s	1.4583	0.6250	0.5674
8
0374	0.8464	0.9543	1.3440	0.6660	1.1013s	1.4639	0.6180	0.5578
9
0375	0.8391	0.9471	1.3461	0.6600	0.4980s	1.4657	0.6170	0.5614
10
0376	0.8495	0.9443	1.3491	0.6700	1.2211s	1.4638	0.6160	0.5631
11
0377	0.8573	0.9514	1.3546	0.6620	0.9249s	1.4624	0.6170	0.5660
12
0378	0.8542	0.9529	1.3581	0.6620	1.0321s	1.4608	0.6180	0.5747
13
0379	0.8468	0.9471	1.3603	0.6580	0.8245s	1.4605	0.6180	0.5743
14
0380	0.8550	0.9514	1.3608	0.6520	0.9525s	1.4632	0.6230	0.5678
15
0381	0.8655	0.9450	1.3599	0.6580	0.8367s	1.4656	0.6170	0.5569
16
0382	0.8296	0.9536	1.3557	0.6580	1.0242s	1.4679	0.6230	0.5625
17
0383	0.8490	0.9543	1.3528	0.6620	0.2705s	1.4686	0.6190	0.5603
18
0384	0.8301	0.9579	1.3522	0.6580	0.8330s	1.4657	0.6210	0.5652
19
0385	0.8509	0.9421	1.3546	0.6520	1.1034s	1.4630	0.6250	0.5707
20
0386	0.8437	0.9464	1.3615	0.6560	1.0143s	1.4633	0.6250	0.5723
21
0387	0.8543	0.9407	1.3669	0.6500	1.0692s	1.4642	0.6170	0.5634
22
0388	0.8492	0.9500	1.3660	0.6520	0.9435s	1.4647	0.6190	0.5693
23
0389	0.8436	0.9521	1.3639	0.6520	1.0710s	1.4644	0.6210	0.5814
24
0390	0.8677	0.9529	1.3615	0.6560	0.6106s	1.4635	0.6220	0.5823
25
0391	0.8490	0.9521	1.3612	0.6560	1.0673s	1.4643	0.6200	0.5637
26
0392	0.8338	0.9500	1.3587	0.6580	0.5916s	1.4658	0.6250	0.5666
27
0393	0.8363	0.9514	1.3589	0.6600	0.8821s	1.4682	0.6230	0.5603
28
0394	0.8459	0.9486	1.3580	0.6600	0.3458s	1.4686	0.6200	0.5628
29
0395	0.8404	0.9564	1.3578	0.6560	0.7440s	1.4650	0.6220	0.5668
30
0396	0.8467	0.9500	1.3576	0.6560	0.8645s	1.4592	0.6230	0.5669
31
0397	0.8409	0.9536	1.3587	0.6620	0.9289s	1.4554	0.6210	0.5668
32
0398	0.8464	0.9521	1.3591	0.6600	0.2513s	1.4536	0.6210	0.5714
33
0399	0.8493	0.9471	1.3584	0.6660	1.1116s	1.4540	0.6240	0.5725
34
0400	0.8370	0.9486	1.3547	0.6640	0.7736s	1.4575	0.6250	0.5704
35
0401	0.8434	0.9550	1.3492	0.6600	0.8663s	1.4617	0.6250	0.5718
36
0402	0.8388	0.9550	1.3465	0.6600	0.5103s	1.4661	0.6250	0.5658
37
0403	0.8617	0.9479	1.3464	0.6660	0.6649s	1.4686	0.6250	0.5694
38
0404	0.8389	0.9586	1.3472	0.6700	0.9676s	1.4660	0.6220	0.5637
39
0405	0.8380	0.9479	1.3492	0.6700	0.2604s	1.4631	0.6210	0.5625
40
0406	0.8428	0.9600	1.3496	0.6740	1.1334s	1.4565	0.6210	0.5631
41
0407	0.8479	0.9493	1.3521	0.6680	0.7834s	1.4551	0.6210	0.5646
42
0408	0.8456	0.9457	1.3520	0.6720	0.8642s	1.4580	0.6210	0.5670
43
0409	0.8484	0.9457	1.3517	0.6660	0.3125s	1.4619	0.6240	0.5723
44
0410	0.8464	0.9500	1.3543	0.6600	1.0650s	1.4667	0.6240	0.5727
45
0411	0.8388	0.9564	1.3592	0.6640	0.3425s	1.4693	0.6210	0.5679
46
0412	0.8499	0.9536	1.3640	0.6720	0.5501s	1.4733	0.6190	0.5683
47
0413	0.8351	0.9393	1.3653	0.6700	1.0525s	1.4713	0.6170	0.5636
48
0414	0.8482	0.9521	1.3602	0.6640	0.2713s	1.4640	0.6170	0.5601
49
0415	0.8401	0.9514	1.3540	0.6660	1.0489s	1.4591	0.6210	0.5613
50
0416	0.8509	0.9579	1.3467	0.6660	0.7449s	1.4557	0.6250	0.5717
51
0417	0.8426	0.9507	1.3454	0.6640	0.2546s	1.4559	0.6230	0.5716
52
0418	0.8440	0.9457	1.3494	0.6580	1.1543s	1.4599	0.6180	0.5684
53
0419	0.8477	0.9500	1.3545	0.6580	0.7021s	1.4636	0.6170	0.5638
54
0420	0.8399	0.9557	1.3581	0.6600	0.3363s	1.4634	0.6170	0.5635
55
0421	0.8657	0.9543	1.3611	0.6620	0.8627s	1.4613	0.6220	0.5699
56
0422	0.8505	0.9586	1.3590	0.6660	0.6838s	1.4557	0.6240	0.5748
57
0423	0.8466	0.9536	1.3572	0.6660	1.0269s	1.4535	0.6230	0.5721
58
0424	0.8426	0.9486	1.3564	0.6700	0.2818s	1.4530	0.6250	0.5706
59
0425	0.8338	0.9493	1.3556	0.6600	0.3962s	1.4569	0.6260	0.5801
60
0426	0.8389	0.9536	1.3524	0.6700	1.1998s	1.4608	0.6190	0.5708
61
0427	0.8565	0.9407	1.3514	0.6700	0.3913s	1.4637	0.6210	0.5717
62
0428	0.8350	0.9571	1.3493	0.6640	0.8587s	1.4625	0.6220	0.5746
63
0429	0.8417	0.9429	1.3482	0.6660	0.7574s	1.4589	0.6280	0.5839
64
0430	0.8422	0.9514	1.3493	0.6600	0.9014s	1.4532	0.6270	0.5852
65
0431	0.8430	0.9529	1.3537	0.6740	0.8649s	1.4507	0.6280	0.5858
66
0432	0.8478	0.9464	1.3571	0.6700	1.1133s	1.4517	0.6270	0.5854
67
0433	0.8447	0.9486	1.3603	0.6660	0.3162s	1.4574	0.6220	0.5790
68
0434	0.8311	0.9529	1.3631	0.6640	1.1381s	1.4662	0.6170	0.5727
69
0435	0.8409	0.9500	1.3600	0.6620	0.2744s	1.4689	0.6210	0.5664
70
0436	0.8445	0.9629	1.3554	0.6600	0.8353s	1.4673	0.6180	0.5631
71
0437	0.8529	0.9521	1.3516	0.6640	1.0469s	1.4653	0.6200	0.5654
72
0438	0.8440	0.9536	1.3495	0.6580	0.6901s	1.4630	0.6200	0.5676
73
0439	0.8361	0.9521	1.3480	0.6600	1.0399s	1.4600	0.6200	0.5737
74
0440	0.8447	0.9479	1.3495	0.6600	0.2543s	1.4582	0.6200	0.5700
75
0441	0.8327	0.9550	1.3515	0.6640	0.8020s	1.4576	0.6200	0.5728
76
0442	0.8581	0.9457	1.3524	0.6600	0.8609s	1.4587	0.6210	0.5734
77
0443	0.8408	0.9500	1.3563	0.6620	0.2975s	1.4614	0.6200	0.5702
78
0444	0.8324	0.9521	1.3606	0.6560	1.0731s	1.4636	0.6250	0.5700
79
0445	0.8581	0.9407	1.3606	0.6560	1.0829s	1.4624	0.6260	0.5725
80
0446	0.8377	0.9579	1.3556	0.6580	0.5637s	1.4589	0.6220	0.5669
81
0447	0.8468	0.9464	1.3521	0.6620	1.0444s	1.4571	0.6190	0.5737
82
0448	0.8430	0.9514	1.3510	0.6600	0.9738s	1.4596	0.6200	0.5759
83
0449	0.8482	0.9557	1.3523	0.6600	0.5933s	1.4601	0.6170	0.5722
84
0450	0.8459	0.9543	1.3521	0.6560	0.3498s	1.4584	0.6210	0.5771
85
0451	0.8433	0.9443	1.3531	0.6580	0.4494s	1.4569	0.6240	0.5776
86
0452	0.8467	0.9493	1.3536	0.6700	1.1216s	1.4554	0.6270	0.5805
87
0453	0.8432	0.9536	1.3546	0.6700	0.2633s	1.4553	0.6260	0.5780
88
0454	0.8220	0.9579	1.3534	0.6680	0.3778s	1.4557	0.6240	0.5755
89
0455	0.8485	0.9500	1.3521	0.6640	0.8563s	1.4570	0.6250	0.5709
90
0456	0.8343	0.9471	1.3538	0.6660	0.3023s	1.4610	0.6220	0.5698
91
0457	0.8481	0.9550	1.3552	0.6600	0.6759s	1.4633	0.6190	0.5685
92
0458	0.8771	0.9571	1.3552	0.6640	1.2109s	1.4627	0.6200	0.5751
93
0459	0.8507	0.9500	1.3543	0.6640	0.2877s	1.4619	0.6200	0.5739
94
0460	0.8438	0.9500	1.3533	0.6640	0.8369s	1.4601	0.6210	0.5760
95
0461	0.8382	0.9514	1.3521	0.6620	0.9860s	1.4609	0.6210	0.5770
96
0462	0.8346	0.9600	1.3515	0.6660	0.9209s	1.4637	0.6200	0.5728
97
0463	0.8259	0.9493	1.3525	0.6740	0.7164s	1.4669	0.6240	0.5757
98
0464	0.8457	0.9507	1.3541	0.6680	1.1271s	1.4683	0.6250	0.5763
99
0465	0.8373	0.9521	1.3534	0.6620	0.6252s	1.4690	0.6260	0.5758
100
0466	0.8540	0.9579	1.3520	0.6660	1.0089s	1.4671	0.6220	0.5712
101
0467	0.8413	0.9514	1.3525	0.6600	0.2688s	1.4653	0.6230	0.5740
102
0468	0.8353	0.9529	1.3526	0.6660	1.0926s	1.4602	0.6210	0.5726
103
0469	0.8500	0.9521	1.3528	0.6680	0.3135s	1.4578	0.6250	0.5697
104
0470	0.8410	0.9507	1.3554	0.6700	0.6301s	1.4604	0.6230	0.5681
105
0471	0.8419	0.9536	1.3565	0.6660	0.6240s	1.4625	0.6240	0.5687
106
0472	0.8418	0.9443	1.3590	0.6680	0.7948s	1.4652	0.6220	0.5659
107
0473	0.8445	0.9464	1.3605	0.6680	1.0239s	1.4671	0.6260	0.5655
108
0474	0.8524	0.9529	1.3605	0.6620	0.2759s	1.4660	0.6220	0.5638
109
0475	0.8418	0.9493	1.3606	0.6640	0.4920s	1.4618	0.6210	0.5681
110
0476	0.8440	0.9557	1.3622	0.6640	1.0129s	1.4563	0.6240	0.5701
111
0477	0.8580	0.9514	1.3608	0.6660	0.8290s	1.4527	0.6210	0.5708
112
0478	0.8544	0.9486	1.3572	0.6660	1.0498s	1.4499	0.6200	0.5725
113
0479	0.8423	0.9514	1.3526	0.6620	0.3810s	1.4498	0.6220	0.5745
114
0480	0.8510	0.9600	1.3482	0.6600	1.1276s	1.4499	0.6220	0.5633
115
0481	0.8320	0.9486	1.3463	0.6580	0.2596s	1.4523	0.6240	0.5689
116
0482	0.8321	0.9579	1.3499	0.6520	1.0196s	1.4589	0.6240	0.5690
117
0483	0.8325	0.9579	1.3537	0.6600	0.3495s	1.4646	0.6220	0.5656
118
0484	0.8504	0.9493	1.3573	0.6620	0.7377s	1.4677	0.6210	0.5673
119
0485	0.8593	0.9543	1.3586	0.6640	0.8822s	1.4665	0.6270	0.5713
120
0486	0.8578	0.9486	1.3566	0.6620	0.9296s	1.4593	0.6260	0.5673
121
0487	0.8382	0.9593	1.3540	0.6500	0.3179s	1.4528	0.6270	0.5676
122
0488	0.8242	0.9614	1.3544	0.6560	1.0496s	1.4512	0.6230	0.5675
123
0489	0.8363	0.9471	1.3550	0.6620	0.5254s	1.4513	0.6230	0.5715
124
0490	0.8346	0.9471	1.3555	0.6640	1.0772s	1.4555	0.6260	0.5722
125
0491	0.8440	0.9479	1.3566	0.6580	0.8147s	1.4602	0.6210	0.5664
126
0492	0.8225	0.9486	1.3536	0.6620	1.1542s	1.4597	0.6250	0.5705
127
0493	0.8482	0.9486	1.3505	0.6560	0.6854s	1.4580	0.6260	0.5730
128
0494	0.8502	0.9536	1.3479	0.6580	0.8818s	1.4581	0.6210	0.5696
129
0495	0.8464	0.9529	1.3462	0.6600	0.8777s	1.4586	0.6230	0.5736
130
0496	0.8552	0.9464	1.3507	0.6680	0.2885s	1.4608	0.6240	0.5759
131
0497	0.8387	0.9586	1.3565	0.6640	0.7544s	1.4630	0.6250	0.5777
132
0498	0.8279	0.9550	1.3612	0.6640	0.8312s	1.4654	0.6250	0.5757
133
0499	0.8286	0.9571	1.3616	0.6700	0.2826s	1.4638	0.6270	0.5784
134
0500	0.8427	0.9479	1.3573	0.6660	1.2031s	1.4597	0.6300	0.5892
135
0501	0.8419	0.9579	1.3529	0.6660	0.5925s	1.4569	0.6280	0.5861
136
0502	0.8380	0.9593	1.3494	0.6640	1.1926s	1.4578	0.6260	0.5842
137
0503	0.8352	0.9507	1.3472	0.6580	0.2581s	1.4566	0.6250	0.5740
138
0504	0.8416	0.9500	1.3463	0.6540	1.0677s	1.4538	0.6290	0.5792
139
0505	0.8354	0.9486	1.3487	0.6660	0.8528s	1.4532	0.6280	0.5722
140
0506	0.8327	0.9500	1.3526	0.6640	0.2876s	1.4547	0.6230	0.5661
141
0507	0.8390	0.9479	1.3570	0.6620	0.9153s	1.4578	0.6230	0.5753
142
0508	0.8461	0.9507	1.3612	0.6620	0.8962s	1.4599	0.6220	0.5749
143
0509	0.8494	0.9443	1.3627	0.6640	1.0931s	1.4612	0.6170	0.5718
144
0510	0.8467	0.9550	1.3614	0.6660	1.3082s	1.4599	0.6220	0.5782
145
0511	0.8316	0.9529	1.3598	0.6580	0.2469s	1.4576	0.6200	0.5770
146
0512	0.8468	0.9564	1.3578	0.6560	0.6335s	1.4561	0.6220	0.5714
147
0513	0.8407	0.9514	1.3571	0.6640	0.6910s	1.4550	0.6260	0.5782
148
0514	0.8445	0.9464	1.3569	0.6660	0.8271s	1.4538	0.6300	0.5790
149
0515	0.8453	0.9521	1.3547	0.6700	0.3255s	1.4548	0.6280	0.5715
150
0516	0.8426	0.9550	1.3519	0.6700	0.7467s	1.4571	0.6280	0.5738
151
0517	0.8426	0.9557	1.3507	0.6680	0.9909s	1.4601	0.6250	0.5683
152
0518	0.8239	0.9493	1.3490	0.6580	0.4804s	1.4617	0.6260	0.5721
153
0519	0.8402	0.9557	1.3461	0.6600	0.9856s	1.4580	0.6300	0.5789
154
0520	0.8567	0.9500	1.3445	0.6640	0.3571s	1.4528	0.6300	0.5803
155
0521	0.8364	0.9621	1.3447	0.6660	0.9227s	1.4485	0.6320	0.5824
156
0522	0.8383	0.9486	1.3463	0.6680	0.5901s	1.4469	0.6340	0.5841
157
0523	0.8573	0.9443	1.3491	0.6640	0.6575s	1.4503	0.6320	0.5794
158
0524	0.8207	0.9607	1.3515	0.6640	1.1658s	1.4562	0.6270	0.5750
159
0525	0.8334	0.9564	1.3535	0.6580	0.2791s	1.4632	0.6230	0.5670
160
0526	0.8522	0.9514	1.3544	0.6580	1.0077s	1.4643	0.6240	0.5678
161
0527	0.8278	0.9629	1.3536	0.6560	0.8181s	1.4611	0.6260	0.5728
162
0528	0.8450	0.9543	1.3532	0.6640	0.9417s	1.4544	0.6240	0.5715
163
0529	0.8579	0.9521	1.3515	0.6660	1.0940s	1.4495	0.6260	0.5872
164
0530	0.8525	0.9514	1.3501	0.6700	1.1668s	1.4480	0.6290	0.5898
165
0531	0.8285	0.9493	1.3525	0.6620	0.9557s	1.4539	0.6260	0.5821
166
0532	0.8313	0.9493	1.3597	0.6640	0.3557s	1.4647	0.6230	0.5749
167
0533	0.8397	0.9557	1.3629	0.6620	1.1152s	1.4692	0.6240	0.5672
168
0534	0.8482	0.9607	1.3646	0.6660	0.9476s	1.4694	0.6200	0.5650
169
0535	0.8638	0.9521	1.3618	0.6620	0.9461s	1.4664	0.6160	0.5596
170
0536	0.8248	0.9557	1.3561	0.6600	0.4164s	1.4611	0.6210	0.5631
171
0537	0.8456	0.9493	1.3508	0.6620	1.1488s	1.4551	0.6220	0.5724
172
0538	0.8250	0.9521	1.3470	0.6700	0.4683s	1.4507	0.6250	0.5750
173
0539	0.8325	0.9550	1.3477	0.6680	0.5859s	1.4517	0.6230	0.5730
174
0540	0.8384	0.9529	1.3508	0.6600	0.7993s	1.4553	0.6220	0.5717
175
0541	0.8298	0.9564	1.3520	0.6620	1.1413s	1.4571	0.6220	0.5623
176
0542	0.8316	0.9571	1.3519	0.6680	1.0219s	1.4569	0.6250	0.5660
177
0543	0.8242	0.9579	1.3512	0.6620	0.5775s	1.4564	0.6270	0.5737
178
0544	0.8419	0.9557	1.3499	0.6620	0.7562s	1.4576	0.6240	0.5729
179
0545	0.8412	0.9521	1.3479	0.6660	0.6997s	1.4596	0.6240	0.5704
180
0546	0.8458	0.9479	1.3469	0.6680	0.9107s	1.4618	0.6210	0.5629
181
0547	0.8507	0.9536	1.3463	0.6660	1.0130s	1.4621	0.6240	0.5665
182
0548	0.8572	0.9443	1.3491	0.6600	0.8845s	1.4615	0.6300	0.5708
183
0549	0.8553	0.9464	1.3527	0.6520	0.8975s	1.4610	0.6290	0.5722
184
0550	0.8469	0.9493	1.3541	0.6520	0.9702s	1.4613	0.6270	0.5689
185
0551	0.8387	0.9593	1.3549	0.6540	0.2961s	1.4612	0.6250	0.5676
186
0552	0.8412	0.9421	1.3532	0.6600	0.2885s	1.4604	0.6240	0.5701
187
0553	0.8455	0.9586	1.3501	0.6600	0.8912s	1.4620	0.6230	0.5698
188
0554	0.8463	0.9564	1.3476	0.6640	0.8717s	1.4623	0.6240	0.5682
189
0555	0.8314	0.9564	1.3473	0.6560	0.4628s	1.4618	0.6290	0.5739
190
0556	0.8368	0.9550	1.3512	0.6600	1.0719s	1.4634	0.6270	0.5709
191
0557	0.8425	0.9564	1.3538	0.6600	0.2795s	1.4608	0.6260	0.5696
192
0558	0.8282	0.9457	1.3560	0.6580	1.0498s	1.4560	0.6240	0.5703
193
0559	0.8393	0.9536	1.3582	0.6520	0.4545s	1.4525	0.6260	0.5803
194
0560	0.8395	0.9543	1.3600	0.6540	1.0228s	1.4519	0.6240	0.5805
195
0561	0.8374	0.9479	1.3616	0.6500	0.9679s	1.4543	0.6240	0.5795
196
0562	0.8476	0.9557	1.3560	0.6560	1.0543s	1.4537	0.6240	0.5764
197
0563	0.8293	0.9571	1.3524	0.6600	0.8081s	1.4556	0.6260	0.5691
198
0564	0.8448	0.9543	1.3524	0.6640	1.0296s	1.4581	0.6240	0.5644
199
Early stop! Min loss:1.337444543838501,  Max accuracy:0.676
Early stop model validation loss:1.337444543838501,  accuracy:0.664
Optimization Finished!
Total time elapsed: 478.7761s
test max acc:0.6340
Loading 363th epoch
stru_node_to_hop attention:tensor([[0.2500, 0.2500, 0.2500, 0.2500],
        [0.2500, 0.2500, 0.2500, 0.2500],
        [0.2500, 0.2500, 0.2500, 0.2500],
        [0.2500, 0.2500, 0.2500, 0.2500],
        [0.2500, 0.2500, 0.2500, 0.2500],
        [0.2500, 0.2500, 0.2500, 0.2500],
        [0.2500, 0.2500, 0.2500, 0.2500],
        [0.2500, 0.2500, 0.2500, 0.2500],
        [0.2500, 0.2500, 0.2500, 0.2500],
        [0.2500, 0.2500, 0.2500, 0.2500],
        [0.2500, 0.2500, 0.2500, 0.2500],
        [0.2500, 0.2500, 0.2500, 0.2500],
        [0.2500, 0.2500, 0.2500, 0.2500],
        [0.2500, 0.2500, 0.2500, 0.2500],
        [0.2500, 0.2500, 0.2500, 0.2500],
        [0.2500, 0.2500, 0.2500, 0.2500],
        [0.2500, 0.2500, 0.2500, 0.2500],
        [0.2500, 0.2500, 0.2500, 0.2500],
        [0.2500, 0.2500, 0.2500, 0.2500],
        [0.2500, 0.2500, 0.2500, 0.2500],
        [0.2500, 0.2500, 0.2500, 0.2500],
        [0.2500, 0.2500, 0.2500, 0.2500],
        [0.2500, 0.2500, 0.2500, 0.2500],
        [0.2500, 0.2500, 0.2500, 0.2500],
        [0.2500, 0.2500, 0.2500, 0.2500],
        [0.2500, 0.2500, 0.2500, 0.2500],
        [0.2500, 0.2500, 0.2500, 0.2500],
        [0.2500, 0.2500, 0.2500, 0.2500],
        [0.2500, 0.2500, 0.2500, 0.2500],
        [0.2500, 0.2500, 0.2500, 0.2500],
        [0.2500, 0.2500, 0.2500, 0.2500],
        [0.2500, 0.2500, 0.2500, 0.2500],
        [0.2500, 0.2500, 0.2500, 0.2500],
        [0.2500, 0.2500, 0.2500, 0.2500],
        [0.2500, 0.2500, 0.2500, 0.2500],
        [0.2500, 0.2500, 0.2500, 0.2500],
        [0.2500, 0.2500, 0.2500, 0.2500],
        [0.2500, 0.2500, 0.2500, 0.2500],
        [0.2500, 0.2500, 0.2500, 0.2500],
        [0.2500, 0.2500, 0.2500, 0.2500],
        [0.2500, 0.2500, 0.2500, 0.2500],
        [0.2500, 0.2500, 0.2500, 0.2500],
        [0.2500, 0.2500, 0.2500, 0.2500],
        [0.2500, 0.2500, 0.2500, 0.2500],
        [0.2500, 0.2500, 0.2500, 0.2500],
        [0.2500, 0.2500, 0.2500, 0.2500],
        [0.2500, 0.2500, 0.2500, 0.2500],
        [0.2500, 0.2500, 0.2500, 0.2500],
        [0.2500, 0.2500, 0.2500, 0.2500],
        [0.2500, 0.2500, 0.2500, 0.2500],
        [0.2500, 0.2500, 0.2500, 0.2500],
        [0.2500, 0.2500, 0.2500, 0.2500],
        [0.2500, 0.2500, 0.2500, 0.2500],
        [0.2500, 0.2500, 0.2500, 0.2500],
        [0.2500, 0.2500, 0.2500, 0.2500],
        [0.2500, 0.2500, 0.2500, 0.2500],
        [0.2500, 0.2500, 0.2500, 0.2500],
        [0.2500, 0.2500, 0.2500, 0.2500],
        [0.2500, 0.2500, 0.2500, 0.2500],
        [0.2500, 0.2500, 0.2500, 0.2500],
        [0.2500, 0.2500, 0.2500, 0.2500],
        [0.2500, 0.2500, 0.2500, 0.2500],
        [0.2500, 0.2500, 0.2500, 0.2500],
        [0.2500, 0.2500, 0.2500, 0.2500],
        [0.2500, 0.2500, 0.2500, 0.2500],
        [0.2500, 0.2500, 0.2500, 0.2500],
        [0.2500, 0.2500, 0.2500, 0.2500],
        [0.2500, 0.2500, 0.2500, 0.2500],
        [0.2500, 0.2500, 0.2500, 0.2500],
        [0.2500, 0.2500, 0.2500, 0.2500],
        [0.2500, 0.2500, 0.2500, 0.2500],
        [0.2500, 0.2500, 0.2500, 0.2500],
        [0.2500, 0.2500, 0.2500, 0.2500],
        [0.2500, 0.2500, 0.2500, 0.2500],
        [0.2500, 0.2500, 0.2500, 0.2500],
        [0.2500, 0.2500, 0.2500, 0.2500],
        [0.2500, 0.2500, 0.2500, 0.2500],
        [0.2500, 0.2500, 0.2500, 0.2500],
        [0.2500, 0.2500, 0.2500, 0.2500],
        [0.2500, 0.2500, 0.2500, 0.2500],
        [0.2500, 0.2500, 0.2500, 0.2500],
        [0.2500, 0.2500, 0.2500, 0.2500],
        [0.2500, 0.2500, 0.2500, 0.2500],
        [0.2500, 0.2500, 0.2500, 0.2500],
        [0.2500, 0.2500, 0.2500, 0.2500],
        [0.2500, 0.2500, 0.2500, 0.2500],
        [0.2500, 0.2500, 0.2500, 0.2500],
        [0.2500, 0.2500, 0.2500, 0.2500],
        [0.2500, 0.2500, 0.2500, 0.2500],
        [0.2500, 0.2500, 0.2500, 0.2500],
        [0.2500, 0.2500, 0.2500, 0.2500],
        [0.2500, 0.2500, 0.2500, 0.2500],
        [0.2500, 0.2500, 0.2500, 0.2500],
        [0.2500, 0.2500, 0.2500, 0.2500],
        [0.2500, 0.2500, 0.2500, 0.2500],
        [0.2500, 0.2500, 0.2500, 0.2500],
        [0.2500, 0.2500, 0.2500, 0.2500],
        [0.2500, 0.2500, 0.2500, 0.2500],
        [0.2500, 0.2500, 0.2500, 0.2500],
        [0.2500, 0.2500, 0.2500, 0.2500]], device='cuda:7')
fea_node_to_hop attention:tensor([[0.2500, 0.2500, 0.2500, 0.2500],
        [0.2500, 0.2500, 0.2500, 0.2500],
        [0.2500, 0.2500, 0.2500, 0.2500],
        [0.2500, 0.2500, 0.2500, 0.2500],
        [0.2500, 0.2500, 0.2500, 0.2500],
        [0.2500, 0.2500, 0.2500, 0.2500],
        [0.2500, 0.2500, 0.2500, 0.2500],
        [0.2500, 0.2500, 0.2500, 0.2500],
        [0.2500, 0.2500, 0.2500, 0.2500],
        [0.2500, 0.2500, 0.2500, 0.2500],
        [0.2500, 0.2500, 0.2500, 0.2500],
        [0.2500, 0.2500, 0.2500, 0.2500],
        [0.2500, 0.2500, 0.2500, 0.2500],
        [0.2500, 0.2500, 0.2500, 0.2500],
        [0.2500, 0.2500, 0.2500, 0.2500],
        [0.2500, 0.2500, 0.2500, 0.2500],
        [0.2500, 0.2500, 0.2500, 0.2500],
        [0.2500, 0.2500, 0.2500, 0.2500],
        [0.2500, 0.2500, 0.2500, 0.2500],
        [0.2500, 0.2500, 0.2500, 0.2500],
        [0.2500, 0.2500, 0.2500, 0.2500],
        [0.2500, 0.2500, 0.2500, 0.2500],
        [0.2500, 0.2500, 0.2500, 0.2500],
        [0.2500, 0.2500, 0.2500, 0.2500],
        [0.2500, 0.2500, 0.2500, 0.2500],
        [0.2500, 0.2500, 0.2500, 0.2500],
        [0.2500, 0.2500, 0.2500, 0.2500],
        [0.2500, 0.2500, 0.2500, 0.2500],
        [0.2500, 0.2500, 0.2500, 0.2500],
        [0.2500, 0.2500, 0.2500, 0.2500],
        [0.2500, 0.2500, 0.2500, 0.2500],
        [0.2500, 0.2500, 0.2500, 0.2500],
        [0.2500, 0.2500, 0.2500, 0.2500],
        [0.2500, 0.2500, 0.2500, 0.2500],
        [0.2500, 0.2500, 0.2500, 0.2500],
        [0.2500, 0.2500, 0.2500, 0.2500],
        [0.2500, 0.2500, 0.2500, 0.2500],
        [0.2500, 0.2500, 0.2500, 0.2500],
        [0.2500, 0.2500, 0.2500, 0.2500],
        [0.2500, 0.2500, 0.2500, 0.2500],
        [0.2500, 0.2500, 0.2500, 0.2500],
        [0.2500, 0.2500, 0.2500, 0.2500],
        [0.2500, 0.2500, 0.2500, 0.2500],
        [0.2500, 0.2500, 0.2500, 0.2500],
        [0.2500, 0.2500, 0.2500, 0.2500],
        [0.2500, 0.2500, 0.2500, 0.2500],
        [0.2500, 0.2500, 0.2500, 0.2500],
        [0.2500, 0.2500, 0.2500, 0.2500],
        [0.2500, 0.2500, 0.2500, 0.2500],
        [0.2500, 0.2500, 0.2500, 0.2500],
        [0.2500, 0.2500, 0.2500, 0.2500],
        [0.2500, 0.2500, 0.2500, 0.2500],
        [0.2500, 0.2500, 0.2500, 0.2500],
        [0.2500, 0.2500, 0.2500, 0.2500],
        [0.2500, 0.2500, 0.2500, 0.2500],
        [0.2500, 0.2500, 0.2500, 0.2500],
        [0.2500, 0.2500, 0.2500, 0.2500],
        [0.2500, 0.2500, 0.2500, 0.2500],
        [0.2500, 0.2500, 0.2500, 0.2500],
        [0.2500, 0.2500, 0.2500, 0.2500],
        [0.2500, 0.2500, 0.2500, 0.2500],
        [0.2500, 0.2500, 0.2500, 0.2500],
        [0.2500, 0.2500, 0.2500, 0.2500],
        [0.2500, 0.2500, 0.2500, 0.2500],
        [0.2500, 0.2500, 0.2500, 0.2500],
        [0.2500, 0.2500, 0.2500, 0.2500],
        [0.2500, 0.2500, 0.2500, 0.2500],
        [0.2500, 0.2500, 0.2500, 0.2500],
        [0.2500, 0.2500, 0.2500, 0.2500],
        [0.2500, 0.2500, 0.2500, 0.2500],
        [0.2500, 0.2500, 0.2500, 0.2500],
        [0.2500, 0.2500, 0.2500, 0.2500],
        [0.2500, 0.2500, 0.2500, 0.2500],
        [0.2500, 0.2500, 0.2500, 0.2500],
        [0.2500, 0.2500, 0.2500, 0.2500],
        [0.2500, 0.2500, 0.2500, 0.2500],
        [0.2500, 0.2500, 0.2500, 0.2500],
        [0.2500, 0.2500, 0.2500, 0.2500],
        [0.2500, 0.2500, 0.2500, 0.2500],
        [0.2500, 0.2500, 0.2500, 0.2500],
        [0.2500, 0.2500, 0.2500, 0.2500],
        [0.2500, 0.2500, 0.2500, 0.2500],
        [0.2500, 0.2500, 0.2500, 0.2500],
        [0.2500, 0.2500, 0.2500, 0.2500],
        [0.2500, 0.2500, 0.2500, 0.2500],
        [0.2500, 0.2500, 0.2500, 0.2500],
        [0.2500, 0.2500, 0.2500, 0.2500],
        [0.2500, 0.2500, 0.2500, 0.2500],
        [0.2500, 0.2500, 0.2500, 0.2500],
        [0.2500, 0.2500, 0.2500, 0.2500],
        [0.2500, 0.2500, 0.2500, 0.2500],
        [0.2500, 0.2500, 0.2500, 0.2500],
        [0.2500, 0.2500, 0.2500, 0.2500],
        [0.2500, 0.2500, 0.2500, 0.2500],
        [0.2500, 0.2500, 0.2500, 0.2500],
        [0.2500, 0.2500, 0.2500, 0.2500],
        [0.2500, 0.2500, 0.2500, 0.2500],
        [0.2500, 0.2500, 0.2500, 0.2500],
        [0.2500, 0.2500, 0.2500, 0.2500],
        [0.2500, 0.2500, 0.2500, 0.2500]], device='cuda:7')
perception attention:tensor([0.9942, 0.0058], device='cuda:7')
Test set results: loss= 1.4583 accuracy= 0.6220 F1_score= 0.5760
