# epoch	loss_train	acc_train	loss_val	acc_val	time	acc_test	f1_test
0001	4.2493	0.0143	4.2384	0.0760	0.9549s	4.2404	0.0670	0.0402
0
0002	4.2345	0.1279	4.2195	0.1100	1.0911s	4.2223	0.0910	0.0691
0
0003	4.2079	0.1900	4.1917	0.0580	1.1889s	4.1945	0.0490	0.0219
0
0004	4.1710	0.0850	4.1508	0.0640	0.9089s	4.1535	0.0620	0.0446
0
0005	4.1178	0.1421	4.0935	0.1060	1.0700s	4.0958	0.1030	0.0841
0
0006	4.0451	0.2064	4.0185	0.1760	1.0402s	4.0202	0.1700	0.1493
0
0007	3.9547	0.2886	3.9262	0.2240	0.9254s	3.9272	0.2090	0.1794
0
0008	3.8401	0.3486	3.8167	0.2660	1.2250s	3.8173	0.2460	0.2196
0
0009	3.7086	0.4186	3.6921	0.3140	0.2628s	3.6928	0.2900	0.2533
0
0010	3.5560	0.4464	3.5553	0.3620	1.1751s	3.5565	0.3270	0.3064
0
0011	3.4083	0.4943	3.4098	0.3960	0.8377s	3.4114	0.3770	0.3547
0
0012	3.2409	0.5386	3.2600	0.4340	1.0029s	3.2625	0.4060	0.3804
0
0013	3.0692	0.5679	3.1083	0.4600	0.8860s	3.1125	0.4400	0.4057
0
0014	2.9160	0.6029	2.9554	0.4800	1.1102s	2.9636	0.4570	0.4145
0
0015	2.7555	0.6321	2.8039	0.4900	1.0789s	2.8182	0.4790	0.4387
0
0016	2.6020	0.6550	2.6564	0.5020	0.7765s	2.6781	0.4970	0.4491
0
0017	2.4885	0.6514	2.5154	0.5040	1.0061s	2.5471	0.5020	0.4503
0
0018	2.3430	0.6464	2.3849	0.5200	1.0713s	2.4277	0.5060	0.4561
0
0019	2.2329	0.6579	2.2674	0.5240	1.1327s	2.3217	0.5070	0.4569
0
0020	2.1241	0.6664	2.1654	0.5340	0.9525s	2.2294	0.5170	0.4693
0
0021	2.0020	0.7007	2.0782	0.5340	0.2724s	2.1490	0.5290	0.4846
0
0022	1.8979	0.7014	2.0063	0.5520	1.1103s	2.0799	0.5360	0.4938
0
0023	1.7975	0.7350	1.9476	0.5540	0.4107s	2.0206	0.5400	0.4969
0
0024	1.7096	0.7629	1.8958	0.5660	1.0803s	1.9690	0.5440	0.4968
0
0025	1.6147	0.7807	1.8463	0.5820	1.0844s	1.9213	0.5620	0.5114
0
0026	1.5523	0.7936	1.8025	0.5960	1.1771s	1.8811	0.5680	0.5168
0
0027	1.4805	0.8100	1.7656	0.6020	0.8991s	1.8481	0.5670	0.5144
0
0028	1.4449	0.8050	1.7339	0.6100	1.2291s	1.8188	0.5710	0.5185
0
0029	1.4080	0.8286	1.7051	0.6120	0.8866s	1.7923	0.5760	0.5210
0
0030	1.3665	0.8193	1.6820	0.6040	1.0322s	1.7677	0.5840	0.5269
0
0031	1.3271	0.8279	1.6641	0.6060	0.2606s	1.7465	0.5870	0.5304
0
0032	1.2951	0.8464	1.6494	0.6060	1.2148s	1.7288	0.5840	0.5293
0
0033	1.2607	0.8693	1.6374	0.6100	1.0680s	1.7146	0.5860	0.5317
0
0034	1.2347	0.8607	1.6266	0.6120	1.1019s	1.7036	0.5840	0.5339
0
0035	1.2102	0.8693	1.6167	0.6140	0.2889s	1.6938	0.5790	0.5308
0
0036	1.1774	0.8757	1.6066	0.6180	0.9818s	1.6835	0.5830	0.5347
0
0037	1.1626	0.8843	1.5928	0.6260	0.9515s	1.6711	0.5880	0.5387
0
0038	1.1370	0.8879	1.5771	0.6240	0.8550s	1.6601	0.5870	0.5382
0
0039	1.1304	0.8964	1.5640	0.6260	1.0214s	1.6493	0.5920	0.5428
0
0040	1.1321	0.8850	1.5538	0.6260	1.1603s	1.6398	0.5900	0.5381
0
0041	1.1182	0.8971	1.5467	0.6300	0.9911s	1.6289	0.5920	0.5401
0
0042	1.0901	0.8943	1.5424	0.6300	0.8545s	1.6199	0.5930	0.5428
0
0043	1.0653	0.8843	1.5407	0.6320	1.1093s	1.6160	0.5950	0.5460
0
0044	1.0634	0.9014	1.5384	0.6260	0.8467s	1.6148	0.5960	0.5392
0
0045	1.0581	0.9071	1.5335	0.6280	1.2811s	1.6144	0.5940	0.5454
0
0046	1.0409	0.9036	1.5263	0.6280	1.0989s	1.6106	0.5960	0.5498
0
0047	1.0331	0.9229	1.5171	0.6240	0.9855s	1.6037	0.5950	0.5481
0
0048	1.0340	0.9193	1.5099	0.6280	0.9656s	1.5955	0.5970	0.5499
0
0049	1.0211	0.9036	1.5036	0.6380	1.0995s	1.5875	0.5960	0.5397
0
0050	1.0101	0.9179	1.5011	0.6400	1.1495s	1.5818	0.6020	0.5479
0
0051	1.0204	0.9114	1.5026	0.6380	0.9726s	1.5806	0.6090	0.5582
0
0052	1.0063	0.9186	1.5010	0.6460	0.9364s	1.5807	0.6070	0.5555
1
0053	1.0030	0.9150	1.4977	0.6440	0.7859s	1.5803	0.6070	0.5574
0
0054	1.0116	0.9271	1.4926	0.6400	0.9678s	1.5784	0.6000	0.5528
0
0055	0.9795	0.9314	1.4849	0.6400	0.4554s	1.5734	0.6050	0.5592
0
0056	0.9961	0.9229	1.4791	0.6380	1.0177s	1.5683	0.6030	0.5568
0
0057	0.9866	0.9257	1.4790	0.6320	0.9711s	1.5656	0.6040	0.5579
0
0058	0.9847	0.9221	1.4787	0.6420	1.1372s	1.5625	0.6110	0.5616
0
0059	0.9773	0.9371	1.4793	0.6320	0.2999s	1.5585	0.6100	0.5590
0
0060	0.9923	0.9300	1.4794	0.6400	1.0162s	1.5553	0.6100	0.5571
1
0061	0.9784	0.9257	1.4771	0.6420	0.9817s	1.5506	0.6140	0.5656
2
0062	0.9710	0.9257	1.4708	0.6420	1.0835s	1.5462	0.6170	0.5730
0
0063	0.9767	0.9314	1.4628	0.6400	1.0976s	1.5437	0.6160	0.5707
0
0064	0.9694	0.9379	1.4567	0.6440	0.8641s	1.5426	0.6110	0.5652
0
0065	0.9805	0.9250	1.4517	0.6440	1.0912s	1.5391	0.6120	0.5690
0
0066	0.9572	0.9464	1.4514	0.6440	0.7485s	1.5368	0.6090	0.5665
0
0067	0.9760	0.9286	1.4540	0.6440	1.0667s	1.5361	0.6120	0.5691
0
0068	0.9635	0.9450	1.4530	0.6460	1.0097s	1.5339	0.6170	0.5756
1
0069	0.9747	0.9307	1.4514	0.6480	1.0121s	1.5335	0.6140	0.5724
0
0070	0.9761	0.9321	1.4466	0.6480	1.1124s	1.5320	0.6110	0.5618
0
0071	0.9544	0.9329	1.4441	0.6480	0.9399s	1.5327	0.6090	0.5605
0
0072	0.9588	0.9314	1.4414	0.6460	1.0192s	1.5307	0.6120	0.5639
0
0073	0.9522	0.9279	1.4420	0.6460	0.9368s	1.5295	0.6150	0.5688
0
0074	0.9549	0.9414	1.4409	0.6480	1.2039s	1.5295	0.6120	0.5636
1
0075	0.9547	0.9414	1.4360	0.6540	1.0895s	1.5266	0.6040	0.5501
0
0076	0.9472	0.9450	1.4324	0.6520	0.9919s	1.5232	0.6050	0.5529
0
0077	0.9697	0.9321	1.4290	0.6520	0.7562s	1.5196	0.6080	0.5587
0
0078	0.9713	0.9321	1.4237	0.6500	0.9256s	1.5131	0.6150	0.5744
0
0079	0.9411	0.9343	1.4233	0.6540	1.2448s	1.5105	0.6170	0.5756
0
0080	0.9613	0.9336	1.4230	0.6560	0.7912s	1.5109	0.6220	0.5778
0
0081	0.9546	0.9336	1.4227	0.6540	1.1251s	1.5123	0.6210	0.5785
0
0082	0.9552	0.9371	1.4182	0.6500	0.3389s	1.5099	0.6180	0.5758
0
0083	0.9306	0.9307	1.4129	0.6500	1.0390s	1.5049	0.6170	0.5715
0
0084	0.9357	0.9350	1.4076	0.6540	0.2578s	1.4993	0.6180	0.5742
0
0085	0.9405	0.9371	1.4060	0.6580	1.0963s	1.4990	0.6190	0.5767
0
0086	0.9360	0.9429	1.4045	0.6520	1.0904s	1.5005	0.6160	0.5683
0
0087	0.9374	0.9307	1.4048	0.6580	1.1453s	1.5037	0.6200	0.5753
0
0088	0.9436	0.9400	1.4043	0.6580	0.6464s	1.5041	0.6170	0.5752
0
0089	0.9408	0.9414	1.4041	0.6520	1.1865s	1.5020	0.6220	0.5802
0
0090	0.9351	0.9464	1.4021	0.6500	0.7623s	1.4972	0.6210	0.5779
0
0091	0.9168	0.9436	1.3996	0.6480	1.0723s	1.4921	0.6200	0.5764
0
0092	0.9161	0.9414	1.3979	0.6480	1.0679s	1.4899	0.6190	0.5745
0
0093	0.9338	0.9343	1.3982	0.6480	0.8474s	1.4913	0.6220	0.5754
0
0094	0.9393	0.9300	1.3990	0.6460	0.8717s	1.4938	0.6210	0.5761
1
0095	0.9231	0.9364	1.3972	0.6480	0.9775s	1.4925	0.6250	0.5805
2
0096	0.9197	0.9407	1.3978	0.6440	1.0662s	1.4942	0.6240	0.5699
0
0097	0.9167	0.9471	1.3980	0.6480	0.7933s	1.4934	0.6200	0.5658
1
0098	0.9193	0.9407	1.3968	0.6500	1.0536s	1.4895	0.6220	0.5791
2
0099	0.9137	0.9386	1.3969	0.6560	1.0178s	1.4905	0.6220	0.5806
0
0100	0.9179	0.9393	1.3966	0.6620	1.1319s	1.4918	0.6210	0.5784
1
0101	0.9124	0.9500	1.3937	0.6560	1.0261s	1.4906	0.6240	0.5851
0
0102	0.9346	0.9457	1.3888	0.6620	1.1445s	1.4858	0.6220	0.5811
0
0103	0.9034	0.9443	1.3837	0.6660	1.0309s	1.4806	0.6260	0.5768
0
0104	0.9120	0.9329	1.3794	0.6620	1.0152s	1.4763	0.6210	0.5777
0
0105	0.9304	0.9400	1.3778	0.6640	1.2701s	1.4746	0.6240	0.5782
0
0106	0.9139	0.9429	1.3775	0.6580	1.1257s	1.4754	0.6190	0.5732
0
0107	0.9157	0.9336	1.3783	0.6600	0.9599s	1.4782	0.6210	0.5724
0
0108	0.9121	0.9364	1.3774	0.6600	1.1460s	1.4796	0.6240	0.5735
1
0109	0.9041	0.9414	1.3800	0.6580	1.1785s	1.4792	0.6210	0.5724
0
0110	0.9044	0.9350	1.3880	0.6620	0.8768s	1.4834	0.6180	0.5725
1
0111	0.8994	0.9564	1.3917	0.6620	0.8938s	1.4832	0.6170	0.5722
2
0112	0.9032	0.9493	1.3883	0.6620	1.0767s	1.4774	0.6180	0.5761
3
0113	0.8836	0.9450	1.3820	0.6640	0.3289s	1.4706	0.6180	0.5768
4
0114	0.9044	0.9371	1.3793	0.6560	1.0257s	1.4683	0.6210	0.5796
5
0115	0.8891	0.9407	1.3789	0.6640	0.3840s	1.4701	0.6220	0.5754
6
0116	0.8891	0.9479	1.3826	0.6620	1.2676s	1.4752	0.6240	0.5658
7
0117	0.8903	0.9421	1.3836	0.6580	1.0149s	1.4784	0.6220	0.5633
8
0118	0.8876	0.9486	1.3819	0.6620	0.8609s	1.4790	0.6250	0.5670
9
0119	0.8810	0.9471	1.3774	0.6620	0.2647s	1.4764	0.6230	0.5741
10
0120	0.8865	0.9543	1.3752	0.6640	1.1760s	1.4729	0.6240	0.5772
0
0121	0.8716	0.9400	1.3759	0.6600	0.3383s	1.4706	0.6200	0.5746
0
0122	0.8968	0.9429	1.3754	0.6580	1.2133s	1.4685	0.6250	0.5800
1
0123	0.8922	0.9414	1.3745	0.6620	1.1109s	1.4681	0.6250	0.5776
2
0124	0.8940	0.9421	1.3752	0.6580	0.9900s	1.4698	0.6240	0.5726
0
0125	0.8916	0.9507	1.3771	0.6540	0.6870s	1.4729	0.6240	0.5731
1
0126	0.8892	0.9414	1.3756	0.6620	1.1227s	1.4714	0.6230	0.5733
2
0127	0.8786	0.9543	1.3747	0.6620	1.0178s	1.4696	0.6240	0.5822
3
0128	0.8791	0.9450	1.3731	0.6580	1.0623s	1.4686	0.6250	0.5820
4
0129	0.8791	0.9464	1.3713	0.6600	0.7840s	1.4694	0.6250	0.5785
0
0130	0.8917	0.9443	1.3689	0.6560	0.9044s	1.4711	0.6300	0.5864
0
0131	0.8818	0.9450	1.3678	0.6580	0.8888s	1.4738	0.6230	0.5793
0
0132	0.8879	0.9521	1.3670	0.6620	1.1283s	1.4749	0.6230	0.5792
0
0133	0.8930	0.9529	1.3685	0.6600	1.1167s	1.4744	0.6210	0.5771
0
0134	0.8802	0.9500	1.3728	0.6580	1.1688s	1.4723	0.6200	0.5771
1
0135	0.8872	0.9493	1.3773	0.6580	1.1869s	1.4696	0.6240	0.5825
2
0136	0.8799	0.9471	1.3799	0.6580	1.2027s	1.4683	0.6220	0.5800
3
0137	0.8900	0.9500	1.3788	0.6520	1.1723s	1.4659	0.6240	0.5791
4
0138	0.8783	0.9464	1.3745	0.6480	1.1350s	1.4651	0.6180	0.5736
5
0139	0.8798	0.9350	1.3705	0.6560	1.0528s	1.4661	0.6170	0.5699
6
0140	0.8624	0.9407	1.3695	0.6540	1.2089s	1.4706	0.6190	0.5733
7
0141	0.8787	0.9521	1.3679	0.6560	1.1588s	1.4737	0.6140	0.5691
8
0142	0.8866	0.9400	1.3648	0.6500	0.9814s	1.4704	0.6180	0.5707
9
0143	0.8671	0.9507	1.3599	0.6520	0.9704s	1.4637	0.6280	0.5814
0
0144	0.8611	0.9479	1.3590	0.6680	1.4530s	1.4617	0.6260	0.5772
0
0145	0.8779	0.9521	1.3577	0.6680	0.9655s	1.4606	0.6300	0.5817
0
0146	0.8658	0.9464	1.3563	0.6640	1.0562s	1.4598	0.6230	0.5746
0
0147	0.8563	0.9371	1.3570	0.6600	1.0067s	1.4603	0.6230	0.5786
0
0148	0.8716	0.9414	1.3610	0.6580	1.1728s	1.4627	0.6300	0.5868
1
0149	0.8611	0.9550	1.3664	0.6620	0.2603s	1.4662	0.6300	0.5845
2
0150	0.8867	0.9393	1.3683	0.6580	1.1759s	1.4684	0.6290	0.5829
3
0151	0.8762	0.9457	1.3686	0.6600	0.7537s	1.4687	0.6240	0.5721
4
0152	0.8830	0.9329	1.3702	0.6640	1.1494s	1.4706	0.6240	0.5714
5
0153	0.8636	0.9493	1.3682	0.6640	1.0195s	1.4725	0.6210	0.5678
6
0154	0.8689	0.9450	1.3663	0.6620	0.9823s	1.4730	0.6170	0.5639
7
0155	0.8586	0.9500	1.3622	0.6620	1.0381s	1.4696	0.6170	0.5664
8
0156	0.8698	0.9514	1.3591	0.6660	1.1333s	1.4653	0.6230	0.5759
9
0157	0.8885	0.9486	1.3553	0.6700	0.9395s	1.4581	0.6250	0.5825
10
0158	0.8624	0.9471	1.3546	0.6680	1.1837s	1.4576	0.6260	0.5866
0
0159	0.8690	0.9386	1.3549	0.6660	0.7176s	1.4578	0.6250	0.5799
0
0160	0.8536	0.9429	1.3581	0.6660	1.2203s	1.4615	0.6220	0.5697
1
0161	0.8594	0.9543	1.3631	0.6640	0.3351s	1.4670	0.6230	0.5673
2
0162	0.8631	0.9479	1.3702	0.6620	1.1485s	1.4728	0.6200	0.5652
3
0163	0.8544	0.9479	1.3700	0.6620	0.5649s	1.4711	0.6250	0.5698
4
0164	0.8658	0.9500	1.3661	0.6580	0.9493s	1.4658	0.6230	0.5712
5
0165	0.8676	0.9443	1.3643	0.6600	0.9535s	1.4618	0.6240	0.5800
6
0166	0.8583	0.9521	1.3610	0.6620	0.9915s	1.4585	0.6220	0.5743
7
0167	0.8643	0.9450	1.3603	0.6620	1.1526s	1.4585	0.6240	0.5779
8
0168	0.8639	0.9471	1.3614	0.6600	1.0205s	1.4612	0.6250	0.5803
9
0169	0.8694	0.9471	1.3624	0.6600	1.0991s	1.4652	0.6240	0.5691
10
0170	0.8708	0.9543	1.3630	0.6640	0.5076s	1.4682	0.6220	0.5643
11
0171	0.8460	0.9429	1.3642	0.6680	1.1106s	1.4701	0.6210	0.5633
12
0172	0.8430	0.9471	1.3667	0.6660	0.3407s	1.4690	0.6170	0.5628
13
0173	0.8600	0.9479	1.3692	0.6660	0.9931s	1.4655	0.6210	0.5772
14
0174	0.8533	0.9486	1.3699	0.6680	1.1579s	1.4643	0.6220	0.5786
15
0175	0.8734	0.9500	1.3678	0.6660	1.1764s	1.4662	0.6250	0.5779
16
0176	0.8640	0.9507	1.3657	0.6700	0.7323s	1.4702	0.6300	0.5833
17
0177	0.8692	0.9564	1.3643	0.6720	1.0191s	1.4731	0.6300	0.5850
0
0178	0.8670	0.9414	1.3607	0.6640	0.9951s	1.4721	0.6290	0.5841
0
0179	0.8592	0.9457	1.3563	0.6620	0.6836s	1.4679	0.6270	0.5840
1
0180	0.8805	0.9471	1.3558	0.6680	1.0752s	1.4652	0.6240	0.5688
2
0181	0.8567	0.9571	1.3579	0.6620	1.0411s	1.4630	0.6240	0.5742
3
0182	0.8770	0.9400	1.3611	0.6660	0.9472s	1.4626	0.6260	0.5776
4
0183	0.8469	0.9507	1.3640	0.6660	0.9885s	1.4630	0.6250	0.5766
5
0184	0.8735	0.9400	1.3652	0.6660	0.9545s	1.4664	0.6250	0.5758
6
0185	0.8681	0.9471	1.3612	0.6660	0.9515s	1.4674	0.6220	0.5730
7
0186	0.8689	0.9536	1.3557	0.6600	1.2629s	1.4679	0.6210	0.5747
8
0187	0.8552	0.9486	1.3572	0.6580	0.3532s	1.4696	0.6240	0.5804
9
0188	0.8455	0.9414	1.3570	0.6700	0.3165s	1.4663	0.6260	0.5842
10
0189	0.8829	0.9493	1.3564	0.6660	1.0623s	1.4600	0.6270	0.5785
11
0190	0.8505	0.9471	1.3555	0.6720	0.9599s	1.4551	0.6310	0.5830
12
0191	0.8473	0.9514	1.3523	0.6740	0.5187s	1.4537	0.6250	0.5770
0
0192	0.8493	0.9457	1.3505	0.6740	1.1112s	1.4564	0.6230	0.5654
0
0193	0.8525	0.9557	1.3500	0.6800	1.1170s	1.4612	0.6220	0.5628
0
0194	0.8651	0.9529	1.3499	0.6760	0.8888s	1.4639	0.6250	0.5702
0
0195	0.8618	0.9464	1.3537	0.6720	0.3888s	1.4677	0.6260	0.5789
0
0196	0.8662	0.9436	1.3595	0.6680	1.0332s	1.4698	0.6290	0.5834
1
0197	0.8718	0.9571	1.3625	0.6740	0.9570s	1.4687	0.6250	0.5798
2
0198	0.8595	0.9557	1.3661	0.6720	1.1837s	1.4672	0.6220	0.5770
3
0199	0.8617	0.9386	1.3653	0.6620	0.2721s	1.4666	0.6220	0.5651
4
0200	0.8736	0.9514	1.3638	0.6640	1.2818s	1.4661	0.6230	0.5625
5
0201	0.8616	0.9500	1.3589	0.6600	0.9303s	1.4638	0.6200	0.5604
6
0202	0.8507	0.9493	1.3557	0.6620	1.0276s	1.4627	0.6180	0.5603
7
0203	0.8452	0.9493	1.3535	0.6680	0.6992s	1.4618	0.6190	0.5643
8
0204	0.8676	0.9550	1.3535	0.6660	1.0759s	1.4619	0.6240	0.5686
9
0205	0.8777	0.9443	1.3524	0.6660	1.3058s	1.4621	0.6270	0.5720
10
0206	0.8396	0.9536	1.3528	0.6680	0.4936s	1.4613	0.6250	0.5776
11
0207	0.8728	0.9493	1.3555	0.6560	1.0900s	1.4623	0.6200	0.5727
12
0208	0.8618	0.9507	1.3553	0.6580	0.4848s	1.4633	0.6210	0.5726
13
0209	0.8551	0.9507	1.3562	0.6560	0.9734s	1.4641	0.6160	0.5685
14
0210	0.8553	0.9507	1.3548	0.6560	0.9986s	1.4615	0.6180	0.5684
15
0211	0.8686	0.9543	1.3535	0.6620	1.1719s	1.4570	0.6200	0.5712
16
0212	0.8627	0.9536	1.3532	0.6580	1.1164s	1.4546	0.6180	0.5703
17
0213	0.8547	0.9521	1.3533	0.6640	1.0039s	1.4542	0.6220	0.5745
18
0214	0.8476	0.9429	1.3534	0.6620	0.8694s	1.4557	0.6250	0.5786
19
0215	0.8612	0.9586	1.3550	0.6580	1.0452s	1.4600	0.6230	0.5750
20
0216	0.8471	0.9400	1.3581	0.6600	1.0748s	1.4645	0.6220	0.5751
21
0217	0.8484	0.9521	1.3580	0.6620	1.0606s	1.4629	0.6250	0.5751
22
0218	0.8619	0.9557	1.3620	0.6600	0.9963s	1.4602	0.6230	0.5745
23
0219	0.8522	0.9514	1.3638	0.6620	1.0455s	1.4539	0.6240	0.5789
24
0220	0.8474	0.9536	1.3673	0.6600	0.9638s	1.4516	0.6290	0.5876
25
0221	0.8637	0.9536	1.3696	0.6560	0.9872s	1.4526	0.6300	0.5841
26
0222	0.8555	0.9550	1.3683	0.6580	0.8758s	1.4556	0.6280	0.5842
27
0223	0.8675	0.9386	1.3661	0.6620	0.9154s	1.4633	0.6270	0.5771
28
0224	0.8648	0.9443	1.3617	0.6600	1.1236s	1.4696	0.6250	0.5694
29
0225	0.8619	0.9550	1.3553	0.6640	1.0078s	1.4703	0.6260	0.5792
30
0226	0.8610	0.9486	1.3559	0.6620	1.0464s	1.4675	0.6270	0.5791
31
0227	0.8567	0.9486	1.3557	0.6640	0.7395s	1.4614	0.6310	0.5860
32
0228	0.8494	0.9486	1.3564	0.6660	1.2810s	1.4573	0.6250	0.5833
33
0229	0.8505	0.9464	1.3571	0.6640	1.0200s	1.4572	0.6260	0.5857
34
0230	0.8647	0.9543	1.3594	0.6600	1.1388s	1.4609	0.6270	0.5805
35
0231	0.8381	0.9450	1.3588	0.6540	0.3224s	1.4639	0.6260	0.5753
36
0232	0.8443	0.9543	1.3581	0.6600	1.1740s	1.4657	0.6300	0.5793
37
0233	0.8610	0.9486	1.3615	0.6700	0.4926s	1.4692	0.6260	0.5755
38
0234	0.8541	0.9521	1.3610	0.6760	1.0358s	1.4666	0.6290	0.5806
39
0235	0.8573	0.9450	1.3592	0.6700	1.0986s	1.4628	0.6270	0.5808
40
0236	0.8468	0.9557	1.3567	0.6600	1.0289s	1.4579	0.6250	0.5801
41
0237	0.8460	0.9407	1.3594	0.6640	0.9266s	1.4555	0.6240	0.5800
42
0238	0.8526	0.9529	1.3613	0.6580	1.1018s	1.4531	0.6210	0.5751
43
0239	0.8436	0.9479	1.3600	0.6620	0.7109s	1.4505	0.6200	0.5746
44
0240	0.8540	0.9486	1.3610	0.6640	1.2782s	1.4511	0.6250	0.5779
45
0241	0.8601	0.9479	1.3639	0.6660	1.0781s	1.4555	0.6250	0.5675
46
0242	0.8554	0.9450	1.3647	0.6640	0.7466s	1.4569	0.6260	0.5666
47
0243	0.8505	0.9557	1.3609	0.6620	1.0318s	1.4564	0.6300	0.5704
48
0244	0.8690	0.9521	1.3592	0.6600	1.1236s	1.4578	0.6250	0.5781
49
0245	0.8580	0.9486	1.3561	0.6620	0.8677s	1.4588	0.6200	0.5720
50
0246	0.8313	0.9543	1.3537	0.6620	1.1832s	1.4575	0.6210	0.5779
51
0247	0.8618	0.9414	1.3527	0.6600	0.4759s	1.4547	0.6260	0.5834
52
0248	0.8459	0.9400	1.3520	0.6660	0.9489s	1.4509	0.6260	0.5801
53
0249	0.8600	0.9500	1.3546	0.6600	0.2987s	1.4516	0.6320	0.5847
54
0250	0.8570	0.9571	1.3589	0.6560	1.0810s	1.4552	0.6290	0.5788
55
0251	0.8461	0.9521	1.3624	0.6600	0.9982s	1.4617	0.6280	0.5694
56
0252	0.8489	0.9557	1.3624	0.6540	1.0458s	1.4650	0.6230	0.5657
57
0253	0.8572	0.9486	1.3638	0.6540	0.9737s	1.4675	0.6250	0.5697
58
0254	0.8576	0.9507	1.3627	0.6520	1.0689s	1.4654	0.6260	0.5720
59
0255	0.8380	0.9421	1.3590	0.6560	1.1210s	1.4615	0.6250	0.5685
60
0256	0.8419	0.9579	1.3555	0.6600	1.2462s	1.4577	0.6220	0.5744
61
0257	0.8572	0.9529	1.3572	0.6560	0.2629s	1.4575	0.6220	0.5760
62
0258	0.8553	0.9593	1.3575	0.6680	0.9420s	1.4583	0.6220	0.5716
63
0259	0.8516	0.9529	1.3575	0.6580	1.0925s	1.4601	0.6260	0.5758
64
0260	0.8569	0.9507	1.3557	0.6580	0.6905s	1.4587	0.6270	0.5746
65
0261	0.8438	0.9450	1.3540	0.6600	1.1299s	1.4565	0.6240	0.5629
66
0262	0.8617	0.9514	1.3542	0.6560	0.3839s	1.4537	0.6240	0.5638
67
0263	0.8339	0.9443	1.3547	0.6580	1.0827s	1.4522	0.6260	0.5715
68
0264	0.8596	0.9471	1.3561	0.6620	0.9693s	1.4538	0.6270	0.5717
69
0265	0.8360	0.9493	1.3551	0.6660	1.1734s	1.4555	0.6240	0.5667
70
0266	0.8616	0.9464	1.3562	0.6680	1.0191s	1.4589	0.6220	0.5645
71
0267	0.8680	0.9529	1.3569	0.6680	0.6681s	1.4602	0.6190	0.5604
72
0268	0.8442	0.9514	1.3553	0.6660	1.0594s	1.4574	0.6240	0.5762
73
0269	0.8459	0.9364	1.3539	0.6600	1.1715s	1.4515	0.6280	0.5833
74
0270	0.8607	0.9464	1.3515	0.6620	0.2747s	1.4449	0.6320	0.5863
75
0271	0.8615	0.9436	1.3535	0.6580	1.3199s	1.4437	0.6330	0.5873
76
0272	0.8573	0.9464	1.3571	0.6560	1.1963s	1.4487	0.6300	0.5788
77
0273	0.8721	0.9536	1.3599	0.6560	0.3843s	1.4563	0.6230	0.5719
78
0274	0.8221	0.9436	1.3615	0.6680	1.0735s	1.4616	0.6280	0.5694
79
0275	0.8582	0.9521	1.3622	0.6680	1.1132s	1.4634	0.6260	0.5702
80
0276	0.8374	0.9464	1.3627	0.6660	0.7807s	1.4626	0.6220	0.5763
81
0277	0.8398	0.9457	1.3627	0.6700	1.1026s	1.4609	0.6290	0.5856
82
0278	0.8524	0.9543	1.3598	0.6700	1.0243s	1.4591	0.6290	0.5862
83
0279	0.8409	0.9536	1.3589	0.6540	1.0818s	1.4592	0.6300	0.5846
84
0280	0.8491	0.9550	1.3573	0.6540	1.1198s	1.4586	0.6310	0.5857
85
0281	0.8631	0.9507	1.3547	0.6560	1.0376s	1.4573	0.6270	0.5775
86
0282	0.8746	0.9500	1.3544	0.6600	1.1500s	1.4587	0.6270	0.5798
87
0283	0.8623	0.9521	1.3546	0.6680	1.1009s	1.4579	0.6260	0.5698
88
0284	0.8511	0.9521	1.3602	0.6700	0.9507s	1.4601	0.6230	0.5769
89
0285	0.8490	0.9521	1.3640	0.6660	0.9391s	1.4615	0.6280	0.5741
90
0286	0.8643	0.9479	1.3625	0.6600	1.0293s	1.4601	0.6300	0.5854
91
0287	0.8346	0.9429	1.3580	0.6580	0.9775s	1.4557	0.6260	0.5792
92
0288	0.8586	0.9500	1.3537	0.6600	1.0335s	1.4536	0.6290	0.5827
93
0289	0.8679	0.9493	1.3532	0.6600	0.9302s	1.4543	0.6230	0.5807
94
0290	0.8651	0.9479	1.3526	0.6660	0.9634s	1.4570	0.6270	0.5829
95
0291	0.8515	0.9521	1.3533	0.6580	0.6388s	1.4612	0.6280	0.5791
96
0292	0.8471	0.9500	1.3524	0.6640	0.9504s	1.4623	0.6300	0.5790
97
0293	0.8658	0.9514	1.3525	0.6680	1.1066s	1.4620	0.6220	0.5704
98
0294	0.8369	0.9521	1.3529	0.6660	0.7617s	1.4610	0.6280	0.5724
99
0295	0.8530	0.9507	1.3538	0.6680	1.1168s	1.4613	0.6230	0.5739
100
0296	0.8542	0.9579	1.3533	0.6560	0.3577s	1.4616	0.6260	0.5779
101
0297	0.8479	0.9457	1.3549	0.6600	1.0491s	1.4630	0.6260	0.5771
102
0298	0.8427	0.9521	1.3573	0.6580	1.0540s	1.4664	0.6250	0.5754
103
0299	0.8435	0.9557	1.3626	0.6520	1.0275s	1.4699	0.6250	0.5766
104
0300	0.8684	0.9471	1.3648	0.6580	0.9677s	1.4675	0.6240	0.5793
105
0301	0.8565	0.9407	1.3639	0.6660	0.9258s	1.4643	0.6280	0.5820
106
0302	0.8415	0.9521	1.3612	0.6620	1.0371s	1.4604	0.6280	0.5836
107
0303	0.8429	0.9514	1.3587	0.6640	0.6580s	1.4586	0.6300	0.5848
108
0304	0.8638	0.9521	1.3562	0.6680	1.1326s	1.4610	0.6340	0.5869
109
0305	0.8358	0.9529	1.3528	0.6640	0.9472s	1.4630	0.6290	0.5693
110
0306	0.8433	0.9550	1.3495	0.6640	0.2897s	1.4657	0.6260	0.5639
111
0307	0.8482	0.9521	1.3508	0.6580	1.1619s	1.4676	0.6210	0.5617
0
0308	0.8400	0.9493	1.3512	0.6580	1.1380s	1.4654	0.6180	0.5616
1
0309	0.8435	0.9550	1.3558	0.6640	0.3151s	1.4628	0.6200	0.5644
2
0310	0.8383	0.9557	1.3606	0.6640	0.4756s	1.4612	0.6240	0.5704
3
0311	0.8423	0.9436	1.3628	0.6680	0.9361s	1.4623	0.6220	0.5801
4
0312	0.8634	0.9536	1.3613	0.6660	0.8262s	1.4633	0.6220	0.5776
5
0313	0.8535	0.9643	1.3599	0.6660	0.2823s	1.4635	0.6200	0.5717
6
0314	0.8538	0.9550	1.3592	0.6660	1.0837s	1.4631	0.6210	0.5730
7
0315	0.8373	0.9529	1.3581	0.6600	1.1262s	1.4610	0.6260	0.5718
8
0316	0.8591	0.9457	1.3586	0.6580	1.0785s	1.4603	0.6270	0.5755
9
0317	0.8503	0.9457	1.3590	0.6580	0.9291s	1.4604	0.6290	0.5787
10
0318	0.8517	0.9493	1.3567	0.6580	0.6377s	1.4590	0.6270	0.5857
11
0319	0.8593	0.9514	1.3549	0.6620	0.8925s	1.4599	0.6290	0.5862
12
0320	0.8549	0.9457	1.3522	0.6700	1.0590s	1.4595	0.6270	0.5833
13
0321	0.8619	0.9421	1.3494	0.6660	0.5840s	1.4591	0.6260	0.5741
14
0322	0.8555	0.9529	1.3518	0.6640	1.1552s	1.4612	0.6260	0.5695
0
0323	0.8338	0.9586	1.3569	0.6580	0.5718s	1.4645	0.6280	0.5725
1
0324	0.8431	0.9507	1.3596	0.6600	0.8907s	1.4639	0.6250	0.5721
2
0325	0.8390	0.9457	1.3583	0.6600	1.0574s	1.4608	0.6220	0.5677
3
0326	0.8529	0.9479	1.3533	0.6600	0.5019s	1.4567	0.6230	0.5686
4
0327	0.8480	0.9421	1.3491	0.6660	1.1494s	1.4569	0.6220	0.5705
5
0328	0.8689	0.9521	1.3467	0.6640	1.2074s	1.4567	0.6240	0.5729
0
0329	0.8465	0.9393	1.3453	0.6700	0.9387s	1.4553	0.6250	0.5722
0
0330	0.8397	0.9536	1.3476	0.6660	1.0051s	1.4542	0.6260	0.5705
0
0331	0.8418	0.9579	1.3538	0.6580	0.8420s	1.4556	0.6230	0.5691
1
0332	0.8353	0.9579	1.3591	0.6600	1.1136s	1.4573	0.6250	0.5701
2
0333	0.8454	0.9543	1.3610	0.6580	1.0951s	1.4572	0.6240	0.5687
3
0334	0.8551	0.9450	1.3593	0.6580	0.5146s	1.4557	0.6220	0.5673
4
0335	0.8494	0.9543	1.3585	0.6540	1.1006s	1.4559	0.6250	0.5698
5
0336	0.8558	0.9586	1.3565	0.6580	0.8603s	1.4554	0.6240	0.5719
6
0337	0.8532	0.9471	1.3538	0.6580	1.0727s	1.4531	0.6250	0.5788
7
0338	0.8482	0.9500	1.3536	0.6580	0.8526s	1.4538	0.6290	0.5811
8
0339	0.8508	0.9479	1.3561	0.6540	1.2137s	1.4591	0.6250	0.5770
9
0340	0.8570	0.9479	1.3567	0.6560	0.3064s	1.4643	0.6230	0.5661
10
0341	0.8527	0.9493	1.3577	0.6480	1.1752s	1.4684	0.6200	0.5641
11
0342	0.8510	0.9550	1.3591	0.6440	0.7158s	1.4702	0.6200	0.5658
12
0343	0.8419	0.9521	1.3558	0.6520	0.4505s	1.4638	0.6260	0.5736
13
0344	0.8476	0.9536	1.3518	0.6580	1.0108s	1.4557	0.6290	0.5847
14
0345	0.8428	0.9457	1.3532	0.6720	0.2976s	1.4523	0.6250	0.5808
15
0346	0.8500	0.9571	1.3529	0.6700	1.2724s	1.4523	0.6300	0.5848
16
0347	0.8465	0.9521	1.3513	0.6680	0.4839s	1.4535	0.6250	0.5816
17
0348	0.8559	0.9486	1.3512	0.6620	1.1814s	1.4589	0.6220	0.5661
18
0349	0.8442	0.9571	1.3537	0.6540	0.9230s	1.4639	0.6240	0.5669
19
0350	0.8561	0.9457	1.3547	0.6560	1.1685s	1.4643	0.6260	0.5702
20
0351	0.8603	0.9543	1.3546	0.6600	0.2623s	1.4631	0.6270	0.5725
21
0352	0.8528	0.9386	1.3548	0.6540	0.7384s	1.4631	0.6230	0.5686
22
0353	0.8416	0.9443	1.3543	0.6600	1.1456s	1.4615	0.6280	0.5731
23
0354	0.8322	0.9579	1.3521	0.6660	0.8130s	1.4584	0.6190	0.5630
24
0355	0.8453	0.9500	1.3525	0.6640	1.0964s	1.4562	0.6220	0.5640
25
0356	0.8573	0.9486	1.3554	0.6640	0.9541s	1.4568	0.6220	0.5761
26
0357	0.8387	0.9521	1.3567	0.6600	1.1294s	1.4579	0.6290	0.5808
27
0358	0.8494	0.9457	1.3588	0.6540	1.0105s	1.4593	0.6270	0.5768
28
0359	0.8519	0.9479	1.3584	0.6540	0.9969s	1.4569	0.6320	0.5816
29
0360	0.8470	0.9607	1.3546	0.6560	0.5685s	1.4525	0.6300	0.5840
30
0361	0.8382	0.9557	1.3521	0.6580	1.1508s	1.4491	0.6300	0.5831
31
0362	0.8363	0.9536	1.3519	0.6560	0.3906s	1.4487	0.6300	0.5860
32
0363	0.8542	0.9429	1.3559	0.6600	0.3278s	1.4531	0.6240	0.5769
33
0364	0.8502	0.9443	1.3631	0.6580	1.1298s	1.4584	0.6230	0.5774
34
0365	0.8434	0.9543	1.3657	0.6600	0.9191s	1.4589	0.6240	0.5781
35
0366	0.8348	0.9457	1.3643	0.6580	1.2174s	1.4580	0.6260	0.5782
36
0367	0.8595	0.9429	1.3615	0.6580	0.2537s	1.4582	0.6230	0.5730
37
0368	0.8468	0.9543	1.3607	0.6580	0.9637s	1.4618	0.6270	0.5718
38
0369	0.8526	0.9536	1.3585	0.6600	1.1013s	1.4642	0.6230	0.5693
39
0370	0.8415	0.9543	1.3571	0.6600	0.2757s	1.4669	0.6200	0.5660
40
0371	0.8454	0.9500	1.3552	0.6640	1.0443s	1.4662	0.6190	0.5636
41
0372	0.8601	0.9507	1.3577	0.6680	1.1068s	1.4647	0.6200	0.5726
42
0373	0.8375	0.9450	1.3607	0.6700	1.1816s	1.4612	0.6170	0.5708
43
0374	0.8421	0.9471	1.3648	0.6720	0.8125s	1.4599	0.6160	0.5691
44
0375	0.8412	0.9521	1.3691	0.6580	1.1049s	1.4621	0.6170	0.5703
45
0376	0.8343	0.9479	1.3674	0.6520	0.9229s	1.4621	0.6200	0.5733
46
0377	0.8540	0.9443	1.3608	0.6500	1.1275s	1.4618	0.6220	0.5761
47
0378	0.8294	0.9564	1.3534	0.6480	0.9713s	1.4602	0.6250	0.5790
48
0379	0.8466	0.9536	1.3501	0.6580	1.1192s	1.4573	0.6260	0.5789
49
0380	0.8526	0.9550	1.3522	0.6620	1.1025s	1.4551	0.6260	0.5814
50
0381	0.8501	0.9493	1.3563	0.6660	1.1300s	1.4572	0.6220	0.5798
51
0382	0.8393	0.9571	1.3571	0.6700	0.9711s	1.4592	0.6210	0.5773
52
0383	0.8493	0.9650	1.3541	0.6720	1.0897s	1.4590	0.6200	0.5756
53
0384	0.8552	0.9471	1.3487	0.6700	0.9242s	1.4555	0.6230	0.5721
54
0385	0.8465	0.9486	1.3444	0.6680	0.9362s	1.4511	0.6200	0.5627
55
0386	0.8482	0.9514	1.3487	0.6600	0.8452s	1.4494	0.6210	0.5628
0
0387	0.8529	0.9471	1.3564	0.6600	1.1200s	1.4514	0.6160	0.5682
1
0388	0.8510	0.9607	1.3617	0.6560	0.2845s	1.4525	0.6160	0.5672
2
0389	0.8610	0.9536	1.3610	0.6680	1.0843s	1.4508	0.6190	0.5711
3
0390	0.8439	0.9521	1.3553	0.6660	0.9105s	1.4512	0.6220	0.5728
4
0391	0.8446	0.9414	1.3513	0.6680	0.9239s	1.4547	0.6280	0.5800
5
0392	0.8571	0.9514	1.3504	0.6680	0.9582s	1.4588	0.6270	0.5820
6
0393	0.8533	0.9493	1.3552	0.6660	0.4025s	1.4601	0.6310	0.5863
7
0394	0.8559	0.9471	1.3581	0.6680	0.9145s	1.4596	0.6250	0.5787
8
0395	0.8419	0.9536	1.3599	0.6660	1.0072s	1.4588	0.6240	0.5792
9
0396	0.8329	0.9571	1.3593	0.6600	1.1830s	1.4566	0.6180	0.5726
10
0397	0.8370	0.9600	1.3551	0.6640	0.9334s	1.4546	0.6220	0.5766
11
0398	0.8234	0.9421	1.3525	0.6600	1.1461s	1.4533	0.6230	0.5739
12
0399	0.8518	0.9493	1.3526	0.6640	1.0370s	1.4550	0.6230	0.5740
13
0400	0.8523	0.9621	1.3545	0.6700	0.9623s	1.4594	0.6200	0.5661
14
0401	0.8383	0.9536	1.3561	0.6660	1.1104s	1.4633	0.6210	0.5644
15
0402	0.8588	0.9514	1.3588	0.6640	1.2422s	1.4670	0.6220	0.5728
16
0403	0.8486	0.9536	1.3578	0.6720	0.2584s	1.4645	0.6240	0.5748
17
0404	0.8444	0.9400	1.3551	0.6780	0.8295s	1.4587	0.6280	0.5811
18
0405	0.8558	0.9514	1.3524	0.6740	1.0248s	1.4544	0.6280	0.5839
19
0406	0.8470	0.9514	1.3520	0.6620	1.1327s	1.4548	0.6280	0.5816
20
0407	0.8313	0.9536	1.3524	0.6560	0.2480s	1.4562	0.6250	0.5691
21
0408	0.8428	0.9529	1.3567	0.6580	1.1005s	1.4575	0.6220	0.5717
22
0409	0.8444	0.9607	1.3597	0.6580	0.8428s	1.4576	0.6240	0.5733
23
0410	0.8235	0.9571	1.3612	0.6560	0.5550s	1.4559	0.6210	0.5722
24
0411	0.8437	0.9543	1.3620	0.6560	0.8587s	1.4526	0.6250	0.5787
25
0412	0.8491	0.9550	1.3578	0.6640	0.9756s	1.4486	0.6300	0.5860
26
0413	0.8561	0.9529	1.3523	0.6600	1.0591s	1.4472	0.6260	0.5814
27
0414	0.8337	0.9550	1.3492	0.6560	0.8535s	1.4501	0.6260	0.5789
28
0415	0.8513	0.9543	1.3502	0.6540	0.8353s	1.4552	0.6280	0.5752
29
0416	0.8400	0.9507	1.3527	0.6540	0.9568s	1.4596	0.6280	0.5723
30
0417	0.8659	0.9436	1.3596	0.6620	0.9895s	1.4633	0.6340	0.5776
31
0418	0.8307	0.9500	1.3660	0.6560	0.9187s	1.4644	0.6270	0.5800
32
0419	0.8299	0.9407	1.3697	0.6600	1.1240s	1.4616	0.6260	0.5807
33
0420	0.8442	0.9493	1.3663	0.6620	0.9675s	1.4555	0.6220	0.5758
34
0421	0.8532	0.9529	1.3567	0.6660	1.2518s	1.4491	0.6210	0.5738
35
0422	0.8424	0.9471	1.3487	0.6740	0.9050s	1.4469	0.6280	0.5830
36
0423	0.8373	0.9557	1.3454	0.6640	1.1350s	1.4514	0.6270	0.5697
37
0424	0.8469	0.9521	1.3469	0.6620	0.2924s	1.4591	0.6240	0.5645
38
0425	0.8510	0.9571	1.3487	0.6600	1.2047s	1.4638	0.6260	0.5660
39
0426	0.8515	0.9421	1.3528	0.6540	0.9633s	1.4652	0.6240	0.5664
40
0427	0.8461	0.9636	1.3590	0.6540	0.6906s	1.4654	0.6190	0.5683
41
0428	0.8488	0.9536	1.3618	0.6500	0.8636s	1.4624	0.6230	0.5741
42
0429	0.8581	0.9443	1.3576	0.6560	1.1003s	1.4570	0.6290	0.5782
43
0430	0.8434	0.9507	1.3535	0.6600	0.8096s	1.4540	0.6310	0.5797
44
0431	0.8502	0.9486	1.3480	0.6640	1.1051s	1.4530	0.6310	0.5828
45
0432	0.8416	0.9536	1.3438	0.6580	0.9894s	1.4538	0.6310	0.5882
46
0433	0.8373	0.9529	1.3418	0.6560	1.1139s	1.4571	0.6310	0.5901
0
0434	0.8525	0.9471	1.3414	0.6560	0.7718s	1.4621	0.6330	0.5878
0
0435	0.8322	0.9493	1.3437	0.6540	1.2206s	1.4657	0.6240	0.5756
0
0436	0.8521	0.9579	1.3450	0.6500	0.9740s	1.4667	0.6210	0.5718
1
0437	0.8500	0.9521	1.3461	0.6540	0.9099s	1.4633	0.6190	0.5696
2
0438	0.8371	0.9521	1.3476	0.6580	1.0328s	1.4586	0.6250	0.5784
3
0439	0.8225	0.9507	1.3492	0.6720	0.9445s	1.4555	0.6280	0.5836
4
0440	0.8424	0.9586	1.3500	0.6720	1.0612s	1.4545	0.6250	0.5856
5
0441	0.8502	0.9486	1.3511	0.6620	0.5901s	1.4582	0.6200	0.5785
6
0442	0.8431	0.9600	1.3525	0.6640	1.0295s	1.4665	0.6180	0.5763
7
0443	0.8536	0.9500	1.3554	0.6620	1.0110s	1.4738	0.6200	0.5782
8
0444	0.8408	0.9479	1.3578	0.6620	1.1137s	1.4741	0.6190	0.5789
9
0445	0.8366	0.9586	1.3569	0.6640	0.5882s	1.4685	0.6200	0.5730
10
0446	0.8516	0.9400	1.3543	0.6580	0.9868s	1.4594	0.6200	0.5725
11
0447	0.8259	0.9471	1.3539	0.6680	0.4127s	1.4527	0.6260	0.5810
12
0448	0.8429	0.9357	1.3525	0.6680	0.8871s	1.4494	0.6230	0.5785
13
0449	0.8423	0.9529	1.3547	0.6620	1.0788s	1.4556	0.6200	0.5762
14
0450	0.8603	0.9529	1.3564	0.6580	0.9859s	1.4613	0.6230	0.5780
15
0451	0.8494	0.9464	1.3535	0.6540	1.0758s	1.4627	0.6210	0.5730
16
0452	0.8534	0.9571	1.3470	0.6580	0.3140s	1.4605	0.6250	0.5773
17
0453	0.8414	0.9514	1.3435	0.6680	1.1065s	1.4590	0.6260	0.5777
18
0454	0.8449	0.9507	1.3431	0.6640	0.9323s	1.4574	0.6270	0.5788
19
0455	0.8414	0.9536	1.3431	0.6600	1.2668s	1.4544	0.6300	0.5818
20
0456	0.8308	0.9521	1.3457	0.6580	0.5332s	1.4533	0.6290	0.5840
21
0457	0.8537	0.9457	1.3471	0.6680	1.2362s	1.4517	0.6250	0.5801
22
0458	0.8545	0.9464	1.3459	0.6640	0.5649s	1.4524	0.6210	0.5748
23
0459	0.8395	0.9579	1.3438	0.6640	0.9287s	1.4518	0.6230	0.5754
24
0460	0.8359	0.9507	1.3448	0.6580	1.0356s	1.4552	0.6250	0.5801
25
0461	0.8265	0.9479	1.3483	0.6640	0.8843s	1.4583	0.6270	0.5800
26
0462	0.8309	0.9614	1.3522	0.6620	1.0412s	1.4602	0.6290	0.5834
27
0463	0.8457	0.9529	1.3579	0.6660	0.8560s	1.4619	0.6280	0.5824
28
0464	0.8369	0.9514	1.3597	0.6680	0.8369s	1.4614	0.6290	0.5888
29
0465	0.8369	0.9557	1.3595	0.6660	1.0320s	1.4603	0.6270	0.5874
30
0466	0.8427	0.9500	1.3602	0.6720	1.0483s	1.4588	0.6300	0.5871
31
0467	0.8347	0.9564	1.3585	0.6700	1.0764s	1.4588	0.6270	0.5812
32
0468	0.8271	0.9579	1.3543	0.6660	1.0316s	1.4594	0.6200	0.5716
33
0469	0.8478	0.9479	1.3508	0.6660	1.2297s	1.4612	0.6180	0.5684
34
0470	0.8409	0.9429	1.3490	0.6620	0.3552s	1.4638	0.6170	0.5664
35
0471	0.8415	0.9500	1.3483	0.6600	1.1585s	1.4622	0.6200	0.5700
36
0472	0.8511	0.9493	1.3506	0.6560	0.3170s	1.4592	0.6240	0.5760
37
0473	0.8365	0.9500	1.3545	0.6620	0.9821s	1.4563	0.6260	0.5801
38
0474	0.8388	0.9536	1.3583	0.6720	0.5049s	1.4563	0.6250	0.5793
39
0475	0.8444	0.9443	1.3603	0.6720	1.1459s	1.4596	0.6290	0.5851
40
0476	0.8367	0.9550	1.3608	0.6640	0.2901s	1.4648	0.6270	0.5741
41
0477	0.8272	0.9421	1.3598	0.6580	1.2111s	1.4683	0.6240	0.5718
42
0478	0.8484	0.9564	1.3568	0.6600	0.9763s	1.4690	0.6250	0.5757
43
0479	0.8279	0.9521	1.3563	0.6600	1.0025s	1.4695	0.6230	0.5720
44
0480	0.8362	0.9543	1.3558	0.6580	1.1038s	1.4680	0.6290	0.5838
45
0481	0.8556	0.9436	1.3557	0.6580	0.2731s	1.4648	0.6250	0.5789
46
0482	0.8506	0.9529	1.3564	0.6560	1.0332s	1.4616	0.6220	0.5775
47
0483	0.8582	0.9507	1.3576	0.6620	1.0186s	1.4593	0.6240	0.5785
48
0484	0.8505	0.9493	1.3564	0.6660	0.5462s	1.4564	0.6260	0.5805
49
0485	0.8486	0.9521	1.3570	0.6620	1.1319s	1.4563	0.6340	0.5924
50
0486	0.8402	0.9443	1.3559	0.6620	0.6954s	1.4565	0.6340	0.5903
51
0487	0.8593	0.9550	1.3543	0.6620	1.1109s	1.4588	0.6320	0.5906
52
0488	0.8553	0.9514	1.3530	0.6540	0.8694s	1.4637	0.6280	0.5810
53
0489	0.8464	0.9457	1.3544	0.6640	1.0254s	1.4691	0.6230	0.5721
54
0490	0.8166	0.9493	1.3563	0.6620	0.9748s	1.4698	0.6220	0.5646
55
0491	0.8469	0.9514	1.3567	0.6560	0.9970s	1.4658	0.6210	0.5665
56
0492	0.8342	0.9479	1.3566	0.6520	1.1100s	1.4619	0.6240	0.5715
57
0493	0.8474	0.9486	1.3568	0.6500	1.0210s	1.4584	0.6260	0.5803
58
0494	0.8230	0.9529	1.3585	0.6540	1.1082s	1.4599	0.6280	0.5852
59
0495	0.8335	0.9543	1.3572	0.6580	0.4044s	1.4631	0.6270	0.5842
60
0496	0.8375	0.9550	1.3563	0.6640	1.1159s	1.4667	0.6300	0.5857
61
0497	0.8503	0.9507	1.3544	0.6720	1.0062s	1.4696	0.6320	0.5886
62
0498	0.8446	0.9571	1.3520	0.6700	0.4302s	1.4683	0.6280	0.5823
63
0499	0.8184	0.9600	1.3539	0.6700	0.9445s	1.4667	0.6260	0.5765
64
0500	0.8393	0.9529	1.3557	0.6600	0.6048s	1.4649	0.6250	0.5699
65
0501	0.8542	0.9429	1.3600	0.6560	1.0085s	1.4669	0.6200	0.5683
66
0502	0.8450	0.9414	1.3615	0.6560	0.6801s	1.4674	0.6180	0.5659
67
0503	0.8506	0.9436	1.3600	0.6500	0.9131s	1.4642	0.6210	0.5744
68
0504	0.8719	0.9529	1.3605	0.6500	1.1827s	1.4617	0.6260	0.5778
69
0505	0.8427	0.9564	1.3594	0.6580	0.5344s	1.4612	0.6270	0.5804
70
0506	0.8563	0.9479	1.3587	0.6640	1.1982s	1.4619	0.6280	0.5831
71
0507	0.8434	0.9514	1.3578	0.6640	0.9640s	1.4623	0.6290	0.5840
72
0508	0.8361	0.9557	1.3562	0.6660	1.0329s	1.4628	0.6300	0.5843
73
0509	0.8306	0.9521	1.3510	0.6540	1.1298s	1.4613	0.6280	0.5780
74
0510	0.8278	0.9464	1.3500	0.6580	1.1060s	1.4607	0.6240	0.5742
75
0511	0.8497	0.9507	1.3528	0.6520	0.3242s	1.4602	0.6240	0.5777
76
0512	0.8559	0.9486	1.3551	0.6600	1.2655s	1.4602	0.6230	0.5793
77
0513	0.8346	0.9557	1.3567	0.6540	0.4837s	1.4597	0.6240	0.5792
78
0514	0.8318	0.9593	1.3568	0.6540	0.4182s	1.4586	0.6270	0.5815
79
0515	0.8462	0.9564	1.3543	0.6540	1.0663s	1.4589	0.6260	0.5799
80
0516	0.8452	0.9600	1.3500	0.6640	1.1511s	1.4596	0.6270	0.5803
81
0517	0.8328	0.9436	1.3446	0.6660	1.0206s	1.4584	0.6270	0.5817
82
0518	0.8370	0.9586	1.3421	0.6640	0.9823s	1.4569	0.6250	0.5781
83
0519	0.8479	0.9479	1.3436	0.6560	0.9510s	1.4566	0.6250	0.5779
84
0520	0.8470	0.9486	1.3465	0.6600	1.1209s	1.4541	0.6260	0.5786
85
0521	0.8289	0.9521	1.3484	0.6600	1.0585s	1.4524	0.6270	0.5775
86
0522	0.8398	0.9550	1.3512	0.6600	1.1021s	1.4546	0.6220	0.5724
87
0523	0.8498	0.9550	1.3534	0.6660	0.8975s	1.4588	0.6190	0.5701
88
0524	0.8420	0.9500	1.3537	0.6640	0.9424s	1.4608	0.6190	0.5718
89
0525	0.8353	0.9571	1.3523	0.6700	0.7791s	1.4626	0.6210	0.5719
90
0526	0.8316	0.9493	1.3507	0.6680	1.1183s	1.4624	0.6190	0.5696
91
0527	0.8498	0.9600	1.3477	0.6660	0.6696s	1.4586	0.6180	0.5682
92
0528	0.8454	0.9471	1.3452	0.6680	1.1647s	1.4526	0.6250	0.5789
93
0529	0.8464	0.9536	1.3459	0.6680	0.8388s	1.4519	0.6250	0.5818
94
0530	0.8422	0.9371	1.3491	0.6720	1.0225s	1.4551	0.6220	0.5786
95
0531	0.8485	0.9493	1.3556	0.6660	1.0236s	1.4608	0.6230	0.5809
96
0532	0.8403	0.9479	1.3605	0.6700	1.0614s	1.4637	0.6260	0.5788
97
0533	0.8454	0.9536	1.3633	0.6620	1.0088s	1.4652	0.6260	0.5805
98
0534	0.8465	0.9564	1.3628	0.6620	0.9819s	1.4654	0.6260	0.5716
99
0535	0.8380	0.9550	1.3589	0.6620	0.6766s	1.4631	0.6280	0.5713
100
0536	0.8484	0.9436	1.3537	0.6620	1.1602s	1.4608	0.6220	0.5675
101
0537	0.8370	0.9571	1.3500	0.6620	0.4822s	1.4580	0.6260	0.5729
102
0538	0.8462	0.9414	1.3516	0.6620	1.0875s	1.4564	0.6230	0.5782
103
0539	0.8482	0.9507	1.3588	0.6580	1.3005s	1.4603	0.6200	0.5757
104
0540	0.8335	0.9579	1.3655	0.6580	0.9872s	1.4643	0.6200	0.5736
105
0541	0.8203	0.9636	1.3688	0.6580	1.1468s	1.4662	0.6220	0.5728
106
0542	0.8485	0.9579	1.3649	0.6580	0.4480s	1.4642	0.6200	0.5728
107
0543	0.8411	0.9550	1.3590	0.6600	1.0317s	1.4618	0.6230	0.5705
108
0544	0.8561	0.9564	1.3586	0.6560	1.0726s	1.4623	0.6220	0.5683
109
0545	0.8306	0.9621	1.3606	0.6580	0.5285s	1.4641	0.6230	0.5700
110
0546	0.8291	0.9521	1.3616	0.6520	1.1417s	1.4642	0.6200	0.5725
111
0547	0.8350	0.9536	1.3621	0.6560	1.1313s	1.4627	0.6210	0.5700
112
0548	0.8345	0.9457	1.3634	0.6660	1.0827s	1.4640	0.6160	0.5682
113
0549	0.8398	0.9564	1.3622	0.6680	1.0431s	1.4652	0.6220	0.5683
114
0550	0.8266	0.9650	1.3590	0.6660	1.1852s	1.4655	0.6220	0.5669
115
0551	0.8442	0.9493	1.3562	0.6660	1.0223s	1.4647	0.6270	0.5705
116
0552	0.8195	0.9571	1.3567	0.6600	0.9973s	1.4650	0.6250	0.5711
117
0553	0.8368	0.9621	1.3583	0.6600	0.8664s	1.4654	0.6290	0.5742
118
0554	0.8352	0.9650	1.3606	0.6600	0.3097s	1.4660	0.6230	0.5676
119
0555	0.8415	0.9493	1.3597	0.6660	1.2133s	1.4625	0.6240	0.5704
120
0556	0.8423	0.9536	1.3562	0.6680	1.0579s	1.4583	0.6220	0.5674
121
0557	0.8334	0.9521	1.3550	0.6720	1.2081s	1.4564	0.6220	0.5709
122
0558	0.8538	0.9521	1.3564	0.6720	0.2669s	1.4566	0.6270	0.5785
123
0559	0.8439	0.9579	1.3597	0.6740	1.0820s	1.4584	0.6250	0.5772
124
0560	0.8505	0.9557	1.3640	0.6680	0.6489s	1.4615	0.6240	0.5762
125
0561	0.8390	0.9507	1.3631	0.6680	1.1622s	1.4616	0.6230	0.5708
126
0562	0.8362	0.9536	1.3599	0.6620	0.9500s	1.4600	0.6260	0.5725
127
0563	0.8427	0.9521	1.3562	0.6600	1.1440s	1.4575	0.6210	0.5645
128
0564	0.8505	0.9593	1.3539	0.6660	0.3264s	1.4559	0.6190	0.5635
129
0565	0.8421	0.9514	1.3527	0.6700	1.1035s	1.4547	0.6160	0.5630
130
0566	0.8335	0.9593	1.3543	0.6760	0.7888s	1.4550	0.6190	0.5656
131
0567	0.8377	0.9536	1.3566	0.6740	0.9314s	1.4559	0.6200	0.5645
132
0568	0.8301	0.9557	1.3635	0.6660	1.1083s	1.4623	0.6190	0.5723
133
0569	0.8563	0.9486	1.3677	0.6660	1.4211s	1.4677	0.6170	0.5719
134
0570	0.8454	0.9514	1.3647	0.6640	0.8208s	1.4671	0.6160	0.5739
135
0571	0.8395	0.9457	1.3582	0.6660	1.2161s	1.4619	0.6160	0.5715
136
0572	0.8454	0.9521	1.3540	0.6660	0.7231s	1.4577	0.6180	0.5694
137
0573	0.8420	0.9486	1.3523	0.6640	1.0957s	1.4551	0.6240	0.5762
138
0574	0.8350	0.9586	1.3569	0.6620	0.9385s	1.4571	0.6260	0.5768
139
0575	0.8554	0.9493	1.3633	0.6620	0.2842s	1.4640	0.6220	0.5652
140
0576	0.8364	0.9521	1.3660	0.6600	1.0405s	1.4679	0.6160	0.5614
141
0577	0.8435	0.9586	1.3673	0.6620	1.0319s	1.4711	0.6150	0.5651
142
0578	0.8482	0.9486	1.3646	0.6640	0.5110s	1.4720	0.6210	0.5702
143
0579	0.8278	0.9493	1.3594	0.6660	1.1360s	1.4675	0.6180	0.5687
144
0580	0.8291	0.9471	1.3541	0.6640	1.2235s	1.4597	0.6180	0.5700
145
0581	0.8328	0.9579	1.3504	0.6620	1.1434s	1.4512	0.6210	0.5729
146
0582	0.8288	0.9471	1.3517	0.6560	1.0997s	1.4485	0.6270	0.5801
147
0583	0.8429	0.9564	1.3558	0.6500	1.1317s	1.4507	0.6260	0.5698
148
0584	0.8243	0.9543	1.3584	0.6480	1.0125s	1.4555	0.6210	0.5659
149
0585	0.8275	0.9536	1.3627	0.6540	0.9711s	1.4618	0.6190	0.5635
150
0586	0.8238	0.9643	1.3628	0.6540	0.8632s	1.4648	0.6200	0.5677
151
0587	0.8458	0.9543	1.3596	0.6520	1.0380s	1.4628	0.6180	0.5668
152
0588	0.8444	0.9493	1.3566	0.6560	1.0850s	1.4593	0.6230	0.5837
153
0589	0.8452	0.9564	1.3527	0.6600	1.1881s	1.4539	0.6280	0.5821
154
0590	0.8540	0.9571	1.3535	0.6600	0.8207s	1.4508	0.6250	0.5774
155
0591	0.8309	0.9564	1.3528	0.6580	0.9846s	1.4507	0.6290	0.5810
156
0592	0.8239	0.9536	1.3550	0.6540	0.3714s	1.4541	0.6290	0.5822
157
0593	0.8356	0.9464	1.3560	0.6580	1.1584s	1.4582	0.6260	0.5788
158
0594	0.8450	0.9579	1.3563	0.6580	0.9865s	1.4598	0.6230	0.5781
159
0595	0.8343	0.9543	1.3574	0.6620	0.9047s	1.4615	0.6240	0.5814
160
0596	0.8258	0.9614	1.3554	0.6600	0.2966s	1.4621	0.6280	0.5763
161
0597	0.8482	0.9557	1.3541	0.6700	1.2325s	1.4612	0.6230	0.5720
162
0598	0.8345	0.9507	1.3547	0.6620	0.2707s	1.4605	0.6200	0.5694
163
0599	0.8288	0.9529	1.3568	0.6620	1.0218s	1.4616	0.6220	0.5772
164
0600	0.8350	0.9493	1.3594	0.6560	0.6259s	1.4628	0.6190	0.5747
165
0601	0.8458	0.9521	1.3588	0.6540	0.9850s	1.4624	0.6240	0.5790
166
0602	0.8422	0.9579	1.3566	0.6560	0.8213s	1.4609	0.6250	0.5800
167
0603	0.8352	0.9536	1.3563	0.6620	1.1887s	1.4611	0.6220	0.5778
168
0604	0.8462	0.9550	1.3594	0.6560	0.9427s	1.4642	0.6210	0.5736
169
0605	0.8428	0.9479	1.3623	0.6600	1.0015s	1.4661	0.6200	0.5712
170
0606	0.8483	0.9500	1.3657	0.6640	0.9950s	1.4674	0.6220	0.5727
171
0607	0.8419	0.9493	1.3664	0.6600	1.2411s	1.4667	0.6200	0.5737
172
0608	0.8390	0.9557	1.3632	0.6580	0.4888s	1.4620	0.6220	0.5801
173
0609	0.8286	0.9521	1.3598	0.6540	1.0910s	1.4592	0.6250	0.5834
174
0610	0.8549	0.9543	1.3546	0.6580	0.3156s	1.4577	0.6260	0.5852
175
0611	0.8490	0.9571	1.3523	0.6620	0.7258s	1.4583	0.6260	0.5869
176
0612	0.8344	0.9493	1.3508	0.6640	1.0173s	1.4592	0.6310	0.5870
177
0613	0.8292	0.9543	1.3511	0.6600	0.7213s	1.4612	0.6230	0.5674
178
0614	0.8290	0.9586	1.3517	0.6540	1.1387s	1.4616	0.6240	0.5712
179
0615	0.8467	0.9471	1.3507	0.6500	0.6500s	1.4613	0.6230	0.5668
180
0616	0.8241	0.9471	1.3486	0.6460	0.9560s	1.4577	0.6300	0.5740
181
0617	0.8407	0.9621	1.3471	0.6640	0.7117s	1.4534	0.6310	0.5753
182
0618	0.8506	0.9471	1.3475	0.6580	0.9831s	1.4502	0.6310	0.5831
183
0619	0.8493	0.9500	1.3512	0.6680	1.0273s	1.4518	0.6310	0.5856
184
0620	0.8462	0.9571	1.3578	0.6680	0.2665s	1.4572	0.6270	0.5831
185
0621	0.8465	0.9471	1.3612	0.6660	1.0713s	1.4616	0.6230	0.5787
186
0622	0.8375	0.9586	1.3612	0.6680	0.3660s	1.4635	0.6220	0.5733
187
0623	0.8502	0.9536	1.3628	0.6640	0.2520s	1.4661	0.6240	0.5658
188
0624	0.8224	0.9621	1.3638	0.6620	0.9237s	1.4672	0.6170	0.5608
189
0625	0.8385	0.9493	1.3648	0.6600	0.8151s	1.4639	0.6160	0.5576
190
0626	0.8338	0.9514	1.3697	0.6560	1.1844s	1.4640	0.6200	0.5718
191
0627	0.8434	0.9457	1.3722	0.6580	0.8312s	1.4659	0.6210	0.5812
192
0628	0.8488	0.9464	1.3696	0.6580	0.9672s	1.4662	0.6240	0.5860
193
0629	0.8379	0.9486	1.3638	0.6640	0.8665s	1.4662	0.6260	0.5855
194
0630	0.8193	0.9557	1.3549	0.6660	0.9356s	1.4645	0.6270	0.5844
195
0631	0.8374	0.9407	1.3509	0.6680	0.2679s	1.4649	0.6180	0.5708
196
0632	0.8442	0.9479	1.3504	0.6660	1.2357s	1.4633	0.6170	0.5634
197
0633	0.8495	0.9557	1.3533	0.6620	0.9229s	1.4635	0.6180	0.5684
198
0634	0.8510	0.9493	1.3568	0.6540	0.8427s	1.4614	0.6210	0.5633
199
Early stop! Min loss:1.341423749923706,  Max accuracy:0.68
Early stop model validation loss:1.341423749923706,  accuracy:0.656
Optimization Finished!
Total time elapsed: 591.8348s
test max acc:0.6340
Loading 433th epoch
stru_node_to_hop attention:tensor([[0.2500, 0.2500, 0.2500, 0.2500],
        [0.2500, 0.2500, 0.2500, 0.2500],
        [0.2500, 0.2500, 0.2500, 0.2500],
        [0.2500, 0.2500, 0.2500, 0.2500],
        [0.2500, 0.2500, 0.2500, 0.2500],
        [0.2500, 0.2500, 0.2500, 0.2500],
        [0.2500, 0.2500, 0.2500, 0.2500],
        [0.2500, 0.2500, 0.2500, 0.2500],
        [0.2500, 0.2500, 0.2500, 0.2500],
        [0.2500, 0.2500, 0.2500, 0.2500],
        [0.2500, 0.2500, 0.2500, 0.2500],
        [0.2500, 0.2500, 0.2500, 0.2500],
        [0.2500, 0.2500, 0.2500, 0.2500],
        [0.2500, 0.2500, 0.2500, 0.2500],
        [0.2500, 0.2500, 0.2500, 0.2500],
        [0.2500, 0.2500, 0.2500, 0.2500],
        [0.2500, 0.2500, 0.2500, 0.2500],
        [0.2500, 0.2500, 0.2500, 0.2500],
        [0.2500, 0.2500, 0.2500, 0.2500],
        [0.2500, 0.2500, 0.2500, 0.2500],
        [0.2500, 0.2500, 0.2500, 0.2500],
        [0.2500, 0.2500, 0.2500, 0.2500],
        [0.2500, 0.2500, 0.2500, 0.2500],
        [0.2500, 0.2500, 0.2500, 0.2500],
        [0.2500, 0.2500, 0.2500, 0.2500],
        [0.2500, 0.2500, 0.2500, 0.2500],
        [0.2500, 0.2500, 0.2500, 0.2500],
        [0.2500, 0.2500, 0.2500, 0.2500],
        [0.2500, 0.2500, 0.2500, 0.2500],
        [0.2500, 0.2500, 0.2500, 0.2500],
        [0.2500, 0.2500, 0.2500, 0.2500],
        [0.2500, 0.2500, 0.2500, 0.2500],
        [0.2500, 0.2500, 0.2500, 0.2500],
        [0.2500, 0.2500, 0.2500, 0.2500],
        [0.2500, 0.2500, 0.2500, 0.2500],
        [0.2500, 0.2500, 0.2500, 0.2500],
        [0.2500, 0.2500, 0.2500, 0.2500],
        [0.2500, 0.2500, 0.2500, 0.2500],
        [0.2500, 0.2500, 0.2500, 0.2500],
        [0.2500, 0.2500, 0.2500, 0.2500],
        [0.2500, 0.2500, 0.2500, 0.2500],
        [0.2500, 0.2500, 0.2500, 0.2500],
        [0.2500, 0.2500, 0.2500, 0.2500],
        [0.2500, 0.2500, 0.2500, 0.2500],
        [0.2500, 0.2500, 0.2500, 0.2500],
        [0.2500, 0.2500, 0.2500, 0.2500],
        [0.2500, 0.2500, 0.2500, 0.2500],
        [0.2500, 0.2500, 0.2500, 0.2500],
        [0.2500, 0.2500, 0.2500, 0.2500],
        [0.2500, 0.2500, 0.2500, 0.2500],
        [0.2500, 0.2500, 0.2500, 0.2500],
        [0.2500, 0.2500, 0.2500, 0.2500],
        [0.2500, 0.2500, 0.2500, 0.2500],
        [0.2500, 0.2500, 0.2500, 0.2500],
        [0.2500, 0.2500, 0.2500, 0.2500],
        [0.2500, 0.2500, 0.2500, 0.2500],
        [0.2500, 0.2500, 0.2500, 0.2500],
        [0.2500, 0.2500, 0.2500, 0.2500],
        [0.2500, 0.2500, 0.2500, 0.2500],
        [0.2500, 0.2500, 0.2500, 0.2500],
        [0.2500, 0.2500, 0.2500, 0.2500],
        [0.2500, 0.2500, 0.2500, 0.2500],
        [0.2500, 0.2500, 0.2500, 0.2500],
        [0.2500, 0.2500, 0.2500, 0.2500],
        [0.2500, 0.2500, 0.2500, 0.2500],
        [0.2500, 0.2500, 0.2500, 0.2500],
        [0.2500, 0.2500, 0.2500, 0.2500],
        [0.2500, 0.2500, 0.2500, 0.2500],
        [0.2500, 0.2500, 0.2500, 0.2500],
        [0.2500, 0.2500, 0.2500, 0.2500],
        [0.2500, 0.2500, 0.2500, 0.2500],
        [0.2500, 0.2500, 0.2500, 0.2500],
        [0.2500, 0.2500, 0.2500, 0.2500],
        [0.2500, 0.2500, 0.2500, 0.2500],
        [0.2500, 0.2500, 0.2500, 0.2500],
        [0.2500, 0.2500, 0.2500, 0.2500],
        [0.2500, 0.2500, 0.2500, 0.2500],
        [0.2500, 0.2500, 0.2500, 0.2500],
        [0.2500, 0.2500, 0.2500, 0.2500],
        [0.2500, 0.2500, 0.2500, 0.2500],
        [0.2500, 0.2500, 0.2500, 0.2500],
        [0.2500, 0.2500, 0.2500, 0.2500],
        [0.2500, 0.2500, 0.2500, 0.2500],
        [0.2500, 0.2500, 0.2500, 0.2500],
        [0.2500, 0.2500, 0.2500, 0.2500],
        [0.2500, 0.2500, 0.2500, 0.2500],
        [0.2500, 0.2500, 0.2500, 0.2500],
        [0.2500, 0.2500, 0.2500, 0.2500],
        [0.2500, 0.2500, 0.2500, 0.2500],
        [0.2500, 0.2500, 0.2500, 0.2500],
        [0.2500, 0.2500, 0.2500, 0.2500],
        [0.2500, 0.2500, 0.2500, 0.2500],
        [0.2500, 0.2500, 0.2500, 0.2500],
        [0.2500, 0.2500, 0.2500, 0.2500],
        [0.2500, 0.2500, 0.2500, 0.2500],
        [0.2500, 0.2500, 0.2500, 0.2500],
        [0.2500, 0.2500, 0.2500, 0.2500],
        [0.2500, 0.2500, 0.2500, 0.2500],
        [0.2500, 0.2500, 0.2500, 0.2500],
        [0.2500, 0.2500, 0.2500, 0.2500]], device='cuda:7')
fea_node_to_hop attention:tensor([[0.2500, 0.2500, 0.2500, 0.2500],
        [0.2500, 0.2500, 0.2500, 0.2500],
        [0.2500, 0.2500, 0.2500, 0.2500],
        [0.2500, 0.2500, 0.2500, 0.2500],
        [0.2500, 0.2500, 0.2500, 0.2500],
        [0.2500, 0.2500, 0.2500, 0.2500],
        [0.2500, 0.2500, 0.2500, 0.2500],
        [0.2500, 0.2500, 0.2500, 0.2500],
        [0.2500, 0.2500, 0.2500, 0.2500],
        [0.2500, 0.2500, 0.2500, 0.2500],
        [0.2500, 0.2500, 0.2500, 0.2500],
        [0.2500, 0.2500, 0.2500, 0.2500],
        [0.2500, 0.2500, 0.2500, 0.2500],
        [0.2500, 0.2500, 0.2500, 0.2500],
        [0.2500, 0.2500, 0.2500, 0.2500],
        [0.2500, 0.2500, 0.2500, 0.2500],
        [0.2500, 0.2500, 0.2500, 0.2500],
        [0.2500, 0.2500, 0.2500, 0.2500],
        [0.2500, 0.2500, 0.2500, 0.2500],
        [0.2500, 0.2500, 0.2500, 0.2500],
        [0.2500, 0.2500, 0.2500, 0.2500],
        [0.2500, 0.2500, 0.2500, 0.2500],
        [0.2500, 0.2500, 0.2500, 0.2500],
        [0.2500, 0.2500, 0.2500, 0.2500],
        [0.2500, 0.2500, 0.2500, 0.2500],
        [0.2500, 0.2500, 0.2500, 0.2500],
        [0.2500, 0.2500, 0.2500, 0.2500],
        [0.2500, 0.2500, 0.2500, 0.2500],
        [0.2500, 0.2500, 0.2500, 0.2500],
        [0.2500, 0.2500, 0.2500, 0.2500],
        [0.2500, 0.2500, 0.2500, 0.2500],
        [0.2500, 0.2500, 0.2500, 0.2500],
        [0.2500, 0.2500, 0.2500, 0.2500],
        [0.2500, 0.2500, 0.2500, 0.2500],
        [0.2500, 0.2500, 0.2500, 0.2500],
        [0.2500, 0.2500, 0.2500, 0.2500],
        [0.2500, 0.2500, 0.2500, 0.2500],
        [0.2500, 0.2500, 0.2500, 0.2500],
        [0.2500, 0.2500, 0.2500, 0.2500],
        [0.2500, 0.2500, 0.2500, 0.2500],
        [0.2500, 0.2500, 0.2500, 0.2500],
        [0.2500, 0.2500, 0.2500, 0.2500],
        [0.2500, 0.2500, 0.2500, 0.2500],
        [0.2500, 0.2500, 0.2500, 0.2500],
        [0.2500, 0.2500, 0.2500, 0.2500],
        [0.2500, 0.2500, 0.2500, 0.2500],
        [0.2500, 0.2500, 0.2500, 0.2500],
        [0.2500, 0.2500, 0.2500, 0.2500],
        [0.2500, 0.2500, 0.2500, 0.2500],
        [0.2500, 0.2500, 0.2500, 0.2500],
        [0.2500, 0.2500, 0.2500, 0.2500],
        [0.2500, 0.2500, 0.2500, 0.2500],
        [0.2500, 0.2500, 0.2500, 0.2500],
        [0.2500, 0.2500, 0.2500, 0.2500],
        [0.2500, 0.2500, 0.2500, 0.2500],
        [0.2500, 0.2500, 0.2500, 0.2500],
        [0.2500, 0.2500, 0.2500, 0.2500],
        [0.2500, 0.2500, 0.2500, 0.2500],
        [0.2500, 0.2500, 0.2500, 0.2500],
        [0.2500, 0.2500, 0.2500, 0.2500],
        [0.2500, 0.2500, 0.2500, 0.2500],
        [0.2500, 0.2500, 0.2500, 0.2500],
        [0.2500, 0.2500, 0.2500, 0.2500],
        [0.2500, 0.2500, 0.2500, 0.2500],
        [0.2500, 0.2500, 0.2500, 0.2500],
        [0.2500, 0.2500, 0.2500, 0.2500],
        [0.2500, 0.2500, 0.2500, 0.2500],
        [0.2500, 0.2500, 0.2500, 0.2500],
        [0.2500, 0.2500, 0.2500, 0.2500],
        [0.2500, 0.2500, 0.2500, 0.2500],
        [0.2500, 0.2500, 0.2500, 0.2500],
        [0.2500, 0.2500, 0.2500, 0.2500],
        [0.2500, 0.2500, 0.2500, 0.2500],
        [0.2500, 0.2500, 0.2500, 0.2500],
        [0.2500, 0.2500, 0.2500, 0.2500],
        [0.2500, 0.2500, 0.2500, 0.2500],
        [0.2500, 0.2500, 0.2500, 0.2500],
        [0.2500, 0.2500, 0.2500, 0.2500],
        [0.2500, 0.2500, 0.2500, 0.2500],
        [0.2500, 0.2500, 0.2500, 0.2500],
        [0.2500, 0.2500, 0.2500, 0.2500],
        [0.2500, 0.2500, 0.2500, 0.2500],
        [0.2500, 0.2500, 0.2500, 0.2500],
        [0.2500, 0.2500, 0.2500, 0.2500],
        [0.2500, 0.2500, 0.2500, 0.2500],
        [0.2500, 0.2500, 0.2500, 0.2500],
        [0.2500, 0.2500, 0.2500, 0.2500],
        [0.2500, 0.2500, 0.2500, 0.2500],
        [0.2500, 0.2500, 0.2500, 0.2500],
        [0.2500, 0.2500, 0.2500, 0.2500],
        [0.2500, 0.2500, 0.2500, 0.2500],
        [0.2500, 0.2500, 0.2500, 0.2500],
        [0.2500, 0.2500, 0.2500, 0.2500],
        [0.2500, 0.2500, 0.2500, 0.2500],
        [0.2500, 0.2500, 0.2500, 0.2500],
        [0.2500, 0.2500, 0.2500, 0.2500],
        [0.2500, 0.2500, 0.2500, 0.2500],
        [0.2500, 0.2500, 0.2500, 0.2500],
        [0.2500, 0.2500, 0.2500, 0.2500],
        [0.2500, 0.2500, 0.2500, 0.2500]], device='cuda:7')
perception attention:tensor([0.9955, 0.0045], device='cuda:7')
Test set results: loss= 1.4621 accuracy= 0.6330 F1_score= 0.5878
