# epoch	loss_train	acc_train	loss_val	acc_val	time	acc_test	f1_test
0001	4.2488	0.0150	4.2407	0.0440	2.6879s	4.2416	0.0420	0.0197
0
0002	4.2340	0.0771	4.2209	0.0700	2.9037s	4.2228	0.0560	0.0672
0
0003	4.2075	0.1529	4.1921	0.1320	3.2899s	4.1951	0.1020	0.1007
0
0004	4.1705	0.2057	4.1508	0.1620	3.0024s	4.1549	0.1400	0.1323
0
0005	4.1195	0.2357	4.0927	0.1980	3.2692s	4.0971	0.1760	0.1579
0
0006	4.0458	0.2764	4.0163	0.2300	3.0089s	4.0205	0.2160	0.2049
0
0007	3.9534	0.3571	3.9221	0.2800	3.0738s	3.9256	0.2530	0.2273
0
0008	3.8365	0.3907	3.8111	0.3120	3.1584s	3.8136	0.2810	0.2507
0
0009	3.7020	0.4314	3.6858	0.3420	3.1506s	3.6879	0.3040	0.2755
0
0010	3.5584	0.4679	3.5501	0.3700	2.7358s	3.5518	0.3330	0.3055
0
0011	3.3935	0.5014	3.4068	0.4000	3.2616s	3.4084	0.3610	0.3293
0
0012	3.2291	0.5493	3.2591	0.4380	3.2634s	3.2615	0.3940	0.3600
0
0013	3.0630	0.5729	3.1102	0.4720	2.9507s	3.1145	0.4400	0.4101
0
0014	2.8964	0.6179	2.9619	0.4860	2.9377s	2.9690	0.4650	0.4282
0
0015	2.7576	0.6243	2.8144	0.5120	2.4870s	2.8259	0.4850	0.4373
0
0016	2.6194	0.6586	2.6703	0.5260	2.9158s	2.6883	0.5050	0.4509
0
0017	2.4623	0.6514	2.5326	0.5300	3.1392s	2.5591	0.5200	0.4674
0
0018	2.3470	0.6457	2.4060	0.5320	3.3927s	2.4416	0.5250	0.4788
0
0019	2.2197	0.6764	2.2906	0.5400	3.4631s	2.3368	0.5340	0.4869
0
0020	2.1148	0.6821	2.1874	0.5480	3.3934s	2.2437	0.5330	0.4832
0
0021	1.9919	0.7100	2.0998	0.5460	3.1979s	2.1625	0.5250	0.4716
0
0022	1.9039	0.7050	2.0227	0.5620	3.8008s	2.0892	0.5440	0.4868
0
0023	1.8149	0.7364	1.9585	0.5680	3.3764s	2.0261	0.5510	0.4959
0
0024	1.7217	0.7664	1.9027	0.5700	3.3948s	1.9709	0.5530	0.4973
0
0025	1.6387	0.7686	1.8547	0.5840	3.2617s	1.9246	0.5630	0.5026
0
0026	1.5781	0.7836	1.8125	0.5860	3.0934s	1.8824	0.5700	0.5058
0
0027	1.5079	0.7957	1.7762	0.5880	2.8819s	1.8480	0.5690	0.5057
0
0028	1.4691	0.8057	1.7445	0.6080	2.7035s	1.8184	0.5770	0.5156
0
0029	1.4087	0.8186	1.7173	0.6100	1.7447s	1.7935	0.5880	0.5257
0
0030	1.3703	0.8321	1.6926	0.6120	1.6391s	1.7689	0.5950	0.5313
0
0031	1.3244	0.8400	1.6700	0.6200	0.8800s	1.7450	0.5910	0.5277
0
0032	1.2979	0.8471	1.6515	0.6240	1.0553s	1.7228	0.5960	0.5346
0
0033	1.2582	0.8579	1.6349	0.6220	0.3106s	1.7062	0.6010	0.5422
0
0034	1.2168	0.8736	1.6210	0.6180	1.2342s	1.6934	0.6040	0.5442
0
0035	1.2168	0.8800	1.6103	0.6260	1.1144s	1.6839	0.6070	0.5475
0
0036	1.1941	0.8879	1.6044	0.6200	0.2559s	1.6759	0.6010	0.5370
0
0037	1.1748	0.8821	1.5992	0.6240	1.1269s	1.6691	0.5920	0.5315
0
0038	1.1622	0.8871	1.5899	0.6280	0.7768s	1.6596	0.5950	0.5341
0
0039	1.1516	0.8886	1.5815	0.6340	0.6926s	1.6474	0.6000	0.5367
0
0040	1.1329	0.8943	1.5734	0.6380	0.7885s	1.6375	0.6070	0.5439
0
0041	1.1082	0.8943	1.5660	0.6400	0.9983s	1.6278	0.6070	0.5473
0
0042	1.0923	0.9029	1.5586	0.6280	0.4518s	1.6201	0.6060	0.5450
0
0043	1.0765	0.9107	1.5526	0.6360	1.0013s	1.6142	0.6040	0.5435
0
0044	1.0557	0.9071	1.5462	0.6340	0.3044s	1.6103	0.6050	0.5421
0
0045	1.0648	0.9186	1.5402	0.6280	0.9435s	1.6069	0.6070	0.5509
0
0046	1.0568	0.9000	1.5351	0.6320	0.8731s	1.6012	0.6080	0.5588
0
0047	1.0418	0.9136	1.5270	0.6280	0.6841s	1.5947	0.6080	0.5580
0
0048	1.0323	0.9107	1.5186	0.6240	1.1503s	1.5883	0.6050	0.5590
0
0049	1.0375	0.9179	1.5117	0.6320	0.2622s	1.5836	0.6060	0.5552
0
0050	1.0233	0.9136	1.5094	0.6280	0.9986s	1.5817	0.6090	0.5589
0
0051	1.0074	0.9093	1.5117	0.6220	0.7526s	1.5812	0.6080	0.5545
0
0052	0.9965	0.9243	1.5135	0.6220	0.2573s	1.5804	0.6030	0.5486
1
0053	1.0069	0.9236	1.5099	0.6340	0.2488s	1.5760	0.6060	0.5520
2
0054	0.9946	0.9271	1.5022	0.6360	1.2961s	1.5713	0.6090	0.5603
3
0055	0.9853	0.9307	1.4942	0.6340	0.6486s	1.5661	0.6070	0.5579
0
0056	1.0076	0.9214	1.4882	0.6300	0.3586s	1.5625	0.6140	0.5684
0
0057	0.9999	0.9271	1.4845	0.6320	1.2661s	1.5581	0.6120	0.5638
0
0058	0.9820	0.9336	1.4813	0.6360	3.1274s	1.5510	0.6170	0.5689
0
0059	0.9713	0.9436	1.4771	0.6380	2.9484s	1.5423	0.6200	0.5705
0
0060	0.9991	0.9271	1.4749	0.6420	3.3040s	1.5385	0.6250	0.5742
0
0061	1.0011	0.9129	1.4742	0.6440	2.8734s	1.5396	0.6270	0.5746
0
0062	0.9782	0.9236	1.4762	0.6440	2.1370s	1.5458	0.6210	0.5740
0
0063	0.9639	0.9236	1.4788	0.6360	2.2279s	1.5505	0.6200	0.5756
0
0064	0.9932	0.9286	1.4812	0.6380	3.0926s	1.5524	0.6160	0.5723
1
0065	0.9710	0.9393	1.4783	0.6420	3.0791s	1.5476	0.6140	0.5719
2
0066	0.9627	0.9321	1.4693	0.6400	3.1398s	1.5378	0.6210	0.5782
3
0067	0.9681	0.9321	1.4588	0.6440	3.5176s	1.5262	0.6240	0.5805
0
0068	0.9754	0.9243	1.4516	0.6380	3.0243s	1.5201	0.6230	0.5796
0
0069	0.9690	0.9271	1.4467	0.6440	3.0296s	1.5182	0.6260	0.5822
0
0070	0.9627	0.9257	1.4487	0.6480	3.6311s	1.5231	0.6260	0.5811
0
0071	0.9738	0.9250	1.4518	0.6480	3.1858s	1.5269	0.6220	0.5775
0
0072	0.9626	0.9286	1.4530	0.6440	3.3632s	1.5285	0.6200	0.5758
0
0073	0.9700	0.9314	1.4493	0.6480	2.9776s	1.5250	0.6210	0.5797
1
0074	0.9759	0.9457	1.4417	0.6460	3.5398s	1.5188	0.6220	0.5798
0
0075	0.9661	0.9421	1.4335	0.6460	3.0889s	1.5141	0.6240	0.5819
0
0076	0.9551	0.9350	1.4278	0.6420	2.9240s	1.5134	0.6250	0.5835
0
0077	0.9592	0.9407	1.4263	0.6460	2.9986s	1.5141	0.6200	0.5761
0
0078	0.9355	0.9407	1.4257	0.6460	1.1693s	1.5144	0.6260	0.5792
0
0079	0.9760	0.9393	1.4250	0.6520	0.5062s	1.5105	0.6250	0.5792
0
0080	0.9785	0.9350	1.4253	0.6500	0.4999s	1.5039	0.6270	0.5855
0
0081	0.9455	0.9250	1.4275	0.6500	1.0377s	1.5001	0.6320	0.5893
1
0082	0.9432	0.9264	1.4280	0.6520	0.2923s	1.4983	0.6290	0.5890
2
0083	0.9520	0.9350	1.4267	0.6460	0.8089s	1.4987	0.6320	0.5918
0
0084	0.9331	0.9414	1.4274	0.6440	0.5341s	1.5032	0.6250	0.5835
1
0085	0.9436	0.9314	1.4268	0.6500	3.1092s	1.5069	0.6280	0.5839
2
0086	0.9532	0.9429	1.4247	0.6540	2.8820s	1.5074	0.6290	0.5757
3
0087	0.9537	0.9450	1.4206	0.6500	3.6728s	1.5053	0.6300	0.5731
0
0088	0.9534	0.9214	1.4149	0.6540	3.6498s	1.5008	0.6300	0.5724
0
0089	0.9344	0.9371	1.4133	0.6500	2.9114s	1.4956	0.6260	0.5717
0
0090	0.9325	0.9450	1.4100	0.6600	2.4286s	1.4875	0.6290	0.5834
0
0091	0.9353	0.9464	1.4097	0.6560	2.9713s	1.4839	0.6250	0.5846
0
0092	0.9390	0.9379	1.4112	0.6560	3.1157s	1.4839	0.6260	0.5862
0
0093	0.9389	0.9450	1.4128	0.6560	3.4130s	1.4871	0.6230	0.5809
1
0094	0.9494	0.9264	1.4120	0.6540	3.2877s	1.4883	0.6240	0.5791
2
0095	0.9233	0.9264	1.4100	0.6480	2.9916s	1.4906	0.6270	0.5722
3
0096	0.9158	0.9421	1.4067	0.6500	3.0036s	1.4925	0.6250	0.5679
4
0097	0.9139	0.9443	1.4007	0.6500	2.8502s	1.4917	0.6280	0.5697
0
0098	0.9187	0.9343	1.3927	0.6560	3.1613s	1.4876	0.6250	0.5683
0
0099	0.9282	0.9364	1.3878	0.6520	3.1668s	1.4818	0.6230	0.5686
0
0100	0.9266	0.9314	1.3876	0.6600	3.4161s	1.4764	0.6260	0.5740
0
0101	0.9342	0.9393	1.3900	0.6560	2.9949s	1.4722	0.6260	0.5753
0
0102	0.8992	0.9486	1.3901	0.6540	2.8567s	1.4708	0.6290	0.5786
1
0103	0.9159	0.9329	1.3860	0.6540	2.9955s	1.4708	0.6320	0.5775
2
0104	0.9202	0.9464	1.3800	0.6520	2.9708s	1.4717	0.6290	0.5815
0
0105	0.9272	0.9293	1.3757	0.6520	1.1198s	1.4761	0.6280	0.5825
0
0106	0.9175	0.9371	1.3787	0.6580	1.0186s	1.4843	0.6190	0.5656
0
0107	0.9122	0.9421	1.3794	0.6580	0.2690s	1.4861	0.6210	0.5668
1
0108	0.9172	0.9307	1.3777	0.6580	0.2646s	1.4784	0.6300	0.5753
2
0109	0.9098	0.9464	1.3784	0.6600	1.0335s	1.4726	0.6250	0.5713
3
0110	0.9138	0.9471	1.3774	0.6580	0.5462s	1.4694	0.6280	0.5733
0
0111	0.9004	0.9493	1.3715	0.6580	0.9954s	1.4667	0.6310	0.5767
1
0112	0.9036	0.9429	1.3694	0.6600	1.1051s	1.4660	0.6280	0.5717
0
0113	0.9232	0.9436	1.3700	0.6620	0.9226s	1.4683	0.6200	0.5731
0
0114	0.8898	0.9379	1.3747	0.6620	0.6597s	1.4704	0.6230	0.5742
0
0115	0.8933	0.9536	1.3806	0.6560	1.1939s	1.4712	0.6250	0.5738
0
0116	0.9106	0.9443	1.3892	0.6560	1.0340s	1.4732	0.6260	0.5826
1
0117	0.9090	0.9443	1.3925	0.6580	0.9018s	1.4731	0.6280	0.5855
2
0118	0.9043	0.9443	1.3900	0.6640	1.1621s	1.4703	0.6320	0.5903
3
0119	0.8782	0.9479	1.3830	0.6620	0.2694s	1.4662	0.6290	0.5887
0
0120	0.8826	0.9436	1.3769	0.6580	0.9369s	1.4625	0.6290	0.5864
1
0121	0.8994	0.9450	1.3762	0.6640	0.9635s	1.4634	0.6260	0.5796
2
0122	0.8937	0.9379	1.3754	0.6620	1.0123s	1.4617	0.6300	0.5824
0
0123	0.8710	0.9514	1.3750	0.6600	0.2851s	1.4595	0.6240	0.5783
1
0124	0.8943	0.9521	1.3755	0.6560	1.1938s	1.4591	0.6300	0.5823
2
0125	0.8942	0.9357	1.3754	0.6580	0.7145s	1.4611	0.6300	0.5840
3
0126	0.8932	0.9479	1.3717	0.6620	0.9643s	1.4612	0.6290	0.5839
4
0127	0.8660	0.9443	1.3692	0.6580	0.9650s	1.4597	0.6180	0.5710
5
0128	0.8924	0.9393	1.3695	0.6520	1.1472s	1.4584	0.6190	0.5735
0
0129	0.8667	0.9500	1.3728	0.6520	1.0195s	1.4581	0.6250	0.5775
1
0130	0.8813	0.9443	1.3742	0.6580	0.7689s	1.4575	0.6310	0.5867
2
0131	0.8919	0.9414	1.3743	0.6600	0.8268s	1.4596	0.6270	0.5843
3
0132	0.8707	0.9429	1.3713	0.6600	0.6318s	1.4614	0.6210	0.5794
4
0133	0.8785	0.9343	1.3673	0.6600	1.1425s	1.4614	0.6210	0.5776
5
0134	0.8755	0.9471	1.3647	0.6580	0.2520s	1.4627	0.6200	0.5730
0
0135	0.8772	0.9571	1.3666	0.6620	0.2512s	1.4639	0.6240	0.5752
0
0136	0.8807	0.9386	1.3702	0.6560	0.9765s	1.4629	0.6230	0.5759
1
0137	0.8699	0.9550	1.3717	0.6600	0.8639s	1.4609	0.6240	0.5726
2
0138	0.8738	0.9471	1.3729	0.6540	0.7062s	1.4601	0.6250	0.5733
3
0139	0.8716	0.9543	1.3744	0.6540	0.6917s	1.4591	0.6270	0.5733
4
0140	0.8887	0.9450	1.3755	0.6520	0.8503s	1.4605	0.6250	0.5715
5
0141	0.8720	0.9514	1.3730	0.6560	1.1203s	1.4604	0.6330	0.5823
6
0142	0.8791	0.9521	1.3722	0.6520	0.9538s	1.4617	0.6330	0.5811
7
0143	0.8789	0.9486	1.3714	0.6540	0.5900s	1.4620	0.6300	0.5781
8
0144	0.8687	0.9421	1.3724	0.6560	0.9433s	1.4633	0.6270	0.5740
9
0145	0.8724	0.9457	1.3690	0.6600	0.8294s	1.4581	0.6270	0.5817
10
0146	0.8802	0.9586	1.3671	0.6560	1.2102s	1.4552	0.6270	0.5807
11
0147	0.8713	0.9429	1.3669	0.6460	0.3388s	1.4530	0.6300	0.5759
12
0148	0.8721	0.9464	1.3651	0.6520	0.2662s	1.4510	0.6310	0.5836
13
0149	0.8716	0.9464	1.3644	0.6520	1.1055s	1.4528	0.6330	0.5831
14
0150	0.8613	0.9500	1.3633	0.6600	0.7377s	1.4553	0.6340	0.5840
0
0151	0.8660	0.9486	1.3628	0.6640	0.5931s	1.4565	0.6310	0.5797
0
0152	0.8611	0.9421	1.3614	0.6700	0.9375s	1.4566	0.6300	0.5825
0
0153	0.8755	0.9443	1.3620	0.6700	1.0579s	1.4573	0.6260	0.5731
0
0154	0.8877	0.9421	1.3637	0.6760	0.6624s	1.4584	0.6240	0.5717
0
0155	0.8704	0.9529	1.3633	0.6720	1.1436s	1.4559	0.6270	0.5742
0
0156	0.8594	0.9379	1.3605	0.6640	0.9620s	1.4550	0.6290	0.5785
1
0157	0.8635	0.9543	1.3604	0.6600	0.2691s	1.4575	0.6260	0.5775
0
0158	0.8767	0.9521	1.3614	0.6560	1.0705s	1.4605	0.6270	0.5853
0
0159	0.8613	0.9471	1.3621	0.6600	1.0160s	1.4619	0.6240	0.5800
1
0160	0.8702	0.9514	1.3612	0.6620	0.3494s	1.4589	0.6240	0.5699
2
0161	0.8590	0.9586	1.3590	0.6600	0.8967s	1.4534	0.6310	0.5745
3
0162	0.8644	0.9507	1.3563	0.6580	0.7478s	1.4478	0.6340	0.5772
0
0163	0.8622	0.9421	1.3572	0.6620	0.9769s	1.4481	0.6320	0.5780
0
0164	0.8656	0.9393	1.3606	0.6620	0.7594s	1.4530	0.6290	0.5749
1
0165	0.8676	0.9536	1.3590	0.6600	1.1580s	1.4583	0.6290	0.5780
2
0166	0.8667	0.9521	1.3565	0.6600	0.2741s	1.4618	0.6260	0.5760
3
0167	0.8710	0.9536	1.3561	0.6620	1.0897s	1.4617	0.6240	0.5750
4
0168	0.8580	0.9521	1.3565	0.6600	1.1337s	1.4595	0.6230	0.5777
0
0169	0.8591	0.9450	1.3567	0.6600	0.4285s	1.4573	0.6290	0.5833
1
0170	0.8600	0.9479	1.3568	0.6600	0.8241s	1.4537	0.6290	0.5815
2
0171	0.8663	0.9514	1.3565	0.6540	0.9908s	1.4520	0.6290	0.5787
3
0172	0.8817	0.9414	1.3565	0.6580	0.5855s	1.4518	0.6240	0.5701
4
0173	0.8646	0.9450	1.3582	0.6620	0.6724s	1.4556	0.6260	0.5719
5
0174	0.8700	0.9507	1.3596	0.6640	0.9431s	1.4569	0.6220	0.5671
6
0175	0.8544	0.9500	1.3627	0.6640	0.7997s	1.4549	0.6230	0.5667
7
0176	0.8581	0.9493	1.3667	0.6600	0.9244s	1.4549	0.6290	0.5732
8
0177	0.8642	0.9486	1.3676	0.6520	0.7362s	1.4569	0.6270	0.5719
9
0178	0.8623	0.9543	1.3660	0.6480	0.8016s	1.4583	0.6260	0.5739
10
0179	0.8791	0.9514	1.3635	0.6440	0.7766s	1.4585	0.6250	0.5739
11
0180	0.8641	0.9557	1.3605	0.6540	0.6183s	1.4579	0.6220	0.5696
12
0181	0.8616	0.9536	1.3597	0.6560	0.8487s	1.4566	0.6230	0.5659
13
0182	0.8755	0.9443	1.3589	0.6600	0.7329s	1.4552	0.6270	0.5791
14
0183	0.8649	0.9450	1.3583	0.6600	0.7997s	1.4530	0.6230	0.5774
15
0184	0.8636	0.9471	1.3578	0.6520	0.8948s	1.4523	0.6240	0.5778
16
0185	0.8773	0.9514	1.3579	0.6580	0.9953s	1.4550	0.6290	0.5739
17
0186	0.8747	0.9450	1.3587	0.6620	0.3761s	1.4588	0.6220	0.5653
18
0187	0.8567	0.9479	1.3584	0.6720	0.8280s	1.4603	0.6220	0.5650
19
0188	0.8597	0.9507	1.3601	0.6720	0.7926s	1.4624	0.6250	0.5704
20
0189	0.8553	0.9407	1.3596	0.6780	1.0916s	1.4612	0.6230	0.5693
21
0190	0.8488	0.9536	1.3604	0.6720	0.7350s	1.4592	0.6230	0.5680
0
0191	0.8669	0.9407	1.3612	0.6600	0.5433s	1.4601	0.6250	0.5766
1
0192	0.8572	0.9529	1.3625	0.6600	0.9637s	1.4613	0.6280	0.5798
2
0193	0.8578	0.9536	1.3663	0.6560	1.0389s	1.4664	0.6280	0.5817
3
0194	0.8701	0.9529	1.3677	0.6540	1.0865s	1.4685	0.6300	0.5811
4
0195	0.8591	0.9536	1.3659	0.6580	0.3781s	1.4686	0.6280	0.5779
5
0196	0.8749	0.9521	1.3632	0.6640	1.2063s	1.4665	0.6300	0.5823
6
0197	0.8743	0.9471	1.3566	0.6720	0.2501s	1.4630	0.6270	0.5752
7
0198	0.8676	0.9493	1.3508	0.6660	1.1507s	1.4604	0.6260	0.5745
8
0199	0.8598	0.9514	1.3499	0.6660	0.9028s	1.4583	0.6280	0.5744
0
0200	0.8603	0.9414	1.3540	0.6600	0.2595s	1.4568	0.6280	0.5739
0
0201	0.8547	0.9536	1.3645	0.6600	1.1697s	1.4579	0.6250	0.5796
1
0202	0.8525	0.9486	1.3716	0.6540	0.5823s	1.4599	0.6290	0.5835
2
0203	0.8692	0.9486	1.3694	0.6560	0.9599s	1.4583	0.6290	0.5851
3
0204	0.8520	0.9500	1.3605	0.6640	0.5455s	1.4546	0.6280	0.5852
4
0205	0.8482	0.9507	1.3529	0.6640	1.1886s	1.4523	0.6280	0.5846
5
0206	0.8617	0.9507	1.3481	0.6640	0.3484s	1.4510	0.6300	0.5878
6
0207	0.8788	0.9457	1.3501	0.6660	0.2526s	1.4521	0.6280	0.5846
0
0208	0.8437	0.9536	1.3583	0.6680	1.0836s	1.4547	0.6270	0.5790
1
0209	0.8562	0.9471	1.3702	0.6620	0.6305s	1.4588	0.6270	0.5678
2
0210	0.8494	0.9493	1.3767	0.6520	0.9452s	1.4599	0.6190	0.5594
3
0211	0.8558	0.9436	1.3746	0.6500	0.3570s	1.4601	0.6190	0.5585
4
0212	0.8518	0.9521	1.3669	0.6540	1.1431s	1.4579	0.6210	0.5660
5
0213	0.8485	0.9514	1.3581	0.6660	0.4643s	1.4557	0.6280	0.5757
6
0214	0.8593	0.9464	1.3518	0.6720	0.3195s	1.4540	0.6270	0.5779
7
0215	0.8641	0.9493	1.3520	0.6640	0.9413s	1.4559	0.6270	0.5774
8
0216	0.8676	0.9486	1.3541	0.6560	0.3241s	1.4588	0.6320	0.5811
9
0217	0.8510	0.9543	1.3584	0.6500	1.2066s	1.4628	0.6290	0.5740
10
0218	0.8677	0.9436	1.3610	0.6520	0.2536s	1.4628	0.6230	0.5652
11
0219	0.8609	0.9429	1.3622	0.6560	1.2328s	1.4612	0.6170	0.5572
12
0220	0.8611	0.9629	1.3604	0.6540	1.0114s	1.4595	0.6180	0.5587
13
0221	0.8705	0.9536	1.3569	0.6600	0.3630s	1.4597	0.6180	0.5604
14
0222	0.8519	0.9579	1.3540	0.6600	1.0168s	1.4596	0.6210	0.5627
15
0223	0.8623	0.9557	1.3564	0.6640	0.6392s	1.4626	0.6230	0.5682
16
0224	0.8503	0.9521	1.3567	0.6580	0.8602s	1.4634	0.6230	0.5699
17
0225	0.8460	0.9564	1.3551	0.6560	0.2627s	1.4604	0.6290	0.5742
18
0226	0.8500	0.9500	1.3502	0.6560	1.1854s	1.4544	0.6310	0.5857
19
0227	0.8649	0.9450	1.3441	0.6620	0.8999s	1.4521	0.6250	0.5828
20
0228	0.8542	0.9493	1.3428	0.6620	0.3924s	1.4546	0.6260	0.5741
0
0229	0.8714	0.9457	1.3458	0.6600	1.0751s	1.4585	0.6210	0.5675
0
0230	0.8626	0.9450	1.3479	0.6580	1.1023s	1.4607	0.6220	0.5680
1
0231	0.8555	0.9479	1.3474	0.6620	0.2676s	1.4604	0.6220	0.5651
2
0232	0.8581	0.9593	1.3470	0.6600	1.2087s	1.4596	0.6250	0.5687
3
0233	0.8499	0.9421	1.3462	0.6700	0.7630s	1.4574	0.6270	0.5687
4
0234	0.8593	0.9514	1.3418	0.6680	1.0361s	1.4531	0.6290	0.5719
5
0235	0.8623	0.9450	1.3421	0.6640	0.9686s	1.4513	0.6320	0.5767
0
0236	0.8641	0.9400	1.3484	0.6580	1.0546s	1.4540	0.6340	0.5818
1
0237	0.8518	0.9507	1.3560	0.6600	1.2364s	1.4565	0.6340	0.5799
2
0238	0.8396	0.9479	1.3619	0.6600	0.6719s	1.4592	0.6310	0.5763
3
0239	0.8601	0.9521	1.3646	0.6640	0.4413s	1.4611	0.6260	0.5704
4
0240	0.8489	0.9543	1.3617	0.6600	1.1068s	1.4592	0.6260	0.5723
5
0241	0.8529	0.9479	1.3573	0.6580	0.3837s	1.4581	0.6260	0.5711
6
0242	0.8631	0.9393	1.3536	0.6580	1.0596s	1.4544	0.6310	0.5777
7
0243	0.8616	0.9607	1.3530	0.6540	1.0447s	1.4522	0.6270	0.5724
8
0244	0.8794	0.9436	1.3596	0.6620	0.2875s	1.4542	0.6250	0.5727
9
0245	0.8717	0.9550	1.3677	0.6680	1.1259s	1.4578	0.6260	0.5812
10
0246	0.8485	0.9414	1.3710	0.6600	1.0612s	1.4604	0.6280	0.5840
11
0247	0.8586	0.9479	1.3698	0.6640	0.2989s	1.4604	0.6250	0.5771
12
0248	0.8446	0.9521	1.3689	0.6600	0.3916s	1.4615	0.6220	0.5732
13
0249	0.8646	0.9486	1.3674	0.6620	0.9081s	1.4630	0.6260	0.5694
14
0250	0.8269	0.9507	1.3643	0.6600	0.8885s	1.4626	0.6220	0.5697
15
0251	0.8595	0.9493	1.3610	0.6640	0.3024s	1.4595	0.6250	0.5743
16
0252	0.8555	0.9557	1.3595	0.6640	1.0640s	1.4571	0.6270	0.5737
17
0253	0.8609	0.9514	1.3632	0.6660	0.4432s	1.4577	0.6290	0.5752
18
0254	0.8599	0.9621	1.3639	0.6660	0.9491s	1.4579	0.6280	0.5757
19
0255	0.8520	0.9621	1.3618	0.6620	0.2633s	1.4583	0.6270	0.5701
20
0256	0.8549	0.9493	1.3616	0.6620	0.6546s	1.4597	0.6280	0.5790
21
0257	0.8712	0.9443	1.3621	0.6600	1.0820s	1.4617	0.6310	0.5814
22
0258	0.8485	0.9543	1.3605	0.6620	0.2648s	1.4609	0.6300	0.5851
23
0259	0.8576	0.9579	1.3595	0.6580	0.9815s	1.4591	0.6260	0.5815
24
0260	0.8486	0.9457	1.3598	0.6580	0.6104s	1.4576	0.6260	0.5834
25
0261	0.8404	0.9493	1.3594	0.6560	0.9722s	1.4551	0.6300	0.5782
26
0262	0.8493	0.9471	1.3600	0.6560	0.5619s	1.4545	0.6290	0.5760
27
0263	0.8544	0.9486	1.3595	0.6640	0.3053s	1.4550	0.6300	0.5770
28
0264	0.8461	0.9536	1.3595	0.6640	1.0745s	1.4591	0.6260	0.5701
29
0265	0.8593	0.9529	1.3604	0.6580	1.2009s	1.4646	0.6240	0.5678
30
0266	0.8323	0.9443	1.3568	0.6640	0.6077s	1.4657	0.6220	0.5657
31
0267	0.8552	0.9486	1.3505	0.6640	1.1078s	1.4592	0.6250	0.5689
32
0268	0.8467	0.9571	1.3463	0.6580	0.7064s	1.4516	0.6280	0.5806
33
0269	0.8598	0.9364	1.3446	0.6640	0.2497s	1.4476	0.6260	0.5795
34
0270	0.8691	0.9593	1.3479	0.6660	1.1377s	1.4489	0.6320	0.5887
35
0271	0.8523	0.9514	1.3523	0.6640	0.2896s	1.4520	0.6340	0.5930
36
0272	0.8510	0.9479	1.3578	0.6640	0.5829s	1.4557	0.6270	0.5833
37
0273	0.8432	0.9514	1.3584	0.6620	0.6181s	1.4554	0.6250	0.5785
38
0274	0.8484	0.9550	1.3588	0.6580	1.0706s	1.4543	0.6290	0.5749
39
0275	0.8486	0.9521	1.3583	0.6640	0.5553s	1.4536	0.6270	0.5720
40
0276	0.8492	0.9429	1.3567	0.6620	0.7634s	1.4535	0.6270	0.5721
41
0277	0.8460	0.9471	1.3557	0.6640	1.1189s	1.4533	0.6250	0.5704
42
0278	0.8585	0.9521	1.3548	0.6660	0.2704s	1.4542	0.6270	0.5794
43
0279	0.8532	0.9457	1.3530	0.6660	0.2825s	1.4540	0.6310	0.5828
44
0280	0.8549	0.9457	1.3526	0.6700	0.7371s	1.4554	0.6300	0.5718
45
0281	0.8550	0.9507	1.3532	0.6620	0.6402s	1.4573	0.6300	0.5755
46
0282	0.8523	0.9536	1.3551	0.6620	0.9704s	1.4613	0.6280	0.5815
47
0283	0.8338	0.9479	1.3583	0.6620	0.5432s	1.4636	0.6270	0.5684
48
0284	0.8552	0.9479	1.3587	0.6560	0.8574s	1.4600	0.6250	0.5793
49
0285	0.8599	0.9607	1.3586	0.6580	0.9759s	1.4579	0.6200	0.5670
50
0286	0.8461	0.9557	1.3575	0.6600	0.4156s	1.4576	0.6240	0.5697
51
0287	0.8557	0.9357	1.3584	0.6620	0.2586s	1.4601	0.6240	0.5711
52
0288	0.8457	0.9486	1.3593	0.6640	1.2249s	1.4647	0.6230	0.5709
53
0289	0.8380	0.9550	1.3584	0.6600	0.2637s	1.4658	0.6270	0.5737
54
0290	0.8377	0.9364	1.3576	0.6560	1.1457s	1.4650	0.6290	0.5785
55
0291	0.8498	0.9464	1.3581	0.6620	0.8556s	1.4632	0.6260	0.5747
56
0292	0.8438	0.9507	1.3578	0.6620	1.1611s	1.4588	0.6240	0.5711
57
0293	0.8636	0.9521	1.3592	0.6580	0.2569s	1.4573	0.6270	0.5833
58
0294	0.8524	0.9486	1.3601	0.6560	0.9991s	1.4571	0.6280	0.5813
59
0295	0.8513	0.9521	1.3601	0.6620	0.6520s	1.4565	0.6240	0.5772
60
0296	0.8439	0.9586	1.3576	0.6620	0.3095s	1.4551	0.6200	0.5732
61
0297	0.8305	0.9536	1.3572	0.6560	0.8484s	1.4563	0.6250	0.5674
62
0298	0.8520	0.9529	1.3590	0.6600	0.3573s	1.4599	0.6270	0.5712
63
0299	0.8658	0.9536	1.3633	0.6560	0.8459s	1.4627	0.6240	0.5760
64
0300	0.8546	0.9414	1.3697	0.6620	0.4459s	1.4658	0.6230	0.5771
65
0301	0.8509	0.9521	1.3738	0.6560	1.1799s	1.4676	0.6240	0.5814
66
0302	0.8533	0.9457	1.3688	0.6580	0.2829s	1.4625	0.6230	0.5785
67
0303	0.8708	0.9471	1.3559	0.6620	1.0205s	1.4533	0.6220	0.5766
68
0304	0.8515	0.9571	1.3451	0.6600	0.2621s	1.4481	0.6250	0.5789
69
0305	0.8618	0.9421	1.3434	0.6580	0.9215s	1.4475	0.6270	0.5718
70
0306	0.8674	0.9464	1.3488	0.6560	0.2833s	1.4514	0.6250	0.5693
71
0307	0.8558	0.9450	1.3573	0.6600	0.4133s	1.4563	0.6220	0.5635
72
0308	0.8716	0.9486	1.3661	0.6520	0.5322s	1.4624	0.6190	0.5627
73
0309	0.8445	0.9607	1.3705	0.6500	0.4806s	1.4640	0.6170	0.5743
74
0310	0.8443	0.9443	1.3676	0.6580	1.1275s	1.4603	0.6190	0.5730
75
0311	0.8534	0.9543	1.3596	0.6520	0.2563s	1.4569	0.6180	0.5719
76
0312	0.8583	0.9493	1.3564	0.6500	0.6608s	1.4572	0.6210	0.5655
77
0313	0.8457	0.9514	1.3565	0.6480	0.8724s	1.4575	0.6250	0.5734
78
0314	0.8545	0.9507	1.3584	0.6520	0.2512s	1.4576	0.6240	0.5713
79
0315	0.8502	0.9421	1.3620	0.6500	0.8853s	1.4577	0.6250	0.5717
80
0316	0.8434	0.9521	1.3636	0.6540	0.4721s	1.4577	0.6220	0.5688
81
0317	0.8449	0.9500	1.3633	0.6500	1.0857s	1.4573	0.6200	0.5635
82
0318	0.8491	0.9529	1.3625	0.6540	0.8234s	1.4568	0.6220	0.5646
83
0319	0.8351	0.9464	1.3608	0.6460	0.2663s	1.4564	0.6230	0.5742
84
0320	0.8379	0.9514	1.3583	0.6440	1.2277s	1.4544	0.6240	0.5747
85
0321	0.8334	0.9457	1.3554	0.6480	0.4329s	1.4527	0.6210	0.5723
86
0322	0.8302	0.9450	1.3532	0.6600	0.2833s	1.4516	0.6210	0.5623
87
0323	0.8414	0.9571	1.3527	0.6620	0.8982s	1.4523	0.6230	0.5623
88
0324	0.8549	0.9429	1.3559	0.6680	0.3728s	1.4565	0.6270	0.5722
89
0325	0.8322	0.9579	1.3597	0.6640	1.0831s	1.4608	0.6270	0.5740
90
0326	0.8665	0.9486	1.3638	0.6620	0.2535s	1.4638	0.6280	0.5772
91
0327	0.8536	0.9407	1.3652	0.6620	0.2775s	1.4646	0.6250	0.5753
92
0328	0.8562	0.9550	1.3663	0.6560	0.2697s	1.4629	0.6230	0.5713
93
0329	0.8493	0.9486	1.3650	0.6580	0.9818s	1.4606	0.6160	0.5723
94
0330	0.8590	0.9500	1.3642	0.6580	0.3089s	1.4597	0.6140	0.5605
95
0331	0.8456	0.9486	1.3637	0.6620	0.3063s	1.4604	0.6150	0.5614
96
0332	0.8545	0.9457	1.3610	0.6580	1.1770s	1.4617	0.6250	0.5734
97
0333	0.8459	0.9479	1.3571	0.6560	0.2569s	1.4615	0.6230	0.5700
98
0334	0.8329	0.9514	1.3529	0.6640	1.0385s	1.4606	0.6250	0.5726
99
0335	0.8555	0.9379	1.3520	0.6640	0.4704s	1.4598	0.6210	0.5669
100
0336	0.8562	0.9600	1.3522	0.6620	0.8672s	1.4582	0.6270	0.5805
101
0337	0.8357	0.9529	1.3515	0.6640	0.7307s	1.4554	0.6240	0.5683
102
0338	0.8570	0.9557	1.3560	0.6660	0.7230s	1.4575	0.6200	0.5622
103
0339	0.8561	0.9479	1.3610	0.6680	0.9881s	1.4605	0.6200	0.5645
104
0340	0.8560	0.9571	1.3639	0.6680	0.3101s	1.4637	0.6240	0.5685
105
0341	0.8635	0.9536	1.3633	0.6660	0.6574s	1.4639	0.6240	0.5725
106
0342	0.8633	0.9557	1.3624	0.6620	0.9258s	1.4654	0.6230	0.5731
107
0343	0.8422	0.9507	1.3597	0.6620	0.8337s	1.4645	0.6180	0.5643
108
0344	0.8323	0.9557	1.3572	0.6660	0.3183s	1.4612	0.6190	0.5642
109
0345	0.8428	0.9500	1.3539	0.6600	0.2660s	1.4575	0.6240	0.5738
110
0346	0.8590	0.9414	1.3524	0.6680	0.8119s	1.4551	0.6270	0.5756
111
0347	0.8595	0.9514	1.3508	0.6700	1.0281s	1.4544	0.6310	0.5826
112
0348	0.8574	0.9407	1.3484	0.6620	0.2493s	1.4546	0.6320	0.5846
113
0349	0.8579	0.9536	1.3501	0.6560	0.9217s	1.4578	0.6310	0.5867
114
0350	0.8613	0.9536	1.3550	0.6520	0.8153s	1.4622	0.6280	0.5825
115
0351	0.8296	0.9471	1.3593	0.6600	0.3695s	1.4650	0.6230	0.5702
116
0352	0.8640	0.9543	1.3613	0.6580	0.8628s	1.4641	0.6230	0.5703
117
0353	0.8465	0.9500	1.3585	0.6540	0.4263s	1.4613	0.6270	0.5747
118
0354	0.8381	0.9493	1.3550	0.6500	1.0767s	1.4605	0.6260	0.5701
119
0355	0.8314	0.9593	1.3535	0.6580	0.3753s	1.4609	0.6250	0.5714
120
0356	0.8541	0.9514	1.3532	0.6580	0.6028s	1.4639	0.6260	0.5750
121
0357	0.8508	0.9493	1.3548	0.6560	0.9856s	1.4652	0.6260	0.5754
122
0358	0.8531	0.9436	1.3581	0.6620	0.9865s	1.4649	0.6230	0.5670
123
0359	0.8432	0.9543	1.3577	0.6620	0.2558s	1.4614	0.6180	0.5634
124
0360	0.8493	0.9500	1.3581	0.6620	1.0229s	1.4578	0.6190	0.5733
125
0361	0.8622	0.9500	1.3580	0.6580	0.8598s	1.4548	0.6230	0.5751
126
0362	0.8708	0.9543	1.3585	0.6560	0.2707s	1.4561	0.6250	0.5787
127
0363	0.8452	0.9543	1.3611	0.6520	1.1158s	1.4616	0.6210	0.5780
128
0364	0.8471	0.9521	1.3623	0.6540	0.2986s	1.4677	0.6220	0.5706
129
0365	0.8438	0.9521	1.3623	0.6560	0.3691s	1.4710	0.6190	0.5708
130
0366	0.8432	0.9407	1.3591	0.6620	0.8619s	1.4668	0.6210	0.5741
131
0367	0.8562	0.9464	1.3543	0.6660	0.6205s	1.4599	0.6250	0.5832
132
0368	0.8553	0.9386	1.3507	0.6620	0.7644s	1.4555	0.6200	0.5796
133
0369	0.8605	0.9464	1.3502	0.6620	1.1485s	1.4549	0.6200	0.5683
134
0370	0.8415	0.9543	1.3535	0.6580	0.2584s	1.4578	0.6200	0.5670
135
0371	0.8530	0.9486	1.3556	0.6620	1.0718s	1.4586	0.6150	0.5584
136
0372	0.8480	0.9507	1.3571	0.6560	0.8921s	1.4596	0.6160	0.5580
137
0373	0.8355	0.9593	1.3560	0.6660	0.8357s	1.4572	0.6160	0.5664
138
0374	0.8480	0.9464	1.3556	0.6660	0.2718s	1.4554	0.6190	0.5751
139
0375	0.8364	0.9371	1.3548	0.6660	0.7827s	1.4563	0.6150	0.5728
140
0376	0.8576	0.9400	1.3537	0.6600	0.8814s	1.4582	0.6160	0.5739
141
0377	0.8305	0.9629	1.3532	0.6660	0.7672s	1.4617	0.6170	0.5704
142
0378	0.8553	0.9500	1.3535	0.6680	0.8012s	1.4656	0.6150	0.5628
143
0379	0.8543	0.9600	1.3541	0.6620	0.3534s	1.4676	0.6180	0.5637
144
0380	0.8604	0.9521	1.3561	0.6560	1.2609s	1.4662	0.6170	0.5604
145
0381	0.8451	0.9500	1.3556	0.6560	0.4543s	1.4624	0.6200	0.5629
146
0382	0.8439	0.9586	1.3542	0.6560	0.2678s	1.4593	0.6200	0.5647
147
0383	0.8472	0.9521	1.3544	0.6620	0.6397s	1.4592	0.6220	0.5795
148
0384	0.8339	0.9564	1.3521	0.6620	0.8623s	1.4597	0.6230	0.5793
149
0385	0.8286	0.9543	1.3487	0.6620	0.5998s	1.4615	0.6190	0.5736
150
0386	0.8488	0.9421	1.3483	0.6620	0.2629s	1.4634	0.6180	0.5701
151
0387	0.8398	0.9457	1.3499	0.6600	0.5006s	1.4620	0.6220	0.5697
152
0388	0.8464	0.9500	1.3508	0.6660	1.1249s	1.4584	0.6220	0.5720
153
0389	0.8491	0.9471	1.3498	0.6640	0.4966s	1.4551	0.6210	0.5729
154
0390	0.8510	0.9479	1.3493	0.6620	0.8936s	1.4544	0.6230	0.5763
155
0391	0.8615	0.9571	1.3492	0.6660	1.0935s	1.4556	0.6170	0.5616
156
0392	0.8392	0.9579	1.3498	0.6680	0.4829s	1.4601	0.6170	0.5617
157
0393	0.8353	0.9536	1.3509	0.6680	0.3278s	1.4651	0.6230	0.5659
158
0394	0.8434	0.9500	1.3523	0.6660	1.0894s	1.4702	0.6180	0.5610
159
0395	0.8472	0.9557	1.3547	0.6660	0.9302s	1.4727	0.6190	0.5633
160
0396	0.8369	0.9550	1.3553	0.6640	0.9231s	1.4695	0.6250	0.5798
161
0397	0.8496	0.9600	1.3506	0.6620	3.2825s	1.4605	0.6210	0.5748
162
0398	0.8531	0.9514	1.3458	0.6640	4.1142s	1.4544	0.6190	0.5721
163
0399	0.8432	0.9529	1.3423	0.6740	4.0355s	1.4495	0.6240	0.5770
164
0400	0.8399	0.9536	1.3415	0.6700	4.3413s	1.4479	0.6210	0.5731
165
0401	0.8484	0.9607	1.3456	0.6660	4.4572s	1.4524	0.6190	0.5626
0
0402	0.8307	0.9486	1.3519	0.6640	4.5706s	1.4590	0.6180	0.5613
1
0403	0.8547	0.9536	1.3544	0.6620	2.6373s	1.4611	0.6220	0.5677
2
0404	0.8640	0.9543	1.3530	0.6620	1.6521s	1.4624	0.6240	0.5717
3
0405	0.8495	0.9507	1.3483	0.6640	0.3065s	1.4612	0.6250	0.5734
4
0406	0.8369	0.9607	1.3457	0.6600	1.1751s	1.4583	0.6300	0.5739
5
0407	0.8326	0.9529	1.3452	0.6580	0.3185s	1.4557	0.6290	0.5723
6
0408	0.8353	0.9536	1.3484	0.6560	0.7640s	1.4563	0.6250	0.5678
7
0409	0.8410	0.9500	1.3494	0.6620	0.8303s	1.4565	0.6230	0.5642
8
0410	0.8529	0.9471	1.3498	0.6700	1.0638s	1.4578	0.6240	0.5663
9
0411	0.8497	0.9521	1.3504	0.6700	0.4990s	1.4592	0.6200	0.5637
10
0412	0.8365	0.9486	1.3502	0.6640	1.0941s	1.4596	0.6220	0.5653
11
0413	0.8585	0.9471	1.3514	0.6660	0.2789s	1.4614	0.6240	0.5658
12
0414	0.8397	0.9500	1.3540	0.6640	0.6773s	1.4633	0.6250	0.5670
13
0415	0.8363	0.9629	1.3556	0.6680	0.8412s	1.4639	0.6260	0.5682
14
0416	0.8386	0.9593	1.3562	0.6600	0.3396s	1.4623	0.6280	0.5711
15
0417	0.8610	0.9543	1.3573	0.6600	1.0246s	1.4607	0.6270	0.5712
16
0418	0.8609	0.9486	1.3591	0.6600	0.2566s	1.4605	0.6230	0.5707
17
0419	0.8248	0.9621	1.3564	0.6640	0.2724s	1.4604	0.6220	0.5675
18
0420	0.8330	0.9507	1.3495	0.6660	0.2794s	1.4565	0.6230	0.5788
19
0421	0.8370	0.9536	1.3449	0.6660	0.3271s	1.4557	0.6200	0.5740
20
0422	0.8560	0.9507	1.3449	0.6640	0.6603s	1.4558	0.6210	0.5701
21
0423	0.8337	0.9571	1.3489	0.6600	0.7810s	1.4581	0.6180	0.5679
22
0424	0.8404	0.9514	1.3569	0.6660	0.2555s	1.4607	0.6230	0.5739
23
0425	0.8379	0.9557	1.3637	0.6640	0.4776s	1.4624	0.6250	0.5801
24
0426	0.8428	0.9600	1.3671	0.6660	1.1466s	1.4620	0.6230	0.5814
25
0427	0.8337	0.9593	1.3635	0.6620	0.2570s	1.4602	0.6230	0.5755
26
0428	0.8382	0.9493	1.3593	0.6640	0.9866s	1.4608	0.6210	0.5725
27
0429	0.8412	0.9493	1.3565	0.6640	0.8013s	1.4618	0.6160	0.5640
28
0430	0.8281	0.9507	1.3556	0.6640	0.4212s	1.4635	0.6150	0.5581
29
0431	0.8496	0.9450	1.3587	0.6620	0.3618s	1.4662	0.6160	0.5559
30
0432	0.8473	0.9493	1.3631	0.6580	1.1329s	1.4670	0.6230	0.5630
31
0433	0.8443	0.9571	1.3612	0.6620	0.6032s	1.4628	0.6230	0.5722
32
0434	0.8558	0.9529	1.3558	0.6620	0.5872s	1.4588	0.6230	0.5737
33
0435	0.8628	0.9493	1.3525	0.6580	0.8482s	1.4586	0.6230	0.5753
34
0436	0.8491	0.9536	1.3543	0.6600	0.2857s	1.4620	0.6220	0.5767
35
0437	0.8516	0.9479	1.3591	0.6620	0.6382s	1.4651	0.6160	0.5652
36
0438	0.8431	0.9536	1.3636	0.6580	1.1454s	1.4679	0.6150	0.5664
37
0439	0.8430	0.9521	1.3659	0.6620	0.7644s	1.4685	0.6190	0.5651
38
0440	0.8342	0.9486	1.3641	0.6580	0.8920s	1.4683	0.6170	0.5629
39
0441	0.8399	0.9550	1.3602	0.6600	0.2658s	1.4660	0.6190	0.5607
40
0442	0.8521	0.9457	1.3547	0.6540	0.9097s	1.4632	0.6180	0.5616
41
0443	0.8515	0.9479	1.3514	0.6600	0.2912s	1.4592	0.6210	0.5668
42
0444	0.8648	0.9550	1.3488	0.6580	1.2125s	1.4569	0.6230	0.5696
43
0445	0.8528	0.9550	1.3469	0.6660	0.7240s	1.4553	0.6240	0.5791
44
0446	0.8325	0.9514	1.3471	0.6680	1.3517s	1.4555	0.6260	0.5824
45
0447	0.8385	0.9543	1.3511	0.6660	0.2460s	1.4575	0.6230	0.5726
46
0448	0.8347	0.9507	1.3539	0.6620	0.5778s	1.4573	0.6250	0.5728
47
0449	0.8438	0.9579	1.3551	0.6660	0.8250s	1.4571	0.6220	0.5701
48
0450	0.8402	0.9500	1.3563	0.6620	0.3065s	1.4568	0.6210	0.5683
49
0451	0.8258	0.9486	1.3568	0.6620	1.1552s	1.4572	0.6210	0.5687
50
0452	0.8498	0.9571	1.3554	0.6620	0.2525s	1.4574	0.6220	0.5687
51
0453	0.8477	0.9579	1.3540	0.6620	0.8486s	1.4575	0.6220	0.5681
52
0454	0.8557	0.9586	1.3539	0.6640	1.0345s	1.4579	0.6260	0.5703
53
0455	0.8366	0.9593	1.3563	0.6700	0.8326s	1.4599	0.6260	0.5715
54
0456	0.8557	0.9550	1.3552	0.6640	0.5190s	1.4585	0.6280	0.5735
55
0457	0.8498	0.9579	1.3548	0.6600	0.6596s	1.4562	0.6280	0.5747
56
0458	0.8510	0.9507	1.3540	0.6600	0.8026s	1.4553	0.6280	0.5719
57
0459	0.8443	0.9579	1.3540	0.6660	0.2730s	1.4572	0.6290	0.5710
58
0460	0.8474	0.9493	1.3558	0.6620	0.4535s	1.4619	0.6290	0.5760
59
0461	0.8429	0.9579	1.3583	0.6660	0.5033s	1.4651	0.6220	0.5720
60
0462	0.8349	0.9543	1.3568	0.6640	0.8235s	1.4630	0.6190	0.5702
61
0463	0.8549	0.9564	1.3544	0.6660	0.5077s	1.4587	0.6270	0.5835
62
0464	0.8435	0.9521	1.3533	0.6680	0.2745s	1.4572	0.6250	0.5773
63
0465	0.8498	0.9521	1.3507	0.6720	1.2190s	1.4536	0.6270	0.5690
64
0466	0.8382	0.9500	1.3519	0.6760	0.2710s	1.4518	0.6260	0.5697
65
0467	0.8409	0.9564	1.3557	0.6680	0.8235s	1.4551	0.6220	0.5680
66
0468	0.8568	0.9507	1.3620	0.6640	0.2764s	1.4627	0.6280	0.5760
67
0469	0.8254	0.9543	1.3659	0.6620	0.4635s	1.4675	0.6240	0.5711
68
0470	0.8299	0.9529	1.3659	0.6620	1.0818s	1.4665	0.6220	0.5711
69
0471	0.8417	0.9564	1.3627	0.6620	1.1933s	1.4608	0.6270	0.5754
70
0472	0.8520	0.9521	1.3596	0.6660	0.2752s	1.4556	0.6270	0.5746
71
0473	0.8545	0.9486	1.3572	0.6620	0.3079s	1.4560	0.6290	0.5768
72
0474	0.8500	0.9500	1.3553	0.6620	0.5060s	1.4593	0.6280	0.5752
73
0475	0.8170	0.9450	1.3544	0.6600	0.9530s	1.4623	0.6240	0.5665
74
0476	0.8502	0.9543	1.3531	0.6600	0.4293s	1.4643	0.6230	0.5670
75
0477	0.8424	0.9593	1.3557	0.6540	0.7221s	1.4642	0.6260	0.5793
76
0478	0.8594	0.9479	1.3543	0.6580	0.2926s	1.4613	0.6230	0.5747
77
0479	0.8295	0.9521	1.3539	0.6600	1.2181s	1.4572	0.6250	0.5768
78
0480	0.8358	0.9436	1.3541	0.6640	0.6652s	1.4540	0.6300	0.5815
79
0481	0.8463	0.9557	1.3545	0.6580	0.2906s	1.4532	0.6210	0.5662
80
0482	0.8214	0.9543	1.3556	0.6580	0.9941s	1.4547	0.6280	0.5739
81
0483	0.8357	0.9514	1.3553	0.6640	0.2510s	1.4552	0.6260	0.5701
82
0484	0.8323	0.9429	1.3595	0.6560	0.7138s	1.4560	0.6270	0.5691
83
0485	0.8515	0.9521	1.3645	0.6600	0.2622s	1.4585	0.6210	0.5612
84
0486	0.8572	0.9593	1.3692	0.6640	1.1265s	1.4602	0.6230	0.5662
85
0487	0.8381	0.9457	1.3694	0.6600	0.2907s	1.4613	0.6190	0.5660
86
0488	0.8349	0.9500	1.3679	0.6640	1.1899s	1.4612	0.6210	0.5673
87
0489	0.8477	0.9471	1.3620	0.6700	0.2916s	1.4590	0.6220	0.5699
88
0490	0.8534	0.9471	1.3579	0.6660	0.2959s	1.4592	0.6290	0.5780
89
0491	0.8567	0.9486	1.3565	0.6660	0.6553s	1.4595	0.6290	0.5758
90
0492	0.8396	0.9471	1.3564	0.6580	0.3330s	1.4602	0.6270	0.5758
91
0493	0.8547	0.9571	1.3562	0.6520	1.1164s	1.4585	0.6300	0.5751
92
0494	0.8443	0.9579	1.3562	0.6500	0.2987s	1.4565	0.6290	0.5754
93
0495	0.8239	0.9571	1.3586	0.6540	0.5226s	1.4558	0.6290	0.5781
94
0496	0.8422	0.9379	1.3638	0.6620	1.0247s	1.4586	0.6280	0.5740
95
0497	0.8621	0.9486	1.3619	0.6600	0.3128s	1.4579	0.6220	0.5705
96
0498	0.8424	0.9607	1.3554	0.6620	0.3860s	1.4552	0.6270	0.5748
97
0499	0.8380	0.9557	1.3488	0.6680	0.9819s	1.4499	0.6240	0.5737
98
0500	0.8218	0.9579	1.3450	0.6680	0.2956s	1.4465	0.6250	0.5725
99
0501	0.8417	0.9443	1.3428	0.6640	0.7448s	1.4455	0.6240	0.5672
100
0502	0.8573	0.9543	1.3449	0.6660	0.4942s	1.4473	0.6240	0.5670
101
0503	0.8527	0.9500	1.3525	0.6620	0.7518s	1.4545	0.6260	0.5713
102
0504	0.8414	0.9479	1.3594	0.6540	0.2651s	1.4616	0.6190	0.5669
103
0505	0.8382	0.9493	1.3590	0.6620	0.7172s	1.4608	0.6210	0.5714
104
0506	0.8499	0.9543	1.3543	0.6640	0.3506s	1.4551	0.6220	0.5694
105
0507	0.8308	0.9643	1.3506	0.6620	1.0035s	1.4500	0.6260	0.5721
106
0508	0.8490	0.9521	1.3472	0.6640	0.6300s	1.4460	0.6290	0.5860
107
0509	0.8465	0.9429	1.3467	0.6600	0.2573s	1.4481	0.6320	0.5871
108
0510	0.8413	0.9550	1.3505	0.6580	0.9135s	1.4524	0.6330	0.5762
109
0511	0.8412	0.9457	1.3573	0.6640	0.5866s	1.4597	0.6260	0.5682
110
0512	0.8334	0.9507	1.3624	0.6660	0.2592s	1.4665	0.6240	0.5669
111
0513	0.8425	0.9486	1.3641	0.6640	0.7928s	1.4693	0.6220	0.5640
112
0514	0.8466	0.9471	1.3603	0.6720	0.8931s	1.4669	0.6270	0.5732
113
0515	0.8520	0.9521	1.3533	0.6700	0.6885s	1.4601	0.6270	0.5729
114
0516	0.8462	0.9550	1.3467	0.6660	0.9463s	1.4530	0.6270	0.5721
115
0517	0.8554	0.9450	1.3459	0.6640	0.3931s	1.4502	0.6270	0.5727
116
0518	0.8687	0.9514	1.3463	0.6600	0.8116s	1.4482	0.6300	0.5767
117
0519	0.8400	0.9571	1.3507	0.6620	0.7348s	1.4520	0.6210	0.5654
118
0520	0.8420	0.9507	1.3563	0.6640	0.3192s	1.4578	0.6220	0.5689
119
0521	0.8390	0.9471	1.3586	0.6660	0.9204s	1.4598	0.6220	0.5637
120
0522	0.8259	0.9507	1.3563	0.6640	0.3200s	1.4575	0.6240	0.5660
121
0523	0.8362	0.9557	1.3535	0.6660	1.1216s	1.4542	0.6270	0.5697
122
0524	0.8422	0.9550	1.3520	0.6620	0.2916s	1.4539	0.6270	0.5772
123
0525	0.8536	0.9507	1.3532	0.6580	1.0857s	1.4556	0.6240	0.5720
124
0526	0.8538	0.9529	1.3563	0.6580	0.6465s	1.4589	0.6220	0.5680
125
0527	0.8416	0.9543	1.3607	0.6580	0.3708s	1.4606	0.6270	0.5715
126
0528	0.8422	0.9521	1.3623	0.6600	1.2438s	1.4612	0.6220	0.5657
127
0529	0.8385	0.9529	1.3602	0.6620	0.7730s	1.4597	0.6240	0.5648
128
0530	0.8316	0.9543	1.3569	0.6600	0.8015s	1.4606	0.6220	0.5639
129
0531	0.8359	0.9614	1.3552	0.6600	0.2559s	1.4587	0.6220	0.5660
130
0532	0.8377	0.9550	1.3547	0.6600	1.0963s	1.4580	0.6260	0.5697
131
0533	0.8297	0.9564	1.3551	0.6600	0.4643s	1.4570	0.6260	0.5751
132
0534	0.8498	0.9521	1.3543	0.6560	1.1355s	1.4561	0.6280	0.5845
133
0535	0.8417	0.9450	1.3538	0.6620	0.3335s	1.4571	0.6300	0.5759
134
0536	0.8350	0.9507	1.3519	0.6600	0.7322s	1.4581	0.6300	0.5763
135
0537	0.8512	0.9414	1.3492	0.6640	0.6299s	1.4568	0.6250	0.5734
136
0538	0.8409	0.9600	1.3469	0.6580	1.0919s	1.4568	0.6280	0.5729
137
0539	0.8386	0.9521	1.3485	0.6560	0.2525s	1.4603	0.6260	0.5735
138
0540	0.8371	0.9479	1.3513	0.6520	0.3684s	1.4640	0.6270	0.5703
139
0541	0.8472	0.9564	1.3531	0.6540	0.4026s	1.4653	0.6280	0.5696
140
0542	0.8394	0.9557	1.3517	0.6560	1.1695s	1.4634	0.6250	0.5691
141
0543	0.8269	0.9529	1.3508	0.6580	0.2530s	1.4595	0.6280	0.5731
142
0544	0.8420	0.9557	1.3497	0.6640	0.9092s	1.4568	0.6280	0.5765
143
0545	0.8373	0.9600	1.3498	0.6640	0.8787s	1.4575	0.6220	0.5825
144
0546	0.8637	0.9493	1.3512	0.6640	0.4335s	1.4597	0.6210	0.5813
145
0547	0.8350	0.9464	1.3517	0.6640	0.8470s	1.4609	0.6200	0.5767
146
0548	0.8364	0.9529	1.3520	0.6660	0.7856s	1.4625	0.6270	0.5802
147
0549	0.8339	0.9536	1.3518	0.6600	0.6522s	1.4652	0.6260	0.5708
148
0550	0.8471	0.9536	1.3502	0.6540	0.8607s	1.4671	0.6260	0.5699
149
0551	0.8522	0.9521	1.3459	0.6580	1.1292s	1.4665	0.6300	0.5758
150
0552	0.8440	0.9536	1.3412	0.6580	0.3453s	1.4634	0.6280	0.5731
151
0553	0.8389	0.9586	1.3395	0.6640	0.5536s	1.4593	0.6330	0.5782
0
0554	0.8444	0.9464	1.3395	0.6640	1.0165s	1.4541	0.6290	0.5842
0
0555	0.8513	0.9464	1.3435	0.6700	0.3493s	1.4528	0.6300	0.5823
1
0556	0.8444	0.9479	1.3477	0.6700	0.3399s	1.4531	0.6290	0.5799
2
0557	0.8736	0.9493	1.3532	0.6700	0.7686s	1.4555	0.6300	0.5736
3
0558	0.8245	0.9636	1.3552	0.6620	0.6380s	1.4579	0.6250	0.5686
4
0559	0.8502	0.9514	1.3570	0.6620	0.3479s	1.4602	0.6280	0.5737
5
0560	0.8355	0.9579	1.3562	0.6600	1.1527s	1.4603	0.6220	0.5660
6
0561	0.8440	0.9414	1.3530	0.6600	0.2770s	1.4581	0.6250	0.5679
7
0562	0.8306	0.9607	1.3490	0.6640	0.8856s	1.4543	0.6240	0.5778
8
0563	0.8251	0.9593	1.3500	0.6640	0.3687s	1.4542	0.6260	0.5790
9
0564	0.8373	0.9593	1.3528	0.6620	0.3144s	1.4554	0.6290	0.5831
10
0565	0.8322	0.9457	1.3559	0.6660	1.0337s	1.4574	0.6280	0.5819
11
0566	0.8383	0.9579	1.3600	0.6620	0.8260s	1.4631	0.6280	0.5855
12
0567	0.8367	0.9536	1.3626	0.6620	0.9210s	1.4671	0.6270	0.5734
13
0568	0.8424	0.9564	1.3641	0.6640	0.9801s	1.4677	0.6270	0.5736
14
0569	0.8575	0.9543	1.3611	0.6700	0.8452s	1.4640	0.6250	0.5714
15
0570	0.8429	0.9486	1.3560	0.6680	0.3462s	1.4578	0.6240	0.5696
16
0571	0.8380	0.9586	1.3517	0.6740	0.3618s	1.4560	0.6240	0.5716
17
0572	0.8420	0.9521	1.3480	0.6680	0.6524s	1.4566	0.6240	0.5703
18
0573	0.8506	0.9579	1.3460	0.6700	0.2794s	1.4585	0.6240	0.5742
19
0574	0.8287	0.9586	1.3477	0.6660	1.0498s	1.4628	0.6230	0.5720
20
0575	0.8471	0.9607	1.3532	0.6600	0.2514s	1.4676	0.6220	0.5709
21
0576	0.8554	0.9571	1.3554	0.6640	0.7937s	1.4673	0.6210	0.5791
22
0577	0.8398	0.9521	1.3525	0.6600	1.0253s	1.4632	0.6210	0.5761
23
0578	0.8258	0.9536	1.3498	0.6680	0.4499s	1.4595	0.6240	0.5728
24
0579	0.8340	0.9443	1.3490	0.6720	0.2794s	1.4585	0.6200	0.5668
25
0580	0.8492	0.9529	1.3513	0.6660	0.8065s	1.4598	0.6200	0.5606
26
0581	0.8499	0.9614	1.3517	0.6640	1.0291s	1.4586	0.6220	0.5635
27
0582	0.8483	0.9486	1.3519	0.6560	0.2536s	1.4568	0.6220	0.5632
28
0583	0.8347	0.9550	1.3527	0.6580	0.3334s	1.4551	0.6220	0.5679
29
0584	0.8433	0.9457	1.3523	0.6560	0.4157s	1.4535	0.6240	0.5815
30
0585	0.8390	0.9500	1.3515	0.6640	1.0188s	1.4537	0.6250	0.5802
31
0586	0.8453	0.9536	1.3519	0.6640	0.7568s	1.4534	0.6310	0.5878
32
0587	0.8361	0.9500	1.3560	0.6640	0.2534s	1.4552	0.6290	0.5872
33
0588	0.8435	0.9443	1.3587	0.6600	1.0147s	1.4559	0.6240	0.5834
34
0589	0.8452	0.9450	1.3594	0.6580	1.0480s	1.4559	0.6220	0.5761
35
0590	0.8470	0.9529	1.3583	0.6600	0.2563s	1.4578	0.6230	0.5650
36
0591	0.8562	0.9407	1.3562	0.6560	1.1190s	1.4579	0.6260	0.5679
37
0592	0.8454	0.9493	1.3557	0.6580	0.2655s	1.4562	0.6260	0.5696
38
0593	0.8295	0.9621	1.3570	0.6640	0.4753s	1.4552	0.6280	0.5732
39
0594	0.8472	0.9571	1.3589	0.6660	1.0307s	1.4561	0.6250	0.5796
40
0595	0.8345	0.9529	1.3607	0.6720	0.3389s	1.4596	0.6250	0.5807
41
0596	0.8486	0.9586	1.3612	0.6660	0.4955s	1.4628	0.6210	0.5766
42
0597	0.8295	0.9536	1.3600	0.6640	0.6634s	1.4640	0.6210	0.5766
43
0598	0.8340	0.9564	1.3584	0.6600	1.0407s	1.4619	0.6190	0.5648
44
0599	0.8394	0.9507	1.3579	0.6540	0.3194s	1.4611	0.6180	0.5639
45
0600	0.8412	0.9629	1.3563	0.6540	0.3326s	1.4600	0.6230	0.5717
46
0601	0.8334	0.9450	1.3548	0.6640	1.0750s	1.4584	0.6240	0.5741
47
0602	0.8346	0.9493	1.3526	0.6660	0.9842s	1.4569	0.6250	0.5809
48
0603	0.8380	0.9421	1.3553	0.6640	0.3540s	1.4587	0.6250	0.5797
49
0604	0.8428	0.9529	1.3613	0.6700	0.3975s	1.4623	0.6180	0.5706
50
0605	0.8402	0.9486	1.3672	0.6660	1.0472s	1.4656	0.6100	0.5542
51
0606	0.8481	0.9521	1.3670	0.6620	0.2774s	1.4648	0.6130	0.5563
52
0607	0.8457	0.9564	1.3660	0.6600	1.1223s	1.4650	0.6130	0.5570
53
0608	0.8318	0.9429	1.3621	0.6600	0.2517s	1.4634	0.6160	0.5594
54
0609	0.8371	0.9571	1.3583	0.6620	0.3388s	1.4628	0.6180	0.5668
55
0610	0.8188	0.9493	1.3545	0.6560	1.0559s	1.4625	0.6230	0.5704
56
0611	0.8271	0.9586	1.3519	0.6560	0.2788s	1.4618	0.6240	0.5715
57
0612	0.8386	0.9571	1.3517	0.6580	1.0168s	1.4606	0.6230	0.5772
58
0613	0.8363	0.9507	1.3537	0.6520	0.4860s	1.4586	0.6240	0.5777
59
0614	0.8401	0.9536	1.3557	0.6460	0.3023s	1.4564	0.6230	0.5778
60
0615	0.8369	0.9529	1.3553	0.6540	1.0223s	1.4545	0.6240	0.5681
61
0616	0.8414	0.9571	1.3542	0.6580	0.2659s	1.4535	0.6220	0.5677
62
0617	0.8447	0.9550	1.3539	0.6580	1.0186s	1.4541	0.6240	0.5687
63
0618	0.8388	0.9521	1.3522	0.6580	1.0755s	1.4544	0.6220	0.5658
64
0619	0.8365	0.9650	1.3532	0.6620	0.9231s	1.4561	0.6210	0.5663
65
0620	0.8242	0.9550	1.3561	0.6560	0.9064s	1.4592	0.6260	0.5731
66
0621	0.8510	0.9486	1.3571	0.6540	0.7540s	1.4603	0.6260	0.5722
67
0622	0.8254	0.9543	1.3559	0.6520	0.5706s	1.4595	0.6180	0.5677
68
0623	0.8293	0.9671	1.3526	0.6620	1.1788s	1.4552	0.6210	0.5717
69
0624	0.8506	0.9557	1.3507	0.6640	0.2686s	1.4512	0.6180	0.5678
70
0625	0.8254	0.9543	1.3508	0.6600	1.2284s	1.4484	0.6190	0.5615
71
0626	0.8353	0.9521	1.3540	0.6600	0.7770s	1.4516	0.6220	0.5638
72
0627	0.8452	0.9471	1.3574	0.6580	0.8924s	1.4593	0.6190	0.5604
73
0628	0.8423	0.9507	1.3614	0.6660	0.2482s	1.4689	0.6180	0.5605
74
0629	0.8360	0.9450	1.3655	0.6640	1.1708s	1.4764	0.6190	0.5644
75
0630	0.8439	0.9564	1.3672	0.6600	0.2642s	1.4778	0.6200	0.5695
76
0631	0.8559	0.9507	1.3646	0.6600	0.3181s	1.4704	0.6180	0.5714
77
0632	0.8448	0.9600	1.3606	0.6600	0.8855s	1.4608	0.6220	0.5761
78
0633	0.8340	0.9507	1.3565	0.6560	0.9000s	1.4524	0.6280	0.5887
79
0634	0.8257	0.9521	1.3537	0.6540	0.2933s	1.4489	0.6240	0.5727
80
0635	0.8425	0.9521	1.3517	0.6580	0.3352s	1.4481	0.6210	0.5707
81
0636	0.8492	0.9443	1.3509	0.6580	1.1398s	1.4497	0.6210	0.5702
82
0637	0.8344	0.9493	1.3536	0.6620	0.2603s	1.4541	0.6180	0.5679
83
0638	0.8346	0.9500	1.3569	0.6640	1.0359s	1.4578	0.6200	0.5736
84
0639	0.8232	0.9579	1.3584	0.6620	1.0342s	1.4592	0.6280	0.5856
85
0640	0.8379	0.9593	1.3577	0.6580	1.1282s	1.4587	0.6280	0.5754
86
0641	0.8601	0.9579	1.3508	0.6520	0.5744s	1.4517	0.6330	0.5871
87
0642	0.8308	0.9557	1.3439	0.6560	0.3040s	1.4466	0.6260	0.5787
88
0643	0.8442	0.9436	1.3399	0.6640	0.3262s	1.4441	0.6300	0.5899
89
0644	0.8349	0.9493	1.3376	0.6640	1.1741s	1.4451	0.6290	0.5870
90
0645	0.8311	0.9486	1.3399	0.6660	0.2944s	1.4508	0.6220	0.5764
0
0646	0.8419	0.9571	1.3456	0.6640	1.0888s	1.4598	0.6200	0.5720
1
0647	0.8459	0.9564	1.3504	0.6620	0.6404s	1.4640	0.6210	0.5685
2
0648	0.8481	0.9514	1.3518	0.6580	0.6666s	1.4616	0.6260	0.5781
3
0649	0.8439	0.9607	1.3542	0.6620	0.2533s	1.4582	0.6260	0.5797
4
0650	0.8456	0.9557	1.3577	0.6580	0.3649s	1.4569	0.6230	0.5726
5
0651	0.8476	0.9564	1.3594	0.6600	1.0017s	1.4555	0.6210	0.5667
6
0652	0.8549	0.9450	1.3578	0.6620	0.4933s	1.4559	0.6210	0.5771
7
0653	0.8219	0.9650	1.3553	0.6560	1.0940s	1.4598	0.6250	0.5699
8
0654	0.8363	0.9621	1.3536	0.6540	0.2965s	1.4628	0.6220	0.5711
9
0655	0.8283	0.9550	1.3552	0.6600	1.1304s	1.4644	0.6210	0.5723
10
0656	0.8435	0.9464	1.3563	0.6580	0.3278s	1.4631	0.6210	0.5757
11
0657	0.8254	0.9650	1.3564	0.6560	0.9990s	1.4596	0.6180	0.5731
12
0658	0.8309	0.9479	1.3565	0.6580	0.6581s	1.4577	0.6170	0.5768
13
0659	0.8211	0.9514	1.3545	0.6600	0.9994s	1.4555	0.6160	0.5723
14
0660	0.8380	0.9543	1.3515	0.6640	0.2770s	1.4538	0.6220	0.5761
15
0661	0.8311	0.9593	1.3509	0.6600	0.5903s	1.4560	0.6230	0.5676
16
0662	0.8618	0.9521	1.3516	0.6500	0.8574s	1.4586	0.6220	0.5636
17
0663	0.8367	0.9529	1.3565	0.6540	0.2904s	1.4649	0.6250	0.5658
18
0664	0.8526	0.9521	1.3593	0.6480	0.3652s	1.4692	0.6270	0.5701
19
0665	0.8289	0.9571	1.3595	0.6500	0.3371s	1.4694	0.6290	0.5754
20
0666	0.8532	0.9486	1.3575	0.6520	1.1011s	1.4659	0.6240	0.5720
21
0667	0.8513	0.9536	1.3552	0.6560	0.2576s	1.4622	0.6230	0.5750
22
0668	0.8531	0.9536	1.3524	0.6620	1.0122s	1.4607	0.6220	0.5722
23
0669	0.8495	0.9493	1.3520	0.6640	0.5243s	1.4601	0.6250	0.5725
24
0670	0.8346	0.9543	1.3550	0.6620	0.2847s	1.4633	0.6230	0.5663
25
0671	0.8215	0.9586	1.3599	0.6560	0.7647s	1.4673	0.6230	0.5676
26
0672	0.8339	0.9564	1.3639	0.6560	0.8520s	1.4691	0.6220	0.5648
27
0673	0.8102	0.9571	1.3629	0.6520	1.1177s	1.4663	0.6200	0.5623
28
0674	0.8319	0.9543	1.3604	0.6560	0.4557s	1.4648	0.6180	0.5613
29
0675	0.8205	0.9493	1.3548	0.6600	0.6564s	1.4613	0.6200	0.5619
30
0676	0.8295	0.9586	1.3465	0.6600	0.8833s	1.4565	0.6250	0.5692
31
0677	0.8380	0.9507	1.3428	0.6600	1.0557s	1.4531	0.6270	0.5697
32
0678	0.8498	0.9486	1.3450	0.6620	0.4968s	1.4548	0.6260	0.5712
33
0679	0.8495	0.9450	1.3510	0.6580	0.3675s	1.4606	0.6250	0.5713
34
0680	0.8340	0.9529	1.3561	0.6540	0.7726s	1.4651	0.6200	0.5636
35
0681	0.8372	0.9593	1.3607	0.6580	0.9509s	1.4679	0.6180	0.5711
36
0682	0.8335	0.9536	1.3626	0.6580	0.5844s	1.4664	0.6150	0.5590
37
0683	0.8528	0.9521	1.3586	0.6540	1.1533s	1.4593	0.6210	0.5653
38
0684	0.8219	0.9493	1.3512	0.6600	0.6962s	1.4515	0.6300	0.5746
39
0685	0.8395	0.9629	1.3464	0.6620	0.2516s	1.4501	0.6290	0.5748
40
0686	0.8499	0.9521	1.3454	0.6640	0.8370s	1.4525	0.6310	0.5810
41
0687	0.8350	0.9464	1.3488	0.6560	0.2746s	1.4559	0.6270	0.5762
42
0688	0.8379	0.9557	1.3572	0.6620	1.0957s	1.4613	0.6250	0.5747
43
0689	0.8462	0.9529	1.3613	0.6600	0.3594s	1.4647	0.6190	0.5692
44
0690	0.8548	0.9457	1.3620	0.6580	0.8508s	1.4649	0.6190	0.5677
45
0691	0.8292	0.9550	1.3594	0.6580	0.5300s	1.4637	0.6240	0.5690
46
0692	0.8193	0.9564	1.3564	0.6620	0.7266s	1.4632	0.6220	0.5676
47
0693	0.8175	0.9429	1.3546	0.6620	0.8388s	1.4644	0.6200	0.5662
48
0694	0.8470	0.9521	1.3527	0.6620	0.5038s	1.4633	0.6210	0.5674
49
0695	0.8434	0.9450	1.3518	0.6640	0.8059s	1.4611	0.6220	0.5662
50
0696	0.8301	0.9550	1.3520	0.6620	0.2832s	1.4582	0.6250	0.5708
51
0697	0.8438	0.9593	1.3503	0.6580	1.0694s	1.4560	0.6260	0.5750
52
0698	0.8386	0.9593	1.3495	0.6620	0.5496s	1.4553	0.6250	0.5736
53
0699	0.8312	0.9550	1.3501	0.6640	0.3522s	1.4561	0.6190	0.5699
54
0700	0.8438	0.9657	1.3515	0.6560	0.7476s	1.4566	0.6170	0.5719
55
0701	0.8328	0.9550	1.3567	0.6540	0.2961s	1.4596	0.6180	0.5768
56
0702	0.8455	0.9500	1.3614	0.6560	0.8563s	1.4598	0.6220	0.5769
57
0703	0.8414	0.9464	1.3646	0.6640	0.2849s	1.4596	0.6230	0.5706
58
0704	0.8497	0.9607	1.3611	0.6640	0.2645s	1.4574	0.6250	0.5750
59
0705	0.8373	0.9557	1.3568	0.6640	0.7332s	1.4563	0.6250	0.5690
60
0706	0.8378	0.9550	1.3518	0.6600	0.5375s	1.4546	0.6230	0.5660
61
0707	0.8406	0.9507	1.3488	0.6620	1.1547s	1.4515	0.6220	0.5655
62
0708	0.8110	0.9514	1.3481	0.6580	0.2844s	1.4483	0.6250	0.5799
63
0709	0.8275	0.9536	1.3496	0.6580	0.9855s	1.4478	0.6250	0.5774
64
0710	0.8298	0.9550	1.3523	0.6580	0.5494s	1.4498	0.6270	0.5801
65
0711	0.8494	0.9493	1.3547	0.6560	0.3579s	1.4524	0.6280	0.5803
66
0712	0.8503	0.9557	1.3566	0.6580	0.4003s	1.4553	0.6240	0.5761
67
0713	0.8392	0.9393	1.3635	0.6640	1.0066s	1.4568	0.6260	0.5817
68
0714	0.8379	0.9571	1.3679	0.6640	0.2757s	1.4586	0.6210	0.5763
69
0715	0.8449	0.9543	1.3709	0.6640	1.0766s	1.4626	0.6230	0.5707
70
0716	0.8346	0.9521	1.3675	0.6620	0.9404s	1.4617	0.6270	0.5766
71
0717	0.8369	0.9600	1.3625	0.6580	0.2821s	1.4595	0.6240	0.5676
72
0718	0.8379	0.9536	1.3588	0.6540	1.0288s	1.4605	0.6220	0.5612
73
0719	0.8278	0.9629	1.3570	0.6560	0.4203s	1.4614	0.6270	0.5653
74
0720	0.8444	0.9607	1.3542	0.6520	0.3045s	1.4584	0.6310	0.5719
75
0721	0.8416	0.9564	1.3516	0.6580	0.9375s	1.4554	0.6300	0.5692
76
0722	0.8269	0.9607	1.3533	0.6580	0.2881s	1.4564	0.6330	0.5870
77
0723	0.8542	0.9571	1.3568	0.6620	1.2396s	1.4606	0.6310	0.5875
78
0724	0.8533	0.9507	1.3622	0.6600	0.2745s	1.4637	0.6320	0.5863
79
0725	0.8518	0.9429	1.3670	0.6600	0.2981s	1.4654	0.6300	0.5792
80
0726	0.8449	0.9557	1.3679	0.6680	0.4466s	1.4644	0.6360	0.5837
81
0727	0.8423	0.9564	1.3666	0.6680	1.0952s	1.4641	0.6330	0.5798
82
0728	0.8260	0.9521	1.3593	0.6680	0.2687s	1.4613	0.6300	0.5752
83
0729	0.8477	0.9536	1.3525	0.6640	0.9229s	1.4597	0.6280	0.5715
84
0730	0.8429	0.9521	1.3523	0.6600	0.9442s	1.4609	0.6240	0.5657
85
0731	0.8287	0.9536	1.3549	0.6600	0.6271s	1.4616	0.6240	0.5686
86
0732	0.8238	0.9550	1.3577	0.6560	1.0571s	1.4634	0.6250	0.5691
87
0733	0.8309	0.9536	1.3578	0.6600	0.6361s	1.4636	0.6250	0.5754
88
0734	0.8226	0.9543	1.3571	0.6660	0.2986s	1.4625	0.6220	0.5750
89
0735	0.8267	0.9607	1.3577	0.6600	0.9976s	1.4613	0.6200	0.5733
90
0736	0.8379	0.9579	1.3576	0.6620	0.7541s	1.4608	0.6180	0.5732
91
0737	0.8384	0.9529	1.3580	0.6620	0.6158s	1.4610	0.6140	0.5625
92
0738	0.8257	0.9586	1.3596	0.6580	0.3229s	1.4637	0.6200	0.5720
93
0739	0.8394	0.9607	1.3587	0.6560	0.2906s	1.4653	0.6200	0.5713
94
0740	0.8155	0.9536	1.3565	0.6640	1.2106s	1.4652	0.6210	0.5712
95
0741	0.8415	0.9550	1.3536	0.6680	0.5920s	1.4629	0.6200	0.5672
96
0742	0.8392	0.9600	1.3512	0.6680	0.9467s	1.4586	0.6220	0.5659
97
0743	0.8419	0.9529	1.3533	0.6660	0.3631s	1.4579	0.6230	0.5692
98
0744	0.8540	0.9564	1.3600	0.6620	1.0524s	1.4624	0.6200	0.5782
99
0745	0.8365	0.9571	1.3650	0.6600	0.2707s	1.4680	0.6180	0.5765
100
0746	0.8577	0.9536	1.3619	0.6580	1.1732s	1.4690	0.6170	0.5674
101
0747	0.8436	0.9586	1.3558	0.6660	0.3040s	1.4664	0.6180	0.5666
102
0748	0.8423	0.9493	1.3519	0.6660	0.8509s	1.4637	0.6160	0.5654
103
0749	0.8371	0.9486	1.3491	0.6620	1.1585s	1.4616	0.6240	0.5728
104
0750	0.8303	0.9664	1.3474	0.6660	0.2578s	1.4595	0.6280	0.5773
105
0751	0.8471	0.9529	1.3474	0.6680	0.9389s	1.4580	0.6280	0.5719
106
0752	0.8297	0.9493	1.3490	0.6620	1.0475s	1.4584	0.6190	0.5663
107
0753	0.8245	0.9536	1.3527	0.6620	0.2815s	1.4598	0.6170	0.5653
108
0754	0.8305	0.9600	1.3556	0.6560	0.3462s	1.4599	0.6180	0.5721
109
0755	0.8273	0.9557	1.3585	0.6620	1.1745s	1.4603	0.6170	0.5708
110
0756	0.8130	0.9543	1.3612	0.6620	0.7745s	1.4610	0.6210	0.5736
111
0757	0.8308	0.9493	1.3629	0.6580	0.8481s	1.4630	0.6250	0.5691
112
0758	0.8350	0.9550	1.3625	0.6540	0.9270s	1.4636	0.6250	0.5704
113
0759	0.8388	0.9586	1.3573	0.6520	0.4062s	1.4619	0.6190	0.5643
114
0760	0.8309	0.9586	1.3504	0.6560	0.6676s	1.4599	0.6190	0.5620
115
0761	0.8462	0.9543	1.3458	0.6600	0.3934s	1.4562	0.6220	0.5638
116
0762	0.8339	0.9579	1.3427	0.6660	1.1604s	1.4542	0.6240	0.5678
117
0763	0.8535	0.9450	1.3427	0.6680	0.7783s	1.4522	0.6270	0.5687
118
0764	0.8326	0.9514	1.3508	0.6640	1.2417s	1.4587	0.6200	0.5674
119
0765	0.8351	0.9600	1.3576	0.6580	0.2695s	1.4655	0.6290	0.5772
120
0766	0.8457	0.9521	1.3604	0.6540	0.8876s	1.4675	0.6240	0.5706
121
0767	0.8312	0.9514	1.3570	0.6620	1.0543s	1.4659	0.6270	0.5751
122
0768	0.8510	0.9586	1.3526	0.6660	0.2625s	1.4610	0.6260	0.5815
123
0769	0.8399	0.9536	1.3454	0.6640	0.2794s	1.4532	0.6260	0.5853
124
0770	0.8473	0.9471	1.3414	0.6580	1.0534s	1.4486	0.6300	0.5796
125
0771	0.8279	0.9536	1.3425	0.6580	0.2844s	1.4485	0.6280	0.5779
126
0772	0.8390	0.9464	1.3444	0.6600	1.1208s	1.4509	0.6280	0.5771
127
0773	0.8298	0.9479	1.3504	0.6620	0.2880s	1.4587	0.6250	0.5741
128
0774	0.8378	0.9529	1.3549	0.6620	0.3692s	1.4665	0.6240	0.5765
129
0775	0.8321	0.9493	1.3555	0.6620	1.1711s	1.4691	0.6200	0.5782
130
0776	0.8257	0.9571	1.3539	0.6640	0.2558s	1.4664	0.6170	0.5741
131
0777	0.8327	0.9471	1.3495	0.6680	0.9968s	1.4589	0.6200	0.5707
132
0778	0.8434	0.9593	1.3471	0.6620	0.5736s	1.4544	0.6240	0.5736
133
0779	0.8498	0.9529	1.3478	0.6600	0.9678s	1.4528	0.6240	0.5717
134
0780	0.8349	0.9600	1.3502	0.6560	0.9065s	1.4543	0.6280	0.5715
135
0781	0.8307	0.9557	1.3507	0.6620	0.2923s	1.4550	0.6260	0.5729
136
0782	0.8372	0.9629	1.3527	0.6680	1.0833s	1.4573	0.6250	0.5743
137
0783	0.8359	0.9500	1.3538	0.6660	0.6593s	1.4589	0.6230	0.5730
138
0784	0.8458	0.9529	1.3561	0.6640	0.9274s	1.4608	0.6200	0.5729
139
0785	0.8364	0.9593	1.3578	0.6600	0.5635s	1.4604	0.6190	0.5685
140
0786	0.8324	0.9514	1.3591	0.6640	1.1783s	1.4622	0.6170	0.5681
141
0787	0.8457	0.9586	1.3616	0.6600	0.2617s	1.4641	0.6210	0.5697
142
0788	0.8398	0.9464	1.3635	0.6560	0.4711s	1.4648	0.6240	0.5661
143
0789	0.8532	0.9529	1.3620	0.6520	0.9402s	1.4623	0.6240	0.5681
144
0790	0.8555	0.9514	1.3585	0.6580	0.2968s	1.4584	0.6240	0.5701
145
0791	0.8241	0.9493	1.3556	0.6640	0.8625s	1.4581	0.6210	0.5684
146
0792	0.8406	0.9600	1.3565	0.6660	0.5461s	1.4598	0.6230	0.5701
147
0793	0.8323	0.9714	1.3590	0.6600	1.2426s	1.4631	0.6230	0.5724
148
0794	0.8296	0.9529	1.3597	0.6600	0.3248s	1.4645	0.6220	0.5715
149
0795	0.8372	0.9529	1.3592	0.6580	0.6698s	1.4632	0.6200	0.5704
150
0796	0.8324	0.9571	1.3551	0.6520	0.6962s	1.4588	0.6190	0.5695
151
0797	0.8149	0.9614	1.3538	0.6560	0.2749s	1.4568	0.6200	0.5765
152
0798	0.8263	0.9536	1.3536	0.6540	0.6185s	1.4571	0.6240	0.5766
153
0799	0.8580	0.9471	1.3571	0.6580	0.4999s	1.4620	0.6210	0.5711
154
0800	0.8254	0.9479	1.3597	0.6620	0.9952s	1.4649	0.6200	0.5713
155
0801	0.8338	0.9593	1.3620	0.6640	0.9695s	1.4659	0.6220	0.5742
156
0802	0.8192	0.9600	1.3623	0.6640	0.2639s	1.4640	0.6200	0.5732
157
0803	0.8424	0.9557	1.3600	0.6580	1.0651s	1.4583	0.6250	0.5724
158
0804	0.8329	0.9543	1.3556	0.6560	0.4953s	1.4531	0.6230	0.5674
159
0805	0.8521	0.9400	1.3565	0.6600	0.7525s	1.4534	0.6240	0.5695
160
0806	0.8494	0.9443	1.3609	0.6580	0.9557s	1.4578	0.6220	0.5738
161
0807	0.8422	0.9536	1.3661	0.6580	0.2749s	1.4628	0.6190	0.5661
162
0808	0.8327	0.9436	1.3689	0.6680	0.8429s	1.4644	0.6190	0.5658
163
0809	0.8338	0.9579	1.3671	0.6660	0.2904s	1.4625	0.6190	0.5673
164
0810	0.8417	0.9557	1.3612	0.6640	1.2142s	1.4599	0.6230	0.5715
165
0811	0.8337	0.9543	1.3578	0.6600	0.2623s	1.4567	0.6270	0.5750
166
0812	0.8209	0.9636	1.3553	0.6580	0.9003s	1.4538	0.6260	0.5766
167
0813	0.8362	0.9579	1.3570	0.6560	0.5919s	1.4520	0.6210	0.5661
168
0814	0.8246	0.9586	1.3599	0.6600	0.3475s	1.4505	0.6210	0.5664
169
0815	0.8311	0.9550	1.3638	0.6600	0.7911s	1.4517	0.6200	0.5765
170
0816	0.8268	0.9743	1.3630	0.6580	0.2549s	1.4506	0.6260	0.5808
171
0817	0.8605	0.9443	1.3585	0.6560	1.1325s	1.4518	0.6260	0.5816
172
0818	0.8274	0.9593	1.3517	0.6580	0.9353s	1.4530	0.6280	0.5746
173
0819	0.8432	0.9536	1.3482	0.6560	0.3086s	1.4554	0.6340	0.5850
174
0820	0.8278	0.9507	1.3492	0.6600	0.8697s	1.4587	0.6320	0.5792
175
0821	0.8413	0.9464	1.3511	0.6600	0.8405s	1.4593	0.6280	0.5759
176
0822	0.8320	0.9564	1.3530	0.6600	0.3042s	1.4582	0.6270	0.5744
177
0823	0.8298	0.9636	1.3528	0.6620	1.1954s	1.4574	0.6210	0.5663
178
0824	0.8233	0.9550	1.3535	0.6620	0.2619s	1.4570	0.6160	0.5624
179
0825	0.8393	0.9586	1.3551	0.6660	1.1496s	1.4578	0.6170	0.5621
180
0826	0.8321	0.9550	1.3508	0.6600	1.0991s	1.4565	0.6180	0.5647
181
0827	0.8426	0.9514	1.3467	0.6600	0.8080s	1.4544	0.6260	0.5767
182
0828	0.8255	0.9614	1.3469	0.6640	0.6367s	1.4534	0.6260	0.5745
183
0829	0.8370	0.9607	1.3495	0.6580	0.8700s	1.4544	0.6240	0.5817
184
0830	0.8451	0.9529	1.3525	0.6500	0.2556s	1.4540	0.6240	0.5838
185
0831	0.8525	0.9614	1.3589	0.6600	1.1240s	1.4573	0.6260	0.5863
186
0832	0.8300	0.9536	1.3607	0.6620	0.2512s	1.4586	0.6240	0.5858
187
0833	0.8427	0.9536	1.3585	0.6540	0.4423s	1.4564	0.6230	0.5811
188
0834	0.8297	0.9550	1.3556	0.6620	0.8868s	1.4542	0.6280	0.5860
189
0835	0.8171	0.9557	1.3547	0.6640	0.5673s	1.4526	0.6320	0.5763
190
0836	0.8398	0.9593	1.3584	0.6640	0.7958s	1.4520	0.6300	0.5766
191
0837	0.8225	0.9557	1.3609	0.6660	0.6154s	1.4518	0.6280	0.5801
192
0838	0.8288	0.9557	1.3604	0.6620	0.4840s	1.4515	0.6250	0.5796
193
0839	0.8299	0.9557	1.3589	0.6580	0.9335s	1.4525	0.6220	0.5742
194
0840	0.8343	0.9507	1.3574	0.6560	0.2699s	1.4555	0.6180	0.5713
195
0841	0.8302	0.9514	1.3572	0.6600	0.4211s	1.4598	0.6230	0.5796
196
0842	0.8539	0.9514	1.3542	0.6640	0.3757s	1.4586	0.6270	0.5782
197
0843	0.8308	0.9500	1.3540	0.6660	1.2803s	1.4577	0.6250	0.5662
198
0844	0.8319	0.9621	1.3548	0.6700	0.2704s	1.4567	0.6270	0.5708
199
Early stop! Min loss:1.3376253843307495,  Max accuracy:0.678
Early stop model validation loss:1.3376253843307495,  accuracy:0.664
Optimization Finished!
Total time elapsed: 782.6419s
test max acc:0.6360
Loading 643th epoch
stru_node_to_hop attention:tensor([[0.2500, 0.2500, 0.2500, 0.2500],
        [0.2500, 0.2500, 0.2500, 0.2500],
        [0.2500, 0.2500, 0.2500, 0.2500],
        [0.2500, 0.2500, 0.2500, 0.2500],
        [0.2500, 0.2500, 0.2500, 0.2500],
        [0.2500, 0.2500, 0.2500, 0.2500],
        [0.2500, 0.2500, 0.2500, 0.2500],
        [0.2500, 0.2500, 0.2500, 0.2500],
        [0.2500, 0.2500, 0.2500, 0.2500],
        [0.2500, 0.2500, 0.2500, 0.2500],
        [0.2500, 0.2500, 0.2500, 0.2500],
        [0.2500, 0.2500, 0.2500, 0.2500],
        [0.2500, 0.2500, 0.2500, 0.2500],
        [0.2500, 0.2500, 0.2500, 0.2500],
        [0.2500, 0.2500, 0.2500, 0.2500],
        [0.2500, 0.2500, 0.2500, 0.2500],
        [0.2500, 0.2500, 0.2500, 0.2500],
        [0.2500, 0.2500, 0.2500, 0.2500],
        [0.2500, 0.2500, 0.2500, 0.2500],
        [0.2500, 0.2500, 0.2500, 0.2500],
        [0.2500, 0.2500, 0.2500, 0.2500],
        [0.2500, 0.2500, 0.2500, 0.2500],
        [0.2500, 0.2500, 0.2500, 0.2500],
        [0.2500, 0.2500, 0.2500, 0.2500],
        [0.2500, 0.2500, 0.2500, 0.2500],
        [0.2500, 0.2500, 0.2500, 0.2500],
        [0.2500, 0.2500, 0.2500, 0.2500],
        [0.2500, 0.2500, 0.2500, 0.2500],
        [0.2500, 0.2500, 0.2500, 0.2500],
        [0.2500, 0.2500, 0.2500, 0.2500],
        [0.2500, 0.2500, 0.2500, 0.2500],
        [0.2500, 0.2500, 0.2500, 0.2500],
        [0.2500, 0.2500, 0.2500, 0.2500],
        [0.2500, 0.2500, 0.2500, 0.2500],
        [0.2500, 0.2500, 0.2500, 0.2500],
        [0.2500, 0.2500, 0.2500, 0.2500],
        [0.2500, 0.2500, 0.2500, 0.2500],
        [0.2500, 0.2500, 0.2500, 0.2500],
        [0.2500, 0.2500, 0.2500, 0.2500],
        [0.2500, 0.2500, 0.2500, 0.2500],
        [0.2500, 0.2500, 0.2500, 0.2500],
        [0.2500, 0.2500, 0.2500, 0.2500],
        [0.2500, 0.2500, 0.2500, 0.2500],
        [0.2500, 0.2500, 0.2500, 0.2500],
        [0.2500, 0.2500, 0.2500, 0.2500],
        [0.2500, 0.2500, 0.2500, 0.2500],
        [0.2500, 0.2500, 0.2500, 0.2500],
        [0.2500, 0.2500, 0.2500, 0.2500],
        [0.2500, 0.2500, 0.2500, 0.2500],
        [0.2500, 0.2500, 0.2500, 0.2500],
        [0.2500, 0.2500, 0.2500, 0.2500],
        [0.2500, 0.2500, 0.2500, 0.2500],
        [0.2500, 0.2500, 0.2500, 0.2500],
        [0.2500, 0.2500, 0.2500, 0.2500],
        [0.2500, 0.2500, 0.2500, 0.2500],
        [0.2500, 0.2500, 0.2500, 0.2500],
        [0.2500, 0.2500, 0.2500, 0.2500],
        [0.2500, 0.2500, 0.2500, 0.2500],
        [0.2500, 0.2500, 0.2500, 0.2500],
        [0.2500, 0.2500, 0.2500, 0.2500],
        [0.2500, 0.2500, 0.2500, 0.2500],
        [0.2500, 0.2500, 0.2500, 0.2500],
        [0.2500, 0.2500, 0.2500, 0.2500],
        [0.2500, 0.2500, 0.2500, 0.2500],
        [0.2500, 0.2500, 0.2500, 0.2500],
        [0.2500, 0.2500, 0.2500, 0.2500],
        [0.2500, 0.2500, 0.2500, 0.2500],
        [0.2500, 0.2500, 0.2500, 0.2500],
        [0.2500, 0.2500, 0.2500, 0.2500],
        [0.2500, 0.2500, 0.2500, 0.2500],
        [0.2500, 0.2500, 0.2500, 0.2500],
        [0.2500, 0.2500, 0.2500, 0.2500],
        [0.2500, 0.2500, 0.2500, 0.2500],
        [0.2500, 0.2500, 0.2500, 0.2500],
        [0.2500, 0.2500, 0.2500, 0.2500],
        [0.2500, 0.2500, 0.2500, 0.2500],
        [0.2500, 0.2500, 0.2500, 0.2500],
        [0.2500, 0.2500, 0.2500, 0.2500],
        [0.2500, 0.2500, 0.2500, 0.2500],
        [0.2500, 0.2500, 0.2500, 0.2500],
        [0.2500, 0.2500, 0.2500, 0.2500],
        [0.2500, 0.2500, 0.2500, 0.2500],
        [0.2500, 0.2500, 0.2500, 0.2500],
        [0.2500, 0.2500, 0.2500, 0.2500],
        [0.2500, 0.2500, 0.2500, 0.2500],
        [0.2500, 0.2500, 0.2500, 0.2500],
        [0.2500, 0.2500, 0.2500, 0.2500],
        [0.2500, 0.2500, 0.2500, 0.2500],
        [0.2500, 0.2500, 0.2500, 0.2500],
        [0.2500, 0.2500, 0.2500, 0.2500],
        [0.2500, 0.2500, 0.2500, 0.2500],
        [0.2500, 0.2500, 0.2500, 0.2500],
        [0.2500, 0.2500, 0.2500, 0.2500],
        [0.2500, 0.2500, 0.2500, 0.2500],
        [0.2500, 0.2500, 0.2500, 0.2500],
        [0.2500, 0.2500, 0.2500, 0.2500],
        [0.2500, 0.2500, 0.2500, 0.2500],
        [0.2500, 0.2500, 0.2500, 0.2500],
        [0.2500, 0.2500, 0.2500, 0.2500],
        [0.2500, 0.2500, 0.2500, 0.2500]], device='cuda:7')
fea_node_to_hop attention:tensor([[0.2500, 0.2500, 0.2500, 0.2500],
        [0.2500, 0.2500, 0.2500, 0.2500],
        [0.2500, 0.2500, 0.2500, 0.2500],
        [0.2500, 0.2500, 0.2500, 0.2500],
        [0.2500, 0.2500, 0.2500, 0.2500],
        [0.2500, 0.2500, 0.2500, 0.2500],
        [0.2500, 0.2500, 0.2500, 0.2500],
        [0.2500, 0.2500, 0.2500, 0.2500],
        [0.2500, 0.2500, 0.2500, 0.2500],
        [0.2500, 0.2500, 0.2500, 0.2500],
        [0.2500, 0.2500, 0.2500, 0.2500],
        [0.2500, 0.2500, 0.2500, 0.2500],
        [0.2500, 0.2500, 0.2500, 0.2500],
        [0.2500, 0.2500, 0.2500, 0.2500],
        [0.2500, 0.2500, 0.2500, 0.2500],
        [0.2500, 0.2500, 0.2500, 0.2500],
        [0.2500, 0.2500, 0.2500, 0.2500],
        [0.2500, 0.2500, 0.2500, 0.2500],
        [0.2500, 0.2500, 0.2500, 0.2500],
        [0.2500, 0.2500, 0.2500, 0.2500],
        [0.2500, 0.2500, 0.2500, 0.2500],
        [0.2500, 0.2500, 0.2500, 0.2500],
        [0.2500, 0.2500, 0.2500, 0.2500],
        [0.2500, 0.2500, 0.2500, 0.2500],
        [0.2500, 0.2500, 0.2500, 0.2500],
        [0.2500, 0.2500, 0.2500, 0.2500],
        [0.2500, 0.2500, 0.2500, 0.2500],
        [0.2500, 0.2500, 0.2500, 0.2500],
        [0.2500, 0.2500, 0.2500, 0.2500],
        [0.2500, 0.2500, 0.2500, 0.2500],
        [0.2500, 0.2500, 0.2500, 0.2500],
        [0.2500, 0.2500, 0.2500, 0.2500],
        [0.2500, 0.2500, 0.2500, 0.2500],
        [0.2500, 0.2500, 0.2500, 0.2500],
        [0.2500, 0.2500, 0.2500, 0.2500],
        [0.2500, 0.2500, 0.2500, 0.2500],
        [0.2500, 0.2500, 0.2500, 0.2500],
        [0.2500, 0.2500, 0.2500, 0.2500],
        [0.2500, 0.2500, 0.2500, 0.2500],
        [0.2500, 0.2500, 0.2500, 0.2500],
        [0.2500, 0.2500, 0.2500, 0.2500],
        [0.2500, 0.2500, 0.2500, 0.2500],
        [0.2500, 0.2500, 0.2500, 0.2500],
        [0.2500, 0.2500, 0.2500, 0.2500],
        [0.2500, 0.2500, 0.2500, 0.2500],
        [0.2500, 0.2500, 0.2500, 0.2500],
        [0.2500, 0.2500, 0.2500, 0.2500],
        [0.2500, 0.2500, 0.2500, 0.2500],
        [0.2500, 0.2500, 0.2500, 0.2500],
        [0.2500, 0.2500, 0.2500, 0.2500],
        [0.2500, 0.2500, 0.2500, 0.2500],
        [0.2500, 0.2500, 0.2500, 0.2500],
        [0.2500, 0.2500, 0.2500, 0.2500],
        [0.2500, 0.2500, 0.2500, 0.2500],
        [0.2500, 0.2500, 0.2500, 0.2500],
        [0.2500, 0.2500, 0.2500, 0.2500],
        [0.2500, 0.2500, 0.2500, 0.2500],
        [0.2500, 0.2500, 0.2500, 0.2500],
        [0.2500, 0.2500, 0.2500, 0.2500],
        [0.2500, 0.2500, 0.2500, 0.2500],
        [0.2500, 0.2500, 0.2500, 0.2500],
        [0.2500, 0.2500, 0.2500, 0.2500],
        [0.2500, 0.2500, 0.2500, 0.2500],
        [0.2500, 0.2500, 0.2500, 0.2500],
        [0.2500, 0.2500, 0.2500, 0.2500],
        [0.2500, 0.2500, 0.2500, 0.2500],
        [0.2500, 0.2500, 0.2500, 0.2500],
        [0.2500, 0.2500, 0.2500, 0.2500],
        [0.2500, 0.2500, 0.2500, 0.2500],
        [0.2500, 0.2500, 0.2500, 0.2500],
        [0.2500, 0.2500, 0.2500, 0.2500],
        [0.2500, 0.2500, 0.2500, 0.2500],
        [0.2500, 0.2500, 0.2500, 0.2500],
        [0.2500, 0.2500, 0.2500, 0.2500],
        [0.2500, 0.2500, 0.2500, 0.2500],
        [0.2500, 0.2500, 0.2500, 0.2500],
        [0.2500, 0.2500, 0.2500, 0.2500],
        [0.2500, 0.2500, 0.2500, 0.2500],
        [0.2500, 0.2500, 0.2500, 0.2500],
        [0.2500, 0.2500, 0.2500, 0.2500],
        [0.2500, 0.2500, 0.2500, 0.2500],
        [0.2500, 0.2500, 0.2500, 0.2500],
        [0.2500, 0.2500, 0.2500, 0.2500],
        [0.2500, 0.2500, 0.2500, 0.2500],
        [0.2500, 0.2500, 0.2500, 0.2500],
        [0.2500, 0.2500, 0.2500, 0.2500],
        [0.2500, 0.2500, 0.2500, 0.2500],
        [0.2500, 0.2500, 0.2500, 0.2500],
        [0.2500, 0.2500, 0.2500, 0.2500],
        [0.2500, 0.2500, 0.2500, 0.2500],
        [0.2500, 0.2500, 0.2500, 0.2500],
        [0.2500, 0.2500, 0.2500, 0.2500],
        [0.2500, 0.2500, 0.2500, 0.2500],
        [0.2500, 0.2500, 0.2500, 0.2500],
        [0.2500, 0.2500, 0.2500, 0.2500],
        [0.2500, 0.2500, 0.2500, 0.2500],
        [0.2500, 0.2500, 0.2500, 0.2500],
        [0.2500, 0.2500, 0.2500, 0.2500],
        [0.2500, 0.2500, 0.2500, 0.2500],
        [0.2500, 0.2500, 0.2500, 0.2500]], device='cuda:7')
perception attention:tensor([0.9973, 0.0027], device='cuda:7')
Test set results: loss= 1.4451 accuracy= 0.6290 F1_score= 0.5870
