# epoch	loss_train	acc_train	loss_val	acc_val	time	acc_test	f1_test
0001	4.2489	0.0136	4.2369	0.0580	0.5974s	4.2391	0.0460	0.0263
0
0002	4.2339	0.0914	4.2177	0.1260	0.3560s	4.2203	0.1100	0.0760
0
0003	4.2072	0.1450	4.1898	0.1220	1.1511s	4.1935	0.1060	0.0790
0
0004	4.1701	0.1564	4.1487	0.1220	0.3478s	4.1528	0.1170	0.0894
0
0005	4.1174	0.1807	4.0919	0.1600	0.4397s	4.0964	0.1620	0.1339
0
0006	4.0468	0.2314	4.0176	0.1920	0.4920s	4.0222	0.1770	0.1399
0
0007	3.9536	0.2743	3.9251	0.2040	0.6578s	3.9297	0.1990	0.1603
0
0008	3.8414	0.3136	3.8157	0.2320	0.3061s	3.8202	0.2220	0.1919
0
0009	3.7077	0.3650	3.6923	0.2700	0.5364s	3.6961	0.2540	0.2366
0
0010	3.5687	0.4243	3.5572	0.3160	1.0291s	3.5607	0.2920	0.2720
0
0011	3.4021	0.4650	3.4149	0.3560	0.3020s	3.4174	0.3300	0.3087
0
0012	3.2470	0.5143	3.2680	0.3920	0.8386s	3.2710	0.3660	0.3404
0
0013	3.0852	0.5443	3.1193	0.4260	0.3801s	3.1236	0.3930	0.3676
0
0014	2.9258	0.5821	2.9727	0.4400	0.7675s	2.9789	0.4300	0.3940
0
0015	2.7636	0.6229	2.8258	0.4660	0.4507s	2.8372	0.4530	0.4073
0
0016	2.6166	0.6314	2.6794	0.4800	1.1086s	2.6995	0.4720	0.4208
0
0017	2.4935	0.6357	2.5379	0.4860	0.2774s	2.5674	0.4760	0.4229
0
0018	2.3668	0.6357	2.4067	0.4900	1.0840s	2.4450	0.4840	0.4307
0
0019	2.2398	0.6500	2.2898	0.4900	0.4869s	2.3366	0.4930	0.4400
0
0020	2.1250	0.6614	2.1896	0.4980	0.3238s	2.2419	0.5060	0.4594
0
0021	2.0178	0.6907	2.1058	0.5060	0.2843s	2.1632	0.5210	0.4784
0
0022	1.9142	0.6950	2.0333	0.5220	0.9559s	2.0942	0.5240	0.4898
0
0023	1.8037	0.7179	1.9720	0.5320	0.6200s	2.0359	0.5370	0.4921
0
0024	1.7201	0.7686	1.9160	0.5520	0.9562s	1.9837	0.5450	0.4910
0
0025	1.6323	0.7700	1.8632	0.5620	0.6259s	1.9357	0.5510	0.4969
0
0026	1.5714	0.7786	1.8150	0.5700	0.3779s	1.8920	0.5600	0.5103
0
0027	1.4867	0.8107	1.7719	0.5980	0.3148s	1.8517	0.5690	0.5167
0
0028	1.4506	0.8071	1.7387	0.6080	0.8067s	1.8200	0.5700	0.5218
0
0029	1.3971	0.8150	1.7124	0.6040	0.2577s	1.7952	0.5720	0.5202
0
0030	1.3554	0.8357	1.6928	0.5960	0.5858s	1.7767	0.5710	0.5212
0
0031	1.3312	0.8479	1.6759	0.6040	0.6252s	1.7610	0.5730	0.5236
0
0032	1.2990	0.8500	1.6611	0.6020	0.2772s	1.7438	0.5680	0.5155
0
0033	1.2750	0.8486	1.6438	0.6080	0.5030s	1.7257	0.5780	0.5328
0
0034	1.2399	0.8600	1.6289	0.6080	0.8662s	1.7093	0.5830	0.5331
0
0035	1.2126	0.8707	1.6186	0.6080	0.3377s	1.6967	0.5900	0.5362
0
0036	1.1923	0.8793	1.6121	0.6100	1.1793s	1.6866	0.5870	0.5382
0
0037	1.1703	0.8714	1.6023	0.6240	0.8669s	1.6764	0.5940	0.5448
0
0038	1.1485	0.8871	1.5925	0.6280	0.8471s	1.6671	0.5940	0.5433
0
0039	1.1482	0.8993	1.5801	0.6180	0.9497s	1.6562	0.5980	0.5375
0
0040	1.1066	0.8936	1.5671	0.6240	0.4120s	1.6466	0.6010	0.5409
0
0041	1.0965	0.8971	1.5571	0.6180	0.8934s	1.6380	0.6030	0.5467
0
0042	1.0797	0.9071	1.5508	0.6160	0.3075s	1.6304	0.6010	0.5450
0
0043	1.0791	0.9029	1.5460	0.6160	0.4880s	1.6235	0.6000	0.5457
0
0044	1.0751	0.9043	1.5438	0.6260	0.3124s	1.6189	0.5960	0.5405
0
0045	1.0444	0.9136	1.5413	0.6280	0.7505s	1.6151	0.5980	0.5398
0
0046	1.0306	0.9207	1.5382	0.6300	0.2824s	1.6110	0.6000	0.5431
0
0047	1.0345	0.9143	1.5331	0.6280	1.0386s	1.6059	0.5990	0.5412
0
0048	1.0417	0.9093	1.5259	0.6300	0.8090s	1.5957	0.6030	0.5457
0
0049	1.0219	0.9050	1.5181	0.6260	1.0074s	1.5862	0.6070	0.5559
0
0050	1.0206	0.9279	1.5099	0.6180	0.8361s	1.5796	0.6090	0.5579
0
0051	1.0153	0.9250	1.5027	0.6280	0.5424s	1.5746	0.6080	0.5573
0
0052	1.0097	0.9086	1.4977	0.6340	0.6987s	1.5714	0.6050	0.5530
0
0053	1.0051	0.9214	1.4937	0.6340	0.9791s	1.5699	0.6020	0.5501
0
0054	1.0023	0.9093	1.4925	0.6340	0.5719s	1.5692	0.6010	0.5400
0
0055	0.9974	0.9307	1.4923	0.6360	1.0023s	1.5680	0.6040	0.5502
0
0056	0.9960	0.9293	1.4925	0.6240	0.9910s	1.5676	0.6030	0.5508
0
0057	0.9856	0.9264	1.4913	0.6300	0.7898s	1.5657	0.6090	0.5587
1
0058	0.9652	0.9271	1.4886	0.6300	0.7725s	1.5610	0.6080	0.5555
0
0059	1.0012	0.9093	1.4848	0.6340	0.2623s	1.5560	0.6050	0.5540
0
0060	0.9666	0.9321	1.4819	0.6340	1.1038s	1.5527	0.6110	0.5599
0
0061	0.9720	0.9336	1.4751	0.6340	0.9283s	1.5483	0.6100	0.5627
0
0062	0.9772	0.9200	1.4701	0.6360	0.3199s	1.5479	0.6130	0.5616
0
0063	0.9875	0.9243	1.4676	0.6500	1.0853s	1.5496	0.6110	0.5562
0
0064	0.9649	0.9264	1.4666	0.6420	1.0275s	1.5512	0.6110	0.5544
0
0065	0.9770	0.9379	1.4689	0.6280	1.0255s	1.5514	0.6120	0.5562
0
0066	0.9664	0.9286	1.4697	0.6300	0.4135s	1.5466	0.6130	0.5617
1
0067	0.9727	0.9350	1.4677	0.6360	0.7355s	1.5398	0.6190	0.5698
2
0068	0.9613	0.9293	1.4638	0.6360	0.9683s	1.5356	0.6180	0.5674
3
0069	0.9791	0.9279	1.4563	0.6360	0.2831s	1.5310	0.6150	0.5708
0
0070	0.9670	0.9243	1.4482	0.6440	0.6430s	1.5265	0.6160	0.5770
0
0071	0.9644	0.9429	1.4446	0.6420	0.9364s	1.5238	0.6160	0.5774
0
0072	0.9448	0.9243	1.4452	0.6400	0.8265s	1.5231	0.6200	0.5800
0
0073	0.9543	0.9386	1.4431	0.6440	0.6716s	1.5192	0.6210	0.5739
1
0074	0.9541	0.9421	1.4394	0.6380	0.7363s	1.5158	0.6190	0.5636
0
0075	0.9604	0.9279	1.4390	0.6360	0.2741s	1.5149	0.6170	0.5631
0
0076	0.9456	0.9371	1.4409	0.6420	1.2010s	1.5143	0.6190	0.5694
0
0077	0.9509	0.9400	1.4439	0.6480	0.2703s	1.5164	0.6180	0.5703
1
0078	0.9413	0.9421	1.4420	0.6440	1.0607s	1.5155	0.6170	0.5772
2
0079	0.9536	0.9343	1.4385	0.6500	0.7813s	1.5130	0.6170	0.5777
3
0080	0.9559	0.9336	1.4336	0.6500	0.9368s	1.5078	0.6210	0.5780
0
0081	0.9482	0.9386	1.4267	0.6440	0.7665s	1.5030	0.6200	0.5753
0
0082	0.9477	0.9264	1.4212	0.6440	0.3042s	1.5002	0.6220	0.5691
0
0083	0.9440	0.9371	1.4206	0.6500	1.1479s	1.5004	0.6230	0.5685
0
0084	0.9487	0.9407	1.4240	0.6540	0.8204s	1.5028	0.6210	0.5680
0
0085	0.9389	0.9379	1.4289	0.6580	1.0886s	1.5050	0.6210	0.5686
0
0086	0.9448	0.9429	1.4308	0.6560	0.4456s	1.5047	0.6210	0.5684
0
0087	0.9442	0.9400	1.4260	0.6560	0.3175s	1.5005	0.6200	0.5777
1
0088	0.9463	0.9321	1.4207	0.6540	1.0074s	1.4978	0.6200	0.5791
2
0089	0.9328	0.9357	1.4176	0.6500	0.5828s	1.4957	0.6240	0.5778
3
0090	0.9267	0.9364	1.4159	0.6500	0.8514s	1.4924	0.6330	0.5854
0
0091	0.9414	0.9414	1.4125	0.6460	1.0910s	1.4878	0.6300	0.5851
0
0092	0.9184	0.9350	1.4131	0.6480	0.5808s	1.4864	0.6280	0.5760
0
0093	0.9371	0.9279	1.4164	0.6480	0.5793s	1.4874	0.6210	0.5688
1
0094	0.9414	0.9414	1.4151	0.6400	0.8438s	1.4878	0.6230	0.5745
2
0095	0.9414	0.9371	1.4105	0.6460	0.2500s	1.4877	0.6190	0.5726
3
0096	0.9300	0.9436	1.4053	0.6540	0.7982s	1.4864	0.6260	0.5776
0
0097	0.9240	0.9407	1.4013	0.6560	0.8807s	1.4854	0.6280	0.5761
0
0098	0.9105	0.9450	1.3987	0.6500	0.2703s	1.4827	0.6260	0.5807
0
0099	0.9103	0.9400	1.3996	0.6540	1.1231s	1.4821	0.6290	0.5845
0
0100	0.9198	0.9400	1.3999	0.6460	0.5236s	1.4795	0.6310	0.5865
1
0101	0.9197	0.9421	1.3997	0.6500	1.1517s	1.4775	0.6300	0.5806
2
0102	0.9255	0.9407	1.3999	0.6560	0.6015s	1.4770	0.6260	0.5786
3
0103	0.9147	0.9393	1.3954	0.6580	0.9302s	1.4748	0.6240	0.5742
4
0104	0.9082	0.9464	1.3951	0.6580	0.4937s	1.4770	0.6240	0.5804
0
0105	0.9049	0.9429	1.3962	0.6520	0.9188s	1.4794	0.6190	0.5767
0
0106	0.8886	0.9536	1.3977	0.6540	0.2990s	1.4826	0.6230	0.5809
1
0107	0.9032	0.9407	1.3979	0.6600	1.1076s	1.4814	0.6250	0.5841
2
0108	0.9047	0.9507	1.3953	0.6580	0.4869s	1.4771	0.6280	0.5851
0
0109	0.9076	0.9386	1.3947	0.6600	0.7827s	1.4758	0.6250	0.5721
1
0110	0.9126	0.9429	1.3923	0.6600	0.8443s	1.4763	0.6240	0.5713
0
0111	0.9182	0.9486	1.3888	0.6660	0.8383s	1.4756	0.6240	0.5805
0
0112	0.8954	0.9371	1.3836	0.6620	0.7055s	1.4746	0.6240	0.5829
0
0113	0.8947	0.9407	1.3814	0.6520	0.6918s	1.4737	0.6250	0.5834
0
0114	0.9079	0.9350	1.3831	0.6520	1.0901s	1.4753	0.6270	0.5841
0
0115	0.8916	0.9464	1.3845	0.6540	0.3137s	1.4735	0.6270	0.5862
1
0116	0.8969	0.9407	1.3840	0.6540	0.3236s	1.4722	0.6210	0.5694
2
0117	0.8844	0.9543	1.3805	0.6560	0.9149s	1.4712	0.6220	0.5711
3
0118	0.9039	0.9400	1.3754	0.6660	0.2819s	1.4708	0.6220	0.5703
0
0119	0.9016	0.9479	1.3704	0.6640	0.8237s	1.4707	0.6170	0.5668
0
0120	0.8894	0.9457	1.3668	0.6620	0.6186s	1.4690	0.6230	0.5760
0
0121	0.8871	0.9471	1.3673	0.6640	0.9022s	1.4686	0.6270	0.5870
0
0122	0.8793	0.9443	1.3677	0.6680	0.7689s	1.4670	0.6290	0.5880
1
0123	0.9010	0.9350	1.3713	0.6680	1.0435s	1.4664	0.6310	0.5816
0
0124	0.8760	0.9379	1.3752	0.6680	1.0443s	1.4661	0.6300	0.5830
0
0125	0.8808	0.9571	1.3799	0.6620	1.0951s	1.4675	0.6270	0.5782
0
0126	0.8722	0.9571	1.3766	0.6700	0.3547s	1.4661	0.6240	0.5701
1
0127	0.8954	0.9471	1.3718	0.6740	0.8964s	1.4620	0.6270	0.5814
0
0128	0.8812	0.9471	1.3673	0.6740	0.9472s	1.4580	0.6250	0.5777
0
0129	0.8900	0.9350	1.3654	0.6720	0.3015s	1.4576	0.6250	0.5849
0
0130	0.8782	0.9343	1.3680	0.6740	0.2693s	1.4592	0.6230	0.5803
0
0131	0.8770	0.9400	1.3695	0.6680	1.1596s	1.4603	0.6270	0.5834
0
0132	0.8899	0.9314	1.3738	0.6680	0.4687s	1.4652	0.6260	0.5831
1
0133	0.8858	0.9343	1.3762	0.6600	1.1059s	1.4674	0.6220	0.5779
2
0134	0.8825	0.9457	1.3725	0.6660	0.3011s	1.4650	0.6210	0.5634
3
0135	0.8783	0.9379	1.3688	0.6740	0.8897s	1.4631	0.6260	0.5707
4
0136	0.8672	0.9443	1.3690	0.6680	0.4170s	1.4654	0.6290	0.5814
0
0137	0.8804	0.9536	1.3717	0.6700	1.0771s	1.4707	0.6230	0.5768
1
0138	0.8750	0.9521	1.3741	0.6620	0.3217s	1.4734	0.6240	0.5776
2
0139	0.8714	0.9507	1.3730	0.6640	0.6855s	1.4692	0.6260	0.5771
3
0140	0.8653	0.9571	1.3745	0.6680	1.0395s	1.4669	0.6250	0.5728
4
0141	0.8636	0.9436	1.3736	0.6620	1.0103s	1.4640	0.6280	0.5716
5
0142	0.8659	0.9493	1.3715	0.6620	0.6449s	1.4615	0.6210	0.5653
6
0143	0.8878	0.9421	1.3714	0.6640	0.6613s	1.4625	0.6250	0.5680
7
0144	0.8925	0.9436	1.3695	0.6640	0.8997s	1.4630	0.6230	0.5674
8
0145	0.8754	0.9479	1.3647	0.6700	0.4395s	1.4621	0.6280	0.5767
9
0146	0.8652	0.9536	1.3657	0.6700	0.3244s	1.4632	0.6310	0.5822
0
0147	0.8897	0.9450	1.3669	0.6620	1.0524s	1.4616	0.6290	0.5793
1
0148	0.8611	0.9543	1.3689	0.6720	0.8179s	1.4599	0.6260	0.5752
2
0149	0.8655	0.9436	1.3673	0.6660	0.3536s	1.4586	0.6220	0.5721
3
0150	0.8740	0.9471	1.3634	0.6640	0.9916s	1.4591	0.6290	0.5753
4
0151	0.8764	0.9464	1.3569	0.6700	0.2725s	1.4595	0.6290	0.5709
0
0152	0.8599	0.9421	1.3500	0.6680	0.9952s	1.4569	0.6300	0.5766
0
0153	0.8521	0.9500	1.3488	0.6680	0.4207s	1.4568	0.6300	0.5809
0
0154	0.8659	0.9521	1.3541	0.6600	0.9066s	1.4583	0.6350	0.5851
0
0155	0.8658	0.9507	1.3621	0.6680	0.4614s	1.4607	0.6310	0.5820
1
0156	0.8670	0.9400	1.3689	0.6640	1.2085s	1.4628	0.6300	0.5799
2
0157	0.8699	0.9529	1.3686	0.6740	0.5146s	1.4617	0.6320	0.5825
3
0158	0.8695	0.9471	1.3653	0.6740	0.7838s	1.4627	0.6260	0.5773
0
0159	0.8526	0.9557	1.3598	0.6680	1.0744s	1.4624	0.6230	0.5725
0
0160	0.8635	0.9464	1.3576	0.6740	0.2967s	1.4627	0.6250	0.5734
1
0161	0.8669	0.9521	1.3579	0.6740	1.0980s	1.4645	0.6250	0.5755
0
0162	0.8896	0.9393	1.3612	0.6720	0.7700s	1.4651	0.6210	0.5665
0
0163	0.8872	0.9543	1.3658	0.6620	0.4853s	1.4651	0.6230	0.5683
1
0164	0.8637	0.9386	1.3693	0.6680	1.0695s	1.4628	0.6250	0.5787
2
0165	0.8788	0.9529	1.3679	0.6640	0.3735s	1.4614	0.6220	0.5768
3
0166	0.8631	0.9507	1.3642	0.6660	1.0793s	1.4605	0.6260	0.5845
4
0167	0.8692	0.9507	1.3612	0.6600	0.7254s	1.4626	0.6290	0.5900
5
0168	0.8637	0.9450	1.3606	0.6620	0.8466s	1.4650	0.6280	0.5770
6
0169	0.8712	0.9500	1.3628	0.6660	0.8288s	1.4663	0.6260	0.5745
7
0170	0.8557	0.9471	1.3654	0.6700	0.3865s	1.4670	0.6240	0.5654
8
0171	0.8613	0.9471	1.3639	0.6660	0.9754s	1.4664	0.6240	0.5638
9
0172	0.8637	0.9429	1.3598	0.6680	0.8666s	1.4647	0.6250	0.5653
10
0173	0.8614	0.9557	1.3558	0.6640	0.6054s	1.4621	0.6200	0.5607
11
0174	0.8673	0.9507	1.3568	0.6640	1.1770s	1.4610	0.6190	0.5670
12
0175	0.8601	0.9400	1.3594	0.6600	0.9754s	1.4587	0.6240	0.5802
13
0176	0.8613	0.9471	1.3641	0.6640	1.0796s	1.4572	0.6250	0.5846
14
0177	0.8550	0.9486	1.3676	0.6700	0.2521s	1.4576	0.6270	0.5841
15
0178	0.8515	0.9479	1.3661	0.6740	1.2324s	1.4579	0.6250	0.5818
16
0179	0.8529	0.9479	1.3611	0.6760	0.5539s	1.4591	0.6270	0.5710
0
0180	0.8890	0.9421	1.3539	0.6660	0.4785s	1.4577	0.6280	0.5709
0
0181	0.8435	0.9500	1.3497	0.6620	0.9756s	1.4556	0.6270	0.5725
1
0182	0.8629	0.9521	1.3505	0.6600	0.4761s	1.4544	0.6230	0.5701
2
0183	0.8640	0.9457	1.3585	0.6600	0.5585s	1.4555	0.6210	0.5672
3
0184	0.8822	0.9536	1.3678	0.6580	0.5824s	1.4570	0.6290	0.5865
4
0185	0.8791	0.9436	1.3724	0.6660	0.9130s	1.4563	0.6270	0.5854
5
0186	0.8609	0.9471	1.3680	0.6660	0.9928s	1.4521	0.6260	0.5839
6
0187	0.8562	0.9543	1.3621	0.6620	0.7285s	1.4485	0.6230	0.5791
7
0188	0.8696	0.9521	1.3575	0.6600	0.4215s	1.4468	0.6230	0.5685
8
0189	0.8819	0.9307	1.3568	0.6660	1.1629s	1.4481	0.6280	0.5779
9
0190	0.8802	0.9507	1.3643	0.6620	0.2545s	1.4556	0.6240	0.5758
10
0191	0.8683	0.9593	1.3681	0.6580	0.8759s	1.4602	0.6210	0.5680
11
0192	0.8399	0.9593	1.3697	0.6640	1.1528s	1.4644	0.6190	0.5665
12
0193	0.8510	0.9650	1.3678	0.6680	0.2844s	1.4625	0.6210	0.5662
13
0194	0.8614	0.9443	1.3611	0.6700	0.9801s	1.4563	0.6240	0.5707
14
0195	0.8528	0.9450	1.3578	0.6700	0.8409s	1.4533	0.6330	0.5814
15
0196	0.8621	0.9493	1.3581	0.6660	1.0060s	1.4538	0.6300	0.5791
16
0197	0.8501	0.9543	1.3598	0.6600	0.9900s	1.4565	0.6280	0.5813
17
0198	0.8472	0.9564	1.3633	0.6640	0.4490s	1.4641	0.6310	0.5823
18
0199	0.8654	0.9443	1.3653	0.6640	0.8464s	1.4682	0.6270	0.5748
19
0200	0.8478	0.9543	1.3662	0.6600	0.8131s	1.4683	0.6230	0.5712
20
0201	0.8661	0.9514	1.3629	0.6640	0.2592s	1.4666	0.6240	0.5720
21
0202	0.8744	0.9386	1.3602	0.6680	0.6042s	1.4641	0.6230	0.5724
22
0203	0.8574	0.9571	1.3604	0.6680	0.7336s	1.4610	0.6240	0.5738
23
0204	0.8721	0.9407	1.3623	0.6620	0.7313s	1.4595	0.6290	0.5764
24
0205	0.8650	0.9364	1.3661	0.6640	0.4607s	1.4581	0.6350	0.5827
25
0206	0.8631	0.9486	1.3660	0.6600	0.8403s	1.4555	0.6380	0.5845
26
0207	0.8521	0.9507	1.3609	0.6640	0.6928s	1.4541	0.6350	0.5789
27
0208	0.8610	0.9457	1.3540	0.6640	0.2628s	1.4512	0.6330	0.5771
28
0209	0.8427	0.9600	1.3506	0.6680	1.0212s	1.4499	0.6300	0.5867
29
0210	0.8658	0.9521	1.3567	0.6720	0.2596s	1.4557	0.6260	0.5825
30
0211	0.8501	0.9586	1.3630	0.6680	0.2786s	1.4611	0.6280	0.5840
31
0212	0.8591	0.9443	1.3677	0.6700	0.9950s	1.4661	0.6240	0.5804
32
0213	0.8558	0.9564	1.3707	0.6660	1.0699s	1.4689	0.6220	0.5677
33
0214	0.8635	0.9586	1.3677	0.6600	0.2532s	1.4671	0.6250	0.5709
34
0215	0.8648	0.9593	1.3625	0.6600	0.8959s	1.4616	0.6290	0.5782
35
0216	0.8565	0.9486	1.3554	0.6560	0.9898s	1.4554	0.6370	0.5846
36
0217	0.8586	0.9429	1.3491	0.6620	0.3811s	1.4512	0.6320	0.5831
37
0218	0.8588	0.9429	1.3492	0.6740	1.1973s	1.4549	0.6270	0.5774
38
0219	0.8399	0.9507	1.3543	0.6640	0.2850s	1.4627	0.6200	0.5791
39
0220	0.8589	0.9479	1.3580	0.6640	0.2675s	1.4676	0.6160	0.5731
40
0221	0.8506	0.9550	1.3586	0.6700	0.9358s	1.4685	0.6180	0.5682
41
0222	0.8576	0.9457	1.3598	0.6640	0.9148s	1.4709	0.6190	0.5642
42
0223	0.8410	0.9557	1.3608	0.6640	0.3250s	1.4698	0.6180	0.5641
43
0224	0.8476	0.9479	1.3574	0.6620	1.0922s	1.4642	0.6200	0.5632
44
0225	0.8688	0.9429	1.3539	0.6560	0.3310s	1.4580	0.6250	0.5680
45
0226	0.8587	0.9507	1.3527	0.6560	0.3563s	1.4577	0.6270	0.5714
46
0227	0.8504	0.9407	1.3551	0.6620	0.8931s	1.4619	0.6250	0.5699
47
0228	0.8577	0.9464	1.3588	0.6600	0.3552s	1.4672	0.6250	0.5699
48
0229	0.8479	0.9571	1.3611	0.6580	1.1357s	1.4706	0.6280	0.5778
49
0230	0.8700	0.9300	1.3638	0.6640	1.0818s	1.4703	0.6250	0.5711
50
0231	0.8760	0.9529	1.3649	0.6640	0.3211s	1.4684	0.6230	0.5661
51
0232	0.8589	0.9521	1.3630	0.6580	0.9454s	1.4642	0.6220	0.5703
52
0233	0.8671	0.9521	1.3630	0.6620	0.6920s	1.4621	0.6200	0.5643
53
0234	0.8653	0.9457	1.3603	0.6680	1.1315s	1.4614	0.6260	0.5690
54
0235	0.8610	0.9536	1.3566	0.6660	0.6785s	1.4627	0.6260	0.5727
55
0236	0.8555	0.9486	1.3530	0.6680	1.1096s	1.4632	0.6310	0.5783
56
0237	0.8555	0.9479	1.3491	0.6740	0.3447s	1.4617	0.6330	0.5809
57
0238	0.8429	0.9650	1.3492	0.6780	0.7282s	1.4612	0.6290	0.5745
58
0239	0.8468	0.9464	1.3499	0.6680	0.7966s	1.4606	0.6290	0.5860
0
0240	0.8318	0.9550	1.3532	0.6680	0.9116s	1.4605	0.6240	0.5807
1
0241	0.8602	0.9421	1.3586	0.6720	0.5209s	1.4602	0.6250	0.5824
2
0242	0.8399	0.9564	1.3610	0.6700	1.0621s	1.4594	0.6210	0.5751
3
0243	0.8490	0.9529	1.3620	0.6720	0.4811s	1.4615	0.6240	0.5803
4
0244	0.8617	0.9464	1.3575	0.6680	0.7850s	1.4612	0.6260	0.5724
5
0245	0.8705	0.9529	1.3510	0.6580	0.7377s	1.4611	0.6270	0.5760
6
0246	0.8548	0.9479	1.3470	0.6560	0.6477s	1.4634	0.6260	0.5750
7
0247	0.8494	0.9407	1.3480	0.6620	0.9774s	1.4644	0.6230	0.5750
0
0248	0.8487	0.9593	1.3512	0.6720	0.8009s	1.4645	0.6220	0.5815
1
0249	0.8500	0.9443	1.3564	0.6680	0.3084s	1.4625	0.6200	0.5732
2
0250	0.8475	0.9514	1.3555	0.6640	0.6710s	1.4572	0.6260	0.5782
3
0251	0.8547	0.9486	1.3535	0.6620	1.0497s	1.4525	0.6260	0.5772
4
0252	0.8466	0.9486	1.3539	0.6600	0.5013s	1.4523	0.6230	0.5746
5
0253	0.8489	0.9543	1.3544	0.6700	1.0308s	1.4546	0.6310	0.5746
6
0254	0.8516	0.9493	1.3591	0.6620	0.5894s	1.4603	0.6220	0.5692
7
0255	0.8661	0.9464	1.3662	0.6620	0.2902s	1.4702	0.6160	0.5627
8
0256	0.8602	0.9536	1.3699	0.6640	1.0936s	1.4747	0.6160	0.5638
9
0257	0.8445	0.9493	1.3697	0.6660	0.2612s	1.4710	0.6190	0.5750
10
0258	0.8446	0.9521	1.3666	0.6640	0.4387s	1.4658	0.6170	0.5698
11
0259	0.8546	0.9471	1.3632	0.6660	1.0700s	1.4627	0.6190	0.5747
12
0260	0.8532	0.9543	1.3597	0.6720	0.7549s	1.4610	0.6190	0.5731
13
0261	0.8646	0.9471	1.3543	0.6680	0.5163s	1.4574	0.6270	0.5869
14
0262	0.8470	0.9429	1.3501	0.6620	0.9743s	1.4538	0.6290	0.5884
15
0263	0.8517	0.9536	1.3517	0.6600	0.4981s	1.4551	0.6300	0.5930
16
0264	0.8509	0.9564	1.3547	0.6620	0.2878s	1.4565	0.6260	0.5830
17
0265	0.8640	0.9457	1.3587	0.6620	0.2736s	1.4596	0.6250	0.5811
18
0266	0.8655	0.9514	1.3630	0.6580	0.9964s	1.4645	0.6210	0.5741
19
0267	0.8490	0.9464	1.3675	0.6640	0.9508s	1.4685	0.6210	0.5736
20
0268	0.8439	0.9486	1.3697	0.6620	0.7841s	1.4688	0.6220	0.5772
21
0269	0.8570	0.9493	1.3690	0.6640	0.2453s	1.4663	0.6180	0.5735
22
0270	0.8329	0.9450	1.3671	0.6640	0.9478s	1.4626	0.6180	0.5730
23
0271	0.8487	0.9579	1.3597	0.6640	0.7857s	1.4560	0.6210	0.5737
24
0272	0.8494	0.9514	1.3537	0.6640	0.5287s	1.4526	0.6260	0.5779
25
0273	0.8555	0.9521	1.3504	0.6580	0.3214s	1.4524	0.6220	0.5756
26
0274	0.8660	0.9493	1.3518	0.6580	0.9533s	1.4580	0.6280	0.5777
27
0275	0.8432	0.9407	1.3590	0.6600	0.7660s	1.4666	0.6240	0.5768
28
0276	0.8559	0.9543	1.3669	0.6640	0.2558s	1.4714	0.6220	0.5769
29
0277	0.8568	0.9471	1.3747	0.6620	1.1899s	1.4743	0.6210	0.5704
30
0278	0.8380	0.9529	1.3745	0.6640	0.2435s	1.4722	0.6180	0.5673
31
0279	0.8470	0.9479	1.3674	0.6720	0.4094s	1.4695	0.6220	0.5709
32
0280	0.8522	0.9421	1.3611	0.6620	1.1771s	1.4695	0.6240	0.5727
33
0281	0.8525	0.9486	1.3579	0.6620	0.3287s	1.4693	0.6290	0.5781
34
0282	0.8592	0.9450	1.3543	0.6660	0.7407s	1.4643	0.6310	0.5791
35
0283	0.8619	0.9421	1.3542	0.6620	1.0803s	1.4604	0.6280	0.5860
36
0284	0.8387	0.9414	1.3577	0.6660	0.2652s	1.4606	0.6240	0.5820
37
0285	0.8458	0.9507	1.3640	0.6660	0.9974s	1.4634	0.6230	0.5799
38
0286	0.8450	0.9493	1.3661	0.6640	0.2605s	1.4642	0.6220	0.5759
39
0287	0.8549	0.9571	1.3624	0.6660	0.2826s	1.4653	0.6210	0.5634
40
0288	0.8579	0.9514	1.3559	0.6680	0.8189s	1.4645	0.6230	0.5655
41
0289	0.8660	0.9471	1.3503	0.6680	1.0466s	1.4625	0.6220	0.5661
42
0290	0.8447	0.9543	1.3486	0.6680	0.3015s	1.4622	0.6250	0.5705
43
0291	0.8611	0.9436	1.3521	0.6740	0.8129s	1.4614	0.6250	0.5720
44
0292	0.8597	0.9486	1.3570	0.6680	0.9617s	1.4603	0.6250	0.5714
45
0293	0.8485	0.9564	1.3584	0.6620	1.1740s	1.4555	0.6260	0.5729
46
0294	0.8385	0.9529	1.3570	0.6600	0.9049s	1.4525	0.6280	0.5759
47
0295	0.8424	0.9529	1.3564	0.6580	0.2695s	1.4516	0.6310	0.5766
48
0296	0.8432	0.9414	1.3535	0.6580	0.6891s	1.4511	0.6310	0.5715
49
0297	0.8616	0.9464	1.3514	0.6600	0.3605s	1.4497	0.6280	0.5788
50
0298	0.8408	0.9521	1.3536	0.6660	0.9085s	1.4529	0.6230	0.5723
51
0299	0.8364	0.9571	1.3558	0.6660	0.2736s	1.4558	0.6270	0.5768
52
0300	0.8409	0.9529	1.3565	0.6580	0.8949s	1.4586	0.6180	0.5733
53
0301	0.8464	0.9657	1.3545	0.6640	0.3979s	1.4562	0.6230	0.5677
54
0302	0.8439	0.9579	1.3522	0.6580	0.3742s	1.4527	0.6240	0.5659
55
0303	0.8303	0.9607	1.3536	0.6640	1.0393s	1.4521	0.6260	0.5713
56
0304	0.8465	0.9464	1.3552	0.6640	0.3595s	1.4509	0.6280	0.5810
57
0305	0.8314	0.9529	1.3571	0.6580	1.0362s	1.4512	0.6280	0.5810
58
0306	0.8538	0.9529	1.3578	0.6680	1.0321s	1.4526	0.6300	0.5842
59
0307	0.8498	0.9536	1.3539	0.6700	0.3252s	1.4522	0.6250	0.5747
60
0308	0.8475	0.9479	1.3509	0.6700	0.2701s	1.4524	0.6270	0.5756
61
0309	0.8523	0.9493	1.3494	0.6640	0.9737s	1.4542	0.6310	0.5733
62
0310	0.8593	0.9443	1.3490	0.6660	0.8312s	1.4544	0.6280	0.5753
63
0311	0.8512	0.9614	1.3528	0.6700	0.3760s	1.4559	0.6230	0.5756
64
0312	0.8551	0.9493	1.3603	0.6680	0.7076s	1.4586	0.6280	0.5828
65
0313	0.8701	0.9571	1.3648	0.6680	0.7010s	1.4626	0.6250	0.5844
66
0314	0.8484	0.9457	1.3650	0.6660	0.9534s	1.4643	0.6210	0.5785
67
0315	0.8547	0.9529	1.3609	0.6640	0.4962s	1.4647	0.6220	0.5762
68
0316	0.8417	0.9557	1.3585	0.6640	1.0531s	1.4629	0.6280	0.5793
69
0317	0.8528	0.9486	1.3579	0.6620	0.2965s	1.4596	0.6290	0.5733
70
0318	0.8473	0.9529	1.3578	0.6620	1.0835s	1.4569	0.6290	0.5766
71
0319	0.8468	0.9521	1.3591	0.6640	0.7059s	1.4547	0.6250	0.5825
72
0320	0.8467	0.9571	1.3591	0.6660	0.8128s	1.4539	0.6280	0.5870
73
0321	0.8492	0.9486	1.3577	0.6660	1.0683s	1.4535	0.6300	0.5893
74
0322	0.8548	0.9571	1.3547	0.6660	0.2804s	1.4533	0.6290	0.5849
75
0323	0.8447	0.9450	1.3496	0.6640	1.1156s	1.4514	0.6220	0.5748
76
0324	0.8558	0.9507	1.3471	0.6620	0.8271s	1.4524	0.6190	0.5646
77
0325	0.8516	0.9507	1.3473	0.6560	0.9363s	1.4523	0.6170	0.5583
78
0326	0.8632	0.9550	1.3475	0.6620	0.7425s	1.4506	0.6220	0.5667
79
0327	0.8448	0.9493	1.3493	0.6640	0.6601s	1.4497	0.6260	0.5747
80
0328	0.8420	0.9514	1.3523	0.6660	1.2287s	1.4513	0.6230	0.5704
81
0329	0.8299	0.9479	1.3523	0.6680	0.3420s	1.4512	0.6250	0.5813
82
0330	0.8449	0.9593	1.3539	0.6680	0.7526s	1.4519	0.6240	0.5802
83
0331	0.8595	0.9564	1.3547	0.6640	0.4809s	1.4528	0.6280	0.5871
84
0332	0.8476	0.9536	1.3546	0.6620	0.9865s	1.4520	0.6250	0.5787
85
0333	0.8527	0.9464	1.3559	0.6720	0.8130s	1.4520	0.6300	0.5726
86
0334	0.8525	0.9514	1.3584	0.6720	0.7703s	1.4539	0.6260	0.5722
87
0335	0.8389	0.9529	1.3598	0.6680	0.2587s	1.4555	0.6210	0.5642
88
0336	0.8499	0.9429	1.3595	0.6740	1.1534s	1.4578	0.6160	0.5640
89
0337	0.8387	0.9514	1.3577	0.6660	0.2939s	1.4576	0.6230	0.5812
90
0338	0.8285	0.9500	1.3566	0.6660	0.8334s	1.4546	0.6300	0.5879
91
0339	0.8505	0.9500	1.3558	0.6700	0.8490s	1.4503	0.6260	0.5821
92
0340	0.8371	0.9507	1.3554	0.6680	0.2758s	1.4469	0.6270	0.5810
93
0341	0.8457	0.9536	1.3547	0.6700	0.3951s	1.4478	0.6320	0.5844
94
0342	0.8653	0.9600	1.3524	0.6700	0.9382s	1.4509	0.6320	0.5792
95
0343	0.8399	0.9479	1.3509	0.6700	0.2554s	1.4559	0.6270	0.5728
96
0344	0.8650	0.9536	1.3497	0.6740	0.7181s	1.4585	0.6270	0.5734
97
0345	0.8426	0.9486	1.3500	0.6660	0.8675s	1.4585	0.6250	0.5731
98
0346	0.8547	0.9450	1.3543	0.6600	0.9596s	1.4567	0.6270	0.5746
99
0347	0.8642	0.9536	1.3592	0.6600	0.3526s	1.4536	0.6250	0.5829
100
0348	0.8501	0.9414	1.3651	0.6540	1.1037s	1.4539	0.6230	0.5831
101
0349	0.8461	0.9529	1.3681	0.6580	0.7910s	1.4537	0.6300	0.5872
102
0350	0.8375	0.9486	1.3654	0.6680	0.2968s	1.4531	0.6290	0.5790
103
0351	0.8303	0.9514	1.3590	0.6660	1.0481s	1.4514	0.6280	0.5694
104
0352	0.8373	0.9550	1.3543	0.6640	0.2926s	1.4501	0.6290	0.5714
105
0353	0.8548	0.9529	1.3522	0.6600	0.4988s	1.4517	0.6260	0.5673
106
0354	0.8442	0.9593	1.3534	0.6600	1.2624s	1.4548	0.6230	0.5646
107
0355	0.8412	0.9564	1.3542	0.6660	0.2870s	1.4568	0.6210	0.5655
108
0356	0.8502	0.9621	1.3571	0.6640	1.1487s	1.4586	0.6180	0.5729
109
0357	0.8547	0.9571	1.3578	0.6620	0.2731s	1.4612	0.6250	0.5793
110
0358	0.8411	0.9514	1.3547	0.6680	0.3233s	1.4622	0.6250	0.5779
111
0359	0.8470	0.9500	1.3510	0.6600	0.2965s	1.4609	0.6240	0.5773
112
0360	0.8385	0.9521	1.3500	0.6580	0.7489s	1.4592	0.6310	0.5772
113
0361	0.8500	0.9557	1.3509	0.6660	1.0637s	1.4570	0.6300	0.5791
114
0362	0.8389	0.9557	1.3572	0.6560	0.2698s	1.4629	0.6320	0.5799
115
0363	0.8583	0.9436	1.3640	0.6540	0.2562s	1.4709	0.6250	0.5683
116
0364	0.8643	0.9586	1.3635	0.6580	1.0077s	1.4717	0.6280	0.5735
117
0365	0.8467	0.9514	1.3539	0.6640	0.2514s	1.4683	0.6260	0.5707
118
0366	0.8348	0.9664	1.3431	0.6620	1.0877s	1.4636	0.6290	0.5819
119
0367	0.8289	0.9507	1.3388	0.6680	0.8970s	1.4598	0.6270	0.5831
0
0368	0.8633	0.9500	1.3412	0.6660	0.7921s	1.4572	0.6320	0.5875
0
0369	0.8400	0.9550	1.3480	0.6620	0.8252s	1.4564	0.6330	0.5874
1
0370	0.8414	0.9457	1.3570	0.6580	0.3129s	1.4599	0.6300	0.5832
2
0371	0.8368	0.9579	1.3633	0.6520	1.2605s	1.4639	0.6230	0.5688
3
0372	0.8529	0.9421	1.3597	0.6540	0.2692s	1.4629	0.6210	0.5687
4
0373	0.8514	0.9564	1.3492	0.6440	1.1292s	1.4564	0.6200	0.5660
5
0374	0.8490	0.9507	1.3410	0.6560	0.3145s	1.4514	0.6220	0.5672
6
0375	0.8349	0.9564	1.3376	0.6660	0.8516s	1.4503	0.6220	0.5778
7
0376	0.8455	0.9579	1.3430	0.6660	0.3461s	1.4543	0.6250	0.5763
0
0377	0.8470	0.9479	1.3505	0.6640	0.9417s	1.4585	0.6250	0.5760
1
0378	0.8461	0.9464	1.3552	0.6700	0.7265s	1.4609	0.6270	0.5811
2
0379	0.8551	0.9493	1.3546	0.6660	0.7824s	1.4612	0.6250	0.5703
3
0380	0.8482	0.9557	1.3512	0.6680	0.6376s	1.4593	0.6260	0.5748
4
0381	0.8554	0.9500	1.3487	0.6540	0.5737s	1.4557	0.6200	0.5661
5
0382	0.8449	0.9486	1.3466	0.6580	1.0975s	1.4514	0.6220	0.5698
6
0383	0.8349	0.9529	1.3458	0.6660	0.2927s	1.4480	0.6230	0.5760
7
0384	0.8359	0.9493	1.3478	0.6620	1.1147s	1.4491	0.6240	0.5748
8
0385	0.8249	0.9593	1.3545	0.6600	0.9002s	1.4549	0.6240	0.5730
9
0386	0.8415	0.9507	1.3585	0.6620	0.4482s	1.4579	0.6250	0.5731
10
0387	0.8524	0.9443	1.3590	0.6640	1.1669s	1.4588	0.6250	0.5747
11
0388	0.8516	0.9486	1.3569	0.6580	0.5971s	1.4585	0.6240	0.5818
12
0389	0.8363	0.9621	1.3556	0.6600	0.8426s	1.4607	0.6190	0.5667
13
0390	0.8561	0.9450	1.3549	0.6580	0.6564s	1.4623	0.6200	0.5668
14
0391	0.8489	0.9464	1.3559	0.6660	0.3255s	1.4636	0.6140	0.5625
15
0392	0.8393	0.9500	1.3588	0.6660	0.3493s	1.4637	0.6200	0.5675
16
0393	0.8609	0.9471	1.3583	0.6660	1.0733s	1.4599	0.6230	0.5769
17
0394	0.8343	0.9443	1.3561	0.6660	0.9387s	1.4561	0.6180	0.5699
18
0395	0.8531	0.9514	1.3541	0.6740	0.8444s	1.4535	0.6180	0.5665
19
0396	0.8565	0.9564	1.3549	0.6720	0.3133s	1.4541	0.6200	0.5712
20
0397	0.8289	0.9629	1.3553	0.6700	1.0327s	1.4559	0.6220	0.5771
21
0398	0.8553	0.9593	1.3553	0.6660	0.4190s	1.4597	0.6230	0.5789
22
0399	0.8372	0.9529	1.3550	0.6700	0.3591s	1.4630	0.6220	0.5783
23
0400	0.8410	0.9400	1.3553	0.6580	0.5471s	1.4657	0.6230	0.5723
24
0401	0.8401	0.9507	1.3544	0.6640	1.1842s	1.4639	0.6210	0.5660
25
0402	0.8383	0.9421	1.3560	0.6600	0.2923s	1.4590	0.6230	0.5673
26
0403	0.8421	0.9507	1.3560	0.6640	1.1444s	1.4554	0.6210	0.5753
27
0404	0.8339	0.9600	1.3560	0.6680	0.3356s	1.4554	0.6210	0.5754
28
0405	0.8343	0.9621	1.3558	0.6780	0.4924s	1.4560	0.6210	0.5754
29
0406	0.8346	0.9600	1.3559	0.6760	0.5946s	1.4583	0.6240	0.5754
0
0407	0.8516	0.9436	1.3569	0.6720	0.4291s	1.4591	0.6240	0.5680
1
0408	0.8436	0.9564	1.3593	0.6600	0.6385s	1.4581	0.6200	0.5639
2
0409	0.8517	0.9493	1.3608	0.6640	0.7364s	1.4573	0.6240	0.5697
3
0410	0.8492	0.9536	1.3595	0.6580	0.7261s	1.4563	0.6190	0.5686
4
0411	0.8527	0.9386	1.3573	0.6580	1.0061s	1.4560	0.6210	0.5702
5
0412	0.8402	0.9479	1.3529	0.6600	0.4866s	1.4557	0.6240	0.5815
6
0413	0.8470	0.9536	1.3498	0.6660	1.1290s	1.4540	0.6230	0.5766
7
0414	0.8663	0.9443	1.3485	0.6720	0.2835s	1.4536	0.6290	0.5786
8
0415	0.8585	0.9536	1.3504	0.6720	1.0800s	1.4543	0.6260	0.5762
9
0416	0.8476	0.9479	1.3525	0.6780	0.5513s	1.4535	0.6270	0.5773
10
0417	0.8368	0.9564	1.3541	0.6700	1.1165s	1.4517	0.6270	0.5697
0
0418	0.8431	0.9464	1.3535	0.6680	0.7450s	1.4524	0.6260	0.5721
1
0419	0.8369	0.9514	1.3517	0.6700	0.9891s	1.4542	0.6240	0.5777
2
0420	0.8236	0.9507	1.3525	0.6700	0.2937s	1.4592	0.6220	0.5743
3
0421	0.8389	0.9514	1.3553	0.6700	0.8588s	1.4634	0.6180	0.5706
4
0422	0.8629	0.9429	1.3585	0.6700	0.9671s	1.4670	0.6220	0.5729
5
0423	0.8348	0.9521	1.3607	0.6700	0.4804s	1.4659	0.6250	0.5767
6
0424	0.8648	0.9550	1.3605	0.6700	1.1612s	1.4599	0.6260	0.5777
7
0425	0.8359	0.9571	1.3556	0.6740	0.2685s	1.4526	0.6270	0.5709
8
0426	0.8387	0.9493	1.3498	0.6740	0.3199s	1.4482	0.6210	0.5652
9
0427	0.8519	0.9521	1.3456	0.6800	0.3193s	1.4465	0.6190	0.5646
10
0428	0.8305	0.9571	1.3479	0.6680	0.4443s	1.4496	0.6260	0.5787
0
0429	0.8536	0.9550	1.3557	0.6620	1.0476s	1.4585	0.6210	0.5720
1
0430	0.8505	0.9543	1.3618	0.6660	0.7890s	1.4658	0.6200	0.5705
2
0431	0.8584	0.9436	1.3611	0.6720	0.9844s	1.4620	0.6240	0.5734
3
0432	0.8396	0.9529	1.3556	0.6740	0.8199s	1.4557	0.6270	0.5792
4
0433	0.8629	0.9493	1.3491	0.6700	0.2937s	1.4492	0.6290	0.5862
5
0434	0.8486	0.9514	1.3448	0.6680	1.0155s	1.4459	0.6290	0.5880
6
0435	0.8474	0.9536	1.3425	0.6680	0.7053s	1.4443	0.6310	0.5879
7
0436	0.8482	0.9457	1.3458	0.6680	1.0112s	1.4474	0.6240	0.5809
8
0437	0.8405	0.9600	1.3548	0.6620	0.3415s	1.4533	0.6210	0.5774
9
0438	0.8417	0.9436	1.3582	0.6600	0.2685s	1.4577	0.6240	0.5795
10
0439	0.8434	0.9371	1.3609	0.6700	0.9901s	1.4630	0.6230	0.5793
11
0440	0.8510	0.9579	1.3581	0.6680	0.8554s	1.4649	0.6230	0.5785
12
0441	0.8468	0.9536	1.3520	0.6680	0.2864s	1.4610	0.6230	0.5778
13
0442	0.8334	0.9536	1.3466	0.6780	0.6293s	1.4539	0.6270	0.5885
14
0443	0.8480	0.9529	1.3412	0.6680	0.5041s	1.4471	0.6300	0.5914
15
0444	0.8417	0.9500	1.3399	0.6660	1.1236s	1.4434	0.6320	0.5912
16
0445	0.8455	0.9521	1.3417	0.6720	0.6874s	1.4432	0.6290	0.5869
17
0446	0.8548	0.9550	1.3430	0.6720	1.0588s	1.4445	0.6300	0.5879
18
0447	0.8606	0.9464	1.3459	0.6680	1.0280s	1.4490	0.6270	0.5823
19
0448	0.8427	0.9471	1.3529	0.6660	0.6086s	1.4553	0.6260	0.5788
20
0449	0.8386	0.9464	1.3584	0.6660	0.3726s	1.4603	0.6250	0.5770
21
0450	0.8419	0.9579	1.3609	0.6680	0.9473s	1.4627	0.6170	0.5695
22
0451	0.8491	0.9521	1.3601	0.6700	1.0778s	1.4619	0.6190	0.5726
23
0452	0.8527	0.9557	1.3586	0.6660	0.6977s	1.4601	0.6170	0.5727
24
0453	0.8408	0.9514	1.3585	0.6600	0.8989s	1.4584	0.6190	0.5763
25
0454	0.8572	0.9579	1.3569	0.6600	0.9401s	1.4547	0.6230	0.5782
26
0455	0.8562	0.9457	1.3547	0.6580	0.8062s	1.4515	0.6270	0.5829
27
0456	0.8543	0.9543	1.3523	0.6680	0.5773s	1.4524	0.6290	0.5803
28
0457	0.8313	0.9536	1.3538	0.6660	0.5501s	1.4581	0.6310	0.5744
29
0458	0.8444	0.9571	1.3548	0.6640	0.3009s	1.4629	0.6280	0.5692
30
0459	0.8502	0.9521	1.3551	0.6640	0.5192s	1.4652	0.6210	0.5700
31
0460	0.8400	0.9650	1.3532	0.6680	0.7551s	1.4632	0.6190	0.5729
32
0461	0.8280	0.9571	1.3501	0.6660	1.0121s	1.4571	0.6210	0.5762
33
0462	0.8701	0.9407	1.3485	0.6640	0.2741s	1.4531	0.6210	0.5739
34
0463	0.8473	0.9536	1.3489	0.6660	0.8307s	1.4531	0.6240	0.5780
35
0464	0.8592	0.9557	1.3519	0.6620	0.6449s	1.4540	0.6240	0.5734
36
0465	0.8370	0.9493	1.3564	0.6660	0.2485s	1.4587	0.6240	0.5683
37
0466	0.8341	0.9536	1.3598	0.6600	1.1272s	1.4626	0.6240	0.5663
38
0467	0.8443	0.9486	1.3581	0.6540	0.5098s	1.4627	0.6210	0.5698
39
0468	0.8506	0.9507	1.3549	0.6560	0.8634s	1.4611	0.6210	0.5681
40
0469	0.8342	0.9500	1.3536	0.6640	0.6797s	1.4602	0.6210	0.5661
41
0470	0.8417	0.9550	1.3532	0.6640	0.2593s	1.4588	0.6210	0.5662
42
0471	0.8449	0.9543	1.3547	0.6640	0.6430s	1.4575	0.6210	0.5737
43
0472	0.8541	0.9436	1.3558	0.6620	0.4999s	1.4577	0.6220	0.5755
44
0473	0.8444	0.9557	1.3545	0.6600	0.5769s	1.4572	0.6220	0.5786
45
0474	0.8321	0.9493	1.3528	0.6620	0.7519s	1.4574	0.6240	0.5797
46
0475	0.8340	0.9571	1.3520	0.6620	0.9260s	1.4581	0.6210	0.5674
47
0476	0.8485	0.9507	1.3530	0.6640	0.6258s	1.4596	0.6230	0.5680
48
0477	0.8437	0.9636	1.3535	0.6580	0.6388s	1.4593	0.6230	0.5670
49
0478	0.8518	0.9521	1.3528	0.6600	0.2757s	1.4544	0.6270	0.5720
50
0479	0.8559	0.9471	1.3504	0.6640	0.2912s	1.4503	0.6280	0.5745
51
0480	0.8300	0.9471	1.3498	0.6620	0.6002s	1.4496	0.6210	0.5652
52
0481	0.8546	0.9507	1.3484	0.6600	0.6880s	1.4482	0.6210	0.5690
53
0482	0.8298	0.9521	1.3474	0.6640	1.0198s	1.4486	0.6230	0.5768
54
0483	0.8397	0.9436	1.3482	0.6680	0.3921s	1.4497	0.6270	0.5799
55
0484	0.8322	0.9600	1.3511	0.6620	0.3396s	1.4527	0.6270	0.5833
56
0485	0.8418	0.9614	1.3527	0.6600	1.0104s	1.4553	0.6270	0.5767
57
0486	0.8404	0.9529	1.3532	0.6580	0.5596s	1.4551	0.6270	0.5770
58
0487	0.8367	0.9514	1.3538	0.6600	0.8255s	1.4534	0.6250	0.5693
59
0488	0.8581	0.9471	1.3565	0.6620	1.0266s	1.4522	0.6280	0.5754
60
0489	0.8498	0.9471	1.3598	0.6700	0.4424s	1.4540	0.6310	0.5764
61
0490	0.8306	0.9486	1.3596	0.6680	0.9938s	1.4538	0.6270	0.5724
62
0491	0.8356	0.9586	1.3597	0.6680	0.8692s	1.4550	0.6280	0.5733
63
0492	0.8435	0.9507	1.3575	0.6720	0.3013s	1.4557	0.6290	0.5842
64
0493	0.8371	0.9457	1.3560	0.6700	0.3953s	1.4561	0.6320	0.5889
65
0494	0.8434	0.9543	1.3549	0.6680	0.7730s	1.4549	0.6260	0.5856
66
0495	0.8543	0.9493	1.3580	0.6580	0.4238s	1.4576	0.6240	0.5801
67
0496	0.8473	0.9436	1.3607	0.6580	0.4427s	1.4608	0.6220	0.5790
68
0497	0.8296	0.9493	1.3616	0.6580	0.7236s	1.4644	0.6200	0.5665
69
0498	0.8288	0.9636	1.3578	0.6600	0.6651s	1.4639	0.6230	0.5643
70
0499	0.8275	0.9593	1.3509	0.6680	0.9562s	1.4610	0.6260	0.5674
71
0500	0.8225	0.9621	1.3468	0.6680	0.8002s	1.4595	0.6240	0.5648
72
0501	0.8368	0.9543	1.3463	0.6720	1.0237s	1.4573	0.6320	0.5785
73
0502	0.8352	0.9514	1.3483	0.6680	0.3039s	1.4568	0.6300	0.5845
74
0503	0.8367	0.9529	1.3523	0.6660	0.7545s	1.4600	0.6240	0.5810
75
0504	0.8335	0.9543	1.3560	0.6580	0.2504s	1.4632	0.6210	0.5742
76
0505	0.8490	0.9450	1.3572	0.6620	0.2597s	1.4660	0.6220	0.5783
77
0506	0.8468	0.9407	1.3565	0.6580	0.9405s	1.4685	0.6210	0.5698
78
0507	0.8598	0.9414	1.3539	0.6620	0.5810s	1.4695	0.6220	0.5671
79
0508	0.8530	0.9600	1.3510	0.6640	0.9004s	1.4685	0.6260	0.5724
80
0509	0.8427	0.9479	1.3475	0.6660	0.5217s	1.4648	0.6230	0.5718
81
0510	0.8487	0.9464	1.3432	0.6700	0.2662s	1.4600	0.6230	0.5702
82
0511	0.8467	0.9543	1.3408	0.6700	0.8009s	1.4560	0.6250	0.5702
83
0512	0.8427	0.9457	1.3415	0.6660	0.4501s	1.4530	0.6270	0.5804
84
0513	0.8508	0.9536	1.3449	0.6640	0.2554s	1.4552	0.6290	0.5808
85
0514	0.8360	0.9536	1.3505	0.6540	0.7876s	1.4629	0.6290	0.5791
86
0515	0.8459	0.9529	1.3563	0.6540	0.5863s	1.4700	0.6280	0.5722
87
0516	0.8430	0.9536	1.3564	0.6580	0.8739s	1.4699	0.6260	0.5727
88
0517	0.8468	0.9557	1.3550	0.6580	0.3287s	1.4679	0.6260	0.5711
89
0518	0.8445	0.9629	1.3520	0.6640	0.9300s	1.4644	0.6270	0.5746
90
0519	0.8232	0.9564	1.3489	0.6600	0.5160s	1.4624	0.6270	0.5717
91
0520	0.8455	0.9450	1.3469	0.6660	0.8558s	1.4627	0.6220	0.5665
92
0521	0.8481	0.9479	1.3493	0.6620	0.2687s	1.4653	0.6230	0.5656
93
0522	0.8522	0.9543	1.3540	0.6600	0.7826s	1.4697	0.6210	0.5605
94
0523	0.8345	0.9514	1.3532	0.6560	0.8217s	1.4701	0.6230	0.5654
95
0524	0.8426	0.9579	1.3535	0.6560	1.0463s	1.4669	0.6250	0.5701
96
0525	0.8369	0.9521	1.3511	0.6600	0.8537s	1.4588	0.6310	0.5812
97
0526	0.8222	0.9586	1.3485	0.6620	0.5368s	1.4522	0.6360	0.5832
98
0527	0.8421	0.9579	1.3470	0.6640	0.7440s	1.4486	0.6360	0.5821
99
0528	0.8373	0.9579	1.3471	0.6580	0.3467s	1.4491	0.6320	0.5782
100
0529	0.8371	0.9514	1.3493	0.6540	0.9487s	1.4539	0.6240	0.5729
101
0530	0.8434	0.9493	1.3511	0.6600	0.7207s	1.4603	0.6240	0.5713
102
0531	0.8289	0.9486	1.3490	0.6620	0.8753s	1.4611	0.6200	0.5660
103
0532	0.8512	0.9571	1.3476	0.6600	0.3285s	1.4567	0.6250	0.5785
104
0533	0.8296	0.9607	1.3451	0.6600	0.7395s	1.4504	0.6300	0.5877
105
0534	0.8293	0.9536	1.3454	0.6700	0.5068s	1.4465	0.6340	0.5879
106
0535	0.8255	0.9550	1.3469	0.6680	0.7036s	1.4462	0.6330	0.5897
107
0536	0.8386	0.9500	1.3537	0.6600	0.6445s	1.4537	0.6280	0.5854
108
0537	0.8453	0.9529	1.3611	0.6520	0.6253s	1.4633	0.6180	0.5679
109
0538	0.8290	0.9429	1.3625	0.6620	0.7159s	1.4669	0.6180	0.5640
110
0539	0.8516	0.9486	1.3617	0.6660	0.7076s	1.4667	0.6200	0.5662
111
0540	0.8571	0.9457	1.3599	0.6640	1.0410s	1.4649	0.6230	0.5685
112
0541	0.8398	0.9514	1.3588	0.6660	0.3048s	1.4646	0.6270	0.5788
113
0542	0.8418	0.9600	1.3568	0.6660	0.5853s	1.4661	0.6250	0.5763
114
0543	0.8444	0.9564	1.3541	0.6700	0.8725s	1.4652	0.6250	0.5708
115
0544	0.8414	0.9521	1.3549	0.6600	1.0008s	1.4640	0.6240	0.5696
116
0545	0.8589	0.9571	1.3541	0.6520	0.5420s	1.4611	0.6200	0.5679
117
0546	0.8503	0.9521	1.3532	0.6560	0.9049s	1.4574	0.6170	0.5706
118
0547	0.8355	0.9521	1.3535	0.6560	0.7970s	1.4561	0.6170	0.5715
119
0548	0.8383	0.9536	1.3543	0.6500	0.3865s	1.4582	0.6170	0.5694
120
0549	0.8323	0.9543	1.3525	0.6660	0.3156s	1.4592	0.6180	0.5691
121
0550	0.8409	0.9571	1.3500	0.6680	0.9329s	1.4599	0.6190	0.5673
122
0551	0.8324	0.9586	1.3509	0.6660	0.4424s	1.4627	0.6230	0.5752
123
0552	0.8456	0.9407	1.3518	0.6600	0.6611s	1.4622	0.6220	0.5694
124
0553	0.8402	0.9514	1.3501	0.6600	0.4834s	1.4587	0.6220	0.5702
125
0554	0.8404	0.9479	1.3481	0.6580	1.0981s	1.4550	0.6240	0.5717
126
0555	0.8439	0.9500	1.3490	0.6580	1.1739s	1.4541	0.6220	0.5685
127
0556	0.8415	0.9529	1.3521	0.6620	0.3522s	1.4564	0.6240	0.5711
128
0557	0.8398	0.9529	1.3545	0.6560	0.8164s	1.4570	0.6230	0.5674
129
0558	0.8375	0.9536	1.3581	0.6580	0.7711s	1.4582	0.6200	0.5630
130
0559	0.8248	0.9714	1.3573	0.6640	0.6949s	1.4591	0.6250	0.5694
131
0560	0.8328	0.9557	1.3528	0.6620	1.0011s	1.4556	0.6240	0.5684
132
0561	0.8437	0.9471	1.3506	0.6600	0.4234s	1.4538	0.6270	0.5742
133
0562	0.8328	0.9521	1.3505	0.6660	0.7702s	1.4543	0.6300	0.5735
134
0563	0.8345	0.9543	1.3524	0.6660	0.6334s	1.4539	0.6310	0.5744
135
0564	0.8477	0.9571	1.3507	0.6660	0.3272s	1.4513	0.6320	0.5761
136
0565	0.8356	0.9529	1.3489	0.6620	1.0041s	1.4499	0.6320	0.5777
137
0566	0.8364	0.9500	1.3491	0.6600	0.7495s	1.4503	0.6290	0.5757
138
0567	0.8399	0.9586	1.3516	0.6620	0.3045s	1.4536	0.6290	0.5727
139
0568	0.8367	0.9607	1.3549	0.6620	0.3031s	1.4575	0.6270	0.5714
140
0569	0.8498	0.9564	1.3583	0.6540	1.1418s	1.4628	0.6280	0.5745
141
0570	0.8411	0.9450	1.3594	0.6540	0.3039s	1.4651	0.6270	0.5760
142
0571	0.8263	0.9521	1.3596	0.6560	0.9867s	1.4648	0.6270	0.5747
143
0572	0.8381	0.9550	1.3588	0.6600	0.2766s	1.4614	0.6320	0.5803
144
0573	0.8372	0.9571	1.3552	0.6620	0.8261s	1.4579	0.6300	0.5846
145
0574	0.8442	0.9507	1.3538	0.6660	0.8264s	1.4586	0.6280	0.5767
146
0575	0.8275	0.9629	1.3559	0.6660	0.2786s	1.4598	0.6240	0.5729
147
0576	0.8330	0.9521	1.3585	0.6600	0.8481s	1.4613	0.6240	0.5727
148
0577	0.8504	0.9529	1.3628	0.6640	0.2465s	1.4629	0.6220	0.5702
149
0578	0.8244	0.9593	1.3655	0.6620	0.5451s	1.4637	0.6220	0.5706
150
0579	0.8422	0.9593	1.3640	0.6560	1.0522s	1.4600	0.6220	0.5697
151
0580	0.8423	0.9471	1.3610	0.6640	0.3071s	1.4558	0.6270	0.5704
152
0581	0.8318	0.9543	1.3581	0.6680	0.9540s	1.4526	0.6260	0.5706
153
0582	0.8278	0.9586	1.3581	0.6660	0.5958s	1.4508	0.6260	0.5741
154
0583	0.8457	0.9564	1.3571	0.6720	0.3440s	1.4520	0.6220	0.5671
155
0584	0.8451	0.9600	1.3535	0.6640	0.4435s	1.4523	0.6260	0.5728
156
0585	0.8517	0.9529	1.3493	0.6560	0.6448s	1.4528	0.6290	0.5749
157
0586	0.8496	0.9500	1.3524	0.6580	0.2610s	1.4558	0.6290	0.5718
158
0587	0.8370	0.9571	1.3564	0.6500	1.1804s	1.4590	0.6260	0.5681
159
0588	0.8411	0.9471	1.3624	0.6620	0.3692s	1.4630	0.6190	0.5606
160
0589	0.8394	0.9464	1.3631	0.6620	1.0617s	1.4641	0.6170	0.5596
161
0590	0.8231	0.9564	1.3597	0.6700	0.2500s	1.4642	0.6160	0.5625
162
0591	0.8397	0.9629	1.3527	0.6700	0.6724s	1.4607	0.6160	0.5631
163
0592	0.8380	0.9557	1.3445	0.6700	1.0253s	1.4553	0.6220	0.5706
164
0593	0.8298	0.9521	1.3389	0.6600	1.0832s	1.4522	0.6220	0.5705
165
0594	0.8422	0.9493	1.3393	0.6640	0.5168s	1.4531	0.6250	0.5700
166
0595	0.8450	0.9557	1.3438	0.6680	0.7826s	1.4555	0.6260	0.5716
167
0596	0.8387	0.9507	1.3483	0.6580	0.5903s	1.4581	0.6230	0.5695
168
0597	0.8419	0.9493	1.3507	0.6540	0.4306s	1.4591	0.6240	0.5700
169
0598	0.8583	0.9579	1.3528	0.6580	1.1491s	1.4592	0.6190	0.5674
170
0599	0.8440	0.9493	1.3548	0.6540	0.2507s	1.4591	0.6230	0.5703
171
0600	0.8463	0.9564	1.3531	0.6600	0.7297s	1.4572	0.6190	0.5617
172
0601	0.8405	0.9607	1.3508	0.6580	0.2884s	1.4555	0.6170	0.5666
173
0602	0.8227	0.9521	1.3469	0.6520	0.4087s	1.4517	0.6200	0.5714
174
0603	0.8321	0.9614	1.3420	0.6600	0.8708s	1.4471	0.6250	0.5748
175
0604	0.8301	0.9521	1.3425	0.6640	0.2545s	1.4473	0.6290	0.5806
176
0605	0.8544	0.9536	1.3436	0.6640	0.8505s	1.4499	0.6250	0.5736
177
0606	0.8321	0.9521	1.3433	0.6600	0.3971s	1.4523	0.6240	0.5747
178
0607	0.8490	0.9543	1.3446	0.6560	0.5605s	1.4540	0.6250	0.5776
179
0608	0.8472	0.9529	1.3477	0.6600	0.8200s	1.4565	0.6220	0.5780
180
0609	0.8306	0.9543	1.3508	0.6580	0.2673s	1.4583	0.6210	0.5642
181
0610	0.8342	0.9629	1.3544	0.6660	0.9934s	1.4579	0.6200	0.5674
182
0611	0.8396	0.9486	1.3570	0.6660	0.2928s	1.4544	0.6220	0.5709
183
0612	0.8322	0.9557	1.3581	0.6660	0.9923s	1.4510	0.6290	0.5760
184
0613	0.8342	0.9464	1.3602	0.6640	0.2826s	1.4511	0.6300	0.5755
185
0614	0.8548	0.9550	1.3573	0.6620	0.9297s	1.4520	0.6270	0.5798
186
0615	0.8466	0.9507	1.3509	0.6640	0.6132s	1.4514	0.6270	0.5684
187
0616	0.8292	0.9507	1.3472	0.6640	0.3109s	1.4529	0.6270	0.5696
188
0617	0.8521	0.9400	1.3475	0.6620	1.0915s	1.4569	0.6280	0.5704
189
0618	0.8367	0.9536	1.3490	0.6640	0.3225s	1.4598	0.6190	0.5587
190
0619	0.8339	0.9514	1.3540	0.6680	0.8252s	1.4603	0.6170	0.5615
191
0620	0.8464	0.9500	1.3649	0.6660	0.8171s	1.4620	0.6250	0.5721
192
0621	0.8599	0.9557	1.3721	0.6640	0.7930s	1.4653	0.6220	0.5702
193
0622	0.8424	0.9464	1.3704	0.6600	0.3512s	1.4663	0.6210	0.5681
194
0623	0.8546	0.9550	1.3646	0.6640	1.0002s	1.4650	0.6250	0.5713
195
0624	0.8520	0.9571	1.3574	0.6640	0.4785s	1.4610	0.6230	0.5689
196
0625	0.8538	0.9486	1.3507	0.6620	0.9540s	1.4558	0.6250	0.5673
197
0626	0.8430	0.9579	1.3475	0.6600	0.4084s	1.4524	0.6240	0.5645
198
0627	0.8346	0.9529	1.3484	0.6580	0.8955s	1.4538	0.6190	0.5636
199
Early stop! Min loss:1.3376392126083374,  Max accuracy:0.68
Early stop model validation loss:1.3376392126083374,  accuracy:0.666
Optimization Finished!
Total time elapsed: 435.3295s
test max acc:0.6380
Loading 374th epoch
stru_node_to_hop attention:tensor([[0.2500, 0.2500, 0.2500, 0.2500],
        [0.2500, 0.2500, 0.2500, 0.2500],
        [0.2500, 0.2500, 0.2500, 0.2500],
        [0.2500, 0.2500, 0.2500, 0.2500],
        [0.2500, 0.2500, 0.2500, 0.2500],
        [0.2500, 0.2500, 0.2500, 0.2500],
        [0.2500, 0.2500, 0.2500, 0.2500],
        [0.2500, 0.2500, 0.2500, 0.2500],
        [0.2500, 0.2500, 0.2500, 0.2500],
        [0.2500, 0.2500, 0.2500, 0.2500],
        [0.2500, 0.2500, 0.2500, 0.2500],
        [0.2500, 0.2500, 0.2500, 0.2500],
        [0.2500, 0.2500, 0.2500, 0.2500],
        [0.2500, 0.2500, 0.2500, 0.2500],
        [0.2500, 0.2500, 0.2500, 0.2500],
        [0.2500, 0.2500, 0.2500, 0.2500],
        [0.2500, 0.2500, 0.2500, 0.2500],
        [0.2500, 0.2500, 0.2500, 0.2500],
        [0.2500, 0.2500, 0.2500, 0.2500],
        [0.2500, 0.2500, 0.2500, 0.2500],
        [0.2500, 0.2500, 0.2500, 0.2500],
        [0.2500, 0.2500, 0.2500, 0.2500],
        [0.2500, 0.2500, 0.2500, 0.2500],
        [0.2500, 0.2500, 0.2500, 0.2500],
        [0.2500, 0.2500, 0.2500, 0.2500],
        [0.2500, 0.2500, 0.2500, 0.2500],
        [0.2500, 0.2500, 0.2500, 0.2500],
        [0.2500, 0.2500, 0.2500, 0.2500],
        [0.2500, 0.2500, 0.2500, 0.2500],
        [0.2500, 0.2500, 0.2500, 0.2500],
        [0.2500, 0.2500, 0.2500, 0.2500],
        [0.2500, 0.2500, 0.2500, 0.2500],
        [0.2500, 0.2500, 0.2500, 0.2500],
        [0.2500, 0.2500, 0.2500, 0.2500],
        [0.2500, 0.2500, 0.2500, 0.2500],
        [0.2500, 0.2500, 0.2500, 0.2500],
        [0.2500, 0.2500, 0.2500, 0.2500],
        [0.2500, 0.2500, 0.2500, 0.2500],
        [0.2500, 0.2500, 0.2500, 0.2500],
        [0.2500, 0.2500, 0.2500, 0.2500],
        [0.2500, 0.2500, 0.2500, 0.2500],
        [0.2500, 0.2500, 0.2500, 0.2500],
        [0.2500, 0.2500, 0.2500, 0.2500],
        [0.2500, 0.2500, 0.2500, 0.2500],
        [0.2500, 0.2500, 0.2500, 0.2500],
        [0.2500, 0.2500, 0.2500, 0.2500],
        [0.2500, 0.2500, 0.2500, 0.2500],
        [0.2500, 0.2500, 0.2500, 0.2500],
        [0.2500, 0.2500, 0.2500, 0.2500],
        [0.2500, 0.2500, 0.2500, 0.2500],
        [0.2500, 0.2500, 0.2500, 0.2500],
        [0.2500, 0.2500, 0.2500, 0.2500],
        [0.2500, 0.2500, 0.2500, 0.2500],
        [0.2500, 0.2500, 0.2500, 0.2500],
        [0.2500, 0.2500, 0.2500, 0.2500],
        [0.2500, 0.2500, 0.2500, 0.2500],
        [0.2500, 0.2500, 0.2500, 0.2500],
        [0.2500, 0.2500, 0.2500, 0.2500],
        [0.2500, 0.2500, 0.2500, 0.2500],
        [0.2500, 0.2500, 0.2500, 0.2500],
        [0.2500, 0.2500, 0.2500, 0.2500],
        [0.2500, 0.2500, 0.2500, 0.2500],
        [0.2500, 0.2500, 0.2500, 0.2500],
        [0.2500, 0.2500, 0.2500, 0.2500],
        [0.2500, 0.2500, 0.2500, 0.2500],
        [0.2500, 0.2500, 0.2500, 0.2500],
        [0.2500, 0.2500, 0.2500, 0.2500],
        [0.2500, 0.2500, 0.2500, 0.2500],
        [0.2500, 0.2500, 0.2500, 0.2500],
        [0.2500, 0.2500, 0.2500, 0.2500],
        [0.2500, 0.2500, 0.2500, 0.2500],
        [0.2500, 0.2500, 0.2500, 0.2500],
        [0.2500, 0.2500, 0.2500, 0.2500],
        [0.2500, 0.2500, 0.2500, 0.2500],
        [0.2500, 0.2500, 0.2500, 0.2500],
        [0.2500, 0.2500, 0.2500, 0.2500],
        [0.2500, 0.2500, 0.2500, 0.2500],
        [0.2500, 0.2500, 0.2500, 0.2500],
        [0.2500, 0.2500, 0.2500, 0.2500],
        [0.2500, 0.2500, 0.2500, 0.2500],
        [0.2500, 0.2500, 0.2500, 0.2500],
        [0.2500, 0.2500, 0.2500, 0.2500],
        [0.2500, 0.2500, 0.2500, 0.2500],
        [0.2500, 0.2500, 0.2500, 0.2500],
        [0.2500, 0.2500, 0.2500, 0.2500],
        [0.2500, 0.2500, 0.2500, 0.2500],
        [0.2500, 0.2500, 0.2500, 0.2500],
        [0.2500, 0.2500, 0.2500, 0.2500],
        [0.2500, 0.2500, 0.2500, 0.2500],
        [0.2500, 0.2500, 0.2500, 0.2500],
        [0.2500, 0.2500, 0.2500, 0.2500],
        [0.2500, 0.2500, 0.2500, 0.2500],
        [0.2500, 0.2500, 0.2500, 0.2500],
        [0.2500, 0.2500, 0.2500, 0.2500],
        [0.2500, 0.2500, 0.2500, 0.2500],
        [0.2500, 0.2500, 0.2500, 0.2500],
        [0.2500, 0.2500, 0.2500, 0.2500],
        [0.2500, 0.2500, 0.2500, 0.2500],
        [0.2500, 0.2500, 0.2500, 0.2500],
        [0.2500, 0.2500, 0.2500, 0.2500]], device='cuda:7')
fea_node_to_hop attention:tensor([[0.2500, 0.2500, 0.2500, 0.2500],
        [0.2500, 0.2500, 0.2500, 0.2500],
        [0.2500, 0.2500, 0.2500, 0.2500],
        [0.2500, 0.2500, 0.2500, 0.2500],
        [0.2500, 0.2500, 0.2500, 0.2500],
        [0.2500, 0.2500, 0.2500, 0.2500],
        [0.2500, 0.2500, 0.2500, 0.2500],
        [0.2500, 0.2500, 0.2500, 0.2500],
        [0.2500, 0.2500, 0.2500, 0.2500],
        [0.2500, 0.2500, 0.2500, 0.2500],
        [0.2500, 0.2500, 0.2500, 0.2500],
        [0.2500, 0.2500, 0.2500, 0.2500],
        [0.2500, 0.2500, 0.2500, 0.2500],
        [0.2500, 0.2500, 0.2500, 0.2500],
        [0.2500, 0.2500, 0.2500, 0.2500],
        [0.2500, 0.2500, 0.2500, 0.2500],
        [0.2500, 0.2500, 0.2500, 0.2500],
        [0.2500, 0.2500, 0.2500, 0.2500],
        [0.2500, 0.2500, 0.2500, 0.2500],
        [0.2500, 0.2500, 0.2500, 0.2500],
        [0.2500, 0.2500, 0.2500, 0.2500],
        [0.2500, 0.2500, 0.2500, 0.2500],
        [0.2500, 0.2500, 0.2500, 0.2500],
        [0.2500, 0.2500, 0.2500, 0.2500],
        [0.2500, 0.2500, 0.2500, 0.2500],
        [0.2500, 0.2500, 0.2500, 0.2500],
        [0.2500, 0.2500, 0.2500, 0.2500],
        [0.2500, 0.2500, 0.2500, 0.2500],
        [0.2500, 0.2500, 0.2500, 0.2500],
        [0.2500, 0.2500, 0.2500, 0.2500],
        [0.2500, 0.2500, 0.2500, 0.2500],
        [0.2500, 0.2500, 0.2500, 0.2500],
        [0.2500, 0.2500, 0.2500, 0.2500],
        [0.2500, 0.2500, 0.2500, 0.2500],
        [0.2500, 0.2500, 0.2500, 0.2500],
        [0.2500, 0.2500, 0.2500, 0.2500],
        [0.2500, 0.2500, 0.2500, 0.2500],
        [0.2500, 0.2500, 0.2500, 0.2500],
        [0.2500, 0.2500, 0.2500, 0.2500],
        [0.2500, 0.2500, 0.2500, 0.2500],
        [0.2500, 0.2500, 0.2500, 0.2500],
        [0.2500, 0.2500, 0.2500, 0.2500],
        [0.2500, 0.2500, 0.2500, 0.2500],
        [0.2500, 0.2500, 0.2500, 0.2500],
        [0.2500, 0.2500, 0.2500, 0.2500],
        [0.2500, 0.2500, 0.2500, 0.2500],
        [0.2500, 0.2500, 0.2500, 0.2500],
        [0.2500, 0.2500, 0.2500, 0.2500],
        [0.2500, 0.2500, 0.2500, 0.2500],
        [0.2500, 0.2500, 0.2500, 0.2500],
        [0.2500, 0.2500, 0.2500, 0.2500],
        [0.2500, 0.2500, 0.2500, 0.2500],
        [0.2500, 0.2500, 0.2500, 0.2500],
        [0.2500, 0.2500, 0.2500, 0.2500],
        [0.2500, 0.2500, 0.2500, 0.2500],
        [0.2500, 0.2500, 0.2500, 0.2500],
        [0.2500, 0.2500, 0.2500, 0.2500],
        [0.2500, 0.2500, 0.2500, 0.2500],
        [0.2500, 0.2500, 0.2500, 0.2500],
        [0.2500, 0.2500, 0.2500, 0.2500],
        [0.2500, 0.2500, 0.2500, 0.2500],
        [0.2500, 0.2500, 0.2500, 0.2500],
        [0.2500, 0.2500, 0.2500, 0.2500],
        [0.2500, 0.2500, 0.2500, 0.2500],
        [0.2500, 0.2500, 0.2500, 0.2500],
        [0.2500, 0.2500, 0.2500, 0.2500],
        [0.2500, 0.2500, 0.2500, 0.2500],
        [0.2500, 0.2500, 0.2500, 0.2500],
        [0.2500, 0.2500, 0.2500, 0.2500],
        [0.2500, 0.2500, 0.2500, 0.2500],
        [0.2500, 0.2500, 0.2500, 0.2500],
        [0.2500, 0.2500, 0.2500, 0.2500],
        [0.2500, 0.2500, 0.2500, 0.2500],
        [0.2500, 0.2500, 0.2500, 0.2500],
        [0.2500, 0.2500, 0.2500, 0.2500],
        [0.2500, 0.2500, 0.2500, 0.2500],
        [0.2500, 0.2500, 0.2500, 0.2500],
        [0.2500, 0.2500, 0.2500, 0.2500],
        [0.2500, 0.2500, 0.2500, 0.2500],
        [0.2500, 0.2500, 0.2500, 0.2500],
        [0.2500, 0.2500, 0.2500, 0.2500],
        [0.2500, 0.2500, 0.2500, 0.2500],
        [0.2500, 0.2500, 0.2500, 0.2500],
        [0.2500, 0.2500, 0.2500, 0.2500],
        [0.2500, 0.2500, 0.2500, 0.2500],
        [0.2500, 0.2500, 0.2500, 0.2500],
        [0.2500, 0.2500, 0.2500, 0.2500],
        [0.2500, 0.2500, 0.2500, 0.2500],
        [0.2500, 0.2500, 0.2500, 0.2500],
        [0.2500, 0.2500, 0.2500, 0.2500],
        [0.2500, 0.2500, 0.2500, 0.2500],
        [0.2500, 0.2500, 0.2500, 0.2500],
        [0.2500, 0.2500, 0.2500, 0.2500],
        [0.2500, 0.2500, 0.2500, 0.2500],
        [0.2500, 0.2500, 0.2500, 0.2500],
        [0.2500, 0.2500, 0.2500, 0.2500],
        [0.2500, 0.2500, 0.2500, 0.2500],
        [0.2500, 0.2500, 0.2500, 0.2500],
        [0.2500, 0.2500, 0.2500, 0.2500],
        [0.2500, 0.2500, 0.2500, 0.2500]], device='cuda:7')
perception attention:tensor([0.9945, 0.0055], device='cuda:7')
Test set results: loss= 1.4503 accuracy= 0.6220 F1_score= 0.5778
