# epoch	loss_train	acc_train	loss_val	acc_val	time	acc_test	f1_test
0001	1.1000	0.3667	0.9719	0.7100	0.0497s	0.9714	0.7000	0.6854
0
0002	0.8563	0.9500	0.7615	0.7820	0.0492s	0.7715	0.7690	0.7598
0
0003	0.5654	0.9833	0.5371	0.8800	0.0494s	0.5487	0.8880	0.8859
0
0004	0.3516	0.9833	0.3972	0.8960	0.0492s	0.4121	0.8850	0.8830
0
0005	0.2159	0.9833	0.3086	0.9020	0.0493s	0.3500	0.8810	0.8816
0
0006	0.1458	1.0000	0.2690	0.9020	0.0491s	0.3183	0.8880	0.8882
0
0007	0.1186	0.9833	0.2524	0.9200	0.0505s	0.2971	0.8950	0.8946
0
0008	0.1137	0.9667	0.2597	0.9040	0.0494s	0.2940	0.9040	0.9033
0
0009	0.0872	1.0000	0.2934	0.9000	0.0491s	0.3170	0.9010	0.8994
1
0010	0.0834	0.9667	0.2855	0.9040	0.0492s	0.3185	0.9030	0.9019
2
0011	0.0631	1.0000	0.2631	0.9240	0.0495s	0.3213	0.9040	0.9039
3
0012	0.0553	1.0000	0.2684	0.9220	0.0490s	0.3526	0.8940	0.8946
0
0013	0.0644	1.0000	0.2852	0.9220	0.0493s	0.3670	0.9040	0.9040
1
0014	0.0701	0.9833	0.2814	0.9300	0.0490s	0.3669	0.9020	0.9022
2
0015	0.0712	0.9833	0.2840	0.9260	0.0491s	0.3521	0.9060	0.9060
0
0016	0.0718	1.0000	0.3249	0.9280	0.0490s	0.3837	0.8970	0.8970
1
0017	0.0442	1.0000	0.3474	0.9240	0.0490s	0.3947	0.8990	0.8986
2
0018	0.0548	1.0000	0.3337	0.9100	0.0489s	0.3706	0.9080	0.9071
3
0019	0.0538	1.0000	0.3796	0.9140	0.0496s	0.4046	0.9100	0.9088
4
0020	0.0547	1.0000	0.3631	0.9240	0.0493s	0.4066	0.9120	0.9113
5
0021	0.0466	1.0000	0.3012	0.9320	0.0492s	0.3814	0.9140	0.9139
6
0022	0.0397	1.0000	0.2993	0.9280	0.0492s	0.4131	0.9050	0.9056
0
0023	0.0497	0.9667	0.3063	0.9300	0.0491s	0.4243	0.9030	0.9037
1
0024	0.0735	0.9833	0.2947	0.9300	0.0490s	0.3710	0.9170	0.9170
2
0025	0.0474	0.9833	0.3901	0.9180	0.0492s	0.4163	0.9100	0.9089
3
0026	0.0607	0.9500	0.3808	0.9060	0.0491s	0.3957	0.9100	0.9085
4
0027	0.0534	0.9833	0.3296	0.9200	0.0492s	0.3600	0.9110	0.9103
5
0028	0.0437	1.0000	0.3158	0.9340	0.0491s	0.3761	0.9070	0.9069
6
0029	0.0534	1.0000	0.2771	0.9360	0.0491s	0.3423	0.9140	0.9141
0
0030	0.0452	1.0000	0.2819	0.9380	0.0492s	0.3479	0.9230	0.9228
0
0031	0.0367	0.9833	0.3131	0.9360	0.0493s	0.3743	0.9190	0.9187
0
0032	0.0398	1.0000	0.3216	0.9340	0.0493s	0.3792	0.9170	0.9166
1
0033	0.0535	1.0000	0.2772	0.9340	0.0491s	0.3318	0.9220	0.9217
2
0034	0.0410	0.9833	0.2774	0.9420	0.0492s	0.3312	0.9130	0.9130
3
0035	0.0509	0.9833	0.2846	0.9400	0.0505s	0.3293	0.9140	0.9137
0
0036	0.0428	1.0000	0.2710	0.9300	0.0493s	0.3118	0.9240	0.9237
1
0037	0.0500	1.0000	0.2693	0.9360	0.0492s	0.3202	0.9280	0.9276
2
0038	0.0368	1.0000	0.2773	0.9340	0.0492s	0.3367	0.9210	0.9207
3
0039	0.0314	1.0000	0.2788	0.9360	0.0493s	0.3425	0.9180	0.9176
4
0040	0.0596	0.9833	0.2342	0.9400	0.0496s	0.3033	0.9250	0.9250
5
0041	0.0443	1.0000	0.2366	0.9380	0.0494s	0.2971	0.9230	0.9230
0
0042	0.0404	1.0000	0.2454	0.9360	0.0491s	0.2929	0.9250	0.9248
1
0043	0.0393	1.0000	0.2760	0.9300	0.0491s	0.3136	0.9250	0.9244
2
0044	0.0479	1.0000	0.2463	0.9360	0.0491s	0.2951	0.9250	0.9248
3
0045	0.0426	1.0000	0.2407	0.9320	0.0491s	0.3030	0.9270	0.9267
4
0046	0.0386	1.0000	0.2367	0.9320	0.0491s	0.3048	0.9280	0.9278
5
0047	0.0471	1.0000	0.2442	0.9300	0.0490s	0.3086	0.9270	0.9267
6
0048	0.0452	1.0000	0.2525	0.9340	0.0492s	0.2981	0.9270	0.9266
7
0049	0.0458	1.0000	0.2398	0.9380	0.0489s	0.2904	0.9230	0.9228
8
0050	0.0393	1.0000	0.2333	0.9340	0.0492s	0.3005	0.9280	0.9278
9
0051	0.0451	1.0000	0.2323	0.9340	0.0494s	0.3071	0.9280	0.9278
0
0052	0.0483	1.0000	0.2282	0.9420	0.0498s	0.2916	0.9270	0.9268
0
0053	0.0366	1.0000	0.2322	0.9400	0.0497s	0.2873	0.9270	0.9269
0
0054	0.0341	1.0000	0.2418	0.9400	0.0492s	0.2927	0.9290	0.9288
1
0055	0.0404	1.0000	0.2456	0.9360	0.0492s	0.3037	0.9290	0.9288
2
0056	0.0337	0.9833	0.2256	0.9400	0.0494s	0.2950	0.9280	0.9279
3
0057	0.0541	1.0000	0.2495	0.9360	0.0492s	0.2979	0.9290	0.9288
0
0058	0.0310	1.0000	0.2577	0.9360	0.0491s	0.2979	0.9270	0.9267
1
0059	0.0490	1.0000	0.2348	0.9440	0.0492s	0.2798	0.9280	0.9278
2
0060	0.0383	1.0000	0.2284	0.9380	0.0492s	0.2938	0.9300	0.9299
0
0061	0.0409	1.0000	0.2268	0.9400	0.0492s	0.2911	0.9300	0.9299
1
0062	0.0334	1.0000	0.2302	0.9400	0.0502s	0.2879	0.9300	0.9299
2
0063	0.0402	0.9833	0.2342	0.9420	0.0496s	0.2749	0.9300	0.9299
3
0064	0.0402	1.0000	0.2432	0.9400	0.0491s	0.2878	0.9290	0.9288
4
0065	0.0408	1.0000	0.2413	0.9380	0.0491s	0.2965	0.9300	0.9298
5
0066	0.0303	1.0000	0.2235	0.9440	0.0492s	0.2831	0.9300	0.9299
6
0067	0.0255	1.0000	0.2246	0.9440	0.0495s	0.2828	0.9300	0.9299
0
0068	0.0349	1.0000	0.2409	0.9420	0.0489s	0.2859	0.9320	0.9319
0
0069	0.0489	0.9667	0.2669	0.9360	0.0490s	0.3151	0.9110	0.9111
1
0070	0.0540	1.0000	0.2619	0.9380	0.0493s	0.3087	0.9290	0.9288
2
0071	0.0409	0.9833	0.2638	0.9360	0.0493s	0.3300	0.9260	0.9258
3
0072	0.0692	0.9833	0.2749	0.9340	0.0489s	0.3250	0.9030	0.9031
4
0073	0.0512	1.0000	0.3144	0.9340	0.0489s	0.3329	0.9150	0.9146
5
0074	0.0584	1.0000	0.2937	0.9360	0.0491s	0.3530	0.9230	0.9226
6
0075	0.0431	1.0000	0.2905	0.9240	0.0493s	0.3817	0.9200	0.9198
7
0076	0.0526	1.0000	0.2329	0.9400	0.0492s	0.3151	0.9230	0.9230
8
0077	0.0475	0.9833	0.2687	0.9380	0.0489s	0.3094	0.9250	0.9248
9
0078	0.0417	1.0000	0.3018	0.9320	0.0492s	0.3392	0.9260	0.9255
10
0079	0.0407	1.0000	0.2580	0.9380	0.0491s	0.3348	0.9280	0.9278
11
0080	0.0273	1.0000	0.2524	0.9300	0.0491s	0.3608	0.9210	0.9209
12
0081	0.0411	0.9833	0.2359	0.9360	0.0490s	0.3379	0.9240	0.9239
13
0082	0.0380	1.0000	0.2496	0.9440	0.0492s	0.3201	0.9320	0.9318
14
0083	0.0302	1.0000	0.2897	0.9340	0.0489s	0.3368	0.9240	0.9235
0
0084	0.0387	1.0000	0.2751	0.9400	0.0491s	0.3261	0.9260	0.9256
1
0085	0.0366	1.0000	0.2313	0.9440	0.0492s	0.3087	0.9290	0.9289
2
0086	0.0293	1.0000	0.2303	0.9420	0.0489s	0.3252	0.9260	0.9259
0
0087	0.0367	1.0000	0.2527	0.9380	0.0491s	0.3299	0.9280	0.9278
1
0088	0.0373	1.0000	0.2506	0.9420	0.0490s	0.3025	0.9290	0.9288
2
0089	0.0435	1.0000	0.2600	0.9400	0.0490s	0.3024	0.9240	0.9238
3
0090	0.0314	1.0000	0.2451	0.9420	0.0499s	0.2987	0.9290	0.9288
4
0091	0.0307	1.0000	0.2498	0.9360	0.0492s	0.3280	0.9260	0.9257
5
0092	0.0265	1.0000	0.2362	0.9360	0.0491s	0.3329	0.9230	0.9228
6
0093	0.0320	1.0000	0.2208	0.9440	0.0492s	0.3105	0.9260	0.9259
7
0094	0.0289	1.0000	0.2372	0.9420	0.0491s	0.3013	0.9280	0.9277
0
0095	0.0283	1.0000	0.2769	0.9360	0.0490s	0.3195	0.9250	0.9245
1
0096	0.0280	1.0000	0.2869	0.9380	0.0507s	0.3221	0.9260	0.9256
2
0097	0.0348	1.0000	0.2479	0.9420	0.0508s	0.3056	0.9270	0.9267
3
0098	0.0347	1.0000	0.2270	0.9440	0.0507s	0.3032	0.9280	0.9279
4
0099	0.0325	1.0000	0.2353	0.9440	0.0509s	0.3141	0.9270	0.9269
0
0100	0.0398	1.0000	0.2441	0.9440	0.0507s	0.3022	0.9270	0.9267
0
0101	0.0298	1.0000	0.2468	0.9420	0.0515s	0.2946	0.9250	0.9247
0
0102	0.0295	1.0000	0.2477	0.9440	0.0526s	0.3016	0.9270	0.9267
1
0103	0.0276	1.0000	0.2335	0.9440	0.0525s	0.3032	0.9260	0.9259
0
0104	0.0281	1.0000	0.2262	0.9440	0.0525s	0.2990	0.9280	0.9279
0
0105	0.0328	1.0000	0.2260	0.9400	0.0527s	0.2870	0.9300	0.9299
0
0106	0.0351	1.0000	0.2617	0.9440	0.0502s	0.3108	0.9260	0.9257
1
0107	0.0408	1.0000	0.2321	0.9440	0.0499s	0.2936	0.9260	0.9259
0
0108	0.0332	1.0000	0.2189	0.9460	0.0508s	0.2911	0.9280	0.9279
0
0109	0.0414	1.0000	0.2501	0.9440	0.0518s	0.3075	0.9260	0.9257
0
0110	0.0294	1.0000	0.2682	0.9420	0.0513s	0.3122	0.9250	0.9246
1
0111	0.0312	1.0000	0.2353	0.9440	0.0507s	0.2950	0.9260	0.9258
2
0112	0.0276	1.0000	0.2182	0.9480	0.0509s	0.3109	0.9250	0.9249
3
0113	0.0344	1.0000	0.2585	0.9380	0.0516s	0.3468	0.9230	0.9228
0
0114	0.0319	1.0000	0.2368	0.9440	0.0511s	0.3020	0.9270	0.9268
1
0115	0.0346	1.0000	0.2549	0.9440	0.0497s	0.3062	0.9250	0.9248
2
0116	0.0307	1.0000	0.2467	0.9440	0.0501s	0.3186	0.9260	0.9259
3
0117	0.0268	1.0000	0.2384	0.9440	0.0495s	0.3279	0.9260	0.9259
4
0118	0.0354	1.0000	0.2232	0.9480	0.0491s	0.3106	0.9260	0.9259
5
0119	0.0311	1.0000	0.2588	0.9380	0.0491s	0.3278	0.9240	0.9238
0
0120	0.0253	1.0000	0.2769	0.9380	0.0490s	0.3398	0.9230	0.9228
1
0121	0.0328	1.0000	0.2258	0.9460	0.0825s	0.3059	0.9280	0.9280
2
0122	0.0334	1.0000	0.2355	0.9420	0.0640s	0.3224	0.9270	0.9269
3
0123	0.0241	1.0000	0.2664	0.9380	0.0594s	0.3386	0.9230	0.9228
4
0124	0.0271	1.0000	0.2231	0.9440	0.0591s	0.3089	0.9260	0.9259
5
0125	0.0347	1.0000	0.2313	0.9420	0.0585s	0.3167	0.9260	0.9259
6
0126	0.0265	1.0000	0.2505	0.9400	0.0592s	0.3269	0.9240	0.9238
7
0127	0.0247	1.0000	0.2575	0.9400	0.0591s	0.3282	0.9240	0.9238
8
0128	0.0418	0.9833	0.2248	0.9420	0.0592s	0.3168	0.9260	0.9260
9
0129	0.0337	0.9833	0.2350	0.9440	0.0590s	0.3122	0.9240	0.9238
10
0130	0.0231	1.0000	0.3036	0.9380	0.0594s	0.3764	0.9190	0.9186
11
0131	0.0319	1.0000	0.2337	0.9440	0.0590s	0.3104	0.9240	0.9238
12
0132	0.0225	1.0000	0.2386	0.9340	0.0592s	0.3286	0.9140	0.9141
13
0133	0.0452	1.0000	0.2883	0.9380	0.0592s	0.3637	0.9190	0.9187
14
0134	0.0384	1.0000	0.2677	0.9380	0.0591s	0.3497	0.9210	0.9207
15
0135	0.0382	1.0000	0.2864	0.9240	0.0594s	0.4026	0.9000	0.9004
16
0136	0.0584	0.9833	0.2430	0.9420	0.0590s	0.3190	0.9240	0.9238
17
0137	0.0254	1.0000	0.4117	0.9200	0.0594s	0.4744	0.9070	0.9055
18
0138	0.0606	0.9833	0.2524	0.9400	0.0589s	0.3384	0.9230	0.9228
19
0139	0.0248	1.0000	0.2669	0.9320	0.0600s	0.3745	0.9030	0.9033
20
0140	0.0576	1.0000	0.2441	0.9440	0.0739s	0.3300	0.9240	0.9238
21
0141	0.0257	1.0000	0.3506	0.9280	0.0711s	0.4201	0.9160	0.9152
22
0142	0.0323	1.0000	0.3750	0.9260	0.0714s	0.4538	0.9150	0.9144
23
0143	0.0410	0.9833	0.2370	0.9460	0.0714s	0.3441	0.9230	0.9229
24
0144	0.0241	1.0000	0.2902	0.9320	0.0711s	0.4096	0.8980	0.8983
25
0145	0.0645	0.9667	0.2728	0.9380	0.0713s	0.3454	0.9240	0.9238
26
0146	0.0315	1.0000	0.3663	0.9280	0.0714s	0.4362	0.9140	0.9131
27
0147	0.0286	1.0000	0.4197	0.9220	0.0712s	0.5000	0.9120	0.9111
28
0148	0.0687	0.9833	0.2465	0.9400	0.0713s	0.3453	0.9210	0.9209
29
0149	0.0226	1.0000	0.3392	0.9280	0.0713s	0.4706	0.8900	0.8902
30
0150	0.0577	1.0000	0.2754	0.9340	0.0715s	0.3663	0.9110	0.9111
31
0151	0.0319	1.0000	0.2774	0.9340	0.0713s	0.3685	0.9250	0.9247
32
0152	0.0254	1.0000	0.3696	0.9280	0.0713s	0.4620	0.9160	0.9155
33
0153	0.0383	1.0000	0.3525	0.9280	0.0713s	0.4358	0.9180	0.9175
34
0154	0.0499	1.0000	0.2597	0.9400	0.0711s	0.3379	0.9230	0.9229
35
0155	0.0296	1.0000	0.3267	0.9260	0.0671s	0.4278	0.9010	0.9009
36
0156	0.0473	1.0000	0.2880	0.9320	0.0615s	0.3785	0.9060	0.9061
37
0157	0.0424	1.0000	0.2633	0.9360	0.0590s	0.3488	0.9290	0.9288
38
0158	0.0357	1.0000	0.3551	0.9320	0.0585s	0.4380	0.9170	0.9165
39
0159	0.0290	1.0000	0.4451	0.9180	0.0607s	0.5064	0.9090	0.9077
40
0160	0.0721	1.0000	0.2718	0.9340	0.0588s	0.3503	0.9290	0.9288
41
0161	0.0273	1.0000	0.2917	0.9320	0.0591s	0.3843	0.9070	0.9071
42
0162	0.0455	1.0000	0.2965	0.9320	0.0596s	0.3989	0.9000	0.9001
43
0163	0.0348	1.0000	0.2545	0.9420	0.0588s	0.3407	0.9210	0.9210
44
0164	0.0278	1.0000	0.2882	0.9360	0.0588s	0.3803	0.9180	0.9178
45
0165	0.0373	1.0000	0.2856	0.9380	0.0585s	0.3913	0.9170	0.9168
46
0166	0.0293	1.0000	0.2651	0.9360	0.0613s	0.3566	0.9260	0.9260
47
0167	0.0268	1.0000	0.2732	0.9400	0.0585s	0.3480	0.9210	0.9210
48
0168	0.0243	1.0000	0.2760	0.9320	0.0591s	0.3529	0.9160	0.9160
49
0169	0.0310	1.0000	0.2620	0.9380	0.0584s	0.3530	0.9180	0.9181
50
0170	0.0267	1.0000	0.2544	0.9380	0.0588s	0.3562	0.9290	0.9290
51
0171	0.0323	1.0000	0.3176	0.9280	0.0604s	0.3771	0.9200	0.9197
52
0172	0.0278	1.0000	0.3294	0.9280	0.0586s	0.3842	0.9200	0.9197
53
0173	0.0268	1.0000	0.2717	0.9340	0.0588s	0.3622	0.9280	0.9279
54
0174	0.0269	1.0000	0.2551	0.9380	0.0587s	0.3497	0.9280	0.9280
55
0175	0.0224	1.0000	0.2637	0.9440	0.0600s	0.3400	0.9250	0.9250
56
0176	0.0242	1.0000	0.2746	0.9340	0.0588s	0.3410	0.9280	0.9279
57
0177	0.0242	1.0000	0.2708	0.9360	0.0627s	0.3519	0.9310	0.9309
58
0178	0.0290	1.0000	0.2551	0.9360	0.0614s	0.3589	0.9310	0.9309
59
0179	0.0268	1.0000	0.2471	0.9360	0.0635s	0.3374	0.9290	0.9290
60
0180	0.0266	1.0000	0.2794	0.9400	0.0599s	0.3228	0.9230	0.9229
61
0181	0.0332	1.0000	0.2586	0.9360	0.0605s	0.3195	0.9300	0.9299
62
0182	0.0345	1.0000	0.2490	0.9360	0.0595s	0.3331	0.9290	0.9290
63
0183	0.0335	1.0000	0.2746	0.9380	0.0598s	0.3401	0.9250	0.9248
64
0184	0.0278	1.0000	0.2616	0.9360	0.0589s	0.3089	0.9280	0.9278
65
0185	0.0312	1.0000	0.2403	0.9380	0.0588s	0.3101	0.9300	0.9299
66
0186	0.0261	1.0000	0.2336	0.9340	0.0589s	0.3280	0.9290	0.9290
67
0187	0.0335	1.0000	0.2491	0.9380	0.0594s	0.3230	0.9300	0.9300
68
0188	0.0295	1.0000	0.2763	0.9360	0.0589s	0.3197	0.9280	0.9277
69
0189	0.0382	1.0000	0.2411	0.9440	0.0590s	0.3161	0.9190	0.9191
70
0190	0.0440	1.0000	0.2798	0.9380	0.0597s	0.3348	0.9260	0.9258
71
0191	0.0304	1.0000	0.2746	0.9380	0.0585s	0.3382	0.9270	0.9268
72
0192	0.0349	1.0000	0.2788	0.9340	0.0591s	0.3828	0.9030	0.9034
73
0193	0.0512	0.9833	0.2676	0.9320	0.0590s	0.3226	0.9260	0.9257
74
0194	0.0258	1.0000	0.3647	0.9280	0.0598s	0.4179	0.9190	0.9185
75
0195	0.0404	1.0000	0.2666	0.9420	0.0587s	0.3589	0.9280	0.9279
76
0196	0.0270	1.0000	0.2620	0.9340	0.0588s	0.3638	0.9130	0.9132
77
0197	0.0401	1.0000	0.2579	0.9380	0.0596s	0.3372	0.9280	0.9278
78
0198	0.0254	1.0000	0.3249	0.9340	0.0586s	0.3981	0.9210	0.9206
79
0199	0.0275	1.0000	0.3475	0.9320	0.0587s	0.4291	0.9200	0.9197
80
0200	0.0420	0.9667	0.2595	0.9360	0.0589s	0.3514	0.9290	0.9289
81
0201	0.0203	1.0000	0.2855	0.9320	0.0601s	0.3747	0.9080	0.9082
82
0202	0.0402	1.0000	0.2775	0.9420	0.0588s	0.3506	0.9230	0.9229
83
0203	0.0239	1.0000	0.3206	0.9380	0.0584s	0.4017	0.9210	0.9207
84
0204	0.0262	1.0000	0.3995	0.9220	0.0588s	0.4830	0.9110	0.9105
85
0205	0.0397	0.9833	0.3266	0.9320	0.0587s	0.3906	0.9240	0.9236
86
0206	0.0248	1.0000	0.2820	0.9400	0.0589s	0.3578	0.9200	0.9199
87
0207	0.0364	1.0000	0.2709	0.9280	0.0589s	0.3803	0.9120	0.9122
88
0208	0.0412	0.9833	0.2616	0.9400	0.0589s	0.3720	0.9270	0.9268
89
0209	0.0234	1.0000	0.3439	0.9320	0.0584s	0.4249	0.9170	0.9165
90
0210	0.0282	1.0000	0.3791	0.9260	0.0585s	0.4481	0.9140	0.9134
91
0211	0.0393	1.0000	0.2795	0.9380	0.0596s	0.3686	0.9280	0.9278
92
0212	0.0255	1.0000	0.2626	0.9320	0.0585s	0.3741	0.9150	0.9152
93
0213	0.0329	1.0000	0.2591	0.9420	0.0582s	0.3656	0.9180	0.9181
94
0214	0.0271	1.0000	0.2804	0.9380	0.0582s	0.3600	0.9260	0.9258
95
0215	0.0267	1.0000	0.3343	0.9340	0.0581s	0.4117	0.9200	0.9195
96
0216	0.0390	1.0000	0.2743	0.9440	0.0585s	0.3812	0.9250	0.9248
97
0217	0.0282	1.0000	0.2489	0.9400	0.0588s	0.3550	0.9260	0.9259
98
0218	0.0327	1.0000	0.2622	0.9400	0.0585s	0.3456	0.9250	0.9249
99
0219	0.0251	1.0000	0.2681	0.9400	0.0587s	0.3473	0.9260	0.9258
100
0220	0.0279	1.0000	0.2706	0.9440	0.0583s	0.3829	0.9250	0.9247
101
0221	0.0265	1.0000	0.2608	0.9460	0.0586s	0.3746	0.9260	0.9258
102
0222	0.0244	1.0000	0.2551	0.9400	0.0584s	0.3458	0.9270	0.9268
103
0223	0.0258	1.0000	0.2558	0.9440	0.0585s	0.3388	0.9250	0.9248
104
0224	0.0206	1.0000	0.2566	0.9420	0.0588s	0.3575	0.9300	0.9298
105
0225	0.0238	1.0000	0.2480	0.9420	0.0586s	0.3571	0.9310	0.9309
106
0226	0.0246	1.0000	0.2455	0.9420	0.0584s	0.3305	0.9280	0.9279
107
0227	0.0280	1.0000	0.2407	0.9460	0.0586s	0.3309	0.9290	0.9289
108
0228	0.0217	1.0000	0.2491	0.9420	0.0585s	0.3443	0.9310	0.9309
109
0229	0.0261	1.0000	0.2471	0.9420	0.0585s	0.3308	0.9310	0.9309
110
0230	0.0240	1.0000	0.2359	0.9440	0.0598s	0.3183	0.9290	0.9289
111
0231	0.0285	1.0000	0.2403	0.9460	0.0586s	0.3233	0.9310	0.9309
112
0232	0.0283	1.0000	0.2447	0.9460	0.0588s	0.3208	0.9320	0.9319
113
0233	0.0242	1.0000	0.2355	0.9460	0.0585s	0.3206	0.9300	0.9299
114
0234	0.0260	1.0000	0.2383	0.9460	0.0588s	0.3281	0.9310	0.9309
115
0235	0.0234	1.0000	0.2265	0.9460	0.0586s	0.3266	0.9300	0.9299
116
0236	0.0229	1.0000	0.2403	0.9480	0.0598s	0.3401	0.9290	0.9289
117
0237	0.0267	1.0000	0.2381	0.9460	0.0584s	0.3129	0.9300	0.9299
0
0238	0.0282	1.0000	0.2362	0.9460	0.0592s	0.3228	0.9300	0.9299
1
0239	0.0253	1.0000	0.2503	0.9440	0.0586s	0.3543	0.9290	0.9289
2
0240	0.0270	1.0000	0.2314	0.9460	0.0590s	0.3194	0.9290	0.9289
3
0241	0.0225	1.0000	0.2440	0.9440	0.0595s	0.3225	0.9300	0.9299
4
0242	0.0259	1.0000	0.2633	0.9440	0.0586s	0.3572	0.9280	0.9279
5
0243	0.0230	1.0000	0.2487	0.9460	0.0591s	0.3334	0.9300	0.9299
6
0244	0.0230	1.0000	0.2504	0.9460	0.0585s	0.3172	0.9290	0.9289
7
0245	0.0325	1.0000	0.2566	0.9480	0.0589s	0.3489	0.9300	0.9299
8
0246	0.0279	1.0000	0.2384	0.9460	0.0598s	0.3402	0.9300	0.9299
0
0247	0.0229	1.0000	0.2505	0.9460	0.0599s	0.3275	0.9300	0.9299
1
0248	0.0229	0.9833	0.2860	0.9440	0.0585s	0.3443	0.9280	0.9277
2
0249	0.0359	1.0000	0.2326	0.9460	0.0587s	0.3303	0.9290	0.9290
3
0250	0.0348	1.0000	0.2741	0.9440	0.0590s	0.3453	0.9290	0.9289
4
0251	0.0259	1.0000	0.2877	0.9440	0.0588s	0.3574	0.9280	0.9278
5
0252	0.0321	0.9833	0.2321	0.9420	0.0596s	0.3426	0.9200	0.9201
6
0253	0.0389	1.0000	0.2505	0.9460	0.0585s	0.3357	0.9300	0.9299
7
0254	0.0258	0.9833	0.3308	0.9380	0.0588s	0.3964	0.9260	0.9256
8
0255	0.0316	1.0000	0.2671	0.9440	0.0589s	0.3340	0.9290	0.9288
9
0256	0.0246	1.0000	0.2315	0.9480	0.0588s	0.3468	0.9220	0.9220
10
0257	0.0433	1.0000	0.2695	0.9400	0.0586s	0.3533	0.9260	0.9258
0
0258	0.0212	1.0000	0.3273	0.9340	0.0599s	0.3855	0.9300	0.9295
1
0259	0.0284	1.0000	0.2607	0.9420	0.0840s	0.3562	0.9250	0.9247
2
0260	0.0247	1.0000	0.2315	0.9460	0.0680s	0.3537	0.9230	0.9230
3
0261	0.0361	1.0000	0.2408	0.9500	0.0599s	0.3358	0.9310	0.9309
4
0262	0.0242	1.0000	0.2660	0.9440	0.0599s	0.3423	0.9280	0.9278
0
0263	0.0211	1.0000	0.2672	0.9400	0.0623s	0.3619	0.9260	0.9257
1
0264	0.0245	1.0000	0.2423	0.9460	0.0604s	0.3462	0.9270	0.9269
2
0265	0.0221	1.0000	0.2439	0.9480	0.0640s	0.3329	0.9290	0.9288
3
0266	0.0207	1.0000	0.2510	0.9480	0.0594s	0.3346	0.9290	0.9288
4
0267	0.0238	1.0000	0.2590	0.9460	0.0641s	0.3419	0.9270	0.9268
5
0268	0.0216	1.0000	0.2627	0.9460	0.0595s	0.3490	0.9260	0.9258
6
0269	0.0271	1.0000	0.2440	0.9480	0.0825s	0.3304	0.9290	0.9289
7
0270	0.0265	1.0000	0.2542	0.9460	0.0658s	0.3375	0.9280	0.9278
8
0271	0.0244	1.0000	0.2625	0.9460	0.0601s	0.3459	0.9260	0.9258
9
0272	0.0235	1.0000	0.2427	0.9480	0.0599s	0.3323	0.9270	0.9269
10
0273	0.0224	1.0000	0.2476	0.9460	0.0603s	0.3493	0.9260	0.9258
11
0274	0.0261	1.0000	0.2560	0.9480	0.0600s	0.3251	0.9280	0.9279
12
0275	0.0232	1.0000	0.2533	0.9460	0.0600s	0.3316	0.9280	0.9279
13
0276	0.0233	1.0000	0.2617	0.9420	0.0598s	0.3491	0.9250	0.9248
14
0277	0.0251	1.0000	0.2585	0.9460	0.0597s	0.3268	0.9280	0.9279
15
0278	0.0250	1.0000	0.2473	0.9440	0.0598s	0.3288	0.9270	0.9269
16
0279	0.0244	1.0000	0.2466	0.9460	0.0600s	0.3385	0.9270	0.9269
17
0280	0.0236	1.0000	0.2582	0.9440	0.0594s	0.3253	0.9280	0.9279
18
0281	0.0271	1.0000	0.2561	0.9440	0.0601s	0.3283	0.9280	0.9279
19
0282	0.0245	1.0000	0.2537	0.9440	0.0577s	0.3271	0.9270	0.9269
20
0283	0.0266	1.0000	0.2453	0.9460	0.0526s	0.3351	0.9270	0.9269
21
0284	0.0295	1.0000	0.2833	0.9420	0.0512s	0.3773	0.9260	0.9258
22
0285	0.0305	1.0000	0.2580	0.9440	0.0507s	0.3147	0.9270	0.9269
23
0286	0.0291	1.0000	0.2483	0.9460	0.0507s	0.3241	0.9270	0.9269
24
0287	0.0243	1.0000	0.2952	0.9400	0.0507s	0.4062	0.9200	0.9197
25
0288	0.0360	1.0000	0.2563	0.9460	0.0509s	0.3246	0.9280	0.9279
26
0289	0.0261	1.0000	0.2624	0.9460	0.0506s	0.3226	0.9260	0.9259
27
0290	0.0373	1.0000	0.2985	0.9360	0.0507s	0.4276	0.9210	0.9208
28
0291	0.0513	0.9833	0.2768	0.9440	0.0507s	0.3351	0.9260	0.9258
29
0292	0.0255	1.0000	0.2800	0.9360	0.0508s	0.3470	0.9190	0.9189
30
0293	0.0360	1.0000	0.2811	0.9420	0.0505s	0.3944	0.9280	0.9278
31
0294	0.0273	1.0000	0.3274	0.9320	0.0507s	0.4437	0.9180	0.9176
32
0295	0.0354	1.0000	0.2550	0.9440	0.0508s	0.3575	0.9270	0.9269
33
0296	0.0351	1.0000	0.2916	0.9380	0.0505s	0.3652	0.9240	0.9238
34
0297	0.0344	0.9833	0.2917	0.9420	0.0506s	0.3898	0.9240	0.9238
35
0298	0.0216	1.0000	0.2889	0.9380	0.0506s	0.4254	0.9280	0.9277
36
0299	0.0285	1.0000	0.2725	0.9400	0.0506s	0.3988	0.9270	0.9268
37
0300	0.0241	1.0000	0.2863	0.9380	0.0505s	0.3689	0.9250	0.9248
38
0301	0.0225	1.0000	0.2862	0.9400	0.0508s	0.3614	0.9260	0.9259
39
0302	0.0228	1.0000	0.2712	0.9420	0.0506s	0.3643	0.9260	0.9259
40
0303	0.0206	1.0000	0.2765	0.9420	0.0506s	0.3862	0.9280	0.9278
41
0304	0.0232	1.0000	0.3026	0.9380	0.0506s	0.3993	0.9240	0.9237
42
0305	0.0191	1.0000	0.2947	0.9360	0.0505s	0.3776	0.9260	0.9258
43
0306	0.0254	1.0000	0.2732	0.9460	0.0509s	0.3489	0.9190	0.9190
44
0307	0.0275	1.0000	0.2677	0.9460	0.0508s	0.3464	0.9260	0.9259
45
0308	0.0202	1.0000	0.2902	0.9380	0.0507s	0.3775	0.9240	0.9238
46
0309	0.0193	1.0000	0.2979	0.9400	0.0507s	0.3859	0.9240	0.9238
47
0310	0.0243	0.9833	0.2557	0.9440	0.0506s	0.3517	0.9280	0.9279
48
0311	0.0247	1.0000	0.2768	0.9400	0.0513s	0.3442	0.9250	0.9248
49
0312	0.0279	1.0000	0.3007	0.9400	0.0520s	0.3797	0.9250	0.9247
50
0313	0.0232	1.0000	0.2620	0.9400	0.0517s	0.3631	0.9280	0.9278
51
0314	0.0222	1.0000	0.2601	0.9400	0.0507s	0.3419	0.9260	0.9259
52
0315	0.0209	1.0000	0.2831	0.9400	0.0507s	0.3417	0.9260	0.9258
53
0316	0.0298	0.9833	0.2633	0.9420	0.0506s	0.3679	0.9250	0.9248
54
0317	0.0286	1.0000	0.2951	0.9400	0.0507s	0.3715	0.9260	0.9258
55
0318	0.0258	1.0000	0.2606	0.9440	0.0520s	0.3217	0.9280	0.9279
56
0319	0.0262	1.0000	0.2548	0.9400	0.0514s	0.3323	0.9280	0.9279
57
0320	0.0348	1.0000	0.3073	0.9380	0.0509s	0.3612	0.9230	0.9226
58
0321	0.0337	1.0000	0.2513	0.9460	0.0505s	0.3197	0.9280	0.9279
59
0322	0.0279	1.0000	0.2501	0.9440	0.0506s	0.3511	0.9260	0.9259
60
0323	0.0232	1.0000	0.2945	0.9400	0.0506s	0.3731	0.9250	0.9248
61
0324	0.0377	1.0000	0.2618	0.9400	0.0506s	0.3465	0.9170	0.9171
62
0325	0.0462	0.9667	0.3015	0.9380	0.0506s	0.3788	0.9240	0.9238
63
0326	0.0303	1.0000	0.2991	0.9360	0.0507s	0.3674	0.9240	0.9238
64
0327	0.0234	1.0000	0.2506	0.9420	0.0507s	0.3455	0.9270	0.9269
65
0328	0.0236	1.0000	0.2544	0.9420	0.0507s	0.3577	0.9280	0.9279
66
0329	0.0214	1.0000	0.3101	0.9360	0.0506s	0.3896	0.9230	0.9228
67
0330	0.0302	0.9833	0.2820	0.9380	0.0508s	0.3710	0.9240	0.9238
68
0331	0.0223	1.0000	0.2620	0.9420	0.0504s	0.3565	0.9280	0.9279
69
0332	0.0265	1.0000	0.2844	0.9380	0.0517s	0.3685	0.9250	0.9249
70
0333	0.0272	0.9833	0.2812	0.9380	0.0519s	0.3684	0.9250	0.9249
71
0334	0.0182	1.0000	0.2695	0.9420	0.0520s	0.3656	0.9260	0.9259
72
0335	0.0219	1.0000	0.2760	0.9400	0.0508s	0.3565	0.9270	0.9269
73
0336	0.0189	1.0000	0.2807	0.9400	0.0507s	0.3591	0.9250	0.9249
74
0337	0.0196	1.0000	0.2930	0.9380	0.0504s	0.3686	0.9250	0.9248
75
0338	0.0191	1.0000	0.2710	0.9440	0.0507s	0.3549	0.9250	0.9249
76
0339	0.0237	1.0000	0.2629	0.9420	0.0506s	0.3416	0.9280	0.9279
77
0340	0.0237	1.0000	0.2875	0.9400	0.0506s	0.3521	0.9250	0.9249
78
0341	0.0208	1.0000	0.2809	0.9400	0.0509s	0.3654	0.9240	0.9238
79
0342	0.0275	1.0000	0.2622	0.9440	0.0505s	0.3491	0.9230	0.9230
80
0343	0.0368	1.0000	0.3162	0.9340	0.0507s	0.3696	0.9230	0.9226
81
0344	0.0328	1.0000	0.3425	0.9400	0.0507s	0.4279	0.9190	0.9187
82
0345	0.0556	0.9833	0.3253	0.9300	0.0507s	0.4118	0.8980	0.8979
83
0346	0.0442	1.0000	0.3032	0.9300	0.0509s	0.3799	0.9140	0.9140
84
0347	0.0476	1.0000	0.3785	0.9260	0.0512s	0.4862	0.9120	0.9115
85
0348	0.0452	1.0000	0.3431	0.9380	0.0508s	0.4583	0.9160	0.9157
86
0349	0.0443	1.0000	0.3375	0.9280	0.0529s	0.4257	0.9020	0.9018
87
0350	0.0478	1.0000	0.3477	0.9260	0.0511s	0.4364	0.9020	0.9017
88
0351	0.0452	1.0000	0.2937	0.9400	0.0506s	0.3993	0.9240	0.9238
89
0352	0.0243	1.0000	0.4490	0.9120	0.0507s	0.5554	0.9010	0.9006
90
0353	0.0536	1.0000	0.3120	0.9400	0.0521s	0.4216	0.9230	0.9228
91
0354	0.0260	1.0000	0.3008	0.9380	0.0519s	0.3828	0.9200	0.9198
92
0355	0.0228	1.0000	0.3545	0.9260	0.0516s	0.4428	0.9060	0.9057
93
0356	0.0444	1.0000	0.3117	0.9360	0.0521s	0.3957	0.9130	0.9129
94
0357	0.0398	1.0000	0.3065	0.9380	0.0520s	0.4084	0.9220	0.9218
95
0358	0.0267	1.0000	0.4219	0.9220	0.0513s	0.5268	0.9080	0.9078
96
0359	0.0374	1.0000	0.4110	0.9280	0.0507s	0.5147	0.9100	0.9096
97
0360	0.0329	1.0000	0.3469	0.9380	0.0506s	0.4191	0.9240	0.9237
98
0361	0.0320	0.9833	0.3083	0.9400	0.0505s	0.3969	0.9160	0.9159
99
0362	0.0226	1.0000	0.3482	0.9300	0.0523s	0.4659	0.9070	0.9071
100
0363	0.0336	1.0000	0.3193	0.9360	0.0504s	0.4114	0.9150	0.9148
101
0364	0.0311	1.0000	0.3089	0.9340	0.0505s	0.4005	0.9280	0.9277
102
0365	0.0221	1.0000	0.3468	0.9360	0.0506s	0.4609	0.9200	0.9196
103
0366	0.0283	1.0000	0.3764	0.9280	0.0506s	0.5123	0.9080	0.9079
104
0367	0.0339	1.0000	0.3579	0.9300	0.0506s	0.4612	0.9180	0.9175
105
0368	0.0315	1.0000	0.3409	0.9320	0.0506s	0.4231	0.9240	0.9236
106
0369	0.0304	1.0000	0.2917	0.9400	0.0507s	0.4026	0.9170	0.9168
107
0370	0.0250	1.0000	0.2983	0.9320	0.0506s	0.4248	0.9180	0.9181
108
0371	0.0293	1.0000	0.2910	0.9380	0.0510s	0.3953	0.9190	0.9188
109
0372	0.0228	1.0000	0.3236	0.9340	0.0515s	0.4067	0.9270	0.9266
110
0373	0.0257	1.0000	0.3483	0.9340	0.0513s	0.4456	0.9210	0.9205
111
0374	0.0214	1.0000	0.3560	0.9300	0.0523s	0.4813	0.9170	0.9167
112
0375	0.0326	0.9833	0.2924	0.9400	0.0511s	0.4283	0.9250	0.9249
113
0376	0.0280	1.0000	0.2788	0.9420	0.0508s	0.3792	0.9260	0.9259
114
0377	0.0199	1.0000	0.3092	0.9360	0.0506s	0.3769	0.9220	0.9217
115
0378	0.0320	1.0000	0.2831	0.9380	0.0507s	0.3601	0.9230	0.9228
116
0379	0.0286	1.0000	0.2648	0.9380	0.0507s	0.3683	0.9240	0.9239
117
0380	0.0255	1.0000	0.3002	0.9420	0.0506s	0.3964	0.9260	0.9257
118
0381	0.0206	1.0000	0.3307	0.9380	0.0508s	0.4148	0.9270	0.9266
119
0382	0.0347	1.0000	0.2766	0.9360	0.0515s	0.3419	0.9230	0.9229
120
0383	0.0242	1.0000	0.3275	0.9320	0.0513s	0.3883	0.9140	0.9140
121
0384	0.0470	0.9667	0.3249	0.9380	0.0511s	0.3814	0.9270	0.9266
122
0385	0.0263	1.0000	0.3955	0.9280	0.0514s	0.4804	0.9160	0.9153
123
0386	0.0521	0.9833	0.2688	0.9360	0.0532s	0.3776	0.9290	0.9289
124
0387	0.0252	1.0000	0.2959	0.9320	0.0519s	0.3867	0.9170	0.9172
125
0388	0.0364	1.0000	0.3049	0.9400	0.0518s	0.3667	0.9190	0.9187
126
0389	0.0385	1.0000	0.3210	0.9360	0.0516s	0.3968	0.9260	0.9256
127
0390	0.0207	1.0000	0.3618	0.9360	0.0517s	0.4755	0.9190	0.9187
128
0391	0.0332	1.0000	0.3167	0.9380	0.0513s	0.4255	0.9270	0.9267
129
0392	0.0285	1.0000	0.2946	0.9360	0.0511s	0.3643	0.9220	0.9218
130
0393	0.0235	1.0000	0.3146	0.9400	0.0510s	0.3746	0.9160	0.9158
131
0394	0.0322	1.0000	0.2940	0.9340	0.0511s	0.3666	0.9240	0.9238
132
0395	0.0210	1.0000	0.3061	0.9340	0.0507s	0.4010	0.9270	0.9266
133
0396	0.0199	1.0000	0.3556	0.9320	0.0510s	0.4530	0.9220	0.9215
134
0397	0.0289	1.0000	0.3333	0.9340	0.0506s	0.4180	0.9260	0.9255
135
0398	0.0235	1.0000	0.2930	0.9380	0.0516s	0.3644	0.9230	0.9229
136
0399	0.0233	1.0000	0.3006	0.9380	0.0506s	0.3660	0.9180	0.9179
137
0400	0.0251	1.0000	0.2933	0.9360	0.0509s	0.3612	0.9240	0.9239
138
0401	0.0225	1.0000	0.3176	0.9320	0.0507s	0.3964	0.9260	0.9256
139
0402	0.0268	1.0000	0.3627	0.9340	0.0505s	0.4576	0.9200	0.9195
140
0403	0.0310	1.0000	0.3047	0.9380	0.0510s	0.4028	0.9260	0.9257
141
0404	0.0253	1.0000	0.2837	0.9400	0.0506s	0.3604	0.9240	0.9239
142
0405	0.0231	1.0000	0.3024	0.9360	0.0508s	0.3628	0.9210	0.9208
143
0406	0.0386	0.9833	0.3018	0.9360	0.0513s	0.3902	0.9240	0.9237
144
0407	0.0301	0.9833	0.3461	0.9340	0.0513s	0.4319	0.9210	0.9205
145
0408	0.0292	1.0000	0.3072	0.9360	0.0507s	0.3999	0.9230	0.9226
146
0409	0.0229	1.0000	0.2749	0.9420	0.0505s	0.3707	0.9260	0.9258
147
0410	0.0223	1.0000	0.2711	0.9420	0.0521s	0.3667	0.9220	0.9218
148
0411	0.0230	1.0000	0.2837	0.9420	0.0509s	0.3716	0.9250	0.9247
149
0412	0.0219	1.0000	0.2998	0.9380	0.0509s	0.3987	0.9230	0.9226
150
0413	0.0366	1.0000	0.2646	0.9400	0.0507s	0.3799	0.9180	0.9180
151
0414	0.0362	1.0000	0.3649	0.9300	0.0507s	0.4168	0.9100	0.9087
152
0415	0.0374	1.0000	0.3427	0.9340	0.0506s	0.4111	0.9190	0.9183
153
0416	0.0380	1.0000	0.2747	0.9360	0.0506s	0.4164	0.9170	0.9169
154
0417	0.0511	1.0000	0.2707	0.9400	0.0507s	0.3637	0.9250	0.9247
155
0418	0.0213	1.0000	0.3136	0.9320	0.0507s	0.3648	0.9260	0.9255
156
0419	0.0305	1.0000	0.2835	0.9380	0.0506s	0.3442	0.9290	0.9286
157
0420	0.0289	1.0000	0.2597	0.9420	0.0507s	0.3662	0.9210	0.9208
158
0421	0.0270	1.0000	0.2821	0.9460	0.0506s	0.4047	0.9170	0.9169
159
0422	0.0265	1.0000	0.2819	0.9400	0.0517s	0.3750	0.9240	0.9236
160
0423	0.0252	1.0000	0.3033	0.9320	0.0505s	0.3562	0.9270	0.9265
161
0424	0.0296	1.0000	0.3034	0.9320	0.0506s	0.3458	0.9240	0.9236
162
0425	0.0288	1.0000	0.2908	0.9380	0.0508s	0.3567	0.9230	0.9225
163
0426	0.0192	1.0000	0.3015	0.9420	0.0506s	0.4028	0.9190	0.9187
164
0427	0.0275	1.0000	0.2783	0.9400	0.0505s	0.3780	0.9190	0.9188
165
0428	0.0220	1.0000	0.2752	0.9380	0.0507s	0.3507	0.9270	0.9267
166
0429	0.0200	1.0000	0.2976	0.9360	0.0505s	0.3536	0.9240	0.9235
167
0430	0.0253	1.0000	0.3260	0.9380	0.0507s	0.3900	0.9210	0.9204
168
0431	0.0307	1.0000	0.2809	0.9400	0.0506s	0.3662	0.9240	0.9237
169
0432	0.0269	1.0000	0.2732	0.9360	0.0507s	0.3727	0.9250	0.9248
170
0433	0.0341	1.0000	0.3152	0.9380	0.0515s	0.4189	0.9210	0.9206
171
0434	0.0345	0.9667	0.2863	0.9380	0.0506s	0.3559	0.9280	0.9278
172
0435	0.0252	1.0000	0.2989	0.9360	0.0507s	0.3552	0.9230	0.9225
173
0436	0.0283	1.0000	0.3115	0.9400	0.0508s	0.3939	0.9230	0.9225
174
0437	0.0276	1.0000	0.3001	0.9420	0.0507s	0.4033	0.9210	0.9207
175
0438	0.0251	1.0000	0.2706	0.9360	0.0508s	0.3646	0.9260	0.9258
176
0439	0.0264	1.0000	0.2848	0.9380	0.0509s	0.3626	0.9250	0.9248
177
0440	0.0224	1.0000	0.2931	0.9420	0.0506s	0.3802	0.9230	0.9227
178
0441	0.0227	1.0000	0.2767	0.9380	0.0505s	0.3831	0.9230	0.9229
179
0442	0.0242	1.0000	0.2837	0.9420	0.0506s	0.3806	0.9210	0.9208
180
0443	0.0247	1.0000	0.2934	0.9420	0.0510s	0.3691	0.9230	0.9227
181
0444	0.0200	1.0000	0.2831	0.9380	0.0507s	0.3616	0.9240	0.9238
182
0445	0.0291	1.0000	0.2711	0.9400	0.0517s	0.3595	0.9240	0.9240
183
0446	0.0404	0.9833	0.3775	0.9340	0.0508s	0.4421	0.9150	0.9139
184
0447	0.0346	1.0000	0.3363	0.9420	0.0508s	0.4225	0.9180	0.9175
185
0448	0.0366	1.0000	0.3315	0.9220	0.0507s	0.4513	0.8940	0.8948
186
0449	0.0771	0.9833	0.3631	0.9400	0.0507s	0.4220	0.9140	0.9128
187
0450	0.0370	1.0000	0.3826	0.9300	0.0509s	0.4787	0.9140	0.9132
188
0451	0.0351	1.0000	0.2798	0.9440	0.0506s	0.4175	0.9220	0.9219
189
0452	0.0257	1.0000	0.2829	0.9380	0.0507s	0.3996	0.9180	0.9181
190
0453	0.0312	0.9833	0.3117	0.9340	0.0509s	0.3809	0.9210	0.9207
191
0454	0.0300	1.0000	0.3448	0.9320	0.0507s	0.4345	0.9200	0.9194
192
0455	0.0285	1.0000	0.3348	0.9380	0.0506s	0.4878	0.9150	0.9146
193
0456	0.0390	1.0000	0.2843	0.9440	0.0506s	0.4186	0.9240	0.9239
194
0457	0.0241	1.0000	0.2988	0.9360	0.0532s	0.3997	0.9120	0.9119
195
0458	0.0376	1.0000	0.2935	0.9360	0.0511s	0.3969	0.9200	0.9198
196
0459	0.0206	1.0000	0.3042	0.9400	0.0507s	0.4288	0.9180	0.9177
197
0460	0.0199	1.0000	0.3374	0.9380	0.0506s	0.4866	0.9140	0.9136
198
0461	0.0244	1.0000	0.3274	0.9340	0.0512s	0.4657	0.9160	0.9156
199
Early stop! Min loss:0.2182495892047882,  Max accuracy:0.9500000000000001
Early stop model validation loss:0.2182495892047882,  accuracy:0.9480000000000001
Optimization Finished!
Total time elapsed: 25.1870s
test max acc:0.9320
Loading 111th epoch
stru_node_to_hop attention:tensor([[0.3331, 0.3336, 0.3333],
        [0.3333, 0.3333, 0.3334],
        [0.3333, 0.3334, 0.3333],
        [0.3331, 0.3334, 0.3334],
        [0.3333, 0.3333, 0.3334],
        [0.3319, 0.3342, 0.3339],
        [0.3327, 0.3337, 0.3336],
        [0.3333, 0.3334, 0.3334],
        [0.3330, 0.3335, 0.3334],
        [0.3338, 0.3331, 0.3330],
        [0.3329, 0.3335, 0.3336],
        [0.3333, 0.3333, 0.3333],
        [0.3327, 0.3337, 0.3336],
        [0.3333, 0.3333, 0.3333],
        [0.3333, 0.3333, 0.3333],
        [0.3331, 0.3332, 0.3337],
        [0.3333, 0.3333, 0.3333],
        [0.3318, 0.3341, 0.3341],
        [0.3334, 0.3333, 0.3333],
        [0.3333, 0.3333, 0.3333],
        [0.3333, 0.3334, 0.3333],
        [0.3333, 0.3333, 0.3333],
        [0.3318, 0.3329, 0.3353],
        [0.3334, 0.3333, 0.3333],
        [0.3333, 0.3330, 0.3337],
        [0.3333, 0.3333, 0.3333],
        [0.3322, 0.3338, 0.3340],
        [0.3300, 0.3330, 0.3371],
        [0.3333, 0.3334, 0.3333],
        [0.3323, 0.3333, 0.3344],
        [0.3324, 0.3350, 0.3325],
        [0.3333, 0.3333, 0.3333],
        [0.3283, 0.3356, 0.3361],
        [0.3333, 0.3326, 0.3341],
        [0.3329, 0.3339, 0.3333],
        [0.3334, 0.3333, 0.3333],
        [0.3333, 0.3333, 0.3333],
        [0.3308, 0.3339, 0.3352],
        [0.3333, 0.3335, 0.3333],
        [0.3501, 0.3253, 0.3247],
        [0.3333, 0.3333, 0.3333],
        [0.3266, 0.3369, 0.3365],
        [0.3334, 0.3333, 0.3333],
        [0.3334, 0.3333, 0.3333],
        [0.3326, 0.3341, 0.3334],
        [0.3334, 0.3333, 0.3333],
        [0.3335, 0.3332, 0.3333],
        [0.3298, 0.3352, 0.3350],
        [0.3316, 0.3344, 0.3340],
        [0.3343, 0.3327, 0.3330],
        [0.3322, 0.3338, 0.3340],
        [0.3328, 0.3333, 0.3339],
        [0.3334, 0.3333, 0.3333],
        [0.3332, 0.3334, 0.3334],
        [0.3333, 0.3333, 0.3333],
        [0.3334, 0.3333, 0.3333],
        [0.3239, 0.3376, 0.3385],
        [0.3315, 0.3335, 0.3350],
        [0.3314, 0.3343, 0.3343],
        [0.3333, 0.3334, 0.3334],
        [0.3334, 0.3333, 0.3333],
        [0.3333, 0.3333, 0.3333],
        [0.3334, 0.3333, 0.3333],
        [0.3333, 0.3334, 0.3333],
        [0.3333, 0.3333, 0.3333],
        [0.3333, 0.3334, 0.3334],
        [0.3231, 0.3372, 0.3397],
        [0.3332, 0.3334, 0.3334],
        [0.3263, 0.3375, 0.3362],
        [0.3339, 0.3330, 0.3330],
        [0.3239, 0.3387, 0.3374],
        [0.3257, 0.3359, 0.3384],
        [0.3333, 0.3333, 0.3333],
        [0.3333, 0.3333, 0.3333],
        [0.3333, 0.3333, 0.3333],
        [0.3333, 0.3333, 0.3333],
        [0.3333, 0.3333, 0.3333],
        [0.3333, 0.3333, 0.3333],
        [0.3333, 0.3333, 0.3333],
        [0.3335, 0.3332, 0.3332],
        [0.3314, 0.3339, 0.3347],
        [0.3402, 0.3313, 0.3285],
        [0.3333, 0.3334, 0.3333],
        [0.3330, 0.3335, 0.3335],
        [0.3316, 0.3344, 0.3340],
        [0.3331, 0.3335, 0.3334],
        [0.3334, 0.3333, 0.3333],
        [0.3344, 0.3328, 0.3328],
        [0.3331, 0.3334, 0.3334],
        [0.3333, 0.3333, 0.3333],
        [0.3333, 0.3333, 0.3334],
        [0.3331, 0.3329, 0.3340],
        [0.3333, 0.3333, 0.3333],
        [0.3334, 0.3333, 0.3333],
        [0.3330, 0.3335, 0.3335],
        [0.3335, 0.3331, 0.3334],
        [0.3333, 0.3333, 0.3333],
        [0.3351, 0.3323, 0.3326],
        [0.3333, 0.3333, 0.3333],
        [0.3333, 0.3333, 0.3333]], device='cuda:1')
fea_node_to_hop attention:tensor([[0.2003, 0.1999, 0.2000, 0.1999, 0.1999],
        [0.2000, 0.2000, 0.2001, 0.2000, 0.2000],
        [0.2000, 0.2001, 0.2000, 0.2000, 0.2000],
        [0.2008, 0.1996, 0.1999, 0.1998, 0.1998],
        [0.1999, 0.2000, 0.2000, 0.2000, 0.2000],
        [0.2013, 0.1997, 0.1995, 0.1996, 0.1998],
        [0.1993, 0.2006, 0.2002, 0.2001, 0.1999],
        [0.2000, 0.2000, 0.2000, 0.2000, 0.2000],
        [0.1999, 0.2001, 0.2001, 0.2000, 0.1999],
        [0.2002, 0.1999, 0.2000, 0.2000, 0.2000],
        [0.1998, 0.2002, 0.2001, 0.2000, 0.2000],
        [0.2000, 0.2000, 0.2000, 0.2000, 0.2000],
        [0.1998, 0.2000, 0.2001, 0.2001, 0.2000],
        [0.2000, 0.2000, 0.2000, 0.2000, 0.2000],
        [0.2001, 0.2000, 0.2000, 0.2000, 0.2000],
        [0.1991, 0.2004, 0.2001, 0.2002, 0.2002],
        [0.1999, 0.2001, 0.2000, 0.2000, 0.2000],
        [0.1992, 0.2007, 0.2000, 0.2000, 0.2000],
        [0.2000, 0.2000, 0.2000, 0.2000, 0.2000],
        [0.2039, 0.1988, 0.1986, 0.1992, 0.1995],
        [0.1996, 0.2003, 0.2001, 0.2000, 0.1999],
        [0.2000, 0.2000, 0.2000, 0.2000, 0.2000],
        [0.1938, 0.2028, 0.2019, 0.2012, 0.2002],
        [0.2000, 0.2000, 0.2000, 0.2000, 0.2000],
        [0.1998, 0.2005, 0.2000, 0.1999, 0.1998],
        [0.2000, 0.2000, 0.2000, 0.2000, 0.2000],
        [0.1986, 0.2000, 0.2005, 0.2005, 0.2004],
        [0.1968, 0.2013, 0.2009, 0.2007, 0.2003],
        [0.2000, 0.2000, 0.2000, 0.2000, 0.2000],
        [0.1997, 0.2006, 0.2001, 0.1999, 0.1997],
        [0.1998, 0.2003, 0.2004, 0.1999, 0.1996],
        [0.2000, 0.2000, 0.2000, 0.2000, 0.2000],
        [0.1957, 0.2043, 0.2019, 0.1999, 0.1982],
        [0.1970, 0.2016, 0.2011, 0.2004, 0.1998],
        [0.2005, 0.2001, 0.1998, 0.1998, 0.1998],
        [0.1999, 0.2001, 0.2000, 0.2000, 0.2000],
        [0.2000, 0.2000, 0.2000, 0.2000, 0.2000],
        [0.1977, 0.2009, 0.2008, 0.2005, 0.2001],
        [0.2002, 0.1997, 0.2002, 0.2000, 0.1999],
        [0.2000, 0.2021, 0.2003, 0.1994, 0.1983],
        [0.2000, 0.2000, 0.2000, 0.2000, 0.2000],
        [0.2011, 0.1975, 0.2000, 0.2006, 0.2008],
        [0.2000, 0.2000, 0.2000, 0.2000, 0.2000],
        [0.2000, 0.2000, 0.2000, 0.2000, 0.2000],
        [0.1983, 0.2006, 0.2006, 0.2004, 0.2001],
        [0.1992, 0.2005, 0.2004, 0.2001, 0.1999],
        [0.1999, 0.2002, 0.2001, 0.2000, 0.1999],
        [0.1981, 0.2007, 0.2005, 0.2004, 0.2002],
        [0.1999, 0.2000, 0.2001, 0.2000, 0.2000],
        [0.1995, 0.2001, 0.2003, 0.2001, 0.1999],
        [0.1997, 0.2006, 0.2000, 0.1999, 0.1998],
        [0.1939, 0.2015, 0.2015, 0.2016, 0.2014],
        [0.2000, 0.2000, 0.2000, 0.2000, 0.2000],
        [0.1998, 0.2001, 0.2001, 0.2000, 0.2000],
        [0.2000, 0.2000, 0.2000, 0.2000, 0.2000],
        [0.2000, 0.2000, 0.2000, 0.2000, 0.2000],
        [0.1938, 0.2013, 0.2019, 0.2017, 0.2013],
        [0.1982, 0.2003, 0.2007, 0.2005, 0.2003],
        [0.1996, 0.2002, 0.2002, 0.2001, 0.2000],
        [0.1995, 0.2004, 0.2002, 0.2000, 0.1999],
        [0.2000, 0.2000, 0.2000, 0.2000, 0.2000],
        [0.2000, 0.2000, 0.2000, 0.2000, 0.2000],
        [0.1999, 0.2002, 0.2003, 0.1999, 0.1996],
        [0.2000, 0.2000, 0.2000, 0.2000, 0.2000],
        [0.1996, 0.2002, 0.2002, 0.2000, 0.1999],
        [0.2000, 0.2000, 0.2000, 0.2000, 0.2000],
        [0.1963, 0.2010, 0.2009, 0.2009, 0.2009],
        [0.1999, 0.2001, 0.2000, 0.2000, 0.2000],
        [0.1964, 0.2013, 0.2009, 0.2007, 0.2007],
        [0.2004, 0.2001, 0.1998, 0.1998, 0.1998],
        [0.1979, 0.2010, 0.1999, 0.2005, 0.2007],
        [0.1915, 0.2033, 0.2024, 0.2019, 0.2009],
        [0.1961, 0.2018, 0.2011, 0.2007, 0.2003],
        [0.2000, 0.2000, 0.2000, 0.2000, 0.2000],
        [0.2000, 0.2000, 0.2000, 0.2000, 0.2000],
        [0.2000, 0.2000, 0.2000, 0.2000, 0.2000],
        [0.2000, 0.2000, 0.2000, 0.2000, 0.2000],
        [0.1993, 0.1998, 0.2009, 0.2002, 0.1999],
        [0.1974, 0.2015, 0.2013, 0.2002, 0.1995],
        [0.2000, 0.2001, 0.2000, 0.2000, 0.1999],
        [0.1993, 0.2003, 0.2006, 0.2000, 0.1997],
        [0.2036, 0.1986, 0.1995, 0.1991, 0.1991],
        [0.2000, 0.2000, 0.2000, 0.2000, 0.2000],
        [0.1997, 0.2003, 0.2001, 0.2000, 0.1999],
        [0.1977, 0.2004, 0.2010, 0.2006, 0.2002],
        [0.2000, 0.2000, 0.2000, 0.2000, 0.2000],
        [0.1999, 0.2001, 0.2000, 0.2000, 0.2000],
        [0.1993, 0.2004, 0.2006, 0.2001, 0.1995],
        [0.1999, 0.2000, 0.2000, 0.2000, 0.2000],
        [0.2000, 0.2000, 0.2000, 0.2000, 0.2000],
        [0.1999, 0.2000, 0.2001, 0.2000, 0.2000],
        [0.2000, 0.1987, 0.2007, 0.2004, 0.2002],
        [0.1999, 0.2000, 0.2000, 0.2000, 0.2000],
        [0.2000, 0.2000, 0.2000, 0.2000, 0.2000],
        [0.1993, 0.1996, 0.1998, 0.2005, 0.2007],
        [0.1994, 0.2001, 0.2004, 0.2001, 0.2000],
        [0.1999, 0.2001, 0.2000, 0.2000, 0.2000],
        [0.2015, 0.1995, 0.1996, 0.1997, 0.1997],
        [0.2071, 0.1984, 0.1982, 0.1981, 0.1982],
        [0.2006, 0.2002, 0.2000, 0.1997, 0.1995]], device='cuda:1')
perception attention:tensor([0.3759, 0.6241], device='cuda:1')
Test set results: loss= 0.3109 accuracy= 0.9250 F1_score= 0.9249
