# epoch	loss_train	acc_train	loss_val	acc_val	time	acc_test	f1_test
0001	1.0990	0.3500	0.9927	0.7900	0.0510s	0.9916	0.7990	0.7847
0
0002	0.8844	0.9833	0.8029	0.7020	0.0513s	0.7939	0.7270	0.6979
0
0003	0.6293	0.9500	0.5829	0.8720	0.0509s	0.5877	0.8470	0.8444
0
0004	0.3866	0.9500	0.4173	0.8900	0.0512s	0.4489	0.8690	0.8704
0
0005	0.2569	0.9667	0.3465	0.8820	0.0510s	0.3575	0.8880	0.8855
0
0006	0.1895	1.0000	0.2981	0.9020	0.0507s	0.3261	0.8870	0.8856
0
0007	0.1406	1.0000	0.2547	0.8980	0.0506s	0.3079	0.8840	0.8849
0
0008	0.0920	0.9667	0.2615	0.8980	0.0509s	0.3284	0.8760	0.8774
0
0009	0.0954	1.0000	0.2490	0.9080	0.0508s	0.3033	0.8900	0.8901
1
0010	0.0828	0.9833	0.2634	0.9100	0.0503s	0.3101	0.8990	0.8985
0
0011	0.0762	1.0000	0.2980	0.9120	0.0505s	0.3331	0.9020	0.9009
0
0012	0.0763	0.9667	0.3000	0.9100	0.0518s	0.3377	0.9020	0.9011
0
0013	0.0603	0.9833	0.2956	0.9120	0.0508s	0.3392	0.9000	0.8993
1
0014	0.0549	1.0000	0.2923	0.9120	0.0511s	0.3460	0.9060	0.9058
0
0015	0.0506	1.0000	0.2943	0.9180	0.0528s	0.3508	0.9030	0.9028
0
0016	0.0537	0.9833	0.2973	0.9180	0.0517s	0.3553	0.9060	0.9059
0
0017	0.0469	0.9833	0.3063	0.9160	0.0511s	0.3582	0.9090	0.9086
0
0018	0.0425	1.0000	0.3179	0.9200	0.0507s	0.3634	0.9080	0.9076
1
0019	0.0454	1.0000	0.3321	0.9160	0.0509s	0.3711	0.9100	0.9095
0
0020	0.0539	0.9833	0.3724	0.9180	0.0518s	0.3903	0.9100	0.9092
1
0021	0.0458	0.9833	0.3975	0.9120	0.0514s	0.3978	0.9060	0.9047
2
0022	0.0441	1.0000	0.3811	0.9080	0.0511s	0.3836	0.9070	0.9058
3
0023	0.0497	1.0000	0.3195	0.9140	0.0517s	0.3474	0.9120	0.9116
4
0024	0.0467	1.0000	0.3272	0.9220	0.0516s	0.4010	0.8960	0.8968
5
0025	0.0643	0.9833	0.3049	0.9320	0.0508s	0.3732	0.9050	0.9055
0
0026	0.0547	0.9833	0.3272	0.9240	0.0521s	0.3573	0.9160	0.9156
0
0027	0.0540	1.0000	0.3549	0.9240	0.0514s	0.3684	0.9160	0.9154
1
0028	0.0418	1.0000	0.3311	0.9200	0.0507s	0.3453	0.9180	0.9175
2
0029	0.0477	0.9833	0.3040	0.9240	0.0508s	0.3285	0.9170	0.9166
3
0030	0.0423	0.9833	0.2856	0.9240	0.0515s	0.3245	0.9210	0.9210
4
0031	0.0367	1.0000	0.2762	0.9240	0.0517s	0.3244	0.9200	0.9199
5
0032	0.0460	0.9833	0.2860	0.9200	0.0512s	0.3309	0.9200	0.9198
6
0033	0.0364	1.0000	0.2905	0.9220	0.0510s	0.3295	0.9200	0.9198
7
0034	0.0495	1.0000	0.2788	0.9260	0.0510s	0.3172	0.9200	0.9199
8
0035	0.0430	1.0000	0.2890	0.9240	0.0513s	0.3248	0.9160	0.9158
9
0036	0.0563	0.9833	0.2885	0.9320	0.0505s	0.3158	0.9200	0.9197
10
0037	0.0439	1.0000	0.2816	0.9200	0.0508s	0.3261	0.9230	0.9228
0
0038	0.0397	1.0000	0.2818	0.9260	0.0522s	0.3443	0.9230	0.9229
1
0039	0.0543	0.9833	0.2467	0.9320	0.0508s	0.3040	0.9200	0.9199
2
0040	0.0457	0.9833	0.2817	0.9300	0.0505s	0.3093	0.9250	0.9247
0
0041	0.0416	1.0000	0.3179	0.9200	0.0519s	0.3322	0.9180	0.9171
1
0042	0.0555	1.0000	0.2449	0.9280	0.0512s	0.2990	0.9250	0.9249
2
0043	0.0482	1.0000	0.2345	0.9340	0.0512s	0.3042	0.9170	0.9170
0
0044	0.0494	0.9833	0.2723	0.9260	0.0509s	0.3164	0.9250	0.9247
0
0045	0.0509	1.0000	0.2667	0.9320	0.0511s	0.2965	0.9260	0.9256
1
0046	0.0547	0.9833	0.2419	0.9320	0.0509s	0.2891	0.9210	0.9209
2
0047	0.0427	1.0000	0.2282	0.9320	0.0506s	0.2851	0.9220	0.9220
3
0048	0.0417	1.0000	0.2471	0.9220	0.0521s	0.3068	0.9280	0.9279
0
0049	0.0456	0.9833	0.2561	0.9280	0.0524s	0.3007	0.9300	0.9298
1
0050	0.0378	1.0000	0.2539	0.9300	0.0521s	0.2897	0.9230	0.9226
2
0051	0.0383	1.0000	0.2458	0.9360	0.0521s	0.2848	0.9230	0.9228
3
0052	0.0414	1.0000	0.2302	0.9340	0.0520s	0.2838	0.9240	0.9239
0
0053	0.0433	0.9833	0.2539	0.9280	0.0516s	0.3085	0.9260	0.9258
1
0054	0.0422	0.9833	0.2531	0.9280	0.0516s	0.2988	0.9290	0.9288
2
0055	0.0378	1.0000	0.2493	0.9360	0.0517s	0.2895	0.9230	0.9228
3
0056	0.0386	1.0000	0.2588	0.9360	0.0515s	0.2936	0.9260	0.9257
0
0057	0.0462	1.0000	0.2753	0.9260	0.0516s	0.3162	0.9270	0.9267
0
0058	0.0366	1.0000	0.2806	0.9240	0.0516s	0.3347	0.9210	0.9207
1
0059	0.0390	0.9833	0.2354	0.9340	0.0522s	0.3015	0.9230	0.9230
2
0060	0.0371	1.0000	0.2412	0.9340	0.0517s	0.2975	0.9260	0.9259
3
0061	0.0443	1.0000	0.2964	0.9260	0.0512s	0.3281	0.9270	0.9266
4
0062	0.0419	0.9833	0.2689	0.9340	0.0514s	0.3075	0.9260	0.9258
5
0063	0.0358	1.0000	0.2386	0.9360	0.0515s	0.3026	0.9210	0.9210
6
0064	0.0366	0.9833	0.2462	0.9360	0.0507s	0.3026	0.9260	0.9259
0
0065	0.0384	1.0000	0.2819	0.9300	0.0505s	0.3201	0.9270	0.9267
0
0066	0.0275	1.0000	0.2667	0.9320	0.0504s	0.3094	0.9280	0.9278
1
0067	0.0370	1.0000	0.2489	0.9340	0.0506s	0.2962	0.9270	0.9268
2
0068	0.0388	1.0000	0.2579	0.9320	0.0505s	0.3039	0.9270	0.9268
3
0069	0.0312	1.0000	0.2507	0.9320	0.0509s	0.3040	0.9270	0.9268
4
0070	0.0377	1.0000	0.2422	0.9340	0.0518s	0.2930	0.9260	0.9259
5
0071	0.0410	0.9667	0.2712	0.9320	0.0508s	0.2990	0.9290	0.9288
6
0072	0.0421	1.0000	0.2484	0.9320	0.0506s	0.2959	0.9270	0.9268
7
0073	0.0368	1.0000	0.2325	0.9360	0.0507s	0.2990	0.9240	0.9240
8
0074	0.0346	1.0000	0.2453	0.9340	0.0507s	0.2980	0.9280	0.9278
0
0075	0.0362	1.0000	0.2659	0.9340	0.0505s	0.2963	0.9280	0.9278
1
0076	0.0326	1.0000	0.2557	0.9340	0.0507s	0.2870	0.9280	0.9278
2
0077	0.0337	1.0000	0.2314	0.9340	0.0507s	0.2924	0.9250	0.9249
3
0078	0.0357	1.0000	0.2548	0.9320	0.0506s	0.3190	0.9240	0.9238
4
0079	0.0461	1.0000	0.2621	0.9360	0.0515s	0.2930	0.9240	0.9238
5
0080	0.0396	1.0000	0.2671	0.9320	0.0513s	0.2954	0.9300	0.9298
0
0081	0.0367	1.0000	0.2543	0.9340	0.0538s	0.3178	0.9260	0.9258
1
0082	0.0408	1.0000	0.2280	0.9340	0.0512s	0.3012	0.9250	0.9249
2
0083	0.0415	1.0000	0.2766	0.9320	0.0506s	0.3039	0.9290	0.9287
0
0084	0.0382	0.9833	0.2606	0.9320	0.0508s	0.2962	0.9270	0.9268
1
0085	0.0368	1.0000	0.2268	0.9340	0.0514s	0.3124	0.9240	0.9239
2
0086	0.0383	1.0000	0.2520	0.9380	0.0510s	0.3308	0.9240	0.9239
0
0087	0.0325	1.0000	0.2495	0.9380	0.0511s	0.3039	0.9280	0.9278
0
0088	0.0308	0.9833	0.2626	0.9360	0.0509s	0.3000	0.9230	0.9228
0
0089	0.0469	1.0000	0.2797	0.9340	0.0512s	0.3161	0.9290	0.9288
1
0090	0.0326	1.0000	0.2532	0.9340	0.0512s	0.3222	0.9270	0.9268
2
0091	0.0390	0.9667	0.2306	0.9380	0.0516s	0.3063	0.9250	0.9249
3
0092	0.0340	1.0000	0.2578	0.9360	0.0510s	0.3005	0.9290	0.9288
0
0093	0.0284	1.0000	0.3224	0.9320	0.0509s	0.3419	0.9230	0.9223
1
0094	0.0442	0.9667	0.2503	0.9380	0.0511s	0.3030	0.9210	0.9209
2
0095	0.0306	1.0000	0.2422	0.9380	0.0509s	0.3107	0.9200	0.9200
0
0096	0.0373	1.0000	0.3055	0.9360	0.0509s	0.3655	0.9200	0.9196
0
0097	0.0481	1.0000	0.2995	0.9320	0.0505s	0.3337	0.9280	0.9276
1
0098	0.0383	1.0000	0.2875	0.9260	0.0519s	0.3436	0.9090	0.9090
2
0099	0.0399	1.0000	0.2546	0.9340	0.0519s	0.3173	0.9200	0.9200
3
0100	0.0338	0.9833	0.3183	0.9320	0.0517s	0.3820	0.9180	0.9175
4
0101	0.0365	1.0000	0.3444	0.9300	0.0516s	0.4186	0.9160	0.9156
5
0102	0.0498	0.9833	0.2679	0.9240	0.0517s	0.3389	0.9150	0.9150
6
0103	0.0449	1.0000	0.3161	0.9240	0.0511s	0.3841	0.9030	0.9029
7
0104	0.0611	1.0000	0.3163	0.9320	0.0510s	0.3688	0.9200	0.9193
8
0105	0.0341	1.0000	0.4466	0.9080	0.0520s	0.5175	0.9050	0.9040
9
0106	0.0764	0.9667	0.2556	0.9360	0.0510s	0.3657	0.9230	0.9229
10
0107	0.0406	1.0000	0.3285	0.9240	0.0506s	0.4218	0.9000	0.9002
11
0108	0.0575	0.9833	0.3442	0.9220	0.0514s	0.3834	0.9080	0.9074
12
0109	0.0451	1.0000	0.3429	0.9300	0.0517s	0.3914	0.9180	0.9172
13
0110	0.0428	0.9833	0.3086	0.9300	0.0512s	0.4123	0.9180	0.9178
14
0111	0.0341	1.0000	0.2981	0.9220	0.0510s	0.4241	0.9130	0.9130
15
0112	0.0384	0.9833	0.2662	0.9360	0.0511s	0.3663	0.9210	0.9209
16
0113	0.0352	1.0000	0.2878	0.9280	0.0508s	0.3391	0.9220	0.9217
17
0114	0.0285	1.0000	0.3454	0.9180	0.0507s	0.3794	0.9110	0.9100
18
0115	0.0340	1.0000	0.3099	0.9240	0.0530s	0.3505	0.9180	0.9175
19
0116	0.0323	1.0000	0.2627	0.9380	0.0524s	0.3291	0.9230	0.9229
20
0117	0.0236	1.0000	0.2568	0.9340	0.0532s	0.3543	0.9230	0.9229
0
0118	0.0256	1.0000	0.2880	0.9260	0.0517s	0.3981	0.9160	0.9160
1
0119	0.0373	1.0000	0.2886	0.9320	0.0523s	0.3806	0.9180	0.9178
2
0120	0.0341	1.0000	0.2685	0.9320	0.0524s	0.3334	0.9260	0.9257
3
0121	0.0265	1.0000	0.3012	0.9300	0.0517s	0.3380	0.9210	0.9205
4
0122	0.0291	1.0000	0.3165	0.9240	0.0518s	0.3464	0.9130	0.9122
5
0123	0.0350	1.0000	0.2785	0.9340	0.0511s	0.3229	0.9260	0.9257
6
0124	0.0332	1.0000	0.2651	0.9400	0.0506s	0.3337	0.9270	0.9268
7
0125	0.0259	1.0000	0.2765	0.9400	0.0506s	0.3559	0.9220	0.9217
0
0126	0.0374	1.0000	0.2461	0.9440	0.0510s	0.3284	0.9250	0.9249
0
0127	0.0293	1.0000	0.2483	0.9400	0.0507s	0.3116	0.9250	0.9249
0
0128	0.0256	1.0000	0.2841	0.9320	0.0507s	0.3213	0.9260	0.9257
1
0129	0.0275	1.0000	0.2955	0.9300	0.0523s	0.3326	0.9260	0.9257
2
0130	0.0299	1.0000	0.2481	0.9380	0.0507s	0.3096	0.9250	0.9249
3
0131	0.0337	0.9833	0.2410	0.9420	0.0504s	0.3236	0.9230	0.9229
4
0132	0.0273	1.0000	0.2697	0.9400	0.0512s	0.3451	0.9220	0.9218
5
0133	0.0473	0.9833	0.2684	0.9360	0.0517s	0.3103	0.9220	0.9217
6
0134	0.0333	1.0000	0.2859	0.9360	0.0510s	0.3217	0.9210	0.9207
7
0135	0.0365	1.0000	0.2688	0.9400	0.0506s	0.3230	0.9250	0.9248
8
0136	0.0253	1.0000	0.2696	0.9380	0.0506s	0.3469	0.9230	0.9228
9
0137	0.0311	1.0000	0.2486	0.9400	0.0506s	0.3327	0.9250	0.9249
10
0138	0.0274	1.0000	0.2386	0.9420	0.0510s	0.3083	0.9230	0.9229
11
0139	0.0307	1.0000	0.2862	0.9380	0.0511s	0.3255	0.9240	0.9236
12
0140	0.0384	1.0000	0.2965	0.9340	0.0517s	0.3371	0.9250	0.9246
13
0141	0.0307	1.0000	0.2337	0.9420	0.0507s	0.3229	0.9240	0.9239
14
0142	0.0430	0.9833	0.2523	0.9420	0.0510s	0.3191	0.9220	0.9218
15
0143	0.0272	1.0000	0.2760	0.9360	0.0519s	0.3340	0.9230	0.9227
16
0144	0.0344	1.0000	0.2348	0.9440	0.0520s	0.3189	0.9240	0.9239
17
0145	0.0249	1.0000	0.2333	0.9420	0.0519s	0.3255	0.9230	0.9229
0
0146	0.0267	1.0000	0.2806	0.9340	0.0518s	0.3535	0.9240	0.9238
1
0147	0.0367	1.0000	0.2306	0.9480	0.0533s	0.3214	0.9240	0.9239
2
0148	0.0336	1.0000	0.2459	0.9420	0.0515s	0.3247	0.9220	0.9218
0
0149	0.0239	1.0000	0.2636	0.9420	0.0511s	0.3431	0.9220	0.9218
1
0150	0.0262	1.0000	0.2612	0.9420	0.0513s	0.3422	0.9220	0.9218
2
0151	0.0258	1.0000	0.2538	0.9420	0.0519s	0.3349	0.9220	0.9218
3
0152	0.0287	1.0000	0.2471	0.9440	0.0512s	0.3295	0.9220	0.9218
4
0153	0.0297	1.0000	0.2487	0.9440	0.0514s	0.3406	0.9220	0.9218
5
0154	0.0229	1.0000	0.2436	0.9440	0.0516s	0.3376	0.9230	0.9228
6
0155	0.0303	1.0000	0.2539	0.9440	0.0516s	0.3330	0.9230	0.9228
7
0156	0.0286	1.0000	0.2496	0.9440	0.0517s	0.3207	0.9230	0.9229
8
0157	0.0381	1.0000	0.2739	0.9380	0.0518s	0.3418	0.9230	0.9228
9
0158	0.0272	1.0000	0.2639	0.9360	0.0521s	0.3479	0.9230	0.9228
10
0159	0.0356	1.0000	0.2361	0.9480	0.0518s	0.3235	0.9230	0.9229
11
0160	0.0389	1.0000	0.3105	0.9340	0.0519s	0.3518	0.9200	0.9194
0
0161	0.0375	1.0000	0.2654	0.9440	0.0524s	0.3374	0.9230	0.9228
1
0162	0.0251	1.0000	0.2391	0.9420	0.0519s	0.3555	0.9230	0.9229
2
0163	0.0364	1.0000	0.2620	0.9400	0.0517s	0.3457	0.9230	0.9228
3
0164	0.0240	1.0000	0.2841	0.9400	0.0537s	0.3361	0.9210	0.9207
4
0165	0.0308	0.9833	0.2436	0.9440	0.0524s	0.3185	0.9250	0.9249
5
0166	0.0268	1.0000	0.2524	0.9440	0.0510s	0.3427	0.9230	0.9228
6
0167	0.0244	1.0000	0.2710	0.9380	0.0511s	0.3609	0.9230	0.9228
7
0168	0.0284	1.0000	0.2490	0.9460	0.0510s	0.3221	0.9240	0.9238
8
0169	0.0225	1.0000	0.2600	0.9440	0.0518s	0.3188	0.9230	0.9228
9
0170	0.0257	0.9833	0.2710	0.9420	0.0509s	0.3340	0.9230	0.9228
10
0171	0.0283	1.0000	0.2531	0.9440	0.0509s	0.3378	0.9230	0.9228
11
0172	0.0295	0.9833	0.2397	0.9360	0.0513s	0.3423	0.9200	0.9200
12
0173	0.0378	1.0000	0.2924	0.9380	0.0506s	0.3549	0.9210	0.9208
13
0174	0.0319	1.0000	0.3030	0.9360	0.0506s	0.3463	0.9230	0.9226
14
0175	0.0277	0.9833	0.2494	0.9440	0.0511s	0.3222	0.9230	0.9229
15
0176	0.0310	1.0000	0.2503	0.9440	0.0513s	0.3344	0.9220	0.9218
16
0177	0.0257	1.0000	0.2798	0.9400	0.0512s	0.3645	0.9240	0.9237
17
0178	0.0269	1.0000	0.2470	0.9440	0.0510s	0.3310	0.9230	0.9228
18
0179	0.0249	1.0000	0.2517	0.9420	0.0512s	0.3220	0.9240	0.9239
19
0180	0.0293	1.0000	0.2899	0.9400	0.0519s	0.3548	0.9210	0.9207
20
0181	0.0272	1.0000	0.2489	0.9420	0.0515s	0.3483	0.9220	0.9218
21
0182	0.0293	1.0000	0.2346	0.9420	0.0526s	0.3335	0.9250	0.9249
22
0183	0.0360	1.0000	0.3268	0.9360	0.0518s	0.3794	0.9220	0.9215
23
0184	0.0285	1.0000	0.3469	0.9320	0.0519s	0.4037	0.9220	0.9216
24
0185	0.0415	1.0000	0.2454	0.9360	0.0519s	0.3576	0.9170	0.9171
25
0186	0.0346	1.0000	0.2316	0.9440	0.0513s	0.3419	0.9230	0.9229
26
0187	0.0293	1.0000	0.3488	0.9320	0.0518s	0.4273	0.9210	0.9205
27
0188	0.0457	1.0000	0.2554	0.9420	0.0519s	0.3303	0.9260	0.9258
28
0189	0.0273	1.0000	0.2628	0.9380	0.0517s	0.3515	0.9130	0.9130
29
0190	0.0292	1.0000	0.2468	0.9420	0.0515s	0.3378	0.9250	0.9249
30
0191	0.0270	1.0000	0.3333	0.9360	0.0519s	0.4328	0.9160	0.9155
31
0192	0.0313	1.0000	0.3332	0.9320	0.0517s	0.4271	0.9170	0.9166
32
0193	0.0323	1.0000	0.2581	0.9420	0.0515s	0.3525	0.9260	0.9259
33
0194	0.0219	1.0000	0.2633	0.9440	0.0516s	0.3517	0.9190	0.9189
34
0195	0.0350	1.0000	0.2730	0.9420	0.0512s	0.3561	0.9220	0.9218
35
0196	0.0210	1.0000	0.3048	0.9340	0.0510s	0.4061	0.9180	0.9177
36
0197	0.0238	1.0000	0.3103	0.9360	0.0517s	0.4297	0.9160	0.9156
37
0198	0.0401	1.0000	0.2660	0.9440	0.0515s	0.3565	0.9230	0.9229
38
0199	0.0220	1.0000	0.2818	0.9420	0.0511s	0.3614	0.9160	0.9158
39
0200	0.0391	1.0000	0.2608	0.9420	0.0521s	0.3643	0.9240	0.9238
40
0201	0.0266	1.0000	0.2945	0.9380	0.0514s	0.4080	0.9220	0.9217
41
0202	0.0302	1.0000	0.2798	0.9400	0.0507s	0.3840	0.9210	0.9208
42
0203	0.0298	0.9833	0.2587	0.9420	0.0512s	0.3573	0.9180	0.9180
43
0204	0.0342	1.0000	0.2737	0.9460	0.0511s	0.3430	0.9210	0.9208
44
0205	0.0317	1.0000	0.3066	0.9360	0.0515s	0.3764	0.9200	0.9196
45
0206	0.0275	1.0000	0.2894	0.9360	0.0510s	0.4015	0.9200	0.9197
46
0207	0.0348	0.9833	0.2476	0.9400	0.0511s	0.3630	0.9230	0.9229
47
0208	0.0293	1.0000	0.2598	0.9400	0.0512s	0.3387	0.9230	0.9229
48
0209	0.0226	1.0000	0.2799	0.9400	0.0512s	0.3366	0.9230	0.9228
49
0210	0.0279	1.0000	0.2827	0.9440	0.0509s	0.3535	0.9220	0.9218
50
0211	0.0215	1.0000	0.2668	0.9440	0.0509s	0.3645	0.9230	0.9228
51
0212	0.0248	1.0000	0.2515	0.9420	0.0512s	0.3539	0.9230	0.9229
52
0213	0.0281	1.0000	0.2689	0.9420	0.0511s	0.3413	0.9220	0.9219
53
0214	0.0228	1.0000	0.2910	0.9400	0.0506s	0.3382	0.9210	0.9207
54
0215	0.0289	1.0000	0.2617	0.9400	0.0520s	0.3313	0.9230	0.9229
55
0216	0.0322	1.0000	0.3045	0.9380	0.0519s	0.3713	0.9170	0.9167
56
0217	0.0302	1.0000	0.2713	0.9440	0.0520s	0.3518	0.9250	0.9248
57
0218	0.0310	1.0000	0.2736	0.9400	0.0521s	0.3325	0.9230	0.9228
58
0219	0.0234	1.0000	0.2597	0.9400	0.0519s	0.3420	0.9230	0.9229
59
0220	0.0238	1.0000	0.2656	0.9440	0.0519s	0.3757	0.9260	0.9259
60
0221	0.0344	0.9833	0.2488	0.9380	0.0521s	0.3385	0.9230	0.9229
61
0222	0.0292	1.0000	0.2914	0.9420	0.0518s	0.3512	0.9240	0.9238
62
0223	0.0390	1.0000	0.2612	0.9440	0.0508s	0.3718	0.9240	0.9239
63
0224	0.0274	1.0000	0.2459	0.9400	0.0513s	0.3643	0.9210	0.9210
64
0225	0.0322	1.0000	0.2819	0.9420	0.0515s	0.3643	0.9230	0.9228
65
0226	0.0244	1.0000	0.3059	0.9400	0.0513s	0.3713	0.9230	0.9227
66
0227	0.0304	1.0000	0.2631	0.9340	0.0507s	0.3576	0.9120	0.9121
67
0228	0.0478	0.9833	0.2655	0.9440	0.0519s	0.3646	0.9220	0.9218
68
0229	0.0234	1.0000	0.3522	0.9260	0.0525s	0.4416	0.9140	0.9136
69
0230	0.0555	0.9667	0.2711	0.9380	0.0510s	0.3539	0.9080	0.9081
70
0231	0.0335	1.0000	0.3024	0.9280	0.0512s	0.3876	0.9000	0.9000
71
0232	0.0336	1.0000	0.2656	0.9380	0.0510s	0.3441	0.9260	0.9258
72
0233	0.0235	1.0000	0.3455	0.9280	0.0513s	0.4502	0.9160	0.9156
73
0234	0.0406	0.9833	0.2850	0.9460	0.0505s	0.3918	0.9200	0.9198
74
0235	0.0270	1.0000	0.2573	0.9440	0.0507s	0.3613	0.9230	0.9229
75
0236	0.0313	1.0000	0.2794	0.9380	0.0516s	0.3628	0.9240	0.9238
76
0237	0.0288	1.0000	0.3097	0.9400	0.0507s	0.3938	0.9220	0.9217
77
0238	0.0230	1.0000	0.2977	0.9420	0.0508s	0.4154	0.9190	0.9187
78
0239	0.0241	1.0000	0.2930	0.9400	0.0514s	0.4284	0.9190	0.9188
79
0240	0.0318	1.0000	0.2807	0.9380	0.0519s	0.3904	0.9250	0.9248
80
0241	0.0228	1.0000	0.3186	0.9320	0.0519s	0.3870	0.9250	0.9246
81
0242	0.0309	1.0000	0.3120	0.9400	0.0522s	0.3906	0.9230	0.9228
82
0243	0.0277	1.0000	0.3067	0.9400	0.0521s	0.4255	0.9200	0.9198
83
0244	0.0281	1.0000	0.3115	0.9380	0.0519s	0.4206	0.9210	0.9207
84
0245	0.0368	1.0000	0.3083	0.9360	0.0520s	0.3645	0.9170	0.9167
85
0246	0.0385	1.0000	0.2912	0.9360	0.0521s	0.3546	0.9220	0.9219
86
0247	0.0275	1.0000	0.2913	0.9400	0.0520s	0.3858	0.9230	0.9228
87
0248	0.0257	1.0000	0.3253	0.9380	0.0520s	0.4352	0.9200	0.9197
88
0249	0.0352	1.0000	0.2770	0.9380	0.0521s	0.3620	0.9240	0.9238
89
0250	0.0221	1.0000	0.2858	0.9360	0.0519s	0.3425	0.9200	0.9199
90
0251	0.0352	1.0000	0.3086	0.9400	0.0518s	0.3596	0.9220	0.9216
91
0252	0.0288	0.9833	0.3333	0.9360	0.0517s	0.4113	0.9190	0.9187
92
0253	0.0330	1.0000	0.2820	0.9380	0.0507s	0.3885	0.9200	0.9199
93
0254	0.0311	1.0000	0.2662	0.9380	0.0515s	0.3516	0.9220	0.9220
94
0255	0.0372	1.0000	0.4065	0.9220	0.0516s	0.4360	0.9060	0.9042
95
0256	0.0441	1.0000	0.3155	0.9360	0.0511s	0.3586	0.9240	0.9235
96
0257	0.0283	1.0000	0.2695	0.9380	0.0508s	0.3630	0.9130	0.9131
97
0258	0.0334	1.0000	0.2906	0.9380	0.0512s	0.3826	0.9210	0.9209
98
0259	0.0311	1.0000	0.3519	0.9320	0.0510s	0.4096	0.9180	0.9174
99
0260	0.0299	1.0000	0.2971	0.9340	0.0509s	0.3525	0.9220	0.9218
100
0261	0.0272	1.0000	0.2924	0.9340	0.0515s	0.3549	0.9200	0.9198
101
0262	0.0292	0.9833	0.3146	0.9360	0.0507s	0.3972	0.9190	0.9187
102
0263	0.0225	1.0000	0.3593	0.9300	0.0507s	0.4481	0.9170	0.9166
103
0264	0.0447	1.0000	0.2928	0.9320	0.0505s	0.3906	0.9150	0.9152
104
0265	0.0385	0.9833	0.3063	0.9360	0.0509s	0.3702	0.9130	0.9129
105
0266	0.0293	1.0000	0.3874	0.9280	0.0507s	0.4346	0.9140	0.9130
106
0267	0.0360	1.0000	0.3576	0.9340	0.0507s	0.4524	0.9170	0.9166
107
0268	0.0369	1.0000	0.3112	0.9280	0.0508s	0.4320	0.9060	0.9064
108
0269	0.0457	1.0000	0.2922	0.9380	0.0504s	0.3800	0.9130	0.9130
109
0270	0.0283	1.0000	0.3888	0.9260	0.0513s	0.4374	0.9100	0.9087
110
0271	0.0337	1.0000	0.4125	0.9260	0.0511s	0.4797	0.9160	0.9150
111
0272	0.0355	1.0000	0.3116	0.9400	0.0513s	0.4241	0.9130	0.9127
112
0273	0.0260	1.0000	0.2778	0.9300	0.0512s	0.4032	0.9210	0.9210
113
0274	0.0322	0.9833	0.2737	0.9340	0.0511s	0.3812	0.9180	0.9179
114
0275	0.0287	1.0000	0.3013	0.9320	0.0513s	0.3848	0.9260	0.9257
115
0276	0.0238	1.0000	0.3611	0.9360	0.0513s	0.4328	0.9170	0.9162
116
0277	0.0248	1.0000	0.3429	0.9340	0.0512s	0.4271	0.9180	0.9175
117
0278	0.0293	1.0000	0.2756	0.9340	0.0510s	0.3782	0.9220	0.9218
118
0279	0.0351	0.9833	0.2775	0.9340	0.0507s	0.3762	0.9220	0.9218
119
0280	0.0215	1.0000	0.2906	0.9380	0.0511s	0.3782	0.9250	0.9247
120
0281	0.0219	1.0000	0.3070	0.9400	0.0510s	0.3927	0.9200	0.9196
121
0282	0.0232	1.0000	0.3004	0.9420	0.0514s	0.3911	0.9170	0.9166
122
0283	0.0193	1.0000	0.2756	0.9340	0.0509s	0.3712	0.9220	0.9218
123
0284	0.0244	1.0000	0.2676	0.9340	0.0509s	0.3627	0.9240	0.9239
124
0285	0.0244	1.0000	0.2748	0.9360	0.0596s	0.3549	0.9230	0.9228
125
0286	0.0227	1.0000	0.3200	0.9380	0.0506s	0.3930	0.9190	0.9186
126
0287	0.0324	1.0000	0.2753	0.9380	0.0524s	0.3616	0.9240	0.9238
127
0288	0.0256	1.0000	0.2647	0.9360	0.0510s	0.3521	0.9240	0.9240
128
0289	0.0251	1.0000	0.2944	0.9420	0.0507s	0.3716	0.9210	0.9207
129
0290	0.0234	1.0000	0.3159	0.9400	0.0509s	0.3880	0.9200	0.9196
130
0291	0.0275	1.0000	0.2752	0.9340	0.0511s	0.3465	0.9230	0.9228
131
0292	0.0237	1.0000	0.2675	0.9340	0.0507s	0.3501	0.9230	0.9228
132
0293	0.0245	1.0000	0.3138	0.9420	0.0507s	0.3894	0.9190	0.9187
133
0294	0.0270	1.0000	0.2985	0.9420	0.0507s	0.3736	0.9210	0.9207
134
0295	0.0271	1.0000	0.2651	0.9380	0.0506s	0.3614	0.9220	0.9220
135
0296	0.0385	1.0000	0.3515	0.9380	0.0506s	0.4157	0.9120	0.9108
136
0297	0.0366	1.0000	0.3088	0.9420	0.0506s	0.3889	0.9220	0.9216
137
0298	0.0276	1.0000	0.2596	0.9320	0.0506s	0.3733	0.9230	0.9229
138
0299	0.0283	1.0000	0.2658	0.9420	0.0503s	0.3795	0.9250	0.9249
139
0300	0.0351	1.0000	0.3450	0.9320	0.0508s	0.4184	0.9050	0.9033
140
0301	0.0322	1.0000	0.3077	0.9320	0.0507s	0.3798	0.9190	0.9182
141
0302	0.0281	1.0000	0.2625	0.9400	0.0504s	0.3750	0.9240	0.9238
142
0303	0.0213	1.0000	0.2783	0.9360	0.0508s	0.4179	0.9200	0.9199
143
0304	0.0328	1.0000	0.2673	0.9380	0.0513s	0.3847	0.9230	0.9229
144
0305	0.0327	1.0000	0.2914	0.9300	0.0510s	0.3646	0.9210	0.9203
145
0306	0.0316	1.0000	0.3403	0.9260	0.0507s	0.4059	0.9120	0.9105
146
0307	0.0388	1.0000	0.2829	0.9420	0.0507s	0.3866	0.9260	0.9258
147
0308	0.0246	1.0000	0.2640	0.9400	0.0540s	0.3910	0.9240	0.9239
148
0309	0.0363	1.0000	0.2643	0.9420	0.0525s	0.3742	0.9240	0.9239
149
0310	0.0203	1.0000	0.2857	0.9380	0.0517s	0.3745	0.9280	0.9277
150
0311	0.0282	1.0000	0.2824	0.9340	0.0522s	0.3496	0.9250	0.9245
151
0312	0.0274	1.0000	0.2880	0.9320	0.0522s	0.3543	0.9270	0.9264
152
0313	0.0209	1.0000	0.3005	0.9380	0.0523s	0.3836	0.9260	0.9256
153
0314	0.0210	1.0000	0.2844	0.9440	0.0515s	0.3872	0.9240	0.9238
154
0315	0.0202	1.0000	0.2603	0.9380	0.0523s	0.3703	0.9240	0.9239
155
0316	0.0350	1.0000	0.2809	0.9340	0.0514s	0.3690	0.9260	0.9258
156
0317	0.0193	1.0000	0.3294	0.9360	0.0532s	0.3948	0.9190	0.9182
157
0318	0.0241	1.0000	0.3148	0.9340	0.0507s	0.3798	0.9210	0.9203
158
0319	0.0236	1.0000	0.2668	0.9300	0.0509s	0.3486	0.9260	0.9258
159
0320	0.0237	1.0000	0.2573	0.9380	0.0511s	0.3633	0.9250	0.9250
160
0321	0.0259	1.0000	0.2690	0.9420	0.0507s	0.3808	0.9230	0.9229
161
0322	0.0246	1.0000	0.2927	0.9360	0.0511s	0.3854	0.9250	0.9248
162
0323	0.0230	1.0000	0.2853	0.9340	0.0508s	0.3462	0.9270	0.9266
163
0324	0.0270	1.0000	0.2790	0.9340	0.0508s	0.3460	0.9280	0.9277
164
0325	0.0251	1.0000	0.2765	0.9420	0.0508s	0.3747	0.9230	0.9228
165
0326	0.0301	1.0000	0.2582	0.9360	0.0507s	0.3630	0.9260	0.9258
166
0327	0.0225	1.0000	0.2551	0.9380	0.0508s	0.3498	0.9240	0.9239
167
0328	0.0270	1.0000	0.2978	0.9400	0.0507s	0.3748	0.9270	0.9267
168
0329	0.0213	1.0000	0.2917	0.9360	0.0512s	0.3581	0.9280	0.9277
169
0330	0.0218	1.0000	0.2604	0.9400	0.0508s	0.3301	0.9260	0.9258
170
0331	0.0382	0.9833	0.2829	0.9440	0.0508s	0.3796	0.9230	0.9227
171
0332	0.0260	1.0000	0.2550	0.9400	0.0508s	0.3499	0.9250	0.9248
172
0333	0.0243	1.0000	0.2716	0.9380	0.0507s	0.3485	0.9280	0.9278
173
0334	0.0264	1.0000	0.3134	0.9400	0.0506s	0.3891	0.9220	0.9216
174
0335	0.0257	1.0000	0.2719	0.9380	0.0505s	0.3347	0.9290	0.9288
175
0336	0.0261	1.0000	0.2710	0.9400	0.0506s	0.3473	0.9280	0.9279
176
0337	0.0265	1.0000	0.2920	0.9440	0.0506s	0.3847	0.9230	0.9227
177
0338	0.0306	1.0000	0.2553	0.9400	0.0610s	0.3465	0.9240	0.9239
178
0339	0.0369	1.0000	0.3087	0.9360	0.0554s	0.3702	0.9260	0.9255
179
0340	0.0272	1.0000	0.3281	0.9360	0.0517s	0.3900	0.9250	0.9244
180
0341	0.0313	1.0000	0.2558	0.9400	0.0508s	0.3534	0.9240	0.9239
181
0342	0.0309	1.0000	0.2669	0.9420	0.0516s	0.3791	0.9250	0.9248
182
0343	0.0270	0.9833	0.2980	0.9360	0.0511s	0.3748	0.9280	0.9277
183
0344	0.0246	1.0000	0.2872	0.9380	0.0509s	0.3544	0.9250	0.9248
184
0345	0.0271	1.0000	0.2790	0.9420	0.0508s	0.3681	0.9240	0.9238
185
0346	0.0181	1.0000	0.2796	0.9420	0.0508s	0.3935	0.9250	0.9248
186
0347	0.0252	1.0000	0.2845	0.9400	0.0506s	0.3803	0.9260	0.9258
187
0348	0.0234	1.0000	0.2863	0.9400	0.0508s	0.3575	0.9250	0.9248
188
0349	0.0244	1.0000	0.3111	0.9380	0.0512s	0.3874	0.9250	0.9248
189
0350	0.0237	1.0000	0.2774	0.9400	0.0507s	0.3747	0.9260	0.9258
190
0351	0.0233	1.0000	0.2707	0.9420	0.0506s	0.3752	0.9250	0.9248
191
0352	0.0276	1.0000	0.3198	0.9360	0.0508s	0.4082	0.9240	0.9238
192
0353	0.0230	1.0000	0.3173	0.9360	0.0508s	0.3919	0.9250	0.9247
193
0354	0.0217	1.0000	0.2679	0.9420	0.0508s	0.3482	0.9250	0.9249
194
0355	0.0257	1.0000	0.2780	0.9420	0.0508s	0.3710	0.9260	0.9258
195
0356	0.0195	1.0000	0.3188	0.9340	0.0507s	0.4210	0.9190	0.9187
196
0357	0.0263	1.0000	0.2682	0.9420	0.0510s	0.3514	0.9270	0.9268
197
0358	0.0228	1.0000	0.2804	0.9400	0.0509s	0.3588	0.9270	0.9268
198
0359	0.0210	1.0000	0.3108	0.9380	0.0508s	0.3955	0.9230	0.9228
199
Early stop! Min loss:0.2268301546573639,  Max accuracy:0.9480000000000001
Early stop model validation loss:0.2268301546573639,  accuracy:0.934
Optimization Finished!
Total time elapsed: 18.6885s
test max acc:0.9300
Loading 84th epoch
stru_node_to_hop attention:tensor([[0.3319, 0.3344, 0.3337],
        [0.3333, 0.3333, 0.3333],
        [0.3333, 0.3334, 0.3333],
        [0.3342, 0.3329, 0.3329],
        [0.3334, 0.3333, 0.3333],
        [0.3308, 0.3352, 0.3339],
        [0.3331, 0.3335, 0.3334],
        [0.3334, 0.3333, 0.3333],
        [0.3334, 0.3333, 0.3333],
        [0.3323, 0.3338, 0.3338],
        [0.3325, 0.3336, 0.3338],
        [0.3334, 0.3333, 0.3333],
        [0.3326, 0.3336, 0.3338],
        [0.3333, 0.3333, 0.3333],
        [0.3329, 0.3333, 0.3338],
        [0.3323, 0.3335, 0.3342],
        [0.3333, 0.3333, 0.3333],
        [0.3279, 0.3361, 0.3360],
        [0.3335, 0.3332, 0.3333],
        [0.3333, 0.3333, 0.3333],
        [0.3325, 0.3337, 0.3338],
        [0.3334, 0.3333, 0.3333],
        [0.3372, 0.3306, 0.3322],
        [0.3333, 0.3333, 0.3333],
        [0.3322, 0.3337, 0.3341],
        [0.3334, 0.3333, 0.3333],
        [0.3330, 0.3334, 0.3336],
        [0.3297, 0.3336, 0.3368],
        [0.3334, 0.3333, 0.3333],
        [0.3323, 0.3333, 0.3345],
        [0.3348, 0.3329, 0.3323],
        [0.3334, 0.3333, 0.3333],
        [0.3233, 0.3377, 0.3390],
        [0.3338, 0.3370, 0.3292],
        [0.3318, 0.3342, 0.3341],
        [0.3330, 0.3333, 0.3337],
        [0.3334, 0.3333, 0.3333],
        [0.3330, 0.3333, 0.3337],
        [0.3311, 0.3337, 0.3352],
        [0.3415, 0.3295, 0.3290],
        [0.3334, 0.3333, 0.3333],
        [0.3268, 0.3366, 0.3366],
        [0.3334, 0.3333, 0.3333],
        [0.3335, 0.3332, 0.3332],
        [0.3336, 0.3333, 0.3331],
        [0.3331, 0.3334, 0.3334],
        [0.3334, 0.3333, 0.3333],
        [0.3320, 0.3341, 0.3339],
        [0.3298, 0.3357, 0.3346],
        [0.3334, 0.3333, 0.3333],
        [0.3318, 0.3341, 0.3341],
        [0.3199, 0.3415, 0.3386],
        [0.3335, 0.3333, 0.3333],
        [0.3328, 0.3335, 0.3336],
        [0.3334, 0.3333, 0.3333],
        [0.3334, 0.3333, 0.3333],
        [0.3328, 0.3334, 0.3337],
        [0.3333, 0.3329, 0.3338],
        [0.3301, 0.3348, 0.3351],
        [0.3333, 0.3333, 0.3333],
        [0.3335, 0.3333, 0.3333],
        [0.3334, 0.3333, 0.3333],
        [0.3332, 0.3334, 0.3334],
        [0.3293, 0.3353, 0.3354],
        [0.3333, 0.3333, 0.3333],
        [0.3333, 0.3334, 0.3334],
        [0.3300, 0.3347, 0.3353],
        [0.3334, 0.3333, 0.3333],
        [0.3230, 0.3400, 0.3371],
        [0.3334, 0.3333, 0.3333],
        [0.3233, 0.3401, 0.3366],
        [0.3319, 0.3324, 0.3357],
        [0.3333, 0.3333, 0.3333],
        [0.3335, 0.3333, 0.3333],
        [0.3334, 0.3333, 0.3333],
        [0.3335, 0.3333, 0.3333],
        [0.3334, 0.3333, 0.3333],
        [0.3333, 0.3333, 0.3333],
        [0.3333, 0.3333, 0.3333],
        [0.3332, 0.3334, 0.3333],
        [0.3298, 0.3348, 0.3354],
        [0.3406, 0.3301, 0.3293],
        [0.3334, 0.3333, 0.3333],
        [0.3322, 0.3338, 0.3340],
        [0.3316, 0.3342, 0.3343],
        [0.3329, 0.3336, 0.3335],
        [0.3334, 0.3333, 0.3333],
        [0.3337, 0.3332, 0.3332],
        [0.3335, 0.3333, 0.3333],
        [0.3333, 0.3333, 0.3334],
        [0.3334, 0.3333, 0.3333],
        [0.3339, 0.3321, 0.3340],
        [0.3334, 0.3333, 0.3333],
        [0.3334, 0.3333, 0.3333],
        [0.3209, 0.3397, 0.3394],
        [0.3342, 0.3328, 0.3330],
        [0.3333, 0.3333, 0.3333],
        [0.3334, 0.3333, 0.3333],
        [0.3333, 0.3333, 0.3333],
        [0.3333, 0.3333, 0.3333]], device='cuda:1')
fea_node_to_hop attention:tensor([[0.1998, 0.2003, 0.2000, 0.2000, 0.1999],
        [0.2000, 0.2000, 0.2000, 0.2000, 0.2000],
        [0.1999, 0.2000, 0.2000, 0.2000, 0.2000],
        [0.2004, 0.2002, 0.2001, 0.1998, 0.1996],
        [0.1999, 0.2000, 0.2000, 0.2000, 0.2000],
        [0.2017, 0.1989, 0.1996, 0.1997, 0.2000],
        [0.1998, 0.2002, 0.2001, 0.2000, 0.1999],
        [0.1998, 0.2001, 0.2000, 0.2000, 0.2000],
        [0.1999, 0.2000, 0.2000, 0.2000, 0.2000],
        [0.1991, 0.2001, 0.2004, 0.2003, 0.2001],
        [0.1983, 0.2010, 0.2005, 0.2003, 0.2000],
        [0.2000, 0.2000, 0.2000, 0.2000, 0.2000],
        [0.1994, 0.2000, 0.2005, 0.2002, 0.2000],
        [0.2000, 0.2000, 0.2000, 0.2000, 0.2000],
        [0.1989, 0.2006, 0.2004, 0.2002, 0.1999],
        [0.1986, 0.2011, 0.2004, 0.2001, 0.1999],
        [0.1999, 0.2000, 0.2000, 0.2000, 0.2000],
        [0.2004, 0.2005, 0.1998, 0.1997, 0.1996],
        [0.2000, 0.2000, 0.2000, 0.2000, 0.2000],
        [0.2027, 0.1994, 0.1988, 0.1995, 0.1997],
        [0.2002, 0.2000, 0.2000, 0.1999, 0.1999],
        [0.2000, 0.2000, 0.2000, 0.2000, 0.2000],
        [0.1985, 0.2023, 0.2006, 0.1996, 0.1990],
        [0.2000, 0.2000, 0.2000, 0.2000, 0.2000],
        [0.1992, 0.2006, 0.2002, 0.2001, 0.2000],
        [0.2000, 0.2000, 0.2000, 0.2000, 0.2000],
        [0.1994, 0.2000, 0.2002, 0.2002, 0.2001],
        [0.1980, 0.2006, 0.2009, 0.2005, 0.2000],
        [0.2000, 0.2000, 0.2000, 0.2000, 0.2000],
        [0.1991, 0.2007, 0.2002, 0.2001, 0.1999],
        [0.1999, 0.2006, 0.2000, 0.1998, 0.1997],
        [0.2000, 0.2000, 0.2000, 0.2000, 0.2000],
        [0.1946, 0.2054, 0.2014, 0.2002, 0.1985],
        [0.2120, 0.1940, 0.1971, 0.1977, 0.1992],
        [0.2005, 0.1998, 0.2000, 0.1999, 0.1998],
        [0.1994, 0.2002, 0.2002, 0.2002, 0.2000],
        [0.2000, 0.2000, 0.2000, 0.2000, 0.2000],
        [0.1994, 0.2000, 0.2005, 0.2002, 0.1999],
        [0.1994, 0.1997, 0.2009, 0.2002, 0.1999],
        [0.1990, 0.2014, 0.2005, 0.1998, 0.1993],
        [0.2000, 0.2000, 0.2000, 0.2000, 0.2000],
        [0.2017, 0.1984, 0.1996, 0.2000, 0.2002],
        [0.2000, 0.2000, 0.2000, 0.2000, 0.2000],
        [0.2000, 0.2000, 0.2000, 0.2000, 0.2000],
        [0.1987, 0.2004, 0.2004, 0.2003, 0.2002],
        [0.2001, 0.1999, 0.2002, 0.2000, 0.1999],
        [0.1998, 0.2002, 0.2000, 0.2000, 0.2000],
        [0.1988, 0.2008, 0.2002, 0.2002, 0.2000],
        [0.2004, 0.2001, 0.1999, 0.1999, 0.1998],
        [0.1998, 0.2001, 0.2001, 0.2000, 0.2000],
        [0.1987, 0.2008, 0.2003, 0.2002, 0.2000],
        [0.1991, 0.2000, 0.2001, 0.2004, 0.2005],
        [0.2000, 0.2000, 0.2000, 0.2000, 0.2000],
        [0.1992, 0.2002, 0.2003, 0.2002, 0.2001],
        [0.2000, 0.2000, 0.2000, 0.2000, 0.2000],
        [0.2000, 0.2000, 0.2000, 0.2000, 0.2000],
        [0.1999, 0.2001, 0.2001, 0.2000, 0.1999],
        [0.1997, 0.2000, 0.2002, 0.2001, 0.2000],
        [0.1980, 0.2013, 0.2005, 0.2002, 0.2000],
        [0.1998, 0.2002, 0.2001, 0.2000, 0.2000],
        [0.2000, 0.2000, 0.2000, 0.2000, 0.2000],
        [0.2000, 0.2000, 0.2000, 0.2000, 0.2000],
        [0.1995, 0.2003, 0.2004, 0.2000, 0.1998],
        [0.1977, 0.2004, 0.2007, 0.2007, 0.2005],
        [0.1998, 0.2002, 0.2001, 0.2000, 0.2000],
        [0.1999, 0.2001, 0.2000, 0.2000, 0.2000],
        [0.1995, 0.1999, 0.2002, 0.2002, 0.2002],
        [0.1999, 0.2000, 0.2000, 0.2000, 0.2000],
        [0.1930, 0.2018, 0.2018, 0.2018, 0.2015],
        [0.1999, 0.2001, 0.2000, 0.2000, 0.2000],
        [0.1982, 0.2008, 0.1999, 0.2005, 0.2007],
        [0.1968, 0.2003, 0.2012, 0.2009, 0.2008],
        [0.1964, 0.2023, 0.2010, 0.2004, 0.1998],
        [0.2000, 0.2000, 0.2000, 0.2000, 0.2000],
        [0.2000, 0.2000, 0.2000, 0.2000, 0.2000],
        [0.2000, 0.2000, 0.2000, 0.2000, 0.2000],
        [0.2000, 0.2000, 0.2000, 0.2000, 0.2000],
        [0.1979, 0.1999, 0.2008, 0.2008, 0.2006],
        [0.1957, 0.2022, 0.2018, 0.2007, 0.1997],
        [0.1998, 0.2001, 0.2001, 0.2000, 0.2000],
        [0.1989, 0.2004, 0.2006, 0.2002, 0.1999],
        [0.2028, 0.1983, 0.2000, 0.1995, 0.1994],
        [0.1998, 0.2001, 0.2001, 0.2000, 0.2000],
        [0.1986, 0.2001, 0.2005, 0.2004, 0.2003],
        [0.1982, 0.2009, 0.2006, 0.2003, 0.1999],
        [0.1997, 0.2001, 0.2001, 0.2000, 0.2000],
        [0.1999, 0.2000, 0.2000, 0.2000, 0.2000],
        [0.1993, 0.2004, 0.2007, 0.2000, 0.1996],
        [0.2000, 0.2000, 0.2000, 0.2000, 0.2000],
        [0.1999, 0.2000, 0.2000, 0.2000, 0.2000],
        [0.2000, 0.2000, 0.2000, 0.2000, 0.2000],
        [0.1995, 0.1992, 0.2006, 0.2005, 0.2003],
        [0.2000, 0.2000, 0.2000, 0.2000, 0.2000],
        [0.2000, 0.2000, 0.2000, 0.2000, 0.2000],
        [0.1943, 0.2002, 0.2019, 0.2018, 0.2018],
        [0.1995, 0.2009, 0.2002, 0.1997, 0.1996],
        [0.1999, 0.2000, 0.2001, 0.2000, 0.2000],
        [0.2000, 0.2000, 0.2000, 0.2000, 0.2000],
        [0.2051, 0.1983, 0.1986, 0.1989, 0.1991],
        [0.1995, 0.2002, 0.2002, 0.2001, 0.2000]], device='cuda:1')
perception attention:tensor([0.3874, 0.6126], device='cuda:1')
Test set results: loss= 0.3124 accuracy= 0.9240 F1_score= 0.9239
