# epoch	loss_train	acc_train	loss_val	acc_val	time	acc_test	f1_test
0001	1.1061	0.3333	0.9879	0.8520	0.0505s	0.9874	0.8320	0.8280
0
0002	0.8660	1.0000	0.7728	0.8640	0.0505s	0.7726	0.8360	0.8330
0
0003	0.5704	0.9667	0.5873	0.8600	0.0508s	0.5884	0.8390	0.8362
0
0004	0.3796	0.9667	0.4014	0.9140	0.0505s	0.4254	0.8890	0.8891
0
0005	0.2580	1.0000	0.3107	0.9180	0.0506s	0.3383	0.8950	0.8947
0
0006	0.1616	0.9833	0.2940	0.9020	0.0505s	0.3167	0.8920	0.8907
0
0007	0.1559	0.9833	0.2482	0.9200	0.0507s	0.2855	0.8980	0.8978
0
0008	0.0943	0.9667	0.2430	0.9180	0.0506s	0.2901	0.8960	0.8961
0
0009	0.0763	1.0000	0.2595	0.9220	0.0505s	0.3014	0.9010	0.9005
0
0010	0.0703	0.9833	0.2983	0.9180	0.0506s	0.3363	0.9060	0.9052
0
0011	0.0713	0.9833	0.2897	0.9220	0.0505s	0.3385	0.9070	0.9064
1
0012	0.0417	1.0000	0.2885	0.9260	0.0511s	0.3462	0.9090	0.9086
0
0013	0.0677	0.9667	0.2867	0.9260	0.0507s	0.3411	0.9030	0.9028
0
0014	0.0668	0.9667	0.3046	0.9180	0.0517s	0.3603	0.9080	0.9081
0
0015	0.0557	1.0000	0.3137	0.9220	0.0506s	0.3528	0.9080	0.9076
1
0016	0.0532	1.0000	0.3107	0.9260	0.0504s	0.3565	0.9090	0.9087
2
0017	0.0437	1.0000	0.3076	0.9300	0.0506s	0.3711	0.9120	0.9119
0
0018	0.0469	0.9667	0.3033	0.9300	0.0505s	0.3725	0.9130	0.9130
0
0019	0.0415	0.9833	0.3046	0.9260	0.0506s	0.3698	0.9120	0.9120
0
0020	0.0399	1.0000	0.3181	0.9240	0.0506s	0.3647	0.9150	0.9148
1
0021	0.0410	1.0000	0.3450	0.9220	0.0505s	0.3720	0.9160	0.9155
2
0022	0.0420	0.9833	0.3333	0.9220	0.0505s	0.3621	0.9160	0.9156
3
0023	0.0341	1.0000	0.3120	0.9280	0.0504s	0.3629	0.9120	0.9121
4
0024	0.0472	1.0000	0.3055	0.9280	0.0505s	0.3608	0.9170	0.9170
5
0025	0.0337	1.0000	0.3322	0.9240	0.0505s	0.3783	0.9220	0.9218
6
0026	0.0349	1.0000	0.3729	0.9280	0.0507s	0.4046	0.9170	0.9165
7
0027	0.0409	1.0000	0.3590	0.9260	0.0505s	0.3775	0.9200	0.9194
8
0028	0.0398	1.0000	0.3144	0.9240	0.0505s	0.3363	0.9160	0.9159
9
0029	0.0449	1.0000	0.3375	0.9280	0.0507s	0.3659	0.9080	0.9080
10
0030	0.0644	1.0000	0.3281	0.9200	0.0506s	0.3389	0.9250	0.9247
11
0031	0.0327	1.0000	0.3994	0.9220	0.0516s	0.4126	0.9150	0.9143
12
0032	0.0619	1.0000	0.3644	0.9300	0.0505s	0.3912	0.9200	0.9196
13
0033	0.0612	0.9833	0.2869	0.9260	0.0507s	0.3379	0.9130	0.9132
0
0034	0.0481	0.9833	0.3232	0.9260	0.0510s	0.3848	0.9000	0.9005
1
0035	0.0609	0.9833	0.2964	0.9220	0.0506s	0.3212	0.9280	0.9277
2
0036	0.0429	1.0000	0.3790	0.9180	0.0507s	0.3910	0.9150	0.9143
3
0037	0.0635	0.9833	0.3036	0.9320	0.0507s	0.3556	0.9230	0.9226
4
0038	0.0556	1.0000	0.2835	0.9220	0.0506s	0.3649	0.9040	0.9046
0
0039	0.0454	1.0000	0.2920	0.9220	0.0507s	0.3688	0.9030	0.9037
1
0040	0.0543	0.9833	0.2848	0.9280	0.0504s	0.3214	0.9250	0.9248
2
0041	0.0467	1.0000	0.3968	0.9180	0.0505s	0.4122	0.9110	0.9099
3
0042	0.0640	0.9833	0.3283	0.9240	0.0505s	0.3645	0.9170	0.9164
4
0043	0.0390	1.0000	0.2538	0.9300	0.0505s	0.3182	0.9220	0.9220
5
0044	0.0417	1.0000	0.2844	0.9200	0.0510s	0.3559	0.9010	0.9015
6
0045	0.0419	1.0000	0.2724	0.9260	0.0510s	0.3189	0.9130	0.9129
7
0046	0.0399	1.0000	0.2782	0.9260	0.0505s	0.3198	0.9230	0.9227
8
0047	0.0400	1.0000	0.3116	0.9200	0.0513s	0.3574	0.9180	0.9175
9
0048	0.0529	1.0000	0.2618	0.9340	0.0504s	0.3271	0.9220	0.9218
10
0049	0.0445	1.0000	0.2493	0.9300	0.0506s	0.3212	0.9110	0.9112
0
0050	0.0532	1.0000	0.2639	0.9320	0.0507s	0.3105	0.9160	0.9159
1
0051	0.0432	1.0000	0.2859	0.9320	0.0508s	0.3212	0.9190	0.9184
2
0052	0.0383	1.0000	0.2776	0.9300	0.0504s	0.3343	0.9190	0.9186
3
0053	0.0372	0.9833	0.2403	0.9400	0.0503s	0.3251	0.9200	0.9199
4
0054	0.0446	1.0000	0.2321	0.9320	0.0505s	0.3145	0.9180	0.9181
0
0055	0.0381	1.0000	0.2441	0.9380	0.0505s	0.3008	0.9240	0.9239
0
0056	0.0403	1.0000	0.2626	0.9360	0.0522s	0.3094	0.9220	0.9217
1
0057	0.0393	1.0000	0.2645	0.9320	0.0521s	0.3124	0.9230	0.9226
2
0058	0.0423	1.0000	0.2346	0.9400	0.0524s	0.3030	0.9260	0.9258
3
0059	0.0398	1.0000	0.2255	0.9400	0.0526s	0.3036	0.9230	0.9230
0
0060	0.0356	1.0000	0.2318	0.9380	0.0514s	0.3045	0.9290	0.9289
0
0061	0.0293	1.0000	0.2503	0.9340	0.0518s	0.3139	0.9250	0.9247
1
0062	0.0389	0.9667	0.2638	0.9340	0.0525s	0.3172	0.9240	0.9237
2
0063	0.0366	1.0000	0.2348	0.9380	0.0507s	0.2929	0.9240	0.9239
3
0064	0.0304	1.0000	0.2292	0.9340	0.0506s	0.2983	0.9220	0.9220
4
0065	0.0411	1.0000	0.2276	0.9400	0.0507s	0.2999	0.9270	0.9269
5
0066	0.0388	1.0000	0.2697	0.9320	0.0506s	0.3179	0.9240	0.9237
0
0067	0.0471	1.0000	0.2438	0.9380	0.0506s	0.2878	0.9240	0.9239
1
0068	0.0350	1.0000	0.2400	0.9320	0.0503s	0.2977	0.9190	0.9190
2
0069	0.0356	1.0000	0.2285	0.9420	0.0515s	0.2992	0.9270	0.9269
3
0070	0.0359	1.0000	0.2578	0.9320	0.0510s	0.3188	0.9260	0.9257
0
0071	0.0388	1.0000	0.2687	0.9380	0.0506s	0.3024	0.9280	0.9278
1
0072	0.0445	0.9833	0.2498	0.9380	0.0505s	0.2861	0.9240	0.9239
2
0073	0.0320	1.0000	0.2282	0.9420	0.0504s	0.2909	0.9260	0.9259
3
0074	0.0326	1.0000	0.2400	0.9340	0.0506s	0.3179	0.9260	0.9259
0
0075	0.0590	0.9833	0.2725	0.9380	0.0505s	0.2995	0.9260	0.9257
1
0076	0.0376	1.0000	0.2645	0.9380	0.0507s	0.2920	0.9220	0.9219
2
0077	0.0413	1.0000	0.2326	0.9400	0.0506s	0.2922	0.9270	0.9269
3
0078	0.0285	1.0000	0.2548	0.9320	0.0518s	0.3370	0.9240	0.9238
4
0079	0.0493	0.9833	0.2467	0.9360	0.0506s	0.3055	0.9260	0.9259
5
0080	0.0308	1.0000	0.2533	0.9400	0.0506s	0.2861	0.9280	0.9279
6
0081	0.0350	1.0000	0.2545	0.9380	0.0510s	0.2869	0.9280	0.9279
7
0082	0.0453	1.0000	0.2483	0.9360	0.0506s	0.3116	0.9260	0.9259
8
0083	0.0327	1.0000	0.2581	0.9360	0.0504s	0.3453	0.9240	0.9238
9
0084	0.0420	1.0000	0.2408	0.9400	0.0508s	0.3012	0.9280	0.9279
10
0085	0.0362	1.0000	0.2677	0.9360	0.0506s	0.2916	0.9280	0.9278
11
0086	0.0355	1.0000	0.2585	0.9380	0.0508s	0.2875	0.9270	0.9269
12
0087	0.0417	1.0000	0.2411	0.9400	0.0506s	0.3083	0.9270	0.9269
13
0088	0.0291	1.0000	0.2599	0.9360	0.0505s	0.3398	0.9230	0.9228
14
0089	0.0522	1.0000	0.2423	0.9400	0.0505s	0.2841	0.9270	0.9269
15
0090	0.0349	1.0000	0.2741	0.9360	0.0505s	0.2936	0.9260	0.9259
16
0091	0.0381	1.0000	0.2495	0.9420	0.0506s	0.2832	0.9280	0.9279
17
0092	0.0298	1.0000	0.2521	0.9360	0.0505s	0.3313	0.9260	0.9258
0
0093	0.0393	1.0000	0.2387	0.9380	0.0507s	0.3305	0.9290	0.9289
1
0094	0.0396	0.9833	0.2340	0.9420	0.0531s	0.2959	0.9280	0.9280
2
0095	0.0357	1.0000	0.2828	0.9380	0.0509s	0.3014	0.9270	0.9267
0
0096	0.0390	1.0000	0.2926	0.9360	0.0506s	0.3120	0.9260	0.9255
1
0097	0.0388	1.0000	0.2299	0.9440	0.0505s	0.3065	0.9290	0.9289
2
0098	0.0376	1.0000	0.2316	0.9400	0.0510s	0.3264	0.9280	0.9280
0
0099	0.0336	1.0000	0.2356	0.9400	0.0508s	0.3104	0.9290	0.9289
1
0100	0.0267	1.0000	0.2506	0.9420	0.0505s	0.2996	0.9280	0.9278
2
0101	0.0304	1.0000	0.2502	0.9380	0.0507s	0.2923	0.9270	0.9268
3
0102	0.0287	1.0000	0.2475	0.9400	0.0505s	0.2918	0.9280	0.9279
4
0103	0.0320	1.0000	0.2470	0.9420	0.0506s	0.3024	0.9280	0.9279
5
0104	0.0287	1.0000	0.2293	0.9420	0.0506s	0.3013	0.9280	0.9279
6
0105	0.0386	1.0000	0.2415	0.9440	0.0506s	0.2988	0.9280	0.9279
7
0106	0.0330	1.0000	0.2717	0.9380	0.0506s	0.3011	0.9280	0.9278
0
0107	0.0339	1.0000	0.2501	0.9400	0.0505s	0.2937	0.9290	0.9288
1
0108	0.0348	1.0000	0.2283	0.9420	0.0507s	0.3116	0.9260	0.9259
2
0109	0.0365	1.0000	0.2374	0.9420	0.0506s	0.3204	0.9280	0.9279
3
0110	0.0320	1.0000	0.2473	0.9440	0.0504s	0.3033	0.9280	0.9279
4
0111	0.0327	1.0000	0.2530	0.9400	0.0523s	0.2935	0.9280	0.9279
0
0112	0.0351	1.0000	0.2414	0.9420	0.0507s	0.2942	0.9290	0.9290
1
0113	0.0324	1.0000	0.2869	0.9320	0.0504s	0.3547	0.9240	0.9237
2
0114	0.0424	1.0000	0.2351	0.9420	0.0505s	0.3127	0.9280	0.9279
3
0115	0.0355	1.0000	0.2647	0.9280	0.0508s	0.3381	0.9080	0.9083
4
0116	0.0432	1.0000	0.3066	0.9300	0.0508s	0.3452	0.9220	0.9214
5
0117	0.0362	0.9833	0.2929	0.9340	0.0506s	0.3434	0.9260	0.9257
6
0118	0.0423	0.9833	0.2417	0.9400	0.0505s	0.3313	0.9170	0.9171
7
0119	0.0415	1.0000	0.2430	0.9400	0.0506s	0.3118	0.9270	0.9269
8
0120	0.0295	1.0000	0.3236	0.9300	0.0509s	0.3612	0.9230	0.9223
9
0121	0.0443	1.0000	0.2556	0.9400	0.0506s	0.3106	0.9270	0.9269
10
0122	0.0370	1.0000	0.2414	0.9360	0.0507s	0.3337	0.9170	0.9171
11
0123	0.0356	1.0000	0.2497	0.9400	0.0504s	0.3392	0.9240	0.9238
12
0124	0.0275	1.0000	0.2875	0.9400	0.0508s	0.3528	0.9260	0.9256
13
0125	0.0270	1.0000	0.2691	0.9380	0.0505s	0.3176	0.9270	0.9267
14
0126	0.0284	1.0000	0.2546	0.9340	0.0506s	0.3099	0.9260	0.9259
15
0127	0.0306	1.0000	0.2465	0.9440	0.0505s	0.3216	0.9260	0.9259
16
0128	0.0248	1.0000	0.2626	0.9380	0.0506s	0.3548	0.9240	0.9237
0
0129	0.0308	1.0000	0.2484	0.9400	0.0504s	0.3281	0.9280	0.9278
1
0130	0.0265	1.0000	0.2533	0.9380	0.0504s	0.3104	0.9280	0.9279
2
0131	0.0353	1.0000	0.2385	0.9440	0.0506s	0.3172	0.9270	0.9269
3
0132	0.0268	1.0000	0.2512	0.9360	0.0512s	0.3558	0.9240	0.9237
0
0133	0.0323	1.0000	0.2244	0.9440	0.0507s	0.3300	0.9250	0.9250
1
0134	0.0391	0.9833	0.2720	0.9420	0.0506s	0.3187	0.9250	0.9247
0
0135	0.0354	1.0000	0.2978	0.9400	0.0506s	0.3383	0.9240	0.9235
1
0136	0.0364	1.0000	0.2282	0.9460	0.0507s	0.3310	0.9250	0.9249
2
0137	0.0284	1.0000	0.2447	0.9380	0.0530s	0.3717	0.9240	0.9239
0
0138	0.0443	0.9833	0.2710	0.9360	0.0507s	0.3458	0.9260	0.9258
1
0139	0.0406	0.9833	0.3144	0.9320	0.0505s	0.3546	0.9090	0.9085
2
0140	0.0616	1.0000	0.2453	0.9420	0.0506s	0.3112	0.9270	0.9269
3
0141	0.0277	1.0000	0.3064	0.9340	0.0506s	0.4063	0.9170	0.9168
4
0142	0.0456	0.9833	0.2621	0.9380	0.0506s	0.3706	0.9230	0.9229
5
0143	0.0313	1.0000	0.2437	0.9460	0.0505s	0.3311	0.9210	0.9210
6
0144	0.0353	1.0000	0.2781	0.9420	0.0506s	0.3265	0.9270	0.9267
0
0145	0.0291	1.0000	0.3274	0.9320	0.0505s	0.3725	0.9190	0.9182
1
0146	0.0340	1.0000	0.2628	0.9380	0.0506s	0.3380	0.9250	0.9248
2
0147	0.0262	1.0000	0.2468	0.9380	0.0505s	0.3606	0.9200	0.9201
3
0148	0.0448	0.9833	0.2647	0.9380	0.0507s	0.3519	0.9270	0.9269
4
0149	0.0241	1.0000	0.3151	0.9380	0.0505s	0.3792	0.9240	0.9236
5
0150	0.0352	1.0000	0.2626	0.9420	0.0507s	0.3319	0.9250	0.9249
6
0151	0.0216	1.0000	0.2572	0.9420	0.0504s	0.3441	0.9190	0.9191
7
0152	0.0321	1.0000	0.2521	0.9440	0.0507s	0.3425	0.9260	0.9260
8
0153	0.0248	1.0000	0.3114	0.9380	0.0507s	0.4011	0.9190	0.9187
9
0154	0.0384	1.0000	0.2485	0.9440	0.0507s	0.3454	0.9240	0.9240
10
0155	0.0280	1.0000	0.2443	0.9440	0.0506s	0.3376	0.9230	0.9230
11
0156	0.0257	1.0000	0.2531	0.9400	0.0510s	0.3330	0.9240	0.9239
12
0157	0.0260	1.0000	0.2808	0.9420	0.0506s	0.3533	0.9250	0.9248
13
0158	0.0333	1.0000	0.2521	0.9400	0.0506s	0.3408	0.9260	0.9259
14
0159	0.0243	1.0000	0.2372	0.9420	0.0506s	0.3436	0.9230	0.9230
15
0160	0.0364	1.0000	0.2553	0.9380	0.0505s	0.3402	0.9270	0.9269
16
0161	0.0269	1.0000	0.2741	0.9400	0.0504s	0.3388	0.9270	0.9269
17
0162	0.0311	1.0000	0.2470	0.9440	0.0507s	0.3198	0.9230	0.9230
18
0163	0.0349	1.0000	0.2361	0.9420	0.0507s	0.3347	0.9260	0.9260
19
0164	0.0332	1.0000	0.2980	0.9360	0.0506s	0.3804	0.9200	0.9198
20
0165	0.0347	1.0000	0.2615	0.9400	0.0523s	0.3321	0.9270	0.9269
21
0166	0.0352	1.0000	0.2424	0.9400	0.0508s	0.3341	0.9200	0.9201
22
0167	0.0393	1.0000	0.2410	0.9420	0.0506s	0.3333	0.9270	0.9269
23
0168	0.0269	0.9833	0.2862	0.9380	0.0508s	0.3623	0.9230	0.9228
24
0169	0.0348	0.9833	0.2500	0.9400	0.0511s	0.3252	0.9280	0.9279
25
0170	0.0266	1.0000	0.2384	0.9440	0.0507s	0.3245	0.9220	0.9220
26
0171	0.0329	1.0000	0.2460	0.9400	0.0520s	0.3265	0.9280	0.9279
27
0172	0.0254	1.0000	0.2636	0.9440	0.0523s	0.3483	0.9260	0.9259
28
0173	0.0241	1.0000	0.2638	0.9440	0.0514s	0.3449	0.9270	0.9269
29
0174	0.0258	1.0000	0.2417	0.9420	0.0512s	0.3220	0.9270	0.9270
30
0175	0.0256	1.0000	0.2528	0.9380	0.0516s	0.3201	0.9280	0.9279
31
0176	0.0253	1.0000	0.2728	0.9420	0.0509s	0.3486	0.9260	0.9259
32
0177	0.0276	1.0000	0.2469	0.9460	0.0510s	0.3453	0.9270	0.9269
33
0178	0.0239	1.0000	0.2374	0.9420	0.0546s	0.3248	0.9280	0.9279
0
0179	0.0262	1.0000	0.2699	0.9440	0.0508s	0.3219	0.9270	0.9269
1
0180	0.0268	1.0000	0.2572	0.9440	0.0506s	0.3239	0.9270	0.9269
2
0181	0.0328	1.0000	0.2387	0.9380	0.0500s	0.3381	0.9230	0.9230
3
0182	0.0446	1.0000	0.2884	0.9400	0.0506s	0.3481	0.9240	0.9237
4
0183	0.0288	1.0000	0.3301	0.9320	0.0505s	0.3758	0.9200	0.9193
5
0184	0.0472	0.9833	0.2677	0.9360	0.0506s	0.3455	0.9140	0.9142
6
0185	0.0441	0.9833	0.2394	0.9420	0.0504s	0.3149	0.9250	0.9250
7
0186	0.0364	1.0000	0.3723	0.9240	0.0506s	0.4421	0.9130	0.9124
8
0187	0.0406	1.0000	0.3586	0.9260	0.0505s	0.4361	0.9130	0.9125
9
0188	0.0492	0.9833	0.2697	0.9340	0.0505s	0.3635	0.9130	0.9132
10
0189	0.0461	1.0000	0.2976	0.9300	0.0506s	0.3819	0.9050	0.9050
11
0190	0.0400	1.0000	0.2792	0.9440	0.0507s	0.3466	0.9250	0.9248
12
0191	0.0238	1.0000	0.3711	0.9240	0.0516s	0.4583	0.9130	0.9124
13
0192	0.0372	1.0000	0.2748	0.9460	0.0507s	0.3965	0.9230	0.9228
14
0193	0.0339	1.0000	0.2590	0.9340	0.0505s	0.3614	0.9170	0.9171
0
0194	0.0302	1.0000	0.2896	0.9300	0.0506s	0.3773	0.9060	0.9059
1
0195	0.0457	1.0000	0.2747	0.9440	0.0506s	0.3524	0.9270	0.9269
2
0196	0.0258	1.0000	0.3169	0.9400	0.0505s	0.4141	0.9220	0.9217
3
0197	0.0307	1.0000	0.3080	0.9380	0.0507s	0.4279	0.9220	0.9217
4
0198	0.0309	1.0000	0.2574	0.9460	0.0507s	0.3644	0.9270	0.9269
5
0199	0.0235	1.0000	0.2597	0.9380	0.0505s	0.3450	0.9240	0.9240
0
0200	0.0257	1.0000	0.2629	0.9420	0.0505s	0.3457	0.9210	0.9209
1
0201	0.0309	1.0000	0.2507	0.9420	0.0508s	0.3446	0.9250	0.9249
2
0202	0.0242	1.0000	0.2531	0.9460	0.0506s	0.3662	0.9290	0.9289
3
0203	0.0244	1.0000	0.2610	0.9460	0.0507s	0.3737	0.9300	0.9298
0
0204	0.0247	1.0000	0.2641	0.9440	0.0506s	0.3529	0.9300	0.9298
0
0205	0.0272	1.0000	0.2732	0.9440	0.0508s	0.3448	0.9310	0.9308
1
0206	0.0308	1.0000	0.2453	0.9440	0.0507s	0.3358	0.9290	0.9290
2
0207	0.0215	1.0000	0.2411	0.9460	0.0506s	0.3440	0.9310	0.9309
3
0208	0.0262	1.0000	0.2602	0.9440	0.0507s	0.3372	0.9310	0.9309
0
0209	0.0236	1.0000	0.2798	0.9460	0.0507s	0.3478	0.9270	0.9268
1
0210	0.0284	1.0000	0.2374	0.9460	0.0507s	0.3267	0.9300	0.9299
0
0211	0.0222	1.0000	0.2305	0.9480	0.0506s	0.3345	0.9310	0.9309
0
0212	0.0315	1.0000	0.2766	0.9460	0.0505s	0.3508	0.9250	0.9247
0
0213	0.0331	1.0000	0.2542	0.9460	0.0505s	0.3171	0.9300	0.9298
1
0214	0.0259	1.0000	0.2311	0.9460	0.0504s	0.3169	0.9260	0.9260
2
0215	0.0309	1.0000	0.2573	0.9460	0.0506s	0.3498	0.9280	0.9279
3
0216	0.0294	1.0000	0.2592	0.9480	0.0505s	0.3418	0.9260	0.9258
4
0217	0.0237	1.0000	0.2397	0.9440	0.0505s	0.3117	0.9270	0.9270
0
0218	0.0270	1.0000	0.2415	0.9440	0.0507s	0.3141	0.9280	0.9280
1
0219	0.0279	1.0000	0.2683	0.9460	0.0505s	0.3664	0.9250	0.9248
2
0220	0.0233	1.0000	0.2469	0.9480	0.0505s	0.3535	0.9270	0.9269
3
0221	0.0246	1.0000	0.2332	0.9420	0.0506s	0.3205	0.9280	0.9280
0
0222	0.0319	1.0000	0.2668	0.9460	0.0504s	0.3293	0.9280	0.9278
1
0223	0.0295	1.0000	0.2477	0.9480	0.0504s	0.3381	0.9280	0.9279
2
0224	0.0257	1.0000	0.2295	0.9440	0.0505s	0.3404	0.9260	0.9260
0
0225	0.0448	1.0000	0.3121	0.9440	0.0504s	0.3547	0.9210	0.9201
1
0226	0.0429	1.0000	0.2517	0.9440	0.0508s	0.3320	0.9250	0.9248
2
0227	0.0263	1.0000	0.2355	0.9420	0.0506s	0.3627	0.9220	0.9220
3
0228	0.0285	1.0000	0.2374	0.9400	0.0508s	0.3658	0.9220	0.9220
4
0229	0.0292	1.0000	0.2510	0.9480	0.0506s	0.3448	0.9250	0.9248
5
0230	0.0260	1.0000	0.2716	0.9420	0.0505s	0.3272	0.9240	0.9236
0
0231	0.0294	1.0000	0.2495	0.9440	0.0506s	0.3151	0.9260	0.9258
1
0232	0.0280	1.0000	0.2325	0.9440	0.0505s	0.3322	0.9240	0.9239
2
0233	0.0264	1.0000	0.2272	0.9480	0.0505s	0.3385	0.9250	0.9249
3
0234	0.0277	0.9833	0.2342	0.9440	0.0504s	0.3170	0.9260	0.9259
0
0235	0.0243	1.0000	0.2728	0.9440	0.0506s	0.3394	0.9260	0.9257
1
0236	0.0279	1.0000	0.2566	0.9400	0.0506s	0.3210	0.9280	0.9278
2
0237	0.0270	1.0000	0.2316	0.9480	0.0505s	0.3134	0.9250	0.9249
3
0238	0.0221	1.0000	0.2312	0.9460	0.0505s	0.3325	0.9270	0.9269
0
0239	0.0215	1.0000	0.2502	0.9520	0.0506s	0.3525	0.9260	0.9258
1
0240	0.0281	1.0000	0.2358	0.9480	0.0506s	0.3137	0.9250	0.9248
0
0241	0.0266	1.0000	0.2490	0.9420	0.0505s	0.3211	0.9270	0.9268
1
0242	0.0238	1.0000	0.2512	0.9420	0.0505s	0.3354	0.9260	0.9258
2
0243	0.0243	1.0000	0.2311	0.9460	0.0507s	0.3258	0.9280	0.9279
3
0244	0.0274	1.0000	0.2363	0.9460	0.0516s	0.3346	0.9240	0.9238
4
0245	0.0256	1.0000	0.2416	0.9460	0.0505s	0.3284	0.9250	0.9248
5
0246	0.0235	1.0000	0.2496	0.9440	0.0509s	0.3292	0.9240	0.9238
6
0247	0.0267	1.0000	0.2334	0.9480	0.0507s	0.3178	0.9250	0.9248
7
0248	0.0259	1.0000	0.2364	0.9460	0.0507s	0.3398	0.9230	0.9228
8
0249	0.0250	1.0000	0.2450	0.9440	0.0505s	0.3321	0.9240	0.9238
9
0250	0.0248	1.0000	0.2456	0.9460	0.0507s	0.3167	0.9240	0.9238
10
0251	0.0301	1.0000	0.2403	0.9460	0.0508s	0.3339	0.9230	0.9228
11
0252	0.0266	1.0000	0.2462	0.9480	0.0522s	0.3581	0.9230	0.9228
12
0253	0.0284	1.0000	0.2345	0.9460	0.0519s	0.3290	0.9260	0.9259
13
0254	0.0297	1.0000	0.2715	0.9400	0.0846s	0.3490	0.9260	0.9258
14
0255	0.0299	1.0000	0.2551	0.9480	0.0658s	0.3558	0.9220	0.9218
15
0256	0.0221	1.0000	0.2337	0.9440	0.0599s	0.3386	0.9270	0.9269
16
0257	0.0313	1.0000	0.2625	0.9420	0.0601s	0.3302	0.9230	0.9228
17
0258	0.0293	1.0000	0.2624	0.9440	0.0598s	0.3530	0.9220	0.9218
18
0259	0.0223	1.0000	0.2423	0.9440	0.0602s	0.3520	0.9240	0.9239
19
0260	0.0241	1.0000	0.2381	0.9460	0.0601s	0.3296	0.9260	0.9259
20
0261	0.0220	1.0000	0.2577	0.9440	0.0598s	0.3440	0.9230	0.9228
21
0262	0.0256	1.0000	0.2449	0.9460	0.0600s	0.3451	0.9240	0.9239
22
0263	0.0221	1.0000	0.2357	0.9440	0.0599s	0.3388	0.9260	0.9259
23
0264	0.0305	1.0000	0.2707	0.9420	0.0599s	0.3564	0.9230	0.9228
24
0265	0.0266	1.0000	0.2622	0.9420	0.0593s	0.3352	0.9240	0.9238
25
0266	0.0238	1.0000	0.2385	0.9500	0.0612s	0.3254	0.9240	0.9240
26
0267	0.0242	1.0000	0.2505	0.9460	0.0595s	0.3592	0.9230	0.9229
27
0268	0.0327	1.0000	0.2715	0.9400	0.0553s	0.3358	0.9240	0.9237
28
0269	0.0231	1.0000	0.2576	0.9440	0.0517s	0.3185	0.9240	0.9238
29
0270	0.0264	1.0000	0.2394	0.9440	0.0511s	0.3500	0.9260	0.9259
30
0271	0.0281	1.0000	0.2900	0.9400	0.0506s	0.4109	0.9220	0.9218
31
0272	0.0448	0.9833	0.2530	0.9480	0.0507s	0.3227	0.9230	0.9230
32
0273	0.0317	1.0000	0.2602	0.9460	0.0505s	0.3221	0.9220	0.9219
33
0274	0.0260	1.0000	0.2752	0.9440	0.0504s	0.3752	0.9240	0.9239
34
0275	0.0290	1.0000	0.2508	0.9460	0.0504s	0.3606	0.9240	0.9239
35
0276	0.0196	1.0000	0.2558	0.9460	0.0505s	0.3508	0.9210	0.9211
36
0277	0.0323	1.0000	0.2682	0.9440	0.0504s	0.3427	0.9240	0.9238
37
0278	0.0246	1.0000	0.3185	0.9360	0.0504s	0.3917	0.9260	0.9256
38
0279	0.0402	1.0000	0.2486	0.9500	0.0558s	0.3470	0.9240	0.9240
39
0280	0.0301	1.0000	0.2462	0.9480	0.0563s	0.3537	0.9240	0.9240
40
0281	0.0293	1.0000	0.3248	0.9340	0.0516s	0.4092	0.9230	0.9227
41
0282	0.0326	1.0000	0.2732	0.9420	0.0505s	0.3539	0.9240	0.9238
42
0283	0.0243	1.0000	0.2532	0.9480	0.0508s	0.3502	0.9230	0.9230
43
0284	0.0297	1.0000	0.2467	0.9480	0.0505s	0.3507	0.9240	0.9240
44
0285	0.0244	1.0000	0.2896	0.9460	0.0505s	0.3808	0.9260	0.9257
45
0286	0.0229	1.0000	0.3005	0.9420	0.0504s	0.3883	0.9260	0.9256
46
0287	0.0340	0.9833	0.2627	0.9440	0.0504s	0.3554	0.9180	0.9181
47
0288	0.0372	1.0000	0.2482	0.9480	0.0505s	0.3539	0.9260	0.9260
48
0289	0.0226	1.0000	0.3124	0.9380	0.0504s	0.4048	0.9250	0.9247
49
0290	0.0302	1.0000	0.2671	0.9440	0.0508s	0.3640	0.9280	0.9279
50
0291	0.0226	1.0000	0.2550	0.9460	0.0504s	0.3596	0.9210	0.9211
51
0292	0.0272	1.0000	0.2496	0.9460	0.0514s	0.3610	0.9260	0.9260
52
0293	0.0274	1.0000	0.3179	0.9340	0.0506s	0.4134	0.9230	0.9227
53
0294	0.0276	1.0000	0.3216	0.9340	0.0506s	0.4040	0.9230	0.9225
54
0295	0.0261	1.0000	0.2533	0.9460	0.0504s	0.3554	0.9280	0.9280
55
0296	0.0224	1.0000	0.2547	0.9440	0.0506s	0.3719	0.9210	0.9211
56
0297	0.0501	0.9833	0.3767	0.9300	0.0505s	0.4565	0.9160	0.9151
57
0298	0.0352	1.0000	0.4310	0.9120	0.0504s	0.5016	0.9100	0.9087
58
0299	0.0518	0.9833	0.2576	0.9400	0.0504s	0.3584	0.9200	0.9201
59
0300	0.0363	1.0000	0.2989	0.9360	0.0506s	0.4183	0.9050	0.9054
60
0301	0.0521	0.9833	0.3286	0.9380	0.0506s	0.4053	0.9240	0.9234
61
0302	0.0296	1.0000	0.4856	0.9100	0.0504s	0.5626	0.9020	0.9003
62
0303	0.0439	1.0000	0.3286	0.9380	0.0503s	0.4149	0.9210	0.9204
63
0304	0.0298	0.9833	0.2658	0.9400	0.0506s	0.3745	0.9170	0.9172
64
0305	0.0349	1.0000	0.2832	0.9400	0.0505s	0.4061	0.9110	0.9113
65
0306	0.0485	1.0000	0.2719	0.9440	0.0506s	0.3747	0.9280	0.9279
66
0307	0.0184	1.0000	0.3889	0.9280	0.0504s	0.4663	0.9210	0.9202
67
0308	0.0440	0.9667	0.3140	0.9380	0.0506s	0.3933	0.9290	0.9285
68
0309	0.0245	1.0000	0.2554	0.9500	0.0505s	0.3576	0.9280	0.9280
69
0310	0.0235	1.0000	0.2526	0.9420	0.0506s	0.3684	0.9180	0.9181
70
0311	0.0261	1.0000	0.2470	0.9480	0.0503s	0.3605	0.9250	0.9250
71
0312	0.0242	1.0000	0.2652	0.9480	0.0510s	0.3611	0.9310	0.9309
72
0313	0.0272	1.0000	0.3143	0.9420	0.0506s	0.3838	0.9270	0.9263
73
0314	0.0230	1.0000	0.3199	0.9400	0.0505s	0.3977	0.9260	0.9254
74
0315	0.0219	1.0000	0.2879	0.9440	0.0506s	0.3962	0.9280	0.9278
75
0316	0.0202	1.0000	0.2602	0.9520	0.0506s	0.3826	0.9260	0.9258
76
0317	0.0267	1.0000	0.2425	0.9520	0.0507s	0.3477	0.9270	0.9270
0
0318	0.0264	1.0000	0.2523	0.9500	0.0512s	0.3431	0.9240	0.9241
0
0319	0.0266	1.0000	0.2485	0.9500	0.0507s	0.3401	0.9270	0.9270
1
0320	0.0238	1.0000	0.2603	0.9500	0.0505s	0.3598	0.9330	0.9329
2
0321	0.0221	0.9833	0.2721	0.9500	0.0504s	0.3735	0.9310	0.9308
3
0322	0.0279	1.0000	0.2477	0.9540	0.0505s	0.3458	0.9290	0.9289
4
0323	0.0205	1.0000	0.2339	0.9500	0.0505s	0.3361	0.9260	0.9260
0
0324	0.0233	1.0000	0.2446	0.9520	0.0508s	0.3343	0.9260	0.9260
1
0325	0.0233	1.0000	0.2553	0.9520	0.0507s	0.3457	0.9310	0.9309
2
0326	0.0219	1.0000	0.2425	0.9520	0.0505s	0.3471	0.9310	0.9309
3
0327	0.0319	1.0000	0.2403	0.9500	0.0506s	0.3320	0.9290	0.9289
4
0328	0.0261	1.0000	0.2531	0.9500	0.0505s	0.3244	0.9270	0.9270
5
0329	0.0259	1.0000	0.2402	0.9520	0.0507s	0.3375	0.9290	0.9289
6
0330	0.0243	1.0000	0.2373	0.9520	0.0505s	0.3445	0.9290	0.9289
7
0331	0.0289	1.0000	0.2464	0.9500	0.0506s	0.3278	0.9290	0.9289
8
0332	0.0240	1.0000	0.2552	0.9480	0.0504s	0.3318	0.9290	0.9289
9
0333	0.0244	1.0000	0.2382	0.9500	0.0504s	0.3483	0.9280	0.9279
10
0334	0.0267	1.0000	0.2409	0.9500	0.0506s	0.3305	0.9280	0.9279
11
0335	0.0247	1.0000	0.2501	0.9520	0.0505s	0.3224	0.9280	0.9279
12
0336	0.0249	1.0000	0.2454	0.9500	0.0505s	0.3306	0.9280	0.9279
13
0337	0.0257	1.0000	0.2262	0.9540	0.0507s	0.3294	0.9300	0.9300
14
0338	0.0265	1.0000	0.2396	0.9500	0.0504s	0.3422	0.9270	0.9269
0
0339	0.0240	1.0000	0.2653	0.9460	0.0504s	0.3540	0.9280	0.9279
1
0340	0.0229	1.0000	0.2368	0.9520	0.0508s	0.3281	0.9290	0.9289
2
0341	0.0235	1.0000	0.2330	0.9520	0.0506s	0.3316	0.9290	0.9289
3
0342	0.0194	1.0000	0.2470	0.9480	0.0508s	0.3493	0.9270	0.9269
4
0343	0.0227	1.0000	0.2385	0.9520	0.0505s	0.3353	0.9280	0.9279
5
0344	0.0216	1.0000	0.2356	0.9520	0.0520s	0.3276	0.9300	0.9300
6
0345	0.0227	1.0000	0.2463	0.9480	0.0505s	0.3653	0.9270	0.9269
7
0346	0.0215	1.0000	0.2350	0.9500	0.0506s	0.3493	0.9280	0.9279
8
0347	0.0194	1.0000	0.2470	0.9520	0.0505s	0.3281	0.9290	0.9290
9
0348	0.0315	1.0000	0.2254	0.9520	0.0505s	0.3567	0.9270	0.9269
10
0349	0.0254	1.0000	0.2551	0.9480	0.0506s	0.3789	0.9280	0.9279
11
0350	0.0269	1.0000	0.2416	0.9520	0.0507s	0.3295	0.9280	0.9279
12
0351	0.0209	1.0000	0.2453	0.9520	0.0504s	0.3319	0.9270	0.9269
13
0352	0.0254	0.9833	0.2833	0.9460	0.0505s	0.3847	0.9250	0.9248
14
0353	0.0289	1.0000	0.2454	0.9480	0.0507s	0.3633	0.9280	0.9279
15
0354	0.0306	1.0000	0.2329	0.9480	0.0504s	0.3401	0.9270	0.9269
16
0355	0.0271	1.0000	0.2842	0.9480	0.0506s	0.3716	0.9270	0.9269
17
0356	0.0246	1.0000	0.2741	0.9480	0.0506s	0.3793	0.9250	0.9249
18
0357	0.0207	1.0000	0.2331	0.9480	0.0505s	0.3490	0.9270	0.9269
19
0358	0.0241	1.0000	0.2524	0.9500	0.0504s	0.3413	0.9280	0.9279
20
0359	0.0263	1.0000	0.2655	0.9520	0.0508s	0.3707	0.9270	0.9269
21
0360	0.0191	1.0000	0.2561	0.9520	0.0504s	0.3736	0.9270	0.9269
22
0361	0.0283	1.0000	0.2427	0.9480	0.0504s	0.3370	0.9260	0.9260
23
0362	0.0289	1.0000	0.2427	0.9520	0.0507s	0.3481	0.9280	0.9279
24
0363	0.0224	1.0000	0.2959	0.9440	0.0506s	0.4135	0.9230	0.9228
25
0364	0.0358	0.9833	0.2263	0.9480	0.0505s	0.3445	0.9290	0.9289
26
0365	0.0298	1.0000	0.2267	0.9500	0.0524s	0.3487	0.9280	0.9279
27
0366	0.0223	1.0000	0.2643	0.9500	0.0603s	0.3685	0.9260	0.9259
28
0367	0.0186	1.0000	0.2662	0.9500	0.0597s	0.3766	0.9280	0.9279
29
0368	0.0232	1.0000	0.2270	0.9520	0.0598s	0.3479	0.9290	0.9289
30
0369	0.0265	1.0000	0.2275	0.9520	0.0626s	0.3466	0.9290	0.9289
31
0370	0.0311	1.0000	0.3176	0.9480	0.0601s	0.3938	0.9240	0.9233
32
0371	0.0345	1.0000	0.2500	0.9520	0.0597s	0.3762	0.9260	0.9259
33
0372	0.0259	1.0000	0.2293	0.9480	0.0599s	0.3687	0.9270	0.9269
34
0373	0.0363	1.0000	0.2755	0.9500	0.0598s	0.3715	0.9250	0.9248
35
0374	0.0234	1.0000	0.3115	0.9480	0.0597s	0.3912	0.9260	0.9256
36
0375	0.0266	1.0000	0.2440	0.9520	0.0597s	0.3496	0.9280	0.9279
37
0376	0.0272	1.0000	0.2455	0.9520	0.0598s	0.3819	0.9260	0.9259
38
0377	0.0232	1.0000	0.2674	0.9500	0.0598s	0.3701	0.9250	0.9249
39
0378	0.0252	1.0000	0.2864	0.9480	0.0601s	0.3570	0.9270	0.9267
40
0379	0.0206	1.0000	0.2735	0.9500	0.0596s	0.3548	0.9250	0.9248
41
0380	0.0212	1.0000	0.2452	0.9480	0.0601s	0.3620	0.9270	0.9269
42
0381	0.0347	1.0000	0.2544	0.9520	0.0595s	0.3386	0.9280	0.9279
43
0382	0.0203	1.0000	0.2866	0.9480	0.0598s	0.3609	0.9260	0.9257
44
0383	0.0236	1.0000	0.2572	0.9480	0.0598s	0.3487	0.9260	0.9259
45
0384	0.0211	1.0000	0.2333	0.9500	0.0577s	0.3434	0.9270	0.9269
46
0385	0.0207	1.0000	0.2483	0.9500	0.0526s	0.3571	0.9260	0.9259
47
0386	0.0205	1.0000	0.2640	0.9500	0.0512s	0.3526	0.9240	0.9238
48
0387	0.0225	1.0000	0.2624	0.9480	0.0509s	0.3468	0.9260	0.9258
49
0388	0.0275	1.0000	0.2300	0.9480	0.0508s	0.3374	0.9260	0.9259
50
0389	0.0336	0.9833	0.2540	0.9520	0.0510s	0.3652	0.9240	0.9238
51
0390	0.0223	1.0000	0.2484	0.9500	0.0506s	0.3463	0.9260	0.9259
52
0391	0.0232	1.0000	0.2290	0.9480	0.0528s	0.3326	0.9270	0.9269
53
0392	0.0257	1.0000	0.2640	0.9500	0.0508s	0.3772	0.9250	0.9248
54
0393	0.0284	1.0000	0.2416	0.9500	0.0513s	0.3390	0.9260	0.9259
55
0394	0.0261	0.9833	0.2413	0.9500	0.0507s	0.3472	0.9260	0.9259
56
0395	0.0250	1.0000	0.2558	0.9500	0.0513s	0.3775	0.9250	0.9248
57
0396	0.0217	1.0000	0.2457	0.9500	0.0515s	0.3548	0.9260	0.9259
58
0397	0.0247	1.0000	0.2444	0.9500	0.0517s	0.3393	0.9260	0.9259
59
0398	0.0242	1.0000	0.2579	0.9500	0.0510s	0.3724	0.9270	0.9268
60
0399	0.0219	1.0000	0.2386	0.9500	0.0510s	0.3539	0.9260	0.9259
61
0400	0.0232	1.0000	0.2516	0.9480	0.0507s	0.3466	0.9260	0.9259
62
0401	0.0197	1.0000	0.2628	0.9480	0.0507s	0.3663	0.9270	0.9268
63
0402	0.0260	1.0000	0.2315	0.9480	0.0508s	0.3548	0.9270	0.9269
64
0403	0.0275	1.0000	0.2874	0.9480	0.0504s	0.3870	0.9240	0.9238
65
0404	0.0279	1.0000	0.2554	0.9480	0.0507s	0.3344	0.9270	0.9269
66
0405	0.0235	1.0000	0.2400	0.9480	0.0505s	0.3466	0.9260	0.9259
67
0406	0.0236	1.0000	0.3111	0.9480	0.0505s	0.4126	0.9220	0.9217
68
0407	0.0326	1.0000	0.2768	0.9480	0.0506s	0.3635	0.9270	0.9268
69
0408	0.0236	1.0000	0.2556	0.9420	0.0508s	0.3486	0.9200	0.9201
70
0409	0.0315	1.0000	0.2800	0.9480	0.0505s	0.3772	0.9260	0.9258
71
0410	0.0297	1.0000	0.3011	0.9500	0.0506s	0.3928	0.9240	0.9238
72
0411	0.0286	1.0000	0.2675	0.9480	0.0504s	0.3450	0.9280	0.9279
73
0412	0.0296	1.0000	0.2572	0.9480	0.0505s	0.3605	0.9250	0.9249
74
0413	0.0249	1.0000	0.2986	0.9480	0.0506s	0.4269	0.9230	0.9228
75
0414	0.0285	1.0000	0.2915	0.9480	0.0505s	0.3781	0.9260	0.9258
76
0415	0.0238	1.0000	0.2649	0.9460	0.0504s	0.3637	0.9230	0.9230
77
0416	0.0350	0.9833	0.2835	0.9480	0.0506s	0.3847	0.9240	0.9238
78
0417	0.0206	1.0000	0.3343	0.9460	0.0506s	0.4607	0.9200	0.9197
79
0418	0.0369	0.9833	0.2513	0.9460	0.0504s	0.3704	0.9270	0.9270
80
0419	0.0291	1.0000	0.2700	0.9460	0.0507s	0.3635	0.9250	0.9249
81
0420	0.0274	1.0000	0.3044	0.9480	0.0505s	0.4074	0.9230	0.9228
82
0421	0.0248	1.0000	0.2738	0.9480	0.0505s	0.4099	0.9230	0.9229
83
0422	0.0268	0.9833	0.2547	0.9460	0.0506s	0.3692	0.9260	0.9260
84
0423	0.0229	1.0000	0.2779	0.9440	0.0507s	0.3724	0.9230	0.9229
85
0424	0.0225	1.0000	0.3005	0.9460	0.0506s	0.4202	0.9210	0.9208
86
0425	0.0251	1.0000	0.2652	0.9480	0.0504s	0.4061	0.9240	0.9239
87
0426	0.0216	1.0000	0.2565	0.9480	0.0506s	0.3754	0.9250	0.9249
88
0427	0.0277	1.0000	0.2959	0.9460	0.0506s	0.3859	0.9240	0.9238
89
0428	0.0254	1.0000	0.2803	0.9480	0.0504s	0.3986	0.9240	0.9238
90
0429	0.0210	1.0000	0.2500	0.9460	0.0505s	0.3947	0.9260	0.9259
91
0430	0.0340	1.0000	0.2888	0.9460	0.0510s	0.3726	0.9250	0.9249
92
0431	0.0275	1.0000	0.2998	0.9460	0.0516s	0.3935	0.9230	0.9228
93
0432	0.0234	1.0000	0.2474	0.9500	0.0511s	0.3839	0.9260	0.9259
94
0433	0.0231	1.0000	0.2366	0.9440	0.0506s	0.3678	0.9220	0.9219
95
0434	0.0263	1.0000	0.3080	0.9460	0.0507s	0.3874	0.9200	0.9196
96
0435	0.0272	1.0000	0.2773	0.9460	0.0507s	0.3721	0.9240	0.9238
97
0436	0.0236	1.0000	0.2348	0.9480	0.0530s	0.3681	0.9240	0.9239
98
0437	0.0304	1.0000	0.2780	0.9460	0.0505s	0.3931	0.9240	0.9238
99
0438	0.0185	1.0000	0.2867	0.9460	0.0511s	0.3859	0.9240	0.9238
100
0439	0.0266	0.9833	0.2440	0.9520	0.0504s	0.3570	0.9240	0.9239
101
0440	0.0280	1.0000	0.2702	0.9480	0.0506s	0.4050	0.9240	0.9238
102
0441	0.0226	1.0000	0.3050	0.9460	0.0522s	0.4263	0.9220	0.9218
103
0442	0.0281	1.0000	0.2623	0.9460	0.0521s	0.3679	0.9160	0.9160
104
0443	0.0431	0.9833	0.2773	0.9480	0.0518s	0.4077	0.9240	0.9238
105
0444	0.0175	1.0000	0.3516	0.9420	0.0517s	0.4983	0.9170	0.9166
106
0445	0.0447	1.0000	0.2862	0.9380	0.0532s	0.3904	0.9140	0.9141
107
0446	0.0355	1.0000	0.3054	0.9360	0.0518s	0.4046	0.9150	0.9150
108
0447	0.0355	1.0000	0.3116	0.9420	0.0506s	0.4495	0.9200	0.9198
109
0448	0.0318	1.0000	0.3332	0.9420	0.0506s	0.4782	0.9190	0.9187
110
0449	0.0422	1.0000	0.3470	0.9300	0.0509s	0.4670	0.8990	0.8991
111
0450	0.0472	1.0000	0.3604	0.9300	0.0509s	0.4618	0.9000	0.8998
112
0451	0.0559	1.0000	0.3328	0.9440	0.0507s	0.4735	0.9210	0.9208
113
0452	0.0282	1.0000	0.4868	0.9020	0.0505s	0.6569	0.8940	0.8940
114
0453	0.0827	0.9667	0.3405	0.9320	0.0506s	0.4268	0.9130	0.9128
115
0454	0.0375	1.0000	0.6545	0.8460	0.0508s	0.8536	0.8140	0.8048
116
0455	0.0950	0.9667	0.3455	0.9320	0.0506s	0.4719	0.9040	0.9039
117
0456	0.0426	0.9667	0.3778	0.9420	0.0506s	0.4998	0.9170	0.9163
118
0457	0.0286	1.0000	0.6641	0.8880	0.0507s	0.8012	0.8750	0.8727
119
0458	0.1046	0.9833	0.3464	0.9340	0.0506s	0.5216	0.9150	0.9148
120
0459	0.0360	1.0000	0.3017	0.9360	0.0505s	0.4272	0.9150	0.9150
121
0460	0.0278	1.0000	0.3931	0.9240	0.0506s	0.5125	0.9000	0.8994
122
0461	0.0480	1.0000	0.4506	0.9160	0.0506s	0.5675	0.8930	0.8918
123
0462	0.0470	0.9833	0.3827	0.9280	0.0506s	0.4838	0.9040	0.9035
124
0463	0.0375	1.0000	0.3146	0.9380	0.0505s	0.4152	0.9190	0.9189
125
0464	0.0285	1.0000	0.3139	0.9400	0.0505s	0.4451	0.9230	0.9229
126
0465	0.0290	1.0000	0.4002	0.9340	0.0511s	0.5383	0.9120	0.9115
127
0466	0.0259	1.0000	0.5122	0.9160	0.0507s	0.6367	0.9000	0.8990
128
0467	0.0344	1.0000	0.4925	0.9220	0.0504s	0.6147	0.9020	0.9012
129
0468	0.0321	1.0000	0.4047	0.9340	0.0504s	0.5195	0.9130	0.9124
130
0469	0.0247	1.0000	0.3324	0.9400	0.0507s	0.4404	0.9190	0.9185
131
0470	0.0257	1.0000	0.3098	0.9340	0.0507s	0.4079	0.9230	0.9230
132
0471	0.0248	1.0000	0.3389	0.9340	0.0508s	0.4333	0.9180	0.9180
133
0472	0.0311	1.0000	0.3529	0.9360	0.0506s	0.4390	0.9150	0.9149
134
0473	0.0310	1.0000	0.3445	0.9360	0.0506s	0.4203	0.9150	0.9147
135
0474	0.0298	1.0000	0.3281	0.9300	0.0506s	0.4086	0.9200	0.9196
136
0475	0.0268	1.0000	0.3169	0.9400	0.0507s	0.4191	0.9280	0.9278
137
0476	0.0210	1.0000	0.3293	0.9420	0.0505s	0.4563	0.9200	0.9198
138
0477	0.0269	1.0000	0.3535	0.9320	0.0506s	0.4814	0.9180	0.9177
139
0478	0.0263	1.0000	0.3737	0.9340	0.0504s	0.4768	0.9160	0.9152
140
0479	0.0423	0.9500	0.3036	0.9340	0.0505s	0.3912	0.9270	0.9269
141
0480	0.0289	1.0000	0.3545	0.9360	0.0506s	0.4373	0.9130	0.9129
142
0481	0.0371	1.0000	0.3484	0.9300	0.0525s	0.4032	0.9160	0.9157
143
0482	0.0334	1.0000	0.3099	0.9400	0.0506s	0.3905	0.9270	0.9268
144
0483	0.0302	0.9833	0.3001	0.9400	0.0506s	0.4398	0.9220	0.9218
145
0484	0.0288	1.0000	0.3305	0.9360	0.0508s	0.4815	0.9160	0.9160
146
0485	0.0271	1.0000	0.3433	0.9360	0.0510s	0.4673	0.9200	0.9197
147
0486	0.0275	1.0000	0.3231	0.9380	0.0505s	0.4128	0.9240	0.9237
148
0487	0.0278	1.0000	0.2959	0.9400	0.0507s	0.3741	0.9290	0.9289
149
0488	0.0259	1.0000	0.2924	0.9420	0.0510s	0.3764	0.9200	0.9200
150
0489	0.0301	1.0000	0.2837	0.9400	0.0506s	0.3687	0.9300	0.9299
151
0490	0.0227	1.0000	0.2990	0.9460	0.0506s	0.3882	0.9260	0.9258
152
0491	0.0207	1.0000	0.3232	0.9400	0.0504s	0.4301	0.9240	0.9237
153
0492	0.0323	0.9833	0.2994	0.9400	0.0510s	0.4094	0.9230	0.9227
154
0493	0.0227	1.0000	0.2663	0.9460	0.0509s	0.3739	0.9260	0.9259
155
0494	0.0225	1.0000	0.2683	0.9400	0.0507s	0.3647	0.9280	0.9279
156
0495	0.0234	1.0000	0.2778	0.9460	0.0506s	0.3683	0.9270	0.9268
157
0496	0.0225	1.0000	0.2691	0.9440	0.0509s	0.3813	0.9250	0.9248
158
0497	0.0282	1.0000	0.2721	0.9420	0.0507s	0.4024	0.9220	0.9218
159
0498	0.0257	1.0000	0.2820	0.9420	0.0505s	0.3969	0.9230	0.9228
160
0499	0.0248	1.0000	0.2664	0.9460	0.0505s	0.3599	0.9290	0.9289
161
0500	0.0296	1.0000	0.2513	0.9440	0.0507s	0.3561	0.9250	0.9249
162
0501	0.0272	1.0000	0.2611	0.9440	0.0505s	0.3523	0.9280	0.9279
163
0502	0.0244	1.0000	0.2891	0.9440	0.0506s	0.3876	0.9250	0.9248
164
0503	0.0264	1.0000	0.2768	0.9440	0.0505s	0.3920	0.9240	0.9238
165
0504	0.0275	1.0000	0.2460	0.9440	0.0505s	0.3514	0.9270	0.9269
166
0505	0.0305	1.0000	0.2707	0.9440	0.0505s	0.3421	0.9300	0.9299
167
0506	0.0274	1.0000	0.2731	0.9460	0.0506s	0.3594	0.9300	0.9299
168
0507	0.0184	1.0000	0.2704	0.9440	0.0505s	0.3834	0.9240	0.9238
169
0508	0.0334	1.0000	0.2675	0.9460	0.0507s	0.3500	0.9300	0.9299
170
0509	0.0281	0.9833	0.2664	0.9460	0.0506s	0.3494	0.9290	0.9289
171
0510	0.0255	1.0000	0.2743	0.9460	0.0506s	0.3671	0.9300	0.9299
172
0511	0.0182	1.0000	0.2777	0.9440	0.0505s	0.3875	0.9240	0.9238
173
0512	0.0206	1.0000	0.2693	0.9460	0.0507s	0.3691	0.9300	0.9299
174
0513	0.0213	1.0000	0.2799	0.9460	0.0507s	0.3554	0.9270	0.9268
175
0514	0.0237	1.0000	0.2876	0.9460	0.0506s	0.3616	0.9270	0.9268
176
0515	0.0221	1.0000	0.2736	0.9460	0.0506s	0.3772	0.9270	0.9268
177
0516	0.0230	1.0000	0.2548	0.9460	0.0505s	0.3669	0.9290	0.9289
178
0517	0.0265	1.0000	0.3026	0.9440	0.0505s	0.3709	0.9270	0.9266
179
0518	0.0297	1.0000	0.2490	0.9420	0.0505s	0.3457	0.9300	0.9299
180
0519	0.0254	1.0000	0.2532	0.9460	0.0506s	0.3690	0.9250	0.9249
181
0520	0.0215	1.0000	0.2837	0.9460	0.0506s	0.3853	0.9230	0.9228
182
0521	0.0270	1.0000	0.2502	0.9480	0.0507s	0.3389	0.9270	0.9270
183
0522	0.0283	1.0000	0.2700	0.9460	0.0509s	0.3482	0.9270	0.9267
184
0523	0.0240	1.0000	0.2769	0.9460	0.0504s	0.3894	0.9220	0.9218
185
0524	0.0240	1.0000	0.2532	0.9460	0.0507s	0.3807	0.9240	0.9239
186
0525	0.0209	1.0000	0.2441	0.9440	0.0505s	0.3504	0.9290	0.9289
187
0526	0.0232	1.0000	0.2583	0.9420	0.0506s	0.3416	0.9280	0.9278
188
0527	0.0290	1.0000	0.2734	0.9460	0.0507s	0.3769	0.9250	0.9248
189
0528	0.0193	1.0000	0.2683	0.9460	0.0508s	0.4039	0.9230	0.9228
190
0529	0.0237	1.0000	0.2480	0.9460	0.0506s	0.3669	0.9270	0.9268
191
0530	0.0228	1.0000	0.2685	0.9440	0.0506s	0.3522	0.9270	0.9267
192
0531	0.0293	1.0000	0.2499	0.9440	0.0506s	0.3512	0.9290	0.9288
193
0532	0.0256	1.0000	0.2527	0.9460	0.0507s	0.3912	0.9250	0.9248
194
0533	0.0232	1.0000	0.2727	0.9500	0.0506s	0.4094	0.9230	0.9228
195
0534	0.0213	1.0000	0.2513	0.9460	0.0505s	0.3655	0.9270	0.9268
196
0535	0.0257	1.0000	0.2592	0.9440	0.0508s	0.3528	0.9280	0.9279
197
0536	0.0292	1.0000	0.2659	0.9460	0.0505s	0.3737	0.9250	0.9247
198
0537	0.0207	1.0000	0.2783	0.9460	0.0507s	0.4190	0.9230	0.9228
199
Early stop! Min loss:0.22444836795330048,  Max accuracy:0.9540000000000001
Early stop model validation loss:0.22444836795330048,  accuracy:0.9440000000000001
Optimization Finished!
Total time elapsed: 27.8122s
test max acc:0.9330
Loading 132th epoch
stru_node_to_hop attention:tensor([[0.3304, 0.3348, 0.3348],
        [0.3333, 0.3334, 0.3334],
        [0.3335, 0.3333, 0.3332],
        [0.3329, 0.3335, 0.3335],
        [0.3333, 0.3333, 0.3333],
        [0.3302, 0.3354, 0.3344],
        [0.3338, 0.3331, 0.3331],
        [0.3333, 0.3333, 0.3333],
        [0.3334, 0.3333, 0.3333],
        [0.3332, 0.3333, 0.3335],
        [0.3334, 0.3333, 0.3333],
        [0.3333, 0.3333, 0.3333],
        [0.3330, 0.3334, 0.3336],
        [0.3333, 0.3333, 0.3333],
        [0.3331, 0.3335, 0.3334],
        [0.3346, 0.3328, 0.3326],
        [0.3333, 0.3333, 0.3333],
        [0.3326, 0.3337, 0.3336],
        [0.3332, 0.3334, 0.3334],
        [0.3333, 0.3333, 0.3333],
        [0.3332, 0.3334, 0.3334],
        [0.3333, 0.3333, 0.3333],
        [0.3306, 0.3334, 0.3360],
        [0.3333, 0.3333, 0.3333],
        [0.3333, 0.3333, 0.3334],
        [0.3333, 0.3333, 0.3333],
        [0.3331, 0.3334, 0.3335],
        [0.3311, 0.3334, 0.3356],
        [0.3333, 0.3333, 0.3333],
        [0.3324, 0.3328, 0.3347],
        [0.3348, 0.3322, 0.3330],
        [0.3333, 0.3333, 0.3333],
        [0.3298, 0.3347, 0.3355],
        [0.3297, 0.3349, 0.3354],
        [0.3305, 0.3344, 0.3351],
        [0.3334, 0.3333, 0.3333],
        [0.3333, 0.3333, 0.3333],
        [0.3325, 0.3331, 0.3343],
        [0.3308, 0.3345, 0.3348],
        [0.3381, 0.3311, 0.3308],
        [0.3333, 0.3333, 0.3333],
        [0.3289, 0.3356, 0.3355],
        [0.3333, 0.3333, 0.3333],
        [0.3334, 0.3333, 0.3333],
        [0.3322, 0.3338, 0.3340],
        [0.3334, 0.3333, 0.3333],
        [0.3331, 0.3337, 0.3332],
        [0.3324, 0.3338, 0.3338],
        [0.3287, 0.3364, 0.3349],
        [0.3333, 0.3333, 0.3334],
        [0.3335, 0.3332, 0.3333],
        [0.3377, 0.3301, 0.3322],
        [0.3334, 0.3333, 0.3333],
        [0.3310, 0.3345, 0.3344],
        [0.3333, 0.3333, 0.3333],
        [0.3333, 0.3333, 0.3333],
        [0.3323, 0.3335, 0.3342],
        [0.3304, 0.3343, 0.3353],
        [0.3331, 0.3334, 0.3335],
        [0.3333, 0.3333, 0.3333],
        [0.3333, 0.3333, 0.3333],
        [0.3333, 0.3333, 0.3333],
        [0.3334, 0.3333, 0.3333],
        [0.3279, 0.3361, 0.3360],
        [0.3333, 0.3333, 0.3333],
        [0.3333, 0.3334, 0.3334],
        [0.3303, 0.3339, 0.3358],
        [0.3333, 0.3333, 0.3334],
        [0.3263, 0.3374, 0.3364],
        [0.3340, 0.3330, 0.3331],
        [0.3164, 0.3430, 0.3406],
        [0.3287, 0.3356, 0.3357],
        [0.3333, 0.3333, 0.3333],
        [0.3331, 0.3335, 0.3335],
        [0.3333, 0.3333, 0.3333],
        [0.3334, 0.3333, 0.3333],
        [0.3333, 0.3333, 0.3333],
        [0.3333, 0.3333, 0.3333],
        [0.3333, 0.3333, 0.3333],
        [0.3334, 0.3333, 0.3333],
        [0.3330, 0.3334, 0.3335],
        [0.3426, 0.3296, 0.3278],
        [0.3332, 0.3334, 0.3334],
        [0.3305, 0.3345, 0.3350],
        [0.3316, 0.3347, 0.3337],
        [0.3334, 0.3333, 0.3333],
        [0.3333, 0.3333, 0.3333],
        [0.3338, 0.3331, 0.3331],
        [0.3333, 0.3333, 0.3333],
        [0.3334, 0.3333, 0.3333],
        [0.3333, 0.3333, 0.3333],
        [0.3320, 0.3336, 0.3344],
        [0.3333, 0.3333, 0.3333],
        [0.3333, 0.3333, 0.3333],
        [0.3296, 0.3348, 0.3356],
        [0.3341, 0.3322, 0.3336],
        [0.3333, 0.3333, 0.3333],
        [0.3331, 0.3335, 0.3335],
        [0.3333, 0.3333, 0.3333],
        [0.3333, 0.3333, 0.3333]], device='cuda:1')
fea_node_to_hop attention:tensor([[0.2002, 0.1993, 0.2003, 0.2001, 0.2001],
        [0.2000, 0.2000, 0.2000, 0.2000, 0.2000],
        [0.2000, 0.1999, 0.2000, 0.2000, 0.2001],
        [0.2001, 0.2003, 0.2001, 0.1998, 0.1997],
        [0.2000, 0.2000, 0.2000, 0.2000, 0.2000],
        [0.2010, 0.1987, 0.1999, 0.2001, 0.2003],
        [0.2003, 0.1996, 0.2000, 0.2000, 0.2001],
        [0.2000, 0.2000, 0.2000, 0.2000, 0.2000],
        [0.2001, 0.1999, 0.2000, 0.2000, 0.2000],
        [0.2002, 0.1998, 0.2000, 0.2000, 0.2000],
        [0.2000, 0.2000, 0.2000, 0.2000, 0.2000],
        [0.2000, 0.2000, 0.2000, 0.2000, 0.2000],
        [0.1998, 0.2000, 0.2001, 0.2001, 0.2000],
        [0.2000, 0.2000, 0.2000, 0.2000, 0.2000],
        [0.2003, 0.1998, 0.1998, 0.2000, 0.2001],
        [0.2010, 0.1997, 0.1997, 0.1998, 0.1999],
        [0.1999, 0.2000, 0.2001, 0.2000, 0.2000],
        [0.2022, 0.1997, 0.1994, 0.1994, 0.1994],
        [0.1999, 0.2001, 0.2000, 0.2000, 0.2000],
        [0.1999, 0.1996, 0.1995, 0.2003, 0.2006],
        [0.1999, 0.2000, 0.2000, 0.2000, 0.2001],
        [0.2000, 0.1999, 0.2000, 0.2000, 0.2000],
        [0.1935, 0.2026, 0.2017, 0.2015, 0.2007],
        [0.2000, 0.2000, 0.2000, 0.2000, 0.2000],
        [0.1998, 0.2000, 0.2001, 0.2000, 0.2000],
        [0.2000, 0.2000, 0.2000, 0.2000, 0.2000],
        [0.1995, 0.2002, 0.2001, 0.2001, 0.2001],
        [0.1964, 0.1997, 0.2012, 0.2013, 0.2013],
        [0.2000, 0.2000, 0.2000, 0.2000, 0.2000],
        [0.1993, 0.2003, 0.2001, 0.2002, 0.2001],
        [0.2000, 0.1996, 0.2006, 0.2000, 0.1999],
        [0.2000, 0.2000, 0.2000, 0.2000, 0.2000],
        [0.1974, 0.2034, 0.2013, 0.1998, 0.1980],
        [0.1968, 0.2000, 0.2016, 0.2014, 0.2002],
        [0.2009, 0.1999, 0.1998, 0.1997, 0.1996],
        [0.2000, 0.2000, 0.2000, 0.2000, 0.2000],
        [0.2000, 0.2000, 0.2000, 0.2000, 0.2000],
        [0.1988, 0.2003, 0.2005, 0.2003, 0.2001],
        [0.1997, 0.1993, 0.2006, 0.2003, 0.2001],
        [0.1991, 0.2014, 0.2003, 0.1999, 0.1993],
        [0.2000, 0.2000, 0.2000, 0.2000, 0.2000],
        [0.2018, 0.1981, 0.1994, 0.2003, 0.2005],
        [0.2000, 0.2000, 0.2000, 0.2000, 0.2000],
        [0.2000, 0.2000, 0.2000, 0.2000, 0.2000],
        [0.2000, 0.2001, 0.2000, 0.2000, 0.2000],
        [0.1977, 0.2008, 0.2006, 0.2006, 0.2004],
        [0.2005, 0.2002, 0.1997, 0.1998, 0.1999],
        [0.1994, 0.2003, 0.2001, 0.2001, 0.2001],
        [0.1993, 0.2002, 0.2001, 0.2002, 0.2001],
        [0.1997, 0.2000, 0.2001, 0.2001, 0.2001],
        [0.1998, 0.2000, 0.2001, 0.2001, 0.2001],
        [0.1953, 0.2013, 0.2013, 0.2012, 0.2009],
        [0.2001, 0.1999, 0.2000, 0.2000, 0.2000],
        [0.1968, 0.2009, 0.2011, 0.2008, 0.2005],
        [0.2000, 0.2000, 0.2000, 0.2000, 0.2000],
        [0.2000, 0.2000, 0.2000, 0.2000, 0.2000],
        [0.1991, 0.2002, 0.2003, 0.2002, 0.2001],
        [0.1971, 0.2005, 0.2009, 0.2009, 0.2006],
        [0.2003, 0.1998, 0.2000, 0.1999, 0.2000],
        [0.2000, 0.2001, 0.2000, 0.2000, 0.2000],
        [0.2000, 0.2000, 0.2000, 0.2000, 0.2000],
        [0.2000, 0.2000, 0.2000, 0.2000, 0.2000],
        [0.1989, 0.2007, 0.2004, 0.2001, 0.1998],
        [0.1961, 0.2008, 0.2011, 0.2011, 0.2009],
        [0.1998, 0.2002, 0.2001, 0.2000, 0.1999],
        [0.2000, 0.2000, 0.2000, 0.2000, 0.2000],
        [0.2020, 0.1986, 0.1997, 0.1997, 0.1999],
        [0.2000, 0.2000, 0.1999, 0.2000, 0.2000],
        [0.1932, 0.2012, 0.2018, 0.2020, 0.2018],
        [0.2003, 0.1999, 0.1999, 0.2000, 0.2000],
        [0.1904, 0.2032, 0.2003, 0.2027, 0.2033],
        [0.1963, 0.2013, 0.2007, 0.2007, 0.2009],
        [0.2011, 0.1987, 0.1997, 0.2001, 0.2004],
        [0.2001, 0.1997, 0.1999, 0.2001, 0.2001],
        [0.2000, 0.2000, 0.2000, 0.2000, 0.2000],
        [0.2000, 0.2000, 0.2000, 0.2000, 0.2000],
        [0.2000, 0.2000, 0.2000, 0.2000, 0.2000],
        [0.1978, 0.2001, 0.2013, 0.2006, 0.2002],
        [0.1990, 0.2007, 0.2005, 0.2000, 0.1997],
        [0.1999, 0.2001, 0.2000, 0.2000, 0.2000],
        [0.1991, 0.2002, 0.2002, 0.2003, 0.2002],
        [0.2037, 0.1982, 0.1993, 0.1994, 0.1993],
        [0.2000, 0.2000, 0.2000, 0.2000, 0.2000],
        [0.1971, 0.2005, 0.2010, 0.2008, 0.2006],
        [0.1976, 0.2014, 0.2006, 0.2004, 0.2000],
        [0.2001, 0.1999, 0.1999, 0.2000, 0.2001],
        [0.2000, 0.2000, 0.2000, 0.2000, 0.2000],
        [0.1987, 0.1998, 0.2008, 0.2004, 0.2002],
        [0.1999, 0.2000, 0.2000, 0.2000, 0.2000],
        [0.2000, 0.2000, 0.2000, 0.2000, 0.2000],
        [0.2000, 0.2000, 0.2000, 0.2000, 0.2000],
        [0.1984, 0.1998, 0.2008, 0.2006, 0.2004],
        [0.2000, 0.2000, 0.2000, 0.2000, 0.2000],
        [0.2000, 0.2000, 0.2000, 0.2000, 0.2000],
        [0.1955, 0.1991, 0.2015, 0.2018, 0.2021],
        [0.1975, 0.2029, 0.2004, 0.1999, 0.1993],
        [0.2000, 0.2000, 0.2000, 0.2000, 0.2000],
        [0.1998, 0.2001, 0.2000, 0.2000, 0.2000],
        [0.2054, 0.2001, 0.1980, 0.1982, 0.1983],
        [0.1998, 0.2008, 0.1999, 0.1998, 0.1996]], device='cuda:1')
perception attention:tensor([0.3705, 0.6295], device='cuda:1')
Test set results: loss= 0.3300 accuracy= 0.9250 F1_score= 0.9250
