# epoch	loss_train	acc_train	loss_val	acc_val	time	acc_test	f1_test
0001	1.0975	0.3333	0.9652	0.6960	0.0521s	0.9627	0.7170	0.6943
0
0002	0.8526	0.8833	0.7602	0.7200	0.0507s	0.7517	0.7360	0.6979
0
0003	0.5709	0.8000	0.5255	0.9020	0.0508s	0.5464	0.8840	0.8845
0
0004	0.3500	0.9833	0.3826	0.9060	0.0506s	0.4124	0.8810	0.8816
0
0005	0.2547	0.9667	0.3038	0.9120	0.0510s	0.3331	0.8970	0.8966
0
0006	0.1698	1.0000	0.2876	0.9000	0.0508s	0.3065	0.8960	0.8942
0
0007	0.1265	0.9667	0.2493	0.9160	0.0504s	0.2873	0.8880	0.8883
0
0008	0.0937	0.9833	0.2427	0.9160	0.0508s	0.2972	0.8920	0.8924
0
0009	0.0808	0.9833	0.2493	0.9180	0.0507s	0.3149	0.8970	0.8971
0
0010	0.0613	1.0000	0.2712	0.9260	0.0507s	0.3420	0.9020	0.9018
0
0011	0.0552	1.0000	0.2798	0.9260	0.0506s	0.3502	0.9030	0.9027
0
0012	0.0621	1.0000	0.2839	0.9280	0.0508s	0.3415	0.9000	0.8999
0
0013	0.0594	1.0000	0.3101	0.9200	0.0506s	0.3499	0.9060	0.9056
0
0014	0.0639	1.0000	0.3086	0.9240	0.0505s	0.3541	0.9080	0.9077
1
0015	0.0529	0.9833	0.3198	0.9260	0.0507s	0.3714	0.9090	0.9086
2
0016	0.0466	1.0000	0.3307	0.9300	0.0507s	0.3977	0.9060	0.9057
3
0017	0.0585	0.9833	0.3032	0.9260	0.0510s	0.3923	0.9060	0.9062
0
0018	0.0543	1.0000	0.3075	0.9260	0.0506s	0.3761	0.9050	0.9051
1
0019	0.0513	1.0000	0.3192	0.9220	0.0508s	0.3670	0.9100	0.9098
2
0020	0.0454	1.0000	0.3269	0.9220	0.0511s	0.3696	0.9130	0.9128
3
0021	0.0392	1.0000	0.3253	0.9220	0.0508s	0.3666	0.9080	0.9077
4
0022	0.0474	0.9833	0.3285	0.9240	0.0505s	0.3763	0.9140	0.9138
5
0023	0.0482	1.0000	0.3295	0.9260	0.0525s	0.3828	0.9180	0.9178
6
0024	0.0478	1.0000	0.3031	0.9280	0.0511s	0.3723	0.9150	0.9151
7
0025	0.0533	0.9833	0.3052	0.9240	0.0511s	0.3665	0.9140	0.9140
8
0026	0.0484	1.0000	0.3146	0.9240	0.0506s	0.3633	0.9150	0.9147
9
0027	0.0402	1.0000	0.3336	0.9220	0.0505s	0.3738	0.9160	0.9156
10
0028	0.0315	1.0000	0.3338	0.9260	0.0504s	0.3756	0.9180	0.9176
11
0029	0.0435	1.0000	0.2894	0.9280	0.0509s	0.3536	0.9170	0.9171
12
0030	0.0420	1.0000	0.2912	0.9300	0.0784s	0.3679	0.9090	0.9093
13
0031	0.0536	1.0000	0.3038	0.9280	0.0642s	0.3475	0.9210	0.9207
0
0032	0.0400	0.9833	0.3967	0.9160	0.0599s	0.4068	0.9040	0.9024
1
0033	0.0425	1.0000	0.3721	0.9140	0.0600s	0.3830	0.9080	0.9067
2
0034	0.0483	1.0000	0.2934	0.9260	0.0598s	0.3281	0.9230	0.9228
3
0035	0.0481	1.0000	0.2917	0.9240	0.0600s	0.3732	0.9060	0.9066
4
0036	0.0637	1.0000	0.2785	0.9300	0.0596s	0.3507	0.9220	0.9221
5
0037	0.0403	0.9833	0.3268	0.9280	0.0599s	0.3760	0.9150	0.9147
0
0038	0.0523	1.0000	0.2913	0.9320	0.0601s	0.3318	0.9240	0.9237
1
0039	0.0519	1.0000	0.2681	0.9280	0.0600s	0.3145	0.9180	0.9179
0
0040	0.0517	1.0000	0.2520	0.9300	0.0601s	0.3077	0.9240	0.9240
1
0041	0.0468	1.0000	0.2785	0.9340	0.0601s	0.3457	0.9250	0.9248
2
0042	0.0491	1.0000	0.2763	0.9360	0.0610s	0.3467	0.9230	0.9228
0
0043	0.0489	0.9833	0.2403	0.9360	0.0600s	0.3045	0.9250	0.9249
0
0044	0.0382	1.0000	0.2677	0.9300	0.0601s	0.3139	0.9170	0.9167
0
0045	0.0588	1.0000	0.2691	0.9300	0.0586s	0.3162	0.9210	0.9205
1
0046	0.0407	1.0000	0.2491	0.9320	0.0543s	0.3213	0.9280	0.9278
2
0047	0.0450	1.0000	0.2295	0.9360	0.0525s	0.3197	0.9260	0.9259
3
0048	0.0436	1.0000	0.2301	0.9340	0.0519s	0.3132	0.9270	0.9269
0
0049	0.0396	1.0000	0.2545	0.9300	0.0515s	0.3161	0.9230	0.9226
1
0050	0.0449	0.9833	0.2494	0.9300	0.0514s	0.3116	0.9270	0.9267
2
0051	0.0413	1.0000	0.2292	0.9380	0.0507s	0.3051	0.9250	0.9249
3
0052	0.0320	1.0000	0.2335	0.9340	0.0514s	0.3164	0.9250	0.9249
0
0053	0.0374	1.0000	0.2578	0.9300	0.0514s	0.3365	0.9240	0.9238
1
0054	0.0447	0.9833	0.2445	0.9340	0.0508s	0.3083	0.9280	0.9278
2
0055	0.0469	1.0000	0.2437	0.9360	0.0505s	0.2991	0.9270	0.9269
3
0056	0.0341	1.0000	0.2471	0.9340	0.0511s	0.2991	0.9280	0.9279
4
0057	0.0408	1.0000	0.2546	0.9320	0.0527s	0.3163	0.9240	0.9238
5
0058	0.0385	1.0000	0.2431	0.9380	0.0511s	0.3157	0.9260	0.9259
6
0059	0.0346	1.0000	0.2449	0.9360	0.0507s	0.3033	0.9270	0.9269
0
0060	0.0375	1.0000	0.2720	0.9320	0.0512s	0.3065	0.9270	0.9267
1
0061	0.0334	1.0000	0.2594	0.9320	0.0511s	0.2953	0.9290	0.9288
2
0062	0.0488	1.0000	0.2438	0.9360	0.0508s	0.3018	0.9260	0.9259
3
0063	0.0475	0.9833	0.2523	0.9360	0.0505s	0.3024	0.9270	0.9268
4
0064	0.0348	1.0000	0.2697	0.9320	0.0524s	0.2940	0.9280	0.9278
5
0065	0.0399	1.0000	0.2602	0.9340	0.0506s	0.2934	0.9280	0.9278
6
0066	0.0359	1.0000	0.2548	0.9380	0.0509s	0.3149	0.9260	0.9259
7
0067	0.0439	0.9833	0.2670	0.9380	0.0507s	0.3132	0.9270	0.9268
0
0068	0.0388	0.9833	0.2624	0.9340	0.0517s	0.2984	0.9220	0.9219
0
0069	0.0499	1.0000	0.2537	0.9380	0.0511s	0.3048	0.9280	0.9279
1
0070	0.0367	1.0000	0.2935	0.9280	0.0505s	0.3493	0.9200	0.9197
0
0071	0.0457	1.0000	0.2375	0.9380	0.0510s	0.3012	0.9260	0.9260
1
0072	0.0343	1.0000	0.2451	0.9360	0.0510s	0.2954	0.9270	0.9270
0
0073	0.0394	1.0000	0.3027	0.9280	0.0507s	0.3496	0.9210	0.9206
1
0074	0.0391	0.9833	0.2532	0.9400	0.0506s	0.3271	0.9250	0.9249
2
0075	0.0323	1.0000	0.2389	0.9380	0.0507s	0.3144	0.9210	0.9210
0
0076	0.0483	1.0000	0.2840	0.9320	0.0513s	0.3169	0.9250	0.9246
1
0077	0.0434	1.0000	0.2980	0.9260	0.0505s	0.3320	0.9230	0.9225
2
0078	0.0315	1.0000	0.2366	0.9380	0.0505s	0.3067	0.9260	0.9259
3
0079	0.0281	1.0000	0.2351	0.9360	0.0512s	0.3185	0.9250	0.9249
4
0080	0.0339	1.0000	0.2479	0.9360	0.0517s	0.3138	0.9280	0.9279
5
0081	0.0356	1.0000	0.2562	0.9340	0.0512s	0.2971	0.9290	0.9290
6
0082	0.0251	1.0000	0.2568	0.9360	0.0509s	0.2940	0.9250	0.9250
7
0083	0.0374	1.0000	0.2636	0.9300	0.0512s	0.3145	0.9290	0.9289
8
0084	0.0267	1.0000	0.2794	0.9340	0.0522s	0.3385	0.9260	0.9258
9
0085	0.0298	1.0000	0.2403	0.9360	0.0519s	0.3062	0.9300	0.9299
10
0086	0.0308	1.0000	0.2404	0.9340	0.0522s	0.3090	0.9220	0.9220
11
0087	0.0429	1.0000	0.2744	0.9300	0.0540s	0.3157	0.9280	0.9279
12
0088	0.0321	1.0000	0.3055	0.9260	0.0519s	0.3324	0.9250	0.9246
13
0089	0.0388	1.0000	0.2517	0.9340	0.0507s	0.2981	0.9240	0.9240
14
0090	0.0325	1.0000	0.2377	0.9360	0.0507s	0.3092	0.9210	0.9210
15
0091	0.0431	1.0000	0.2982	0.9260	0.0510s	0.3505	0.9210	0.9207
16
0092	0.0471	1.0000	0.2710	0.9280	0.0507s	0.3055	0.9280	0.9278
17
0093	0.0250	1.0000	0.2474	0.9360	0.0506s	0.3000	0.9230	0.9230
18
0094	0.0376	1.0000	0.2423	0.9360	0.0507s	0.3235	0.9280	0.9279
19
0095	0.0381	1.0000	0.2454	0.9340	0.0509s	0.3164	0.9270	0.9269
20
0096	0.0316	1.0000	0.2635	0.9260	0.0507s	0.3099	0.9260	0.9258
21
0097	0.0357	1.0000	0.2366	0.9340	0.0505s	0.2986	0.9270	0.9269
22
0098	0.0353	1.0000	0.2381	0.9320	0.0574s	0.3035	0.9270	0.9269
23
0099	0.0313	1.0000	0.2496	0.9300	0.0699s	0.3050	0.9270	0.9269
24
0100	0.0324	1.0000	0.2443	0.9300	0.0594s	0.2997	0.9270	0.9269
25
0101	0.0325	1.0000	0.2295	0.9360	0.0592s	0.2967	0.9260	0.9260
26
0102	0.0318	1.0000	0.2496	0.9320	0.0589s	0.3218	0.9280	0.9278
27
0103	0.0352	1.0000	0.2344	0.9360	0.0985s	0.2953	0.9270	0.9269
28
0104	0.0358	1.0000	0.2512	0.9340	0.0771s	0.2912	0.9260	0.9259
29
0105	0.0244	1.0000	0.2551	0.9300	0.0712s	0.3063	0.9270	0.9269
30
0106	0.0385	0.9833	0.2309	0.9400	0.0722s	0.3142	0.9280	0.9279
31
0107	0.0321	1.0000	0.2339	0.9380	0.0714s	0.3051	0.9270	0.9269
0
0108	0.0368	1.0000	0.2897	0.9320	0.0715s	0.3036	0.9250	0.9247
1
0109	0.0389	0.9833	0.2408	0.9340	0.0711s	0.2962	0.9260	0.9259
2
0110	0.0248	1.0000	0.2363	0.9380	0.0715s	0.3170	0.9270	0.9269
3
0111	0.0353	0.9833	0.2738	0.9300	0.0714s	0.3147	0.9250	0.9249
4
0112	0.0274	1.0000	0.2730	0.9320	0.0714s	0.2941	0.9250	0.9249
5
0113	0.0315	1.0000	0.2562	0.9380	0.0715s	0.2965	0.9250	0.9249
6
0114	0.0364	1.0000	0.3198	0.9260	0.0714s	0.3481	0.9210	0.9208
7
0115	0.0386	0.9833	0.2745	0.9320	0.0715s	0.3148	0.9260	0.9259
8
0116	0.0252	1.0000	0.2660	0.9380	0.0704s	0.3204	0.9190	0.9191
9
0117	0.0421	0.9833	0.3044	0.9300	0.0941s	0.3312	0.9260	0.9259
10
0118	0.0296	1.0000	0.3178	0.9280	0.0727s	0.3490	0.9190	0.9187
11
0119	0.0337	1.0000	0.2579	0.9360	0.0656s	0.3256	0.9230	0.9230
12
0120	0.0266	1.0000	0.2622	0.9360	0.0620s	0.3273	0.9240	0.9240
13
0121	0.0407	1.0000	0.3576	0.9200	0.0595s	0.3836	0.9170	0.9166
14
0122	0.0359	1.0000	0.3592	0.9200	0.0685s	0.3867	0.9170	0.9166
15
0123	0.0386	1.0000	0.2584	0.9340	0.0632s	0.3372	0.9220	0.9220
16
0124	0.0312	1.0000	0.2871	0.9300	0.0605s	0.3725	0.9070	0.9074
17
0125	0.0505	0.9833	0.3175	0.9220	0.0592s	0.3809	0.9160	0.9158
18
0126	0.0401	1.0000	0.3714	0.9180	0.0591s	0.3946	0.9120	0.9110
19
0127	0.0442	1.0000	0.2787	0.9340	0.0595s	0.3320	0.9210	0.9210
20
0128	0.0406	1.0000	0.2499	0.9420	0.0586s	0.3565	0.9150	0.9152
21
0129	0.0391	1.0000	0.2712	0.9380	0.0582s	0.3682	0.9200	0.9197
0
0130	0.0314	1.0000	0.3587	0.9200	0.0598s	0.4041	0.9140	0.9131
1
0131	0.0397	1.0000	0.3083	0.9300	0.0592s	0.3544	0.9210	0.9204
2
0132	0.0312	1.0000	0.2527	0.9360	0.0587s	0.3373	0.9220	0.9221
3
0133	0.0343	1.0000	0.2427	0.9400	0.0603s	0.3558	0.9250	0.9250
4
0134	0.0325	1.0000	0.2953	0.9300	0.0608s	0.3852	0.9190	0.9187
5
0135	0.0291	1.0000	0.3107	0.9320	0.0604s	0.3737	0.9190	0.9184
6
0136	0.0266	1.0000	0.2847	0.9340	0.0605s	0.3503	0.9220	0.9217
7
0137	0.0266	1.0000	0.2556	0.9440	0.0612s	0.3531	0.9230	0.9229
8
0138	0.0308	1.0000	0.2538	0.9420	0.0601s	0.3761	0.9220	0.9219
0
0139	0.0421	1.0000	0.2458	0.9400	0.0609s	0.3539	0.9180	0.9181
1
0140	0.0311	1.0000	0.2526	0.9420	0.0612s	0.3392	0.9240	0.9240
2
0141	0.0286	1.0000	0.2937	0.9320	0.0607s	0.3656	0.9210	0.9206
3
0142	0.0298	1.0000	0.2778	0.9300	0.0595s	0.3502	0.9180	0.9176
4
0143	0.0296	1.0000	0.2500	0.9400	0.0610s	0.3374	0.9230	0.9229
5
0144	0.0269	1.0000	0.2472	0.9400	0.0599s	0.3325	0.9210	0.9210
6
0145	0.0276	1.0000	0.2641	0.9300	0.0590s	0.3474	0.9210	0.9209
7
0146	0.0273	1.0000	0.2793	0.9280	0.0602s	0.3557	0.9210	0.9208
8
0147	0.0287	1.0000	0.2641	0.9300	0.0599s	0.3368	0.9210	0.9209
9
0148	0.0245	1.0000	0.2487	0.9380	0.0591s	0.3379	0.9230	0.9229
10
0149	0.0248	1.0000	0.2505	0.9360	0.0596s	0.3521	0.9220	0.9219
11
0150	0.0241	1.0000	0.2540	0.9340	0.0596s	0.3342	0.9220	0.9219
12
0151	0.0261	1.0000	0.2762	0.9300	0.0588s	0.3298	0.9220	0.9219
13
0152	0.0279	1.0000	0.2634	0.9320	0.0594s	0.3361	0.9230	0.9229
14
0153	0.0263	1.0000	0.2709	0.9320	0.0614s	0.3709	0.9220	0.9218
15
0154	0.0309	1.0000	0.2616	0.9340	0.0605s	0.3236	0.9240	0.9239
16
0155	0.0285	1.0000	0.2820	0.9300	0.0623s	0.3259	0.9230	0.9229
17
0156	0.0244	1.0000	0.2822	0.9260	0.0612s	0.3500	0.9220	0.9218
18
0157	0.0296	1.0000	0.2496	0.9340	0.0601s	0.3281	0.9220	0.9220
19
0158	0.0329	0.9833	0.2828	0.9280	0.0596s	0.3216	0.9260	0.9259
20
0159	0.0297	1.0000	0.3053	0.9280	0.0607s	0.3635	0.9200	0.9198
21
0160	0.0417	1.0000	0.2891	0.9280	0.0613s	0.3609	0.9100	0.9102
22
0161	0.0444	1.0000	0.2683	0.9280	0.0600s	0.3212	0.9250	0.9249
23
0162	0.0208	1.0000	0.3694	0.9220	0.0612s	0.4171	0.9170	0.9165
24
0163	0.0524	1.0000	0.2660	0.9340	0.0598s	0.3300	0.9240	0.9240
25
0164	0.0326	1.0000	0.2690	0.9340	0.0588s	0.3338	0.9240	0.9240
26
0165	0.0315	1.0000	0.3283	0.9300	0.0589s	0.3976	0.9170	0.9166
27
0166	0.0479	1.0000	0.2958	0.9280	0.0611s	0.3456	0.9220	0.9218
28
0167	0.0226	1.0000	0.2763	0.9320	0.0608s	0.3452	0.9230	0.9230
29
0168	0.0262	1.0000	0.2670	0.9320	0.0603s	0.3669	0.9220	0.9219
30
0169	0.0253	1.0000	0.3207	0.9280	0.0603s	0.4148	0.9190	0.9187
31
0170	0.0388	1.0000	0.3158	0.9300	0.0614s	0.3536	0.9220	0.9217
32
0171	0.0376	0.9667	0.2666	0.9300	0.0612s	0.3626	0.9220	0.9220
33
0172	0.0299	1.0000	0.2844	0.9320	0.0607s	0.4151	0.9180	0.9180
34
0173	0.0392	0.9833	0.3644	0.9280	0.0634s	0.4210	0.9170	0.9165
35
0174	0.0297	1.0000	0.3747	0.9260	0.0609s	0.3921	0.9140	0.9129
36
0175	0.0436	1.0000	0.2702	0.9300	0.0592s	0.3358	0.9250	0.9250
37
0176	0.0280	1.0000	0.2604	0.9360	0.0613s	0.3822	0.9210	0.9211
38
0177	0.0431	1.0000	0.2743	0.9340	0.0611s	0.3632	0.9260	0.9259
39
0178	0.0273	1.0000	0.3130	0.9320	0.0613s	0.3489	0.9230	0.9226
40
0179	0.0239	1.0000	0.3388	0.9300	0.0613s	0.3579	0.9190	0.9183
41
0180	0.0331	1.0000	0.2741	0.9340	0.0610s	0.3342	0.9250	0.9247
42
0181	0.0301	0.9833	0.2432	0.9400	0.0608s	0.3414	0.9230	0.9229
43
0182	0.0256	1.0000	0.2441	0.9420	0.0607s	0.3498	0.9230	0.9229
44
0183	0.0297	1.0000	0.2710	0.9320	0.0616s	0.3374	0.9250	0.9247
45
0184	0.0260	1.0000	0.2980	0.9340	0.0611s	0.3329	0.9230	0.9225
46
0185	0.0283	1.0000	0.2766	0.9380	0.0598s	0.3209	0.9230	0.9227
47
0186	0.0264	1.0000	0.2487	0.9400	0.0608s	0.3253	0.9240	0.9238
48
0187	0.0253	1.0000	0.2543	0.9380	0.0597s	0.3436	0.9250	0.9249
49
0188	0.0229	1.0000	0.2462	0.9400	0.0600s	0.3360	0.9230	0.9229
50
0189	0.0308	1.0000	0.2482	0.9380	0.0603s	0.3156	0.9240	0.9238
51
0190	0.0244	1.0000	0.2712	0.9380	0.0603s	0.3304	0.9230	0.9227
52
0191	0.0266	1.0000	0.2790	0.9340	0.0588s	0.3564	0.9240	0.9237
53
0192	0.0316	1.0000	0.2428	0.9400	0.0594s	0.3456	0.9190	0.9191
54
0193	0.0389	1.0000	0.2650	0.9360	0.0592s	0.3365	0.9240	0.9238
55
0194	0.0251	1.0000	0.3011	0.9340	0.0585s	0.3535	0.9240	0.9236
56
0195	0.0305	1.0000	0.2591	0.9360	0.0597s	0.3401	0.9200	0.9198
57
0196	0.0203	1.0000	0.2491	0.9420	0.0596s	0.3575	0.9220	0.9220
58
0197	0.0294	1.0000	0.2492	0.9400	0.0606s	0.3492	0.9220	0.9219
59
0198	0.0257	1.0000	0.2835	0.9360	0.0801s	0.3506	0.9260	0.9257
60
0199	0.0257	1.0000	0.2906	0.9380	0.0843s	0.3467	0.9250	0.9246
61
0200	0.0275	1.0000	0.2424	0.9420	0.0658s	0.3303	0.9220	0.9219
62
0201	0.0243	1.0000	0.2502	0.9400	0.0589s	0.3597	0.9240	0.9239
63
0202	0.0350	1.0000	0.2646	0.9340	0.0545s	0.3556	0.9210	0.9208
64
0203	0.0238	1.0000	0.2707	0.9360	0.0519s	0.3323	0.9280	0.9278
65
0204	0.0303	1.0000	0.2564	0.9400	0.0516s	0.3196	0.9190	0.9189
66
0205	0.0350	0.9833	0.2952	0.9400	0.0518s	0.3869	0.9180	0.9177
67
0206	0.0603	1.0000	0.2609	0.9360	0.0511s	0.3314	0.9140	0.9140
68
0207	0.0331	1.0000	0.2605	0.9380	0.0509s	0.3225	0.9240	0.9239
69
0208	0.0277	1.0000	0.3325	0.9320	0.0510s	0.4139	0.9210	0.9206
70
0209	0.0358	1.0000	0.2597	0.9360	0.0524s	0.3530	0.9210	0.9208
71
0210	0.0275	1.0000	0.2570	0.9440	0.0512s	0.3348	0.9190	0.9189
72
0211	0.0310	1.0000	0.2632	0.9340	0.0507s	0.3440	0.9230	0.9228
0
0212	0.0238	1.0000	0.2970	0.9340	0.0508s	0.3978	0.9190	0.9187
1
0213	0.0245	1.0000	0.2863	0.9340	0.0505s	0.3856	0.9210	0.9207
2
0214	0.0242	1.0000	0.2598	0.9380	0.0505s	0.3491	0.9250	0.9249
3
0215	0.0232	1.0000	0.2654	0.9360	0.0507s	0.3495	0.9250	0.9249
4
0216	0.0247	1.0000	0.2745	0.9340	0.0508s	0.3636	0.9200	0.9198
5
0217	0.0220	1.0000	0.2826	0.9340	0.0505s	0.3822	0.9230	0.9227
6
0218	0.0271	1.0000	0.2756	0.9320	0.0508s	0.3630	0.9220	0.9218
7
0219	0.0232	1.0000	0.2677	0.9360	0.0502s	0.3457	0.9240	0.9238
8
0220	0.0248	1.0000	0.2572	0.9400	0.0505s	0.3457	0.9250	0.9248
9
0221	0.0244	1.0000	0.2749	0.9340	0.0508s	0.3590	0.9240	0.9238
10
0222	0.0222	0.9833	0.2598	0.9380	0.0505s	0.3506	0.9240	0.9238
11
0223	0.0251	1.0000	0.2626	0.9380	0.0517s	0.3523	0.9230	0.9228
12
0224	0.0255	1.0000	0.2824	0.9320	0.0532s	0.3523	0.9230	0.9227
13
0225	0.0241	1.0000	0.2533	0.9400	0.0507s	0.3393	0.9250	0.9249
14
0226	0.0247	1.0000	0.2596	0.9380	0.0506s	0.3521	0.9240	0.9239
15
0227	0.0223	1.0000	0.2755	0.9340	0.0507s	0.3467	0.9240	0.9237
16
0228	0.0235	1.0000	0.2686	0.9360	0.0506s	0.3348	0.9220	0.9218
17
0229	0.0262	1.0000	0.2513	0.9400	0.0500s	0.3448	0.9240	0.9239
18
0230	0.0242	1.0000	0.2698	0.9360	0.0510s	0.3559	0.9250	0.9249
19
0231	0.0306	1.0000	0.2629	0.9380	0.0508s	0.3227	0.9240	0.9238
20
0232	0.0279	1.0000	0.2732	0.9360	0.0507s	0.3410	0.9230	0.9227
21
0233	0.0260	1.0000	0.2583	0.9400	0.0508s	0.3290	0.9250	0.9249
22
0234	0.0302	1.0000	0.2708	0.9360	0.0506s	0.3353	0.9240	0.9239
23
0235	0.0219	1.0000	0.2662	0.9380	0.0512s	0.3302	0.9240	0.9239
24
0236	0.0253	1.0000	0.2730	0.9380	0.0505s	0.3581	0.9240	0.9239
25
0237	0.0277	1.0000	0.2645	0.9380	0.0511s	0.3329	0.9240	0.9239
26
0238	0.0207	1.0000	0.2655	0.9380	0.0517s	0.3206	0.9230	0.9228
27
0239	0.0251	1.0000	0.2644	0.9380	0.0516s	0.3510	0.9240	0.9239
28
0240	0.0265	1.0000	0.2524	0.9400	0.0513s	0.3259	0.9240	0.9239
29
0241	0.0226	1.0000	0.2660	0.9380	0.0509s	0.3312	0.9230	0.9228
30
0242	0.0256	0.9833	0.2593	0.9380	0.0516s	0.3305	0.9230	0.9228
31
0243	0.0216	1.0000	0.2684	0.9400	0.0510s	0.3557	0.9240	0.9239
32
0244	0.0363	1.0000	0.2539	0.9440	0.0507s	0.3286	0.9250	0.9249
33
0245	0.0278	1.0000	0.2852	0.9360	0.0507s	0.3456	0.9220	0.9218
0
0246	0.0287	1.0000	0.2558	0.9400	0.0513s	0.3484	0.9240	0.9239
1
0247	0.0233	1.0000	0.2542	0.9400	0.0511s	0.3309	0.9230	0.9228
2
0248	0.0265	1.0000	0.2796	0.9360	0.0507s	0.3520	0.9230	0.9228
3
0249	0.0284	1.0000	0.2526	0.9400	0.0510s	0.3388	0.9250	0.9249
4
0250	0.0262	1.0000	0.2838	0.9360	0.0510s	0.3560	0.9220	0.9218
5
0251	0.0283	1.0000	0.2660	0.9400	0.0508s	0.3452	0.9230	0.9228
6
0252	0.0245	1.0000	0.2559	0.9400	0.0513s	0.3496	0.9240	0.9239
7
0253	0.0225	1.0000	0.2793	0.9360	0.0522s	0.3574	0.9240	0.9238
8
0254	0.0235	1.0000	0.2711	0.9380	0.0520s	0.3362	0.9220	0.9218
9
0255	0.0218	1.0000	0.2539	0.9400	0.0519s	0.3445	0.9240	0.9239
10
0256	0.0267	1.0000	0.2781	0.9380	0.0523s	0.3619	0.9230	0.9228
11
0257	0.0260	1.0000	0.2629	0.9380	0.0519s	0.3298	0.9230	0.9228
12
0258	0.0224	1.0000	0.2554	0.9400	0.0513s	0.3436	0.9240	0.9239
13
0259	0.0215	1.0000	0.2654	0.9400	0.0509s	0.3542	0.9240	0.9238
14
0260	0.0251	1.0000	0.2564	0.9400	0.0510s	0.3268	0.9240	0.9238
15
0261	0.0236	1.0000	0.2699	0.9400	0.0530s	0.3509	0.9240	0.9238
16
0262	0.0264	1.0000	0.2716	0.9420	0.0511s	0.3746	0.9240	0.9239
17
0263	0.0320	1.0000	0.2966	0.9300	0.0510s	0.3682	0.9070	0.9072
18
0264	0.0478	1.0000	0.3406	0.9340	0.0511s	0.4007	0.9200	0.9193
19
0265	0.0481	0.9833	0.2537	0.9420	0.0510s	0.3730	0.9230	0.9229
20
0266	0.0316	1.0000	0.2607	0.9400	0.0509s	0.3532	0.9230	0.9228
21
0267	0.0255	1.0000	0.3115	0.9360	0.0506s	0.3696	0.9230	0.9225
22
0268	0.0359	0.9833	0.2676	0.9400	0.0507s	0.3658	0.9230	0.9228
23
0269	0.0217	1.0000	0.2624	0.9380	0.0515s	0.3910	0.9220	0.9219
24
0270	0.0373	1.0000	0.3170	0.9360	0.0511s	0.3826	0.9210	0.9204
25
0271	0.0301	1.0000	0.3531	0.9300	0.0509s	0.4114	0.9160	0.9149
26
0272	0.0302	1.0000	0.2628	0.9400	0.0507s	0.3664	0.9230	0.9228
27
0273	0.0266	1.0000	0.2608	0.9440	0.0510s	0.3909	0.9190	0.9189
28
0274	0.0313	1.0000	0.2706	0.9400	0.0516s	0.3779	0.9220	0.9218
0
0275	0.0203	1.0000	0.2879	0.9380	0.0512s	0.3547	0.9240	0.9236
1
0276	0.0218	1.0000	0.3008	0.9360	0.0506s	0.3479	0.9250	0.9245
2
0277	0.0252	1.0000	0.3060	0.9360	0.0510s	0.3618	0.9260	0.9256
3
0278	0.0212	1.0000	0.2951	0.9420	0.0507s	0.3710	0.9220	0.9216
4
0279	0.0259	1.0000	0.2547	0.9380	0.0507s	0.3346	0.9230	0.9229
5
0280	0.0257	1.0000	0.2625	0.9400	0.0505s	0.3427	0.9240	0.9238
6
0281	0.0257	1.0000	0.2802	0.9400	0.0509s	0.3633	0.9250	0.9248
7
0282	0.0236	1.0000	0.2846	0.9400	0.0509s	0.3563	0.9260	0.9258
8
0283	0.0264	1.0000	0.2815	0.9380	0.0507s	0.3319	0.9250	0.9248
9
0284	0.0243	1.0000	0.2792	0.9380	0.0506s	0.3407	0.9270	0.9268
10
0285	0.0196	1.0000	0.2822	0.9440	0.0506s	0.3735	0.9220	0.9218
11
0286	0.0268	1.0000	0.2579	0.9420	0.0507s	0.3365	0.9240	0.9238
0
0287	0.0253	1.0000	0.2696	0.9380	0.0511s	0.3325	0.9260	0.9258
1
0288	0.0256	1.0000	0.3035	0.9440	0.0515s	0.3842	0.9270	0.9267
2
0289	0.0247	1.0000	0.2651	0.9420	0.0511s	0.3604	0.9240	0.9238
0
0290	0.0275	1.0000	0.2520	0.9440	0.0508s	0.3428	0.9220	0.9219
1
0291	0.0257	1.0000	0.3008	0.9440	0.0515s	0.3800	0.9230	0.9227
0
0292	0.0288	0.9833	0.2634	0.9420	0.0516s	0.3612	0.9240	0.9238
0
0293	0.0244	1.0000	0.2528	0.9420	0.0508s	0.3540	0.9230	0.9228
1
0294	0.0257	1.0000	0.2724	0.9400	0.0507s	0.3563	0.9250	0.9248
2
0295	0.0212	1.0000	0.2702	0.9400	0.0513s	0.3505	0.9250	0.9248
3
0296	0.0228	1.0000	0.2491	0.9440	0.0514s	0.3463	0.9250	0.9248
4
0297	0.0230	1.0000	0.2752	0.9420	0.0507s	0.3709	0.9240	0.9238
0
0298	0.0288	1.0000	0.2928	0.9400	0.0522s	0.3608	0.9230	0.9227
1
0299	0.0234	1.0000	0.2570	0.9440	0.0510s	0.3355	0.9230	0.9229
2
0300	0.0291	0.9833	0.2641	0.9440	0.0509s	0.3788	0.9230	0.9228
0
0301	0.0311	0.9833	0.2729	0.9380	0.0505s	0.3490	0.9250	0.9248
0
0302	0.0213	1.0000	0.2829	0.9380	0.0506s	0.3485	0.9250	0.9248
1
0303	0.0258	1.0000	0.2573	0.9400	0.0513s	0.3484	0.9230	0.9228
2
0304	0.0237	1.0000	0.2805	0.9400	0.0506s	0.3716	0.9230	0.9228
3
0305	0.0248	1.0000	0.2571	0.9420	0.0506s	0.3410	0.9240	0.9238
4
0306	0.0216	1.0000	0.2803	0.9380	0.0504s	0.3558	0.9240	0.9238
5
0307	0.0214	1.0000	0.2859	0.9400	0.0504s	0.3808	0.9230	0.9228
6
0308	0.0246	1.0000	0.2506	0.9400	0.0508s	0.3547	0.9250	0.9249
7
0309	0.0336	1.0000	0.3147	0.9400	0.0506s	0.3713	0.9240	0.9237
8
0310	0.0266	1.0000	0.2806	0.9380	0.0510s	0.3688	0.9230	0.9228
9
0311	0.0195	1.0000	0.2516	0.9400	0.0512s	0.3716	0.9230	0.9229
10
0312	0.0258	1.0000	0.2777	0.9380	0.0507s	0.3879	0.9230	0.9228
11
0313	0.0305	0.9833	0.2879	0.9340	0.0507s	0.3533	0.9160	0.9161
12
0314	0.0453	1.0000	0.3348	0.9340	0.0505s	0.3916	0.9230	0.9224
13
0315	0.0335	1.0000	0.2969	0.9400	0.0509s	0.4104	0.9210	0.9207
14
0316	0.0276	1.0000	0.2638	0.9460	0.0507s	0.3790	0.9200	0.9200
15
0317	0.0325	1.0000	0.2799	0.9400	0.0508s	0.3559	0.9240	0.9238
0
0318	0.0237	1.0000	0.3580	0.9320	0.0506s	0.4310	0.9180	0.9172
1
0319	0.0454	1.0000	0.2666	0.9440	0.0506s	0.3667	0.9200	0.9200
2
0320	0.0280	1.0000	0.2699	0.9400	0.0508s	0.3872	0.9150	0.9152
3
0321	0.0379	0.9833	0.3540	0.9380	0.0505s	0.4458	0.9190	0.9185
4
0322	0.0399	1.0000	0.3371	0.9340	0.0507s	0.4041	0.9210	0.9203
5
0323	0.0323	1.0000	0.2963	0.9340	0.0515s	0.3849	0.9120	0.9122
6
0324	0.0332	0.9833	0.2748	0.9400	0.0507s	0.3870	0.9150	0.9151
7
0325	0.0279	1.0000	0.3197	0.9380	0.0505s	0.4242	0.9240	0.9237
8
0326	0.0261	1.0000	0.3888	0.9340	0.0517s	0.4761	0.9180	0.9172
9
0327	0.0311	1.0000	0.3252	0.9360	0.0513s	0.3980	0.9240	0.9235
10
0328	0.0325	1.0000	0.2745	0.9460	0.0515s	0.3843	0.9210	0.9210
11
0329	0.0235	1.0000	0.2769	0.9420	0.0519s	0.4059	0.9150	0.9152
0
0330	0.0341	1.0000	0.2923	0.9440	0.0516s	0.4022	0.9250	0.9248
1
0331	0.0238	1.0000	0.3633	0.9340	0.0510s	0.4492	0.9190	0.9181
2
0332	0.0370	0.9833	0.3041	0.9400	0.0508s	0.3887	0.9260	0.9256
3
0333	0.0238	1.0000	0.2670	0.9460	0.0506s	0.3830	0.9260	0.9259
4
0334	0.0223	1.0000	0.2605	0.9440	0.0507s	0.3920	0.9240	0.9240
0
0335	0.0253	1.0000	0.2833	0.9440	0.0509s	0.3947	0.9240	0.9237
1
0336	0.0249	1.0000	0.3171	0.9360	0.0518s	0.3997	0.9230	0.9224
2
0337	0.0316	1.0000	0.2669	0.9460	0.0514s	0.3695	0.9260	0.9259
3
0338	0.0193	1.0000	0.2510	0.9420	0.0512s	0.3848	0.9230	0.9230
0
0339	0.0251	1.0000	0.2492	0.9460	0.0512s	0.3803	0.9260	0.9260
1
0340	0.0270	0.9833	0.2951	0.9420	0.0506s	0.3858	0.9250	0.9245
0
0341	0.0242	1.0000	0.3297	0.9360	0.0510s	0.4098	0.9220	0.9214
1
0342	0.0298	1.0000	0.2703	0.9420	0.0506s	0.3763	0.9270	0.9268
2
0343	0.0210	1.0000	0.2514	0.9400	0.0507s	0.3778	0.9250	0.9250
3
0344	0.0352	1.0000	0.2726	0.9440	0.0508s	0.3933	0.9230	0.9228
4
0345	0.0224	1.0000	0.3085	0.9420	0.0505s	0.3835	0.9230	0.9225
5
0346	0.0309	1.0000	0.2817	0.9420	0.0505s	0.3758	0.9250	0.9248
6
0347	0.0249	0.9833	0.2575	0.9380	0.0507s	0.3761	0.9230	0.9230
7
0348	0.0282	1.0000	0.2560	0.9420	0.0507s	0.3775	0.9250	0.9249
8
0349	0.0306	1.0000	0.3219	0.9420	0.0508s	0.4159	0.9200	0.9196
9
0350	0.0347	0.9833	0.2981	0.9440	0.0506s	0.3594	0.9170	0.9168
10
0351	0.0332	1.0000	0.2588	0.9380	0.0508s	0.3656	0.9230	0.9229
11
0352	0.0232	1.0000	0.3005	0.9340	0.0505s	0.4525	0.9140	0.9140
12
0353	0.0388	1.0000	0.2646	0.9380	0.0505s	0.3615	0.9260	0.9259
13
0354	0.0229	1.0000	0.2942	0.9400	0.0502s	0.3569	0.9220	0.9218
14
0355	0.0279	1.0000	0.2916	0.9440	0.0514s	0.3836	0.9270	0.9268
15
0356	0.0244	1.0000	0.2914	0.9400	0.0510s	0.4272	0.9240	0.9237
16
0357	0.0329	1.0000	0.2687	0.9380	0.0508s	0.3770	0.9210	0.9210
17
0358	0.0380	1.0000	0.2964	0.9380	0.0510s	0.3565	0.9210	0.9207
18
0359	0.0298	1.0000	0.3752	0.9340	0.0508s	0.4419	0.9110	0.9095
19
0360	0.0402	1.0000	0.2900	0.9420	0.0505s	0.4026	0.9250	0.9248
20
0361	0.0224	1.0000	0.2659	0.9380	0.0505s	0.3983	0.9240	0.9240
21
0362	0.0358	0.9833	0.2643	0.9380	0.0506s	0.3691	0.9230	0.9229
22
0363	0.0193	1.0000	0.2948	0.9360	0.0510s	0.3709	0.9250	0.9248
23
0364	0.0232	1.0000	0.2957	0.9380	0.0509s	0.3731	0.9250	0.9248
24
0365	0.0211	1.0000	0.2675	0.9380	0.0505s	0.3691	0.9260	0.9259
25
0366	0.0198	1.0000	0.2617	0.9380	0.0507s	0.3800	0.9240	0.9239
26
0367	0.0244	1.0000	0.2753	0.9400	0.0506s	0.3922	0.9260	0.9258
27
0368	0.0258	1.0000	0.2731	0.9400	0.0508s	0.3528	0.9230	0.9228
28
0369	0.0222	1.0000	0.2755	0.9380	0.0506s	0.3554	0.9240	0.9238
29
0370	0.0226	1.0000	0.2782	0.9400	0.0505s	0.3914	0.9250	0.9248
30
0371	0.0252	1.0000	0.2590	0.9380	0.0507s	0.3762	0.9250	0.9249
31
0372	0.0224	1.0000	0.2615	0.9380	0.0508s	0.3600	0.9250	0.9249
32
0373	0.0198	1.0000	0.2789	0.9360	0.0513s	0.3597	0.9250	0.9248
33
0374	0.0267	1.0000	0.2670	0.9420	0.0513s	0.3649	0.9260	0.9258
34
0375	0.0199	1.0000	0.2612	0.9400	0.0510s	0.3879	0.9250	0.9249
35
0376	0.0279	1.0000	0.2589	0.9420	0.0512s	0.3761	0.9250	0.9249
36
0377	0.0227	1.0000	0.2677	0.9400	0.0514s	0.3582	0.9230	0.9228
37
0378	0.0240	1.0000	0.2702	0.9400	0.0513s	0.3746	0.9230	0.9228
38
0379	0.0241	1.0000	0.2564	0.9400	0.0512s	0.3683	0.9260	0.9259
39
0380	0.0227	1.0000	0.2586	0.9400	0.0510s	0.3666	0.9250	0.9249
40
0381	0.0194	1.0000	0.2740	0.9380	0.0510s	0.3648	0.9220	0.9218
41
0382	0.0204	1.0000	0.2703	0.9380	0.0508s	0.3532	0.9210	0.9208
42
0383	0.0253	1.0000	0.2605	0.9400	0.0508s	0.3608	0.9250	0.9249
43
0384	0.0234	1.0000	0.2589	0.9380	0.0508s	0.3723	0.9240	0.9239
44
0385	0.0240	1.0000	0.2786	0.9360	0.0518s	0.3470	0.9210	0.9208
45
0386	0.0265	1.0000	0.2660	0.9380	0.0513s	0.3572	0.9230	0.9229
46
0387	0.0246	1.0000	0.2541	0.9400	0.0512s	0.3560	0.9260	0.9259
47
0388	0.0269	1.0000	0.2909	0.9400	0.0518s	0.3694	0.9230	0.9228
48
0389	0.0267	1.0000	0.2715	0.9420	0.0518s	0.3366	0.9210	0.9210
49
0390	0.0377	1.0000	0.2840	0.9420	0.0514s	0.4058	0.9210	0.9208
50
0391	0.0305	1.0000	0.2521	0.9380	0.0515s	0.3551	0.9260	0.9259
51
0392	0.0205	1.0000	0.2728	0.9380	0.0495s	0.3351	0.9210	0.9208
52
0393	0.0261	1.0000	0.2855	0.9380	0.0539s	0.3678	0.9210	0.9208
53
0394	0.0222	1.0000	0.2674	0.9380	0.0514s	0.3900	0.9220	0.9219
54
0395	0.0324	0.9833	0.2685	0.9420	0.0506s	0.3617	0.9120	0.9121
55
0396	0.0399	1.0000	0.3479	0.9360	0.0500s	0.3989	0.9160	0.9150
56
0397	0.0329	1.0000	0.3429	0.9360	0.0507s	0.4179	0.9240	0.9235
57
0398	0.0378	1.0000	0.2641	0.9400	0.0510s	0.3759	0.9240	0.9240
58
0399	0.0344	1.0000	0.2633	0.9420	0.0508s	0.3868	0.9250	0.9250
59
0400	0.0285	0.9833	0.3011	0.9360	0.0507s	0.4074	0.9220	0.9216
60
0401	0.0239	1.0000	0.3313	0.9400	0.0818s	0.3952	0.9230	0.9224
61
0402	0.0275	1.0000	0.2924	0.9400	0.0633s	0.3595	0.9260	0.9258
62
0403	0.0198	1.0000	0.2623	0.9420	0.0600s	0.3650	0.9230	0.9229
63
0404	0.0219	1.0000	0.2693	0.9360	0.0600s	0.3977	0.9210	0.9208
64
0405	0.0314	0.9833	0.3060	0.9380	0.0600s	0.3787	0.9250	0.9247
65
0406	0.0232	1.0000	0.3340	0.9340	0.0599s	0.3872	0.9210	0.9204
66
0407	0.0357	1.0000	0.2722	0.9380	0.0601s	0.3728	0.9220	0.9219
67
0408	0.0281	1.0000	0.2984	0.9360	0.0599s	0.4442	0.9130	0.9130
68
0409	0.0365	0.9833	0.2737	0.9380	0.0598s	0.3870	0.9220	0.9219
69
0410	0.0277	1.0000	0.3043	0.9340	0.0602s	0.3624	0.9230	0.9227
70
0411	0.0287	1.0000	0.3300	0.9360	0.0600s	0.3887	0.9230	0.9225
71
0412	0.0272	1.0000	0.3015	0.9400	0.0593s	0.3849	0.9240	0.9237
72
0413	0.0198	1.0000	0.2756	0.9360	0.0588s	0.3900	0.9200	0.9200
73
0414	0.0214	1.0000	0.2728	0.9360	0.0554s	0.3897	0.9210	0.9210
74
0415	0.0234	1.0000	0.2777	0.9380	0.0525s	0.3673	0.9220	0.9219
75
0416	0.0233	1.0000	0.3053	0.9380	0.0519s	0.3517	0.9230	0.9227
76
0417	0.0226	1.0000	0.3101	0.9360	0.0519s	0.3530	0.9250	0.9246
77
0418	0.0250	1.0000	0.2983	0.9440	0.0524s	0.3770	0.9240	0.9238
78
0419	0.0227	1.0000	0.2608	0.9380	0.0521s	0.3654	0.9250	0.9250
79
0420	0.0255	1.0000	0.2586	0.9380	0.0520s	0.3616	0.9250	0.9250
80
0421	0.0242	1.0000	0.3040	0.9460	0.0520s	0.3723	0.9220	0.9217
81
0422	0.0239	1.0000	0.3078	0.9380	0.0519s	0.3474	0.9240	0.9236
0
0423	0.0266	1.0000	0.2849	0.9440	0.0517s	0.3458	0.9230	0.9228
1
0424	0.0193	1.0000	0.2665	0.9440	0.0518s	0.3706	0.9230	0.9228
2
0425	0.0228	1.0000	0.2600	0.9440	0.0518s	0.3641	0.9230	0.9229
3
0426	0.0223	0.9833	0.2734	0.9440	0.0520s	0.3536	0.9230	0.9228
4
0427	0.0208	1.0000	0.2976	0.9420	0.0518s	0.3585	0.9240	0.9238
5
0428	0.0202	1.0000	0.2895	0.9420	0.0520s	0.3506	0.9230	0.9228
6
0429	0.0237	1.0000	0.2615	0.9420	0.0519s	0.3444	0.9220	0.9219
7
0430	0.0215	1.0000	0.2759	0.9460	0.0517s	0.3902	0.9220	0.9218
8
0431	0.0248	1.0000	0.2644	0.9440	0.0516s	0.3599	0.9230	0.9228
0
0432	0.0241	1.0000	0.2806	0.9420	0.0521s	0.3412	0.9250	0.9248
1
0433	0.0334	1.0000	0.2998	0.9440	0.0523s	0.3928	0.9270	0.9267
2
0434	0.0264	1.0000	0.2594	0.9460	0.0513s	0.3856	0.9220	0.9218
3
0435	0.0254	0.9833	0.2490	0.9460	0.0512s	0.3593	0.9260	0.9259
0
0436	0.0275	1.0000	0.2932	0.9440	0.0520s	0.3753	0.9230	0.9228
0
0437	0.0257	1.0000	0.3026	0.9460	0.0518s	0.4053	0.9250	0.9247
1
0438	0.0330	1.0000	0.2575	0.9400	0.0516s	0.3791	0.9150	0.9152
0
0439	0.0394	1.0000	0.2742	0.9460	0.0524s	0.3806	0.9210	0.9208
1
0440	0.0238	1.0000	0.2974	0.9460	0.0517s	0.3959	0.9250	0.9248
0
0441	0.0265	1.0000	0.2597	0.9460	0.0516s	0.3538	0.9230	0.9229
0
0442	0.0255	1.0000	0.2478	0.9480	0.0514s	0.3663	0.9240	0.9239
0
0443	0.0240	1.0000	0.2852	0.9480	0.0519s	0.4219	0.9200	0.9197
0
0444	0.0293	1.0000	0.2738	0.9460	0.0529s	0.3773	0.9240	0.9238
0
0445	0.0230	1.0000	0.2680	0.9460	0.0517s	0.3595	0.9240	0.9239
1
0446	0.0211	1.0000	0.2582	0.9440	0.0516s	0.3747	0.9250	0.9249
2
0447	0.0196	1.0000	0.2751	0.9460	0.0842s	0.4114	0.9220	0.9218
3
0448	0.0227	1.0000	0.2650	0.9440	0.0657s	0.3760	0.9250	0.9249
4
0449	0.0182	1.0000	0.2727	0.9420	0.0597s	0.3629	0.9220	0.9219
5
0450	0.0261	1.0000	0.2915	0.9440	0.0599s	0.4180	0.9250	0.9247
6
0451	0.0300	1.0000	0.2528	0.9400	0.0599s	0.3822	0.9240	0.9240
7
0452	0.0247	0.9833	0.2671	0.9420	0.0599s	0.3711	0.9260	0.9259
8
0453	0.0185	1.0000	0.2967	0.9460	0.0600s	0.3937	0.9240	0.9238
9
0454	0.0287	1.0000	0.2682	0.9460	0.0596s	0.4057	0.9220	0.9218
10
0455	0.0238	1.0000	0.2492	0.9420	0.0597s	0.3852	0.9230	0.9229
11
0456	0.0223	1.0000	0.2732	0.9440	0.0595s	0.3671	0.9220	0.9218
12
0457	0.0210	1.0000	0.2915	0.9460	0.0597s	0.3934	0.9230	0.9228
13
0458	0.0275	1.0000	0.2575	0.9440	0.0599s	0.3836	0.9220	0.9219
14
0459	0.0258	1.0000	0.2660	0.9460	0.0600s	0.3671	0.9240	0.9239
15
0460	0.0195	1.0000	0.2911	0.9440	0.0600s	0.3811	0.9220	0.9218
16
0461	0.0255	1.0000	0.2739	0.9440	0.0598s	0.3843	0.9220	0.9218
17
0462	0.0281	1.0000	0.2643	0.9440	0.0596s	0.3625	0.9240	0.9239
18
0463	0.0273	1.0000	0.2863	0.9480	0.0576s	0.4006	0.9230	0.9228
19
0464	0.0231	1.0000	0.2897	0.9480	0.0535s	0.4002	0.9230	0.9228
0
0465	0.0277	1.0000	0.2652	0.9420	0.0517s	0.3620	0.9210	0.9209
0
0466	0.0262	1.0000	0.2864	0.9440	0.0515s	0.3671	0.9210	0.9208
1
0467	0.0274	1.0000	0.2947	0.9460	0.0506s	0.4088	0.9230	0.9228
2
0468	0.0302	0.9833	0.2750	0.9440	0.0507s	0.3613	0.9230	0.9229
3
0469	0.0235	1.0000	0.2616	0.9440	0.0506s	0.3676	0.9230	0.9229
4
0470	0.0238	1.0000	0.2926	0.9480	0.0516s	0.4114	0.9230	0.9228
5
0471	0.0374	0.9833	0.2723	0.9440	0.0507s	0.3550	0.9210	0.9208
0
0472	0.0245	1.0000	0.2749	0.9440	0.0505s	0.3587	0.9210	0.9208
1
0473	0.0225	1.0000	0.3070	0.9440	0.0506s	0.4338	0.9210	0.9207
2
0474	0.0299	1.0000	0.2585	0.9460	0.0507s	0.3935	0.9230	0.9229
3
0475	0.0236	1.0000	0.2790	0.9420	0.0504s	0.3567	0.9210	0.9207
4
0476	0.0312	1.0000	0.3217	0.9460	0.0504s	0.4106	0.9240	0.9236
5
0477	0.0231	1.0000	0.2930	0.9480	0.0506s	0.4130	0.9250	0.9247
6
0478	0.0220	1.0000	0.2574	0.9440	0.0511s	0.3767	0.9230	0.9229
0
0479	0.0204	1.0000	0.2709	0.9440	0.0509s	0.3695	0.9230	0.9229
1
0480	0.0231	1.0000	0.3225	0.9440	0.0507s	0.4049	0.9250	0.9247
2
0481	0.0266	1.0000	0.3164	0.9440	0.0807s	0.4267	0.9220	0.9217
3
0482	0.0303	1.0000	0.2628	0.9420	0.0638s	0.3761	0.9230	0.9229
4
0483	0.0232	1.0000	0.2695	0.9440	0.0599s	0.3710	0.9220	0.9219
5
0484	0.0201	1.0000	0.3231	0.9420	0.0596s	0.4247	0.9230	0.9227
6
0485	0.0341	1.0000	0.2795	0.9460	0.0598s	0.4000	0.9230	0.9228
7
0486	0.0217	0.9833	0.2640	0.9420	0.0599s	0.3870	0.9230	0.9229
8
0487	0.0279	1.0000	0.2808	0.9440	0.0601s	0.4028	0.9230	0.9228
9
0488	0.0194	1.0000	0.3115	0.9420	0.0597s	0.4473	0.9170	0.9166
10
0489	0.0373	1.0000	0.3131	0.9300	0.0597s	0.4336	0.9020	0.9023
11
0490	0.0532	1.0000	0.3050	0.9420	0.0595s	0.3996	0.9220	0.9217
12
0491	0.0261	1.0000	0.4166	0.9220	0.0598s	0.5365	0.9110	0.9101
13
0492	0.0564	0.9833	0.2623	0.9460	0.0599s	0.3812	0.9210	0.9209
14
0493	0.0254	1.0000	0.2963	0.9260	0.0597s	0.4304	0.9070	0.9074
15
0494	0.0571	0.9833	0.2953	0.9420	0.0577s	0.4128	0.9210	0.9207
16
0495	0.0193	1.0000	0.4679	0.9140	0.0552s	0.5674	0.9030	0.9010
17
0496	0.0443	1.0000	0.3298	0.9320	0.0519s	0.4178	0.9220	0.9212
18
0497	0.0325	1.0000	0.2576	0.9460	0.0519s	0.3920	0.9200	0.9201
19
0498	0.0362	1.0000	0.2584	0.9480	0.0518s	0.3932	0.9220	0.9220
20
0499	0.0302	1.0000	0.3081	0.9360	0.0510s	0.4008	0.9290	0.9287
0
0500	0.0200	1.0000	0.3848	0.9340	0.0520s	0.4645	0.9190	0.9178
1
0501	0.0274	1.0000	0.3586	0.9380	0.0531s	0.4662	0.9200	0.9194
2
0502	0.0278	1.0000	0.2881	0.9400	0.0512s	0.4192	0.9250	0.9249
3
0503	0.0274	1.0000	0.2738	0.9440	0.0510s	0.3874	0.9230	0.9230
4
0504	0.0201	1.0000	0.2844	0.9480	0.0519s	0.3803	0.9200	0.9200
5
0505	0.0246	1.0000	0.3086	0.9340	0.0517s	0.3994	0.9290	0.9288
0
0506	0.0232	1.0000	0.3481	0.9420	0.0520s	0.4601	0.9200	0.9197
1
0507	0.0282	1.0000	0.3002	0.9380	0.0512s	0.4246	0.9240	0.9239
2
0508	0.0247	1.0000	0.2979	0.9380	0.0521s	0.3833	0.9250	0.9248
3
0509	0.0218	1.0000	0.3135	0.9340	0.0516s	0.3844	0.9250	0.9247
4
0510	0.0268	1.0000	0.3106	0.9360	0.0515s	0.3872	0.9240	0.9238
5
0511	0.0223	1.0000	0.3006	0.9380	0.0519s	0.4169	0.9260	0.9259
6
0512	0.0269	1.0000	0.2986	0.9380	0.0526s	0.4195	0.9250	0.9249
7
0513	0.0218	1.0000	0.3127	0.9380	0.0513s	0.4072	0.9250	0.9248
8
0514	0.0272	1.0000	0.3572	0.9300	0.0510s	0.4066	0.9230	0.9225
9
0515	0.0293	1.0000	0.3194	0.9400	0.0521s	0.3812	0.9230	0.9227
10
0516	0.0244	1.0000	0.2798	0.9400	0.0511s	0.3934	0.9250	0.9249
11
0517	0.0227	1.0000	0.2973	0.9360	0.0509s	0.4308	0.9230	0.9229
12
0518	0.0288	1.0000	0.3039	0.9360	0.0507s	0.4079	0.9260	0.9258
13
0519	0.0273	1.0000	0.3212	0.9400	0.0508s	0.3700	0.9190	0.9185
14
0520	0.0349	1.0000	0.2981	0.9380	0.0511s	0.3615	0.9230	0.9227
15
0521	0.0244	1.0000	0.3254	0.9380	0.0512s	0.4401	0.9200	0.9198
16
0522	0.0271	1.0000	0.2919	0.9380	0.0512s	0.4175	0.9250	0.9248
17
0523	0.0271	1.0000	0.2781	0.9400	0.0517s	0.3570	0.9240	0.9239
18
0524	0.0246	1.0000	0.3265	0.9400	0.0508s	0.3783	0.9230	0.9225
19
0525	0.0227	1.0000	0.3403	0.9380	0.0506s	0.3966	0.9210	0.9205
20
0526	0.0270	1.0000	0.2675	0.9400	0.0507s	0.3719	0.9280	0.9279
21
0527	0.0333	0.9833	0.2699	0.9420	0.0508s	0.3870	0.9280	0.9279
22
0528	0.0284	0.9833	0.3196	0.9380	0.0509s	0.4025	0.9220	0.9217
23
0529	0.0240	0.9833	0.3172	0.9400	0.0505s	0.3818	0.9230	0.9225
24
0530	0.0233	1.0000	0.2828	0.9440	0.0509s	0.3577	0.9270	0.9267
25
0531	0.0210	1.0000	0.2741	0.9420	0.0511s	0.3801	0.9260	0.9258
26
0532	0.0248	1.0000	0.2888	0.9420	0.0506s	0.4008	0.9230	0.9228
27
0533	0.0247	1.0000	0.2956	0.9400	0.0507s	0.3840	0.9240	0.9238
28
0534	0.0216	1.0000	0.2971	0.9400	0.0507s	0.3671	0.9240	0.9235
29
0535	0.0218	1.0000	0.2809	0.9400	0.0517s	0.3741	0.9260	0.9259
30
0536	0.0195	1.0000	0.2704	0.9400	0.0506s	0.3978	0.9260	0.9258
31
0537	0.0258	1.0000	0.2669	0.9400	0.0506s	0.3832	0.9260	0.9258
32
0538	0.0232	1.0000	0.2877	0.9400	0.0531s	0.3697	0.9250	0.9247
33
0539	0.0230	1.0000	0.2943	0.9420	0.0511s	0.3738	0.9250	0.9247
34
0540	0.0233	1.0000	0.2642	0.9400	0.0506s	0.3719	0.9260	0.9258
35
0541	0.0189	1.0000	0.2708	0.9420	0.0508s	0.3772	0.9260	0.9258
36
0542	0.0223	1.0000	0.2900	0.9420	0.0510s	0.3640	0.9260	0.9258
37
0543	0.0261	1.0000	0.2992	0.9420	0.0511s	0.3731	0.9240	0.9238
38
0544	0.0199	1.0000	0.2719	0.9420	0.0509s	0.3587	0.9260	0.9258
39
0545	0.0241	1.0000	0.2654	0.9420	0.0509s	0.3507	0.9260	0.9258
40
0546	0.0207	1.0000	0.2992	0.9420	0.0511s	0.3743	0.9270	0.9268
41
0547	0.0227	1.0000	0.2804	0.9420	0.0512s	0.3414	0.9270	0.9268
42
0548	0.0229	1.0000	0.2840	0.9420	0.0506s	0.3493	0.9270	0.9269
43
0549	0.0220	1.0000	0.3102	0.9440	0.0510s	0.4058	0.9250	0.9248
44
0550	0.0347	1.0000	0.2819	0.9400	0.0511s	0.3636	0.9140	0.9141
45
0551	0.0401	1.0000	0.3122	0.9420	0.0512s	0.3695	0.9250	0.9247
46
0552	0.0232	1.0000	0.3584	0.9400	0.0507s	0.4509	0.9200	0.9196
47
0553	0.0317	1.0000	0.2649	0.9400	0.0510s	0.3813	0.9270	0.9269
48
0554	0.0255	1.0000	0.2700	0.9420	0.0508s	0.3651	0.9270	0.9269
49
0555	0.0205	1.0000	0.3211	0.9400	0.0507s	0.4017	0.9240	0.9238
50
0556	0.0203	1.0000	0.3001	0.9420	0.0506s	0.3934	0.9260	0.9259
51
0557	0.0226	1.0000	0.2650	0.9420	0.0510s	0.3741	0.9260	0.9259
52
0558	0.0230	1.0000	0.2812	0.9420	0.0512s	0.3777	0.9260	0.9258
53
0559	0.0212	1.0000	0.3164	0.9400	0.0516s	0.4054	0.9250	0.9248
54
0560	0.0257	1.0000	0.3053	0.9400	0.0507s	0.4002	0.9270	0.9269
55
0561	0.0189	1.0000	0.2794	0.9420	0.0505s	0.3893	0.9260	0.9259
56
0562	0.0244	1.0000	0.2898	0.9420	0.0507s	0.4015	0.9260	0.9259
57
0563	0.0186	1.0000	0.2807	0.9420	0.0507s	0.3932	0.9260	0.9259
58
0564	0.0168	1.0000	0.2807	0.9420	0.0507s	0.3877	0.9260	0.9259
59
0565	0.0190	1.0000	0.2912	0.9400	0.0506s	0.3870	0.9260	0.9259
60
0566	0.0234	1.0000	0.2644	0.9420	0.0510s	0.3800	0.9260	0.9259
61
0567	0.0230	1.0000	0.2828	0.9400	0.0506s	0.4060	0.9230	0.9228
62
0568	0.0246	1.0000	0.2839	0.9400	0.0507s	0.3740	0.9260	0.9259
63
0569	0.0207	1.0000	0.2854	0.9400	0.0506s	0.3636	0.9260	0.9259
64
0570	0.0279	1.0000	0.2722	0.9420	0.0510s	0.3891	0.9260	0.9259
65
0571	0.0224	0.9833	0.2736	0.9400	0.0508s	0.3648	0.9260	0.9259
66
0572	0.0256	1.0000	0.2976	0.9400	0.0508s	0.3676	0.9250	0.9249
67
0573	0.0264	1.0000	0.2736	0.9420	0.0505s	0.3652	0.9260	0.9259
68
0574	0.0233	1.0000	0.2534	0.9460	0.0532s	0.3585	0.9270	0.9269
69
0575	0.0345	1.0000	0.3580	0.9380	0.0507s	0.4265	0.9180	0.9176
70
0576	0.0304	1.0000	0.3014	0.9400	0.0840s	0.3724	0.9250	0.9248
71
0577	0.0231	1.0000	0.2497	0.9460	0.0648s	0.3699	0.9260	0.9259
72
0578	0.0275	1.0000	0.2859	0.9440	0.0601s	0.4167	0.9220	0.9218
73
0579	0.0287	1.0000	0.2788	0.9420	0.0600s	0.3556	0.9250	0.9249
74
0580	0.0222	1.0000	0.2954	0.9420	0.0600s	0.3603	0.9260	0.9257
75
0581	0.0292	1.0000	0.2979	0.9420	0.0600s	0.4217	0.9220	0.9218
76
0582	0.0268	1.0000	0.2624	0.9420	0.0601s	0.3882	0.9250	0.9248
77
0583	0.0224	1.0000	0.2806	0.9440	0.0599s	0.3691	0.9260	0.9259
78
0584	0.0219	1.0000	0.3194	0.9380	0.0596s	0.3933	0.9230	0.9228
79
0585	0.0222	0.9833	0.2883	0.9420	0.0598s	0.3836	0.9260	0.9258
80
0586	0.0215	1.0000	0.2641	0.9440	0.0598s	0.3795	0.9260	0.9259
81
0587	0.0230	1.0000	0.2835	0.9420	0.0599s	0.3901	0.9250	0.9248
82
0588	0.0224	1.0000	0.3292	0.9380	0.0593s	0.4096	0.9220	0.9218
83
0589	0.0262	1.0000	0.2974	0.9420	0.0555s	0.3704	0.9260	0.9259
84
0590	0.0199	1.0000	0.2740	0.9440	0.0519s	0.3692	0.9260	0.9258
85
0591	0.0193	1.0000	0.2890	0.9400	0.0512s	0.4015	0.9260	0.9258
86
0592	0.0198	1.0000	0.3149	0.9380	0.0510s	0.4256	0.9210	0.9208
87
0593	0.0227	1.0000	0.2844	0.9440	0.0517s	0.3568	0.9270	0.9268
88
0594	0.0214	1.0000	0.2840	0.9420	0.0507s	0.3564	0.9260	0.9258
89
0595	0.0205	1.0000	0.3080	0.9400	0.0507s	0.4168	0.9250	0.9248
90
0596	0.0205	1.0000	0.2749	0.9420	0.0513s	0.3860	0.9260	0.9258
91
0597	0.0225	1.0000	0.2754	0.9420	0.0513s	0.3515	0.9280	0.9279
92
0598	0.0240	1.0000	0.3154	0.9400	0.0506s	0.3970	0.9270	0.9268
93
0599	0.0226	1.0000	0.3171	0.9360	0.0506s	0.4178	0.9210	0.9208
94
0600	0.0256	1.0000	0.2719	0.9480	0.0513s	0.3787	0.9230	0.9230
95
0601	0.0334	1.0000	0.2779	0.9420	0.0513s	0.3640	0.9250	0.9248
0
0602	0.0246	1.0000	0.3837	0.9340	0.0507s	0.4625	0.9150	0.9141
1
0603	0.0448	1.0000	0.2751	0.9420	0.0509s	0.3614	0.9260	0.9259
2
0604	0.0235	1.0000	0.2728	0.9460	0.0509s	0.3805	0.9180	0.9181
3
0605	0.0298	1.0000	0.3129	0.9400	0.0510s	0.4093	0.9240	0.9238
4
0606	0.0280	1.0000	0.3162	0.9380	0.0506s	0.4142	0.9240	0.9238
5
0607	0.0223	1.0000	0.2814	0.9420	0.0506s	0.3791	0.9260	0.9259
6
0608	0.0200	1.0000	0.2808	0.9420	0.0517s	0.3905	0.9270	0.9269
7
0609	0.0179	1.0000	0.2984	0.9420	0.0511s	0.4062	0.9250	0.9248
8
0610	0.0163	1.0000	0.3155	0.9400	0.0506s	0.4083	0.9260	0.9258
9
0611	0.0215	1.0000	0.2973	0.9400	0.0512s	0.3883	0.9270	0.9268
10
0612	0.0209	1.0000	0.2929	0.9400	0.0520s	0.3968	0.9260	0.9258
11
0613	0.0234	1.0000	0.3058	0.9400	0.0518s	0.3917	0.9240	0.9238
12
0614	0.0187	1.0000	0.3040	0.9400	0.0510s	0.3810	0.9260	0.9258
13
0615	0.0241	1.0000	0.2924	0.9400	0.0512s	0.3722	0.9270	0.9269
14
0616	0.0200	1.0000	0.2961	0.9400	0.0515s	0.3710	0.9260	0.9259
15
0617	0.0199	1.0000	0.3103	0.9420	0.0512s	0.3865	0.9240	0.9238
16
0618	0.0191	1.0000	0.2969	0.9400	0.0512s	0.3698	0.9260	0.9258
17
0619	0.0173	1.0000	0.2897	0.9400	0.0515s	0.3681	0.9260	0.9259
18
0620	0.0233	1.0000	0.2998	0.9420	0.0515s	0.3761	0.9240	0.9238
19
0621	0.0240	1.0000	0.2926	0.9400	0.0508s	0.3638	0.9250	0.9248
20
0622	0.0209	1.0000	0.2890	0.9400	0.0511s	0.3559	0.9270	0.9268
21
0623	0.0194	1.0000	0.2894	0.9420	0.0508s	0.3754	0.9250	0.9248
22
0624	0.0254	1.0000	0.2954	0.9420	0.0508s	0.3658	0.9250	0.9248
23
0625	0.0206	1.0000	0.2811	0.9400	0.0507s	0.3710	0.9260	0.9258
24
0626	0.0228	1.0000	0.2784	0.9420	0.0507s	0.3445	0.9280	0.9279
25
0627	0.0320	1.0000	0.3044	0.9400	0.0508s	0.4091	0.9230	0.9228
26
0628	0.0311	1.0000	0.2827	0.9420	0.0536s	0.3480	0.9230	0.9230
27
0629	0.0320	1.0000	0.2836	0.9400	0.0521s	0.3807	0.9240	0.9238
28
0630	0.0265	1.0000	0.3321	0.9320	0.0517s	0.4616	0.9170	0.9167
29
0631	0.0293	1.0000	0.2714	0.9420	0.0522s	0.3640	0.9290	0.9289
30
0632	0.0240	1.0000	0.2903	0.9400	0.0528s	0.3600	0.9250	0.9247
31
0633	0.0300	1.0000	0.3153	0.9360	0.0610s	0.4477	0.9190	0.9187
32
0634	0.0280	1.0000	0.2757	0.9400	0.0564s	0.4083	0.9240	0.9238
33
0635	0.0278	1.0000	0.2988	0.9380	0.0513s	0.3764	0.9240	0.9237
34
0636	0.0211	1.0000	0.2969	0.9400	0.0508s	0.3748	0.9250	0.9248
35
0637	0.0197	1.0000	0.2806	0.9400	0.0511s	0.3989	0.9240	0.9238
36
0638	0.0189	1.0000	0.2831	0.9400	0.0508s	0.4135	0.9220	0.9218
37
0639	0.0195	1.0000	0.2809	0.9400	0.0505s	0.3792	0.9270	0.9268
38
0640	0.0182	1.0000	0.3022	0.9400	0.0509s	0.3638	0.9250	0.9248
39
0641	0.0239	1.0000	0.3008	0.9400	0.0508s	0.3768	0.9250	0.9248
40
0642	0.0248	1.0000	0.2902	0.9400	0.0505s	0.4292	0.9220	0.9218
41
0643	0.0312	1.0000	0.2755	0.9420	0.0511s	0.3868	0.9260	0.9259
42
0644	0.0271	1.0000	0.3117	0.9380	0.0508s	0.3795	0.9240	0.9237
43
0645	0.0242	1.0000	0.3380	0.9360	0.0503s	0.3969	0.9220	0.9215
44
0646	0.0280	1.0000	0.2800	0.9400	0.0505s	0.3747	0.9260	0.9258
45
0647	0.0219	1.0000	0.2825	0.9420	0.0506s	0.3992	0.9240	0.9238
46
0648	0.0246	1.0000	0.3015	0.9400	0.0505s	0.4019	0.9220	0.9218
47
0649	0.0252	0.9833	0.3116	0.9380	0.0508s	0.3629	0.9250	0.9247
48
0650	0.0246	1.0000	0.2985	0.9400	0.0508s	0.3772	0.9260	0.9258
49
0651	0.0207	1.0000	0.3003	0.9420	0.0506s	0.4117	0.9240	0.9238
50
0652	0.0260	1.0000	0.2878	0.9400	0.0507s	0.3746	0.9270	0.9268
51
0653	0.0231	1.0000	0.3189	0.9360	0.0508s	0.3760	0.9230	0.9227
52
0654	0.0245	1.0000	0.3110	0.9380	0.0505s	0.3914	0.9260	0.9258
53
0655	0.0273	1.0000	0.2932	0.9420	0.0508s	0.4131	0.9240	0.9238
54
0656	0.0236	1.0000	0.2853	0.9420	0.0507s	0.3960	0.9250	0.9248
55
0657	0.0236	1.0000	0.3186	0.9380	0.0508s	0.3922	0.9250	0.9247
56
0658	0.0263	1.0000	0.2959	0.9400	0.0506s	0.3638	0.9260	0.9258
57
0659	0.0275	1.0000	0.3006	0.9380	0.0506s	0.4313	0.9230	0.9228
58
0660	0.0241	1.0000	0.2838	0.9420	0.0511s	0.4056	0.9250	0.9249
59
0661	0.0221	1.0000	0.2927	0.9400	0.0513s	0.3787	0.9270	0.9268
60
0662	0.0184	1.0000	0.3222	0.9380	0.0513s	0.3896	0.9240	0.9237
61
0663	0.0240	1.0000	0.2961	0.9400	0.0512s	0.3781	0.9270	0.9268
62
0664	0.0171	1.0000	0.2812	0.9400	0.0511s	0.3866	0.9250	0.9249
63
0665	0.0219	1.0000	0.2996	0.9380	0.0508s	0.4140	0.9260	0.9258
64
0666	0.0186	1.0000	0.2897	0.9400	0.0514s	0.3801	0.9270	0.9268
65
0667	0.0271	1.0000	0.3083	0.9380	0.0513s	0.3646	0.9250	0.9247
66
0668	0.0234	1.0000	0.2971	0.9380	0.0515s	0.3722	0.9280	0.9278
67
0669	0.0203	1.0000	0.2861	0.9440	0.0507s	0.3865	0.9260	0.9258
68
0670	0.0233	1.0000	0.2739	0.9400	0.0588s	0.3672	0.9260	0.9258
69
0671	0.0256	1.0000	0.3641	0.9380	0.0544s	0.4208	0.9120	0.9108
70
0672	0.0303	1.0000	0.3210	0.9400	0.0533s	0.3766	0.9230	0.9226
71
0673	0.0243	1.0000	0.2730	0.9420	0.0518s	0.3846	0.9240	0.9238
72
0674	0.0271	1.0000	0.2991	0.9380	0.0518s	0.4338	0.9210	0.9209
73
0675	0.0348	1.0000	0.2980	0.9380	0.0520s	0.3689	0.9260	0.9257
74
0676	0.0262	1.0000	0.3232	0.9380	0.0513s	0.3862	0.9200	0.9192
75
0677	0.0248	1.0000	0.2900	0.9420	0.0514s	0.3856	0.9260	0.9258
76
0678	0.0259	0.9833	0.2731	0.9420	0.0518s	0.3741	0.9190	0.9190
77
0679	0.0260	1.0000	0.2858	0.9420	0.0520s	0.3974	0.9260	0.9258
78
0680	0.0260	1.0000	0.2961	0.9380	0.0512s	0.3850	0.9260	0.9257
79
0681	0.0208	1.0000	0.2882	0.9360	0.0517s	0.3645	0.9250	0.9247
80
0682	0.0245	1.0000	0.2926	0.9440	0.0516s	0.3987	0.9230	0.9227
81
0683	0.0229	1.0000	0.2801	0.9420	0.0512s	0.3963	0.9270	0.9268
82
0684	0.0248	1.0000	0.2817	0.9400	0.0513s	0.3564	0.9230	0.9228
83
0685	0.0274	1.0000	0.3180	0.9400	0.0511s	0.4020	0.9210	0.9206
84
0686	0.0265	1.0000	0.2832	0.9400	0.0532s	0.3791	0.9250	0.9247
85
0687	0.0219	1.0000	0.2742	0.9420	0.0509s	0.3948	0.9260	0.9258
86
0688	0.0223	1.0000	0.2903	0.9420	0.0513s	0.4015	0.9260	0.9258
87
0689	0.0233	0.9833	0.2840	0.9380	0.0516s	0.3742	0.9240	0.9237
88
0690	0.0209	1.0000	0.2874	0.9360	0.0516s	0.3617	0.9250	0.9247
89
0691	0.0234	1.0000	0.3153	0.9400	0.0519s	0.4213	0.9220	0.9217
90
0692	0.0291	1.0000	0.2896	0.9400	0.0514s	0.3926	0.9260	0.9258
91
0693	0.0191	1.0000	0.2763	0.9400	0.0515s	0.3682	0.9260	0.9258
92
0694	0.0247	1.0000	0.3074	0.9400	0.0516s	0.4143	0.9250	0.9248
93
0695	0.0246	1.0000	0.2765	0.9400	0.0512s	0.3741	0.9260	0.9258
94
0696	0.0199	1.0000	0.2799	0.9380	0.0515s	0.3789	0.9260	0.9258
95
0697	0.0215	1.0000	0.3012	0.9400	0.0510s	0.4021	0.9250	0.9248
96
0698	0.0191	1.0000	0.2910	0.9380	0.0514s	0.4001	0.9250	0.9248
97
0699	0.0270	1.0000	0.2877	0.9420	0.0513s	0.3918	0.9140	0.9142
98
0700	0.0405	1.0000	0.3529	0.9360	0.0515s	0.4398	0.9180	0.9175
99
0701	0.0395	0.9833	0.2906	0.9380	0.0518s	0.4034	0.9250	0.9248
100
0702	0.0196	1.0000	0.2738	0.9420	0.0514s	0.3815	0.9230	0.9230
101
0703	0.0262	1.0000	0.2899	0.9380	0.0521s	0.4019	0.9260	0.9258
102
0704	0.0207	1.0000	0.3251	0.9380	0.0520s	0.4239	0.9200	0.9196
103
0705	0.0225	1.0000	0.2836	0.9380	0.0519s	0.3860	0.9260	0.9258
104
0706	0.0191	1.0000	0.2731	0.9380	0.0517s	0.3913	0.9280	0.9279
105
0707	0.0276	1.0000	0.3211	0.9400	0.0522s	0.4092	0.9220	0.9216
106
0708	0.0244	1.0000	0.3033	0.9420	0.0521s	0.4024	0.9260	0.9258
107
0709	0.0200	1.0000	0.2752	0.9380	0.0520s	0.4014	0.9270	0.9269
108
0710	0.0208	1.0000	0.2802	0.9380	0.0519s	0.3993	0.9280	0.9279
109
0711	0.0189	1.0000	0.3349	0.9380	0.0519s	0.4274	0.9200	0.9196
110
0712	0.0226	1.0000	0.3235	0.9360	0.0518s	0.4048	0.9200	0.9196
111
0713	0.0249	1.0000	0.2908	0.9380	0.0514s	0.3701	0.9270	0.9269
112
0714	0.0342	1.0000	0.2971	0.9400	0.0513s	0.4336	0.9220	0.9218
113
0715	0.0269	1.0000	0.3153	0.9380	0.0513s	0.4261	0.9220	0.9218
114
0716	0.0283	0.9833	0.3081	0.9420	0.0506s	0.3648	0.9230	0.9229
115
0717	0.0343	1.0000	0.3024	0.9400	0.0507s	0.3867	0.9270	0.9269
116
0718	0.0217	1.0000	0.3240	0.9380	0.0514s	0.4323	0.9190	0.9187
117
0719	0.0227	1.0000	0.2920	0.9380	0.0513s	0.3851	0.9270	0.9269
118
0720	0.0166	1.0000	0.2904	0.9360	0.0508s	0.3716	0.9270	0.9269
119
0721	0.0202	1.0000	0.2974	0.9380	0.0510s	0.3961	0.9260	0.9258
120
0722	0.0206	1.0000	0.3103	0.9360	0.0517s	0.4248	0.9210	0.9208
121
0723	0.0206	1.0000	0.3031	0.9400	0.0512s	0.3911	0.9260	0.9258
122
0724	0.0180	1.0000	0.3005	0.9400	0.0511s	0.3803	0.9260	0.9259
123
0725	0.0183	1.0000	0.2955	0.9400	0.0514s	0.3910	0.9270	0.9269
124
0726	0.0215	1.0000	0.3219	0.9360	0.0511s	0.4165	0.9210	0.9208
125
0727	0.0206	1.0000	0.3224	0.9380	0.0510s	0.4051	0.9200	0.9198
126
0728	0.0230	1.0000	0.2884	0.9400	0.0509s	0.3810	0.9280	0.9279
127
0729	0.0255	1.0000	0.3398	0.9380	0.0506s	0.4033	0.9200	0.9197
128
0730	0.0257	1.0000	0.3153	0.9380	0.0504s	0.4146	0.9230	0.9228
129
0731	0.0203	1.0000	0.2894	0.9400	0.0506s	0.4090	0.9250	0.9249
130
0732	0.0327	1.0000	0.3423	0.9380	0.0508s	0.3945	0.9230	0.9227
131
0733	0.0236	1.0000	0.3481	0.9360	0.0506s	0.4073	0.9220	0.9217
132
0734	0.0282	1.0000	0.2833	0.9420	0.0519s	0.4002	0.9240	0.9239
133
0735	0.0285	0.9833	0.3088	0.9380	0.0520s	0.4266	0.9200	0.9198
134
0736	0.0212	1.0000	0.3302	0.9360	0.0509s	0.3996	0.9230	0.9228
135
0737	0.0194	1.0000	0.3268	0.9380	0.0510s	0.3698	0.9250	0.9247
136
0738	0.0227	1.0000	0.2946	0.9440	0.0509s	0.3781	0.9270	0.9268
137
0739	0.0198	1.0000	0.2976	0.9420	0.0507s	0.4158	0.9200	0.9198
138
0740	0.0340	0.9833	0.2894	0.9420	0.0506s	0.3587	0.9270	0.9269
139
0741	0.0249	1.0000	0.3636	0.9320	0.0507s	0.3873	0.9190	0.9181
140
0742	0.0328	1.0000	0.3380	0.9380	0.0506s	0.4130	0.9220	0.9218
141
0743	0.0235	1.0000	0.2798	0.9380	0.0506s	0.3890	0.9220	0.9219
142
0744	0.0297	1.0000	0.3027	0.9420	0.0507s	0.4123	0.9200	0.9198
143
0745	0.0255	1.0000	0.3558	0.9380	0.0507s	0.4039	0.9210	0.9205
144
0746	0.0264	1.0000	0.3379	0.9340	0.0512s	0.3681	0.9230	0.9225
145
0747	0.0313	1.0000	0.2816	0.9420	0.0513s	0.3813	0.9230	0.9228
146
0748	0.0240	1.0000	0.3192	0.9340	0.0510s	0.4607	0.9160	0.9160
147
0749	0.0336	1.0000	0.2920	0.9440	0.0512s	0.3821	0.9250	0.9248
148
0750	0.0215	1.0000	0.3400	0.9360	0.0513s	0.3815	0.9230	0.9225
149
0751	0.0333	0.9833	0.3675	0.9340	0.0509s	0.4273	0.9190	0.9183
150
0752	0.0304	1.0000	0.2903	0.9440	0.0504s	0.3854	0.9250	0.9248
151
0753	0.0214	1.0000	0.2840	0.9440	0.0512s	0.4050	0.9230	0.9228
152
0754	0.0247	1.0000	0.3016	0.9420	0.0515s	0.4295	0.9210	0.9208
153
0755	0.0210	1.0000	0.3142	0.9400	0.0507s	0.4176	0.9210	0.9207
154
0756	0.0193	1.0000	0.3106	0.9400	0.0505s	0.3751	0.9250	0.9247
155
0757	0.0208	1.0000	0.3132	0.9360	0.0518s	0.3796	0.9260	0.9257
156
0758	0.0214	1.0000	0.3221	0.9400	0.0516s	0.4218	0.9210	0.9207
157
0759	0.0232	1.0000	0.2875	0.9420	0.0506s	0.3953	0.9250	0.9248
158
0760	0.0207	1.0000	0.2756	0.9460	0.0508s	0.3829	0.9260	0.9259
159
0761	0.0243	1.0000	0.3083	0.9440	0.0515s	0.4040	0.9210	0.9207
160
0762	0.0210	1.0000	0.3165	0.9360	0.0509s	0.3798	0.9230	0.9226
161
0763	0.0193	1.0000	0.3069	0.9380	0.0505s	0.3700	0.9240	0.9237
162
0764	0.0234	1.0000	0.2791	0.9440	0.0506s	0.3779	0.9260	0.9258
163
0765	0.0246	1.0000	0.3039	0.9440	0.0509s	0.4227	0.9180	0.9177
164
0766	0.0222	1.0000	0.3030	0.9400	0.0522s	0.3859	0.9210	0.9207
165
0767	0.0203	1.0000	0.3079	0.9400	0.0518s	0.3565	0.9250	0.9247
166
0768	0.0302	1.0000	0.3056	0.9400	0.0520s	0.3903	0.9220	0.9217
167
0769	0.0232	1.0000	0.2798	0.9440	0.0520s	0.3956	0.9260	0.9258
168
0770	0.0246	1.0000	0.2910	0.9420	0.0520s	0.3804	0.9230	0.9228
169
0771	0.0197	1.0000	0.3360	0.9360	0.0517s	0.3996	0.9230	0.9225
170
0772	0.0295	1.0000	0.2786	0.9400	0.0511s	0.3600	0.9260	0.9258
171
0773	0.0241	1.0000	0.2927	0.9420	0.0509s	0.4091	0.9230	0.9227
172
0774	0.0252	1.0000	0.2838	0.9420	0.0510s	0.3800	0.9240	0.9238
173
0775	0.0224	1.0000	0.3090	0.9400	0.0507s	0.3629	0.9240	0.9237
174
0776	0.0253	1.0000	0.3074	0.9400	0.0507s	0.3884	0.9230	0.9227
175
0777	0.0211	1.0000	0.2995	0.9400	0.0506s	0.4220	0.9230	0.9227
176
0778	0.0299	0.9833	0.2791	0.9400	0.0506s	0.3583	0.9250	0.9248
177
0779	0.0260	1.0000	0.3297	0.9380	0.0508s	0.3875	0.9240	0.9236
178
0780	0.0261	1.0000	0.3037	0.9420	0.0513s	0.3934	0.9230	0.9227
179
0781	0.0211	1.0000	0.2817	0.9380	0.0508s	0.3900	0.9210	0.9210
180
0782	0.0328	1.0000	0.3077	0.9440	0.0511s	0.4034	0.9240	0.9237
181
0783	0.0191	1.0000	0.3532	0.9340	0.0507s	0.4244	0.9210	0.9205
182
0784	0.0311	1.0000	0.2850	0.9460	0.0506s	0.3574	0.9230	0.9228
183
0785	0.0235	1.0000	0.2660	0.9440	0.0511s	0.3846	0.9260	0.9259
184
0786	0.0242	1.0000	0.3356	0.9320	0.0506s	0.4806	0.9170	0.9167
185
0787	0.0495	0.9333	0.3009	0.9420	0.0507s	0.3621	0.9220	0.9218
186
0788	0.0259	1.0000	0.3172	0.9380	0.0506s	0.3728	0.9190	0.9188
187
0789	0.0460	1.0000	0.4202	0.9220	0.0506s	0.5810	0.8990	0.8990
188
0790	0.0555	1.0000	0.3189	0.9200	0.0506s	0.4925	0.9160	0.9161
189
0791	0.0503	1.0000	0.3300	0.9280	0.0506s	0.4336	0.9070	0.9073
190
0792	0.0596	1.0000	0.5505	0.8680	0.0507s	0.5836	0.8670	0.8648
191
0793	0.0820	0.9833	0.3680	0.9340	0.0506s	0.4637	0.9250	0.9246
192
0794	0.0209	1.0000	0.3926	0.9240	0.0511s	0.5648	0.9060	0.9061
193
0795	0.0440	0.9500	0.3545	0.9200	0.0507s	0.5155	0.9050	0.9053
194
0796	0.0452	1.0000	0.2993	0.9420	0.0511s	0.4069	0.9170	0.9170
195
0797	0.0266	1.0000	0.3744	0.9320	0.0508s	0.4321	0.9180	0.9172
196
0798	0.0309	1.0000	0.5275	0.8880	0.0508s	0.5515	0.8930	0.8908
197
0799	0.0498	0.9833	0.4656	0.9140	0.0509s	0.4981	0.9050	0.9032
198
0800	0.0321	1.0000	0.3909	0.9340	0.0518s	0.4571	0.9220	0.9215
199
Early stop! Min loss:0.22917328774929047,  Max accuracy:0.9480000000000001
Early stop model validation loss:0.22917328774929047,  accuracy:0.9380000000000001
Optimization Finished!
Total time elapsed: 43.3855s
test max acc:0.9300
Loading 50th epoch
stru_node_to_hop attention:tensor([[0.3313, 0.3345, 0.3342],
        [0.3334, 0.3333, 0.3333],
        [0.3335, 0.3333, 0.3332],
        [0.3335, 0.3333, 0.3333],
        [0.3334, 0.3333, 0.3333],
        [0.3319, 0.3345, 0.3337],
        [0.3331, 0.3335, 0.3335],
        [0.3326, 0.3337, 0.3337],
        [0.3331, 0.3334, 0.3334],
        [0.3320, 0.3342, 0.3338],
        [0.3323, 0.3333, 0.3344],
        [0.3334, 0.3333, 0.3333],
        [0.3343, 0.3330, 0.3327],
        [0.3333, 0.3333, 0.3333],
        [0.3335, 0.3331, 0.3334],
        [0.3320, 0.3337, 0.3342],
        [0.3335, 0.3332, 0.3332],
        [0.3270, 0.3366, 0.3364],
        [0.3333, 0.3333, 0.3333],
        [0.3333, 0.3333, 0.3333],
        [0.3357, 0.3322, 0.3321],
        [0.3333, 0.3334, 0.3333],
        [0.3376, 0.3311, 0.3314],
        [0.3333, 0.3333, 0.3333],
        [0.3325, 0.3338, 0.3337],
        [0.3335, 0.3333, 0.3332],
        [0.3333, 0.3333, 0.3334],
        [0.3314, 0.3332, 0.3355],
        [0.3333, 0.3334, 0.3334],
        [0.3299, 0.3343, 0.3359],
        [0.3340, 0.3330, 0.3330],
        [0.3334, 0.3333, 0.3333],
        [0.3349, 0.3319, 0.3332],
        [0.3246, 0.3402, 0.3352],
        [0.3319, 0.3340, 0.3341],
        [0.3330, 0.3334, 0.3335],
        [0.3334, 0.3333, 0.3333],
        [0.3358, 0.3320, 0.3322],
        [0.3338, 0.3325, 0.3337],
        [0.3492, 0.3256, 0.3252],
        [0.3334, 0.3333, 0.3333],
        [0.3224, 0.3393, 0.3383],
        [0.3333, 0.3333, 0.3333],
        [0.3336, 0.3332, 0.3332],
        [0.3342, 0.3330, 0.3328],
        [0.3332, 0.3334, 0.3334],
        [0.3333, 0.3329, 0.3339],
        [0.3342, 0.3329, 0.3328],
        [0.3284, 0.3363, 0.3354],
        [0.3337, 0.3331, 0.3332],
        [0.3329, 0.3335, 0.3336],
        [0.3209, 0.3404, 0.3386],
        [0.3331, 0.3335, 0.3335],
        [0.3334, 0.3333, 0.3333],
        [0.3336, 0.3332, 0.3332],
        [0.3337, 0.3331, 0.3332],
        [0.3247, 0.3372, 0.3381],
        [0.3330, 0.3336, 0.3335],
        [0.3274, 0.3360, 0.3366],
        [0.3335, 0.3332, 0.3332],
        [0.3333, 0.3333, 0.3334],
        [0.3316, 0.3342, 0.3342],
        [0.3329, 0.3335, 0.3335],
        [0.3288, 0.3356, 0.3356],
        [0.3333, 0.3333, 0.3333],
        [0.3334, 0.3333, 0.3333],
        [0.3274, 0.3353, 0.3374],
        [0.3335, 0.3332, 0.3333],
        [0.3175, 0.3433, 0.3392],
        [0.3336, 0.3332, 0.3332],
        [0.3230, 0.3401, 0.3368],
        [0.3304, 0.3353, 0.3343],
        [0.3333, 0.3333, 0.3333],
        [0.3335, 0.3333, 0.3333],
        [0.3333, 0.3333, 0.3334],
        [0.3337, 0.3332, 0.3332],
        [0.3333, 0.3333, 0.3333],
        [0.3333, 0.3333, 0.3333],
        [0.3333, 0.3333, 0.3333],
        [0.3336, 0.3331, 0.3334],
        [0.3314, 0.3343, 0.3343],
        [0.3467, 0.3277, 0.3256],
        [0.3332, 0.3334, 0.3334],
        [0.3311, 0.3341, 0.3348],
        [0.3194, 0.3414, 0.3392],
        [0.3333, 0.3334, 0.3333],
        [0.3334, 0.3333, 0.3333],
        [0.3334, 0.3333, 0.3333],
        [0.3335, 0.3332, 0.3332],
        [0.3332, 0.3334, 0.3334],
        [0.3333, 0.3333, 0.3334],
        [0.3345, 0.3330, 0.3324],
        [0.3334, 0.3333, 0.3333],
        [0.3336, 0.3332, 0.3332],
        [0.3254, 0.3371, 0.3375],
        [0.3325, 0.3327, 0.3347],
        [0.3333, 0.3333, 0.3333],
        [0.3300, 0.3353, 0.3347],
        [0.3333, 0.3333, 0.3333],
        [0.3333, 0.3333, 0.3333]], device='cuda:1')
fea_node_to_hop attention:tensor([[0.2000, 0.2006, 0.2000, 0.1998, 0.1996],
        [0.2000, 0.2000, 0.2000, 0.2000, 0.2001],
        [0.1996, 0.2001, 0.2001, 0.2001, 0.2001],
        [0.1995, 0.2009, 0.2001, 0.1999, 0.1996],
        [0.1999, 0.2000, 0.2000, 0.2000, 0.2001],
        [0.2010, 0.1998, 0.1997, 0.1997, 0.1998],
        [0.1997, 0.2002, 0.2001, 0.2001, 0.2000],
        [0.2003, 0.1998, 0.1998, 0.2000, 0.2001],
        [0.1999, 0.2000, 0.2000, 0.2000, 0.2000],
        [0.1990, 0.2001, 0.2004, 0.2003, 0.2002],
        [0.1990, 0.2007, 0.2003, 0.2001, 0.2000],
        [0.2000, 0.2000, 0.2000, 0.2000, 0.2000],
        [0.2004, 0.1999, 0.1999, 0.1999, 0.1999],
        [0.2001, 0.1999, 0.2000, 0.2000, 0.2001],
        [0.1996, 0.2001, 0.2002, 0.2000, 0.2000],
        [0.1990, 0.2005, 0.2004, 0.2002, 0.2000],
        [0.2000, 0.2000, 0.2000, 0.2000, 0.2000],
        [0.2018, 0.2001, 0.1996, 0.1993, 0.1993],
        [0.1999, 0.1999, 0.2001, 0.2000, 0.2000],
        [0.2023, 0.1993, 0.1991, 0.1996, 0.1997],
        [0.2004, 0.2002, 0.1999, 0.1998, 0.1998],
        [0.1998, 0.2000, 0.2000, 0.2001, 0.2001],
        [0.1973, 0.2012, 0.2005, 0.2006, 0.2004],
        [0.1999, 0.1999, 0.2000, 0.2000, 0.2001],
        [0.1997, 0.2003, 0.2001, 0.2000, 0.1999],
        [0.1999, 0.2000, 0.2000, 0.2000, 0.2000],
        [0.1999, 0.2000, 0.2000, 0.2000, 0.2001],
        [0.1983, 0.2010, 0.2005, 0.2002, 0.1999],
        [0.1999, 0.2000, 0.2000, 0.2000, 0.2001],
        [0.1989, 0.2002, 0.2004, 0.2004, 0.2001],
        [0.1999, 0.1998, 0.2003, 0.2000, 0.1999],
        [0.2000, 0.1999, 0.2000, 0.2000, 0.2000],
        [0.2066, 0.2021, 0.2003, 0.1967, 0.1944],
        [0.2080, 0.1976, 0.1970, 0.1982, 0.1992],
        [0.1999, 0.2004, 0.2000, 0.1999, 0.1998],
        [0.1999, 0.2000, 0.2001, 0.2001, 0.2001],
        [0.1999, 0.2000, 0.2000, 0.2000, 0.2001],
        [0.2005, 0.1998, 0.1999, 0.1999, 0.1999],
        [0.2001, 0.1997, 0.2004, 0.1999, 0.1998],
        [0.1965, 0.2060, 0.2012, 0.1990, 0.1972],
        [0.2001, 0.1999, 0.2000, 0.2000, 0.2000],
        [0.1979, 0.2011, 0.2003, 0.2004, 0.2004],
        [0.2000, 0.2000, 0.2000, 0.2000, 0.2000],
        [0.2001, 0.1999, 0.2000, 0.2000, 0.2000],
        [0.1990, 0.2004, 0.2005, 0.2002, 0.1999],
        [0.1989, 0.2009, 0.2003, 0.2001, 0.1999],
        [0.1990, 0.2004, 0.2004, 0.2002, 0.2000],
        [0.2012, 0.1997, 0.1996, 0.1997, 0.1998],
        [0.2002, 0.2005, 0.1998, 0.1998, 0.1997],
        [0.1995, 0.2001, 0.2002, 0.2001, 0.2000],
        [0.1987, 0.2002, 0.2004, 0.2004, 0.2002],
        [0.1967, 0.2010, 0.2006, 0.2008, 0.2007],
        [0.2000, 0.2000, 0.2000, 0.2000, 0.2000],
        [0.1999, 0.2000, 0.2000, 0.2000, 0.2000],
        [0.2000, 0.1999, 0.2000, 0.2000, 0.2001],
        [0.2000, 0.2000, 0.2000, 0.2000, 0.2000],
        [0.1966, 0.2003, 0.2011, 0.2010, 0.2009],
        [0.1996, 0.2003, 0.2001, 0.2000, 0.1999],
        [0.1993, 0.2001, 0.2004, 0.2002, 0.2001],
        [0.1997, 0.2001, 0.2001, 0.2000, 0.2000],
        [0.2000, 0.1999, 0.2000, 0.2000, 0.2000],
        [0.1987, 0.2008, 0.2003, 0.2002, 0.2000],
        [0.1996, 0.2000, 0.2004, 0.2001, 0.2000],
        [0.1975, 0.2005, 0.2006, 0.2008, 0.2006],
        [0.1995, 0.2001, 0.2001, 0.2001, 0.2001],
        [0.1999, 0.1999, 0.2000, 0.2000, 0.2001],
        [0.1951, 0.2014, 0.2009, 0.2013, 0.2013],
        [0.1999, 0.2001, 0.2000, 0.2000, 0.2000],
        [0.1938, 0.2015, 0.2019, 0.2016, 0.2012],
        [0.1999, 0.2000, 0.2000, 0.2000, 0.2001],
        [0.1988, 0.1997, 0.1999, 0.2007, 0.2009],
        [0.1996, 0.1995, 0.2003, 0.2003, 0.2003],
        [0.1981, 0.2016, 0.2006, 0.2001, 0.1996],
        [0.2000, 0.2000, 0.2000, 0.2000, 0.2000],
        [0.1999, 0.2000, 0.2000, 0.2000, 0.2000],
        [0.1999, 0.2000, 0.2000, 0.2000, 0.2000],
        [0.2000, 0.2000, 0.2000, 0.2000, 0.2000],
        [0.1983, 0.2006, 0.2007, 0.2003, 0.2001],
        [0.1983, 0.2014, 0.2005, 0.2001, 0.1997],
        [0.2002, 0.2000, 0.1999, 0.1999, 0.1999],
        [0.1999, 0.1999, 0.2003, 0.2000, 0.1999],
        [0.2061, 0.1987, 0.1989, 0.1982, 0.1980],
        [0.2000, 0.2000, 0.2000, 0.2000, 0.2001],
        [0.1988, 0.2005, 0.2004, 0.2002, 0.2001],
        [0.1925, 0.2033, 0.2022, 0.2015, 0.2005],
        [0.1998, 0.2002, 0.2001, 0.2000, 0.1999],
        [0.1999, 0.2000, 0.2000, 0.2000, 0.2001],
        [0.2021, 0.1999, 0.1997, 0.1993, 0.1990],
        [0.1999, 0.2000, 0.2000, 0.2000, 0.2001],
        [0.1999, 0.2000, 0.2000, 0.2000, 0.2001],
        [0.1999, 0.2000, 0.2000, 0.2000, 0.2001],
        [0.2002, 0.2002, 0.1999, 0.1999, 0.1998],
        [0.2000, 0.2000, 0.2000, 0.2000, 0.2000],
        [0.2000, 0.2000, 0.2000, 0.2000, 0.2000],
        [0.1961, 0.1997, 0.2014, 0.2014, 0.2014],
        [0.1979, 0.2025, 0.2003, 0.1999, 0.1995],
        [0.1999, 0.2000, 0.2000, 0.2000, 0.2000],
        [0.1983, 0.2005, 0.2005, 0.2004, 0.2002],
        [0.1995, 0.2001, 0.2002, 0.2001, 0.2001],
        [0.1999, 0.1999, 0.2002, 0.2000, 0.1999]], device='cuda:1')
perception attention:tensor([0.4437, 0.5563], device='cuda:1')
Test set results: loss= 0.3051 accuracy= 0.9250 F1_score= 0.9249
