# epoch	loss_train	acc_train	loss_val	acc_val	time	acc_test	f1_test
0001	1.0994	0.3500	0.9544	0.8100	0.0506s	0.9564	0.8220	0.8135
0
0002	0.8401	0.9833	0.7133	0.8620	0.0511s	0.7164	0.8600	0.8550
0
0003	0.5323	0.9833	0.5286	0.8700	0.0510s	0.5345	0.8580	0.8542
0
0004	0.3494	0.9500	0.3941	0.8860	0.0513s	0.4236	0.8620	0.8623
0
0005	0.2129	0.9667	0.3023	0.9000	0.0513s	0.3287	0.8880	0.8875
0
0006	0.1583	1.0000	0.3348	0.8860	0.0514s	0.3533	0.8740	0.8700
0
0007	0.1326	1.0000	0.2874	0.9000	0.0520s	0.3087	0.8940	0.8924
1
0008	0.0896	0.9667	0.2537	0.9060	0.0511s	0.2992	0.8900	0.8900
0
0009	0.0948	0.9833	0.2662	0.9040	0.0509s	0.3308	0.8840	0.8849
0
0010	0.0773	1.0000	0.2556	0.9120	0.0513s	0.3165	0.8940	0.8941
1
0011	0.0891	1.0000	0.2834	0.9180	0.0511s	0.3260	0.9030	0.9022
0
0012	0.0653	0.9667	0.2993	0.9160	0.0513s	0.3395	0.9030	0.9021
0
0013	0.0621	1.0000	0.2936	0.9200	0.0510s	0.3434	0.9050	0.9044
1
0014	0.0623	1.0000	0.2818	0.9220	0.0507s	0.3554	0.8980	0.8982
0
0015	0.0464	1.0000	0.2853	0.9240	0.0505s	0.3774	0.8970	0.8975
0
0016	0.0499	1.0000	0.2920	0.9200	0.0509s	0.3932	0.8940	0.8947
0
0017	0.0472	0.9667	0.2935	0.9260	0.0513s	0.3874	0.9040	0.9043
1
0018	0.0520	0.9833	0.3081	0.9320	0.0513s	0.3773	0.9080	0.9080
0
0019	0.0440	1.0000	0.3336	0.9300	0.0513s	0.3735	0.9080	0.9074
0
0020	0.0461	1.0000	0.3811	0.9200	0.0512s	0.3923	0.9110	0.9099
1
0021	0.0649	0.9833	0.3653	0.9120	0.0737s	0.3780	0.9040	0.9030
2
0022	0.0479	0.9833	0.3455	0.9160	0.0590s	0.3658	0.9100	0.9093
3
0023	0.0555	1.0000	0.3267	0.9260	0.0605s	0.3531	0.9100	0.9095
4
0024	0.0490	1.0000	0.3171	0.9220	0.0535s	0.3515	0.9120	0.9118
5
0025	0.0464	0.9833	0.3051	0.9220	0.0508s	0.3516	0.9120	0.9120
6
0026	0.0619	0.9833	0.2974	0.9260	0.0524s	0.3498	0.9130	0.9130
7
0027	0.0408	1.0000	0.2899	0.9220	0.0515s	0.3432	0.9150	0.9151
8
0028	0.0422	1.0000	0.2924	0.9220	0.0515s	0.3403	0.9160	0.9160
9
0029	0.0513	1.0000	0.3266	0.9200	0.0512s	0.3380	0.9140	0.9134
10
0030	0.0456	1.0000	0.3782	0.9160	0.0510s	0.3651	0.9080	0.9067
11
0031	0.0533	1.0000	0.3642	0.9220	0.0503s	0.3631	0.9130	0.9122
12
0032	0.0562	0.9833	0.2845	0.9240	0.0504s	0.3267	0.9150	0.9150
13
0033	0.0372	1.0000	0.2855	0.9360	0.0507s	0.3761	0.9020	0.9026
14
0034	0.0519	1.0000	0.2693	0.9280	0.0506s	0.3481	0.9090	0.9093
0
0035	0.0505	0.9833	0.3098	0.9260	0.0505s	0.3379	0.9160	0.9157
1
0036	0.0484	1.0000	0.3468	0.9180	0.0507s	0.3465	0.9180	0.9171
2
0037	0.0530	0.9667	0.2906	0.9200	0.0508s	0.3180	0.9170	0.9167
3
0038	0.0499	1.0000	0.2616	0.9280	0.0507s	0.3174	0.9170	0.9171
4
0039	0.0527	0.9833	0.2881	0.9260	0.0509s	0.3366	0.9200	0.9199
5
0040	0.0377	1.0000	0.3016	0.9280	0.0505s	0.3486	0.9190	0.9188
6
0041	0.0449	0.9833	0.2544	0.9300	0.0508s	0.3090	0.9200	0.9199
7
0042	0.0406	0.9833	0.2771	0.9340	0.0510s	0.3190	0.9140	0.9138
8
0043	0.0439	1.0000	0.2700	0.9300	0.0506s	0.3055	0.9170	0.9166
9
0044	0.0472	1.0000	0.2790	0.9300	0.0510s	0.3253	0.9200	0.9195
10
0045	0.0394	1.0000	0.3011	0.9300	0.0508s	0.3508	0.9180	0.9176
11
0046	0.0508	0.9833	0.2359	0.9340	0.0510s	0.3018	0.9240	0.9240
12
0047	0.0370	1.0000	0.2528	0.9320	0.0511s	0.3132	0.9180	0.9180
0
0048	0.0501	1.0000	0.2629	0.9340	0.0507s	0.3002	0.9170	0.9167
1
0049	0.0384	1.0000	0.3103	0.9260	0.0508s	0.3389	0.9200	0.9193
2
0050	0.0464	1.0000	0.2559	0.9340	0.0512s	0.3227	0.9240	0.9237
3
0051	0.0401	1.0000	0.2227	0.9340	0.0511s	0.3112	0.9200	0.9200
4
0052	0.0519	0.9833	0.2388	0.9320	0.0506s	0.2967	0.9190	0.9189
0
0053	0.0447	1.0000	0.3036	0.9260	0.0508s	0.3239	0.9160	0.9151
1
0054	0.0522	1.0000	0.2563	0.9340	0.0512s	0.3084	0.9260	0.9257
2
0055	0.0357	1.0000	0.2339	0.9340	0.0506s	0.3307	0.9180	0.9179
3
0056	0.0505	1.0000	0.2292	0.9360	0.0513s	0.3199	0.9200	0.9199
4
0057	0.0464	1.0000	0.2470	0.9340	0.0508s	0.2921	0.9240	0.9238
0
0058	0.0443	1.0000	0.3219	0.9180	0.0515s	0.3272	0.9130	0.9121
1
0059	0.0572	0.9667	0.2929	0.9300	0.0509s	0.3212	0.9230	0.9224
2
0060	0.0426	0.9667	0.2449	0.9380	0.0507s	0.3290	0.9230	0.9228
3
0061	0.0463	1.0000	0.2262	0.9340	0.0534s	0.3255	0.9210	0.9210
0
0062	0.0460	1.0000	0.2229	0.9400	0.0525s	0.3008	0.9220	0.9220
1
0063	0.0410	1.0000	0.2673	0.9260	0.0520s	0.2994	0.9250	0.9246
0
0064	0.0362	1.0000	0.3980	0.9120	0.0516s	0.3945	0.9090	0.9071
1
0065	0.0621	1.0000	0.2699	0.9280	0.0522s	0.3079	0.9270	0.9266
2
0066	0.0411	1.0000	0.2329	0.9380	0.0514s	0.3133	0.9140	0.9141
3
0067	0.0505	0.9833	0.2227	0.9380	0.0517s	0.2985	0.9220	0.9220
4
0068	0.0516	0.9833	0.3186	0.9240	0.0520s	0.3546	0.9180	0.9171
0
0069	0.0447	1.0000	0.2988	0.9260	0.0522s	0.3225	0.9210	0.9202
1
0070	0.0446	0.9833	0.2592	0.9340	0.0515s	0.3078	0.9170	0.9170
2
0071	0.0407	1.0000	0.2321	0.9380	0.0517s	0.2967	0.9210	0.9209
3
0072	0.0345	1.0000	0.2823	0.9300	0.0517s	0.3543	0.9170	0.9165
4
0073	0.0466	1.0000	0.2800	0.9380	0.0516s	0.3424	0.9230	0.9226
5
0074	0.0449	1.0000	0.2595	0.9320	0.0517s	0.3116	0.9190	0.9189
6
0075	0.0403	0.9833	0.2706	0.9320	0.0519s	0.3353	0.9100	0.9100
7
0076	0.0458	1.0000	0.2484	0.9380	0.0519s	0.3209	0.9250	0.9248
8
0077	0.0303	1.0000	0.3330	0.9240	0.0517s	0.4092	0.9110	0.9104
9
0078	0.0496	0.9667	0.2766	0.9340	0.0518s	0.3664	0.9200	0.9197
10
0079	0.0410	1.0000	0.2467	0.9360	0.0512s	0.3313	0.9130	0.9131
11
0080	0.0344	0.9833	0.3122	0.9220	0.0517s	0.3990	0.8940	0.8938
12
0081	0.0560	1.0000	0.2620	0.9300	0.0518s	0.3276	0.9180	0.9178
13
0082	0.0357	1.0000	0.2982	0.9320	0.0518s	0.3764	0.9170	0.9164
14
0083	0.0385	1.0000	0.3030	0.9300	0.0520s	0.3980	0.9160	0.9156
15
0084	0.0444	1.0000	0.2345	0.9360	0.0520s	0.3357	0.9230	0.9229
16
0085	0.0286	1.0000	0.2544	0.9340	0.0518s	0.3476	0.9100	0.9101
17
0086	0.0433	1.0000	0.2701	0.9340	0.0515s	0.3345	0.9130	0.9128
18
0087	0.0426	1.0000	0.2624	0.9380	0.0511s	0.3353	0.9220	0.9216
19
0088	0.0364	1.0000	0.2620	0.9320	0.0513s	0.3557	0.9170	0.9166
20
0089	0.0354	0.9833	0.2408	0.9420	0.0520s	0.3457	0.9240	0.9238
21
0090	0.0341	1.0000	0.2309	0.9400	0.0514s	0.3241	0.9210	0.9210
0
0091	0.0342	1.0000	0.2426	0.9360	0.0510s	0.3195	0.9200	0.9199
1
0092	0.0373	1.0000	0.2442	0.9360	0.0514s	0.3171	0.9240	0.9239
2
0093	0.0316	1.0000	0.2418	0.9400	0.0517s	0.3219	0.9230	0.9228
3
0094	0.0267	1.0000	0.2377	0.9400	0.0511s	0.3319	0.9240	0.9238
4
0095	0.0326	1.0000	0.2349	0.9460	0.0507s	0.3313	0.9230	0.9228
5
0096	0.0370	1.0000	0.2388	0.9380	0.0510s	0.3115	0.9250	0.9248
0
0097	0.0319	1.0000	0.2425	0.9340	0.0510s	0.3063	0.9230	0.9229
1
0098	0.0372	1.0000	0.2280	0.9400	0.0512s	0.3040	0.9250	0.9249
2
0099	0.0256	1.0000	0.2403	0.9400	0.0511s	0.3330	0.9180	0.9177
3
0100	0.0405	1.0000	0.2524	0.9340	0.0516s	0.3397	0.9200	0.9198
4
0101	0.0349	1.0000	0.2292	0.9400	0.0507s	0.3040	0.9220	0.9218
5
0102	0.0306	1.0000	0.2305	0.9420	0.0508s	0.3018	0.9230	0.9229
6
0103	0.0312	1.0000	0.2258	0.9420	0.0507s	0.3140	0.9230	0.9228
7
0104	0.0301	1.0000	0.2395	0.9360	0.0515s	0.3342	0.9200	0.9197
8
0105	0.0323	1.0000	0.2185	0.9420	0.0513s	0.3138	0.9210	0.9209
9
0106	0.0343	1.0000	0.2351	0.9420	0.0508s	0.3090	0.9240	0.9238
0
0107	0.0329	1.0000	0.2455	0.9420	0.0507s	0.3116	0.9240	0.9238
1
0108	0.0366	1.0000	0.2198	0.9420	0.0510s	0.3143	0.9220	0.9219
2
0109	0.0328	1.0000	0.2370	0.9400	0.0517s	0.3182	0.9230	0.9228
3
0110	0.0395	1.0000	0.2407	0.9360	0.0507s	0.2986	0.9220	0.9219
4
0111	0.0327	1.0000	0.2323	0.9360	0.0505s	0.3010	0.9220	0.9219
5
0112	0.0296	1.0000	0.2447	0.9400	0.0509s	0.3305	0.9230	0.9228
6
0113	0.0313	1.0000	0.2359	0.9440	0.0504s	0.3188	0.9220	0.9218
7
0114	0.0287	1.0000	0.2346	0.9360	0.0514s	0.3028	0.9220	0.9219
8
0115	0.0306	1.0000	0.2421	0.9380	0.0508s	0.3043	0.9220	0.9219
9
0116	0.0344	1.0000	0.2387	0.9400	0.0507s	0.3282	0.9240	0.9238
10
0117	0.0268	1.0000	0.2253	0.9440	0.0507s	0.3230	0.9220	0.9219
11
0118	0.0247	1.0000	0.2405	0.9440	0.0507s	0.3143	0.9240	0.9239
12
0119	0.0326	1.0000	0.2304	0.9400	0.0512s	0.3070	0.9220	0.9219
13
0120	0.0364	1.0000	0.2390	0.9420	0.0512s	0.3095	0.9240	0.9239
14
0121	0.0264	1.0000	0.2400	0.9440	0.0509s	0.3105	0.9240	0.9238
15
0122	0.0276	1.0000	0.2222	0.9400	0.0508s	0.3078	0.9220	0.9219
16
0123	0.0328	0.9833	0.2287	0.9440	0.0508s	0.3105	0.9250	0.9248
17
0124	0.0360	1.0000	0.2527	0.9400	0.0506s	0.3167	0.9230	0.9228
18
0125	0.0247	1.0000	0.2304	0.9420	0.0508s	0.3051	0.9250	0.9248
19
0126	0.0282	0.9833	0.2282	0.9420	0.0506s	0.3003	0.9230	0.9229
20
0127	0.0271	1.0000	0.2473	0.9400	0.0513s	0.3115	0.9230	0.9228
21
0128	0.0426	1.0000	0.2320	0.9440	0.0519s	0.3313	0.9220	0.9218
22
0129	0.0320	1.0000	0.2286	0.9440	0.0517s	0.3091	0.9250	0.9248
23
0130	0.0246	1.0000	0.2376	0.9380	0.0508s	0.3006	0.9240	0.9239
24
0131	0.0337	1.0000	0.2562	0.9400	0.0516s	0.3252	0.9230	0.9228
25
0132	0.0281	1.0000	0.2276	0.9460	0.0515s	0.3270	0.9240	0.9239
26
0133	0.0269	1.0000	0.2295	0.9420	0.0509s	0.3103	0.9220	0.9219
0
0134	0.0305	1.0000	0.2856	0.9380	0.0506s	0.3257	0.9240	0.9237
1
0135	0.0278	1.0000	0.2390	0.9420	0.0510s	0.3090	0.9240	0.9239
2
0136	0.0294	1.0000	0.2287	0.9420	0.0510s	0.3329	0.9230	0.9229
3
0137	0.0310	1.0000	0.2509	0.9420	0.0511s	0.3254	0.9220	0.9218
4
0138	0.0333	1.0000	0.2545	0.9420	0.0507s	0.3088	0.9230	0.9229
5
0139	0.0306	1.0000	0.2416	0.9400	0.0514s	0.3072	0.9230	0.9229
6
0140	0.0313	1.0000	0.2869	0.9380	0.0519s	0.3687	0.9210	0.9207
7
0141	0.0347	0.9833	0.2385	0.9440	0.0515s	0.3283	0.9230	0.9228
8
0142	0.0287	1.0000	0.2449	0.9460	0.0507s	0.3122	0.9220	0.9219
9
0143	0.0363	0.9833	0.2953	0.9360	0.0779s	0.3343	0.9260	0.9257
0
0144	0.0336	0.9833	0.2395	0.9440	0.0754s	0.3228	0.9230	0.9229
1
0145	0.0275	1.0000	0.2349	0.9500	0.0600s	0.3451	0.9210	0.9210
2
0146	0.0425	1.0000	0.2849	0.9400	0.0601s	0.3459	0.9220	0.9218
0
0147	0.0359	0.9833	0.2694	0.9420	0.0596s	0.3158	0.9230	0.9227
1
0148	0.0367	1.0000	0.2325	0.9440	0.0555s	0.3223	0.9220	0.9219
2
0149	0.0337	1.0000	0.2778	0.9380	0.0518s	0.3711	0.9180	0.9177
3
0150	0.0421	1.0000	0.2983	0.9360	0.0518s	0.3403	0.9270	0.9267
4
0151	0.0327	1.0000	0.2656	0.9340	0.0508s	0.3391	0.9130	0.9131
5
0152	0.0417	1.0000	0.2447	0.9380	0.0506s	0.3482	0.9240	0.9238
6
0153	0.0345	1.0000	0.3287	0.9320	0.0512s	0.4287	0.9150	0.9146
7
0154	0.0472	0.9833	0.2458	0.9400	0.0512s	0.3358	0.9210	0.9210
8
0155	0.0293	1.0000	0.2866	0.9380	0.0509s	0.3469	0.9150	0.9149
9
0156	0.0394	1.0000	0.2880	0.9360	0.0513s	0.3552	0.9240	0.9237
10
0157	0.0251	1.0000	0.2841	0.9380	0.0521s	0.3858	0.9180	0.9178
11
0158	0.0298	1.0000	0.2460	0.9420	0.0519s	0.3641	0.9260	0.9260
12
0159	0.0239	1.0000	0.2475	0.9400	0.0513s	0.3512	0.9230	0.9230
13
0160	0.0239	1.0000	0.2744	0.9420	0.0521s	0.3450	0.9240	0.9239
14
0161	0.0231	1.0000	0.2884	0.9340	0.0508s	0.3534	0.9230	0.9227
15
0162	0.0321	1.0000	0.2482	0.9440	0.0508s	0.3602	0.9260	0.9260
16
0163	0.0247	1.0000	0.2522	0.9420	0.0508s	0.3697	0.9260	0.9259
17
0164	0.0274	1.0000	0.2790	0.9360	0.0512s	0.3523	0.9220	0.9218
18
0165	0.0266	1.0000	0.2825	0.9360	0.0509s	0.3404	0.9220	0.9217
19
0166	0.0221	1.0000	0.2516	0.9380	0.0507s	0.3299	0.9220	0.9220
20
0167	0.0302	1.0000	0.2547	0.9380	0.0511s	0.3429	0.9240	0.9239
21
0168	0.0222	1.0000	0.2711	0.9360	0.0512s	0.3542	0.9220	0.9218
22
0169	0.0253	1.0000	0.2475	0.9400	0.0515s	0.3248	0.9240	0.9239
23
0170	0.0269	1.0000	0.2618	0.9380	0.0512s	0.3164	0.9240	0.9239
24
0171	0.0340	1.0000	0.2953	0.9360	0.0511s	0.3446	0.9250	0.9247
25
0172	0.0297	1.0000	0.2522	0.9420	0.0514s	0.3391	0.9230	0.9229
26
0173	0.0313	1.0000	0.2479	0.9400	0.0512s	0.3311	0.9250	0.9249
27
0174	0.0224	1.0000	0.2553	0.9360	0.0508s	0.3168	0.9240	0.9238
28
0175	0.0252	1.0000	0.2762	0.9360	0.0521s	0.3325	0.9240	0.9238
29
0176	0.0296	1.0000	0.2471	0.9400	0.0513s	0.3285	0.9250	0.9249
30
0177	0.0306	1.0000	0.2473	0.9400	0.0512s	0.3261	0.9250	0.9249
31
0178	0.0268	1.0000	0.3168	0.9360	0.0515s	0.3534	0.9240	0.9237
32
0179	0.0337	0.9833	0.2449	0.9400	0.0518s	0.3211	0.9250	0.9249
33
0180	0.0276	1.0000	0.2406	0.9400	0.0517s	0.3274	0.9250	0.9249
34
0181	0.0314	1.0000	0.3488	0.9280	0.0512s	0.3793	0.9150	0.9142
35
0182	0.0364	1.0000	0.2818	0.9380	0.0509s	0.3198	0.9230	0.9227
36
0183	0.0258	1.0000	0.2420	0.9420	0.0511s	0.3269	0.9240	0.9239
37
0184	0.0324	1.0000	0.3160	0.9320	0.0515s	0.4087	0.9170	0.9167
38
0185	0.0407	1.0000	0.2524	0.9400	0.0506s	0.3204	0.9250	0.9249
39
0186	0.0292	1.0000	0.2803	0.9400	0.0518s	0.3254	0.9260	0.9259
40
0187	0.0322	1.0000	0.3067	0.9380	0.0508s	0.3763	0.9200	0.9197
41
0188	0.0274	1.0000	0.2822	0.9420	0.0512s	0.3886	0.9180	0.9178
42
0189	0.0371	1.0000	0.2670	0.9380	0.0509s	0.3703	0.9110	0.9112
43
0190	0.0414	1.0000	0.2929	0.9360	0.0506s	0.3438	0.9240	0.9238
44
0191	0.0285	1.0000	0.3697	0.9320	0.0512s	0.4270	0.9220	0.9215
45
0192	0.0375	1.0000	0.2997	0.9360	0.0519s	0.4198	0.9180	0.9177
46
0193	0.0293	0.9833	0.2534	0.9400	0.0507s	0.3876	0.9190	0.9192
47
0194	0.0336	1.0000	0.2571	0.9420	0.0509s	0.3506	0.9220	0.9219
48
0195	0.0218	1.0000	0.3179	0.9340	0.0509s	0.3764	0.9240	0.9236
49
0196	0.0254	1.0000	0.3335	0.9360	0.0517s	0.4034	0.9230	0.9227
50
0197	0.0345	1.0000	0.2511	0.9440	0.0517s	0.3742	0.9260	0.9259
51
0198	0.0222	1.0000	0.2526	0.9400	0.0509s	0.3890	0.9200	0.9201
52
0199	0.0318	1.0000	0.2573	0.9440	0.0514s	0.3677	0.9220	0.9218
53
0200	0.0201	1.0000	0.3469	0.9320	0.0513s	0.4024	0.9230	0.9225
54
0201	0.0321	1.0000	0.3125	0.9380	0.0520s	0.3668	0.9260	0.9256
55
0202	0.0284	1.0000	0.2450	0.9460	0.0507s	0.3402	0.9240	0.9239
56
0203	0.0228	1.0000	0.2402	0.9440	0.0513s	0.3719	0.9240	0.9240
57
0204	0.0344	1.0000	0.2664	0.9460	0.0522s	0.3828	0.9210	0.9208
58
0205	0.0312	1.0000	0.2903	0.9380	0.0529s	0.3615	0.9240	0.9237
59
0206	0.0307	1.0000	0.2710	0.9420	0.0515s	0.3281	0.9260	0.9258
60
0207	0.0274	1.0000	0.2440	0.9460	0.0516s	0.3223	0.9220	0.9220
61
0208	0.0278	1.0000	0.2501	0.9440	0.0513s	0.3525	0.9210	0.9208
62
0209	0.0336	1.0000	0.3151	0.9400	0.0506s	0.3992	0.9210	0.9206
63
0210	0.0360	1.0000	0.2577	0.9420	0.0506s	0.3218	0.9280	0.9277
64
0211	0.0224	1.0000	0.2614	0.9460	0.0520s	0.3246	0.9210	0.9208
65
0212	0.0357	1.0000	0.2699	0.9440	0.0522s	0.3507	0.9260	0.9257
66
0213	0.0243	1.0000	0.3124	0.9380	0.0514s	0.4184	0.9180	0.9177
67
0214	0.0346	1.0000	0.2412	0.9400	0.0533s	0.3590	0.9240	0.9240
68
0215	0.0321	1.0000	0.2519	0.9440	0.0531s	0.3255	0.9240	0.9239
69
0216	0.0293	1.0000	0.3203	0.9340	0.0543s	0.3666	0.9230	0.9224
70
0217	0.0396	1.0000	0.2763	0.9440	0.0520s	0.3738	0.9250	0.9248
71
0218	0.0271	1.0000	0.2644	0.9340	0.0511s	0.3966	0.9200	0.9200
72
0219	0.0437	1.0000	0.2569	0.9360	0.0512s	0.3375	0.9250	0.9248
73
0220	0.0258	1.0000	0.3028	0.9380	0.0507s	0.3528	0.9250	0.9247
74
0221	0.0354	1.0000	0.2736	0.9420	0.0508s	0.3496	0.9270	0.9267
75
0222	0.0237	1.0000	0.2585	0.9400	0.0516s	0.3789	0.9280	0.9279
76
0223	0.0268	1.0000	0.2618	0.9360	0.0512s	0.3896	0.9210	0.9210
77
0224	0.0356	1.0000	0.2726	0.9420	0.0509s	0.3513	0.9270	0.9267
78
0225	0.0207	1.0000	0.3240	0.9300	0.0509s	0.3697	0.9190	0.9183
79
0226	0.0356	1.0000	0.2630	0.9400	0.0511s	0.3354	0.9250	0.9248
80
0227	0.0247	1.0000	0.2491	0.9420	0.0510s	0.3647	0.9250	0.9249
81
0228	0.0258	0.9833	0.2690	0.9440	0.0510s	0.3924	0.9240	0.9239
82
0229	0.0226	1.0000	0.2578	0.9420	0.0508s	0.3664	0.9260	0.9258
83
0230	0.0335	0.9833	0.2632	0.9420	0.0510s	0.3325	0.9180	0.9180
84
0231	0.0388	1.0000	0.3033	0.9400	0.0514s	0.3604	0.9250	0.9247
85
0232	0.0246	1.0000	0.3348	0.9400	0.0512s	0.4125	0.9220	0.9215
86
0233	0.0335	1.0000	0.2471	0.9420	0.0509s	0.3433	0.9230	0.9230
87
0234	0.0311	1.0000	0.2453	0.9440	0.0517s	0.3471	0.9250	0.9249
88
0235	0.0309	1.0000	0.3504	0.9380	0.0519s	0.4573	0.9160	0.9155
89
0236	0.0488	0.9833	0.2849	0.9420	0.0512s	0.3721	0.9270	0.9268
90
0237	0.0225	1.0000	0.2671	0.9360	0.0517s	0.3427	0.9170	0.9170
91
0238	0.0326	1.0000	0.2601	0.9400	0.0511s	0.3437	0.9260	0.9259
92
0239	0.0285	1.0000	0.3445	0.9320	0.0512s	0.4361	0.9220	0.9216
93
0240	0.0391	1.0000	0.2939	0.9400	0.0511s	0.3964	0.9220	0.9217
94
0241	0.0213	1.0000	0.2572	0.9420	0.0508s	0.3581	0.9260	0.9259
95
0242	0.0305	1.0000	0.2731	0.9380	0.0511s	0.3519	0.9260	0.9258
96
0243	0.0264	1.0000	0.3173	0.9340	0.0509s	0.3926	0.9220	0.9217
97
0244	0.0357	1.0000	0.2815	0.9380	0.0505s	0.3886	0.9250	0.9249
98
0245	0.0240	1.0000	0.2669	0.9400	0.0508s	0.3798	0.9240	0.9239
99
0246	0.0294	1.0000	0.2772	0.9380	0.0507s	0.3578	0.9250	0.9248
100
0247	0.0231	1.0000	0.3259	0.9360	0.0508s	0.3860	0.9250	0.9247
101
0248	0.0249	1.0000	0.3040	0.9400	0.0507s	0.3795	0.9240	0.9238
102
0249	0.0254	1.0000	0.2626	0.9400	0.0510s	0.3694	0.9240	0.9240
103
0250	0.0289	1.0000	0.2591	0.9420	0.0507s	0.3635	0.9240	0.9240
104
0251	0.0337	1.0000	0.3572	0.9260	0.0511s	0.4034	0.9130	0.9118
105
0252	0.0400	1.0000	0.3211	0.9380	0.0508s	0.3754	0.9230	0.9224
106
0253	0.0364	1.0000	0.2529	0.9420	0.0839s	0.3558	0.9240	0.9240
107
0254	0.0272	1.0000	0.2602	0.9440	0.0660s	0.3851	0.9200	0.9200
108
0255	0.0415	1.0000	0.2938	0.9400	0.0604s	0.3809	0.9220	0.9218
109
0256	0.0245	1.0000	0.3553	0.9300	0.0601s	0.4021	0.9150	0.9138
110
0257	0.0334	0.9833	0.2913	0.9400	0.0597s	0.3431	0.9280	0.9277
111
0258	0.0283	1.0000	0.2488	0.9420	0.0598s	0.3376	0.9220	0.9220
112
0259	0.0351	1.0000	0.2739	0.9440	0.0599s	0.3874	0.9220	0.9219
113
0260	0.0297	1.0000	0.2652	0.9440	0.0598s	0.3673	0.9230	0.9228
114
0261	0.0219	1.0000	0.2531	0.9440	0.0601s	0.3351	0.9200	0.9199
115
0262	0.0281	1.0000	0.2736	0.9380	0.0599s	0.3400	0.9250	0.9248
116
0263	0.0239	1.0000	0.3198	0.9380	0.0601s	0.3944	0.9200	0.9195
117
0264	0.0304	1.0000	0.2778	0.9420	0.0599s	0.3671	0.9230	0.9228
118
0265	0.0240	1.0000	0.2589	0.9420	0.0599s	0.3520	0.9180	0.9181
119
0266	0.0269	1.0000	0.2591	0.9440	0.0596s	0.3518	0.9250	0.9250
120
0267	0.0228	0.9833	0.3282	0.9340	0.0603s	0.4253	0.9180	0.9176
121
0268	0.0288	1.0000	0.2978	0.9360	0.0600s	0.3815	0.9200	0.9198
122
0269	0.0251	1.0000	0.2708	0.9400	0.0598s	0.3539	0.9160	0.9160
123
0270	0.0252	1.0000	0.2645	0.9380	0.0602s	0.3543	0.9230	0.9229
124
0271	0.0260	1.0000	0.3177	0.9380	0.0600s	0.4335	0.9180	0.9177
125
0272	0.0413	1.0000	0.2888	0.9400	0.0577s	0.3725	0.9230	0.9228
126
0273	0.0244	1.0000	0.2864	0.9360	0.0534s	0.3705	0.9140	0.9139
127
0274	0.0386	1.0000	0.2640	0.9420	0.0518s	0.3697	0.9230	0.9229
128
0275	0.0216	1.0000	0.3145	0.9360	0.0512s	0.4429	0.9210	0.9208
129
0276	0.0335	1.0000	0.2700	0.9400	0.0513s	0.3860	0.9260	0.9259
130
0277	0.0233	1.0000	0.2776	0.9420	0.0513s	0.3642	0.9160	0.9159
131
0278	0.0264	1.0000	0.2909	0.9400	0.0507s	0.3650	0.9180	0.9178
132
0279	0.0340	1.0000	0.3012	0.9400	0.0511s	0.4048	0.9200	0.9197
133
0280	0.0250	1.0000	0.3278	0.9300	0.0514s	0.4634	0.9150	0.9151
134
0281	0.0423	1.0000	0.2948	0.9400	0.0518s	0.3853	0.9200	0.9198
135
0282	0.0250	1.0000	0.2952	0.9380	0.0506s	0.3626	0.9190	0.9189
136
0283	0.0268	1.0000	0.2949	0.9380	0.0504s	0.3687	0.9170	0.9169
137
0284	0.0381	1.0000	0.3064	0.9400	0.0516s	0.3909	0.9230	0.9227
138
0285	0.0185	1.0000	0.3614	0.9300	0.0512s	0.4724	0.9210	0.9207
139
0286	0.0422	1.0000	0.2712	0.9440	0.0508s	0.4057	0.9190	0.9191
140
0287	0.0394	1.0000	0.2864	0.9400	0.0504s	0.3627	0.9200	0.9199
141
0288	0.0237	1.0000	0.3598	0.9300	0.0515s	0.4031	0.9130	0.9121
142
0289	0.0346	1.0000	0.2885	0.9400	0.0515s	0.3688	0.9250	0.9248
143
0290	0.0256	1.0000	0.2635	0.9420	0.0514s	0.3972	0.9250	0.9250
144
0291	0.0217	1.0000	0.2920	0.9420	0.0518s	0.4540	0.9170	0.9170
145
0292	0.0512	0.9833	0.2805	0.9440	0.0512s	0.3922	0.9250	0.9248
146
0293	0.0298	1.0000	0.3580	0.9240	0.0516s	0.3993	0.9160	0.9152
147
0294	0.0304	1.0000	0.3591	0.9220	0.0513s	0.3991	0.9100	0.9093
148
0295	0.0399	1.0000	0.2724	0.9380	0.0512s	0.3651	0.9220	0.9218
149
0296	0.0223	1.0000	0.2815	0.9460	0.0516s	0.4268	0.9190	0.9189
150
0297	0.0318	1.0000	0.2965	0.9420	0.0507s	0.4594	0.9100	0.9101
151
0298	0.0462	0.9833	0.2667	0.9480	0.0504s	0.4022	0.9100	0.9103
152
0299	0.0322	0.9833	0.2623	0.9400	0.0505s	0.3451	0.9240	0.9239
153
0300	0.0233	1.0000	0.4209	0.9160	0.0513s	0.4547	0.9050	0.9031
154
0301	0.0400	1.0000	0.3935	0.9280	0.0506s	0.4347	0.9110	0.9095
155
0302	0.0360	1.0000	0.2671	0.9360	0.0505s	0.3467	0.9180	0.9181
156
0303	0.0350	1.0000	0.2512	0.9460	0.0508s	0.3653	0.9220	0.9219
157
0304	0.0275	1.0000	0.2855	0.9400	0.0505s	0.4072	0.9220	0.9217
158
0305	0.0247	1.0000	0.2805	0.9380	0.0506s	0.3941	0.9230	0.9228
159
0306	0.0227	1.0000	0.2668	0.9440	0.0509s	0.3471	0.9240	0.9239
160
0307	0.0229	1.0000	0.2831	0.9360	0.0509s	0.3449	0.9240	0.9238
161
0308	0.0293	1.0000	0.3000	0.9320	0.0506s	0.3716	0.9270	0.9267
162
0309	0.0270	1.0000	0.3268	0.9320	0.0515s	0.4211	0.9260	0.9256
163
0310	0.0339	1.0000	0.2599	0.9440	0.0507s	0.3620	0.9250	0.9249
164
0311	0.0267	1.0000	0.2617	0.9400	0.0514s	0.3695	0.9180	0.9181
165
0312	0.0333	1.0000	0.2849	0.9380	0.0511s	0.3774	0.9230	0.9227
166
0313	0.0322	1.0000	0.3130	0.9360	0.0514s	0.3893	0.9190	0.9184
167
0314	0.0247	1.0000	0.2837	0.9360	0.0512s	0.3611	0.9260	0.9258
168
0315	0.0226	1.0000	0.2670	0.9380	0.0512s	0.3634	0.9230	0.9229
169
0316	0.0234	1.0000	0.2667	0.9400	0.0508s	0.3719	0.9210	0.9209
170
0317	0.0229	1.0000	0.2870	0.9400	0.0506s	0.3870	0.9230	0.9228
171
0318	0.0234	1.0000	0.2918	0.9340	0.0597s	0.3662	0.9250	0.9248
172
0319	0.0198	1.0000	0.2817	0.9360	0.0597s	0.3464	0.9270	0.9268
173
0320	0.0210	1.0000	0.2757	0.9400	0.0596s	0.3483	0.9240	0.9238
174
0321	0.0255	1.0000	0.2792	0.9380	0.0594s	0.3658	0.9230	0.9228
175
0322	0.0222	1.0000	0.3008	0.9380	0.0593s	0.3801	0.9230	0.9228
176
0323	0.0283	1.0000	0.2780	0.9420	0.0596s	0.3319	0.9260	0.9258
177
0324	0.0339	1.0000	0.2788	0.9400	0.0597s	0.3462	0.9210	0.9208
178
0325	0.0239	1.0000	0.3109	0.9380	0.0596s	0.3887	0.9210	0.9207
179
0326	0.0322	1.0000	0.2656	0.9420	0.0594s	0.3325	0.9270	0.9270
180
0327	0.0232	1.0000	0.2780	0.9380	0.0597s	0.3307	0.9260	0.9258
181
0328	0.0243	1.0000	0.3376	0.9340	0.0597s	0.4045	0.9220	0.9217
182
0329	0.0372	0.9833	0.2624	0.9400	0.0592s	0.3498	0.9260	0.9260
183
0330	0.0246	1.0000	0.2686	0.9400	0.0634s	0.3485	0.9250	0.9249
184
0331	0.0292	0.9833	0.3724	0.9320	0.0660s	0.4349	0.9180	0.9175
185
0332	0.0409	1.0000	0.2853	0.9400	0.0598s	0.3627	0.9210	0.9208
186
0333	0.0246	1.0000	0.2815	0.9320	0.0601s	0.3720	0.9140	0.9141
187
0334	0.0430	1.0000	0.3453	0.9320	0.0598s	0.4081	0.9220	0.9216
188
0335	0.0259	1.0000	0.4168	0.9200	0.0600s	0.4794	0.9150	0.9142
189
0336	0.0479	1.0000	0.2795	0.9340	0.0596s	0.3772	0.9180	0.9181
190
0337	0.0377	0.9833	0.2855	0.9320	0.0599s	0.3925	0.9130	0.9132
191
0338	0.0322	1.0000	0.3141	0.9300	0.0600s	0.4160	0.9200	0.9197
192
0339	0.0275	1.0000	0.3573	0.9300	0.0602s	0.4474	0.9210	0.9206
193
0340	0.0288	1.0000	0.3112	0.9340	0.0600s	0.4042	0.9240	0.9237
194
0341	0.0253	1.0000	0.2723	0.9400	0.0599s	0.3803	0.9210	0.9210
195
0342	0.0259	1.0000	0.2679	0.9400	0.0603s	0.3867	0.9200	0.9199
196
0343	0.0219	1.0000	0.2850	0.9340	0.0600s	0.4030	0.9240	0.9238
197
0344	0.0203	1.0000	0.3480	0.9320	0.0603s	0.4426	0.9210	0.9206
198
0345	0.0272	1.0000	0.3242	0.9300	0.0599s	0.4131	0.9220	0.9215
199
Early stop! Min loss:0.21853552758693695,  Max accuracy:0.9500000000000001
Early stop model validation loss:0.21853552758693695,  accuracy:0.9420000000000001
Optimization Finished!
Total time elapsed: 18.4450s
test max acc:0.9280
Loading 104th epoch
stru_node_to_hop attention:tensor([[0.3330, 0.3336, 0.3335],
        [0.3333, 0.3333, 0.3334],
        [0.3331, 0.3334, 0.3335],
        [0.3335, 0.3333, 0.3333],
        [0.3333, 0.3333, 0.3333],
        [0.3287, 0.3366, 0.3347],
        [0.3333, 0.3334, 0.3333],
        [0.3334, 0.3333, 0.3333],
        [0.3335, 0.3332, 0.3332],
        [0.3332, 0.3333, 0.3335],
        [0.3326, 0.3334, 0.3341],
        [0.3333, 0.3333, 0.3333],
        [0.3319, 0.3339, 0.3341],
        [0.3333, 0.3333, 0.3333],
        [0.3334, 0.3331, 0.3336],
        [0.3318, 0.3337, 0.3345],
        [0.3334, 0.3333, 0.3333],
        [0.3312, 0.3345, 0.3342],
        [0.3332, 0.3334, 0.3334],
        [0.3333, 0.3333, 0.3333],
        [0.3339, 0.3330, 0.3331],
        [0.3334, 0.3333, 0.3333],
        [0.3408, 0.3279, 0.3313],
        [0.3333, 0.3333, 0.3333],
        [0.3334, 0.3335, 0.3331],
        [0.3334, 0.3333, 0.3333],
        [0.3342, 0.3328, 0.3329],
        [0.3306, 0.3344, 0.3350],
        [0.3333, 0.3333, 0.3333],
        [0.3326, 0.3336, 0.3338],
        [0.3331, 0.3338, 0.3332],
        [0.3333, 0.3333, 0.3333],
        [0.3314, 0.3341, 0.3344],
        [0.3248, 0.3365, 0.3386],
        [0.3330, 0.3335, 0.3335],
        [0.3332, 0.3334, 0.3334],
        [0.3333, 0.3333, 0.3333],
        [0.3330, 0.3333, 0.3336],
        [0.3319, 0.3339, 0.3343],
        [0.3515, 0.3246, 0.3238],
        [0.3333, 0.3333, 0.3333],
        [0.3215, 0.3395, 0.3390],
        [0.3333, 0.3333, 0.3333],
        [0.3333, 0.3333, 0.3333],
        [0.3321, 0.3343, 0.3336],
        [0.3326, 0.3337, 0.3337],
        [0.3336, 0.3332, 0.3332],
        [0.3315, 0.3343, 0.3342],
        [0.3261, 0.3374, 0.3365],
        [0.3338, 0.3330, 0.3332],
        [0.3330, 0.3335, 0.3334],
        [0.3449, 0.3268, 0.3282],
        [0.3333, 0.3333, 0.3334],
        [0.3328, 0.3336, 0.3336],
        [0.3333, 0.3333, 0.3333],
        [0.3333, 0.3333, 0.3333],
        [0.3279, 0.3357, 0.3364],
        [0.3331, 0.3329, 0.3341],
        [0.3332, 0.3333, 0.3335],
        [0.3333, 0.3333, 0.3333],
        [0.3333, 0.3333, 0.3333],
        [0.3333, 0.3334, 0.3334],
        [0.3335, 0.3332, 0.3332],
        [0.3318, 0.3341, 0.3341],
        [0.3333, 0.3333, 0.3333],
        [0.3334, 0.3333, 0.3333],
        [0.3267, 0.3351, 0.3383],
        [0.3333, 0.3334, 0.3333],
        [0.3238, 0.3386, 0.3376],
        [0.3332, 0.3334, 0.3334],
        [0.3173, 0.3432, 0.3395],
        [0.3296, 0.3354, 0.3349],
        [0.3333, 0.3333, 0.3333],
        [0.3333, 0.3333, 0.3333],
        [0.3333, 0.3333, 0.3333],
        [0.3334, 0.3333, 0.3333],
        [0.3334, 0.3333, 0.3333],
        [0.3333, 0.3333, 0.3333],
        [0.3333, 0.3333, 0.3333],
        [0.3333, 0.3334, 0.3333],
        [0.3301, 0.3346, 0.3353],
        [0.3384, 0.3312, 0.3304],
        [0.3334, 0.3333, 0.3333],
        [0.3346, 0.3326, 0.3327],
        [0.3312, 0.3350, 0.3338],
        [0.3341, 0.3329, 0.3330],
        [0.3333, 0.3333, 0.3333],
        [0.3362, 0.3319, 0.3319],
        [0.3333, 0.3333, 0.3333],
        [0.3333, 0.3333, 0.3333],
        [0.3333, 0.3334, 0.3334],
        [0.3348, 0.3323, 0.3330],
        [0.3333, 0.3333, 0.3333],
        [0.3333, 0.3333, 0.3333],
        [0.3350, 0.3318, 0.3332],
        [0.3327, 0.3333, 0.3340],
        [0.3333, 0.3333, 0.3333],
        [0.3324, 0.3339, 0.3337],
        [0.3333, 0.3333, 0.3333],
        [0.3333, 0.3333, 0.3333]], device='cuda:1')
fea_node_to_hop attention:tensor([[0.2006, 0.1996, 0.2000, 0.1999, 0.1999],
        [0.1999, 0.2000, 0.2000, 0.2000, 0.2000],
        [0.1999, 0.2000, 0.2001, 0.2000, 0.2000],
        [0.2001, 0.1999, 0.2000, 0.2000, 0.2000],
        [0.2000, 0.2000, 0.2000, 0.2000, 0.2000],
        [0.2010, 0.1999, 0.1995, 0.1998, 0.1999],
        [0.1997, 0.2001, 0.2001, 0.2001, 0.2000],
        [0.1999, 0.2000, 0.2000, 0.2000, 0.2000],
        [0.2000, 0.2000, 0.1999, 0.2000, 0.2001],
        [0.2000, 0.2000, 0.2001, 0.2000, 0.2000],
        [0.1989, 0.2002, 0.2004, 0.2003, 0.2002],
        [0.2000, 0.2000, 0.2000, 0.2000, 0.2000],
        [0.1988, 0.2004, 0.2004, 0.2003, 0.2001],
        [0.2000, 0.2000, 0.2000, 0.2000, 0.2000],
        [0.1996, 0.2002, 0.2002, 0.2000, 0.1999],
        [0.1994, 0.2008, 0.2002, 0.1999, 0.1997],
        [0.2000, 0.2000, 0.2000, 0.2000, 0.2000],
        [0.1988, 0.2011, 0.2001, 0.2000, 0.1999],
        [0.1999, 0.2001, 0.2000, 0.2000, 0.2000],
        [0.1982, 0.2008, 0.2000, 0.2005, 0.2005],
        [0.2004, 0.1996, 0.1999, 0.2000, 0.2001],
        [0.2000, 0.2000, 0.2000, 0.2000, 0.2000],
        [0.1946, 0.2044, 0.2018, 0.2003, 0.1989],
        [0.2000, 0.2000, 0.2000, 0.2000, 0.2000],
        [0.1999, 0.1999, 0.2000, 0.2001, 0.2002],
        [0.2000, 0.2000, 0.2000, 0.2000, 0.2000],
        [0.2010, 0.1998, 0.1997, 0.1997, 0.1998],
        [0.1960, 0.2013, 0.2010, 0.2009, 0.2008],
        [0.2000, 0.2000, 0.2000, 0.2000, 0.2000],
        [0.1998, 0.2000, 0.2001, 0.2001, 0.2000],
        [0.2002, 0.1997, 0.2000, 0.2000, 0.2000],
        [0.2000, 0.2000, 0.2000, 0.2000, 0.2000],
        [0.1979, 0.2019, 0.2013, 0.2001, 0.1987],
        [0.1970, 0.2001, 0.2014, 0.2010, 0.2006],
        [0.2000, 0.2000, 0.2000, 0.2000, 0.2000],
        [0.1999, 0.2000, 0.2000, 0.2000, 0.2000],
        [0.2000, 0.2000, 0.2000, 0.2000, 0.2000],
        [0.1989, 0.2003, 0.2004, 0.2003, 0.2002],
        [0.1986, 0.2002, 0.2006, 0.2003, 0.2002],
        [0.1964, 0.2053, 0.2013, 0.1993, 0.1976],
        [0.2000, 0.2000, 0.2000, 0.2000, 0.2000],
        [0.2010, 0.1967, 0.2000, 0.2009, 0.2014],
        [0.2000, 0.2000, 0.2000, 0.2000, 0.2000],
        [0.2000, 0.2000, 0.2000, 0.2000, 0.2000],
        [0.1975, 0.2004, 0.2011, 0.2007, 0.2003],
        [0.1996, 0.1998, 0.2002, 0.2002, 0.2002],
        [0.2000, 0.2000, 0.1999, 0.2000, 0.2001],
        [0.1990, 0.2003, 0.2004, 0.2002, 0.2001],
        [0.1978, 0.2009, 0.2005, 0.2005, 0.2003],
        [0.1996, 0.2001, 0.2002, 0.2001, 0.1999],
        [0.1999, 0.1998, 0.2000, 0.2001, 0.2002],
        [0.1977, 0.2005, 0.2009, 0.2007, 0.2002],
        [0.2000, 0.1999, 0.2000, 0.2000, 0.2001],
        [0.1991, 0.2003, 0.2004, 0.2002, 0.2000],
        [0.2000, 0.2000, 0.2000, 0.2000, 0.2000],
        [0.2000, 0.2000, 0.2000, 0.2000, 0.2000],
        [0.1958, 0.2012, 0.2011, 0.2011, 0.2009],
        [0.1998, 0.1999, 0.2003, 0.2001, 0.1999],
        [0.2000, 0.2001, 0.2000, 0.2000, 0.2000],
        [0.2000, 0.2000, 0.2000, 0.2000, 0.2000],
        [0.2000, 0.2000, 0.2000, 0.2000, 0.2000],
        [0.1999, 0.2000, 0.2000, 0.2000, 0.2000],
        [0.1993, 0.2007, 0.2005, 0.2000, 0.1995],
        [0.1989, 0.2002, 0.2004, 0.2003, 0.2003],
        [0.1999, 0.2000, 0.2000, 0.2000, 0.2000],
        [0.2001, 0.1999, 0.1999, 0.2000, 0.2001],
        [0.1986, 0.2001, 0.2002, 0.2005, 0.2006],
        [0.1999, 0.2001, 0.2000, 0.2000, 0.2000],
        [0.1935, 0.2015, 0.2017, 0.2017, 0.2015],
        [0.1999, 0.2001, 0.2000, 0.2000, 0.2000],
        [0.1993, 0.1991, 0.1989, 0.2010, 0.2018],
        [0.2025, 0.1988, 0.1993, 0.1995, 0.1998],
        [0.1990, 0.2007, 0.2002, 0.2001, 0.2000],
        [0.1999, 0.2001, 0.2000, 0.2000, 0.2000],
        [0.2000, 0.2000, 0.2000, 0.2000, 0.2000],
        [0.2000, 0.2000, 0.2000, 0.2000, 0.2000],
        [0.2000, 0.2000, 0.2000, 0.2000, 0.2000],
        [0.1977, 0.1986, 0.2019, 0.2011, 0.2007],
        [0.1966, 0.2010, 0.2011, 0.2007, 0.2005],
        [0.1997, 0.1998, 0.2002, 0.2001, 0.2001],
        [0.1992, 0.1999, 0.2005, 0.2003, 0.2001],
        [0.2010, 0.1996, 0.2002, 0.1996, 0.1996],
        [0.2000, 0.1999, 0.2000, 0.2000, 0.2001],
        [0.2008, 0.1999, 0.1996, 0.1998, 0.1998],
        [0.1965, 0.2015, 0.2010, 0.2006, 0.2003],
        [0.2005, 0.1999, 0.1997, 0.1999, 0.2000],
        [0.2000, 0.2000, 0.2000, 0.2000, 0.2000],
        [0.1980, 0.2004, 0.2016, 0.2004, 0.1996],
        [0.2000, 0.2000, 0.2000, 0.2000, 0.2000],
        [0.2000, 0.2000, 0.2000, 0.2000, 0.2000],
        [0.2000, 0.2000, 0.2000, 0.2000, 0.2000],
        [0.2016, 0.1998, 0.1995, 0.1996, 0.1995],
        [0.2000, 0.2000, 0.2000, 0.2000, 0.2000],
        [0.2000, 0.2000, 0.2000, 0.2000, 0.2000],
        [0.1971, 0.2011, 0.2006, 0.2006, 0.2006],
        [0.2000, 0.2017, 0.2000, 0.1993, 0.1989],
        [0.1999, 0.2001, 0.2000, 0.2000, 0.2000],
        [0.1995, 0.2002, 0.2002, 0.2001, 0.2000],
        [0.2044, 0.1983, 0.1991, 0.1989, 0.1992],
        [0.1994, 0.2005, 0.2002, 0.2000, 0.1998]], device='cuda:1')
perception attention:tensor([0.3782, 0.6218], device='cuda:1')
Test set results: loss= 0.3138 accuracy= 0.9210 F1_score= 0.9209
