# epoch	loss_train	acc_train	loss_val	acc_val	time	acc_test	f1_test
0001	1.1006	0.3500	0.9957	0.7740	0.0505s	0.9968	0.7850	0.7616
0
0002	0.8850	0.9667	0.7651	0.8820	0.0508s	0.7731	0.8750	0.8720
0
0003	0.5353	0.9833	0.5496	0.9000	0.0507s	0.5623	0.8870	0.8855
0
0004	0.3741	0.9833	0.3897	0.9140	0.0509s	0.4175	0.8860	0.8862
0
0005	0.2524	0.9833	0.3168	0.9040	0.0505s	0.3361	0.8920	0.8906
0
0006	0.1492	1.0000	0.2681	0.9140	0.0518s	0.3012	0.8960	0.8955
0
0007	0.1252	0.9833	0.2466	0.9220	0.0515s	0.2904	0.8960	0.8960
0
0008	0.0947	1.0000	0.2494	0.9240	0.0518s	0.2926	0.8980	0.8977
0
0009	0.0890	1.0000	0.2543	0.9140	0.0507s	0.3132	0.8910	0.8916
0
0010	0.0862	1.0000	0.2627	0.9180	0.0520s	0.3284	0.8960	0.8965
1
0011	0.0554	0.9833	0.2760	0.9220	0.0517s	0.3317	0.9020	0.9019
2
0012	0.0632	0.9833	0.2935	0.9200	0.0513s	0.3433	0.9050	0.9047
3
0013	0.0544	0.9833	0.3141	0.9260	0.0513s	0.3590	0.9120	0.9115
4
0014	0.0501	0.9833	0.3078	0.9300	0.0512s	0.3672	0.9070	0.9068
0
0015	0.0477	1.0000	0.3186	0.9300	0.0507s	0.3783	0.9080	0.9078
0
0016	0.0529	1.0000	0.3256	0.9300	0.0508s	0.3839	0.9100	0.9097
0
0017	0.0440	0.9833	0.3233	0.9240	0.0505s	0.3795	0.9090	0.9088
0
0018	0.0449	0.9833	0.3296	0.9200	0.0506s	0.3835	0.9080	0.9077
1
0019	0.0435	1.0000	0.3266	0.9220	0.0511s	0.3833	0.9090	0.9088
2
0020	0.0526	0.9833	0.3607	0.9240	0.0507s	0.3999	0.9140	0.9134
3
0021	0.0391	1.0000	0.3851	0.9240	0.0506s	0.4220	0.9150	0.9144
4
0022	0.0550	1.0000	0.3327	0.9260	0.0512s	0.3823	0.9130	0.9127
5
0023	0.0483	1.0000	0.3254	0.9240	0.0513s	0.3754	0.9120	0.9119
6
0024	0.0448	0.9833	0.3398	0.9180	0.0508s	0.3760	0.9110	0.9106
7
0025	0.0500	0.9833	0.3703	0.9220	0.0508s	0.3908	0.9150	0.9143
8
0026	0.0443	1.0000	0.3450	0.9320	0.0506s	0.3954	0.9180	0.9177
9
0027	0.0347	1.0000	0.3216	0.9240	0.0517s	0.4078	0.9100	0.9101
0
0028	0.0467	1.0000	0.3054	0.9240	0.0519s	0.4026	0.9050	0.9055
1
0029	0.0534	0.9833	0.2962	0.9300	0.0518s	0.3528	0.9200	0.9199
2
0030	0.0336	0.9833	0.3766	0.9180	0.0510s	0.3852	0.9140	0.9130
3
0031	0.0441	1.0000	0.3942	0.9160	0.0509s	0.3970	0.9140	0.9128
4
0032	0.0612	0.9833	0.2779	0.9300	0.0509s	0.3343	0.9190	0.9188
5
0033	0.0327	1.0000	0.2967	0.9300	0.0512s	0.3981	0.9050	0.9057
6
0034	0.0658	1.0000	0.2863	0.9340	0.0504s	0.3589	0.9190	0.9189
7
0035	0.0532	0.9667	0.3552	0.9260	0.0510s	0.3859	0.9200	0.9193
0
0036	0.0438	1.0000	0.3689	0.9180	0.0506s	0.3817	0.9180	0.9167
1
0037	0.0527	1.0000	0.3113	0.9260	0.0518s	0.3530	0.9120	0.9114
2
0038	0.0632	1.0000	0.2418	0.9340	0.0518s	0.3223	0.9120	0.9121
3
0039	0.0480	1.0000	0.2796	0.9360	0.0511s	0.3672	0.9190	0.9189
0
0040	0.0454	1.0000	0.3302	0.9340	0.0505s	0.4101	0.9070	0.9070
0
0041	0.0804	1.0000	0.2353	0.9360	0.0504s	0.3172	0.9150	0.9151
1
0042	0.0404	1.0000	0.3138	0.9220	0.0505s	0.3897	0.8970	0.8965
0
0043	0.0537	0.9833	0.3142	0.9200	0.0506s	0.3606	0.9050	0.9041
1
0044	0.0599	1.0000	0.3325	0.9220	0.0508s	0.3762	0.9130	0.9117
2
0045	0.0496	1.0000	0.3398	0.9300	0.0507s	0.4120	0.9130	0.9123
3
0046	0.0569	0.9833	0.2444	0.9460	0.0505s	0.3581	0.9190	0.9189
4
0047	0.0464	1.0000	0.2350	0.9320	0.0509s	0.3554	0.9090	0.9094
0
0048	0.0605	1.0000	0.2348	0.9460	0.0505s	0.3172	0.9240	0.9239
0
0049	0.0322	1.0000	0.3146	0.9240	0.0508s	0.3649	0.9170	0.9158
0
0050	0.0468	1.0000	0.3358	0.9240	0.0504s	0.3827	0.9120	0.9106
1
0051	0.0551	0.9833	0.2339	0.9420	0.0510s	0.3222	0.9250	0.9249
2
0052	0.0381	1.0000	0.2356	0.9280	0.0507s	0.3615	0.9090	0.9095
0
0053	0.0379	1.0000	0.2374	0.9400	0.0508s	0.3686	0.9130	0.9133
1
0054	0.0589	1.0000	0.2755	0.9380	0.0504s	0.3725	0.9190	0.9187
2
0055	0.0441	1.0000	0.3171	0.9260	0.0505s	0.3771	0.9180	0.9170
3
0056	0.0429	1.0000	0.2794	0.9320	0.0510s	0.3306	0.9180	0.9172
4
0057	0.0498	0.9833	0.2696	0.9280	0.0506s	0.3239	0.9150	0.9144
5
0058	0.0413	1.0000	0.2415	0.9420	0.0505s	0.3146	0.9180	0.9180
6
0059	0.0348	1.0000	0.2236	0.9480	0.0511s	0.3163	0.9230	0.9230
7
0060	0.0328	1.0000	0.2604	0.9340	0.0513s	0.3549	0.9190	0.9187
0
0061	0.0336	1.0000	0.2869	0.9340	0.0507s	0.3664	0.9180	0.9177
1
0062	0.0309	1.0000	0.2702	0.9360	0.0522s	0.3347	0.9210	0.9205
2
0063	0.0420	1.0000	0.2562	0.9420	0.0523s	0.3072	0.9250	0.9246
3
0064	0.0367	1.0000	0.2579	0.9380	0.0534s	0.3087	0.9230	0.9227
4
0065	0.0390	1.0000	0.2423	0.9440	0.0584s	0.3034	0.9280	0.9279
5
0066	0.0283	1.0000	0.2623	0.9320	0.0566s	0.3406	0.9190	0.9187
6
0067	0.0377	1.0000	0.2574	0.9340	0.0520s	0.3384	0.9200	0.9197
7
0068	0.0304	1.0000	0.2340	0.9420	0.0524s	0.3095	0.9270	0.9268
8
0069	0.0359	1.0000	0.2360	0.9420	0.0514s	0.2946	0.9300	0.9299
9
0070	0.0353	1.0000	0.2425	0.9400	0.0507s	0.2965	0.9290	0.9289
10
0071	0.0536	1.0000	0.2575	0.9380	0.0504s	0.3162	0.9270	0.9268
11
0072	0.0359	1.0000	0.2575	0.9360	0.0507s	0.3388	0.9190	0.9187
12
0073	0.0339	1.0000	0.2281	0.9420	0.0506s	0.3194	0.9270	0.9268
13
0074	0.0399	1.0000	0.2208	0.9440	0.0507s	0.2984	0.9300	0.9299
14
0075	0.0319	1.0000	0.2301	0.9440	0.0505s	0.2921	0.9260	0.9259
0
0076	0.0459	1.0000	0.2637	0.9360	0.0508s	0.3146	0.9290	0.9286
1
0077	0.0342	1.0000	0.2732	0.9380	0.0507s	0.3379	0.9240	0.9237
2
0078	0.0442	1.0000	0.2203	0.9440	0.0506s	0.3078	0.9270	0.9268
3
0079	0.0268	1.0000	0.2161	0.9420	0.0504s	0.3040	0.9260	0.9259
0
0080	0.0366	1.0000	0.2436	0.9420	0.0508s	0.3077	0.9310	0.9309
0
0081	0.0343	1.0000	0.2600	0.9380	0.0506s	0.3215	0.9290	0.9287
1
0082	0.0288	1.0000	0.2416	0.9420	0.0506s	0.3168	0.9270	0.9268
2
0083	0.0306	1.0000	0.2187	0.9440	0.0515s	0.3015	0.9270	0.9269
3
0084	0.0345	1.0000	0.2255	0.9460	0.0514s	0.2978	0.9270	0.9268
4
0085	0.0398	1.0000	0.2802	0.9380	0.0510s	0.3339	0.9270	0.9267
5
0086	0.0394	1.0000	0.2527	0.9400	0.0509s	0.3177	0.9290	0.9288
6
0087	0.0315	1.0000	0.2238	0.9400	0.0512s	0.3153	0.9220	0.9220
7
0088	0.0343	1.0000	0.2259	0.9440	0.0511s	0.3169	0.9280	0.9278
8
0089	0.0383	1.0000	0.2840	0.9360	0.0504s	0.3438	0.9260	0.9257
9
0090	0.0316	1.0000	0.2597	0.9400	0.0506s	0.3186	0.9270	0.9267
10
0091	0.0434	1.0000	0.2298	0.9380	0.0513s	0.3137	0.9230	0.9229
11
0092	0.0373	1.0000	0.2281	0.9440	0.0513s	0.3166	0.9290	0.9288
12
0093	0.0404	1.0000	0.2879	0.9380	0.0511s	0.3634	0.9210	0.9206
13
0094	0.0353	1.0000	0.2695	0.9380	0.0507s	0.3401	0.9260	0.9257
14
0095	0.0284	1.0000	0.2259	0.9360	0.0514s	0.3214	0.9150	0.9150
15
0096	0.0372	0.9833	0.2205	0.9400	0.0516s	0.3119	0.9260	0.9259
16
0097	0.0401	1.0000	0.3481	0.9300	0.0504s	0.3905	0.9170	0.9157
17
0098	0.0463	0.9833	0.2941	0.9380	0.0505s	0.3604	0.9210	0.9205
18
0099	0.0378	1.0000	0.2482	0.9280	0.0506s	0.3642	0.9090	0.9094
19
0100	0.0498	0.9833	0.2292	0.9340	0.0504s	0.3304	0.9130	0.9131
20
0101	0.0451	0.9833	0.3251	0.9340	0.0505s	0.3823	0.9220	0.9214
21
0102	0.0344	1.0000	0.4707	0.9020	0.0506s	0.5044	0.8940	0.8908
22
0103	0.0602	1.0000	0.2737	0.9380	0.0507s	0.3409	0.9240	0.9236
23
0104	0.0285	1.0000	0.2761	0.9320	0.0508s	0.3769	0.9040	0.9043
24
0105	0.0444	1.0000	0.2797	0.9320	0.0506s	0.3724	0.9060	0.9062
25
0106	0.0507	1.0000	0.2885	0.9360	0.0505s	0.3627	0.9240	0.9236
26
0107	0.0322	1.0000	0.4291	0.9160	0.0511s	0.4874	0.9120	0.9107
27
0108	0.0375	1.0000	0.3990	0.9200	0.0506s	0.4676	0.9150	0.9140
28
0109	0.0546	0.9833	0.2604	0.9460	0.0506s	0.3399	0.9270	0.9268
29
0110	0.0260	1.0000	0.3054	0.9360	0.0507s	0.3825	0.9040	0.9040
30
0111	0.0475	0.9833	0.2934	0.9360	0.0507s	0.3744	0.9080	0.9081
31
0112	0.0346	1.0000	0.2497	0.9400	0.0505s	0.3415	0.9230	0.9229
32
0113	0.0277	1.0000	0.2856	0.9400	0.0505s	0.3806	0.9230	0.9226
33
0114	0.0362	0.9667	0.3350	0.9240	0.0505s	0.4039	0.9230	0.9223
34
0115	0.0390	0.9833	0.2952	0.9340	0.0507s	0.3663	0.9270	0.9264
35
0116	0.0284	1.0000	0.2651	0.9420	0.0504s	0.3391	0.9270	0.9268
36
0117	0.0224	1.0000	0.2541	0.9380	0.0507s	0.3334	0.9240	0.9239
37
0118	0.0288	1.0000	0.2494	0.9400	0.0508s	0.3330	0.9250	0.9249
38
0119	0.0268	1.0000	0.2557	0.9400	0.0512s	0.3451	0.9280	0.9277
39
0120	0.0303	1.0000	0.2663	0.9420	0.0510s	0.3547	0.9260	0.9257
40
0121	0.0294	1.0000	0.2729	0.9420	0.0507s	0.3554	0.9250	0.9246
41
0122	0.0365	1.0000	0.2414	0.9420	0.0506s	0.3210	0.9250	0.9249
42
0123	0.0302	1.0000	0.2469	0.9380	0.0504s	0.3248	0.9200	0.9200
43
0124	0.0402	1.0000	0.2414	0.9420	0.0505s	0.3197	0.9270	0.9268
44
0125	0.0262	1.0000	0.3026	0.9320	0.0507s	0.3787	0.9190	0.9184
45
0126	0.0360	1.0000	0.2933	0.9320	0.0513s	0.3730	0.9190	0.9184
46
0127	0.0410	1.0000	0.2284	0.9420	0.0512s	0.3087	0.9240	0.9239
47
0128	0.0356	1.0000	0.2371	0.9380	0.0506s	0.3194	0.9170	0.9170
48
0129	0.0398	1.0000	0.2436	0.9420	0.0503s	0.3136	0.9270	0.9268
49
0130	0.0352	1.0000	0.2732	0.9340	0.0511s	0.3524	0.9210	0.9206
50
0131	0.0321	0.9833	0.2326	0.9440	0.0510s	0.3289	0.9240	0.9237
51
0132	0.0286	1.0000	0.2218	0.9400	0.0506s	0.3159	0.9230	0.9229
52
0133	0.0338	1.0000	0.2476	0.9420	0.0505s	0.3103	0.9260	0.9258
53
0134	0.0337	1.0000	0.2634	0.9380	0.0511s	0.3434	0.9200	0.9196
54
0135	0.0345	1.0000	0.2484	0.9420	0.0504s	0.3507	0.9210	0.9206
55
0136	0.0323	1.0000	0.2239	0.9440	0.0506s	0.3217	0.9260	0.9259
56
0137	0.0349	1.0000	0.2487	0.9380	0.0504s	0.3101	0.9260	0.9258
57
0138	0.0384	1.0000	0.2744	0.9440	0.0512s	0.3374	0.9230	0.9227
58
0139	0.0384	1.0000	0.2442	0.9460	0.0511s	0.3350	0.9250	0.9247
59
0140	0.0314	1.0000	0.2368	0.9440	0.0527s	0.3160	0.9260	0.9258
60
0141	0.0279	1.0000	0.2478	0.9420	0.0510s	0.3116	0.9260	0.9258
61
0142	0.0325	1.0000	0.2830	0.9400	0.0516s	0.3489	0.9240	0.9237
62
0143	0.0278	1.0000	0.2766	0.9380	0.0507s	0.3596	0.9210	0.9206
63
0144	0.0333	1.0000	0.2444	0.9400	0.0504s	0.3224	0.9230	0.9229
64
0145	0.0352	1.0000	0.2624	0.9420	0.0502s	0.3163	0.9260	0.9258
65
0146	0.0317	1.0000	0.2810	0.9420	0.0507s	0.3461	0.9240	0.9237
66
0147	0.0303	1.0000	0.2506	0.9460	0.0505s	0.3408	0.9240	0.9237
67
0148	0.0301	1.0000	0.2348	0.9440	0.0505s	0.3284	0.9260	0.9258
68
0149	0.0303	1.0000	0.2602	0.9420	0.0507s	0.3236	0.9250	0.9247
69
0150	0.0268	1.0000	0.2749	0.9440	0.0506s	0.3435	0.9250	0.9247
70
0151	0.0273	1.0000	0.2596	0.9460	0.0507s	0.3497	0.9230	0.9227
71
0152	0.0240	1.0000	0.2389	0.9460	0.0505s	0.3364	0.9240	0.9237
72
0153	0.0264	1.0000	0.2495	0.9440	0.0505s	0.3268	0.9250	0.9248
73
0154	0.0284	1.0000	0.2716	0.9440	0.0506s	0.3374	0.9240	0.9236
74
0155	0.0308	1.0000	0.2428	0.9460	0.0506s	0.3344	0.9240	0.9237
75
0156	0.0289	0.9833	0.2217	0.9480	0.0509s	0.3357	0.9270	0.9269
76
0157	0.0298	1.0000	0.2354	0.9460	0.0505s	0.3311	0.9250	0.9248
0
0158	0.0250	1.0000	0.2832	0.9440	0.0507s	0.3532	0.9220	0.9216
1
0159	0.0312	1.0000	0.2329	0.9460	0.0505s	0.3250	0.9260	0.9258
2
0160	0.0235	1.0000	0.2197	0.9480	0.0504s	0.3264	0.9280	0.9278
3
0161	0.0305	1.0000	0.2471	0.9440	0.0506s	0.3336	0.9240	0.9237
0
0162	0.0285	0.9833	0.2674	0.9440	0.0507s	0.3503	0.9210	0.9207
1
0163	0.0299	1.0000	0.2228	0.9480	0.0507s	0.3228	0.9290	0.9288
2
0164	0.0285	1.0000	0.2375	0.9440	0.0504s	0.3316	0.9260	0.9258
0
0165	0.0265	1.0000	0.2687	0.9440	0.0505s	0.3375	0.9240	0.9237
1
0166	0.0326	1.0000	0.2325	0.9440	0.0509s	0.3192	0.9270	0.9268
2
0167	0.0289	1.0000	0.2397	0.9440	0.0506s	0.3283	0.9240	0.9237
3
0168	0.0251	1.0000	0.2529	0.9440	0.0503s	0.3316	0.9240	0.9237
4
0169	0.0252	1.0000	0.2397	0.9440	0.0509s	0.3212	0.9260	0.9258
5
0170	0.0284	1.0000	0.2536	0.9440	0.0507s	0.3326	0.9240	0.9237
6
0171	0.0228	1.0000	0.2467	0.9440	0.0504s	0.3260	0.9240	0.9237
7
0172	0.0316	1.0000	0.2291	0.9420	0.0505s	0.3123	0.9280	0.9278
8
0173	0.0244	1.0000	0.2529	0.9440	0.0506s	0.3367	0.9240	0.9237
9
0174	0.0223	1.0000	0.2640	0.9440	0.0511s	0.3401	0.9230	0.9227
10
0175	0.0309	1.0000	0.2427	0.9440	0.0508s	0.3114	0.9260	0.9257
11
0176	0.0284	1.0000	0.2205	0.9460	0.0506s	0.3230	0.9280	0.9278
12
0177	0.0269	1.0000	0.2843	0.9380	0.0510s	0.3697	0.9180	0.9176
13
0178	0.0353	1.0000	0.2681	0.9440	0.0506s	0.3275	0.9240	0.9237
14
0179	0.0393	1.0000	0.2246	0.9420	0.0506s	0.3460	0.9250	0.9249
15
0180	0.0409	1.0000	0.2551	0.9440	0.0505s	0.3520	0.9240	0.9237
16
0181	0.0244	1.0000	0.3133	0.9400	0.0509s	0.3768	0.9190	0.9183
17
0182	0.0266	1.0000	0.2603	0.9440	0.0507s	0.3318	0.9240	0.9237
18
0183	0.0276	1.0000	0.2210	0.9460	0.0507s	0.3380	0.9260	0.9259
19
0184	0.0352	1.0000	0.2527	0.9440	0.0505s	0.3491	0.9230	0.9227
20
0185	0.0306	1.0000	0.2658	0.9440	0.0513s	0.3366	0.9240	0.9237
21
0186	0.0253	1.0000	0.2417	0.9440	0.0511s	0.3223	0.9230	0.9228
22
0187	0.0308	1.0000	0.2519	0.9460	0.0507s	0.3524	0.9240	0.9237
23
0188	0.0318	1.0000	0.2532	0.9480	0.0505s	0.3616	0.9240	0.9237
24
0189	0.0247	1.0000	0.2359	0.9480	0.0507s	0.3323	0.9250	0.9248
0
0190	0.0260	1.0000	0.2515	0.9460	0.0510s	0.3310	0.9230	0.9227
0
0191	0.0242	1.0000	0.2578	0.9440	0.0502s	0.3424	0.9240	0.9237
1
0192	0.0251	1.0000	0.2330	0.9500	0.0503s	0.3378	0.9260	0.9258
2
0193	0.0292	1.0000	0.2359	0.9480	0.0510s	0.3253	0.9250	0.9248
0
0194	0.0242	1.0000	0.2625	0.9440	0.0512s	0.3454	0.9230	0.9227
1
0195	0.0250	1.0000	0.2503	0.9460	0.0509s	0.3430	0.9240	0.9237
2
0196	0.0238	1.0000	0.2299	0.9500	0.0505s	0.3286	0.9260	0.9258
3
0197	0.0255	1.0000	0.2440	0.9480	0.0513s	0.3319	0.9250	0.9248
0
0198	0.0216	1.0000	0.2600	0.9460	0.0507s	0.3509	0.9230	0.9227
1
0199	0.0268	1.0000	0.2257	0.9500	0.0507s	0.3259	0.9260	0.9258
2
0200	0.0210	1.0000	0.2402	0.9480	0.0502s	0.3318	0.9250	0.9248
0
0201	0.0218	1.0000	0.2598	0.9440	0.0505s	0.3378	0.9240	0.9237
1
0202	0.0252	1.0000	0.2322	0.9480	0.0507s	0.3347	0.9250	0.9248
2
0203	0.0283	1.0000	0.2188	0.9480	0.0506s	0.3257	0.9280	0.9278
3
0204	0.0435	0.9833	0.3940	0.9140	0.0504s	0.4312	0.9010	0.8988
4
0205	0.0578	1.0000	0.2558	0.9480	0.0507s	0.3694	0.9220	0.9217
5
0206	0.0233	1.0000	0.3087	0.9120	0.0504s	0.4703	0.8710	0.8706
6
0207	0.0956	1.0000	0.7220	0.8320	0.0510s	0.7003	0.8370	0.8291
7
0208	0.1409	0.9500	0.2662	0.9460	0.0507s	0.3577	0.9230	0.9227
8
0209	0.0244	1.0000	0.3165	0.9140	0.0506s	0.4967	0.8710	0.8719
9
0210	0.0627	0.9833	0.3319	0.9140	0.0512s	0.5281	0.8740	0.8737
10
0211	0.1006	0.9667	0.3002	0.9360	0.0507s	0.4238	0.9110	0.9109
11
0212	0.0347	1.0000	0.3536	0.9260	0.0507s	0.4084	0.9130	0.9115
12
0213	0.0407	0.9833	0.5230	0.8760	0.0504s	0.5405	0.8740	0.8726
13
0214	0.0486	0.9833	0.5913	0.8640	0.0504s	0.5977	0.8690	0.8679
14
0215	0.0597	1.0000	0.4346	0.9100	0.0506s	0.4646	0.9000	0.8978
15
0216	0.0462	1.0000	0.3205	0.9300	0.0505s	0.4035	0.9120	0.9110
16
0217	0.0281	1.0000	0.2640	0.9460	0.0511s	0.3890	0.9200	0.9199
17
0218	0.0250	1.0000	0.2495	0.9420	0.0507s	0.4111	0.9130	0.9132
18
0219	0.0443	0.9833	0.2652	0.9380	0.0504s	0.4487	0.9070	0.9073
19
0220	0.0353	1.0000	0.2751	0.9380	0.0504s	0.4660	0.9070	0.9073
20
0221	0.0348	1.0000	0.2725	0.9460	0.0516s	0.4496	0.9080	0.9081
21
0222	0.0703	0.9833	0.2527	0.9460	0.0508s	0.3744	0.9240	0.9240
22
0223	0.0437	0.9833	0.2997	0.9300	0.0504s	0.3720	0.9150	0.9142
23
0224	0.0278	1.0000	0.4338	0.9100	0.0506s	0.4718	0.8990	0.8973
24
0225	0.0380	1.0000	0.5576	0.8960	0.0506s	0.5807	0.8810	0.8784
25
0226	0.0531	0.9833	0.4988	0.9000	0.0505s	0.5299	0.8860	0.8834
26
0227	0.0460	1.0000	0.3829	0.9180	0.0505s	0.4394	0.9040	0.9023
27
0228	0.0349	1.0000	0.2750	0.9400	0.0511s	0.3640	0.9200	0.9197
28
0229	0.0324	1.0000	0.2426	0.9460	0.0506s	0.3627	0.9150	0.9152
29
0230	0.0388	1.0000	0.2552	0.9420	0.0508s	0.4059	0.9100	0.9103
30
0231	0.0424	0.9833	0.2888	0.9340	0.0508s	0.4548	0.9060	0.9062
31
0232	0.0395	0.9833	0.2831	0.9440	0.0506s	0.4235	0.9100	0.9100
32
0233	0.0375	1.0000	0.2492	0.9460	0.0507s	0.3395	0.9210	0.9210
33
0234	0.0289	1.0000	0.2710	0.9420	0.0505s	0.3347	0.9200	0.9197
34
0235	0.0270	1.0000	0.3233	0.9200	0.0508s	0.3729	0.9100	0.9088
35
0236	0.0276	1.0000	0.3959	0.9140	0.0505s	0.4385	0.9020	0.9000
36
0237	0.0335	1.0000	0.4010	0.9140	0.0508s	0.4423	0.9010	0.8989
37
0238	0.0382	1.0000	0.3285	0.9220	0.0507s	0.3772	0.9110	0.9098
38
0239	0.0413	1.0000	0.2607	0.9440	0.0506s	0.3282	0.9220	0.9219
39
0240	0.0324	1.0000	0.2511	0.9440	0.0505s	0.3620	0.9200	0.9200
40
0241	0.0307	1.0000	0.2867	0.9360	0.0507s	0.4281	0.9110	0.9111
41
0242	0.0419	1.0000	0.2549	0.9440	0.0508s	0.3899	0.9130	0.9132
42
0243	0.0361	0.9833	0.2449	0.9500	0.0505s	0.3394	0.9200	0.9200
43
0244	0.0348	1.0000	0.2784	0.9360	0.0506s	0.3345	0.9270	0.9266
0
0245	0.0343	1.0000	0.4086	0.9160	0.0505s	0.4511	0.9040	0.9020
1
0246	0.0577	0.9833	0.3422	0.9180	0.0507s	0.3828	0.9130	0.9117
2
0247	0.0311	1.0000	0.2917	0.9360	0.0507s	0.3398	0.9220	0.9217
3
0248	0.0384	1.0000	0.2522	0.9420	0.0507s	0.3286	0.9230	0.9229
4
0249	0.0294	1.0000	0.2878	0.9440	0.0507s	0.3948	0.9200	0.9198
5
0250	0.0310	1.0000	0.2917	0.9420	0.0507s	0.4141	0.9130	0.9132
6
0251	0.0535	1.0000	0.2431	0.9480	0.0507s	0.3359	0.9210	0.9210
7
0252	0.0342	1.0000	0.2785	0.9440	0.0506s	0.3350	0.9260	0.9258
8
0253	0.0321	1.0000	0.3452	0.9200	0.0508s	0.3862	0.9160	0.9149
9
0254	0.0364	0.9833	0.3498	0.9240	0.0508s	0.3997	0.9160	0.9149
10
0255	0.0292	1.0000	0.2968	0.9340	0.0503s	0.3716	0.9220	0.9217
11
0256	0.0286	1.0000	0.2494	0.9420	0.0509s	0.3402	0.9220	0.9220
12
0257	0.0322	1.0000	0.2437	0.9440	0.0519s	0.3465	0.9210	0.9210
13
0258	0.0345	0.9833	0.2772	0.9360	0.0523s	0.3692	0.9210	0.9208
14
0259	0.0213	1.0000	0.3137	0.9360	0.0519s	0.3932	0.9230	0.9227
15
0260	0.0253	1.0000	0.3024	0.9340	0.0539s	0.3714	0.9240	0.9235
16
0261	0.0271	1.0000	0.2716	0.9400	0.0536s	0.3436	0.9260	0.9258
17
0262	0.0246	1.0000	0.2581	0.9420	0.0537s	0.3427	0.9250	0.9249
18
0263	0.0233	1.0000	0.2614	0.9380	0.0524s	0.3651	0.9260	0.9259
19
0264	0.0268	1.0000	0.2654	0.9380	0.0521s	0.3747	0.9210	0.9209
20
0265	0.0303	1.0000	0.2712	0.9360	0.0508s	0.3720	0.9210	0.9208
21
0266	0.0243	1.0000	0.2643	0.9360	0.0513s	0.3427	0.9270	0.9269
22
0267	0.0227	1.0000	0.2672	0.9400	0.0513s	0.3357	0.9270	0.9269
23
0268	0.0283	1.0000	0.2716	0.9340	0.0512s	0.3498	0.9260	0.9259
24
0269	0.0215	1.0000	0.2839	0.9340	0.0506s	0.3821	0.9190	0.9189
25
0270	0.0323	1.0000	0.2489	0.9420	0.0505s	0.3431	0.9250	0.9250
26
0271	0.0264	1.0000	0.2549	0.9440	0.0510s	0.3303	0.9250	0.9249
27
0272	0.0300	1.0000	0.2805	0.9340	0.0508s	0.3563	0.9230	0.9229
28
0273	0.0220	1.0000	0.2958	0.9380	0.0505s	0.3785	0.9210	0.9208
29
0274	0.0274	1.0000	0.2500	0.9380	0.0508s	0.3356	0.9250	0.9250
30
0275	0.0222	1.0000	0.2451	0.9380	0.0506s	0.3377	0.9250	0.9250
31
0276	0.0291	1.0000	0.2803	0.9340	0.0505s	0.3628	0.9210	0.9209
32
0277	0.0235	1.0000	0.2867	0.9360	0.0507s	0.3565	0.9230	0.9228
33
0278	0.0280	1.0000	0.2536	0.9400	0.0504s	0.3330	0.9240	0.9240
34
0279	0.0301	1.0000	0.2508	0.9340	0.0512s	0.3549	0.9250	0.9249
35
0280	0.0226	1.0000	0.2706	0.9360	0.0508s	0.3738	0.9210	0.9209
36
0281	0.0345	0.9667	0.2652	0.9400	0.0508s	0.3334	0.9250	0.9250
37
0282	0.0258	1.0000	0.2763	0.9340	0.0505s	0.3403	0.9250	0.9249
38
0283	0.0269	1.0000	0.2965	0.9380	0.0505s	0.3990	0.9210	0.9207
39
0284	0.0276	0.9833	0.2501	0.9340	0.0506s	0.3560	0.9250	0.9249
40
0285	0.0235	1.0000	0.2527	0.9400	0.0504s	0.3398	0.9250	0.9250
41
0286	0.0288	1.0000	0.2879	0.9380	0.0503s	0.3726	0.9200	0.9199
42
0287	0.0255	1.0000	0.2875	0.9360	0.0508s	0.3812	0.9210	0.9209
43
0288	0.0259	1.0000	0.2570	0.9380	0.0508s	0.3384	0.9260	0.9260
44
0289	0.0345	1.0000	0.2867	0.9360	0.0510s	0.3501	0.9240	0.9239
45
0290	0.0244	1.0000	0.3086	0.9360	0.0507s	0.3810	0.9210	0.9208
46
0291	0.0261	1.0000	0.2695	0.9340	0.0515s	0.3540	0.9230	0.9229
47
0292	0.0229	1.0000	0.2672	0.9360	0.0505s	0.3539	0.9170	0.9171
48
0293	0.0316	1.0000	0.2705	0.9340	0.0504s	0.3491	0.9250	0.9249
49
0294	0.0264	1.0000	0.3749	0.9280	0.0506s	0.4467	0.9190	0.9186
50
0295	0.0629	1.0000	0.3179	0.9260	0.0504s	0.3796	0.9110	0.9111
51
0296	0.0469	1.0000	0.3230	0.9200	0.0505s	0.4059	0.9020	0.9022
52
0297	0.0443	1.0000	0.2970	0.9340	0.0503s	0.3924	0.9220	0.9218
53
0298	0.0240	1.0000	0.4085	0.9220	0.0506s	0.4950	0.9140	0.9136
54
0299	0.0591	1.0000	0.3150	0.9220	0.0515s	0.4060	0.9000	0.9002
55
0300	0.0437	1.0000	0.4725	0.8740	0.0506s	0.6327	0.8490	0.8478
56
0301	0.0833	0.9667	0.3200	0.9320	0.0507s	0.3779	0.9220	0.9218
57
0302	0.0269	1.0000	0.5496	0.9080	0.0508s	0.6116	0.8930	0.8906
58
0303	0.0519	1.0000	0.4811	0.9140	0.0509s	0.5610	0.8960	0.8950
59
0304	0.0483	1.0000	0.2918	0.9360	0.0505s	0.3846	0.9220	0.9220
60
0305	0.0265	1.0000	0.3586	0.9220	0.0507s	0.4886	0.8970	0.8971
61
0306	0.0476	1.0000	0.3576	0.9200	0.0505s	0.4838	0.8970	0.8971
62
0307	0.0474	0.9833	0.2968	0.9380	0.0503s	0.3932	0.9190	0.9190
63
0308	0.0243	1.0000	0.3581	0.9260	0.0505s	0.4590	0.9160	0.9157
64
0309	0.0239	1.0000	0.4711	0.9140	0.0505s	0.5699	0.8970	0.8962
65
0310	0.0432	1.0000	0.4473	0.9200	0.0508s	0.5388	0.9080	0.9074
66
0311	0.0369	1.0000	0.3286	0.9320	0.0512s	0.4258	0.9200	0.9197
67
0312	0.0232	1.0000	0.2983	0.9320	0.0507s	0.4006	0.9200	0.9200
68
0313	0.0260	1.0000	0.3327	0.9260	0.0508s	0.4408	0.9100	0.9101
69
0314	0.0276	1.0000	0.3388	0.9260	0.0508s	0.4550	0.9070	0.9071
70
0315	0.0315	1.0000	0.2991	0.9300	0.0509s	0.4080	0.9150	0.9150
71
0316	0.0284	1.0000	0.2899	0.9380	0.0503s	0.4030	0.9250	0.9249
72
0317	0.0292	0.9833	0.3647	0.9260	0.0507s	0.4719	0.9170	0.9167
73
0318	0.0273	1.0000	0.4473	0.9160	0.0506s	0.5435	0.9100	0.9093
74
0319	0.0430	1.0000	0.3625	0.9260	0.0515s	0.4659	0.9190	0.9187
75
0320	0.0230	1.0000	0.2868	0.9380	0.0508s	0.3992	0.9250	0.9249
76
0321	0.0218	1.0000	0.2939	0.9300	0.0506s	0.3947	0.9180	0.9180
77
0322	0.0303	1.0000	0.3131	0.9260	0.0504s	0.3999	0.9180	0.9180
78
0323	0.0360	0.9833	0.3145	0.9300	0.0507s	0.3846	0.9270	0.9269
79
0324	0.0363	1.0000	0.3497	0.9260	0.0506s	0.4317	0.9200	0.9197
80
0325	0.0213	1.0000	0.4426	0.9140	0.0505s	0.5453	0.9040	0.9036
81
0326	0.0504	1.0000	0.3134	0.9340	0.0504s	0.4229	0.9260	0.9258
82
0327	0.0315	1.0000	0.3154	0.9320	0.0508s	0.3754	0.9200	0.9200
83
0328	0.0280	1.0000	0.3905	0.9220	0.0507s	0.4378	0.9050	0.9045
84
0329	0.0487	1.0000	0.2965	0.9280	0.0503s	0.3667	0.9220	0.9220
85
0330	0.0330	1.0000	0.3425	0.9300	0.0505s	0.4310	0.9230	0.9227
86
0331	0.0304	0.9833	0.4429	0.9140	0.0513s	0.5233	0.9100	0.9096
87
0332	0.0449	0.9833	0.3343	0.9300	0.0506s	0.3910	0.9260	0.9258
88
0333	0.0244	1.0000	0.3224	0.9280	0.0505s	0.3605	0.9170	0.9169
89
0334	0.0310	1.0000	0.3433	0.9220	0.0505s	0.3970	0.9150	0.9151
90
0335	0.0403	1.0000	0.2924	0.9340	0.0505s	0.3589	0.9260	0.9260
91
0336	0.0277	1.0000	0.3761	0.9280	0.0511s	0.4370	0.9200	0.9196
92
0337	0.0291	1.0000	0.4318	0.9160	0.0507s	0.4988	0.9120	0.9113
93
0338	0.0328	1.0000	0.3218	0.9300	0.0507s	0.4162	0.9240	0.9238
94
0339	0.0280	1.0000	0.2824	0.9340	0.0506s	0.3642	0.9230	0.9230
95
0340	0.0350	1.0000	0.3094	0.9260	0.0505s	0.3593	0.9210	0.9210
96
0341	0.0327	1.0000	0.3204	0.9320	0.0504s	0.3586	0.9230	0.9228
97
0342	0.0265	1.0000	0.3059	0.9280	0.0509s	0.3704	0.9250	0.9248
98
0343	0.0242	1.0000	0.3119	0.9320	0.0508s	0.4143	0.9230	0.9228
99
0344	0.0250	1.0000	0.3191	0.9300	0.0505s	0.4303	0.9200	0.9197
100
0345	0.0262	1.0000	0.3285	0.9300	0.0506s	0.4068	0.9220	0.9218
101
0346	0.0214	1.0000	0.3472	0.9260	0.0506s	0.3895	0.9250	0.9246
102
0347	0.0264	1.0000	0.3135	0.9280	0.0506s	0.3681	0.9260	0.9258
103
0348	0.0237	1.0000	0.2774	0.9300	0.0505s	0.3642	0.9270	0.9270
104
0349	0.0223	1.0000	0.2752	0.9320	0.0509s	0.3665	0.9290	0.9290
105
0350	0.0283	1.0000	0.3099	0.9300	0.0502s	0.3801	0.9280	0.9278
106
0351	0.0215	1.0000	0.3464	0.9280	0.0508s	0.3818	0.9220	0.9216
107
0352	0.0207	1.0000	0.3374	0.9280	0.0507s	0.3748	0.9240	0.9237
108
0353	0.0221	1.0000	0.2973	0.9300	0.0503s	0.3634	0.9280	0.9278
109
0354	0.0201	1.0000	0.2724	0.9320	0.0508s	0.3619	0.9290	0.9289
110
0355	0.0279	1.0000	0.2926	0.9300	0.0505s	0.3579	0.9280	0.9278
111
0356	0.0244	1.0000	0.3496	0.9280	0.0507s	0.3664	0.9240	0.9236
112
0357	0.0297	1.0000	0.3258	0.9300	0.0507s	0.3484	0.9250	0.9247
113
0358	0.0212	1.0000	0.2768	0.9320	0.0508s	0.3438	0.9270	0.9269
114
0359	0.0201	1.0000	0.2727	0.9340	0.0505s	0.3650	0.9250	0.9248
115
0360	0.0292	1.0000	0.3367	0.9300	0.0504s	0.3725	0.9240	0.9237
116
0361	0.0263	1.0000	0.3503	0.9320	0.0505s	0.3498	0.9240	0.9236
117
0362	0.0300	1.0000	0.2827	0.9300	0.0512s	0.3237	0.9270	0.9269
118
0363	0.0269	1.0000	0.2703	0.9340	0.0512s	0.3466	0.9260	0.9258
119
0364	0.0297	1.0000	0.3100	0.9300	0.0508s	0.3405	0.9240	0.9238
120
0365	0.0233	1.0000	0.3422	0.9300	0.0506s	0.3508	0.9230	0.9227
121
0366	0.0321	1.0000	0.2660	0.9360	0.0508s	0.3263	0.9280	0.9279
122
0367	0.0305	1.0000	0.2944	0.9340	0.0507s	0.3789	0.9240	0.9238
123
0368	0.0307	1.0000	0.3008	0.9280	0.0508s	0.3530	0.9250	0.9248
124
0369	0.0215	1.0000	0.2943	0.9300	0.0508s	0.3244	0.9260	0.9257
125
0370	0.0251	1.0000	0.2970	0.9280	0.0510s	0.3502	0.9240	0.9238
126
0371	0.0222	1.0000	0.3003	0.9340	0.0513s	0.3839	0.9230	0.9228
127
0372	0.0252	1.0000	0.2868	0.9320	0.0507s	0.3493	0.9250	0.9248
128
0373	0.0206	1.0000	0.2951	0.9300	0.0507s	0.3322	0.9240	0.9237
129
0374	0.0275	1.0000	0.2986	0.9300	0.0507s	0.3469	0.9220	0.9217
130
0375	0.0213	1.0000	0.2910	0.9340	0.0509s	0.3787	0.9230	0.9228
131
0376	0.0284	1.0000	0.2828	0.9320	0.0508s	0.3708	0.9240	0.9238
132
0377	0.0226	1.0000	0.2854	0.9340	0.0504s	0.3362	0.9230	0.9227
133
0378	0.0223	1.0000	0.3158	0.9320	0.0514s	0.3527	0.9220	0.9217
134
0379	0.0239	1.0000	0.3189	0.9320	0.0509s	0.3873	0.9200	0.9197
135
0380	0.0279	1.0000	0.2529	0.9420	0.0504s	0.3474	0.9290	0.9289
136
0381	0.0293	1.0000	0.2713	0.9340	0.0507s	0.3469	0.9250	0.9248
137
0382	0.0262	1.0000	0.3781	0.9300	0.0504s	0.4206	0.9210	0.9205
138
0383	0.0285	1.0000	0.3094	0.9320	0.0507s	0.3621	0.9210	0.9207
139
0384	0.0270	1.0000	0.2536	0.9380	0.0505s	0.3512	0.9300	0.9300
140
0385	0.0320	1.0000	0.2747	0.9320	0.0511s	0.3799	0.9250	0.9248
141
0386	0.0291	1.0000	0.3695	0.9300	0.0507s	0.4121	0.9210	0.9205
142
0387	0.0303	1.0000	0.3073	0.9360	0.0508s	0.3422	0.9230	0.9226
143
0388	0.0237	1.0000	0.2620	0.9400	0.0505s	0.3448	0.9300	0.9299
144
0389	0.0241	1.0000	0.2829	0.9320	0.0505s	0.3838	0.9240	0.9238
145
0390	0.0245	1.0000	0.3030	0.9340	0.0513s	0.3940	0.9230	0.9228
146
0391	0.0265	1.0000	0.2788	0.9400	0.0508s	0.3442	0.9270	0.9269
147
0392	0.0223	1.0000	0.2924	0.9360	0.0506s	0.3391	0.9250	0.9248
148
0393	0.0232	1.0000	0.2908	0.9320	0.0513s	0.3769	0.9230	0.9228
149
0394	0.0222	1.0000	0.2931	0.9320	0.0503s	0.3991	0.9220	0.9218
150
0395	0.0240	0.9833	0.2655	0.9360	0.0501s	0.3540	0.9290	0.9289
151
0396	0.0222	1.0000	0.2834	0.9360	0.0504s	0.3421	0.9270	0.9269
152
0397	0.0271	1.0000	0.3597	0.9320	0.0511s	0.4073	0.9210	0.9207
153
0398	0.0290	1.0000	0.3175	0.9340	0.0505s	0.3972	0.9210	0.9207
154
0399	0.0271	1.0000	0.2663	0.9420	0.0507s	0.3611	0.9260	0.9261
155
0400	0.0376	1.0000	0.2867	0.9360	0.0511s	0.3515	0.9250	0.9248
156
0401	0.0232	1.0000	0.3717	0.9300	0.0507s	0.4173	0.9210	0.9206
157
0402	0.0340	1.0000	0.3092	0.9320	0.0512s	0.3736	0.9220	0.9218
158
0403	0.0286	1.0000	0.2661	0.9400	0.0507s	0.3534	0.9280	0.9280
159
0404	0.0280	1.0000	0.2897	0.9360	0.0504s	0.3524	0.9270	0.9269
160
0405	0.0214	1.0000	0.3407	0.9340	0.0504s	0.3936	0.9200	0.9197
161
0406	0.0257	1.0000	0.3365	0.9280	0.0511s	0.3755	0.9220	0.9217
162
0407	0.0235	1.0000	0.2735	0.9360	0.0507s	0.3614	0.9270	0.9269
163
0408	0.0212	1.0000	0.2560	0.9420	0.0507s	0.3794	0.9220	0.9220
164
0409	0.0341	1.0000	0.3074	0.9340	0.0510s	0.3720	0.9210	0.9208
165
0410	0.0204	1.0000	0.3353	0.9300	0.0511s	0.3768	0.9190	0.9187
166
0411	0.0301	1.0000	0.2737	0.9360	0.0515s	0.3750	0.9260	0.9259
167
0412	0.0243	1.0000	0.2596	0.9380	0.0513s	0.3763	0.9260	0.9259
168
0413	0.0216	1.0000	0.2878	0.9340	0.0517s	0.3753	0.9230	0.9228
169
0414	0.0200	1.0000	0.3205	0.9380	0.0511s	0.3806	0.9200	0.9197
170
0415	0.0224	1.0000	0.2894	0.9360	0.0507s	0.3511	0.9250	0.9248
171
0416	0.0218	1.0000	0.2524	0.9380	0.0508s	0.3469	0.9250	0.9249
172
0417	0.0240	1.0000	0.2704	0.9360	0.0512s	0.3716	0.9240	0.9238
173
0418	0.0230	1.0000	0.3052	0.9380	0.0513s	0.3649	0.9220	0.9217
174
0419	0.0282	0.9833	0.2748	0.9400	0.0510s	0.3255	0.9280	0.9279
175
0420	0.0234	1.0000	0.2499	0.9400	0.0514s	0.3415	0.9240	0.9239
176
0421	0.0268	1.0000	0.3424	0.9320	0.0513s	0.4331	0.9190	0.9186
177
0422	0.0297	1.0000	0.2917	0.9380	0.0511s	0.3644	0.9210	0.9207
178
0423	0.0242	1.0000	0.2736	0.9320	0.0507s	0.3450	0.9130	0.9131
179
0424	0.0361	1.0000	0.2565	0.9380	0.0513s	0.3444	0.9240	0.9239
180
0425	0.0228	1.0000	0.3397	0.9280	0.0512s	0.4475	0.9180	0.9177
181
0426	0.0338	1.0000	0.3125	0.9380	0.0510s	0.3834	0.9190	0.9187
182
0427	0.0216	1.0000	0.2688	0.9380	0.0508s	0.3384	0.9260	0.9259
183
0428	0.0258	1.0000	0.2607	0.9360	0.0515s	0.3499	0.9260	0.9259
184
0429	0.0304	1.0000	0.3089	0.9340	0.0513s	0.4161	0.9180	0.9177
185
0430	0.0266	1.0000	0.3042	0.9340	0.0515s	0.4108	0.9180	0.9177
186
0431	0.0238	1.0000	0.2736	0.9360	0.0511s	0.3544	0.9270	0.9269
187
0432	0.0284	1.0000	0.2687	0.9360	0.0504s	0.3623	0.9270	0.9269
188
0433	0.0208	1.0000	0.2826	0.9400	0.0518s	0.3900	0.9230	0.9228
189
0434	0.0226	1.0000	0.2937	0.9400	0.0504s	0.3937	0.9220	0.9218
190
0435	0.0198	1.0000	0.2876	0.9380	0.0508s	0.3722	0.9230	0.9228
191
0436	0.0230	1.0000	0.2672	0.9400	0.0504s	0.3575	0.9260	0.9259
192
0437	0.0223	1.0000	0.2726	0.9380	0.0508s	0.3650	0.9270	0.9269
193
0438	0.0272	1.0000	0.3278	0.9340	0.0507s	0.4124	0.9180	0.9177
194
0439	0.0332	1.0000	0.2900	0.9380	0.0505s	0.3571	0.9230	0.9229
195
0440	0.0214	1.0000	0.2607	0.9380	0.0509s	0.3583	0.9280	0.9279
196
0441	0.0268	1.0000	0.2798	0.9380	0.0505s	0.3775	0.9230	0.9228
197
0442	0.0273	0.9833	0.3428	0.9320	0.0504s	0.3962	0.9180	0.9177
198
0443	0.0270	0.9833	0.2863	0.9360	0.0507s	0.3659	0.9230	0.9228
199
Early stop! Min loss:0.21613232791423798,  Max accuracy:0.9500000000000001
Early stop model validation loss:0.21613232791423798,  accuracy:0.9420000000000001
Optimization Finished!
Total time elapsed: 22.7205s
test max acc:0.9310
Loading 78th epoch
stru_node_to_hop attention:tensor([[0.3312, 0.3344, 0.3344],
        [0.3333, 0.3333, 0.3334],
        [0.3333, 0.3333, 0.3334],
        [0.3330, 0.3335, 0.3335],
        [0.3333, 0.3333, 0.3334],
        [0.3288, 0.3362, 0.3350],
        [0.3329, 0.3335, 0.3336],
        [0.3342, 0.3329, 0.3329],
        [0.3332, 0.3334, 0.3334],
        [0.3312, 0.3345, 0.3343],
        [0.3336, 0.3332, 0.3333],
        [0.3334, 0.3333, 0.3333],
        [0.3327, 0.3337, 0.3336],
        [0.3333, 0.3333, 0.3333],
        [0.3330, 0.3335, 0.3335],
        [0.3322, 0.3335, 0.3343],
        [0.3333, 0.3333, 0.3333],
        [0.3294, 0.3358, 0.3348],
        [0.3332, 0.3334, 0.3334],
        [0.3333, 0.3333, 0.3333],
        [0.3335, 0.3332, 0.3333],
        [0.3333, 0.3333, 0.3333],
        [0.3316, 0.3328, 0.3357],
        [0.3334, 0.3333, 0.3333],
        [0.3331, 0.3333, 0.3336],
        [0.3334, 0.3333, 0.3333],
        [0.3331, 0.3334, 0.3334],
        [0.3320, 0.3333, 0.3347],
        [0.3333, 0.3333, 0.3333],
        [0.3318, 0.3325, 0.3357],
        [0.3337, 0.3330, 0.3333],
        [0.3333, 0.3334, 0.3334],
        [0.3231, 0.3374, 0.3395],
        [0.3241, 0.3380, 0.3379],
        [0.3311, 0.3341, 0.3348],
        [0.3333, 0.3333, 0.3334],
        [0.3333, 0.3333, 0.3333],
        [0.3302, 0.3342, 0.3356],
        [0.3293, 0.3352, 0.3355],
        [0.3437, 0.3283, 0.3280],
        [0.3333, 0.3333, 0.3333],
        [0.3244, 0.3379, 0.3377],
        [0.3334, 0.3333, 0.3333],
        [0.3334, 0.3333, 0.3333],
        [0.3338, 0.3332, 0.3330],
        [0.3323, 0.3339, 0.3339],
        [0.3335, 0.3332, 0.3333],
        [0.3319, 0.3341, 0.3340],
        [0.3299, 0.3350, 0.3350],
        [0.3334, 0.3332, 0.3333],
        [0.3325, 0.3336, 0.3338],
        [0.3223, 0.3380, 0.3396],
        [0.3333, 0.3333, 0.3333],
        [0.3331, 0.3335, 0.3334],
        [0.3334, 0.3333, 0.3333],
        [0.3334, 0.3333, 0.3333],
        [0.3308, 0.3341, 0.3351],
        [0.3331, 0.3330, 0.3339],
        [0.3322, 0.3338, 0.3340],
        [0.3334, 0.3333, 0.3333],
        [0.3334, 0.3333, 0.3333],
        [0.3334, 0.3333, 0.3333],
        [0.3325, 0.3337, 0.3337],
        [0.3337, 0.3332, 0.3331],
        [0.3333, 0.3333, 0.3333],
        [0.3333, 0.3334, 0.3334],
        [0.3222, 0.3379, 0.3400],
        [0.3332, 0.3334, 0.3334],
        [0.3189, 0.3420, 0.3391],
        [0.3333, 0.3333, 0.3333],
        [0.3228, 0.3401, 0.3370],
        [0.3281, 0.3333, 0.3386],
        [0.3333, 0.3333, 0.3333],
        [0.3334, 0.3333, 0.3333],
        [0.3334, 0.3333, 0.3333],
        [0.3333, 0.3333, 0.3334],
        [0.3333, 0.3334, 0.3333],
        [0.3333, 0.3333, 0.3333],
        [0.3333, 0.3333, 0.3333],
        [0.3334, 0.3334, 0.3333],
        [0.3324, 0.3336, 0.3339],
        [0.3402, 0.3301, 0.3297],
        [0.3333, 0.3334, 0.3334],
        [0.3330, 0.3336, 0.3334],
        [0.3320, 0.3340, 0.3340],
        [0.3349, 0.3326, 0.3326],
        [0.3333, 0.3333, 0.3333],
        [0.3333, 0.3334, 0.3334],
        [0.3332, 0.3334, 0.3334],
        [0.3333, 0.3333, 0.3333],
        [0.3332, 0.3334, 0.3334],
        [0.3329, 0.3332, 0.3340],
        [0.3334, 0.3333, 0.3333],
        [0.3334, 0.3333, 0.3333],
        [0.3241, 0.3382, 0.3377],
        [0.3323, 0.3332, 0.3345],
        [0.3333, 0.3333, 0.3333],
        [0.3330, 0.3336, 0.3334],
        [0.3333, 0.3333, 0.3333],
        [0.3333, 0.3333, 0.3333]], device='cuda:1')
fea_node_to_hop attention:tensor([[0.1995, 0.2005, 0.2001, 0.2000, 0.1999],
        [0.1999, 0.2000, 0.2000, 0.2000, 0.2000],
        [0.1999, 0.2001, 0.2000, 0.2000, 0.2000],
        [0.2000, 0.2002, 0.2001, 0.1999, 0.1999],
        [0.1999, 0.2001, 0.2000, 0.2000, 0.2000],
        [0.2022, 0.1986, 0.1996, 0.1997, 0.2000],
        [0.1994, 0.2003, 0.2002, 0.2001, 0.2000],
        [0.2000, 0.2003, 0.2001, 0.1999, 0.1998],
        [0.2000, 0.2000, 0.2000, 0.2000, 0.2000],
        [0.1983, 0.1997, 0.2007, 0.2007, 0.2005],
        [0.1999, 0.2001, 0.2000, 0.2000, 0.2000],
        [0.2000, 0.2000, 0.2000, 0.2000, 0.2000],
        [0.1996, 0.2003, 0.2002, 0.2000, 0.1998],
        [0.2000, 0.2000, 0.2000, 0.2000, 0.2000],
        [0.1999, 0.2000, 0.2001, 0.2000, 0.2000],
        [0.2000, 0.2003, 0.2001, 0.1999, 0.1997],
        [0.2000, 0.2000, 0.2000, 0.2000, 0.2000],
        [0.2003, 0.2000, 0.2000, 0.1998, 0.1998],
        [0.1999, 0.2001, 0.2000, 0.2000, 0.2000],
        [0.1965, 0.2007, 0.2011, 0.2009, 0.2008],
        [0.2014, 0.1993, 0.1998, 0.1998, 0.1999],
        [0.2000, 0.2000, 0.2000, 0.2000, 0.2000],
        [0.1951, 0.2018, 0.2013, 0.2011, 0.2007],
        [0.1999, 0.2000, 0.2000, 0.2000, 0.2000],
        [0.1997, 0.2004, 0.2001, 0.2000, 0.1999],
        [0.2000, 0.2000, 0.2000, 0.2000, 0.2000],
        [0.1999, 0.2000, 0.2000, 0.2000, 0.2000],
        [0.1981, 0.2006, 0.2006, 0.2005, 0.2002],
        [0.2000, 0.2000, 0.2000, 0.2000, 0.2000],
        [0.1974, 0.2013, 0.2006, 0.2005, 0.2002],
        [0.2003, 0.1998, 0.2001, 0.2000, 0.1999],
        [0.2000, 0.2000, 0.2000, 0.2000, 0.2000],
        [0.1978, 0.2044, 0.2019, 0.1992, 0.1967],
        [0.1979, 0.1998, 0.2004, 0.2010, 0.2010],
        [0.2008, 0.2002, 0.1997, 0.1997, 0.1996],
        [0.1999, 0.2001, 0.2000, 0.2000, 0.2000],
        [0.2000, 0.2000, 0.2000, 0.2000, 0.2000],
        [0.1978, 0.2005, 0.2009, 0.2005, 0.2003],
        [0.2000, 0.1987, 0.2009, 0.2003, 0.2001],
        [0.1988, 0.2034, 0.2005, 0.1992, 0.1981],
        [0.2000, 0.2000, 0.2000, 0.2000, 0.2000],
        [0.1996, 0.1997, 0.2000, 0.2003, 0.2004],
        [0.2000, 0.2000, 0.2000, 0.2000, 0.2000],
        [0.2000, 0.2000, 0.2000, 0.2000, 0.2000],
        [0.1999, 0.2001, 0.2002, 0.2000, 0.1998],
        [0.1975, 0.2015, 0.2006, 0.2004, 0.2001],
        [0.2000, 0.2001, 0.2000, 0.2000, 0.1999],
        [0.1993, 0.2003, 0.2003, 0.2001, 0.2000],
        [0.2014, 0.1985, 0.2002, 0.1999, 0.1999],
        [0.1998, 0.2001, 0.2001, 0.2000, 0.2000],
        [0.1997, 0.2003, 0.2002, 0.2000, 0.1998],
        [0.1937, 0.2015, 0.2012, 0.2017, 0.2019],
        [0.2000, 0.2000, 0.2000, 0.2000, 0.2000],
        [0.1998, 0.2001, 0.2001, 0.2000, 0.2000],
        [0.2000, 0.2000, 0.2000, 0.2000, 0.2000],
        [0.2000, 0.2000, 0.2000, 0.2000, 0.2000],
        [0.1989, 0.1998, 0.2006, 0.2004, 0.2003],
        [0.1997, 0.2001, 0.2003, 0.2001, 0.1999],
        [0.1996, 0.2004, 0.2001, 0.2000, 0.1999],
        [0.1996, 0.2004, 0.2001, 0.2000, 0.1999],
        [0.2000, 0.2000, 0.2000, 0.2000, 0.2000],
        [0.2000, 0.2000, 0.2000, 0.2000, 0.2000],
        [0.1977, 0.2023, 0.2006, 0.2000, 0.1995],
        [0.2008, 0.1999, 0.1998, 0.1998, 0.1998],
        [0.1999, 0.2000, 0.2001, 0.2000, 0.2000],
        [0.2000, 0.2000, 0.2000, 0.2000, 0.2000],
        [0.1947, 0.2008, 0.2013, 0.2017, 0.2016],
        [0.1999, 0.2001, 0.2000, 0.2000, 0.2000],
        [0.1897, 0.2028, 0.2025, 0.2027, 0.2022],
        [0.2000, 0.2000, 0.2000, 0.2000, 0.2000],
        [0.1937, 0.2012, 0.2012, 0.2019, 0.2020],
        [0.1914, 0.2030, 0.2028, 0.2020, 0.2008],
        [0.1998, 0.2003, 0.2000, 0.2000, 0.1999],
        [0.2000, 0.2000, 0.2000, 0.2000, 0.2000],
        [0.2000, 0.2000, 0.2000, 0.2000, 0.2000],
        [0.2000, 0.2000, 0.2000, 0.2000, 0.2000],
        [0.2000, 0.2000, 0.2000, 0.2000, 0.2000],
        [0.1998, 0.1991, 0.2015, 0.2000, 0.1996],
        [0.1984, 0.2009, 0.2009, 0.2002, 0.1997],
        [0.1998, 0.2001, 0.2001, 0.2000, 0.2000],
        [0.1995, 0.1999, 0.2004, 0.2001, 0.2000],
        [0.2030, 0.1986, 0.1997, 0.1993, 0.1993],
        [0.2000, 0.2001, 0.2000, 0.2000, 0.2000],
        [0.2000, 0.2001, 0.2000, 0.1999, 0.1999],
        [0.1973, 0.2013, 0.2005, 0.2005, 0.2004],
        [0.2007, 0.1999, 0.1998, 0.1998, 0.1998],
        [0.1999, 0.2001, 0.2000, 0.2000, 0.2000],
        [0.2007, 0.2003, 0.2002, 0.1995, 0.1992],
        [0.1998, 0.2000, 0.2001, 0.2001, 0.2000],
        [0.2000, 0.2000, 0.2000, 0.2000, 0.2000],
        [0.1998, 0.2000, 0.2001, 0.2001, 0.2000],
        [0.1997, 0.2003, 0.2001, 0.2000, 0.1998],
        [0.1999, 0.2000, 0.2000, 0.2000, 0.2000],
        [0.2000, 0.2000, 0.2000, 0.2000, 0.2000],
        [0.1926, 0.2001, 0.2022, 0.2026, 0.2025],
        [0.1981, 0.2021, 0.2003, 0.1999, 0.1995],
        [0.2000, 0.1999, 0.2000, 0.2000, 0.2000],
        [0.2000, 0.2001, 0.2000, 0.2000, 0.2000],
        [0.1973, 0.2016, 0.2007, 0.2003, 0.2000],
        [0.1999, 0.2002, 0.2000, 0.2000, 0.2000]], device='cuda:1')
perception attention:tensor([0.4147, 0.5853], device='cuda:1')
Test set results: loss= 0.3040 accuracy= 0.9260 F1_score= 0.9259
