# epoch	loss_train	acc_train	loss_val	acc_val	time	acc_test	f1_test
0001	1.0998	0.3333	0.9638	0.7780	0.0512s	0.9628	0.7670	0.7638
0
0002	0.8524	0.8500	0.7437	0.8020	0.0528s	0.7455	0.7830	0.7801
0
0003	0.5520	0.9500	0.5728	0.8360	0.0507s	0.5725	0.8390	0.8315
0
0004	0.3721	0.9667	0.3921	0.9100	0.0505s	0.4156	0.8860	0.8859
0
0005	0.2383	1.0000	0.3352	0.9040	0.0511s	0.3748	0.8730	0.8729
0
0006	0.1712	0.9833	0.2761	0.9100	0.0521s	0.3089	0.8920	0.8915
0
0007	0.1462	1.0000	0.2591	0.9140	0.0506s	0.2856	0.8970	0.8965
0
0008	0.0913	1.0000	0.2703	0.9120	0.0508s	0.2897	0.8940	0.8930
0
0009	0.0981	0.9833	0.2523	0.9220	0.0518s	0.2880	0.9010	0.9005
1
0010	0.0778	0.9833	0.2513	0.9220	0.0518s	0.3061	0.8970	0.8968
0
0011	0.0836	1.0000	0.2663	0.9200	0.0503s	0.3338	0.8970	0.8969
0
0012	0.0814	0.9667	0.2790	0.9220	0.0510s	0.3483	0.9000	0.8999
1
0013	0.0792	0.9833	0.2640	0.9300	0.0525s	0.3379	0.9020	0.9023
0
0014	0.0587	1.0000	0.2722	0.9160	0.0509s	0.3420	0.9050	0.9053
0
0015	0.0629	1.0000	0.3048	0.9240	0.0513s	0.3439	0.9090	0.9085
1
0016	0.0534	0.9833	0.3340	0.9260	0.0516s	0.3603	0.9100	0.9093
2
0017	0.0622	0.9667	0.3151	0.9260	0.0513s	0.3508	0.9060	0.9055
3
0018	0.0448	1.0000	0.3117	0.9260	0.0500s	0.3528	0.9080	0.9075
4
0019	0.0472	0.9833	0.3123	0.9260	0.0510s	0.3566	0.9060	0.9056
5
0020	0.0465	1.0000	0.3000	0.9260	0.0525s	0.3544	0.9110	0.9108
6
0021	0.0372	1.0000	0.2932	0.9260	0.0511s	0.3572	0.9130	0.9131
7
0022	0.0432	1.0000	0.2919	0.9280	0.0509s	0.3566	0.9120	0.9121
8
0023	0.0511	1.0000	0.3090	0.9260	0.0508s	0.3559	0.9100	0.9098
9
0024	0.0519	0.9667	0.2972	0.9280	0.0537s	0.3502	0.9140	0.9139
10
0025	0.0352	1.0000	0.2958	0.9260	0.0509s	0.3485	0.9130	0.9129
11
0026	0.0486	1.0000	0.2947	0.9260	0.0509s	0.3450	0.9150	0.9149
12
0027	0.0373	1.0000	0.2960	0.9280	0.0509s	0.3422	0.9160	0.9158
13
0028	0.0342	1.0000	0.2967	0.9280	0.0532s	0.3392	0.9150	0.9149
14
0029	0.0442	0.9833	0.3225	0.9260	0.0509s	0.3524	0.9130	0.9125
15
0030	0.0506	0.9833	0.3601	0.9240	0.0511s	0.3842	0.9170	0.9164
16
0031	0.0522	1.0000	0.3526	0.9280	0.0508s	0.3797	0.9170	0.9164
17
0032	0.0392	1.0000	0.2838	0.9280	0.0508s	0.3325	0.9160	0.9157
18
0033	0.0564	1.0000	0.2690	0.9360	0.0507s	0.3220	0.9180	0.9179
19
0034	0.0543	1.0000	0.2808	0.9260	0.0509s	0.3175	0.9200	0.9196
0
0035	0.0535	0.9833	0.3241	0.9300	0.0509s	0.3534	0.9210	0.9204
1
0036	0.0427	1.0000	0.3049	0.9260	0.0507s	0.3404	0.9200	0.9195
2
0037	0.0435	1.0000	0.2490	0.9300	0.0506s	0.3055	0.9220	0.9218
3
0038	0.0410	0.9833	0.2451	0.9360	0.0505s	0.3075	0.9200	0.9200
0
0039	0.0427	1.0000	0.2732	0.9300	0.0506s	0.3145	0.9220	0.9216
0
0040	0.0404	1.0000	0.2873	0.9260	0.0505s	0.3226	0.9220	0.9214
1
0041	0.0402	1.0000	0.2484	0.9300	0.0504s	0.3012	0.9240	0.9237
2
0042	0.0365	1.0000	0.2241	0.9340	0.0525s	0.3018	0.9240	0.9239
3
0043	0.0373	1.0000	0.2382	0.9300	0.0504s	0.3173	0.9250	0.9248
0
0044	0.0447	0.9833	0.2864	0.9260	0.0507s	0.3427	0.9200	0.9195
1
0045	0.0472	1.0000	0.2638	0.9240	0.0506s	0.3099	0.9240	0.9236
2
0046	0.0471	0.9833	0.2359	0.9380	0.0506s	0.2974	0.9170	0.9170
3
0047	0.0455	1.0000	0.2276	0.9380	0.0510s	0.2919	0.9260	0.9257
0
0048	0.0617	1.0000	0.2982	0.9260	0.0508s	0.3504	0.9170	0.9164
0
0049	0.0456	1.0000	0.2694	0.9220	0.0507s	0.3223	0.9240	0.9236
1
0050	0.0515	1.0000	0.2284	0.9360	0.0508s	0.2917	0.9220	0.9219
2
0051	0.0432	1.0000	0.2195	0.9380	0.0508s	0.2934	0.9210	0.9209
3
0052	0.0428	1.0000	0.2658	0.9300	0.0509s	0.3383	0.9220	0.9216
0
0053	0.0422	0.9833	0.2704	0.9280	0.0507s	0.3396	0.9220	0.9216
1
0054	0.0457	1.0000	0.2202	0.9380	0.0519s	0.2967	0.9210	0.9209
2
0055	0.0408	0.9833	0.2359	0.9340	0.0506s	0.3053	0.9180	0.9179
0
0056	0.0431	0.9833	0.2622	0.9320	0.0506s	0.3116	0.9240	0.9237
1
0057	0.0486	1.0000	0.2702	0.9320	0.0504s	0.3238	0.9240	0.9237
2
0058	0.0365	1.0000	0.2518	0.9320	0.0505s	0.3250	0.9250	0.9247
3
0059	0.0331	1.0000	0.2274	0.9360	0.0506s	0.3147	0.9230	0.9228
4
0060	0.0434	0.9833	0.2562	0.9340	0.0516s	0.3103	0.9240	0.9238
5
0061	0.0398	0.9833	0.2815	0.9300	0.0506s	0.3195	0.9200	0.9195
6
0062	0.0335	1.0000	0.2391	0.9400	0.0506s	0.3011	0.9260	0.9258
7
0063	0.0353	1.0000	0.2251	0.9400	0.0513s	0.3169	0.9240	0.9240
0
0064	0.0404	1.0000	0.2544	0.9360	0.0507s	0.3265	0.9250	0.9246
0
0065	0.0386	1.0000	0.3099	0.9320	0.0516s	0.3375	0.9200	0.9191
1
0066	0.0541	0.9833	0.2589	0.9380	0.0512s	0.2999	0.9190	0.9188
2
0067	0.0390	1.0000	0.2370	0.9360	0.0518s	0.3049	0.9140	0.9141
3
0068	0.0348	1.0000	0.2465	0.9360	0.0511s	0.3099	0.9270	0.9267
4
0069	0.0308	1.0000	0.3776	0.9160	0.0507s	0.4200	0.9120	0.9112
5
0070	0.0940	0.9833	0.2372	0.9360	0.0504s	0.2884	0.9240	0.9239
6
0071	0.0444	1.0000	0.2968	0.9220	0.0524s	0.3495	0.8990	0.8988
7
0072	0.0665	0.9833	0.2706	0.9340	0.0508s	0.3018	0.9290	0.9286
8
0073	0.0335	1.0000	0.3538	0.9180	0.0506s	0.3959	0.9170	0.9163
9
0074	0.0495	1.0000	0.3088	0.9240	0.0507s	0.3806	0.9190	0.9188
10
0075	0.0635	1.0000	0.2252	0.9320	0.0510s	0.3043	0.9220	0.9221
11
0076	0.0417	1.0000	0.2723	0.9300	0.0529s	0.3208	0.9100	0.9098
12
0077	0.0591	1.0000	0.3015	0.9280	0.0516s	0.3244	0.9220	0.9212
13
0078	0.0397	1.0000	0.2942	0.9340	0.0515s	0.3394	0.9250	0.9245
14
0079	0.0401	1.0000	0.2430	0.9380	0.0526s	0.3355	0.9260	0.9258
15
0080	0.0454	0.9833	0.2378	0.9380	0.0519s	0.3393	0.9210	0.9210
16
0081	0.0420	1.0000	0.2242	0.9380	0.0516s	0.3021	0.9300	0.9299
17
0082	0.0398	0.9833	0.2951	0.9300	0.0507s	0.3261	0.9210	0.9203
18
0083	0.0367	1.0000	0.3224	0.9240	0.0508s	0.3458	0.9150	0.9140
19
0084	0.0426	1.0000	0.2505	0.9400	0.0505s	0.3023	0.9290	0.9288
20
0085	0.0349	1.0000	0.2236	0.9360	0.0508s	0.3085	0.9260	0.9260
0
0086	0.0345	1.0000	0.2333	0.9380	0.0513s	0.3243	0.9270	0.9269
1
0087	0.0330	1.0000	0.2376	0.9340	0.0512s	0.3201	0.9300	0.9298
2
0088	0.0308	1.0000	0.2365	0.9380	0.0529s	0.3026	0.9290	0.9289
3
0089	0.0296	1.0000	0.2709	0.9340	0.0508s	0.3100	0.9250	0.9247
4
0090	0.0280	1.0000	0.2936	0.9300	0.0512s	0.3228	0.9190	0.9182
5
0091	0.0439	1.0000	0.2547	0.9400	0.0506s	0.3038	0.9290	0.9288
6
0092	0.0328	1.0000	0.2330	0.9380	0.0506s	0.3083	0.9290	0.9288
0
0093	0.0304	1.0000	0.2295	0.9420	0.0505s	0.3185	0.9240	0.9240
1
0094	0.0309	1.0000	0.2381	0.9400	0.0529s	0.3090	0.9290	0.9288
0
0095	0.0260	1.0000	0.2616	0.9400	0.0506s	0.3094	0.9290	0.9287
1
0096	0.0283	1.0000	0.2831	0.9340	0.0505s	0.3101	0.9230	0.9224
2
0097	0.0328	1.0000	0.2520	0.9400	0.0504s	0.2892	0.9260	0.9258
3
0098	0.0328	1.0000	0.2259	0.9380	0.0515s	0.2846	0.9260	0.9259
4
0099	0.0295	1.0000	0.2698	0.9380	0.0509s	0.3347	0.9230	0.9227
5
0100	0.0361	1.0000	0.2658	0.9380	0.0512s	0.3270	0.9260	0.9258
6
0101	0.0415	1.0000	0.2406	0.9380	0.0506s	0.2820	0.9280	0.9279
7
0102	0.0369	0.9833	0.2524	0.9400	0.0514s	0.2879	0.9310	0.9308
8
0103	0.0389	1.0000	0.2519	0.9420	0.0507s	0.3068	0.9310	0.9308
9
0104	0.0298	1.0000	0.2609	0.9400	0.0529s	0.3410	0.9240	0.9238
0
0105	0.0445	0.9833	0.2317	0.9460	0.0505s	0.3147	0.9280	0.9279
1
0106	0.0276	1.0000	0.2341	0.9420	0.0515s	0.2915	0.9280	0.9278
0
0107	0.0266	1.0000	0.2476	0.9360	0.0508s	0.2875	0.9270	0.9269
1
0108	0.0355	1.0000	0.2583	0.9420	0.0504s	0.2968	0.9300	0.9298
2
0109	0.0347	1.0000	0.2347	0.9440	0.0511s	0.2933	0.9290	0.9288
3
0110	0.0320	1.0000	0.2309	0.9440	0.0514s	0.3051	0.9290	0.9289
4
0111	0.0319	1.0000	0.2276	0.9460	0.0513s	0.2983	0.9290	0.9289
5
0112	0.0320	1.0000	0.2367	0.9440	0.0506s	0.2901	0.9310	0.9308
0
0113	0.0301	1.0000	0.2327	0.9420	0.0522s	0.2851	0.9290	0.9288
1
0114	0.0369	1.0000	0.2123	0.9460	0.0512s	0.2851	0.9280	0.9279
2
0115	0.0347	1.0000	0.2673	0.9380	0.0501s	0.3260	0.9270	0.9267
0
0116	0.0272	1.0000	0.2710	0.9360	0.0504s	0.3369	0.9230	0.9227
1
0117	0.0286	1.0000	0.2140	0.9460	0.0505s	0.2979	0.9300	0.9299
2
0118	0.0242	1.0000	0.2085	0.9460	0.0505s	0.2886	0.9290	0.9289
0
0119	0.0319	1.0000	0.2604	0.9420	0.0504s	0.3067	0.9300	0.9298
0
0120	0.0289	1.0000	0.2770	0.9360	0.0505s	0.3189	0.9290	0.9287
1
0121	0.0285	1.0000	0.2131	0.9460	0.0519s	0.2967	0.9310	0.9309
2
0122	0.0389	1.0000	0.2081	0.9480	0.0512s	0.2913	0.9290	0.9289
0
0123	0.0358	1.0000	0.2754	0.9380	0.0532s	0.3169	0.9270	0.9267
0
0124	0.0319	1.0000	0.2681	0.9400	0.0519s	0.3101	0.9300	0.9298
1
0125	0.0308	1.0000	0.2187	0.9440	0.0513s	0.2970	0.9300	0.9299
2
0126	0.0266	1.0000	0.2120	0.9420	0.0505s	0.3086	0.9270	0.9269
3
0127	0.0411	1.0000	0.2787	0.9400	0.0504s	0.3274	0.9260	0.9257
4
0128	0.0354	1.0000	0.2732	0.9380	0.0505s	0.3063	0.9310	0.9307
5
0129	0.0290	1.0000	0.2435	0.9400	0.0509s	0.2994	0.9260	0.9260
6
0130	0.0467	1.0000	0.2604	0.9400	0.0502s	0.3250	0.9270	0.9268
7
0131	0.0340	1.0000	0.2644	0.9400	0.0508s	0.3298	0.9260	0.9258
8
0132	0.0236	1.0000	0.2375	0.9440	0.0520s	0.3055	0.9300	0.9299
9
0133	0.0257	1.0000	0.2390	0.9420	0.0507s	0.3023	0.9310	0.9309
10
0134	0.0297	1.0000	0.2435	0.9420	0.0507s	0.3011	0.9310	0.9309
11
0135	0.0279	1.0000	0.2695	0.9400	0.0514s	0.3341	0.9260	0.9259
12
0136	0.0286	1.0000	0.2682	0.9400	0.0509s	0.3325	0.9260	0.9259
13
0137	0.0290	1.0000	0.2400	0.9420	0.0512s	0.3008	0.9310	0.9309
14
0138	0.0374	1.0000	0.2403	0.9440	0.0507s	0.3017	0.9300	0.9299
15
0139	0.0285	1.0000	0.3016	0.9400	0.0506s	0.3591	0.9250	0.9247
16
0140	0.0368	1.0000	0.2631	0.9400	0.0512s	0.3369	0.9250	0.9249
17
0141	0.0300	1.0000	0.2295	0.9400	0.0527s	0.3187	0.9200	0.9201
18
0142	0.0385	1.0000	0.2833	0.9420	0.0506s	0.3215	0.9270	0.9267
19
0143	0.0282	1.0000	0.3189	0.9380	0.0509s	0.3574	0.9220	0.9215
20
0144	0.0292	1.0000	0.2513	0.9440	0.0515s	0.3404	0.9220	0.9218
21
0145	0.0428	1.0000	0.2170	0.9420	0.0510s	0.3182	0.9230	0.9230
22
0146	0.0397	0.9833	0.2711	0.9440	0.0509s	0.3176	0.9280	0.9277
23
0147	0.0304	1.0000	0.2870	0.9400	0.0514s	0.3420	0.9240	0.9237
24
0148	0.0346	1.0000	0.2183	0.9420	0.0520s	0.3243	0.9290	0.9289
25
0149	0.0290	1.0000	0.2185	0.9420	0.0521s	0.3300	0.9270	0.9269
26
0150	0.0260	1.0000	0.2594	0.9420	0.0517s	0.3411	0.9240	0.9238
27
0151	0.0268	1.0000	0.2461	0.9400	0.0511s	0.3204	0.9270	0.9268
28
0152	0.0243	1.0000	0.2418	0.9420	0.0517s	0.3198	0.9270	0.9268
29
0153	0.0293	1.0000	0.2300	0.9460	0.0512s	0.3302	0.9240	0.9238
30
0154	0.0237	1.0000	0.2309	0.9460	0.0512s	0.3400	0.9240	0.9239
31
0155	0.0305	1.0000	0.2282	0.9460	0.0507s	0.3154	0.9280	0.9279
32
0156	0.0278	1.0000	0.2816	0.9400	0.0512s	0.3368	0.9270	0.9266
33
0157	0.0296	1.0000	0.2728	0.9440	0.0508s	0.3473	0.9250	0.9248
34
0158	0.0326	1.0000	0.2240	0.9460	0.0505s	0.3423	0.9280	0.9279
35
0159	0.0395	1.0000	0.2258	0.9460	0.0513s	0.3198	0.9300	0.9299
36
0160	0.0306	1.0000	0.2974	0.9420	0.0509s	0.3542	0.9250	0.9246
37
0161	0.0330	1.0000	0.2480	0.9420	0.0507s	0.3243	0.9280	0.9278
38
0162	0.0319	1.0000	0.2208	0.9440	0.0506s	0.3254	0.9280	0.9279
39
0163	0.0287	1.0000	0.2313	0.9440	0.0505s	0.3314	0.9260	0.9259
40
0164	0.0261	1.0000	0.2405	0.9440	0.0511s	0.3165	0.9270	0.9268
41
0165	0.0255	1.0000	0.2655	0.9420	0.0506s	0.3237	0.9270	0.9267
42
0166	0.0224	1.0000	0.2507	0.9420	0.0504s	0.3185	0.9290	0.9288
43
0167	0.0297	1.0000	0.2164	0.9440	0.0506s	0.3159	0.9290	0.9289
44
0168	0.0327	1.0000	0.2495	0.9440	0.0517s	0.3380	0.9260	0.9258
45
0169	0.0309	1.0000	0.2574	0.9420	0.0507s	0.3197	0.9280	0.9278
46
0170	0.0236	1.0000	0.2400	0.9460	0.0505s	0.3025	0.9290	0.9288
47
0171	0.0260	1.0000	0.2710	0.9420	0.0504s	0.3285	0.9270	0.9268
48
0172	0.0342	1.0000	0.2306	0.9480	0.0516s	0.3210	0.9280	0.9279
49
0173	0.0243	1.0000	0.2166	0.9440	0.0509s	0.3149	0.9280	0.9279
0
0174	0.0398	0.9667	0.3409	0.9320	0.0507s	0.3862	0.9230	0.9225
1
0175	0.0267	1.0000	0.3387	0.9360	0.0508s	0.3821	0.9230	0.9225
2
0176	0.0582	0.9833	0.5238	0.8380	0.0513s	0.7356	0.7900	0.7884
3
0177	0.1472	0.9667	0.4605	0.8980	0.0510s	0.4710	0.8990	0.8964
4
0178	0.0655	1.0000	0.7228	0.8520	0.0505s	0.7245	0.8560	0.8481
5
0179	0.1501	0.9500	0.3610	0.9000	0.0510s	0.5179	0.8610	0.8613
6
0180	0.0562	0.9833	1.5220	0.7040	0.0505s	2.0251	0.6210	0.5800
7
0181	0.3707	0.8667	0.7251	0.8620	0.0507s	0.7387	0.8640	0.8575
8
0182	0.1157	0.9500	2.8315	0.6600	0.0508s	2.5868	0.6890	0.6186
9
0183	1.1726	0.7000	0.8870	0.7940	0.0508s	0.8841	0.8000	0.7962
10
0184	0.1252	0.9833	1.0355	0.7880	0.0506s	1.3308	0.7400	0.7061
11
0185	0.1347	0.9667	3.3635	0.5680	0.0507s	4.1388	0.5150	0.4446
12
0186	0.6992	0.8000	1.8455	0.6600	0.0529s	2.4092	0.5960	0.5560
13
0187	0.2720	0.8167	0.6033	0.8400	0.0512s	0.8450	0.7730	0.7706
14
0188	0.0916	0.9333	0.2654	0.9360	0.0510s	0.3486	0.9000	0.9005
15
0189	0.0340	1.0000	0.2598	0.9380	0.0507s	0.2928	0.9210	0.9205
16
0190	0.0329	1.0000	0.3667	0.9060	0.0508s	0.3799	0.9030	0.9009
17
0191	0.0501	1.0000	0.5170	0.8660	0.0512s	0.5147	0.8670	0.8602
18
0192	0.0691	0.9833	0.6629	0.8320	0.0506s	0.6502	0.8320	0.8177
19
0193	0.1011	0.9667	0.7668	0.8040	0.0505s	0.7419	0.8110	0.7900
20
0194	0.1247	0.9833	0.7993	0.7960	0.0509s	0.7623	0.8030	0.7784
21
0195	0.1093	0.9667	0.7866	0.7960	0.0514s	0.7371	0.8000	0.7759
22
0196	0.1144	0.9833	0.7161	0.8100	0.0512s	0.6634	0.8130	0.7932
23
0197	0.1091	0.9167	0.5813	0.8560	0.0508s	0.5420	0.8460	0.8348
24
0198	0.0811	0.9667	0.4413	0.8820	0.0508s	0.4255	0.8770	0.8724
25
0199	0.0488	0.9833	0.3405	0.9100	0.0512s	0.3489	0.9060	0.9049
26
0200	0.0434	0.9833	0.2779	0.9300	0.0512s	0.3064	0.9150	0.9146
27
0201	0.0372	1.0000	0.2471	0.9360	0.0510s	0.2911	0.9090	0.9089
28
0202	0.0401	1.0000	0.2394	0.9380	0.0512s	0.2918	0.9060	0.9062
29
0203	0.0455	1.0000	0.2468	0.9300	0.0516s	0.3020	0.9030	0.9035
30
0204	0.0395	1.0000	0.2640	0.9280	0.0510s	0.3161	0.9010	0.9014
31
0205	0.0350	1.0000	0.2833	0.9180	0.0507s	0.3308	0.8960	0.8964
32
0206	0.0371	1.0000	0.2994	0.9120	0.0507s	0.3410	0.8960	0.8961
33
0207	0.0528	1.0000	0.3045	0.9140	0.0510s	0.3398	0.8980	0.8978
34
0208	0.0420	1.0000	0.2951	0.9220	0.0511s	0.3265	0.9020	0.9019
35
0209	0.0468	1.0000	0.2747	0.9300	0.0507s	0.3077	0.9100	0.9100
36
0210	0.0462	1.0000	0.2535	0.9380	0.0530s	0.2961	0.9160	0.9161
37
0211	0.0399	1.0000	0.2457	0.9440	0.0511s	0.2975	0.9160	0.9160
38
0212	0.0315	1.0000	0.2490	0.9380	0.0844s	0.3061	0.9160	0.9159
39
0213	0.0432	1.0000	0.2613	0.9320	0.0639s	0.3131	0.9140	0.9138
40
0214	0.0382	1.0000	0.2787	0.9320	0.0600s	0.3191	0.9160	0.9157
41
0215	0.0392	1.0000	0.2999	0.9300	0.0599s	0.3250	0.9180	0.9176
42
0216	0.0356	1.0000	0.3185	0.9260	0.0597s	0.3330	0.9160	0.9152
43
0217	0.0418	1.0000	0.3201	0.9260	0.0597s	0.3368	0.9170	0.9163
44
0218	0.0428	1.0000	0.3128	0.9320	0.0597s	0.3358	0.9200	0.9195
45
0219	0.0409	1.0000	0.3023	0.9340	0.0596s	0.3336	0.9210	0.9206
46
0220	0.0359	1.0000	0.2885	0.9340	0.0601s	0.3311	0.9220	0.9218
47
0221	0.0338	1.0000	0.2764	0.9380	0.0601s	0.3301	0.9210	0.9208
48
0222	0.0392	1.0000	0.2665	0.9360	0.0621s	0.3305	0.9210	0.9209
49
0223	0.0316	1.0000	0.2606	0.9400	0.0599s	0.3300	0.9210	0.9210
50
0224	0.0382	1.0000	0.2587	0.9400	0.0598s	0.3292	0.9190	0.9190
51
0225	0.0349	1.0000	0.2602	0.9400	0.0600s	0.3279	0.9190	0.9190
52
0226	0.0316	1.0000	0.2666	0.9420	0.0600s	0.3253	0.9230	0.9229
53
0227	0.0328	1.0000	0.2751	0.9420	0.0598s	0.3245	0.9210	0.9209
54
0228	0.0314	1.0000	0.2785	0.9420	0.0565s	0.3252	0.9220	0.9218
55
0229	0.0279	1.0000	0.2756	0.9400	0.0544s	0.3260	0.9230	0.9228
56
0230	0.0337	1.0000	0.2689	0.9420	0.0525s	0.3310	0.9230	0.9229
57
0231	0.0301	1.0000	0.2683	0.9400	0.0513s	0.3388	0.9250	0.9249
58
0232	0.0343	1.0000	0.2712	0.9380	0.0511s	0.3448	0.9260	0.9259
59
0233	0.0332	1.0000	0.2820	0.9380	0.0511s	0.3430	0.9280	0.9278
60
0234	0.0313	0.9833	0.2948	0.9360	0.0515s	0.3425	0.9270	0.9267
61
0235	0.0353	1.0000	0.3022	0.9340	0.0508s	0.3444	0.9250	0.9246
62
0236	0.0345	1.0000	0.2961	0.9360	0.0510s	0.3462	0.9270	0.9267
63
0237	0.0335	1.0000	0.2883	0.9380	0.0507s	0.3477	0.9270	0.9267
64
0238	0.0309	1.0000	0.2818	0.9380	0.0516s	0.3475	0.9270	0.9267
65
0239	0.0292	1.0000	0.2768	0.9400	0.0511s	0.3442	0.9260	0.9257
66
0240	0.0268	1.0000	0.2739	0.9400	0.0506s	0.3409	0.9250	0.9247
67
0241	0.0309	1.0000	0.2786	0.9400	0.0508s	0.3356	0.9270	0.9267
68
0242	0.0304	1.0000	0.2791	0.9440	0.0513s	0.3328	0.9250	0.9247
69
0243	0.0293	1.0000	0.2744	0.9440	0.0508s	0.3305	0.9280	0.9278
70
0244	0.0288	1.0000	0.2641	0.9440	0.0506s	0.3320	0.9270	0.9268
71
0245	0.0269	1.0000	0.2593	0.9420	0.0508s	0.3371	0.9260	0.9258
72
0246	0.0324	1.0000	0.2673	0.9420	0.0512s	0.3358	0.9260	0.9257
73
0247	0.0370	1.0000	0.2808	0.9420	0.0506s	0.3352	0.9260	0.9257
74
0248	0.0372	1.0000	0.2820	0.9400	0.0508s	0.3391	0.9270	0.9267
75
0249	0.0268	1.0000	0.2814	0.9380	0.0504s	0.3432	0.9280	0.9277
76
0250	0.0284	1.0000	0.2807	0.9380	0.0524s	0.3428	0.9280	0.9277
77
0251	0.0259	1.0000	0.2868	0.9380	0.0506s	0.3426	0.9280	0.9277
78
0252	0.0280	1.0000	0.2913	0.9380	0.0508s	0.3433	0.9270	0.9267
79
0253	0.0327	1.0000	0.2811	0.9400	0.0509s	0.3393	0.9280	0.9277
80
0254	0.0253	1.0000	0.2704	0.9420	0.0508s	0.3347	0.9270	0.9267
81
0255	0.0256	1.0000	0.2622	0.9420	0.0506s	0.3334	0.9280	0.9278
82
0256	0.0289	1.0000	0.2610	0.9420	0.0510s	0.3305	0.9290	0.9288
83
0257	0.0288	1.0000	0.2605	0.9420	0.0508s	0.3289	0.9290	0.9288
84
0258	0.0267	1.0000	0.2630	0.9420	0.0508s	0.3295	0.9290	0.9288
85
0259	0.0307	1.0000	0.2626	0.9420	0.0507s	0.3320	0.9290	0.9288
86
0260	0.0279	1.0000	0.2652	0.9420	0.0509s	0.3333	0.9290	0.9287
87
0261	0.0272	1.0000	0.2676	0.9420	0.0507s	0.3347	0.9290	0.9287
88
0262	0.0338	1.0000	0.2757	0.9420	0.0510s	0.3334	0.9300	0.9298
89
0263	0.0314	1.0000	0.2767	0.9420	0.0509s	0.3338	0.9300	0.9298
90
0264	0.0316	1.0000	0.2693	0.9420	0.0504s	0.3306	0.9300	0.9298
91
0265	0.0274	1.0000	0.2603	0.9420	0.0517s	0.3289	0.9300	0.9298
92
0266	0.0295	1.0000	0.2529	0.9420	0.0508s	0.3297	0.9290	0.9288
93
0267	0.0328	1.0000	0.2558	0.9420	0.0519s	0.3248	0.9300	0.9298
94
0268	0.0326	1.0000	0.2618	0.9440	0.0525s	0.3235	0.9290	0.9288
95
0269	0.0302	1.0000	0.2663	0.9420	0.0534s	0.3264	0.9290	0.9288
96
0270	0.0292	1.0000	0.2573	0.9420	0.0542s	0.3321	0.9300	0.9298
97
0271	0.0274	1.0000	0.2558	0.9420	0.0519s	0.3394	0.9300	0.9298
98
0272	0.0362	1.0000	0.2714	0.9420	0.0514s	0.3333	0.9290	0.9288
99
0273	0.0315	1.0000	0.2790	0.9420	0.0506s	0.3318	0.9280	0.9277
100
0274	0.0293	1.0000	0.2629	0.9420	0.0508s	0.3291	0.9300	0.9298
101
0275	0.0281	1.0000	0.2479	0.9420	0.0509s	0.3352	0.9300	0.9299
102
0276	0.0320	1.0000	0.2521	0.9420	0.0509s	0.3340	0.9300	0.9298
103
0277	0.0354	1.0000	0.2852	0.9420	0.0511s	0.3360	0.9270	0.9267
104
0278	0.0303	1.0000	0.2947	0.9400	0.0507s	0.3420	0.9250	0.9246
105
0279	0.0307	1.0000	0.2694	0.9420	0.0508s	0.3463	0.9310	0.9308
106
0280	0.0268	1.0000	0.2670	0.9400	0.0507s	0.3610	0.9310	0.9309
107
0281	0.0315	1.0000	0.2722	0.9420	0.0510s	0.3508	0.9310	0.9308
108
0282	0.0281	1.0000	0.2852	0.9400	0.0508s	0.3413	0.9280	0.9277
109
0283	0.0245	1.0000	0.2758	0.9420	0.0505s	0.3344	0.9280	0.9277
110
0284	0.0311	1.0000	0.2461	0.9440	0.0507s	0.3323	0.9300	0.9299
111
0285	0.0328	0.9833	0.2395	0.9420	0.0506s	0.3419	0.9280	0.9279
112
0286	0.0301	1.0000	0.2482	0.9420	0.0505s	0.3427	0.9290	0.9289
113
0287	0.0259	1.0000	0.2744	0.9420	0.0507s	0.3476	0.9300	0.9298
114
0288	0.0245	1.0000	0.3037	0.9400	0.0506s	0.3575	0.9280	0.9277
115
0289	0.0265	1.0000	0.2979	0.9420	0.0519s	0.3598	0.9290	0.9287
116
0290	0.0308	1.0000	0.2711	0.9420	0.0510s	0.3536	0.9310	0.9309
117
0291	0.0242	1.0000	0.2518	0.9420	0.0513s	0.3491	0.9290	0.9289
118
0292	0.0300	1.0000	0.2502	0.9440	0.0506s	0.3345	0.9290	0.9289
119
0293	0.0266	1.0000	0.2650	0.9460	0.0511s	0.3281	0.9310	0.9309
120
0294	0.0255	1.0000	0.2724	0.9460	0.0511s	0.3294	0.9280	0.9278
121
0295	0.0323	1.0000	0.2699	0.9420	0.0509s	0.3388	0.9310	0.9309
122
0296	0.0284	1.0000	0.2689	0.9420	0.0508s	0.3611	0.9300	0.9299
123
0297	0.0321	1.0000	0.2770	0.9420	0.0514s	0.3610	0.9290	0.9288
124
0298	0.0259	1.0000	0.2963	0.9420	0.0513s	0.3540	0.9290	0.9288
125
0299	0.0354	1.0000	0.2955	0.9400	0.0507s	0.3482	0.9260	0.9256
126
0300	0.0236	1.0000	0.2684	0.9420	0.0507s	0.3408	0.9310	0.9309
127
0301	0.0242	1.0000	0.2485	0.9420	0.0513s	0.3480	0.9290	0.9289
128
0302	0.0266	1.0000	0.2441	0.9420	0.0507s	0.3532	0.9290	0.9289
129
0303	0.0272	1.0000	0.2565	0.9420	0.0508s	0.3419	0.9300	0.9299
130
0304	0.0230	1.0000	0.2808	0.9400	0.0508s	0.3430	0.9290	0.9288
131
0305	0.0250	1.0000	0.2873	0.9400	0.0508s	0.3480	0.9270	0.9267
132
0306	0.0269	1.0000	0.2636	0.9420	0.0506s	0.3502	0.9310	0.9309
133
0307	0.0263	1.0000	0.2514	0.9420	0.0506s	0.3532	0.9290	0.9289
134
0308	0.0223	1.0000	0.2494	0.9440	0.0511s	0.3486	0.9290	0.9289
135
0309	0.0237	1.0000	0.2554	0.9440	0.0511s	0.3396	0.9300	0.9299
136
0310	0.0288	1.0000	0.2643	0.9460	0.0508s	0.3382	0.9310	0.9309
137
0311	0.0252	1.0000	0.2661	0.9440	0.0511s	0.3433	0.9310	0.9309
138
0312	0.0289	1.0000	0.2553	0.9440	0.0514s	0.3507	0.9290	0.9289
139
0313	0.0268	1.0000	0.2593	0.9440	0.0513s	0.3563	0.9280	0.9279
140
0314	0.0249	1.0000	0.2667	0.9440	0.0509s	0.3483	0.9300	0.9299
141
0315	0.0225	1.0000	0.2723	0.9440	0.0511s	0.3438	0.9300	0.9298
142
0316	0.0262	1.0000	0.2586	0.9440	0.0515s	0.3380	0.9300	0.9299
143
0317	0.0234	1.0000	0.2440	0.9460	0.0510s	0.3403	0.9290	0.9289
144
0318	0.0255	1.0000	0.2433	0.9460	0.0508s	0.3401	0.9290	0.9289
145
0319	0.0324	1.0000	0.2651	0.9440	0.0504s	0.3416	0.9290	0.9288
146
0320	0.0243	1.0000	0.2840	0.9440	0.0514s	0.3555	0.9290	0.9288
147
0321	0.0306	1.0000	0.2763	0.9440	0.0509s	0.3642	0.9280	0.9279
148
0322	0.0310	0.9833	0.2617	0.9440	0.0506s	0.3543	0.9290	0.9289
149
0323	0.0245	1.0000	0.2516	0.9440	0.0505s	0.3427	0.9300	0.9299
150
0324	0.0242	1.0000	0.2493	0.9460	0.0516s	0.3358	0.9300	0.9299
151
0325	0.0257	1.0000	0.2475	0.9460	0.0511s	0.3378	0.9300	0.9299
152
0326	0.0260	1.0000	0.2487	0.9440	0.0506s	0.3486	0.9300	0.9299
153
0327	0.0264	1.0000	0.2668	0.9440	0.0504s	0.3577	0.9290	0.9289
154
0328	0.0267	1.0000	0.2784	0.9440	0.0510s	0.3650	0.9270	0.9268
155
0329	0.0277	1.0000	0.2703	0.9440	0.0510s	0.3595	0.9280	0.9278
156
0330	0.0282	1.0000	0.2494	0.9440	0.0506s	0.3474	0.9300	0.9299
157
0331	0.0266	1.0000	0.2449	0.9440	0.0508s	0.3403	0.9300	0.9299
158
0332	0.0306	1.0000	0.2531	0.9440	0.0518s	0.3373	0.9290	0.9288
159
0333	0.0252	1.0000	0.2484	0.9440	0.0509s	0.3428	0.9290	0.9288
160
0334	0.0270	1.0000	0.2484	0.9440	0.0508s	0.3542	0.9290	0.9289
161
0335	0.0300	1.0000	0.2512	0.9440	0.0506s	0.3497	0.9280	0.9278
162
0336	0.0262	1.0000	0.2638	0.9440	0.0534s	0.3365	0.9290	0.9288
163
0337	0.0276	1.0000	0.2568	0.9440	0.0509s	0.3317	0.9290	0.9288
164
0338	0.0252	1.0000	0.2450	0.9440	0.0505s	0.3401	0.9290	0.9288
165
0339	0.0264	1.0000	0.2463	0.9440	0.0504s	0.3486	0.9300	0.9299
166
0340	0.0307	1.0000	0.2785	0.9440	0.0513s	0.3415	0.9270	0.9267
167
0341	0.0275	1.0000	0.2773	0.9440	0.0506s	0.3417	0.9280	0.9278
168
0342	0.0217	1.0000	0.2536	0.9440	0.0505s	0.3478	0.9280	0.9278
169
0343	0.0246	1.0000	0.2436	0.9440	0.0506s	0.3544	0.9300	0.9299
170
0344	0.0329	1.0000	0.2612	0.9440	0.0512s	0.3378	0.9290	0.9288
171
0345	0.0227	1.0000	0.2805	0.9440	0.0506s	0.3386	0.9270	0.9267
172
0346	0.0261	1.0000	0.2658	0.9440	0.0506s	0.3435	0.9290	0.9288
173
0347	0.0236	1.0000	0.2489	0.9440	0.0511s	0.3554	0.9280	0.9278
174
0348	0.0242	1.0000	0.2494	0.9440	0.0507s	0.3530	0.9290	0.9288
175
0349	0.0247	1.0000	0.2713	0.9440	0.0505s	0.3430	0.9290	0.9288
176
0350	0.0244	1.0000	0.2644	0.9440	0.0508s	0.3390	0.9290	0.9288
177
0351	0.0280	1.0000	0.2433	0.9440	0.0530s	0.3396	0.9290	0.9288
178
0352	0.0228	1.0000	0.2403	0.9440	0.0510s	0.3506	0.9280	0.9278
179
0353	0.0245	1.0000	0.2505	0.9440	0.0502s	0.3589	0.9290	0.9288
180
0354	0.0283	1.0000	0.2648	0.9440	0.0510s	0.3545	0.9280	0.9278
181
0355	0.0215	1.0000	0.2655	0.9440	0.0518s	0.3492	0.9290	0.9288
182
0356	0.0244	1.0000	0.2487	0.9440	0.0512s	0.3420	0.9290	0.9288
183
0357	0.0217	1.0000	0.2377	0.9440	0.0506s	0.3422	0.9280	0.9278
184
0358	0.0269	1.0000	0.2432	0.9440	0.0507s	0.3437	0.9290	0.9288
185
0359	0.0271	1.0000	0.2630	0.9440	0.0514s	0.3443	0.9290	0.9288
186
0360	0.0279	1.0000	0.2476	0.9440	0.0510s	0.3402	0.9290	0.9288
187
0361	0.0269	1.0000	0.2358	0.9440	0.0508s	0.3454	0.9280	0.9278
188
0362	0.0202	1.0000	0.2430	0.9440	0.0508s	0.3461	0.9290	0.9288
189
0363	0.0216	1.0000	0.2577	0.9440	0.0514s	0.3428	0.9290	0.9288
190
0364	0.0227	1.0000	0.2581	0.9440	0.0512s	0.3405	0.9290	0.9288
191
0365	0.0325	1.0000	0.2366	0.9440	0.0509s	0.3358	0.9290	0.9288
192
0366	0.0240	1.0000	0.2372	0.9440	0.0513s	0.3379	0.9290	0.9288
193
0367	0.0266	1.0000	0.2402	0.9440	0.0515s	0.3307	0.9290	0.9288
194
0368	0.0213	1.0000	0.2510	0.9440	0.0508s	0.3306	0.9280	0.9278
195
0369	0.0223	1.0000	0.2451	0.9440	0.0508s	0.3404	0.9290	0.9288
196
0370	0.0262	1.0000	0.2448	0.9440	0.0511s	0.3505	0.9270	0.9268
197
0371	0.0295	1.0000	0.2649	0.9440	0.0516s	0.3386	0.9280	0.9278
198
0372	0.0259	1.0000	0.2529	0.9440	0.0511s	0.3311	0.9280	0.9278
199
Early stop! Min loss:0.20814712345600128,  Max accuracy:0.9480000000000001
Early stop model validation loss:0.20814712345600128,  accuracy:0.9480000000000001
Optimization Finished!
Total time elapsed: 19.3647s
test max acc:0.9310
Loading 121th epoch
stru_node_to_hop attention:tensor([[0.3334, 0.3333, 0.3333],
        [0.3333, 0.3333, 0.3333],
        [0.3334, 0.3334, 0.3332],
        [0.3324, 0.3338, 0.3338],
        [0.3333, 0.3334, 0.3333],
        [0.3310, 0.3348, 0.3342],
        [0.3334, 0.3333, 0.3333],
        [0.3335, 0.3332, 0.3332],
        [0.3334, 0.3333, 0.3333],
        [0.3346, 0.3326, 0.3329],
        [0.3334, 0.3334, 0.3332],
        [0.3333, 0.3333, 0.3333],
        [0.3327, 0.3337, 0.3336],
        [0.3333, 0.3333, 0.3333],
        [0.3332, 0.3333, 0.3335],
        [0.3334, 0.3332, 0.3333],
        [0.3333, 0.3333, 0.3333],
        [0.3330, 0.3334, 0.3336],
        [0.3333, 0.3333, 0.3333],
        [0.3333, 0.3333, 0.3333],
        [0.3337, 0.3331, 0.3332],
        [0.3333, 0.3333, 0.3333],
        [0.3376, 0.3305, 0.3319],
        [0.3333, 0.3333, 0.3333],
        [0.3337, 0.3332, 0.3331],
        [0.3333, 0.3333, 0.3333],
        [0.3335, 0.3333, 0.3332],
        [0.3336, 0.3325, 0.3338],
        [0.3333, 0.3333, 0.3333],
        [0.3334, 0.3332, 0.3334],
        [0.3336, 0.3338, 0.3326],
        [0.3333, 0.3333, 0.3333],
        [0.3257, 0.3370, 0.3374],
        [0.3334, 0.3335, 0.3331],
        [0.3316, 0.3340, 0.3344],
        [0.3337, 0.3332, 0.3332],
        [0.3333, 0.3333, 0.3333],
        [0.3314, 0.3334, 0.3352],
        [0.3316, 0.3341, 0.3343],
        [0.3423, 0.3292, 0.3285],
        [0.3333, 0.3333, 0.3333],
        [0.3288, 0.3359, 0.3354],
        [0.3333, 0.3333, 0.3333],
        [0.3333, 0.3333, 0.3333],
        [0.3321, 0.3340, 0.3339],
        [0.3333, 0.3334, 0.3334],
        [0.3345, 0.3332, 0.3323],
        [0.3338, 0.3331, 0.3331],
        [0.3339, 0.3328, 0.3333],
        [0.3332, 0.3334, 0.3334],
        [0.3330, 0.3334, 0.3336],
        [0.3440, 0.3278, 0.3281],
        [0.3333, 0.3333, 0.3333],
        [0.3334, 0.3333, 0.3333],
        [0.3333, 0.3333, 0.3333],
        [0.3334, 0.3333, 0.3333],
        [0.3328, 0.3335, 0.3337],
        [0.3324, 0.3334, 0.3342],
        [0.3335, 0.3333, 0.3333],
        [0.3333, 0.3333, 0.3333],
        [0.3333, 0.3333, 0.3333],
        [0.3334, 0.3333, 0.3333],
        [0.3331, 0.3334, 0.3334],
        [0.3321, 0.3339, 0.3340],
        [0.3333, 0.3333, 0.3333],
        [0.3334, 0.3333, 0.3333],
        [0.3265, 0.3355, 0.3380],
        [0.3333, 0.3333, 0.3334],
        [0.3264, 0.3375, 0.3361],
        [0.3333, 0.3333, 0.3333],
        [0.3205, 0.3401, 0.3394],
        [0.3251, 0.3359, 0.3391],
        [0.3333, 0.3333, 0.3333],
        [0.3332, 0.3334, 0.3334],
        [0.3333, 0.3333, 0.3333],
        [0.3333, 0.3333, 0.3333],
        [0.3333, 0.3333, 0.3333],
        [0.3333, 0.3333, 0.3333],
        [0.3333, 0.3333, 0.3333],
        [0.3334, 0.3333, 0.3334],
        [0.3336, 0.3332, 0.3332],
        [0.3399, 0.3299, 0.3303],
        [0.3333, 0.3333, 0.3334],
        [0.3336, 0.3332, 0.3332],
        [0.3323, 0.3341, 0.3336],
        [0.3334, 0.3333, 0.3333],
        [0.3333, 0.3333, 0.3333],
        [0.3342, 0.3329, 0.3329],
        [0.3334, 0.3333, 0.3333],
        [0.3333, 0.3333, 0.3333],
        [0.3333, 0.3333, 0.3333],
        [0.3325, 0.3333, 0.3342],
        [0.3333, 0.3333, 0.3334],
        [0.3333, 0.3333, 0.3333],
        [0.3240, 0.3379, 0.3381],
        [0.3325, 0.3339, 0.3337],
        [0.3333, 0.3333, 0.3333],
        [0.3335, 0.3333, 0.3333],
        [0.3333, 0.3333, 0.3333],
        [0.3333, 0.3333, 0.3333]], device='cuda:1')
fea_node_to_hop attention:tensor([[0.1999, 0.1999, 0.2001, 0.2001, 0.2001],
        [0.2000, 0.2000, 0.2000, 0.2000, 0.2000],
        [0.1998, 0.2000, 0.2000, 0.2000, 0.2001],
        [0.1995, 0.2002, 0.2001, 0.2001, 0.2001],
        [0.2001, 0.2000, 0.2000, 0.2000, 0.2000],
        [0.2005, 0.1995, 0.1999, 0.2000, 0.2001],
        [0.2002, 0.1998, 0.2000, 0.2000, 0.2001],
        [0.1998, 0.2002, 0.2001, 0.2000, 0.2000],
        [0.2000, 0.1999, 0.2000, 0.2000, 0.2001],
        [0.2006, 0.2000, 0.1997, 0.1998, 0.1999],
        [0.2001, 0.2000, 0.1999, 0.2000, 0.2000],
        [0.2000, 0.2000, 0.2000, 0.2000, 0.2000],
        [0.1994, 0.2000, 0.2003, 0.2002, 0.2001],
        [0.2000, 0.2000, 0.2000, 0.2000, 0.2000],
        [0.1999, 0.2001, 0.2000, 0.2000, 0.2000],
        [0.1995, 0.2004, 0.2001, 0.2000, 0.2000],
        [0.2000, 0.2000, 0.2000, 0.2000, 0.2000],
        [0.2003, 0.2000, 0.1999, 0.1999, 0.1999],
        [0.2000, 0.1999, 0.2000, 0.2000, 0.2000],
        [0.2029, 0.2001, 0.1986, 0.1991, 0.1993],
        [0.2003, 0.1999, 0.1999, 0.2000, 0.2000],
        [0.2000, 0.2000, 0.2000, 0.2000, 0.2000],
        [0.1954, 0.2029, 0.2012, 0.2007, 0.1998],
        [0.2000, 0.2000, 0.2000, 0.2000, 0.2000],
        [0.2000, 0.1999, 0.2000, 0.2000, 0.2000],
        [0.2000, 0.2000, 0.2000, 0.2000, 0.2000],
        [0.2001, 0.2000, 0.2000, 0.2000, 0.2000],
        [0.2009, 0.1988, 0.2001, 0.2001, 0.2000],
        [0.2000, 0.2000, 0.2000, 0.2000, 0.2000],
        [0.1996, 0.1999, 0.2002, 0.2001, 0.2001],
        [0.1995, 0.1998, 0.2004, 0.2002, 0.2001],
        [0.2000, 0.2000, 0.2000, 0.2000, 0.2000],
        [0.1950, 0.2050, 0.2015, 0.2001, 0.1984],
        [0.2001, 0.2001, 0.2002, 0.2001, 0.1996],
        [0.1994, 0.2005, 0.2000, 0.2001, 0.2000],
        [0.2006, 0.1999, 0.1998, 0.1998, 0.1999],
        [0.2000, 0.2000, 0.2000, 0.2000, 0.2000],
        [0.1974, 0.2009, 0.2010, 0.2005, 0.2002],
        [0.1994, 0.1989, 0.2010, 0.2004, 0.2004],
        [0.1950, 0.2024, 0.2023, 0.2009, 0.1995],
        [0.2000, 0.2000, 0.2000, 0.2000, 0.2000],
        [0.2006, 0.1970, 0.1998, 0.2011, 0.2015],
        [0.2000, 0.2000, 0.2000, 0.2000, 0.2000],
        [0.2000, 0.2000, 0.2000, 0.2000, 0.2000],
        [0.1980, 0.2004, 0.2006, 0.2006, 0.2004],
        [0.1992, 0.1994, 0.2004, 0.2005, 0.2005],
        [0.2014, 0.1994, 0.1993, 0.1998, 0.2001],
        [0.2002, 0.1999, 0.2000, 0.2000, 0.2000],
        [0.2008, 0.1994, 0.2000, 0.1999, 0.1999],
        [0.1999, 0.2000, 0.2000, 0.2000, 0.2000],
        [0.1996, 0.2003, 0.2001, 0.2000, 0.1999],
        [0.1951, 0.2004, 0.2018, 0.2016, 0.2011],
        [0.2000, 0.2000, 0.2000, 0.2000, 0.2000],
        [0.2002, 0.1999, 0.1999, 0.2000, 0.2000],
        [0.2000, 0.2000, 0.2000, 0.2000, 0.2000],
        [0.2000, 0.2000, 0.2000, 0.2000, 0.2000],
        [0.1997, 0.2000, 0.2001, 0.2001, 0.2001],
        [0.1989, 0.2000, 0.2005, 0.2004, 0.2002],
        [0.1998, 0.2002, 0.2001, 0.2000, 0.1999],
        [0.1999, 0.2001, 0.2000, 0.2000, 0.2000],
        [0.2000, 0.2000, 0.2000, 0.2000, 0.2000],
        [0.2000, 0.2000, 0.2000, 0.2000, 0.2000],
        [0.1990, 0.2006, 0.2004, 0.2001, 0.1999],
        [0.1990, 0.2003, 0.2003, 0.2002, 0.2002],
        [0.1999, 0.1999, 0.2000, 0.2000, 0.2000],
        [0.2000, 0.1999, 0.2000, 0.2000, 0.2000],
        [0.1979, 0.1999, 0.2009, 0.2006, 0.2007],
        [0.2000, 0.1999, 0.2000, 0.2000, 0.2000],
        [0.1947, 0.2018, 0.2014, 0.2013, 0.2009],
        [0.2000, 0.1999, 0.2000, 0.2000, 0.2000],
        [0.1958, 0.1995, 0.2006, 0.2018, 0.2023],
        [0.1941, 0.2038, 0.2016, 0.2006, 0.1999],
        [0.1986, 0.2011, 0.2002, 0.2002, 0.2000],
        [0.1999, 0.2000, 0.2001, 0.2000, 0.2000],
        [0.2000, 0.2000, 0.2000, 0.2000, 0.2000],
        [0.2000, 0.2000, 0.2000, 0.2000, 0.2000],
        [0.2000, 0.2000, 0.2000, 0.2000, 0.2000],
        [0.2019, 0.1991, 0.2001, 0.1996, 0.1993],
        [0.1992, 0.2006, 0.2003, 0.2001, 0.1999],
        [0.2000, 0.1999, 0.2000, 0.2000, 0.2000],
        [0.2002, 0.1999, 0.1999, 0.2000, 0.2000],
        [0.2019, 0.2000, 0.1996, 0.1993, 0.1992],
        [0.1999, 0.2001, 0.2000, 0.2000, 0.2000],
        [0.2001, 0.1999, 0.2000, 0.2000, 0.2000],
        [0.1986, 0.2002, 0.2007, 0.2004, 0.2002],
        [0.2000, 0.2000, 0.2000, 0.2000, 0.2000],
        [0.2000, 0.2000, 0.2000, 0.2000, 0.2000],
        [0.1998, 0.1997, 0.2004, 0.2002, 0.2000],
        [0.2001, 0.1999, 0.2000, 0.2000, 0.2000],
        [0.2000, 0.2000, 0.2000, 0.2000, 0.2000],
        [0.2001, 0.2000, 0.1999, 0.2000, 0.2000],
        [0.1997, 0.1992, 0.2003, 0.2004, 0.2004],
        [0.2000, 0.2000, 0.2000, 0.2000, 0.2000],
        [0.2000, 0.2000, 0.2000, 0.2000, 0.2000],
        [0.1938, 0.2000, 0.2021, 0.2021, 0.2020],
        [0.2000, 0.2001, 0.2001, 0.2000, 0.1999],
        [0.2000, 0.2000, 0.2000, 0.2000, 0.2000],
        [0.1999, 0.2000, 0.2000, 0.2001, 0.2001],
        [0.2023, 0.1988, 0.1998, 0.1994, 0.1997],
        [0.1997, 0.1996, 0.2003, 0.2002, 0.2002]], device='cuda:1')
perception attention:tensor([0.3748, 0.6252], device='cuda:1')
Test set results: loss= 0.2913 accuracy= 0.9290 F1_score= 0.9289
