# epoch	loss_train	acc_train	loss_val	acc_val	time	acc_test	f1_test
0001	1.0984	0.3000	0.9684	0.8540	0.0524s	0.9676	0.8460	0.8452
0
0002	0.8559	0.9167	0.7291	0.8720	0.0507s	0.7321	0.8610	0.8602
0
0003	0.5481	0.9500	0.5244	0.8920	0.0509s	0.5326	0.8800	0.8776
0
0004	0.3232	0.9833	0.3801	0.9100	0.0506s	0.4036	0.8870	0.8872
0
0005	0.2261	1.0000	0.3005	0.9080	0.0506s	0.3235	0.9010	0.9006
0
0006	0.1814	0.9833	0.2589	0.9100	0.0505s	0.2954	0.8950	0.8950
0
0007	0.1179	0.9833	0.2504	0.9180	0.0505s	0.2880	0.8970	0.8967
0
0008	0.0892	1.0000	0.2502	0.9180	0.0504s	0.2956	0.9000	0.8998
0
0009	0.0780	1.0000	0.2643	0.9180	0.0506s	0.3090	0.9020	0.9016
0
0010	0.0649	1.0000	0.2575	0.9280	0.0506s	0.3138	0.9000	0.9003
0
0011	0.0552	0.9833	0.2861	0.9160	0.0503s	0.3600	0.8920	0.8930
0
0012	0.0689	0.9833	0.2877	0.9160	0.0506s	0.3352	0.9050	0.9047
1
0013	0.0621	0.9833	0.3487	0.9140	0.0506s	0.3676	0.9110	0.9101
2
0014	0.0783	0.9667	0.3348	0.9180	0.0505s	0.3656	0.9100	0.9094
3
0015	0.0460	1.0000	0.3117	0.9260	0.0508s	0.3593	0.9090	0.9086
4
0016	0.0472	0.9833	0.3092	0.9280	0.0507s	0.3615	0.9090	0.9088
5
0017	0.0636	1.0000	0.3130	0.9240	0.0507s	0.3649	0.9120	0.9119
0
0018	0.0514	1.0000	0.3219	0.9320	0.0505s	0.3728	0.9080	0.9078
1
0019	0.0480	1.0000	0.3204	0.9260	0.0507s	0.3689	0.9110	0.9108
0
0020	0.0462	0.9833	0.3345	0.9200	0.0506s	0.3749	0.9130	0.9126
1
0021	0.0379	0.9833	0.3668	0.9180	0.0506s	0.3986	0.9140	0.9135
2
0022	0.0569	0.9833	0.3762	0.9200	0.0505s	0.3908	0.9150	0.9144
3
0023	0.0439	1.0000	0.3625	0.9220	0.0504s	0.3751	0.9180	0.9175
4
0024	0.0401	1.0000	0.3428	0.9200	0.0504s	0.3617	0.9140	0.9136
5
0025	0.0419	1.0000	0.3172	0.9200	0.0504s	0.3512	0.9150	0.9147
6
0026	0.0385	1.0000	0.2998	0.9240	0.0505s	0.3512	0.9180	0.9180
7
0027	0.0519	1.0000	0.2978	0.9260	0.0505s	0.3456	0.9200	0.9200
8
0028	0.0432	1.0000	0.3330	0.9200	0.0504s	0.3528	0.9190	0.9187
9
0029	0.0524	1.0000	0.3274	0.9220	0.0503s	0.3411	0.9220	0.9216
10
0030	0.0458	1.0000	0.3078	0.9240	0.0506s	0.3316	0.9160	0.9157
11
0031	0.0528	1.0000	0.2936	0.9200	0.0505s	0.3284	0.9200	0.9198
12
0032	0.0388	1.0000	0.3123	0.9200	0.0507s	0.3536	0.9210	0.9209
13
0033	0.0481	1.0000	0.2975	0.9180	0.0503s	0.3456	0.9210	0.9208
14
0034	0.0304	0.9833	0.2736	0.9240	0.0507s	0.3248	0.9200	0.9199
15
0035	0.0399	1.0000	0.2795	0.9240	0.0504s	0.3174	0.9210	0.9208
16
0036	0.0452	1.0000	0.3256	0.9200	0.0505s	0.3395	0.9170	0.9163
17
0037	0.0422	1.0000	0.2917	0.9240	0.0505s	0.3224	0.9240	0.9236
18
0038	0.0478	1.0000	0.2818	0.9260	0.0506s	0.3159	0.9260	0.9257
19
0039	0.0478	1.0000	0.2810	0.9240	0.0520s	0.3190	0.9240	0.9237
20
0040	0.0384	1.0000	0.2865	0.9200	0.0504s	0.3274	0.9210	0.9208
21
0041	0.0488	0.9667	0.2620	0.9300	0.0506s	0.3063	0.9220	0.9219
22
0042	0.0409	1.0000	0.2726	0.9260	0.0505s	0.3036	0.9250	0.9247
23
0043	0.0465	0.9833	0.3444	0.9220	0.0503s	0.3652	0.9160	0.9151
24
0044	0.0766	0.9667	0.2555	0.9300	0.0503s	0.3223	0.9160	0.9161
25
0045	0.0524	1.0000	0.2517	0.9320	0.0503s	0.3030	0.9220	0.9220
26
0046	0.0461	1.0000	0.3645	0.9220	0.0500s	0.3707	0.9110	0.9094
0
0047	0.0538	1.0000	0.3392	0.9260	0.0504s	0.3553	0.9180	0.9168
1
0048	0.0557	1.0000	0.2359	0.9320	0.0502s	0.3066	0.9220	0.9220
2
0049	0.0618	1.0000	0.2362	0.9320	0.0506s	0.3012	0.9200	0.9200
0
0050	0.0320	1.0000	0.2567	0.9320	0.0503s	0.2986	0.9250	0.9248
0
0051	0.0447	1.0000	0.3099	0.9240	0.0504s	0.3343	0.9210	0.9202
0
0052	0.0423	1.0000	0.2900	0.9260	0.0505s	0.3162	0.9280	0.9276
1
0053	0.0451	1.0000	0.2470	0.9340	0.0505s	0.2938	0.9230	0.9229
2
0054	0.0410	1.0000	0.2395	0.9340	0.0505s	0.2967	0.9220	0.9220
0
0055	0.0365	1.0000	0.2582	0.9340	0.0508s	0.3036	0.9250	0.9247
0
0056	0.0285	1.0000	0.2906	0.9280	0.0509s	0.3254	0.9240	0.9235
0
0057	0.0386	1.0000	0.2900	0.9240	0.0508s	0.3194	0.9260	0.9255
1
0058	0.0356	1.0000	0.2571	0.9340	0.0515s	0.2975	0.9240	0.9237
2
0059	0.0373	1.0000	0.2507	0.9320	0.0504s	0.2969	0.9250	0.9247
0
0060	0.0371	1.0000	0.2502	0.9360	0.0506s	0.2944	0.9240	0.9237
1
0061	0.0363	1.0000	0.2685	0.9340	0.0506s	0.3012	0.9260	0.9257
0
0062	0.0427	1.0000	0.2567	0.9340	0.0502s	0.2979	0.9260	0.9257
1
0063	0.0513	1.0000	0.2403	0.9360	0.0499s	0.2920	0.9220	0.9218
2
0064	0.0401	1.0000	0.2519	0.9360	0.0498s	0.3016	0.9270	0.9267
0
0065	0.0361	1.0000	0.2705	0.9260	0.0505s	0.3090	0.9300	0.9297
0
0066	0.0393	1.0000	0.2428	0.9380	0.0506s	0.2872	0.9290	0.9287
1
0067	0.0324	1.0000	0.2364	0.9360	0.0504s	0.2923	0.9240	0.9237
0
0068	0.0397	1.0000	0.2363	0.9380	0.0507s	0.2867	0.9250	0.9247
1
0069	0.0365	1.0000	0.2510	0.9380	0.0503s	0.2976	0.9280	0.9277
0
0070	0.0391	1.0000	0.2621	0.9380	0.0506s	0.3016	0.9290	0.9287
0
0071	0.0397	1.0000	0.2446	0.9340	0.0505s	0.2893	0.9210	0.9208
0
0072	0.0356	1.0000	0.2364	0.9380	0.0504s	0.2851	0.9270	0.9267
1
0073	0.0367	1.0000	0.2774	0.9320	0.0506s	0.3224	0.9250	0.9246
0
0074	0.0326	1.0000	0.2564	0.9360	0.0508s	0.3059	0.9290	0.9287
1
0075	0.0366	1.0000	0.2448	0.9360	0.0508s	0.3052	0.9150	0.9149
2
0076	0.0439	1.0000	0.2508	0.9380	0.0506s	0.2881	0.9300	0.9297
3
0077	0.0341	1.0000	0.3171	0.9280	0.0516s	0.3573	0.9230	0.9224
0
0078	0.0498	0.9833	0.2286	0.9380	0.0504s	0.2922	0.9280	0.9278
1
0079	0.0282	1.0000	0.2421	0.9340	0.0504s	0.3140	0.9150	0.9151
0
0080	0.0463	0.9833	0.2820	0.9360	0.0506s	0.3177	0.9290	0.9286
1
0081	0.0280	1.0000	0.3936	0.9120	0.0512s	0.4073	0.9070	0.9049
2
0082	0.0473	1.0000	0.2670	0.9400	0.0506s	0.3132	0.9310	0.9307
3
0083	0.0332	1.0000	0.2539	0.9280	0.0510s	0.3461	0.9090	0.9094
0
0084	0.0539	1.0000	0.2257	0.9360	0.0507s	0.3139	0.9270	0.9269
1
0085	0.0368	1.0000	0.3093	0.9360	0.0506s	0.3590	0.9260	0.9255
0
0086	0.0381	1.0000	0.3324	0.9240	0.0505s	0.3647	0.9180	0.9170
1
0087	0.0368	0.9833	0.2707	0.9380	0.0505s	0.3125	0.9290	0.9287
2
0088	0.0285	1.0000	0.2381	0.9360	0.0505s	0.3075	0.9250	0.9249
3
0089	0.0395	1.0000	0.2393	0.9400	0.0506s	0.3270	0.9290	0.9288
4
0090	0.0331	1.0000	0.2804	0.9360	0.0506s	0.3485	0.9250	0.9246
0
0091	0.0283	1.0000	0.3110	0.9320	0.0505s	0.3520	0.9250	0.9244
1
0092	0.0344	1.0000	0.2801	0.9360	0.0507s	0.3198	0.9270	0.9266
2
0093	0.0385	1.0000	0.2495	0.9300	0.0506s	0.3196	0.9160	0.9159
3
0094	0.0378	1.0000	0.2254	0.9340	0.0505s	0.3199	0.9240	0.9240
4
0095	0.0376	0.9833	0.2728	0.9340	0.0505s	0.3544	0.9230	0.9227
0
0096	0.0445	1.0000	0.2818	0.9360	0.0506s	0.3247	0.9290	0.9285
1
0097	0.0371	1.0000	0.3063	0.9240	0.0508s	0.3437	0.9110	0.9105
2
0098	0.0486	1.0000	0.2303	0.9380	0.0506s	0.3119	0.9300	0.9299
3
0099	0.0261	1.0000	0.2973	0.9200	0.0505s	0.4154	0.9060	0.9063
4
0100	0.0575	0.9833	0.2328	0.9380	0.0505s	0.3239	0.9300	0.9298
5
0101	0.0300	1.0000	0.2559	0.9400	0.0503s	0.3101	0.9250	0.9248
6
0102	0.0365	1.0000	0.2805	0.9300	0.0504s	0.3226	0.9270	0.9266
0
0103	0.0337	1.0000	0.2531	0.9380	0.0506s	0.3181	0.9310	0.9308
1
0104	0.0320	1.0000	0.2415	0.9420	0.0505s	0.3321	0.9260	0.9258
2
0105	0.0302	1.0000	0.2328	0.9380	0.0507s	0.3369	0.9270	0.9269
0
0106	0.0465	0.9833	0.2376	0.9400	0.0505s	0.3079	0.9290	0.9289
1
0107	0.0308	1.0000	0.2861	0.9300	0.0506s	0.3205	0.9260	0.9255
2
0108	0.0340	1.0000	0.2885	0.9360	0.0505s	0.3252	0.9270	0.9265
3
0109	0.0378	1.0000	0.2399	0.9400	0.0503s	0.3132	0.9300	0.9298
4
0110	0.0312	1.0000	0.2313	0.9400	0.0506s	0.3212	0.9270	0.9269
5
0111	0.0374	1.0000	0.2301	0.9400	0.0501s	0.2992	0.9290	0.9289
6
0112	0.0308	1.0000	0.2708	0.9360	0.0505s	0.3016	0.9280	0.9276
7
0113	0.0280	1.0000	0.2997	0.9340	0.0505s	0.3182	0.9250	0.9244
8
0114	0.0336	1.0000	0.2472	0.9400	0.0514s	0.2934	0.9300	0.9298
9
0115	0.0295	1.0000	0.2353	0.9400	0.0507s	0.3159	0.9270	0.9268
10
0116	0.0341	0.9833	0.2475	0.9380	0.0503s	0.3247	0.9280	0.9278
11
0117	0.0336	1.0000	0.2358	0.9380	0.0504s	0.2854	0.9270	0.9269
12
0118	0.0284	1.0000	0.2658	0.9380	0.0505s	0.2947	0.9270	0.9266
13
0119	0.0333	1.0000	0.2993	0.9320	0.0506s	0.3261	0.9290	0.9286
14
0120	0.0316	1.0000	0.2537	0.9380	0.0505s	0.3169	0.9260	0.9258
15
0121	0.0291	1.0000	0.2185	0.9440	0.0504s	0.3135	0.9270	0.9270
16
0122	0.0424	1.0000	0.2252	0.9420	0.0506s	0.3054	0.9290	0.9288
0
0123	0.0263	1.0000	0.2774	0.9340	0.0517s	0.3200	0.9280	0.9276
1
0124	0.0292	1.0000	0.2802	0.9360	0.0533s	0.3170	0.9290	0.9286
2
0125	0.0301	1.0000	0.2382	0.9420	0.0517s	0.2929	0.9280	0.9279
3
0126	0.0293	1.0000	0.2212	0.9460	0.0518s	0.2977	0.9290	0.9289
4
0127	0.0295	1.0000	0.2375	0.9400	0.0520s	0.3272	0.9280	0.9278
0
0128	0.0319	0.9833	0.2181	0.9460	0.0525s	0.3044	0.9270	0.9269
1
0129	0.0353	1.0000	0.2500	0.9380	0.0512s	0.2947	0.9290	0.9288
0
0130	0.0289	1.0000	0.2837	0.9380	0.0506s	0.3197	0.9300	0.9297
1
0131	0.0381	1.0000	0.2442	0.9400	0.0505s	0.3202	0.9280	0.9278
2
0132	0.0313	1.0000	0.2330	0.9440	0.0515s	0.3351	0.9190	0.9191
3
0133	0.0541	1.0000	0.2473	0.9400	0.0506s	0.3024	0.9290	0.9288
4
0134	0.0289	0.9833	0.3330	0.9300	0.0507s	0.3564	0.9240	0.9231
5
0135	0.0419	0.9667	0.2486	0.9380	0.0504s	0.3107	0.9280	0.9278
6
0136	0.0295	1.0000	0.2266	0.9460	0.0505s	0.3369	0.9260	0.9260
7
0137	0.0463	0.9833	0.2225	0.9460	0.0502s	0.3129	0.9270	0.9269
0
0138	0.0286	1.0000	0.2756	0.9400	0.0505s	0.3197	0.9310	0.9307
0
0139	0.0306	1.0000	0.3161	0.9340	0.0506s	0.3474	0.9260	0.9253
1
0140	0.0378	1.0000	0.2495	0.9380	0.0505s	0.3163	0.9290	0.9288
2
0141	0.0290	1.0000	0.2228	0.9460	0.0505s	0.3136	0.9220	0.9220
3
0142	0.0378	1.0000	0.2278	0.9460	0.0504s	0.3095	0.9290	0.9289
0
0143	0.0335	1.0000	0.2804	0.9380	0.0503s	0.3251	0.9300	0.9297
0
0144	0.0320	1.0000	0.2679	0.9400	0.0504s	0.3043	0.9300	0.9296
1
0145	0.0277	1.0000	0.2375	0.9420	0.0506s	0.2956	0.9280	0.9278
2
0146	0.0272	1.0000	0.2321	0.9440	0.0505s	0.3225	0.9300	0.9299
3
0147	0.0282	0.9833	0.2361	0.9460	0.0505s	0.3318	0.9260	0.9259
4
0148	0.0346	1.0000	0.2282	0.9420	0.0506s	0.2967	0.9310	0.9309
0
0149	0.0339	1.0000	0.2837	0.9360	0.0504s	0.3241	0.9290	0.9287
1
0150	0.0258	1.0000	0.2971	0.9320	0.0511s	0.3360	0.9270	0.9266
2
0151	0.0398	0.9833	0.2613	0.9360	0.0527s	0.3354	0.9100	0.9102
3
0152	0.0515	1.0000	0.2288	0.9420	0.0509s	0.3105	0.9290	0.9289
4
0153	0.0254	1.0000	0.3276	0.9260	0.0508s	0.4096	0.9170	0.9166
5
0154	0.0501	1.0000	0.2347	0.9460	0.0506s	0.3050	0.9280	0.9279
6
0155	0.0232	1.0000	0.2631	0.9360	0.0507s	0.3236	0.9160	0.9159
0
0156	0.0356	1.0000	0.2487	0.9380	0.0505s	0.3099	0.9270	0.9267
1
0157	0.0276	1.0000	0.3002	0.9340	0.0506s	0.3832	0.9190	0.9187
2
0158	0.0305	1.0000	0.2692	0.9400	0.0505s	0.3649	0.9220	0.9217
3
0159	0.0261	1.0000	0.2361	0.9420	0.0505s	0.3210	0.9270	0.9269
4
0160	0.0233	1.0000	0.2492	0.9400	0.0505s	0.3160	0.9260	0.9259
5
0161	0.0255	1.0000	0.2681	0.9380	0.0504s	0.3314	0.9250	0.9247
6
0162	0.0287	1.0000	0.2834	0.9340	0.0506s	0.3705	0.9220	0.9217
7
0163	0.0329	1.0000	0.2411	0.9440	0.0505s	0.3493	0.9240	0.9239
8
0164	0.0377	0.9833	0.2437	0.9440	0.0505s	0.3214	0.9230	0.9229
9
0165	0.0350	1.0000	0.2814	0.9400	0.0504s	0.3343	0.9250	0.9246
10
0166	0.0358	1.0000	0.2625	0.9360	0.0505s	0.3538	0.9210	0.9208
11
0167	0.0307	1.0000	0.2829	0.9340	0.0504s	0.4098	0.9200	0.9199
12
0168	0.0492	0.9833	0.2720	0.9360	0.0506s	0.3588	0.9200	0.9197
13
0169	0.0314	1.0000	0.2743	0.9340	0.0508s	0.3424	0.9110	0.9108
14
0170	0.0373	1.0000	0.2575	0.9380	0.0509s	0.3404	0.9130	0.9130
15
0171	0.0383	1.0000	0.2620	0.9400	0.0510s	0.3640	0.9220	0.9217
16
0172	0.0269	1.0000	0.3897	0.9140	0.0509s	0.4850	0.9110	0.9105
17
0173	0.0697	0.9667	0.2426	0.9420	0.0506s	0.3339	0.9170	0.9170
18
0174	0.0264	1.0000	0.3782	0.8980	0.0508s	0.5027	0.8670	0.8654
19
0175	0.0585	1.0000	0.2819	0.9380	0.0506s	0.3482	0.9130	0.9128
20
0176	0.0320	0.9833	0.3056	0.9400	0.0506s	0.3884	0.9200	0.9197
21
0177	0.0339	1.0000	0.3293	0.9240	0.0505s	0.4440	0.9120	0.9119
22
0178	0.0504	0.9833	0.2437	0.9480	0.0507s	0.3686	0.9210	0.9211
23
0179	0.0327	1.0000	0.2622	0.9320	0.0507s	0.3611	0.9130	0.9130
0
0180	0.0279	1.0000	0.2967	0.9340	0.0505s	0.3616	0.9170	0.9168
1
0181	0.0327	1.0000	0.3050	0.9380	0.0505s	0.3617	0.9230	0.9226
2
0182	0.0313	1.0000	0.2709	0.9400	0.0505s	0.3615	0.9250	0.9249
3
0183	0.0246	1.0000	0.2661	0.9360	0.0504s	0.3903	0.9220	0.9220
4
0184	0.0336	1.0000	0.2553	0.9440	0.0506s	0.3857	0.9200	0.9201
5
0185	0.0285	1.0000	0.2579	0.9460	0.0506s	0.3602	0.9250	0.9249
6
0186	0.0244	1.0000	0.2765	0.9440	0.0508s	0.3499	0.9210	0.9208
7
0187	0.0287	1.0000	0.2854	0.9440	0.0506s	0.3511	0.9200	0.9198
8
0188	0.0254	1.0000	0.2724	0.9360	0.0505s	0.3459	0.9210	0.9209
9
0189	0.0272	1.0000	0.2506	0.9440	0.0502s	0.3481	0.9240	0.9240
10
0190	0.0277	1.0000	0.2579	0.9460	0.0505s	0.3676	0.9270	0.9269
11
0191	0.0245	1.0000	0.2745	0.9380	0.0505s	0.3799	0.9260	0.9258
12
0192	0.0338	1.0000	0.2474	0.9440	0.0506s	0.3503	0.9240	0.9239
13
0193	0.0284	1.0000	0.2523	0.9440	0.0505s	0.3378	0.9220	0.9219
14
0194	0.0305	1.0000	0.2672	0.9440	0.0505s	0.3389	0.9220	0.9219
15
0195	0.0274	1.0000	0.2548	0.9420	0.0506s	0.3433	0.9240	0.9239
16
0196	0.0237	1.0000	0.2533	0.9440	0.0505s	0.3589	0.9230	0.9229
17
0197	0.0293	1.0000	0.2400	0.9460	0.0507s	0.3492	0.9240	0.9239
18
0198	0.0301	1.0000	0.2426	0.9440	0.0505s	0.3309	0.9240	0.9240
19
0199	0.0325	1.0000	0.2602	0.9440	0.0507s	0.3339	0.9220	0.9219
20
0200	0.0262	1.0000	0.2505	0.9440	0.0505s	0.3462	0.9240	0.9239
21
0201	0.0257	1.0000	0.2348	0.9420	0.0532s	0.3429	0.9240	0.9239
22
0202	0.0258	1.0000	0.2431	0.9440	0.0507s	0.3431	0.9240	0.9239
23
0203	0.0237	1.0000	0.2453	0.9440	0.0505s	0.3321	0.9240	0.9239
24
0204	0.0235	1.0000	0.2450	0.9420	0.0504s	0.3265	0.9230	0.9229
25
0205	0.0272	1.0000	0.2438	0.9420	0.0506s	0.3278	0.9240	0.9239
26
0206	0.0354	1.0000	0.2489	0.9460	0.0505s	0.3587	0.9260	0.9259
27
0207	0.0241	1.0000	0.2430	0.9420	0.0505s	0.3440	0.9270	0.9269
28
0208	0.0226	1.0000	0.2464	0.9440	0.0504s	0.3214	0.9230	0.9229
29
0209	0.0338	1.0000	0.2619	0.9460	0.0507s	0.3389	0.9260	0.9259
30
0210	0.0339	1.0000	0.2382	0.9420	0.0509s	0.3309	0.9260	0.9259
31
0211	0.0272	1.0000	0.2512	0.9440	0.0507s	0.3315	0.9270	0.9269
32
0212	0.0213	1.0000	0.2627	0.9440	0.0505s	0.3337	0.9250	0.9249
33
0213	0.0306	1.0000	0.2473	0.9440	0.0506s	0.3275	0.9260	0.9259
34
0214	0.0207	1.0000	0.2457	0.9460	0.0504s	0.3404	0.9270	0.9269
35
0215	0.0266	0.9833	0.2511	0.9440	0.0505s	0.3257	0.9270	0.9269
36
0216	0.0273	1.0000	0.2615	0.9420	0.0512s	0.3202	0.9240	0.9239
37
0217	0.0269	1.0000	0.2401	0.9440	0.0515s	0.3217	0.9260	0.9259
38
0218	0.0247	1.0000	0.2526	0.9460	0.0508s	0.3534	0.9240	0.9238
39
0219	0.0339	1.0000	0.2434	0.9440	0.0507s	0.3158	0.9250	0.9249
40
0220	0.0215	1.0000	0.2627	0.9420	0.0505s	0.3159	0.9250	0.9249
41
0221	0.0315	1.0000	0.2439	0.9440	0.0513s	0.3313	0.9270	0.9269
42
0222	0.0253	1.0000	0.2326	0.9440	0.0512s	0.3369	0.9250	0.9249
43
0223	0.0284	1.0000	0.2543	0.9440	0.0507s	0.3322	0.9250	0.9249
44
0224	0.0259	1.0000	0.2657	0.9420	0.0505s	0.3238	0.9270	0.9268
45
0225	0.0267	1.0000	0.2435	0.9420	0.0509s	0.3175	0.9270	0.9269
46
0226	0.0270	1.0000	0.2524	0.9420	0.0513s	0.3335	0.9250	0.9249
47
0227	0.0208	1.0000	0.2817	0.9420	0.0504s	0.3520	0.9250	0.9248
48
0228	0.0251	1.0000	0.2458	0.9420	0.0505s	0.3143	0.9260	0.9259
49
0229	0.0289	1.0000	0.2407	0.9440	0.0510s	0.3214	0.9270	0.9269
50
0230	0.0257	1.0000	0.2579	0.9440	0.0513s	0.3423	0.9250	0.9248
51
0231	0.0234	1.0000	0.2503	0.9420	0.0507s	0.3223	0.9270	0.9269
52
0232	0.0353	0.9833	0.2536	0.9420	0.0525s	0.3224	0.9270	0.9269
53
0233	0.0219	1.0000	0.2502	0.9440	0.0512s	0.3294	0.9250	0.9249
54
0234	0.0231	1.0000	0.2363	0.9420	0.0508s	0.3308	0.9250	0.9249
55
0235	0.0252	1.0000	0.2497	0.9440	0.0504s	0.3277	0.9250	0.9249
56
0236	0.0275	1.0000	0.2710	0.9460	0.0504s	0.3235	0.9240	0.9238
57
0237	0.0268	1.0000	0.2437	0.9460	0.0509s	0.3146	0.9260	0.9259
58
0238	0.0294	1.0000	0.2584	0.9440	0.0508s	0.3502	0.9220	0.9218
59
0239	0.0247	1.0000	0.2535	0.9440	0.0506s	0.3378	0.9240	0.9239
60
0240	0.0282	1.0000	0.2521	0.9420	0.0508s	0.3159	0.9220	0.9220
61
0241	0.0275	1.0000	0.2672	0.9440	0.0509s	0.3364	0.9260	0.9259
62
0242	0.0218	1.0000	0.2714	0.9420	0.0508s	0.3592	0.9220	0.9218
63
0243	0.0316	1.0000	0.2801	0.9320	0.0507s	0.3713	0.9130	0.9133
64
0244	0.0460	0.9833	0.2815	0.9440	0.0504s	0.3459	0.9250	0.9248
65
0245	0.0238	1.0000	0.3087	0.9400	0.0509s	0.3754	0.9240	0.9237
66
0246	0.0319	1.0000	0.2609	0.9420	0.0509s	0.3552	0.9210	0.9211
67
0247	0.0398	1.0000	0.2731	0.9420	0.0505s	0.3523	0.9260	0.9259
68
0248	0.0217	1.0000	0.3013	0.9380	0.0507s	0.3755	0.9240	0.9238
69
0249	0.0259	1.0000	0.2590	0.9380	0.0505s	0.3445	0.9260	0.9259
70
0250	0.0232	1.0000	0.2599	0.9400	0.0503s	0.3482	0.9240	0.9240
71
0251	0.0274	1.0000	0.2916	0.9420	0.0505s	0.3665	0.9230	0.9228
72
0252	0.0234	1.0000	0.2859	0.9380	0.0506s	0.3678	0.9230	0.9228
73
0253	0.0309	1.0000	0.2603	0.9440	0.0508s	0.3547	0.9240	0.9240
74
0254	0.0303	1.0000	0.2675	0.9380	0.0506s	0.3479	0.9260	0.9259
75
0255	0.0220	1.0000	0.2982	0.9360	0.0504s	0.3772	0.9250	0.9248
76
0256	0.0327	1.0000	0.2614	0.9380	0.0505s	0.3463	0.9240	0.9239
77
0257	0.0193	1.0000	0.2589	0.9420	0.0506s	0.3507	0.9220	0.9220
78
0258	0.0291	1.0000	0.2874	0.9360	0.0509s	0.3793	0.9230	0.9228
79
0259	0.0241	1.0000	0.3137	0.9360	0.0508s	0.4061	0.9210	0.9206
80
0260	0.0314	0.9833	0.2793	0.9380	0.0505s	0.3621	0.9180	0.9181
81
0261	0.0364	1.0000	0.2735	0.9380	0.0507s	0.3549	0.9220	0.9221
82
0262	0.0305	1.0000	0.2996	0.9360	0.0519s	0.4039	0.9220	0.9217
83
0263	0.0343	1.0000	0.3020	0.9360	0.0503s	0.3988	0.9210	0.9207
84
0264	0.0281	1.0000	0.2651	0.9420	0.0507s	0.3498	0.9210	0.9210
85
0265	0.0296	1.0000	0.2649	0.9420	0.0506s	0.3547	0.9210	0.9210
86
0266	0.0330	1.0000	0.2946	0.9360	0.0507s	0.3786	0.9240	0.9238
87
0267	0.0242	1.0000	0.3217	0.9400	0.0506s	0.4105	0.9190	0.9186
88
0268	0.0268	1.0000	0.2725	0.9440	0.0504s	0.3680	0.9240	0.9239
89
0269	0.0244	1.0000	0.2667	0.9380	0.0507s	0.3623	0.9220	0.9220
90
0270	0.0267	1.0000	0.2688	0.9400	0.0513s	0.3558	0.9230	0.9230
91
0271	0.0255	1.0000	0.3000	0.9360	0.0508s	0.3839	0.9250	0.9248
92
0272	0.0221	1.0000	0.3110	0.9380	0.0505s	0.4061	0.9200	0.9197
93
0273	0.0305	1.0000	0.2620	0.9420	0.0507s	0.3596	0.9240	0.9239
94
0274	0.0198	1.0000	0.2692	0.9380	0.0506s	0.3605	0.9200	0.9200
95
0275	0.0288	1.0000	0.2827	0.9360	0.0509s	0.3637	0.9260	0.9259
96
0276	0.0235	1.0000	0.3230	0.9320	0.0506s	0.4175	0.9210	0.9207
97
0277	0.0245	1.0000	0.2714	0.9380	0.0512s	0.3767	0.9230	0.9229
98
0278	0.0239	1.0000	0.2715	0.9380	0.0510s	0.3559	0.9150	0.9151
99
0279	0.0319	1.0000	0.2885	0.9400	0.0510s	0.3470	0.9240	0.9238
100
0280	0.0323	1.0000	0.2783	0.9360	0.0512s	0.3742	0.9240	0.9239
101
0281	0.0257	1.0000	0.2704	0.9380	0.0546s	0.3801	0.9250	0.9249
102
0282	0.0282	1.0000	0.2627	0.9420	0.0510s	0.3466	0.9230	0.9230
103
0283	0.0214	1.0000	0.2922	0.9400	0.0509s	0.3470	0.9220	0.9219
104
0284	0.0336	1.0000	0.2696	0.9380	0.0518s	0.3688	0.9240	0.9239
105
0285	0.0185	1.0000	0.2879	0.9320	0.0511s	0.4185	0.9210	0.9210
106
0286	0.0442	0.9833	0.2766	0.9420	0.0504s	0.3431	0.9240	0.9239
107
0287	0.0273	1.0000	0.3096	0.9280	0.0505s	0.3637	0.9130	0.9129
108
0288	0.0451	1.0000	0.2681	0.9360	0.0505s	0.3767	0.9240	0.9239
109
0289	0.0261	1.0000	0.3564	0.9240	0.0507s	0.4791	0.9150	0.9146
110
0290	0.0699	0.9667	0.3709	0.9120	0.0506s	0.4311	0.9000	0.8994
111
0291	0.0539	1.0000	0.4835	0.8740	0.0507s	0.5623	0.8640	0.8612
112
0292	0.0640	1.0000	0.2813	0.9380	0.0521s	0.3851	0.9230	0.9228
113
0293	0.0210	1.0000	0.5293	0.8840	0.0506s	0.6659	0.8750	0.8746
114
0294	0.1054	0.9667	0.2630	0.9400	0.0505s	0.3802	0.9230	0.9229
115
0295	0.0229	1.0000	0.4262	0.8940	0.0507s	0.5494	0.8790	0.8778
116
0296	0.0697	1.0000	0.4270	0.9100	0.0506s	0.4891	0.8930	0.8920
117
0297	0.0694	1.0000	0.3195	0.9340	0.0508s	0.4039	0.9190	0.9185
118
0298	0.0270	1.0000	0.3624	0.9260	0.0509s	0.5012	0.9080	0.9078
119
0299	0.0390	1.0000	0.4090	0.9240	0.0507s	0.5921	0.8920	0.8924
120
0300	0.0677	0.9833	0.3606	0.9320	0.0508s	0.4779	0.9120	0.9117
121
0301	0.0246	1.0000	0.4169	0.9220	0.0511s	0.4721	0.9100	0.9086
122
0302	0.0461	1.0000	0.3479	0.9240	0.0506s	0.4085	0.9200	0.9193
123
0303	0.0315	1.0000	0.3478	0.9240	0.0504s	0.4298	0.9050	0.9047
124
0304	0.0308	1.0000	0.3882	0.9140	0.0509s	0.5091	0.8920	0.8918
125
0305	0.0475	0.9667	0.3134	0.9260	0.0507s	0.4037	0.9080	0.9079
126
0306	0.0316	1.0000	0.3159	0.9300	0.0505s	0.3918	0.9230	0.9226
127
0307	0.0229	1.0000	0.4277	0.9240	0.0509s	0.4869	0.9140	0.9129
128
0308	0.0461	0.9833	0.4264	0.9280	0.0504s	0.4927	0.9140	0.9129
129
0309	0.0340	1.0000	0.3531	0.9380	0.0505s	0.4397	0.9200	0.9195
130
0310	0.0232	1.0000	0.2994	0.9320	0.0505s	0.4094	0.9240	0.9238
131
0311	0.0377	1.0000	0.2946	0.9320	0.0505s	0.3940	0.9230	0.9228
132
0312	0.0276	1.0000	0.3237	0.9260	0.0507s	0.3980	0.9230	0.9226
133
0313	0.0279	1.0000	0.3634	0.9160	0.0511s	0.4212	0.9190	0.9182
134
0314	0.0351	1.0000	0.3214	0.9280	0.0504s	0.3974	0.9200	0.9197
135
0315	0.0235	1.0000	0.2917	0.9340	0.0506s	0.3978	0.9220	0.9219
136
0316	0.0276	1.0000	0.2952	0.9360	0.0506s	0.4139	0.9230	0.9229
137
0317	0.0295	1.0000	0.3281	0.9340	0.0506s	0.4303	0.9240	0.9237
138
0318	0.0260	1.0000	0.3681	0.9340	0.0507s	0.4452	0.9190	0.9185
139
0319	0.0241	1.0000	0.3644	0.9320	0.0519s	0.4304	0.9190	0.9184
140
0320	0.0292	1.0000	0.3041	0.9360	0.0523s	0.3844	0.9250	0.9248
141
0321	0.0237	1.0000	0.2901	0.9380	0.0517s	0.3799	0.9230	0.9229
142
0322	0.0274	1.0000	0.2860	0.9380	0.0589s	0.3758	0.9250	0.9249
143
0323	0.0282	1.0000	0.3072	0.9400	0.0554s	0.3909	0.9240	0.9237
144
0324	0.0250	1.0000	0.3498	0.9360	0.0519s	0.4258	0.9220	0.9215
145
0325	0.0248	1.0000	0.3358	0.9340	0.0512s	0.4229	0.9230	0.9226
146
0326	0.0284	1.0000	0.2658	0.9420	0.0507s	0.3765	0.9250	0.9249
147
0327	0.0278	1.0000	0.2692	0.9420	0.0511s	0.3696	0.9190	0.9190
148
0328	0.0373	0.9833	0.3395	0.9380	0.0506s	0.3973	0.9220	0.9215
149
0329	0.0397	1.0000	0.3136	0.9420	0.0504s	0.3915	0.9270	0.9266
150
0330	0.0279	1.0000	0.2679	0.9420	0.0504s	0.3865	0.9250	0.9249
151
0331	0.0353	1.0000	0.2614	0.9420	0.0510s	0.3748	0.9240	0.9239
152
0332	0.0246	1.0000	0.2884	0.9460	0.0507s	0.3631	0.9240	0.9237
153
0333	0.0288	1.0000	0.2941	0.9420	0.0506s	0.3675	0.9230	0.9226
154
0334	0.0249	1.0000	0.2696	0.9420	0.0508s	0.3673	0.9260	0.9258
155
0335	0.0218	1.0000	0.2606	0.9460	0.0506s	0.3681	0.9250	0.9248
156
0336	0.0286	1.0000	0.2705	0.9440	0.0505s	0.3637	0.9260	0.9258
157
0337	0.0261	1.0000	0.2818	0.9440	0.0504s	0.3469	0.9250	0.9247
158
0338	0.0260	1.0000	0.2874	0.9420	0.0506s	0.3460	0.9240	0.9237
159
0339	0.0280	1.0000	0.2742	0.9400	0.0506s	0.3603	0.9270	0.9268
160
0340	0.0212	1.0000	0.2691	0.9420	0.0505s	0.3794	0.9240	0.9238
161
0341	0.0257	1.0000	0.2508	0.9420	0.0506s	0.3558	0.9240	0.9239
162
0342	0.0319	0.9833	0.2848	0.9400	0.0506s	0.3431	0.9230	0.9227
163
0343	0.0282	1.0000	0.3025	0.9400	0.0505s	0.3540	0.9250	0.9246
164
0344	0.0312	1.0000	0.2755	0.9400	0.0497s	0.3660	0.9250	0.9248
165
0345	0.0284	1.0000	0.2446	0.9460	0.0507s	0.3717	0.9220	0.9219
166
0346	0.0457	1.0000	0.3240	0.9340	0.0511s	0.3850	0.9250	0.9246
167
0347	0.0327	1.0000	0.3248	0.9360	0.0515s	0.3644	0.9180	0.9173
168
0348	0.0340	1.0000	0.2551	0.9460	0.0508s	0.3342	0.9230	0.9229
169
0349	0.0253	1.0000	0.2419	0.9460	0.0510s	0.3661	0.9220	0.9219
170
0350	0.0292	1.0000	0.3014	0.9320	0.0508s	0.4219	0.9190	0.9189
171
0351	0.0345	1.0000	0.2779	0.9400	0.0510s	0.3665	0.9250	0.9248
172
0352	0.0203	1.0000	0.2791	0.9420	0.0506s	0.3433	0.9220	0.9218
173
0353	0.0267	0.9833	0.2936	0.9400	0.0507s	0.3499	0.9240	0.9237
174
0354	0.0236	1.0000	0.2863	0.9400	0.0514s	0.3655	0.9250	0.9247
175
0355	0.0220	1.0000	0.2753	0.9420	0.0506s	0.3915	0.9240	0.9238
176
0356	0.0267	1.0000	0.2542	0.9440	0.0507s	0.3820	0.9230	0.9229
177
0357	0.0239	1.0000	0.2554	0.9460	0.0507s	0.3650	0.9260	0.9259
178
0358	0.0272	1.0000	0.2963	0.9380	0.0511s	0.3646	0.9250	0.9247
179
0359	0.0224	1.0000	0.3001	0.9400	0.0512s	0.3599	0.9250	0.9246
180
0360	0.0247	1.0000	0.2674	0.9440	0.0505s	0.3468	0.9250	0.9248
181
0361	0.0281	1.0000	0.2700	0.9420	0.0505s	0.3756	0.9250	0.9249
182
0362	0.0260	1.0000	0.2804	0.9400	0.0509s	0.3900	0.9240	0.9239
183
0363	0.0341	1.0000	0.2638	0.9440	0.0509s	0.3530	0.9240	0.9238
184
0364	0.0229	1.0000	0.2751	0.9440	0.0510s	0.3409	0.9240	0.9238
185
0365	0.0302	1.0000	0.2997	0.9380	0.0505s	0.3611	0.9250	0.9246
186
0366	0.0299	1.0000	0.2906	0.9420	0.0509s	0.3855	0.9260	0.9258
187
0367	0.0208	1.0000	0.2668	0.9460	0.0508s	0.3903	0.9230	0.9229
188
0368	0.0282	1.0000	0.2548	0.9460	0.0506s	0.3586	0.9260	0.9259
189
0369	0.0288	1.0000	0.3015	0.9400	0.0507s	0.3493	0.9280	0.9276
190
0370	0.0269	1.0000	0.2877	0.9420	0.0512s	0.3354	0.9280	0.9277
191
0371	0.0309	1.0000	0.2546	0.9440	0.0508s	0.3497	0.9250	0.9249
192
0372	0.0179	1.0000	0.2617	0.9420	0.0504s	0.3921	0.9210	0.9209
193
0373	0.0304	0.9833	0.2463	0.9480	0.0505s	0.3612	0.9250	0.9249
194
0374	0.0297	1.0000	0.2672	0.9400	0.0507s	0.3303	0.9240	0.9238
0
0375	0.0227	1.0000	0.2783	0.9420	0.0511s	0.3241	0.9270	0.9267
1
0376	0.0339	1.0000	0.2472	0.9480	0.0507s	0.3166	0.9250	0.9248
2
0377	0.0269	1.0000	0.2829	0.9360	0.0507s	0.3656	0.9260	0.9257
0
0378	0.0356	1.0000	0.2389	0.9460	0.0506s	0.3259	0.9270	0.9270
1
0379	0.0288	1.0000	0.2528	0.9440	0.0506s	0.3239	0.9220	0.9218
2
0380	0.0260	1.0000	0.3163	0.9360	0.0504s	0.3764	0.9280	0.9276
3
0381	0.0300	1.0000	0.2685	0.9440	0.0506s	0.3467	0.9240	0.9238
4
0382	0.0219	1.0000	0.2427	0.9460	0.0516s	0.3499	0.9260	0.9260
5
0383	0.0266	1.0000	0.2751	0.9400	0.0507s	0.3785	0.9240	0.9238
6
0384	0.0260	1.0000	0.3022	0.9360	0.0508s	0.3887	0.9260	0.9258
7
0385	0.0231	1.0000	0.2632	0.9420	0.0507s	0.3457	0.9240	0.9238
8
0386	0.0219	1.0000	0.2550	0.9420	0.0507s	0.3473	0.9260	0.9259
9
0387	0.0240	1.0000	0.2809	0.9360	0.0507s	0.3808	0.9240	0.9238
10
0388	0.0260	1.0000	0.2765	0.9400	0.0507s	0.3719	0.9250	0.9248
11
0389	0.0186	1.0000	0.2550	0.9420	0.0512s	0.3481	0.9270	0.9269
12
0390	0.0290	1.0000	0.2818	0.9400	0.0505s	0.3536	0.9240	0.9238
13
0391	0.0201	1.0000	0.2964	0.9340	0.0505s	0.3711	0.9240	0.9238
14
0392	0.0236	1.0000	0.2531	0.9440	0.0505s	0.3568	0.9260	0.9259
15
0393	0.0251	1.0000	0.2474	0.9440	0.0508s	0.3608	0.9260	0.9259
16
0394	0.0225	1.0000	0.2970	0.9340	0.0508s	0.3728	0.9240	0.9238
17
0395	0.0225	1.0000	0.2911	0.9360	0.0507s	0.3654	0.9240	0.9238
18
0396	0.0215	1.0000	0.2447	0.9420	0.0504s	0.3434	0.9290	0.9289
19
0397	0.0246	1.0000	0.2603	0.9440	0.0508s	0.3544	0.9250	0.9248
20
0398	0.0246	1.0000	0.2933	0.9360	0.0506s	0.3676	0.9260	0.9258
21
0399	0.0261	1.0000	0.2470	0.9440	0.0507s	0.3390	0.9280	0.9279
22
0400	0.0261	1.0000	0.2622	0.9460	0.0506s	0.3454	0.9260	0.9259
23
0401	0.0198	1.0000	0.2853	0.9380	0.0511s	0.3713	0.9240	0.9238
24
0402	0.0297	1.0000	0.2472	0.9400	0.0510s	0.3393	0.9280	0.9280
25
0403	0.0307	1.0000	0.2693	0.9440	0.0507s	0.3527	0.9250	0.9248
26
0404	0.0214	1.0000	0.2844	0.9400	0.0504s	0.3864	0.9250	0.9249
27
0405	0.0192	1.0000	0.2626	0.9440	0.0505s	0.3765	0.9260	0.9259
28
0406	0.0247	1.0000	0.2477	0.9400	0.0504s	0.3464	0.9270	0.9270
29
0407	0.0298	1.0000	0.2946	0.9420	0.0506s	0.3690	0.9250	0.9248
30
0408	0.0268	1.0000	0.2620	0.9440	0.0505s	0.3669	0.9270	0.9269
31
0409	0.0188	1.0000	0.2415	0.9440	0.0517s	0.3607	0.9270	0.9269
32
0410	0.0227	1.0000	0.2649	0.9440	0.0515s	0.3670	0.9270	0.9269
33
0411	0.0228	1.0000	0.3076	0.9400	0.0507s	0.3823	0.9270	0.9268
34
0412	0.0243	1.0000	0.2577	0.9440	0.0507s	0.3456	0.9280	0.9279
35
0413	0.0260	1.0000	0.2513	0.9440	0.0506s	0.3581	0.9260	0.9259
36
0414	0.0210	1.0000	0.2577	0.9420	0.0505s	0.3656	0.9260	0.9259
37
0415	0.0235	1.0000	0.2936	0.9420	0.0504s	0.3694	0.9270	0.9269
38
0416	0.0223	1.0000	0.2712	0.9420	0.0504s	0.3491	0.9270	0.9269
39
0417	0.0210	1.0000	0.2503	0.9440	0.0505s	0.3554	0.9270	0.9269
40
0418	0.0261	1.0000	0.3116	0.9380	0.0506s	0.3852	0.9270	0.9269
41
0419	0.0264	1.0000	0.2740	0.9420	0.0504s	0.3439	0.9270	0.9269
42
0420	0.0235	1.0000	0.2562	0.9440	0.0504s	0.3449	0.9260	0.9260
43
0421	0.0278	1.0000	0.3283	0.9340	0.0508s	0.4193	0.9220	0.9217
44
0422	0.0363	1.0000	0.2726	0.9420	0.0501s	0.3607	0.9260	0.9259
45
0423	0.0216	1.0000	0.2664	0.9460	0.0505s	0.3448	0.9240	0.9240
46
0424	0.0337	1.0000	0.3105	0.9380	0.0505s	0.3872	0.9250	0.9249
47
0425	0.0229	1.0000	0.3002	0.9380	0.0505s	0.3964	0.9250	0.9248
48
0426	0.0309	1.0000	0.2661	0.9380	0.0505s	0.3776	0.9180	0.9182
49
0427	0.0393	1.0000	0.3000	0.9420	0.0506s	0.3658	0.9260	0.9259
50
0428	0.0219	1.0000	0.3708	0.9300	0.0505s	0.4416	0.9190	0.9186
51
0429	0.0325	1.0000	0.2764	0.9420	0.0507s	0.3879	0.9250	0.9249
52
0430	0.0226	1.0000	0.2772	0.9360	0.0508s	0.3992	0.9160	0.9162
53
0431	0.0370	0.9833	0.2826	0.9400	0.0504s	0.3685	0.9270	0.9269
54
0432	0.0198	1.0000	0.3429	0.9360	0.0507s	0.4146	0.9240	0.9237
55
0433	0.0313	1.0000	0.2960	0.9380	0.0508s	0.3890	0.9260	0.9258
56
0434	0.0257	1.0000	0.2747	0.9380	0.0501s	0.3892	0.9180	0.9181
57
0435	0.0282	1.0000	0.2696	0.9400	0.0506s	0.3803	0.9270	0.9270
58
0436	0.0235	1.0000	0.3235	0.9360	0.0507s	0.4005	0.9270	0.9268
59
0437	0.0215	1.0000	0.3400	0.9380	0.0503s	0.4162	0.9210	0.9207
60
0438	0.0270	1.0000	0.2825	0.9440	0.0504s	0.3734	0.9270	0.9269
61
0439	0.0201	1.0000	0.2699	0.9400	0.0505s	0.3777	0.9250	0.9250
62
0440	0.0242	1.0000	0.2702	0.9420	0.0505s	0.3780	0.9260	0.9259
63
0441	0.0205	1.0000	0.3165	0.9400	0.0514s	0.4060	0.9230	0.9228
64
0442	0.0197	1.0000	0.3356	0.9400	0.0507s	0.4131	0.9230	0.9227
65
0443	0.0281	1.0000	0.2677	0.9420	0.0505s	0.3660	0.9250	0.9250
66
0444	0.0258	1.0000	0.2775	0.9360	0.0506s	0.3807	0.9160	0.9162
67
0445	0.0293	0.9833	0.2864	0.9420	0.0505s	0.3719	0.9270	0.9269
68
0446	0.0195	1.0000	0.3523	0.9380	0.0504s	0.4263	0.9220	0.9217
69
0447	0.0267	1.0000	0.3199	0.9400	0.0507s	0.4103	0.9230	0.9227
70
0448	0.0358	1.0000	0.3195	0.9260	0.0504s	0.4053	0.9080	0.9083
71
0449	0.0506	1.0000	0.2936	0.9360	0.0507s	0.3566	0.9260	0.9259
72
0450	0.0277	1.0000	0.3760	0.9320	0.0512s	0.4774	0.9140	0.9135
73
0451	0.0616	0.9833	0.3030	0.9360	0.0511s	0.3675	0.9190	0.9191
74
0452	0.0354	1.0000	0.3051	0.9400	0.0515s	0.3859	0.9180	0.9181
75
0453	0.0294	1.0000	0.2850	0.9400	0.0512s	0.4009	0.9260	0.9259
76
0454	0.0225	1.0000	0.3459	0.9320	0.0511s	0.4609	0.9160	0.9156
77
0455	0.0284	1.0000	0.3416	0.9340	0.0508s	0.4481	0.9180	0.9177
78
0456	0.0276	1.0000	0.2860	0.9420	0.0518s	0.3884	0.9240	0.9240
79
0457	0.0236	1.0000	0.3134	0.9340	0.0512s	0.4183	0.9110	0.9112
80
0458	0.0337	1.0000	0.2978	0.9340	0.0505s	0.3895	0.9230	0.9228
81
0459	0.0241	1.0000	0.3385	0.9360	0.0506s	0.4527	0.9170	0.9166
82
0460	0.0239	1.0000	0.3499	0.9280	0.0512s	0.4886	0.9120	0.9117
83
0461	0.0330	1.0000	0.2927	0.9340	0.0509s	0.4125	0.9240	0.9239
84
0462	0.0218	1.0000	0.2918	0.9400	0.0505s	0.3914	0.9190	0.9190
85
0463	0.0249	1.0000	0.2884	0.9420	0.0507s	0.3980	0.9180	0.9181
86
0464	0.0235	1.0000	0.2802	0.9420	0.0507s	0.3945	0.9220	0.9220
87
0465	0.0238	1.0000	0.3246	0.9360	0.0507s	0.4240	0.9220	0.9217
88
0466	0.0210	1.0000	0.3439	0.9280	0.0506s	0.4551	0.9180	0.9176
89
0467	0.0210	1.0000	0.3054	0.9400	0.0515s	0.4333	0.9210	0.9207
90
0468	0.0215	1.0000	0.2743	0.9380	0.0524s	0.3935	0.9220	0.9220
91
0469	0.0205	1.0000	0.2910	0.9400	0.0520s	0.3778	0.9180	0.9180
92
0470	0.0276	1.0000	0.3102	0.9380	0.0540s	0.3712	0.9190	0.9189
93
0471	0.0267	1.0000	0.2919	0.9340	0.0519s	0.3875	0.9270	0.9268
94
0472	0.0245	1.0000	0.2982	0.9400	0.0516s	0.4229	0.9220	0.9217
95
0473	0.0307	0.9833	0.2704	0.9400	0.0512s	0.3788	0.9220	0.9220
96
0474	0.0251	1.0000	0.3124	0.9400	0.0507s	0.3649	0.9170	0.9168
97
0475	0.0275	1.0000	0.3037	0.9340	0.0507s	0.3709	0.9230	0.9228
98
0476	0.0251	1.0000	0.2816	0.9380	0.0507s	0.4162	0.9250	0.9249
99
0477	0.0284	1.0000	0.3029	0.9400	0.0504s	0.4245	0.9210	0.9207
100
0478	0.0287	1.0000	0.3110	0.9360	0.0506s	0.3837	0.9240	0.9238
101
0479	0.0221	1.0000	0.3051	0.9380	0.0508s	0.3612	0.9170	0.9169
102
0480	0.0294	1.0000	0.2806	0.9360	0.0504s	0.3882	0.9250	0.9249
103
0481	0.0240	1.0000	0.2994	0.9360	0.0504s	0.4243	0.9220	0.9218
104
0482	0.0314	1.0000	0.2828	0.9340	0.0507s	0.3780	0.9250	0.9249
105
0483	0.0245	1.0000	0.3163	0.9340	0.0512s	0.3573	0.9210	0.9208
106
0484	0.0262	1.0000	0.3013	0.9320	0.0506s	0.3560	0.9230	0.9228
107
0485	0.0294	1.0000	0.2972	0.9360	0.0505s	0.4062	0.9250	0.9248
108
0486	0.0252	1.0000	0.2947	0.9320	0.0506s	0.4256	0.9240	0.9239
109
0487	0.0526	0.9833	0.2951	0.9340	0.0506s	0.3525	0.9220	0.9218
110
0488	0.0234	1.0000	0.3560	0.9240	0.0504s	0.3745	0.9170	0.9164
111
0489	0.0353	1.0000	0.2905	0.9320	0.0506s	0.3590	0.9250	0.9248
112
0490	0.0237	1.0000	0.2840	0.9300	0.0508s	0.4224	0.9190	0.9189
113
0491	0.0364	1.0000	0.2800	0.9320	0.0507s	0.4141	0.9230	0.9229
114
0492	0.0472	0.9667	0.3301	0.9300	0.0502s	0.3777	0.9220	0.9215
115
0493	0.0278	1.0000	0.4366	0.9020	0.0504s	0.4423	0.9020	0.9009
116
0494	0.0464	1.0000	0.3011	0.9320	0.0510s	0.3507	0.9210	0.9207
117
0495	0.0241	1.0000	0.2820	0.9320	0.0508s	0.4033	0.9240	0.9239
118
0496	0.0447	1.0000	0.3020	0.9320	0.0508s	0.4181	0.9250	0.9248
119
0497	0.0296	1.0000	0.2777	0.9360	0.0505s	0.3544	0.9250	0.9249
120
0498	0.0264	1.0000	0.2999	0.9380	0.0507s	0.3469	0.9240	0.9237
121
0499	0.0257	1.0000	0.3626	0.9260	0.0505s	0.4058	0.9220	0.9211
122
0500	0.0289	1.0000	0.3520	0.9240	0.0506s	0.4037	0.9260	0.9254
123
0501	0.0308	1.0000	0.2866	0.9340	0.0508s	0.3466	0.9220	0.9218
124
0502	0.0238	1.0000	0.2816	0.9360	0.0509s	0.3546	0.9240	0.9240
125
0503	0.0311	1.0000	0.3130	0.9360	0.0512s	0.4116	0.9270	0.9267
126
0504	0.0233	1.0000	0.3311	0.9400	0.0507s	0.4269	0.9240	0.9237
127
0505	0.0244	1.0000	0.2861	0.9300	0.0505s	0.3631	0.9240	0.9238
128
0506	0.0200	1.0000	0.3037	0.9360	0.0505s	0.3484	0.9210	0.9209
129
0507	0.0320	0.9833	0.3113	0.9320	0.0508s	0.3647	0.9240	0.9238
130
0508	0.0185	1.0000	0.3458	0.9360	0.0505s	0.4123	0.9270	0.9266
131
0509	0.0280	1.0000	0.3172	0.9380	0.0513s	0.4050	0.9270	0.9268
132
0510	0.0245	1.0000	0.2863	0.9380	0.0512s	0.3799	0.9240	0.9240
133
0511	0.0329	1.0000	0.2861	0.9340	0.0506s	0.3651	0.9250	0.9248
134
0512	0.0237	1.0000	0.3488	0.9360	0.0510s	0.4113	0.9250	0.9245
135
0513	0.0288	1.0000	0.3354	0.9360	0.0505s	0.4043	0.9280	0.9276
136
0514	0.0270	1.0000	0.2823	0.9360	0.0519s	0.3710	0.9270	0.9269
137
0515	0.0305	1.0000	0.2797	0.9340	0.0569s	0.3775	0.9280	0.9279
138
0516	0.0242	1.0000	0.3285	0.9360	0.0521s	0.4108	0.9250	0.9246
139
0517	0.0261	1.0000	0.3111	0.9380	0.0582s	0.3794	0.9280	0.9277
140
0518	0.0288	1.0000	0.2875	0.9400	0.0528s	0.3594	0.9250	0.9249
141
0519	0.0212	1.0000	0.2761	0.9380	0.0513s	0.3679	0.9280	0.9279
142
0520	0.0235	1.0000	0.2947	0.9380	0.0523s	0.3982	0.9240	0.9238
143
0521	0.0236	1.0000	0.2972	0.9400	0.0517s	0.3728	0.9270	0.9267
144
0522	0.0237	1.0000	0.2928	0.9400	0.0513s	0.3478	0.9260	0.9259
145
0523	0.0295	1.0000	0.2699	0.9420	0.0508s	0.3650	0.9260	0.9258
146
0524	0.0201	1.0000	0.2961	0.9360	0.0507s	0.4134	0.9240	0.9238
147
0525	0.0311	1.0000	0.2939	0.9380	0.0516s	0.3695	0.9260	0.9257
148
0526	0.0206	1.0000	0.3000	0.9380	0.0511s	0.3491	0.9270	0.9267
149
0527	0.0289	1.0000	0.2745	0.9380	0.0507s	0.3592	0.9260	0.9257
150
0528	0.0283	1.0000	0.2943	0.9400	0.0505s	0.4005	0.9240	0.9238
151
0529	0.0211	1.0000	0.2780	0.9440	0.0504s	0.3802	0.9240	0.9238
152
0530	0.0251	1.0000	0.2846	0.9420	0.0506s	0.3401	0.9260	0.9258
153
0531	0.0232	1.0000	0.3092	0.9400	0.0507s	0.3534	0.9260	0.9257
154
0532	0.0298	1.0000	0.2876	0.9400	0.0507s	0.3657	0.9250	0.9247
155
0533	0.0257	1.0000	0.2652	0.9420	0.0505s	0.3875	0.9250	0.9249
156
0534	0.0335	1.0000	0.3049	0.9400	0.0506s	0.3836	0.9240	0.9237
157
0535	0.0229	1.0000	0.3045	0.9360	0.0505s	0.3621	0.9250	0.9247
158
0536	0.0247	1.0000	0.2730	0.9440	0.0504s	0.3585	0.9240	0.9239
159
0537	0.0290	1.0000	0.2897	0.9420	0.0505s	0.3994	0.9230	0.9228
160
0538	0.0262	1.0000	0.3184	0.9380	0.0504s	0.4105	0.9240	0.9238
161
0539	0.0313	1.0000	0.2879	0.9440	0.0505s	0.3571	0.9210	0.9209
162
0540	0.0307	1.0000	0.2776	0.9420	0.0505s	0.3598	0.9240	0.9238
163
0541	0.0204	1.0000	0.3220	0.9400	0.0506s	0.4262	0.9220	0.9217
164
0542	0.0257	1.0000	0.2816	0.9420	0.0506s	0.4048	0.9240	0.9238
165
0543	0.0248	1.0000	0.2647	0.9460	0.0510s	0.3799	0.9250	0.9249
166
0544	0.0261	1.0000	0.2799	0.9460	0.0506s	0.3686	0.9230	0.9228
167
0545	0.0212	1.0000	0.3148	0.9380	0.0504s	0.4005	0.9230	0.9227
168
0546	0.0291	1.0000	0.2743	0.9440	0.0507s	0.3949	0.9240	0.9238
169
0547	0.0224	1.0000	0.2628	0.9480	0.0507s	0.3832	0.9260	0.9258
170
0548	0.0281	1.0000	0.2889	0.9440	0.0529s	0.3788	0.9250	0.9248
0
0549	0.0244	1.0000	0.2886	0.9460	0.0507s	0.3806	0.9240	0.9238
1
0550	0.0228	1.0000	0.2677	0.9480	0.0507s	0.3758	0.9250	0.9248
2
0551	0.0212	1.0000	0.2628	0.9480	0.0504s	0.3830	0.9260	0.9258
0
0552	0.0217	1.0000	0.2760	0.9480	0.0506s	0.3874	0.9250	0.9248
0
0553	0.0240	1.0000	0.2943	0.9440	0.0505s	0.3755	0.9270	0.9268
0
0554	0.0193	1.0000	0.2731	0.9480	0.0510s	0.3558	0.9240	0.9238
1
0555	0.0259	1.0000	0.2584	0.9480	0.0507s	0.3665	0.9250	0.9248
0
0556	0.0199	1.0000	0.2831	0.9480	0.0505s	0.4132	0.9240	0.9238
0
0557	0.0313	1.0000	0.2675	0.9480	0.0513s	0.3640	0.9240	0.9238
0
0558	0.0231	1.0000	0.2766	0.9480	0.0515s	0.3536	0.9250	0.9248
0
0559	0.0302	1.0000	0.2957	0.9460	0.0511s	0.4090	0.9240	0.9238
0
0560	0.0277	1.0000	0.2564	0.9460	0.0512s	0.3982	0.9270	0.9269
1
0561	0.0226	1.0000	0.2543	0.9480	0.0515s	0.3737	0.9240	0.9239
2
0562	0.0233	1.0000	0.2975	0.9440	0.0506s	0.3872	0.9260	0.9258
0
0563	0.0251	1.0000	0.2769	0.9480	0.0504s	0.3893	0.9250	0.9248
1
0564	0.0234	1.0000	0.2514	0.9440	0.0505s	0.3766	0.9250	0.9250
0
0565	0.0312	1.0000	0.2786	0.9480	0.0508s	0.3841	0.9250	0.9248
1
0566	0.0273	1.0000	0.2805	0.9460	0.0505s	0.3807	0.9250	0.9248
0
0567	0.0233	1.0000	0.2449	0.9500	0.0516s	0.3570	0.9240	0.9239
1
0568	0.0364	0.9833	0.3045	0.9460	0.0515s	0.3988	0.9280	0.9277
0
0569	0.0283	1.0000	0.2722	0.9480	0.0507s	0.3859	0.9240	0.9238
1
0570	0.0198	1.0000	0.2431	0.9440	0.0512s	0.3676	0.9250	0.9250
2
0571	0.0260	1.0000	0.2476	0.9480	0.0507s	0.3599	0.9240	0.9239
3
0572	0.0233	1.0000	0.2956	0.9480	0.0508s	0.3949	0.9270	0.9267
4
0573	0.0223	1.0000	0.2942	0.9460	0.0510s	0.4028	0.9250	0.9248
5
0574	0.0232	1.0000	0.2405	0.9480	0.0507s	0.3708	0.9260	0.9259
6
0575	0.0282	1.0000	0.2398	0.9460	0.0506s	0.3721	0.9270	0.9269
7
0576	0.0283	1.0000	0.2837	0.9460	0.0512s	0.3934	0.9270	0.9268
8
0577	0.0240	1.0000	0.2833	0.9500	0.0509s	0.4024	0.9250	0.9248
9
0578	0.0232	1.0000	0.2424	0.9480	0.0501s	0.3715	0.9240	0.9240
0
0579	0.0243	1.0000	0.2426	0.9460	0.0506s	0.3738	0.9250	0.9249
1
0580	0.0191	1.0000	0.2801	0.9500	0.0510s	0.4103	0.9230	0.9228
2
0581	0.0249	1.0000	0.2700	0.9480	0.0511s	0.3919	0.9270	0.9268
0
0582	0.0224	1.0000	0.2540	0.9480	0.0505s	0.3676	0.9230	0.9229
1
0583	0.0237	1.0000	0.2516	0.9460	0.0507s	0.3805	0.9250	0.9249
2
0584	0.0186	1.0000	0.2712	0.9520	0.0507s	0.4120	0.9210	0.9208
3
0585	0.0263	1.0000	0.2543	0.9440	0.0507s	0.3697	0.9260	0.9259
0
0586	0.0246	1.0000	0.2753	0.9460	0.0505s	0.3674	0.9270	0.9268
1
0587	0.0255	1.0000	0.2935	0.9480	0.0504s	0.4101	0.9230	0.9227
2
0588	0.0238	1.0000	0.2669	0.9460	0.0507s	0.3954	0.9240	0.9238
3
0589	0.0225	1.0000	0.2549	0.9480	0.0506s	0.3690	0.9260	0.9260
4
0590	0.0255	1.0000	0.2819	0.9460	0.0504s	0.3777	0.9270	0.9268
5
0591	0.0208	1.0000	0.2992	0.9460	0.0508s	0.4084	0.9210	0.9207
6
0592	0.0230	1.0000	0.2571	0.9460	0.0507s	0.3794	0.9260	0.9259
7
0593	0.0292	1.0000	0.2784	0.9460	0.0504s	0.3659	0.9250	0.9249
8
0594	0.0217	1.0000	0.2840	0.9440	0.0505s	0.3764	0.9230	0.9228
9
0595	0.0203	1.0000	0.2626	0.9480	0.0511s	0.3918	0.9250	0.9249
10
0596	0.0279	1.0000	0.2642	0.9460	0.0506s	0.3813	0.9250	0.9249
11
0597	0.0219	1.0000	0.2860	0.9440	0.0524s	0.3629	0.9240	0.9238
12
0598	0.0215	1.0000	0.2786	0.9440	0.0505s	0.3734	0.9240	0.9239
13
0599	0.0184	1.0000	0.2606	0.9440	0.0507s	0.3804	0.9250	0.9249
14
0600	0.0207	1.0000	0.2693	0.9440	0.0509s	0.3949	0.9230	0.9229
15
0601	0.0271	0.9833	0.2760	0.9440	0.0504s	0.3534	0.9240	0.9238
16
0602	0.0229	1.0000	0.2772	0.9440	0.0506s	0.3493	0.9240	0.9238
17
0603	0.0279	1.0000	0.2828	0.9400	0.0506s	0.4035	0.9230	0.9229
18
0604	0.0302	1.0000	0.2712	0.9440	0.0507s	0.3756	0.9240	0.9239
19
0605	0.0180	1.0000	0.2766	0.9420	0.0505s	0.3435	0.9240	0.9238
20
0606	0.0318	1.0000	0.2874	0.9440	0.0506s	0.3810	0.9240	0.9238
21
0607	0.0226	1.0000	0.2770	0.9440	0.0506s	0.3828	0.9220	0.9218
22
0608	0.0184	1.0000	0.2662	0.9460	0.0511s	0.3662	0.9240	0.9239
23
0609	0.0215	1.0000	0.2705	0.9420	0.0508s	0.3502	0.9250	0.9248
24
0610	0.0255	1.0000	0.2915	0.9420	0.0506s	0.3916	0.9240	0.9238
25
0611	0.0224	1.0000	0.2676	0.9480	0.0514s	0.3893	0.9230	0.9228
26
0612	0.0256	1.0000	0.2622	0.9460	0.0514s	0.3582	0.9250	0.9249
27
0613	0.0314	1.0000	0.3389	0.9400	0.0508s	0.4207	0.9180	0.9174
28
0614	0.0541	0.9833	0.2614	0.9420	0.0511s	0.3875	0.9190	0.9190
29
0615	0.0318	1.0000	0.2612	0.9480	0.0505s	0.3915	0.9240	0.9238
30
0616	0.0246	1.0000	0.3463	0.9400	0.0504s	0.4341	0.9210	0.9204
31
0617	0.0301	1.0000	0.2928	0.9440	0.0504s	0.3657	0.9260	0.9258
32
0618	0.0258	1.0000	0.2596	0.9440	0.0507s	0.3785	0.9170	0.9171
33
0619	0.0327	1.0000	0.2949	0.9460	0.0505s	0.4293	0.9220	0.9217
34
0620	0.0351	1.0000	0.2986	0.9440	0.0505s	0.3913	0.9250	0.9247
35
0621	0.0250	0.9833	0.2819	0.9440	0.0513s	0.3647	0.9230	0.9229
36
0622	0.0321	1.0000	0.2667	0.9420	0.0508s	0.3803	0.9220	0.9218
37
0623	0.0258	1.0000	0.3105	0.9460	0.0504s	0.4454	0.9220	0.9217
38
0624	0.0268	1.0000	0.2838	0.9460	0.0506s	0.4052	0.9240	0.9238
39
0625	0.0208	1.0000	0.2819	0.9460	0.0508s	0.3760	0.9210	0.9209
40
0626	0.0197	1.0000	0.2852	0.9440	0.0506s	0.3765	0.9210	0.9209
41
0627	0.0239	1.0000	0.3106	0.9440	0.0505s	0.4184	0.9210	0.9207
42
0628	0.0176	1.0000	0.3198	0.9420	0.0505s	0.4406	0.9200	0.9197
43
0629	0.0211	1.0000	0.2835	0.9400	0.0504s	0.3988	0.9250	0.9248
44
0630	0.0191	1.0000	0.2816	0.9420	0.0503s	0.3793	0.9220	0.9220
45
0631	0.0225	1.0000	0.3018	0.9420	0.0505s	0.3856	0.9240	0.9238
46
0632	0.0263	1.0000	0.2920	0.9420	0.0508s	0.3985	0.9240	0.9238
47
0633	0.0182	1.0000	0.2820	0.9420	0.0506s	0.4021	0.9250	0.9249
48
0634	0.0247	0.9833	0.2832	0.9420	0.0505s	0.3756	0.9250	0.9249
49
0635	0.0225	1.0000	0.3001	0.9400	0.0505s	0.3743	0.9230	0.9228
50
0636	0.0252	1.0000	0.2954	0.9440	0.0508s	0.4013	0.9220	0.9218
51
0637	0.0273	1.0000	0.2728	0.9420	0.0505s	0.3831	0.9220	0.9220
52
0638	0.0312	1.0000	0.2971	0.9420	0.0503s	0.3804	0.9220	0.9218
53
0639	0.0246	1.0000	0.3213	0.9400	0.0508s	0.4092	0.9190	0.9188
54
0640	0.0237	1.0000	0.2674	0.9420	0.0504s	0.3721	0.9240	0.9240
55
0641	0.0232	1.0000	0.2682	0.9420	0.0511s	0.3679	0.9210	0.9210
56
0642	0.0278	1.0000	0.3333	0.9360	0.0507s	0.4167	0.9180	0.9177
57
0643	0.0259	1.0000	0.3392	0.9360	0.0505s	0.4279	0.9210	0.9207
58
0644	0.0346	0.9833	0.3159	0.9300	0.0507s	0.4325	0.8970	0.8974
59
0645	0.0490	1.0000	0.2716	0.9420	0.0518s	0.3668	0.9240	0.9240
60
0646	0.0214	1.0000	0.3952	0.9240	0.0508s	0.4789	0.9140	0.9135
61
0647	0.0482	1.0000	0.2938	0.9380	0.0510s	0.3712	0.9240	0.9238
62
0648	0.0247	1.0000	0.3123	0.9340	0.0505s	0.4248	0.9000	0.9004
63
0649	0.0499	1.0000	0.3048	0.9400	0.0506s	0.4122	0.9220	0.9218
64
0650	0.0169	1.0000	0.4339	0.9220	0.0507s	0.5213	0.9150	0.9144
65
0651	0.0379	1.0000	0.3276	0.9380	0.0506s	0.4197	0.9200	0.9197
66
0652	0.0198	1.0000	0.2990	0.9420	0.0507s	0.4023	0.9170	0.9171
67
0653	0.0253	1.0000	0.3101	0.9340	0.0505s	0.4235	0.9090	0.9092
68
0654	0.0378	1.0000	0.3065	0.9400	0.0507s	0.4186	0.9260	0.9259
69
0655	0.0184	1.0000	0.4027	0.9280	0.0507s	0.4988	0.9150	0.9145
70
0656	0.0410	1.0000	0.3486	0.9360	0.0510s	0.4476	0.9180	0.9176
71
0657	0.0264	1.0000	0.2913	0.9440	0.0507s	0.4089	0.9250	0.9250
72
0658	0.0225	1.0000	0.3064	0.9360	0.0505s	0.4356	0.9120	0.9122
73
0659	0.0326	1.0000	0.3003	0.9380	0.0507s	0.4086	0.9160	0.9161
74
0660	0.0298	1.0000	0.3213	0.9400	0.0505s	0.4224	0.9200	0.9197
75
0661	0.0236	1.0000	0.3852	0.9320	0.0507s	0.4887	0.9160	0.9155
76
0662	0.0403	1.0000	0.3039	0.9420	0.0506s	0.4303	0.9230	0.9229
77
0663	0.0238	1.0000	0.2917	0.9380	0.0507s	0.4122	0.9180	0.9181
78
0664	0.0241	1.0000	0.3077	0.9360	0.0506s	0.4256	0.9140	0.9141
79
0665	0.0284	1.0000	0.2852	0.9420	0.0504s	0.4020	0.9210	0.9210
80
0666	0.0218	1.0000	0.3056	0.9400	0.0504s	0.4251	0.9220	0.9218
81
0667	0.0217	1.0000	0.3389	0.9360	0.0504s	0.4557	0.9190	0.9187
82
0668	0.0221	1.0000	0.3274	0.9360	0.0511s	0.4495	0.9200	0.9197
83
0669	0.0209	1.0000	0.2933	0.9380	0.0505s	0.4222	0.9240	0.9239
84
0670	0.0233	1.0000	0.2774	0.9440	0.0507s	0.4023	0.9240	0.9240
85
0671	0.0229	1.0000	0.2733	0.9420	0.0505s	0.4011	0.9230	0.9230
86
0672	0.0205	1.0000	0.2717	0.9440	0.0508s	0.4024	0.9250	0.9250
87
0673	0.0224	1.0000	0.2882	0.9400	0.0506s	0.4114	0.9240	0.9239
88
0674	0.0179	1.0000	0.3083	0.9360	0.0506s	0.4282	0.9210	0.9208
89
0675	0.0316	1.0000	0.2679	0.9440	0.0507s	0.3959	0.9230	0.9230
90
0676	0.0219	1.0000	0.2706	0.9400	0.0507s	0.3888	0.9170	0.9171
91
0677	0.0260	1.0000	0.2827	0.9460	0.0508s	0.3825	0.9230	0.9230
92
0678	0.0245	1.0000	0.3154	0.9360	0.0509s	0.4274	0.9210	0.9208
93
0679	0.0279	1.0000	0.2691	0.9420	0.0508s	0.4181	0.9200	0.9200
94
0680	0.0335	1.0000	0.2712	0.9420	0.0505s	0.3673	0.9200	0.9200
95
0681	0.0311	1.0000	0.2965	0.9460	0.0564s	0.3749	0.9230	0.9228
96
0682	0.0352	1.0000	0.3016	0.9340	0.0494s	0.4406	0.9190	0.9190
97
0683	0.0435	0.9667	0.2567	0.9420	0.0497s	0.3877	0.9240	0.9240
98
0684	0.0235	1.0000	0.2765	0.9440	0.0509s	0.3573	0.9230	0.9229
99
0685	0.0326	0.9833	0.2981	0.9420	0.0516s	0.3775	0.9210	0.9208
100
0686	0.0247	1.0000	0.2817	0.9400	0.0508s	0.4022	0.9210	0.9209
101
0687	0.0350	1.0000	0.2594	0.9440	0.0505s	0.3901	0.9240	0.9240
102
0688	0.0237	1.0000	0.2665	0.9440	0.0511s	0.3741	0.9240	0.9240
103
0689	0.0253	1.0000	0.3040	0.9440	0.0511s	0.3833	0.9220	0.9218
104
0690	0.0285	1.0000	0.2644	0.9460	0.0507s	0.3670	0.9230	0.9230
105
0691	0.0246	1.0000	0.2535	0.9480	0.0510s	0.3882	0.9240	0.9240
106
0692	0.0249	1.0000	0.3094	0.9380	0.0527s	0.4185	0.9220	0.9219
107
0693	0.0348	0.9833	0.2750	0.9480	0.0506s	0.3670	0.9210	0.9210
108
0694	0.0274	1.0000	0.2846	0.9440	0.0512s	0.3730	0.9160	0.9159
109
0695	0.0329	1.0000	0.3167	0.9380	0.0507s	0.4234	0.9200	0.9198
110
0696	0.0201	1.0000	0.3475	0.9280	0.0506s	0.4830	0.9140	0.9138
111
0697	0.0435	1.0000	0.2741	0.9400	0.0506s	0.4036	0.9170	0.9171
112
0698	0.0369	1.0000	0.3164	0.9360	0.0508s	0.4127	0.9050	0.9047
113
0699	0.0486	1.0000	0.3437	0.9380	0.0511s	0.4447	0.9190	0.9186
114
0700	0.0248	1.0000	0.4078	0.9200	0.0510s	0.5531	0.9080	0.9077
115
0701	0.0504	0.9833	0.2614	0.9460	0.0505s	0.4280	0.9230	0.9230
116
0702	0.0303	1.0000	0.2859	0.9400	0.0506s	0.4075	0.9110	0.9109
117
0703	0.0299	1.0000	0.3439	0.9240	0.0507s	0.4389	0.9070	0.9065
118
0704	0.0381	1.0000	0.2848	0.9420	0.0507s	0.3996	0.9220	0.9218
119
0705	0.0212	1.0000	0.2802	0.9400	0.0505s	0.4397	0.9220	0.9220
120
0706	0.0202	1.0000	0.3292	0.9280	0.0507s	0.5007	0.9120	0.9121
121
0707	0.0443	1.0000	0.2881	0.9380	0.0506s	0.4289	0.9230	0.9228
122
0708	0.0240	1.0000	0.2976	0.9420	0.0506s	0.3958	0.9220	0.9218
123
0709	0.0237	1.0000	0.3229	0.9400	0.0508s	0.4074	0.9200	0.9196
124
0710	0.0344	0.9833	0.2898	0.9420	0.0531s	0.3901	0.9140	0.9139
125
0711	0.0229	1.0000	0.2676	0.9480	0.0522s	0.3986	0.9220	0.9220
126
0712	0.0224	1.0000	0.2874	0.9400	0.0522s	0.4367	0.9250	0.9249
127
0713	0.0321	1.0000	0.3357	0.9360	0.0557s	0.4661	0.9180	0.9177
128
0714	0.0293	1.0000	0.2888	0.9380	0.0513s	0.4092	0.9250	0.9249
129
0715	0.0184	1.0000	0.2857	0.9420	0.0517s	0.3843	0.9210	0.9209
130
0716	0.0243	1.0000	0.2961	0.9440	0.0506s	0.3825	0.9170	0.9169
131
0717	0.0233	1.0000	0.2943	0.9440	0.0507s	0.3824	0.9230	0.9229
132
0718	0.0225	1.0000	0.3055	0.9380	0.0505s	0.4068	0.9260	0.9259
133
0719	0.0281	0.9833	0.3099	0.9400	0.0504s	0.4360	0.9270	0.9269
134
0720	0.0200	1.0000	0.3040	0.9340	0.0504s	0.4377	0.9260	0.9259
135
0721	0.0299	1.0000	0.2826	0.9400	0.0508s	0.3968	0.9250	0.9250
136
0722	0.0211	1.0000	0.3070	0.9400	0.0506s	0.3768	0.9230	0.9229
137
0723	0.0332	0.9833	0.3288	0.9360	0.0506s	0.3884	0.9250	0.9248
138
0724	0.0274	0.9833	0.2821	0.9400	0.0508s	0.3956	0.9270	0.9269
139
0725	0.0239	1.0000	0.2858	0.9360	0.0507s	0.4149	0.9260	0.9259
140
0726	0.0243	1.0000	0.2974	0.9400	0.0502s	0.4001	0.9270	0.9269
141
0727	0.0221	1.0000	0.2996	0.9380	0.0503s	0.3736	0.9240	0.9239
142
0728	0.0206	1.0000	0.2974	0.9380	0.0508s	0.3630	0.9240	0.9239
143
0729	0.0265	1.0000	0.2935	0.9400	0.0510s	0.3779	0.9250	0.9249
144
0730	0.0220	1.0000	0.3014	0.9420	0.0509s	0.4063	0.9240	0.9239
145
0731	0.0301	0.9833	0.2816	0.9400	0.0508s	0.3979	0.9130	0.9133
146
0732	0.0459	0.9833	0.4977	0.8880	0.0508s	0.4986	0.8930	0.8901
147
0733	0.0714	1.0000	0.2975	0.9380	0.0512s	0.4072	0.9220	0.9219
148
0734	0.0287	1.0000	0.3367	0.9220	0.0501s	0.4990	0.8830	0.8838
149
0735	0.0579	1.0000	0.2941	0.9420	0.0503s	0.3991	0.9220	0.9218
150
0736	0.0222	1.0000	0.3882	0.9280	0.0498s	0.4276	0.9210	0.9200
151
0737	0.0293	1.0000	0.4089	0.9100	0.0513s	0.4286	0.9060	0.9043
152
0738	0.0329	1.0000	0.3222	0.9340	0.0508s	0.3727	0.9220	0.9215
153
0739	0.0244	1.0000	0.2736	0.9400	0.0512s	0.3672	0.9250	0.9249
154
0740	0.0274	1.0000	0.2761	0.9400	0.0507s	0.3963	0.9210	0.9209
155
0741	0.0287	0.9833	0.2803	0.9420	0.0514s	0.3883	0.9230	0.9228
156
0742	0.0227	1.0000	0.2939	0.9380	0.0507s	0.3805	0.9260	0.9258
157
0743	0.0228	1.0000	0.3170	0.9380	0.0514s	0.3863	0.9250	0.9246
158
0744	0.0218	1.0000	0.3139	0.9360	0.0511s	0.3796	0.9250	0.9246
159
0745	0.0233	1.0000	0.3012	0.9400	0.0506s	0.3787	0.9250	0.9247
160
0746	0.0228	1.0000	0.2809	0.9400	0.0504s	0.3804	0.9260	0.9258
161
0747	0.0230	1.0000	0.2767	0.9420	0.0505s	0.3982	0.9220	0.9218
162
0748	0.0224	1.0000	0.2818	0.9420	0.0505s	0.4036	0.9220	0.9218
163
0749	0.0235	1.0000	0.2751	0.9420	0.0506s	0.3817	0.9260	0.9258
164
0750	0.0249	1.0000	0.2799	0.9420	0.0510s	0.3717	0.9260	0.9258
165
0751	0.0196	1.0000	0.3052	0.9400	0.0507s	0.3889	0.9260	0.9257
166
0752	0.0232	1.0000	0.3027	0.9440	0.0508s	0.3986	0.9260	0.9258
167
0753	0.0207	1.0000	0.2733	0.9440	0.0518s	0.3817	0.9260	0.9258
168
0754	0.0202	1.0000	0.2689	0.9420	0.0511s	0.3827	0.9270	0.9269
169
0755	0.0249	1.0000	0.2884	0.9460	0.0505s	0.4020	0.9250	0.9248
170
0756	0.0242	1.0000	0.2916	0.9440	0.0510s	0.3914	0.9250	0.9248
171
0757	0.0244	1.0000	0.2918	0.9420	0.0508s	0.3676	0.9260	0.9258
172
0758	0.0232	1.0000	0.3017	0.9400	0.0510s	0.3757	0.9260	0.9258
173
0759	0.0293	1.0000	0.3038	0.9460	0.0506s	0.4090	0.9240	0.9238
174
0760	0.0278	1.0000	0.2617	0.9380	0.0513s	0.3751	0.9260	0.9259
175
0761	0.0347	0.9667	0.2939	0.9420	0.0511s	0.3747	0.9250	0.9248
176
0762	0.0248	1.0000	0.3475	0.9400	0.0508s	0.4083	0.9240	0.9236
177
0763	0.0278	1.0000	0.2931	0.9420	0.0507s	0.3702	0.9250	0.9248
178
0764	0.0266	1.0000	0.2667	0.9380	0.0506s	0.3723	0.9260	0.9260
179
0765	0.0357	1.0000	0.3393	0.9340	0.0507s	0.4545	0.9190	0.9189
180
0766	0.0362	1.0000	0.2940	0.9420	0.0505s	0.3774	0.9240	0.9238
181
0767	0.0236	1.0000	0.2940	0.9440	0.0506s	0.3610	0.9260	0.9258
182
0768	0.0306	1.0000	0.2944	0.9420	0.0512s	0.3736	0.9250	0.9248
183
0769	0.0260	1.0000	0.3204	0.9400	0.0506s	0.4358	0.9200	0.9198
184
0770	0.0268	1.0000	0.2841	0.9400	0.0503s	0.4144	0.9240	0.9239
185
0771	0.0234	1.0000	0.2774	0.9400	0.0504s	0.3803	0.9270	0.9269
186
0772	0.0298	0.9833	0.3951	0.9200	0.0504s	0.4362	0.9130	0.9117
187
0773	0.0340	1.0000	0.4038	0.9240	0.0506s	0.4547	0.9100	0.9086
188
0774	0.0361	1.0000	0.2943	0.9420	0.0505s	0.4181	0.9260	0.9259
189
0775	0.0284	1.0000	0.2862	0.9380	0.0506s	0.4275	0.9200	0.9199
190
0776	0.0465	0.9833	0.3407	0.9360	0.0506s	0.4229	0.9210	0.9206
191
0777	0.0303	0.9833	0.3482	0.9360	0.0504s	0.3947	0.9190	0.9184
192
0778	0.0341	1.0000	0.3143	0.9380	0.0507s	0.3752	0.9260	0.9256
193
0779	0.0318	1.0000	0.3052	0.9380	0.0505s	0.4228	0.9230	0.9228
194
0780	0.0259	0.9833	0.3175	0.9280	0.0505s	0.4640	0.9170	0.9170
195
0781	0.0249	1.0000	0.2985	0.9340	0.0508s	0.4380	0.9220	0.9219
196
0782	0.0296	1.0000	0.2953	0.9420	0.0511s	0.3877	0.9250	0.9248
197
0783	0.0241	1.0000	0.3267	0.9400	0.0505s	0.3880	0.9250	0.9246
198
0784	0.0290	1.0000	0.3402	0.9380	0.0504s	0.4023	0.9190	0.9184
199
Early stop! Min loss:0.21812456846237183,  Max accuracy:0.9520000000000001
Early stop model validation loss:0.21812456846237183,  accuracy:0.9460000000000001
Optimization Finished!
Total time elapsed: 40.1602s
test max acc:0.9310
Loading 127th epoch
stru_node_to_hop attention:tensor([[0.3338, 0.3330, 0.3332],
        [0.3333, 0.3333, 0.3334],
        [0.3333, 0.3333, 0.3334],
        [0.3314, 0.3343, 0.3343],
        [0.3333, 0.3333, 0.3333],
        [0.3302, 0.3356, 0.3343],
        [0.3324, 0.3339, 0.3337],
        [0.3333, 0.3334, 0.3334],
        [0.3333, 0.3334, 0.3334],
        [0.3335, 0.3333, 0.3333],
        [0.3333, 0.3333, 0.3333],
        [0.3333, 0.3333, 0.3333],
        [0.3325, 0.3337, 0.3338],
        [0.3333, 0.3333, 0.3333],
        [0.3333, 0.3333, 0.3334],
        [0.3332, 0.3334, 0.3334],
        [0.3333, 0.3333, 0.3333],
        [0.3312, 0.3343, 0.3345],
        [0.3333, 0.3333, 0.3334],
        [0.3333, 0.3333, 0.3333],
        [0.3329, 0.3336, 0.3335],
        [0.3333, 0.3333, 0.3333],
        [0.3342, 0.3320, 0.3339],
        [0.3333, 0.3333, 0.3333],
        [0.3335, 0.3330, 0.3335],
        [0.3333, 0.3333, 0.3333],
        [0.3334, 0.3333, 0.3333],
        [0.3300, 0.3329, 0.3371],
        [0.3333, 0.3333, 0.3333],
        [0.3330, 0.3334, 0.3336],
        [0.3326, 0.3339, 0.3335],
        [0.3333, 0.3333, 0.3333],
        [0.3273, 0.3357, 0.3370],
        [0.3263, 0.3352, 0.3385],
        [0.3305, 0.3343, 0.3352],
        [0.3332, 0.3334, 0.3334],
        [0.3333, 0.3333, 0.3333],
        [0.3341, 0.3331, 0.3328],
        [0.3319, 0.3342, 0.3339],
        [0.3384, 0.3310, 0.3306],
        [0.3333, 0.3333, 0.3333],
        [0.3309, 0.3347, 0.3344],
        [0.3333, 0.3333, 0.3333],
        [0.3333, 0.3333, 0.3334],
        [0.3322, 0.3341, 0.3337],
        [0.3332, 0.3334, 0.3334],
        [0.3333, 0.3332, 0.3335],
        [0.3330, 0.3335, 0.3335],
        [0.3272, 0.3368, 0.3360],
        [0.3336, 0.3332, 0.3332],
        [0.3333, 0.3333, 0.3334],
        [0.3422, 0.3281, 0.3296],
        [0.3333, 0.3333, 0.3333],
        [0.3333, 0.3333, 0.3333],
        [0.3333, 0.3333, 0.3333],
        [0.3333, 0.3333, 0.3333],
        [0.3307, 0.3341, 0.3351],
        [0.3322, 0.3335, 0.3343],
        [0.3304, 0.3346, 0.3350],
        [0.3333, 0.3333, 0.3333],
        [0.3333, 0.3333, 0.3333],
        [0.3333, 0.3333, 0.3333],
        [0.3336, 0.3332, 0.3332],
        [0.3322, 0.3339, 0.3339],
        [0.3333, 0.3333, 0.3333],
        [0.3333, 0.3334, 0.3334],
        [0.3282, 0.3346, 0.3372],
        [0.3333, 0.3333, 0.3333],
        [0.3289, 0.3361, 0.3350],
        [0.3332, 0.3334, 0.3334],
        [0.3254, 0.3381, 0.3366],
        [0.3197, 0.3384, 0.3419],
        [0.3333, 0.3333, 0.3333],
        [0.3333, 0.3333, 0.3333],
        [0.3333, 0.3333, 0.3333],
        [0.3333, 0.3334, 0.3333],
        [0.3333, 0.3333, 0.3333],
        [0.3333, 0.3333, 0.3333],
        [0.3333, 0.3333, 0.3333],
        [0.3333, 0.3333, 0.3333],
        [0.3290, 0.3354, 0.3356],
        [0.3390, 0.3321, 0.3288],
        [0.3333, 0.3333, 0.3334],
        [0.3333, 0.3334, 0.3334],
        [0.3325, 0.3340, 0.3335],
        [0.3332, 0.3334, 0.3334],
        [0.3333, 0.3333, 0.3333],
        [0.3331, 0.3334, 0.3334],
        [0.3335, 0.3333, 0.3333],
        [0.3333, 0.3333, 0.3333],
        [0.3333, 0.3333, 0.3334],
        [0.3316, 0.3340, 0.3344],
        [0.3333, 0.3333, 0.3333],
        [0.3333, 0.3333, 0.3333],
        [0.3323, 0.3333, 0.3344],
        [0.3332, 0.3337, 0.3331],
        [0.3333, 0.3333, 0.3333],
        [0.3331, 0.3335, 0.3334],
        [0.3333, 0.3333, 0.3333],
        [0.3333, 0.3333, 0.3333]], device='cuda:1')
fea_node_to_hop attention:tensor([[0.2004, 0.1999, 0.1999, 0.1999, 0.1999],
        [0.2000, 0.2000, 0.2000, 0.2000, 0.2000],
        [0.2000, 0.2000, 0.2000, 0.2000, 0.2000],
        [0.1988, 0.2000, 0.2004, 0.2004, 0.2003],
        [0.2000, 0.2000, 0.2000, 0.2000, 0.2000],
        [0.2011, 0.1993, 0.1998, 0.1998, 0.2000],
        [0.1994, 0.2000, 0.2003, 0.2002, 0.2001],
        [0.1999, 0.2001, 0.2001, 0.2000, 0.2000],
        [0.2000, 0.2000, 0.2000, 0.2000, 0.2000],
        [0.2000, 0.2000, 0.2000, 0.2000, 0.2000],
        [0.2000, 0.2000, 0.2000, 0.2000, 0.2000],
        [0.2000, 0.2000, 0.2000, 0.2000, 0.2000],
        [0.1993, 0.2002, 0.2003, 0.2002, 0.2001],
        [0.2000, 0.2000, 0.2000, 0.2000, 0.2000],
        [0.2000, 0.2000, 0.2000, 0.2000, 0.2000],
        [0.2006, 0.1995, 0.2000, 0.2000, 0.2000],
        [0.2000, 0.2000, 0.2000, 0.2000, 0.2000],
        [0.2002, 0.2005, 0.1997, 0.1998, 0.1998],
        [0.2000, 0.2000, 0.2000, 0.2000, 0.2000],
        [0.1995, 0.1998, 0.2003, 0.2002, 0.2003],
        [0.1996, 0.2002, 0.2001, 0.2001, 0.2000],
        [0.2000, 0.2000, 0.2000, 0.2000, 0.2000],
        [0.1988, 0.2002, 0.2004, 0.2004, 0.2003],
        [0.2000, 0.2000, 0.2000, 0.2000, 0.2000],
        [0.1989, 0.2009, 0.2003, 0.2001, 0.1999],
        [0.2000, 0.2000, 0.2000, 0.2000, 0.2000],
        [0.1998, 0.2000, 0.2001, 0.2001, 0.2000],
        [0.1975, 0.2005, 0.2009, 0.2007, 0.2003],
        [0.2000, 0.2000, 0.2000, 0.2000, 0.2000],
        [0.1996, 0.2003, 0.2001, 0.2000, 0.1999],
        [0.1994, 0.2008, 0.2001, 0.1999, 0.1998],
        [0.2000, 0.2000, 0.2000, 0.2000, 0.2000],
        [0.1949, 0.2046, 0.2021, 0.2001, 0.1983],
        [0.1911, 0.2044, 0.2019, 0.2016, 0.2010],
        [0.2004, 0.2001, 0.1999, 0.1999, 0.1998],
        [0.1999, 0.2000, 0.2001, 0.2000, 0.2000],
        [0.2000, 0.2000, 0.2000, 0.2000, 0.2000],
        [0.2005, 0.2000, 0.2000, 0.1998, 0.1997],
        [0.2007, 0.1987, 0.2006, 0.2001, 0.2000],
        [0.2000, 0.2005, 0.2002, 0.1997, 0.1995],
        [0.2000, 0.2000, 0.2000, 0.2000, 0.2000],
        [0.2020, 0.1981, 0.2000, 0.1999, 0.2000],
        [0.2000, 0.2000, 0.2000, 0.2000, 0.2000],
        [0.2000, 0.2000, 0.2000, 0.2000, 0.2000],
        [0.1962, 0.2012, 0.2013, 0.2009, 0.2004],
        [0.1968, 0.2010, 0.2010, 0.2008, 0.2005],
        [0.1998, 0.2001, 0.2002, 0.2000, 0.2000],
        [0.1999, 0.2002, 0.2000, 0.2000, 0.1999],
        [0.1978, 0.2004, 0.2007, 0.2006, 0.2005],
        [0.1998, 0.2001, 0.2001, 0.2000, 0.1999],
        [0.2001, 0.2000, 0.2000, 0.1999, 0.1999],
        [0.1974, 0.1998, 0.2010, 0.2010, 0.2007],
        [0.2000, 0.2000, 0.2000, 0.2000, 0.2000],
        [0.2000, 0.2000, 0.2000, 0.2000, 0.2000],
        [0.2000, 0.2000, 0.2000, 0.2000, 0.2000],
        [0.2000, 0.2000, 0.2000, 0.2000, 0.2000],
        [0.1974, 0.2010, 0.2006, 0.2006, 0.2004],
        [0.1966, 0.2008, 0.2010, 0.2009, 0.2007],
        [0.1995, 0.2005, 0.2002, 0.2000, 0.1998],
        [0.2000, 0.2000, 0.2000, 0.2000, 0.2000],
        [0.2000, 0.2000, 0.2000, 0.2000, 0.2000],
        [0.2000, 0.2000, 0.2000, 0.2000, 0.2000],
        [0.1997, 0.2001, 0.2003, 0.2001, 0.1999],
        [0.1992, 0.2004, 0.2002, 0.2001, 0.2000],
        [0.1999, 0.2001, 0.2000, 0.2000, 0.2000],
        [0.2000, 0.2000, 0.2000, 0.2000, 0.2000],
        [0.1915, 0.2005, 0.2021, 0.2028, 0.2030],
        [0.2000, 0.1999, 0.2000, 0.2000, 0.2000],
        [0.1970, 0.2009, 0.2009, 0.2007, 0.2005],
        [0.2000, 0.2000, 0.2000, 0.2000, 0.2000],
        [0.1987, 0.2001, 0.1997, 0.2006, 0.2009],
        [0.1900, 0.2046, 0.2034, 0.2019, 0.2000],
        [0.2002, 0.1996, 0.1999, 0.2000, 0.2003],
        [0.2000, 0.2000, 0.2000, 0.2000, 0.2000],
        [0.2000, 0.2000, 0.2000, 0.2000, 0.2000],
        [0.2000, 0.2000, 0.2000, 0.2000, 0.2000],
        [0.2000, 0.2000, 0.2000, 0.2000, 0.2000],
        [0.2005, 0.1989, 0.2006, 0.2001, 0.1999],
        [0.1991, 0.2006, 0.2002, 0.2001, 0.2000],
        [0.1999, 0.2000, 0.2000, 0.2000, 0.2000],
        [0.1969, 0.2009, 0.2009, 0.2008, 0.2006],
        [0.2027, 0.1980, 0.1999, 0.1997, 0.1997],
        [0.2000, 0.2001, 0.2000, 0.2000, 0.2000],
        [0.1999, 0.2002, 0.2000, 0.2000, 0.1999],
        [0.1965, 0.2007, 0.2011, 0.2010, 0.2007],
        [0.2000, 0.2000, 0.2000, 0.2000, 0.2000],
        [0.1999, 0.2001, 0.2000, 0.2000, 0.2000],
        [0.1997, 0.1996, 0.2008, 0.2001, 0.1997],
        [0.2001, 0.2000, 0.2000, 0.2000, 0.2000],
        [0.2000, 0.2000, 0.2000, 0.2000, 0.2000],
        [0.1999, 0.2000, 0.2000, 0.2000, 0.2000],
        [0.1993, 0.2004, 0.2003, 0.2001, 0.1999],
        [0.2000, 0.2000, 0.2000, 0.2000, 0.2000],
        [0.2000, 0.2000, 0.2000, 0.2000, 0.2000],
        [0.1936, 0.2014, 0.2014, 0.2018, 0.2018],
        [0.2014, 0.1989, 0.1999, 0.1998, 0.2000],
        [0.1999, 0.2001, 0.2000, 0.2000, 0.2000],
        [0.1998, 0.2002, 0.2001, 0.2000, 0.2000],
        [0.2051, 0.2008, 0.1979, 0.1981, 0.1981],
        [0.1997, 0.2006, 0.2001, 0.1999, 0.1996]], device='cuda:1')
perception attention:tensor([0.3655, 0.6345], device='cuda:1')
Test set results: loss= 0.3044 accuracy= 0.9270 F1_score= 0.9269
