# epoch	loss_train	acc_train	loss_val	acc_val	time	acc_test	f1_test
0001	1.1004	0.3500	0.9750	0.6880	0.0515s	0.9790	0.6720	0.6364
0
0002	0.8771	0.8833	0.7489	0.8340	0.0507s	0.7530	0.8090	0.8056
0
0003	0.5702	0.9667	0.5275	0.8800	0.0508s	0.5398	0.8740	0.8709
0
0004	0.3494	0.9667	0.3802	0.9020	0.0505s	0.4236	0.8630	0.8645
0
0005	0.2256	1.0000	0.2963	0.9140	0.0508s	0.3383	0.8900	0.8897
0
0006	0.1664	1.0000	0.2558	0.9160	0.0507s	0.2948	0.8910	0.8906
0
0007	0.1174	1.0000	0.2525	0.9140	0.0507s	0.2888	0.8960	0.8951
0
0008	0.0900	0.9833	0.2542	0.9160	0.0509s	0.2933	0.8980	0.8971
0
0009	0.1143	0.9667	0.2572	0.9160	0.0506s	0.3040	0.8980	0.8973
0
0010	0.0686	1.0000	0.2555	0.9240	0.0508s	0.3187	0.9000	0.8998
0
0011	0.0672	1.0000	0.2565	0.9260	0.0507s	0.3443	0.8910	0.8916
0
0012	0.0640	1.0000	0.2689	0.9180	0.0508s	0.3507	0.8950	0.8952
0
0013	0.0547	1.0000	0.2918	0.9200	0.0505s	0.3564	0.9030	0.9026
1
0014	0.0468	0.9833	0.3400	0.9200	0.0506s	0.3867	0.9030	0.9019
2
0015	0.0666	0.9667	0.2985	0.9240	0.0803s	0.3712	0.9040	0.9038
3
0016	0.0432	0.9833	0.2962	0.9240	0.0642s	0.3901	0.8960	0.8965
4
0017	0.0516	1.0000	0.2981	0.9220	0.0596s	0.3843	0.9040	0.9040
5
0018	0.0599	0.9833	0.3291	0.9300	0.0599s	0.3933	0.9080	0.9077
6
0019	0.0436	1.0000	0.3622	0.9220	0.0597s	0.4149	0.9100	0.9095
0
0020	0.0525	0.9833	0.3098	0.9280	0.0599s	0.3800	0.9060	0.9058
1
0021	0.0441	1.0000	0.3306	0.9300	0.0600s	0.4189	0.8960	0.8963
2
0022	0.0597	0.9667	0.3138	0.9320	0.0601s	0.3920	0.9050	0.9051
0
0023	0.0430	0.9833	0.3283	0.9220	0.0599s	0.3765	0.9120	0.9116
0
0024	0.0421	1.0000	0.3344	0.9260	0.0599s	0.3839	0.9130	0.9126
1
0025	0.0295	1.0000	0.3450	0.9280	0.0612s	0.3968	0.9110	0.9105
2
0026	0.0468	0.9833	0.3212	0.9320	0.0598s	0.3758	0.9120	0.9116
3
0027	0.0455	1.0000	0.3190	0.9220	0.0599s	0.3584	0.9120	0.9117
0
0028	0.0434	0.9833	0.3238	0.9220	0.0598s	0.3568	0.9120	0.9116
1
0029	0.0361	1.0000	0.3180	0.9220	0.0584s	0.3521	0.9170	0.9166
2
0030	0.0424	1.0000	0.2880	0.9260	0.0534s	0.3545	0.9210	0.9209
3
0031	0.0490	1.0000	0.2814	0.9260	0.0516s	0.3591	0.9210	0.9210
4
0032	0.0382	1.0000	0.2827	0.9300	0.0511s	0.3451	0.9200	0.9199
5
0033	0.0388	1.0000	0.3116	0.9280	0.0509s	0.3422	0.9180	0.9176
6
0034	0.0441	1.0000	0.3247	0.9280	0.0509s	0.3490	0.9180	0.9176
7
0035	0.0450	1.0000	0.2736	0.9240	0.0510s	0.3284	0.9200	0.9197
8
0036	0.0461	1.0000	0.2642	0.9280	0.0513s	0.3580	0.9160	0.9160
9
0037	0.0446	0.9833	0.2684	0.9320	0.0510s	0.3642	0.9120	0.9120
10
0038	0.0394	1.0000	0.2645	0.9320	0.0506s	0.3369	0.9200	0.9200
0
0039	0.0412	1.0000	0.2895	0.9260	0.0506s	0.3229	0.9200	0.9196
0
0040	0.0477	1.0000	0.2936	0.9280	0.0508s	0.3244	0.9160	0.9156
1
0041	0.0420	1.0000	0.2650	0.9280	0.0507s	0.3121	0.9220	0.9217
2
0042	0.0331	1.0000	0.2608	0.9340	0.0508s	0.3386	0.9200	0.9199
3
0043	0.0396	1.0000	0.2464	0.9280	0.0507s	0.3382	0.9160	0.9160
0
0044	0.0586	1.0000	0.2425	0.9340	0.0506s	0.3053	0.9170	0.9170
0
0045	0.0451	1.0000	0.3294	0.9240	0.0502s	0.3493	0.9190	0.9181
0
0046	0.0562	1.0000	0.3140	0.9280	0.0505s	0.3383	0.9220	0.9213
1
0047	0.0444	0.9833	0.2375	0.9380	0.0506s	0.3128	0.9140	0.9141
2
0048	0.0531	0.9833	0.2300	0.9340	0.0507s	0.3099	0.9220	0.9219
0
0049	0.0320	1.0000	0.2646	0.9280	0.0505s	0.3315	0.9230	0.9227
0
0050	0.0509	0.9833	0.2334	0.9380	0.0505s	0.3061	0.9180	0.9180
1
0051	0.0439	1.0000	0.2373	0.9400	0.0507s	0.3091	0.9180	0.9179
0
0052	0.0463	1.0000	0.2807	0.9260	0.0527s	0.3487	0.9220	0.9217
0
0053	0.0464	0.9667	0.2395	0.9320	0.0507s	0.3356	0.9200	0.9199
1
0054	0.0393	1.0000	0.2338	0.9360	0.0509s	0.3525	0.9120	0.9123
2
0055	0.0559	0.9667	0.2372	0.9380	0.0507s	0.3179	0.9200	0.9199
3
0056	0.0444	0.9833	0.3195	0.9240	0.0507s	0.3685	0.9150	0.9141
4
0057	0.0491	0.9833	0.2486	0.9340	0.0506s	0.3268	0.9210	0.9208
5
0058	0.0305	1.0000	0.2223	0.9440	0.0506s	0.3377	0.9150	0.9152
6
0059	0.0325	1.0000	0.2213	0.9440	0.0506s	0.3425	0.9160	0.9161
0
0060	0.0453	1.0000	0.2477	0.9320	0.0505s	0.3412	0.9180	0.9178
0
0061	0.0358	1.0000	0.2838	0.9300	0.0505s	0.3461	0.9210	0.9205
1
0062	0.0344	1.0000	0.2647	0.9360	0.0504s	0.3268	0.9210	0.9206
2
0063	0.0323	1.0000	0.2324	0.9400	0.0504s	0.3135	0.9200	0.9199
3
0064	0.0373	1.0000	0.2251	0.9400	0.0506s	0.3262	0.9200	0.9200
4
0065	0.0350	1.0000	0.2357	0.9380	0.0508s	0.3318	0.9230	0.9229
5
0066	0.0402	0.9833	0.2334	0.9380	0.0506s	0.3063	0.9240	0.9239
6
0067	0.0437	1.0000	0.2565	0.9380	0.0513s	0.3092	0.9240	0.9237
7
0068	0.0404	1.0000	0.2481	0.9320	0.0507s	0.3187	0.9250	0.9248
8
0069	0.0331	1.0000	0.2296	0.9420	0.0505s	0.3254	0.9210	0.9209
9
0070	0.0407	1.0000	0.2122	0.9440	0.0505s	0.3029	0.9230	0.9230
10
0071	0.0416	1.0000	0.2399	0.9420	0.0512s	0.2929	0.9250	0.9248
0
0072	0.0351	1.0000	0.3019	0.9300	0.0506s	0.3382	0.9200	0.9192
1
0073	0.0418	1.0000	0.2227	0.9400	0.0505s	0.2942	0.9240	0.9238
2
0074	0.0350	0.9833	0.2153	0.9460	0.0510s	0.2994	0.9220	0.9220
3
0075	0.0394	1.0000	0.2351	0.9360	0.0507s	0.3128	0.9210	0.9209
0
0076	0.0339	1.0000	0.2542	0.9340	0.0507s	0.3118	0.9250	0.9248
1
0077	0.0350	1.0000	0.2422	0.9420	0.0505s	0.2893	0.9260	0.9259
2
0078	0.0369	1.0000	0.2295	0.9400	0.0507s	0.2898	0.9250	0.9249
3
0079	0.0349	1.0000	0.2636	0.9360	0.0509s	0.3413	0.9170	0.9168
4
0080	0.0505	0.9833	0.2254	0.9440	0.0509s	0.3058	0.9240	0.9240
5
0081	0.0342	0.9833	0.2370	0.9420	0.0527s	0.3031	0.9210	0.9210
6
0082	0.0389	1.0000	0.3040	0.9300	0.0504s	0.3357	0.9230	0.9225
7
0083	0.0364	1.0000	0.3057	0.9300	0.0506s	0.3479	0.9220	0.9216
8
0084	0.0426	1.0000	0.2316	0.9440	0.0505s	0.3213	0.9200	0.9200
9
0085	0.0484	0.9833	0.2360	0.9420	0.0509s	0.3162	0.9200	0.9200
10
0086	0.0394	1.0000	0.3056	0.9260	0.0514s	0.3448	0.9210	0.9206
11
0087	0.0392	1.0000	0.2968	0.9260	0.0510s	0.3399	0.9210	0.9206
12
0088	0.0444	0.9833	0.2345	0.9400	0.0514s	0.3315	0.9180	0.9181
13
0089	0.0474	1.0000	0.2361	0.9440	0.0520s	0.3477	0.9200	0.9200
14
0090	0.0383	1.0000	0.2593	0.9340	0.0516s	0.3331	0.9210	0.9208
15
0091	0.0315	1.0000	0.2691	0.9340	0.0514s	0.3164	0.9230	0.9227
16
0092	0.0305	1.0000	0.2586	0.9340	0.0509s	0.3118	0.9210	0.9209
17
0093	0.0389	1.0000	0.2408	0.9420	0.0507s	0.3202	0.9230	0.9229
18
0094	0.0336	1.0000	0.2541	0.9380	0.0505s	0.3416	0.9220	0.9218
19
0095	0.0247	1.0000	0.2494	0.9420	0.0505s	0.3276	0.9240	0.9238
20
0096	0.0404	0.9833	0.2623	0.9360	0.0501s	0.3163	0.9220	0.9217
21
0097	0.0297	1.0000	0.2605	0.9360	0.0505s	0.3123	0.9220	0.9217
22
0098	0.0302	1.0000	0.2440	0.9420	0.0506s	0.3146	0.9230	0.9229
23
0099	0.0318	1.0000	0.2472	0.9420	0.0848s	0.3218	0.9240	0.9238
24
0100	0.0299	1.0000	0.2374	0.9420	0.0659s	0.3124	0.9230	0.9229
25
0101	0.0260	1.0000	0.2403	0.9420	0.0613s	0.3103	0.9230	0.9228
26
0102	0.0303	1.0000	0.2478	0.9400	0.0599s	0.3099	0.9250	0.9248
27
0103	0.0350	1.0000	0.2315	0.9420	0.0595s	0.3035	0.9240	0.9239
28
0104	0.0304	1.0000	0.2415	0.9420	0.0598s	0.3186	0.9240	0.9238
29
0105	0.0293	1.0000	0.2308	0.9420	0.0601s	0.3022	0.9230	0.9229
30
0106	0.0301	1.0000	0.2410	0.9420	0.0598s	0.2969	0.9250	0.9248
31
0107	0.0332	1.0000	0.2575	0.9380	0.0600s	0.3151	0.9250	0.9247
32
0108	0.0295	1.0000	0.2380	0.9420	0.0599s	0.3094	0.9240	0.9238
33
0109	0.0316	1.0000	0.2270	0.9440	0.0600s	0.3075	0.9250	0.9249
34
0110	0.0381	1.0000	0.2719	0.9380	0.0598s	0.3357	0.9230	0.9227
35
0111	0.0348	1.0000	0.2462	0.9380	0.0600s	0.2990	0.9230	0.9229
36
0112	0.0353	1.0000	0.2361	0.9420	0.0599s	0.3098	0.9250	0.9248
37
0113	0.0339	1.0000	0.2548	0.9400	0.0600s	0.3275	0.9240	0.9238
38
0114	0.0324	1.0000	0.2585	0.9360	0.0602s	0.3052	0.9240	0.9238
39
0115	0.0337	1.0000	0.2395	0.9420	0.0595s	0.3063	0.9260	0.9259
40
0116	0.0338	1.0000	0.2566	0.9400	0.0545s	0.3466	0.9240	0.9238
41
0117	0.0291	1.0000	0.2629	0.9420	0.0521s	0.3377	0.9220	0.9218
42
0118	0.0275	1.0000	0.2546	0.9360	0.0516s	0.3103	0.9220	0.9219
43
0119	0.0334	1.0000	0.2450	0.9400	0.0502s	0.3164	0.9240	0.9238
44
0120	0.0283	1.0000	0.3280	0.9340	0.0528s	0.4128	0.9160	0.9154
45
0121	0.0416	1.0000	0.2593	0.9380	0.0513s	0.3495	0.9240	0.9238
46
0122	0.0243	1.0000	0.2468	0.9380	0.0508s	0.3169	0.9210	0.9210
47
0123	0.0308	1.0000	0.2622	0.9400	0.0507s	0.3125	0.9230	0.9228
48
0124	0.0301	1.0000	0.2875	0.9380	0.0504s	0.3569	0.9200	0.9197
49
0125	0.0342	1.0000	0.2435	0.9380	0.0510s	0.3304	0.9270	0.9269
50
0126	0.0301	1.0000	0.2470	0.9380	0.0516s	0.3190	0.9270	0.9269
51
0127	0.0282	1.0000	0.2807	0.9380	0.0510s	0.3430	0.9210	0.9207
52
0128	0.0322	1.0000	0.2716	0.9380	0.0507s	0.3162	0.9230	0.9228
53
0129	0.0286	1.0000	0.2522	0.9400	0.0510s	0.3075	0.9240	0.9239
54
0130	0.0247	1.0000	0.2476	0.9400	0.0507s	0.3204	0.9250	0.9249
55
0131	0.0252	1.0000	0.2721	0.9400	0.0505s	0.3478	0.9210	0.9207
56
0132	0.0342	1.0000	0.2586	0.9400	0.0509s	0.3038	0.9260	0.9258
57
0133	0.0236	1.0000	0.2584	0.9400	0.0506s	0.3038	0.9240	0.9239
58
0134	0.0321	1.0000	0.2685	0.9400	0.0509s	0.3400	0.9220	0.9217
59
0135	0.0287	1.0000	0.2527	0.9400	0.0509s	0.3367	0.9230	0.9228
60
0136	0.0292	0.9833	0.2675	0.9340	0.0507s	0.3272	0.9150	0.9151
61
0137	0.0433	1.0000	0.2806	0.9420	0.0508s	0.3226	0.9230	0.9227
62
0138	0.0350	0.9833	0.2798	0.9380	0.0512s	0.3521	0.9220	0.9217
63
0139	0.0279	1.0000	0.2437	0.9380	0.0505s	0.3416	0.9230	0.9229
64
0140	0.0341	1.0000	0.2466	0.9400	0.0505s	0.3169	0.9270	0.9269
65
0141	0.0286	1.0000	0.2684	0.9380	0.0507s	0.3237	0.9230	0.9228
66
0142	0.0294	1.0000	0.2462	0.9420	0.0511s	0.3172	0.9250	0.9248
67
0143	0.0274	1.0000	0.2378	0.9420	0.0508s	0.3283	0.9240	0.9239
68
0144	0.0490	0.9833	0.3493	0.9260	0.0512s	0.3866	0.9200	0.9189
69
0145	0.0566	0.9833	0.2469	0.9420	0.0514s	0.3165	0.9240	0.9239
70
0146	0.0222	1.0000	0.2517	0.9420	0.0519s	0.3491	0.9220	0.9220
71
0147	0.0317	1.0000	0.2642	0.9340	0.0512s	0.3660	0.9220	0.9218
72
0148	0.0318	1.0000	0.2898	0.9320	0.0509s	0.3430	0.9190	0.9187
73
0149	0.0363	1.0000	0.2628	0.9440	0.0504s	0.3226	0.9230	0.9229
74
0150	0.0383	1.0000	0.2518	0.9400	0.0508s	0.3673	0.9200	0.9199
75
0151	0.0289	1.0000	0.2817	0.9360	0.0505s	0.3979	0.9190	0.9188
76
0152	0.0387	1.0000	0.2641	0.9420	0.0506s	0.3257	0.9250	0.9249
77
0153	0.0288	1.0000	0.2904	0.9340	0.0509s	0.3455	0.9140	0.9140
78
0154	0.0515	1.0000	0.3048	0.9320	0.0507s	0.3933	0.9190	0.9187
79
0155	0.0440	0.9833	0.2575	0.9400	0.0506s	0.3803	0.9220	0.9219
80
0156	0.0298	1.0000	0.2538	0.9380	0.0506s	0.3616	0.9180	0.9181
81
0157	0.0315	1.0000	0.2688	0.9380	0.0506s	0.3361	0.9250	0.9248
82
0158	0.0360	1.0000	0.3194	0.9340	0.0507s	0.3809	0.9190	0.9183
83
0159	0.0336	1.0000	0.2755	0.9420	0.0505s	0.3762	0.9210	0.9208
84
0160	0.0247	1.0000	0.2501	0.9400	0.0510s	0.3776	0.9210	0.9210
85
0161	0.0297	1.0000	0.2469	0.9400	0.0506s	0.3627	0.9240	0.9240
86
0162	0.0315	1.0000	0.2832	0.9360	0.0507s	0.3562	0.9190	0.9187
87
0163	0.0212	1.0000	0.3310	0.9340	0.0506s	0.3838	0.9190	0.9182
88
0164	0.0410	1.0000	0.2718	0.9380	0.0508s	0.3524	0.9200	0.9197
89
0165	0.0222	1.0000	0.2455	0.9380	0.0512s	0.3599	0.9240	0.9240
90
0166	0.0317	1.0000	0.2659	0.9420	0.0507s	0.3769	0.9210	0.9209
91
0167	0.0333	1.0000	0.2990	0.9360	0.0505s	0.3745	0.9220	0.9217
92
0168	0.0227	1.0000	0.2887	0.9320	0.0505s	0.3538	0.9210	0.9206
93
0169	0.0280	1.0000	0.2506	0.9400	0.0504s	0.3383	0.9220	0.9219
94
0170	0.0228	1.0000	0.2420	0.9380	0.0513s	0.3567	0.9210	0.9209
95
0171	0.0345	0.9833	0.3018	0.9380	0.0508s	0.3889	0.9190	0.9186
96
0172	0.0308	1.0000	0.3068	0.9380	0.0506s	0.3677	0.9230	0.9226
97
0173	0.0374	1.0000	0.2573	0.9440	0.0506s	0.3431	0.9190	0.9190
98
0174	0.0382	1.0000	0.2488	0.9380	0.0505s	0.3769	0.9200	0.9200
99
0175	0.0307	1.0000	0.3022	0.9400	0.0505s	0.4148	0.9150	0.9148
100
0176	0.0336	1.0000	0.2876	0.9360	0.0505s	0.3550	0.9210	0.9206
101
0177	0.0233	1.0000	0.2855	0.9360	0.0526s	0.3445	0.9170	0.9166
102
0178	0.0379	1.0000	0.2464	0.9440	0.0589s	0.3576	0.9210	0.9210
103
0179	0.0289	1.0000	0.2657	0.9400	0.0536s	0.4004	0.9170	0.9170
104
0180	0.0343	1.0000	0.2807	0.9400	0.0512s	0.3796	0.9200	0.9198
105
0181	0.0390	1.0000	0.2934	0.9380	0.0541s	0.3489	0.9140	0.9137
106
0182	0.0551	0.9833	0.2854	0.9380	0.0511s	0.3474	0.9210	0.9206
107
0183	0.0286	1.0000	0.2884	0.9400	0.0508s	0.3976	0.9200	0.9197
108
0184	0.0253	1.0000	0.2676	0.9380	0.0504s	0.4083	0.9160	0.9159
109
0185	0.0404	1.0000	0.2421	0.9480	0.0512s	0.3513	0.9170	0.9171
110
0186	0.0406	0.9833	0.3027	0.9340	0.0506s	0.3606	0.9220	0.9215
0
0187	0.0309	1.0000	0.3797	0.9220	0.0506s	0.4228	0.9090	0.9074
1
0188	0.0487	1.0000	0.2576	0.9420	0.0509s	0.3583	0.9210	0.9208
2
0189	0.0216	1.0000	0.2561	0.9460	0.0511s	0.4084	0.9160	0.9161
3
0190	0.0433	1.0000	0.2821	0.9400	0.0504s	0.4134	0.9160	0.9159
4
0191	0.0316	1.0000	0.2779	0.9400	0.0508s	0.3698	0.9230	0.9227
5
0192	0.0268	1.0000	0.2803	0.9400	0.0503s	0.3454	0.9200	0.9195
6
0193	0.0336	1.0000	0.2786	0.9400	0.0508s	0.3444	0.9170	0.9166
7
0194	0.0307	1.0000	0.2702	0.9400	0.0505s	0.3512	0.9240	0.9237
8
0195	0.0224	1.0000	0.2850	0.9400	0.0507s	0.3923	0.9180	0.9177
9
0196	0.0303	1.0000	0.2413	0.9480	0.0508s	0.3643	0.9190	0.9190
10
0197	0.0310	1.0000	0.2384	0.9460	0.0506s	0.3469	0.9230	0.9230
0
0198	0.0223	1.0000	0.2609	0.9380	0.0505s	0.3443	0.9260	0.9257
1
0199	0.0225	1.0000	0.3027	0.9360	0.0507s	0.3708	0.9230	0.9224
2
0200	0.0270	1.0000	0.2550	0.9420	0.0507s	0.3348	0.9250	0.9248
3
0201	0.0222	1.0000	0.2396	0.9460	0.0506s	0.3392	0.9240	0.9239
4
0202	0.0198	1.0000	0.2562	0.9440	0.0504s	0.3633	0.9230	0.9229
5
0203	0.0224	1.0000	0.2661	0.9460	0.0508s	0.3637	0.9240	0.9239
6
0204	0.0293	1.0000	0.2564	0.9400	0.0506s	0.3306	0.9250	0.9247
7
0205	0.0242	1.0000	0.2529	0.9460	0.0505s	0.3236	0.9260	0.9258
8
0206	0.0266	1.0000	0.2714	0.9440	0.0505s	0.3599	0.9250	0.9249
9
0207	0.0247	0.9833	0.2423	0.9440	0.0505s	0.3425	0.9210	0.9209
10
0208	0.0216	1.0000	0.2423	0.9460	0.0508s	0.3395	0.9200	0.9199
11
0209	0.0224	1.0000	0.2610	0.9440	0.0505s	0.3427	0.9240	0.9238
12
0210	0.0264	1.0000	0.2495	0.9440	0.0507s	0.3244	0.9230	0.9229
13
0211	0.0263	1.0000	0.2463	0.9440	0.0522s	0.3359	0.9200	0.9199
14
0212	0.0255	1.0000	0.2518	0.9460	0.0505s	0.3415	0.9220	0.9219
15
0213	0.0294	1.0000	0.2447	0.9440	0.0506s	0.3270	0.9220	0.9219
16
0214	0.0315	1.0000	0.2782	0.9400	0.0507s	0.3587	0.9220	0.9218
17
0215	0.0420	1.0000	0.2503	0.9480	0.0506s	0.3268	0.9200	0.9199
18
0216	0.0263	1.0000	0.2482	0.9440	0.0505s	0.3387	0.9210	0.9209
0
0217	0.0255	1.0000	0.2732	0.9440	0.0505s	0.3821	0.9210	0.9209
1
0218	0.0332	1.0000	0.2435	0.9460	0.0505s	0.3407	0.9210	0.9209
2
0219	0.0281	1.0000	0.2852	0.9420	0.0505s	0.3580	0.9200	0.9197
3
0220	0.0255	1.0000	0.2715	0.9440	0.0506s	0.3727	0.9220	0.9219
4
0221	0.0234	1.0000	0.2445	0.9440	0.0505s	0.3697	0.9220	0.9220
5
0222	0.0262	1.0000	0.2629	0.9460	0.0508s	0.3553	0.9210	0.9209
6
0223	0.0216	1.0000	0.2864	0.9420	0.0503s	0.3547	0.9190	0.9188
7
0224	0.0337	1.0000	0.2488	0.9440	0.0505s	0.3560	0.9200	0.9201
8
0225	0.0334	1.0000	0.2761	0.9440	0.0505s	0.3752	0.9200	0.9199
9
0226	0.0305	1.0000	0.2772	0.9420	0.0508s	0.3552	0.9200	0.9198
10
0227	0.0252	1.0000	0.2564	0.9460	0.0504s	0.3434	0.9210	0.9210
11
0228	0.0244	1.0000	0.2602	0.9440	0.0506s	0.3701	0.9220	0.9219
12
0229	0.0187	1.0000	0.2735	0.9460	0.0505s	0.3952	0.9190	0.9189
13
0230	0.0240	1.0000	0.2554	0.9440	0.0513s	0.3579	0.9220	0.9219
14
0231	0.0283	1.0000	0.2566	0.9480	0.0506s	0.3492	0.9170	0.9170
15
0232	0.0266	1.0000	0.2721	0.9440	0.0509s	0.3670	0.9190	0.9188
0
0233	0.0256	1.0000	0.2642	0.9440	0.0504s	0.3855	0.9190	0.9189
1
0234	0.0247	1.0000	0.2426	0.9460	0.0550s	0.3643	0.9210	0.9210
2
0235	0.0217	1.0000	0.2562	0.9440	0.0551s	0.3614	0.9210	0.9209
3
0236	0.0247	1.0000	0.2696	0.9440	0.0519s	0.3771	0.9200	0.9199
4
0237	0.0217	1.0000	0.2524	0.9440	0.0511s	0.3777	0.9210	0.9209
5
0238	0.0224	1.0000	0.2452	0.9500	0.0505s	0.3591	0.9220	0.9220
6
0239	0.0235	1.0000	0.2747	0.9440	0.0501s	0.3624	0.9200	0.9199
0
0240	0.0263	1.0000	0.2518	0.9440	0.0508s	0.3692	0.9200	0.9199
1
0241	0.0280	1.0000	0.2543	0.9440	0.0508s	0.3703	0.9200	0.9199
2
0242	0.0272	1.0000	0.2620	0.9440	0.0506s	0.3467	0.9200	0.9199
3
0243	0.0327	1.0000	0.2669	0.9440	0.0498s	0.3540	0.9200	0.9199
4
0244	0.0250	1.0000	0.2676	0.9440	0.0505s	0.3899	0.9190	0.9189
5
0245	0.0351	0.9833	0.2635	0.9400	0.0498s	0.3731	0.9140	0.9142
6
0246	0.0359	1.0000	0.3074	0.9420	0.0508s	0.3760	0.9190	0.9187
7
0247	0.0309	0.9833	0.3065	0.9460	0.0507s	0.3901	0.9190	0.9188
8
0248	0.0283	1.0000	0.2722	0.9360	0.0509s	0.3929	0.9120	0.9123
9
0249	0.0423	0.9833	0.2777	0.9440	0.0509s	0.3708	0.9190	0.9189
10
0250	0.0272	1.0000	0.3258	0.9420	0.0509s	0.3861	0.9190	0.9184
11
0251	0.0337	1.0000	0.2745	0.9460	0.0505s	0.3577	0.9200	0.9199
12
0252	0.0282	1.0000	0.2618	0.9460	0.0505s	0.3849	0.9220	0.9221
13
0253	0.0335	1.0000	0.3100	0.9400	0.0508s	0.4093	0.9190	0.9188
14
0254	0.0261	1.0000	0.3333	0.9380	0.0505s	0.3988	0.9160	0.9154
15
0255	0.0303	1.0000	0.2800	0.9480	0.0505s	0.3580	0.9180	0.9180
16
0256	0.0315	1.0000	0.2588	0.9440	0.0519s	0.3842	0.9220	0.9220
17
0257	0.0272	1.0000	0.3095	0.9400	0.0499s	0.4467	0.9200	0.9198
18
0258	0.0273	0.9833	0.3026	0.9400	0.0505s	0.4148	0.9200	0.9198
19
0259	0.0330	1.0000	0.2841	0.9400	0.0505s	0.3681	0.9180	0.9180
20
0260	0.0378	1.0000	0.2564	0.9460	0.0506s	0.3787	0.9220	0.9220
21
0261	0.0260	1.0000	0.3307	0.9360	0.0506s	0.4578	0.9180	0.9177
22
0262	0.0330	1.0000	0.3368	0.9360	0.0506s	0.4255	0.9190	0.9185
23
0263	0.0323	1.0000	0.2785	0.9460	0.0510s	0.3538	0.9190	0.9190
24
0264	0.0252	1.0000	0.2835	0.9420	0.0505s	0.3705	0.9160	0.9162
25
0265	0.0315	1.0000	0.2769	0.9460	0.0505s	0.3819	0.9220	0.9219
26
0266	0.0273	0.9833	0.3521	0.9340	0.0507s	0.4535	0.9190	0.9186
27
0267	0.0302	1.0000	0.2990	0.9460	0.0507s	0.3960	0.9210	0.9209
28
0268	0.0208	1.0000	0.2661	0.9460	0.0505s	0.3638	0.9210	0.9210
29
0269	0.0265	1.0000	0.2613	0.9460	0.0505s	0.3729	0.9190	0.9191
30
0270	0.0260	1.0000	0.2829	0.9440	0.0505s	0.3861	0.9240	0.9239
31
0271	0.0191	1.0000	0.3227	0.9420	0.0506s	0.4213	0.9200	0.9197
32
0272	0.0306	0.9833	0.2753	0.9440	0.0505s	0.3742	0.9210	0.9209
33
0273	0.0242	1.0000	0.2583	0.9460	0.0510s	0.3699	0.9180	0.9181
34
0274	0.0261	1.0000	0.2671	0.9440	0.0499s	0.3797	0.9210	0.9209
35
0275	0.0210	1.0000	0.2896	0.9460	0.0506s	0.4004	0.9220	0.9219
36
0276	0.0305	1.0000	0.2605	0.9420	0.0507s	0.3799	0.9220	0.9220
37
0277	0.0216	1.0000	0.2497	0.9480	0.0508s	0.3678	0.9210	0.9210
38
0278	0.0308	1.0000	0.2664	0.9380	0.0504s	0.3574	0.9200	0.9199
39
0279	0.0277	1.0000	0.2874	0.9420	0.0507s	0.3925	0.9210	0.9208
40
0280	0.0296	1.0000	0.2465	0.9420	0.0506s	0.3860	0.9210	0.9210
41
0281	0.0322	0.9833	0.2511	0.9480	0.0511s	0.3546	0.9200	0.9200
42
0282	0.0260	1.0000	0.2784	0.9420	0.0507s	0.3679	0.9180	0.9177
43
0283	0.0258	1.0000	0.2739	0.9440	0.0508s	0.4061	0.9190	0.9189
44
0284	0.0309	1.0000	0.2639	0.9400	0.0506s	0.4220	0.9090	0.9094
45
0285	0.0685	0.9833	0.6689	0.8300	0.0509s	0.6625	0.8490	0.8410
46
0286	0.1775	0.9167	0.6890	0.8080	0.0507s	0.9168	0.7840	0.7766
47
0287	0.2374	0.9500	0.5545	0.8760	0.0504s	0.5831	0.8830	0.8786
48
0288	0.0756	1.0000	1.9004	0.6540	0.0505s	1.6905	0.6900	0.6687
49
0289	0.4696	0.8333	0.3657	0.9140	0.0505s	0.5700	0.8880	0.8885
50
0290	0.0663	0.9833	2.1083	0.6920	0.0506s	2.4031	0.6610	0.6210
51
0291	0.4756	0.8833	0.9918	0.8040	0.0509s	1.2844	0.7700	0.7568
52
0292	0.0852	1.0000	0.4317	0.8920	0.0507s	0.6817	0.8680	0.8672
53
0293	0.0844	0.9500	0.2843	0.9380	0.0515s	0.4461	0.9040	0.9042
54
0294	0.0477	1.0000	0.2708	0.9420	0.0508s	0.3424	0.9200	0.9198
55
0295	0.0274	1.0000	0.3430	0.9100	0.0838s	0.3559	0.9050	0.9039
56
0296	0.0345	1.0000	0.4872	0.8780	0.0660s	0.4597	0.8660	0.8644
57
0297	0.0671	1.0000	0.5836	0.8560	0.0612s	0.5348	0.8450	0.8416
58
0298	0.0769	0.9333	0.6163	0.8460	0.0595s	0.5627	0.8490	0.8427
59
0299	0.0728	1.0000	0.6292	0.8500	0.0598s	0.5757	0.8560	0.8482
60
0300	0.0585	1.0000	0.5990	0.8700	0.0601s	0.5538	0.8670	0.8600
61
0301	0.0454	1.0000	0.5251	0.8820	0.0601s	0.4936	0.8820	0.8770
62
0302	0.0353	1.0000	0.4526	0.8860	0.0600s	0.4364	0.8980	0.8946
63
0303	0.0407	1.0000	0.3805	0.8960	0.0600s	0.3811	0.9090	0.9072
64
0304	0.0359	1.0000	0.3267	0.9200	0.0598s	0.3429	0.9180	0.9170
65
0305	0.0335	1.0000	0.2939	0.9280	0.0597s	0.3260	0.9210	0.9206
66
0306	0.0320	1.0000	0.2791	0.9300	0.0600s	0.3289	0.9150	0.9150
67
0307	0.0330	1.0000	0.2672	0.9360	0.0595s	0.3338	0.9180	0.9180
68
0308	0.0411	1.0000	0.2674	0.9440	0.0598s	0.3517	0.9200	0.9199
69
0309	0.0280	1.0000	0.2940	0.9360	0.0577s	0.3902	0.9170	0.9169
70
0310	0.0360	0.9833	0.3123	0.9280	0.0527s	0.4157	0.9140	0.9138
71
0311	0.0372	1.0000	0.2981	0.9360	0.0515s	0.4073	0.9130	0.9129
72
0312	0.0282	1.0000	0.2788	0.9400	0.0507s	0.3918	0.9150	0.9149
73
0313	0.0378	1.0000	0.2563	0.9440	0.0509s	0.3701	0.9150	0.9151
74
0314	0.0346	1.0000	0.2525	0.9460	0.0505s	0.3642	0.9130	0.9131
75
0315	0.0269	1.0000	0.2534	0.9480	0.0507s	0.3610	0.9150	0.9151
76
0316	0.0327	1.0000	0.2634	0.9480	0.0506s	0.3648	0.9200	0.9199
77
0317	0.0316	1.0000	0.2881	0.9460	0.0507s	0.3800	0.9200	0.9198
78
0318	0.0320	1.0000	0.3059	0.9440	0.0505s	0.3878	0.9190	0.9187
79
0319	0.0265	1.0000	0.3076	0.9420	0.0580s	0.3810	0.9210	0.9207
80
0320	0.0273	1.0000	0.2984	0.9400	0.0503s	0.3635	0.9260	0.9257
81
0321	0.0336	1.0000	0.2978	0.9380	0.0507s	0.3541	0.9280	0.9277
82
0322	0.0356	0.9833	0.2975	0.9400	0.0506s	0.3463	0.9280	0.9276
83
0323	0.0333	1.0000	0.3065	0.9320	0.0505s	0.3501	0.9260	0.9256
84
0324	0.0286	1.0000	0.3225	0.9300	0.0507s	0.3632	0.9250	0.9245
85
0325	0.0302	1.0000	0.3446	0.9320	0.0508s	0.3850	0.9210	0.9203
86
0326	0.0265	1.0000	0.3523	0.9300	0.0506s	0.3942	0.9190	0.9182
87
0327	0.0322	1.0000	0.3274	0.9320	0.0506s	0.3721	0.9240	0.9235
88
0328	0.0334	1.0000	0.3022	0.9320	0.0508s	0.3513	0.9230	0.9225
89
0329	0.0347	1.0000	0.2865	0.9360	0.0505s	0.3426	0.9280	0.9277
90
0330	0.0290	1.0000	0.2875	0.9340	0.0507s	0.3521	0.9250	0.9247
91
0331	0.0302	1.0000	0.2889	0.9420	0.0504s	0.3633	0.9260	0.9257
92
0332	0.0276	1.0000	0.2828	0.9440	0.0507s	0.3668	0.9250	0.9247
93
0333	0.0253	1.0000	0.2650	0.9440	0.0507s	0.3575	0.9230	0.9228
94
0334	0.0281	1.0000	0.2526	0.9480	0.0507s	0.3519	0.9210	0.9208
95
0335	0.0310	1.0000	0.2452	0.9460	0.0507s	0.3484	0.9210	0.9208
96
0336	0.0275	1.0000	0.2386	0.9460	0.0508s	0.3415	0.9200	0.9198
97
0337	0.0268	1.0000	0.2495	0.9460	0.0512s	0.3513	0.9220	0.9218
98
0338	0.0301	1.0000	0.2687	0.9480	0.0507s	0.3670	0.9200	0.9197
99
0339	0.0260	1.0000	0.2659	0.9440	0.0508s	0.3595	0.9210	0.9208
100
0340	0.0342	0.9833	0.2484	0.9420	0.0505s	0.3348	0.9220	0.9218
101
0341	0.0244	1.0000	0.2520	0.9420	0.0507s	0.3327	0.9230	0.9228
102
0342	0.0317	1.0000	0.2745	0.9380	0.0517s	0.3508	0.9250	0.9247
103
0343	0.0299	1.0000	0.2868	0.9380	0.0506s	0.3581	0.9260	0.9257
104
0344	0.0311	0.9833	0.2737	0.9400	0.0508s	0.3425	0.9260	0.9257
105
0345	0.0243	1.0000	0.2692	0.9400	0.0506s	0.3389	0.9260	0.9257
106
0346	0.0297	1.0000	0.2789	0.9380	0.0506s	0.3523	0.9250	0.9247
107
0347	0.0292	1.0000	0.2772	0.9400	0.0506s	0.3555	0.9240	0.9237
108
0348	0.0294	1.0000	0.2503	0.9440	0.0513s	0.3331	0.9220	0.9218
109
0349	0.0284	1.0000	0.2465	0.9460	0.0503s	0.3339	0.9230	0.9228
110
0350	0.0253	1.0000	0.2622	0.9460	0.0508s	0.3536	0.9220	0.9217
111
0351	0.0267	1.0000	0.2719	0.9440	0.0508s	0.3665	0.9230	0.9227
112
0352	0.0261	1.0000	0.2421	0.9480	0.0507s	0.3391	0.9230	0.9228
113
0353	0.0309	1.0000	0.2449	0.9480	0.0506s	0.3415	0.9230	0.9228
114
0354	0.0359	1.0000	0.2853	0.9440	0.0507s	0.3774	0.9230	0.9227
115
0355	0.0344	1.0000	0.2576	0.9460	0.0508s	0.3436	0.9240	0.9238
116
0356	0.0263	1.0000	0.2465	0.9440	0.0507s	0.3301	0.9230	0.9228
117
0357	0.0292	1.0000	0.2743	0.9440	0.0505s	0.3569	0.9230	0.9228
118
0358	0.0280	0.9833	0.2765	0.9460	0.0505s	0.3624	0.9230	0.9228
119
0359	0.0220	1.0000	0.2597	0.9460	0.0507s	0.3470	0.9240	0.9238
120
0360	0.0280	1.0000	0.2495	0.9440	0.0505s	0.3399	0.9240	0.9238
121
0361	0.0273	1.0000	0.2710	0.9460	0.0506s	0.3643	0.9250	0.9248
122
0362	0.0233	1.0000	0.2832	0.9460	0.0507s	0.3773	0.9240	0.9238
123
0363	0.0272	1.0000	0.2505	0.9440	0.0510s	0.3423	0.9240	0.9238
124
0364	0.0317	1.0000	0.2526	0.9440	0.0505s	0.3415	0.9240	0.9238
125
0365	0.0255	1.0000	0.2900	0.9440	0.0507s	0.3781	0.9240	0.9237
126
0366	0.0352	1.0000	0.2585	0.9420	0.0508s	0.3416	0.9250	0.9248
127
0367	0.0283	1.0000	0.2557	0.9420	0.0508s	0.3362	0.9240	0.9238
128
0368	0.0306	1.0000	0.2771	0.9420	0.0505s	0.3581	0.9260	0.9257
129
0369	0.0278	1.0000	0.2877	0.9440	0.0530s	0.3739	0.9250	0.9247
130
0370	0.0288	1.0000	0.2588	0.9440	0.0527s	0.3464	0.9280	0.9278
131
0371	0.0274	1.0000	0.2436	0.9440	0.0526s	0.3331	0.9260	0.9258
132
0372	0.0264	1.0000	0.2586	0.9460	0.0534s	0.3548	0.9270	0.9268
133
0373	0.0266	1.0000	0.2815	0.9460	0.0533s	0.3804	0.9250	0.9247
134
0374	0.0256	1.0000	0.2491	0.9440	0.0518s	0.3449	0.9280	0.9278
135
0375	0.0194	1.0000	0.2383	0.9460	0.0509s	0.3307	0.9270	0.9268
136
0376	0.0259	1.0000	0.2530	0.9460	0.0509s	0.3461	0.9290	0.9288
137
0377	0.0245	0.9833	0.2888	0.9460	0.0508s	0.3841	0.9250	0.9247
138
0378	0.0269	1.0000	0.2645	0.9460	0.0508s	0.3552	0.9280	0.9278
139
0379	0.0222	1.0000	0.2413	0.9500	0.0506s	0.3251	0.9290	0.9288
140
0380	0.0353	1.0000	0.2589	0.9440	0.0508s	0.3409	0.9290	0.9288
0
0381	0.0209	1.0000	0.2950	0.9420	0.0505s	0.3778	0.9250	0.9247
1
0382	0.0307	1.0000	0.2455	0.9480	0.0510s	0.3250	0.9290	0.9288
2
0383	0.0303	1.0000	0.2477	0.9460	0.0506s	0.3351	0.9290	0.9289
3
0384	0.0275	1.0000	0.2804	0.9420	0.0507s	0.3718	0.9290	0.9288
4
0385	0.0268	1.0000	0.2602	0.9460	0.0506s	0.3521	0.9280	0.9278
5
0386	0.0244	1.0000	0.2423	0.9500	0.0506s	0.3284	0.9270	0.9269
6
0387	0.0277	1.0000	0.2657	0.9440	0.0513s	0.3544	0.9280	0.9278
0
0388	0.0289	1.0000	0.2700	0.9440	0.0506s	0.3549	0.9280	0.9279
1
0389	0.0324	1.0000	0.2577	0.9420	0.0507s	0.3335	0.9280	0.9279
2
0390	0.0262	1.0000	0.2805	0.9440	0.0507s	0.3582	0.9270	0.9268
3
0391	0.0260	1.0000	0.3036	0.9420	0.0506s	0.3843	0.9270	0.9268
4
0392	0.0277	1.0000	0.2536	0.9460	0.0506s	0.3366	0.9280	0.9279
5
0393	0.0236	1.0000	0.2502	0.9480	0.0506s	0.3399	0.9280	0.9279
6
0394	0.0294	1.0000	0.2911	0.9440	0.0509s	0.3840	0.9270	0.9269
7
0395	0.0238	1.0000	0.2917	0.9440	0.0513s	0.3793	0.9270	0.9269
8
0396	0.0273	1.0000	0.2598	0.9440	0.0506s	0.3419	0.9280	0.9279
9
0397	0.0287	1.0000	0.2727	0.9440	0.0507s	0.3553	0.9270	0.9269
10
0398	0.0277	1.0000	0.2955	0.9440	0.0505s	0.3764	0.9270	0.9269
11
0399	0.0264	1.0000	0.2748	0.9440	0.0506s	0.3588	0.9270	0.9269
12
0400	0.0213	1.0000	0.2647	0.9440	0.0507s	0.3523	0.9270	0.9269
13
0401	0.0231	1.0000	0.2795	0.9440	0.0505s	0.3723	0.9270	0.9269
14
0402	0.0225	1.0000	0.2776	0.9440	0.0506s	0.3721	0.9280	0.9278
15
0403	0.0252	1.0000	0.2579	0.9440	0.0506s	0.3498	0.9260	0.9259
16
0404	0.0221	1.0000	0.2581	0.9440	0.0506s	0.3454	0.9260	0.9259
17
0405	0.0254	1.0000	0.2648	0.9440	0.0510s	0.3490	0.9270	0.9269
18
0406	0.0229	1.0000	0.2736	0.9440	0.0511s	0.3565	0.9280	0.9278
19
0407	0.0238	1.0000	0.2814	0.9440	0.0508s	0.3633	0.9280	0.9278
20
0408	0.0252	1.0000	0.2598	0.9440	0.0507s	0.3383	0.9270	0.9269
21
0409	0.0243	1.0000	0.2655	0.9440	0.0509s	0.3451	0.9280	0.9278
22
0410	0.0218	1.0000	0.2841	0.9420	0.0511s	0.3682	0.9270	0.9268
23
0411	0.0244	1.0000	0.2621	0.9440	0.0507s	0.3543	0.9270	0.9268
24
0412	0.0240	1.0000	0.2480	0.9420	0.0508s	0.3432	0.9260	0.9259
25
0413	0.0266	1.0000	0.2941	0.9420	0.0508s	0.3821	0.9270	0.9268
26
0414	0.0288	1.0000	0.2684	0.9440	0.0507s	0.3499	0.9270	0.9268
27
0415	0.0224	1.0000	0.2685	0.9420	0.0505s	0.3437	0.9270	0.9268
28
0416	0.0266	1.0000	0.3185	0.9420	0.0504s	0.3922	0.9250	0.9248
29
0417	0.0231	1.0000	0.2981	0.9420	0.0508s	0.3792	0.9270	0.9268
30
0418	0.0247	1.0000	0.2576	0.9440	0.0509s	0.3432	0.9220	0.9220
31
0419	0.0351	1.0000	0.2783	0.9420	0.0508s	0.3605	0.9270	0.9268
32
0420	0.0251	1.0000	0.3284	0.9420	0.0507s	0.4088	0.9220	0.9218
33
0421	0.0314	1.0000	0.2734	0.9420	0.0507s	0.3532	0.9270	0.9268
34
0422	0.0239	1.0000	0.2668	0.9400	0.0508s	0.3474	0.9280	0.9279
35
0423	0.0300	1.0000	0.3332	0.9420	0.0506s	0.4151	0.9230	0.9228
36
0424	0.0230	1.0000	0.3373	0.9420	0.0506s	0.4195	0.9230	0.9228
37
0425	0.0324	1.0000	0.2698	0.9380	0.0512s	0.3551	0.9230	0.9230
38
0426	0.0268	1.0000	0.2703	0.9400	0.0506s	0.3558	0.9230	0.9230
39
0427	0.0300	1.0000	0.3220	0.9420	0.0504s	0.4089	0.9240	0.9238
40
0428	0.0225	1.0000	0.3661	0.9380	0.0508s	0.4522	0.9190	0.9187
41
0429	0.0562	0.9833	0.3032	0.9360	0.0509s	0.3772	0.9130	0.9131
42
0430	0.0396	0.9833	0.3036	0.9360	0.0507s	0.3752	0.9150	0.9150
43
0431	0.0401	1.0000	0.3536	0.9380	0.0507s	0.4416	0.9200	0.9197
44
0432	0.0276	1.0000	0.3892	0.9340	0.0505s	0.4959	0.9210	0.9207
45
0433	0.0355	1.0000	0.2771	0.9400	0.0503s	0.3858	0.9280	0.9279
46
0434	0.0270	1.0000	0.2897	0.9380	0.0506s	0.3937	0.9170	0.9171
47
0435	0.0332	1.0000	0.2906	0.9380	0.0507s	0.3761	0.9230	0.9230
48
0436	0.0287	1.0000	0.3314	0.9400	0.0511s	0.4088	0.9240	0.9237
49
0437	0.0250	1.0000	0.3783	0.9380	0.0507s	0.4625	0.9180	0.9177
50
0438	0.0270	1.0000	0.3420	0.9380	0.0505s	0.4436	0.9180	0.9178
51
0439	0.0249	1.0000	0.2869	0.9380	0.0506s	0.4045	0.9290	0.9289
52
0440	0.0208	1.0000	0.2734	0.9380	0.0504s	0.3945	0.9260	0.9260
53
0441	0.0238	1.0000	0.2799	0.9420	0.0507s	0.3881	0.9260	0.9260
54
0442	0.0264	1.0000	0.3030	0.9380	0.0510s	0.3937	0.9270	0.9269
55
0443	0.0216	1.0000	0.3283	0.9380	0.0507s	0.4115	0.9250	0.9248
56
0444	0.0262	0.9833	0.3136	0.9380	0.0508s	0.3962	0.9260	0.9259
57
0445	0.0214	1.0000	0.2866	0.9420	0.0506s	0.3803	0.9290	0.9289
58
0446	0.0211	1.0000	0.2736	0.9420	0.0504s	0.3852	0.9290	0.9289
59
0447	0.0268	1.0000	0.2840	0.9380	0.0509s	0.4047	0.9270	0.9268
60
0448	0.0240	1.0000	0.3125	0.9380	0.0506s	0.4200	0.9260	0.9258
61
0449	0.0306	1.0000	0.2912	0.9380	0.0507s	0.3739	0.9270	0.9269
62
0450	0.0280	0.9833	0.2910	0.9440	0.0507s	0.3608	0.9230	0.9230
63
0451	0.0274	1.0000	0.2792	0.9420	0.0509s	0.3602	0.9270	0.9269
64
0452	0.0227	1.0000	0.2969	0.9360	0.0510s	0.3974	0.9270	0.9268
65
0453	0.0260	1.0000	0.2799	0.9380	0.0508s	0.3911	0.9250	0.9249
66
0454	0.0264	1.0000	0.2598	0.9480	0.0506s	0.3613	0.9270	0.9270
67
0455	0.0244	1.0000	0.2685	0.9440	0.0507s	0.3529	0.9280	0.9280
68
0456	0.0244	1.0000	0.2947	0.9380	0.0506s	0.3678	0.9260	0.9259
69
0457	0.0204	1.0000	0.3041	0.9360	0.0508s	0.3785	0.9270	0.9269
70
0458	0.0304	0.9833	0.2679	0.9420	0.0507s	0.3537	0.9270	0.9269
71
0459	0.0205	1.0000	0.2551	0.9420	0.0507s	0.3574	0.9280	0.9279
72
0460	0.0234	1.0000	0.2825	0.9360	0.0507s	0.3878	0.9260	0.9259
73
0461	0.0275	1.0000	0.2948	0.9380	0.0507s	0.3905	0.9250	0.9249
74
0462	0.0219	1.0000	0.2648	0.9420	0.0507s	0.3508	0.9280	0.9279
75
0463	0.0209	1.0000	0.2667	0.9420	0.0508s	0.3458	0.9290	0.9289
76
0464	0.0268	1.0000	0.3046	0.9360	0.0507s	0.3801	0.9260	0.9259
77
0465	0.0224	1.0000	0.2928	0.9360	0.0506s	0.3734	0.9260	0.9259
78
0466	0.0241	1.0000	0.2606	0.9420	0.0507s	0.3468	0.9290	0.9289
79
0467	0.0250	1.0000	0.2695	0.9380	0.0505s	0.3501	0.9270	0.9269
80
0468	0.0199	1.0000	0.2987	0.9360	0.0508s	0.3690	0.9260	0.9259
81
0469	0.0236	0.9833	0.2844	0.9380	0.0511s	0.3521	0.9260	0.9259
82
0470	0.0220	1.0000	0.2731	0.9380	0.0506s	0.3551	0.9250	0.9249
83
0471	0.0210	1.0000	0.2781	0.9380	0.0505s	0.3648	0.9250	0.9249
84
0472	0.0180	1.0000	0.2781	0.9380	0.0508s	0.3636	0.9250	0.9249
85
0473	0.0231	1.0000	0.2833	0.9380	0.0505s	0.3527	0.9250	0.9249
86
0474	0.0277	1.0000	0.2922	0.9400	0.0507s	0.3589	0.9260	0.9259
87
0475	0.0188	1.0000	0.2753	0.9400	0.0507s	0.3526	0.9250	0.9249
88
0476	0.0202	1.0000	0.2643	0.9380	0.0520s	0.3469	0.9250	0.9249
89
0477	0.0199	1.0000	0.2777	0.9400	0.0509s	0.3613	0.9250	0.9249
90
0478	0.0245	1.0000	0.2840	0.9400	0.0507s	0.3536	0.9250	0.9249
91
0479	0.0253	1.0000	0.2768	0.9380	0.0506s	0.3325	0.9250	0.9249
92
0480	0.0288	1.0000	0.3001	0.9380	0.0511s	0.3594	0.9260	0.9259
93
0481	0.0209	1.0000	0.2738	0.9400	0.0507s	0.3459	0.9250	0.9249
94
0482	0.0200	1.0000	0.2534	0.9380	0.0510s	0.3352	0.9270	0.9269
95
0483	0.0253	1.0000	0.2926	0.9360	0.0506s	0.3725	0.9260	0.9259
96
0484	0.0237	1.0000	0.2997	0.9380	0.0508s	0.3646	0.9260	0.9259
97
0485	0.0295	0.9833	0.2838	0.9440	0.0512s	0.3452	0.9140	0.9141
98
0486	0.0423	1.0000	0.2863	0.9400	0.0505s	0.3545	0.9250	0.9249
99
0487	0.0258	1.0000	0.3038	0.9360	0.0507s	0.3899	0.9230	0.9229
100
0488	0.0236	1.0000	0.2627	0.9380	0.0511s	0.3562	0.9250	0.9249
101
0489	0.0204	1.0000	0.2597	0.9440	0.0513s	0.3480	0.9250	0.9250
102
0490	0.0289	1.0000	0.2984	0.9400	0.0507s	0.3710	0.9260	0.9259
103
0491	0.0292	1.0000	0.2947	0.9400	0.0507s	0.3640	0.9260	0.9259
104
0492	0.0264	1.0000	0.2684	0.9420	0.0507s	0.3526	0.9250	0.9249
105
0493	0.0264	1.0000	0.2671	0.9380	0.0506s	0.3794	0.9250	0.9249
106
0494	0.0230	1.0000	0.2782	0.9400	0.0509s	0.3881	0.9260	0.9259
107
0495	0.0329	1.0000	0.2793	0.9460	0.0519s	0.3506	0.9210	0.9210
108
0496	0.0385	1.0000	0.2950	0.9400	0.0500s	0.3507	0.9250	0.9249
109
0497	0.0269	1.0000	0.3313	0.9380	0.0507s	0.4151	0.9250	0.9248
110
0498	0.0282	1.0000	0.2678	0.9400	0.0506s	0.3856	0.9260	0.9259
111
0499	0.0237	1.0000	0.2558	0.9440	0.0506s	0.3633	0.9250	0.9250
112
0500	0.0309	1.0000	0.2923	0.9400	0.0508s	0.3751	0.9260	0.9259
113
0501	0.0173	1.0000	0.3367	0.9400	0.0507s	0.4060	0.9250	0.9248
114
0502	0.0259	1.0000	0.2854	0.9380	0.0506s	0.3646	0.9250	0.9249
115
0503	0.0235	1.0000	0.2597	0.9440	0.0505s	0.3640	0.9260	0.9259
116
0504	0.0218	1.0000	0.2648	0.9380	0.0506s	0.3895	0.9260	0.9259
117
0505	0.0197	1.0000	0.2950	0.9400	0.0507s	0.4126	0.9250	0.9249
118
0506	0.0244	1.0000	0.2673	0.9420	0.0506s	0.3653	0.9260	0.9259
119
0507	0.0250	1.0000	0.2802	0.9420	0.0507s	0.3587	0.9260	0.9259
120
0508	0.0240	1.0000	0.2911	0.9400	0.0506s	0.3876	0.9260	0.9259
121
0509	0.0266	1.0000	0.2727	0.9400	0.0504s	0.3900	0.9260	0.9259
122
0510	0.0199	1.0000	0.2509	0.9400	0.0510s	0.3723	0.9270	0.9269
123
0511	0.0260	1.0000	0.2723	0.9400	0.0507s	0.3778	0.9260	0.9259
124
0512	0.0176	1.0000	0.3005	0.9400	0.0506s	0.3843	0.9260	0.9259
125
0513	0.0250	1.0000	0.2667	0.9440	0.0507s	0.3456	0.9260	0.9260
126
0514	0.0275	1.0000	0.2708	0.9400	0.0506s	0.3614	0.9260	0.9259
127
0515	0.0222	1.0000	0.2838	0.9400	0.0508s	0.3815	0.9260	0.9259
128
0516	0.0204	1.0000	0.2717	0.9400	0.0509s	0.3679	0.9260	0.9259
129
0517	0.0210	1.0000	0.2568	0.9420	0.0507s	0.3454	0.9280	0.9279
130
0518	0.0250	1.0000	0.2965	0.9420	0.0506s	0.3646	0.9260	0.9259
131
0519	0.0207	1.0000	0.3110	0.9400	0.0506s	0.3828	0.9260	0.9259
132
0520	0.0196	1.0000	0.2657	0.9400	0.0507s	0.3545	0.9260	0.9259
133
0521	0.0223	1.0000	0.2574	0.9400	0.0511s	0.3448	0.9270	0.9269
134
0522	0.0291	1.0000	0.2780	0.9420	0.0514s	0.3551	0.9260	0.9259
135
0523	0.0184	1.0000	0.2920	0.9420	0.0507s	0.3644	0.9260	0.9259
136
0524	0.0207	1.0000	0.2660	0.9400	0.0505s	0.3460	0.9260	0.9259
137
0525	0.0189	1.0000	0.2661	0.9400	0.0507s	0.3523	0.9260	0.9259
138
0526	0.0201	1.0000	0.2827	0.9420	0.0507s	0.3670	0.9260	0.9259
139
0527	0.0229	1.0000	0.2786	0.9420	0.0505s	0.3518	0.9260	0.9259
140
0528	0.0242	1.0000	0.2859	0.9420	0.0507s	0.3484	0.9260	0.9259
141
0529	0.0233	1.0000	0.2768	0.9420	0.0506s	0.3531	0.9260	0.9259
142
0530	0.0257	1.0000	0.2533	0.9400	0.0508s	0.3467	0.9270	0.9269
143
0531	0.0238	1.0000	0.2861	0.9400	0.0506s	0.3757	0.9260	0.9259
144
0532	0.0242	1.0000	0.2845	0.9420	0.0505s	0.3582	0.9260	0.9259
145
0533	0.0222	1.0000	0.2682	0.9400	0.0505s	0.3356	0.9270	0.9269
146
0534	0.0271	1.0000	0.2977	0.9400	0.0507s	0.3692	0.9260	0.9259
147
0535	0.0282	1.0000	0.2575	0.9400	0.0512s	0.3518	0.9260	0.9259
148
0536	0.0203	1.0000	0.2644	0.9420	0.0506s	0.3675	0.9260	0.9259
149
0537	0.0264	0.9833	0.2641	0.9400	0.0507s	0.3499	0.9260	0.9259
150
0538	0.0230	1.0000	0.2953	0.9420	0.0507s	0.3678	0.9260	0.9259
151
0539	0.0210	1.0000	0.2861	0.9420	0.0506s	0.3650	0.9260	0.9259
152
0540	0.0211	1.0000	0.2569	0.9380	0.0506s	0.3494	0.9270	0.9269
153
0541	0.0240	1.0000	0.2945	0.9400	0.0508s	0.3913	0.9260	0.9259
154
0542	0.0209	1.0000	0.2779	0.9420	0.0507s	0.3802	0.9260	0.9259
155
0543	0.0234	1.0000	0.2646	0.9420	0.0506s	0.3521	0.9220	0.9220
156
0544	0.0296	1.0000	0.3006	0.9420	0.0507s	0.3643	0.9260	0.9259
157
0545	0.0203	1.0000	0.3460	0.9400	0.0506s	0.4062	0.9230	0.9229
158
0546	0.0293	1.0000	0.2790	0.9380	0.0505s	0.3523	0.9260	0.9259
159
0547	0.0205	1.0000	0.2642	0.9380	0.0508s	0.3593	0.9250	0.9249
160
0548	0.0221	0.9833	0.3039	0.9400	0.0506s	0.3967	0.9260	0.9259
161
0549	0.0241	1.0000	0.2785	0.9420	0.0507s	0.3656	0.9260	0.9259
162
0550	0.0217	1.0000	0.2826	0.9400	0.0504s	0.3537	0.9260	0.9259
163
0551	0.0204	1.0000	0.2969	0.9420	0.0506s	0.3680	0.9260	0.9259
164
0552	0.0210	1.0000	0.2720	0.9420	0.0504s	0.3647	0.9260	0.9259
165
0553	0.0180	1.0000	0.2638	0.9420	0.0506s	0.3666	0.9260	0.9259
166
0554	0.0209	1.0000	0.2843	0.9420	0.0502s	0.3746	0.9260	0.9259
167
0555	0.0233	1.0000	0.2650	0.9400	0.0512s	0.3467	0.9270	0.9269
168
0556	0.0252	1.0000	0.2864	0.9420	0.0507s	0.3636	0.9260	0.9259
169
0557	0.0250	1.0000	0.2942	0.9400	0.0505s	0.3752	0.9260	0.9259
170
0558	0.0222	1.0000	0.2594	0.9420	0.0501s	0.3569	0.9260	0.9259
171
0559	0.0254	1.0000	0.2570	0.9420	0.0512s	0.3490	0.9260	0.9259
172
0560	0.0189	1.0000	0.2741	0.9420	0.0512s	0.3573	0.9260	0.9259
173
0561	0.0218	1.0000	0.2703	0.9420	0.0507s	0.3442	0.9260	0.9259
174
0562	0.0219	1.0000	0.2559	0.9400	0.0503s	0.3411	0.9260	0.9259
175
0563	0.0219	1.0000	0.2873	0.9400	0.0507s	0.3728	0.9260	0.9259
176
0564	0.0267	1.0000	0.2555	0.9400	0.0498s	0.3385	0.9270	0.9269
177
0565	0.0273	1.0000	0.3026	0.9400	0.0549s	0.3728	0.9260	0.9259
178
0566	0.0237	1.0000	0.2808	0.9420	0.0552s	0.3522	0.9260	0.9259
179
0567	0.0225	1.0000	0.2562	0.9400	0.0529s	0.3419	0.9270	0.9269
180
0568	0.0228	1.0000	0.3133	0.9400	0.0565s	0.3999	0.9230	0.9229
181
0569	0.0208	1.0000	0.2997	0.9380	0.0508s	0.3896	0.9250	0.9249
182
0570	0.0256	1.0000	0.2755	0.9380	0.0508s	0.3565	0.9200	0.9201
183
0571	0.0423	1.0000	0.3401	0.9400	0.0507s	0.4192	0.9200	0.9198
184
0572	0.0374	0.9833	0.2757	0.9420	0.0507s	0.3639	0.9260	0.9259
185
0573	0.0227	1.0000	0.2677	0.9400	0.0505s	0.3514	0.9270	0.9269
186
0574	0.0212	1.0000	0.2982	0.9400	0.0509s	0.3772	0.9260	0.9259
187
0575	0.0286	1.0000	0.2800	0.9420	0.0508s	0.3752	0.9260	0.9259
188
0576	0.0188	1.0000	0.2704	0.9420	0.0506s	0.3692	0.9260	0.9259
189
0577	0.0228	1.0000	0.2695	0.9420	0.0507s	0.3757	0.9260	0.9259
190
0578	0.0240	1.0000	0.2592	0.9400	0.0507s	0.3662	0.9250	0.9249
191
0579	0.0190	1.0000	0.2829	0.9420	0.0507s	0.3749	0.9260	0.9259
192
0580	0.0279	1.0000	0.2841	0.9400	0.0506s	0.3763	0.9260	0.9259
193
0581	0.0195	1.0000	0.2700	0.9400	0.0508s	0.3721	0.9270	0.9269
194
0582	0.0188	1.0000	0.2629	0.9400	0.0506s	0.3786	0.9270	0.9269
195
0583	0.0175	1.0000	0.2642	0.9400	0.0506s	0.3740	0.9270	0.9269
196
0584	0.0217	1.0000	0.2854	0.9400	0.0505s	0.3587	0.9270	0.9269
197
0585	0.0241	1.0000	0.3090	0.9400	0.0506s	0.3674	0.9260	0.9259
198
0586	0.0262	1.0000	0.2794	0.9400	0.0507s	0.3662	0.9270	0.9269
199
Early stop! Min loss:0.2121734917163849,  Max accuracy:0.9500000000000001
Early stop model validation loss:0.2121734917163849,  accuracy:0.9440000000000001
Optimization Finished!
Total time elapsed: 30.5835s
test max acc:0.9290
Loading 69th epoch
stru_node_to_hop attention:tensor([[0.3287, 0.3354, 0.3358],
        [0.3332, 0.3334, 0.3334],
        [0.3332, 0.3333, 0.3335],
        [0.3327, 0.3336, 0.3336],
        [0.3334, 0.3333, 0.3333],
        [0.3336, 0.3330, 0.3334],
        [0.3340, 0.3329, 0.3330],
        [0.3333, 0.3333, 0.3333],
        [0.3334, 0.3333, 0.3333],
        [0.3339, 0.3330, 0.3331],
        [0.3331, 0.3334, 0.3334],
        [0.3333, 0.3334, 0.3333],
        [0.3326, 0.3337, 0.3337],
        [0.3333, 0.3333, 0.3333],
        [0.3335, 0.3329, 0.3336],
        [0.3326, 0.3333, 0.3340],
        [0.3333, 0.3333, 0.3333],
        [0.3251, 0.3375, 0.3373],
        [0.3335, 0.3333, 0.3333],
        [0.3333, 0.3333, 0.3333],
        [0.3322, 0.3338, 0.3339],
        [0.3333, 0.3334, 0.3333],
        [0.3313, 0.3334, 0.3353],
        [0.3332, 0.3334, 0.3334],
        [0.3332, 0.3331, 0.3336],
        [0.3334, 0.3333, 0.3333],
        [0.3331, 0.3334, 0.3334],
        [0.3313, 0.3332, 0.3356],
        [0.3333, 0.3334, 0.3334],
        [0.3326, 0.3339, 0.3335],
        [0.3329, 0.3335, 0.3335],
        [0.3333, 0.3334, 0.3334],
        [0.3301, 0.3342, 0.3357],
        [0.3323, 0.3312, 0.3365],
        [0.3323, 0.3340, 0.3337],
        [0.3330, 0.3336, 0.3335],
        [0.3333, 0.3334, 0.3334],
        [0.3306, 0.3342, 0.3352],
        [0.3326, 0.3336, 0.3338],
        [0.3412, 0.3295, 0.3293],
        [0.3333, 0.3334, 0.3334],
        [0.3240, 0.3383, 0.3377],
        [0.3333, 0.3334, 0.3334],
        [0.3333, 0.3334, 0.3334],
        [0.3331, 0.3335, 0.3334],
        [0.3333, 0.3333, 0.3333],
        [0.3332, 0.3333, 0.3335],
        [0.3339, 0.3330, 0.3331],
        [0.3271, 0.3366, 0.3363],
        [0.3335, 0.3331, 0.3334],
        [0.3331, 0.3335, 0.3334],
        [0.3313, 0.3344, 0.3342],
        [0.3332, 0.3334, 0.3334],
        [0.3332, 0.3334, 0.3334],
        [0.3332, 0.3334, 0.3334],
        [0.3331, 0.3335, 0.3334],
        [0.3317, 0.3343, 0.3340],
        [0.3317, 0.3331, 0.3352],
        [0.3292, 0.3352, 0.3355],
        [0.3333, 0.3333, 0.3333],
        [0.3333, 0.3334, 0.3333],
        [0.3331, 0.3334, 0.3334],
        [0.3332, 0.3334, 0.3334],
        [0.3332, 0.3334, 0.3334],
        [0.3333, 0.3333, 0.3333],
        [0.3333, 0.3333, 0.3333],
        [0.3220, 0.3370, 0.3410],
        [0.3331, 0.3334, 0.3334],
        [0.3247, 0.3387, 0.3366],
        [0.3332, 0.3334, 0.3334],
        [0.3188, 0.3420, 0.3392],
        [0.3286, 0.3373, 0.3341],
        [0.3333, 0.3333, 0.3333],
        [0.3332, 0.3334, 0.3334],
        [0.3332, 0.3334, 0.3334],
        [0.3331, 0.3334, 0.3334],
        [0.3332, 0.3334, 0.3334],
        [0.3333, 0.3333, 0.3333],
        [0.3333, 0.3333, 0.3333],
        [0.3334, 0.3333, 0.3333],
        [0.3332, 0.3333, 0.3335],
        [0.3411, 0.3312, 0.3278],
        [0.3333, 0.3333, 0.3334],
        [0.3340, 0.3329, 0.3331],
        [0.3304, 0.3349, 0.3347],
        [0.3317, 0.3341, 0.3342],
        [0.3332, 0.3334, 0.3334],
        [0.3327, 0.3336, 0.3336],
        [0.3330, 0.3335, 0.3335],
        [0.3333, 0.3334, 0.3333],
        [0.3333, 0.3333, 0.3333],
        [0.3306, 0.3338, 0.3355],
        [0.3333, 0.3333, 0.3334],
        [0.3332, 0.3334, 0.3334],
        [0.3213, 0.3395, 0.3392],
        [0.3383, 0.3284, 0.3333],
        [0.3333, 0.3333, 0.3333],
        [0.3332, 0.3334, 0.3334],
        [0.3333, 0.3333, 0.3333],
        [0.3333, 0.3333, 0.3333]], device='cuda:1')
fea_node_to_hop attention:tensor([[0.1991, 0.2003, 0.2004, 0.2002, 0.2001],
        [0.2000, 0.2000, 0.2000, 0.2000, 0.2000],
        [0.2000, 0.2000, 0.2000, 0.2000, 0.2000],
        [0.1993, 0.2008, 0.2001, 0.2000, 0.1998],
        [0.2000, 0.2001, 0.2000, 0.2000, 0.2000],
        [0.2001, 0.2001, 0.2000, 0.1999, 0.1999],
        [0.2008, 0.1997, 0.1998, 0.1998, 0.1999],
        [0.2001, 0.2000, 0.2000, 0.2000, 0.2000],
        [0.2000, 0.2000, 0.2000, 0.2000, 0.2000],
        [0.1998, 0.2001, 0.2001, 0.2000, 0.2000],
        [0.1999, 0.2000, 0.2000, 0.2000, 0.2000],
        [0.2000, 0.2000, 0.2000, 0.2000, 0.2000],
        [0.1998, 0.2001, 0.2001, 0.2001, 0.1999],
        [0.1999, 0.2001, 0.2000, 0.2000, 0.2000],
        [0.1994, 0.2005, 0.2003, 0.2000, 0.1998],
        [0.2008, 0.2002, 0.1998, 0.1997, 0.1995],
        [0.2000, 0.2001, 0.2000, 0.2000, 0.1999],
        [0.1999, 0.2007, 0.1998, 0.1998, 0.1998],
        [0.2001, 0.1999, 0.2000, 0.2000, 0.2000],
        [0.2044, 0.1994, 0.1986, 0.1988, 0.1988],
        [0.1994, 0.2001, 0.2001, 0.2002, 0.2002],
        [0.2001, 0.2000, 0.2000, 0.2000, 0.2000],
        [0.1962, 0.2011, 0.2009, 0.2010, 0.2007],
        [0.2000, 0.2000, 0.2000, 0.2000, 0.2000],
        [0.2000, 0.2000, 0.2000, 0.2000, 0.1999],
        [0.2000, 0.2000, 0.2000, 0.2000, 0.2000],
        [0.2000, 0.2000, 0.2000, 0.2000, 0.2000],
        [0.1982, 0.2011, 0.2006, 0.2003, 0.1999],
        [0.2000, 0.2000, 0.2000, 0.2000, 0.2000],
        [0.1998, 0.2005, 0.1999, 0.1999, 0.1999],
        [0.1996, 0.1999, 0.2003, 0.2001, 0.2001],
        [0.2000, 0.2000, 0.2000, 0.2000, 0.2000],
        [0.1956, 0.2056, 0.2012, 0.1997, 0.1979],
        [0.1880, 0.2038, 0.2034, 0.2030, 0.2019],
        [0.2003, 0.2002, 0.1998, 0.1999, 0.1998],
        [0.1998, 0.2002, 0.2000, 0.2000, 0.2000],
        [0.2000, 0.2000, 0.2000, 0.2000, 0.2000],
        [0.1981, 0.2005, 0.2006, 0.2005, 0.2003],
        [0.1996, 0.2003, 0.2002, 0.2000, 0.1999],
        [0.1983, 0.2022, 0.2008, 0.1998, 0.1989],
        [0.2000, 0.2000, 0.2000, 0.2000, 0.2000],
        [0.2003, 0.1996, 0.1995, 0.2003, 0.2003],
        [0.2000, 0.2000, 0.2000, 0.2000, 0.2000],
        [0.2000, 0.2000, 0.2000, 0.2000, 0.2000],
        [0.2000, 0.2000, 0.2000, 0.2000, 0.2000],
        [0.1998, 0.2002, 0.2001, 0.2000, 0.1999],
        [0.1999, 0.2001, 0.2001, 0.2000, 0.1999],
        [0.2002, 0.2001, 0.1999, 0.1999, 0.1999],
        [0.1990, 0.2007, 0.2000, 0.2002, 0.2001],
        [0.1997, 0.2003, 0.2001, 0.2000, 0.1999],
        [0.1998, 0.2000, 0.2002, 0.2001, 0.2000],
        [0.1992, 0.1988, 0.2003, 0.2007, 0.2010],
        [0.2000, 0.2000, 0.2000, 0.2000, 0.2000],
        [0.2000, 0.2000, 0.2000, 0.2000, 0.2000],
        [0.2000, 0.2000, 0.2000, 0.2000, 0.2000],
        [0.2000, 0.2000, 0.2000, 0.2000, 0.2000],
        [0.1997, 0.2002, 0.2000, 0.2000, 0.2000],
        [0.1975, 0.2000, 0.2010, 0.2009, 0.2007],
        [0.1985, 0.2006, 0.2004, 0.2003, 0.2002],
        [0.1998, 0.2002, 0.2001, 0.2000, 0.1999],
        [0.2000, 0.2000, 0.2000, 0.2000, 0.2000],
        [0.2000, 0.2001, 0.2000, 0.2000, 0.2000],
        [0.1994, 0.2008, 0.2001, 0.1999, 0.1997],
        [0.2002, 0.1999, 0.2000, 0.2000, 0.2000],
        [0.2000, 0.2001, 0.2000, 0.2000, 0.1999],
        [0.1999, 0.2001, 0.2001, 0.2000, 0.1999],
        [0.1993, 0.2000, 0.2001, 0.2003, 0.2003],
        [0.2000, 0.2000, 0.2001, 0.2000, 0.1999],
        [0.1952, 0.2015, 0.2011, 0.2012, 0.2010],
        [0.2000, 0.2000, 0.2000, 0.2000, 0.2000],
        [0.1937, 0.2009, 0.2008, 0.2021, 0.2024],
        [0.1998, 0.1994, 0.1997, 0.2003, 0.2008],
        [0.1995, 0.2002, 0.2003, 0.2001, 0.1999],
        [0.2000, 0.2000, 0.2000, 0.2000, 0.2000],
        [0.2000, 0.2000, 0.2000, 0.2000, 0.2000],
        [0.2000, 0.2000, 0.2000, 0.2000, 0.2000],
        [0.2000, 0.2000, 0.2000, 0.2000, 0.2000],
        [0.1990, 0.2006, 0.2009, 0.2001, 0.1995],
        [0.1990, 0.2005, 0.2007, 0.2001, 0.1997],
        [0.2000, 0.2001, 0.2001, 0.2000, 0.1999],
        [0.1999, 0.2000, 0.2002, 0.2000, 0.1999],
        [0.2027, 0.1973, 0.2002, 0.1998, 0.1999],
        [0.1999, 0.2002, 0.2000, 0.2000, 0.1999],
        [0.1999, 0.2001, 0.2001, 0.2000, 0.1999],
        [0.1957, 0.2017, 0.2011, 0.2010, 0.2006],
        [0.1998, 0.2001, 0.2001, 0.2000, 0.2000],
        [0.2000, 0.2000, 0.2000, 0.2000, 0.2000],
        [0.2001, 0.2001, 0.2004, 0.1999, 0.1995],
        [0.2000, 0.2000, 0.2000, 0.2000, 0.2000],
        [0.2000, 0.2000, 0.2000, 0.2000, 0.2000],
        [0.2000, 0.2001, 0.2000, 0.2000, 0.2000],
        [0.1985, 0.1988, 0.2012, 0.2008, 0.2006],
        [0.1999, 0.2001, 0.2000, 0.2000, 0.2000],
        [0.2000, 0.2000, 0.2000, 0.2000, 0.2000],
        [0.1912, 0.2006, 0.2029, 0.2027, 0.2026],
        [0.1951, 0.2026, 0.2018, 0.2008, 0.1997],
        [0.1999, 0.2002, 0.2001, 0.2000, 0.1999],
        [0.2000, 0.2000, 0.2000, 0.2000, 0.2000],
        [0.2039, 0.2010, 0.1983, 0.1984, 0.1983],
        [0.1985, 0.2010, 0.2008, 0.2002, 0.1995]], device='cuda:1')
perception attention:tensor([0.4139, 0.5861], device='cuda:1')
Test set results: loss= 0.3029 accuracy= 0.9230 F1_score= 0.9230
