# epoch	loss_train	acc_train	loss_val	acc_val	time	acc_test	f1_test
0001	1.0983	0.2500	0.9785	0.7660	0.0601s	0.9844	0.7330	0.7185
0
0002	0.8653	0.9167	0.7434	0.8340	0.0599s	0.7477	0.8350	0.8260
0
0003	0.5735	0.9500	0.5480	0.8700	0.0598s	0.5536	0.8450	0.8397
0
0004	0.3423	0.9833	0.3796	0.9020	0.0598s	0.4128	0.8830	0.8837
0
0005	0.2100	1.0000	0.3036	0.9120	0.0599s	0.3285	0.8950	0.8938
0
0006	0.1640	0.9833	0.2609	0.9200	0.0611s	0.2991	0.8960	0.8956
0
0007	0.1397	0.9667	0.2424	0.9180	0.0611s	0.2870	0.9010	0.9006
0
0008	0.0975	1.0000	0.2780	0.9140	0.0600s	0.3088	0.9010	0.8998
0
0009	0.0705	1.0000	0.2923	0.9140	0.0596s	0.3226	0.9010	0.8997
1
0010	0.0711	1.0000	0.2657	0.9160	0.0601s	0.3053	0.9080	0.9075
2
0011	0.0526	1.0000	0.2655	0.9200	0.0598s	0.3155	0.9030	0.9027
3
0012	0.0523	1.0000	0.2715	0.9180	0.0592s	0.3281	0.9030	0.9029
0
0013	0.0549	1.0000	0.2818	0.9220	0.0561s	0.3393	0.9060	0.9056
1
0014	0.0495	1.0000	0.3349	0.9200	0.0526s	0.3782	0.9090	0.9083
0
0015	0.0632	1.0000	0.3629	0.9200	0.0508s	0.3930	0.9090	0.9081
1
0016	0.0591	1.0000	0.3133	0.9220	0.0530s	0.3534	0.9110	0.9105
2
0017	0.0494	1.0000	0.3010	0.9220	0.0507s	0.3585	0.9080	0.9078
0
0018	0.0586	0.9833	0.3050	0.9240	0.0505s	0.3571	0.9100	0.9097
0
0019	0.0542	1.0000	0.3301	0.9220	0.0521s	0.3716	0.9130	0.9124
0
0020	0.0479	0.9833	0.3475	0.9180	0.0508s	0.3888	0.9110	0.9103
1
0021	0.0646	1.0000	0.3124	0.9240	0.0505s	0.3608	0.9140	0.9137
2
0022	0.0470	0.9833	0.2930	0.9240	0.0504s	0.3555	0.9170	0.9171
0
0023	0.0481	0.9833	0.2947	0.9260	0.0506s	0.3587	0.9120	0.9122
0
0024	0.0495	1.0000	0.3009	0.9260	0.0506s	0.3410	0.9150	0.9147
0
0025	0.0370	1.0000	0.3130	0.9180	0.0509s	0.3452	0.9160	0.9156
0
0026	0.0328	1.0000	0.3155	0.9200	0.0505s	0.3515	0.9180	0.9176
1
0027	0.0542	0.9667	0.2867	0.9280	0.0506s	0.3334	0.9160	0.9160
2
0028	0.0423	1.0000	0.2991	0.9240	0.0505s	0.3435	0.9140	0.9140
0
0029	0.0503	1.0000	0.3093	0.9280	0.0504s	0.3317	0.9150	0.9147
1
0030	0.0489	1.0000	0.3028	0.9200	0.0525s	0.3245	0.9210	0.9206
0
0031	0.0392	1.0000	0.3261	0.9160	0.0507s	0.3507	0.9210	0.9206
1
0032	0.0338	0.9833	0.3490	0.9180	0.0506s	0.3743	0.9140	0.9135
2
0033	0.0456	1.0000	0.2930	0.9220	0.0508s	0.3224	0.9220	0.9216
3
0034	0.0471	0.9833	0.3007	0.9280	0.0504s	0.3282	0.9150	0.9147
4
0035	0.0526	1.0000	0.2733	0.9260	0.0519s	0.3145	0.9200	0.9199
0
0036	0.0419	1.0000	0.2879	0.9220	0.0506s	0.3418	0.9230	0.9228
1
0037	0.0523	1.0000	0.2621	0.9280	0.0505s	0.3305	0.9210	0.9208
2
0038	0.0416	1.0000	0.2522	0.9340	0.0508s	0.3146	0.9180	0.9180
0
0039	0.0524	0.9833	0.3149	0.9240	0.0508s	0.3342	0.9210	0.9202
0
0040	0.0412	1.0000	0.3425	0.9160	0.0522s	0.3605	0.9130	0.9119
1
0041	0.0599	0.9500	0.2490	0.9300	0.0561s	0.3142	0.9230	0.9228
2
0042	0.0394	1.0000	0.2669	0.9260	0.0527s	0.3603	0.9090	0.9094
3
0043	0.0520	1.0000	0.2436	0.9320	0.0511s	0.3175	0.9220	0.9218
4
0044	0.0407	1.0000	0.2849	0.9220	0.0507s	0.3320	0.9230	0.9226
5
0045	0.0404	1.0000	0.2815	0.9260	0.0516s	0.3103	0.9230	0.9225
6
0046	0.0410	1.0000	0.2532	0.9300	0.0512s	0.2941	0.9230	0.9229
7
0047	0.0341	1.0000	0.2360	0.9340	0.0509s	0.2978	0.9200	0.9200
8
0048	0.0515	1.0000	0.2627	0.9300	0.0508s	0.3224	0.9260	0.9258
0
0049	0.0365	1.0000	0.2916	0.9240	0.0515s	0.3362	0.9230	0.9225
1
0050	0.0503	0.9667	0.2662	0.9340	0.0506s	0.2945	0.9240	0.9237
2
0051	0.0433	0.9833	0.2562	0.9360	0.0505s	0.2997	0.9210	0.9209
0
0052	0.0504	1.0000	0.2383	0.9320	0.0503s	0.3021	0.9270	0.9268
0
0053	0.0396	1.0000	0.3067	0.9300	0.0507s	0.3635	0.9170	0.9165
1
0054	0.0488	1.0000	0.2652	0.9300	0.0510s	0.3155	0.9280	0.9277
2
0055	0.0452	0.9833	0.2632	0.9340	0.0506s	0.3175	0.9160	0.9161
3
0056	0.0457	0.9833	0.2613	0.9300	0.0505s	0.3076	0.9170	0.9169
4
0057	0.0500	0.9833	0.2689	0.9320	0.0505s	0.3180	0.9270	0.9267
5
0058	0.0374	1.0000	0.3700	0.9180	0.0505s	0.4163	0.9110	0.9102
6
0059	0.0740	0.9833	0.2434	0.9320	0.0504s	0.3149	0.9300	0.9298
7
0060	0.0467	0.9833	0.2872	0.9300	0.0506s	0.3793	0.8980	0.8985
8
0061	0.0517	0.9833	0.2904	0.9220	0.0507s	0.3585	0.9040	0.9040
9
0062	0.0585	0.9833	0.2988	0.9280	0.0516s	0.3399	0.9220	0.9212
10
0063	0.0432	1.0000	0.3747	0.9160	0.0506s	0.4318	0.9110	0.9104
11
0064	0.0772	0.9833	0.2528	0.9340	0.0505s	0.3450	0.9230	0.9228
12
0065	0.0427	1.0000	0.2436	0.9400	0.0506s	0.3474	0.9070	0.9074
13
0066	0.0540	1.0000	0.2664	0.9300	0.0532s	0.3437	0.9120	0.9120
0
0067	0.0399	1.0000	0.2941	0.9280	0.0545s	0.3465	0.9150	0.9143
1
0068	0.0381	1.0000	0.2830	0.9300	0.0523s	0.3427	0.9220	0.9213
2
0069	0.0387	1.0000	0.2994	0.9280	0.0525s	0.3923	0.9140	0.9138
3
0070	0.0399	0.9833	0.2942	0.9260	0.0519s	0.4066	0.9120	0.9121
4
0071	0.0503	1.0000	0.2339	0.9420	0.0511s	0.3249	0.9190	0.9189
5
0072	0.0277	1.0000	0.2617	0.9340	0.0509s	0.3275	0.9140	0.9137
0
0073	0.0386	1.0000	0.2941	0.9260	0.0507s	0.3562	0.9110	0.9105
1
0074	0.0538	0.9833	0.2432	0.9380	0.0504s	0.3159	0.9170	0.9169
2
0075	0.0395	1.0000	0.2326	0.9420	0.0506s	0.3296	0.9230	0.9230
3
0076	0.0320	1.0000	0.2655	0.9260	0.0505s	0.3736	0.9160	0.9159
0
0077	0.0462	0.9833	0.2693	0.9360	0.0511s	0.3642	0.9180	0.9177
1
0078	0.0387	0.9833	0.2399	0.9400	0.0505s	0.3170	0.9270	0.9268
2
0079	0.0246	1.0000	0.2557	0.9340	0.0507s	0.3121	0.9210	0.9207
3
0080	0.0367	1.0000	0.2687	0.9320	0.0507s	0.3300	0.9100	0.9099
4
0081	0.0559	0.9833	0.2284	0.9380	0.0513s	0.3045	0.9190	0.9191
5
0082	0.0366	1.0000	0.2388	0.9380	0.0508s	0.3278	0.9250	0.9248
0
0083	0.0415	1.0000	0.2535	0.9340	0.0508s	0.3386	0.9210	0.9207
1
0084	0.0383	0.9833	0.2292	0.9400	0.0506s	0.3064	0.9290	0.9289
2
0085	0.0377	1.0000	0.2354	0.9360	0.0504s	0.2993	0.9200	0.9200
3
0086	0.0438	0.9833	0.2402	0.9400	0.0506s	0.2979	0.9210	0.9209
4
0087	0.0322	1.0000	0.2365	0.9400	0.0505s	0.2981	0.9260	0.9259
5
0088	0.0312	1.0000	0.2517	0.9360	0.0523s	0.3290	0.9230	0.9227
6
0089	0.0434	1.0000	0.2397	0.9400	0.0506s	0.3212	0.9260	0.9258
7
0090	0.0436	1.0000	0.2292	0.9400	0.0505s	0.2996	0.9250	0.9249
8
0091	0.0286	1.0000	0.2403	0.9400	0.0505s	0.2982	0.9240	0.9239
9
0092	0.0327	1.0000	0.2392	0.9380	0.0506s	0.3015	0.9270	0.9269
10
0093	0.0333	1.0000	0.2473	0.9380	0.0507s	0.3224	0.9230	0.9228
11
0094	0.0397	1.0000	0.2270	0.9420	0.0505s	0.3126	0.9280	0.9279
12
0095	0.0292	1.0000	0.2247	0.9420	0.0506s	0.3037	0.9250	0.9250
0
0096	0.0329	1.0000	0.2393	0.9440	0.0517s	0.3022	0.9270	0.9269
0
0097	0.0318	1.0000	0.2317	0.9420	0.0508s	0.3055	0.9280	0.9279
0
0098	0.0370	1.0000	0.2390	0.9400	0.0511s	0.3131	0.9260	0.9259
1
0099	0.0387	1.0000	0.2354	0.9440	0.0508s	0.3014	0.9270	0.9269
2
0100	0.0332	1.0000	0.2241	0.9460	0.0507s	0.2990	0.9280	0.9279
0
0101	0.0251	1.0000	0.2237	0.9460	0.0506s	0.3052	0.9280	0.9279
0
0102	0.0324	1.0000	0.2407	0.9440	0.0504s	0.3070	0.9260	0.9259
0
0103	0.0262	1.0000	0.2365	0.9420	0.0506s	0.3013	0.9260	0.9259
1
0104	0.0290	1.0000	0.2226	0.9460	0.0520s	0.2959	0.9270	0.9269
2
0105	0.0326	1.0000	0.2265	0.9440	0.0506s	0.3006	0.9280	0.9279
0
0106	0.0270	1.0000	0.2528	0.9400	0.0506s	0.3268	0.9230	0.9228
1
0107	0.0329	1.0000	0.2228	0.9460	0.0507s	0.3011	0.9270	0.9269
2
0108	0.0312	1.0000	0.2267	0.9460	0.0511s	0.2903	0.9260	0.9259
0
0109	0.0410	1.0000	0.2624	0.9420	0.0505s	0.3144	0.9230	0.9227
0
0110	0.0506	0.9833	0.2201	0.9440	0.0505s	0.3121	0.9270	0.9270
1
0111	0.0428	0.9833	0.2271	0.9480	0.0504s	0.2944	0.9270	0.9269
0
0112	0.0326	1.0000	0.2795	0.9360	0.0513s	0.3291	0.9220	0.9217
0
0113	0.0433	1.0000	0.2268	0.9480	0.0505s	0.2983	0.9260	0.9259
1
0114	0.0295	1.0000	0.2217	0.9460	0.0504s	0.3186	0.9270	0.9269
0
0115	0.0346	1.0000	0.2349	0.9440	0.0506s	0.3208	0.9230	0.9228
1
0116	0.0319	1.0000	0.2493	0.9460	0.0513s	0.3105	0.9260	0.9259
2
0117	0.0275	1.0000	0.2418	0.9440	0.0505s	0.3049	0.9270	0.9269
3
0118	0.0309	1.0000	0.2361	0.9460	0.0505s	0.3204	0.9260	0.9259
4
0119	0.0308	1.0000	0.2267	0.9440	0.0517s	0.3287	0.9260	0.9259
5
0120	0.0344	1.0000	0.2507	0.9460	0.0506s	0.3202	0.9260	0.9259
6
0121	0.0337	1.0000	0.2526	0.9440	0.0507s	0.3125	0.9270	0.9269
7
0122	0.0289	1.0000	0.2322	0.9440	0.0506s	0.3147	0.9260	0.9259
8
0123	0.0278	1.0000	0.2344	0.9480	0.0506s	0.3289	0.9260	0.9259
9
0124	0.0324	1.0000	0.2364	0.9440	0.0505s	0.3073	0.9270	0.9269
0
0125	0.0306	1.0000	0.2712	0.9420	0.0506s	0.3255	0.9250	0.9246
1
0126	0.0443	1.0000	0.2236	0.9440	0.0513s	0.3238	0.9260	0.9259
2
0127	0.0282	1.0000	0.2290	0.9440	0.0506s	0.3427	0.9230	0.9230
3
0128	0.0421	1.0000	0.3079	0.9280	0.0506s	0.3625	0.9210	0.9204
4
0129	0.0399	1.0000	0.2981	0.9340	0.0504s	0.3294	0.9200	0.9195
5
0130	0.0494	0.9833	0.2331	0.9480	0.0505s	0.3178	0.9230	0.9231
6
0131	0.0364	1.0000	0.2628	0.9260	0.0506s	0.3844	0.9200	0.9200
0
0132	0.0497	0.9833	0.2334	0.9460	0.0505s	0.3174	0.9260	0.9259
1
0133	0.0233	1.0000	0.2732	0.9420	0.0513s	0.3123	0.9250	0.9247
2
0134	0.0324	1.0000	0.2955	0.9380	0.0506s	0.3343	0.9230	0.9224
3
0135	0.0367	0.9833	0.2645	0.9420	0.0507s	0.3407	0.9240	0.9237
4
0136	0.0288	1.0000	0.2398	0.9460	0.0505s	0.3409	0.9260	0.9259
5
0137	0.0304	0.9833	0.2405	0.9440	0.0508s	0.3407	0.9240	0.9240
6
0138	0.0292	1.0000	0.2377	0.9440	0.0508s	0.3193	0.9250	0.9250
7
0139	0.0275	1.0000	0.2716	0.9440	0.0506s	0.3318	0.9260	0.9256
8
0140	0.0246	1.0000	0.2901	0.9420	0.0518s	0.3456	0.9220	0.9215
9
0141	0.0325	1.0000	0.2568	0.9420	0.0506s	0.3105	0.9240	0.9239
10
0142	0.0334	1.0000	0.2392	0.9440	0.0505s	0.3188	0.9240	0.9239
11
0143	0.0257	1.0000	0.2523	0.9380	0.0505s	0.3591	0.9210	0.9209
12
0144	0.0272	1.0000	0.2402	0.9460	0.0507s	0.3415	0.9230	0.9229
13
0145	0.0295	1.0000	0.2463	0.9440	0.0506s	0.3195	0.9190	0.9191
14
0146	0.0272	1.0000	0.2544	0.9420	0.0505s	0.3158	0.9280	0.9278
15
0147	0.0341	1.0000	0.3065	0.9320	0.0531s	0.3930	0.9200	0.9194
16
0148	0.0336	0.9833	0.2627	0.9380	0.0507s	0.3498	0.9220	0.9217
17
0149	0.0374	0.9833	0.3140	0.9160	0.0504s	0.3949	0.8970	0.8974
18
0150	0.0581	0.9667	0.2565	0.9420	0.0505s	0.3215	0.9270	0.9268
19
0151	0.0318	1.0000	0.4013	0.9160	0.0513s	0.4751	0.9090	0.9075
20
0152	0.0507	1.0000	0.3165	0.9320	0.0508s	0.3994	0.9210	0.9205
21
0153	0.0430	1.0000	0.2965	0.9240	0.0507s	0.3895	0.9030	0.9035
22
0154	0.0562	0.9667	0.2613	0.9420	0.0506s	0.3367	0.9180	0.9181
23
0155	0.0389	0.9833	0.3658	0.9240	0.0521s	0.4319	0.9150	0.9138
24
0156	0.0452	0.9833	0.3607	0.9260	0.0509s	0.4371	0.9240	0.9234
25
0157	0.0395	1.0000	0.2508	0.9440	0.0506s	0.3428	0.9250	0.9249
26
0158	0.0319	1.0000	0.2858	0.9340	0.0509s	0.3638	0.9070	0.9072
27
0159	0.0286	1.0000	0.2817	0.9340	0.0507s	0.3498	0.9110	0.9111
28
0160	0.0371	0.9833	0.2833	0.9340	0.0508s	0.3594	0.9270	0.9266
29
0161	0.0271	1.0000	0.3845	0.9240	0.0505s	0.4603	0.9210	0.9203
30
0162	0.0458	1.0000	0.3588	0.9180	0.0508s	0.4212	0.9190	0.9181
31
0163	0.0327	1.0000	0.2713	0.9320	0.0513s	0.3390	0.9270	0.9269
32
0164	0.0276	1.0000	0.2848	0.9320	0.0508s	0.3590	0.9100	0.9101
33
0165	0.0407	1.0000	0.2566	0.9380	0.0508s	0.3435	0.9210	0.9210
34
0166	0.0300	1.0000	0.2962	0.9340	0.0504s	0.3928	0.9200	0.9197
35
0167	0.0274	1.0000	0.3793	0.9220	0.0505s	0.4593	0.9180	0.9173
36
0168	0.0423	1.0000	0.2862	0.9280	0.0531s	0.3663	0.9260	0.9258
37
0169	0.0262	1.0000	0.2792	0.9340	0.0506s	0.3519	0.9120	0.9120
38
0170	0.0383	1.0000	0.2910	0.9340	0.0504s	0.3871	0.9020	0.9023
39
0171	0.0435	1.0000	0.2642	0.9360	0.0505s	0.3489	0.9250	0.9249
40
0172	0.0268	1.0000	0.3570	0.9220	0.0506s	0.4214	0.9170	0.9164
41
0173	0.0372	0.9833	0.3372	0.9240	0.0505s	0.4022	0.9170	0.9165
42
0174	0.0316	0.9833	0.2596	0.9360	0.0506s	0.3499	0.9240	0.9239
43
0175	0.0278	1.0000	0.2664	0.9360	0.0506s	0.3650	0.9120	0.9122
44
0176	0.0300	1.0000	0.2604	0.9360	0.0505s	0.3470	0.9180	0.9180
45
0177	0.0284	1.0000	0.2823	0.9280	0.0504s	0.3463	0.9260	0.9259
46
0178	0.0294	1.0000	0.3166	0.9280	0.0505s	0.3789	0.9150	0.9145
47
0179	0.0355	1.0000	0.2701	0.9260	0.0869s	0.3519	0.9240	0.9239
48
0180	0.0247	1.0000	0.2492	0.9380	0.0584s	0.3478	0.9200	0.9200
49
0181	0.0325	1.0000	0.2585	0.9340	0.0503s	0.3409	0.9240	0.9239
50
0182	0.0310	1.0000	0.2970	0.9280	0.0501s	0.3549	0.9240	0.9238
51
0183	0.0299	1.0000	0.2750	0.9340	0.0498s	0.3620	0.9210	0.9208
52
0184	0.0280	1.0000	0.2481	0.9380	0.0502s	0.3554	0.9220	0.9219
53
0185	0.0256	1.0000	0.2479	0.9400	0.0503s	0.3397	0.9240	0.9239
54
0186	0.0250	1.0000	0.2715	0.9360	0.0507s	0.3354	0.9230	0.9229
55
0187	0.0297	1.0000	0.2710	0.9360	0.0498s	0.3540	0.9220	0.9218
56
0188	0.0237	1.0000	0.2614	0.9360	0.0504s	0.3598	0.9230	0.9229
57
0189	0.0234	1.0000	0.2551	0.9360	0.0504s	0.3513	0.9220	0.9219
58
0190	0.0353	0.9833	0.2649	0.9380	0.0505s	0.3463	0.9220	0.9218
59
0191	0.0241	1.0000	0.2647	0.9380	0.0502s	0.3356	0.9210	0.9209
60
0192	0.0273	1.0000	0.2498	0.9340	0.0503s	0.3306	0.9240	0.9240
61
0193	0.0300	1.0000	0.2607	0.9380	0.0506s	0.3539	0.9190	0.9189
62
0194	0.0329	0.9833	0.3098	0.9320	0.0502s	0.3638	0.9180	0.9177
63
0195	0.0369	1.0000	0.2609	0.9340	0.0517s	0.3266	0.9210	0.9210
64
0196	0.0296	1.0000	0.2453	0.9340	0.0500s	0.3386	0.9230	0.9229
65
0197	0.0268	1.0000	0.2819	0.9320	0.0507s	0.3832	0.9140	0.9138
66
0198	0.0342	0.9833	0.2541	0.9380	0.0505s	0.3300	0.9220	0.9219
67
0199	0.0315	1.0000	0.2781	0.9360	0.0502s	0.3305	0.9200	0.9198
68
0200	0.0331	1.0000	0.2679	0.9380	0.0505s	0.3596	0.9160	0.9159
69
0201	0.0244	1.0000	0.2739	0.9340	0.0515s	0.3834	0.9180	0.9178
70
0202	0.0298	1.0000	0.2569	0.9400	0.0505s	0.3329	0.9230	0.9230
71
0203	0.0269	1.0000	0.2991	0.9360	0.0501s	0.3482	0.9220	0.9217
72
0204	0.0339	1.0000	0.2785	0.9380	0.0514s	0.3590	0.9150	0.9148
73
0205	0.0268	1.0000	0.2626	0.9400	0.0521s	0.3816	0.9200	0.9199
74
0206	0.0364	0.9833	0.2791	0.9380	0.0524s	0.3636	0.9180	0.9179
75
0207	0.0289	0.9833	0.2701	0.9380	0.0514s	0.3383	0.9190	0.9189
76
0208	0.0285	1.0000	0.2591	0.9400	0.0506s	0.3392	0.9220	0.9220
77
0209	0.0312	1.0000	0.3075	0.9320	0.0517s	0.3899	0.9180	0.9177
78
0210	0.0322	1.0000	0.3048	0.9340	0.0507s	0.4085	0.9190	0.9188
79
0211	0.0305	1.0000	0.2596	0.9380	0.0517s	0.3705	0.9200	0.9199
80
0212	0.0317	1.0000	0.2758	0.9380	0.0511s	0.3457	0.9200	0.9198
81
0213	0.0260	1.0000	0.2784	0.9380	0.0520s	0.3483	0.9180	0.9177
82
0214	0.0254	1.0000	0.2644	0.9380	0.0509s	0.3726	0.9200	0.9199
83
0215	0.0237	1.0000	0.2838	0.9360	0.0506s	0.4118	0.9180	0.9179
84
0216	0.0327	1.0000	0.2786	0.9340	0.0524s	0.3678	0.9180	0.9178
85
0217	0.0248	1.0000	0.2900	0.9400	0.0506s	0.3430	0.9230	0.9227
86
0218	0.0348	1.0000	0.2584	0.9380	0.0505s	0.3323	0.9210	0.9210
87
0219	0.0251	1.0000	0.2591	0.9400	0.0508s	0.3640	0.9210	0.9209
88
0220	0.0240	1.0000	0.2852	0.9380	0.0505s	0.3969	0.9200	0.9198
89
0221	0.0434	1.0000	0.2928	0.9360	0.0530s	0.3434	0.9200	0.9197
90
0222	0.0247	1.0000	0.2957	0.9280	0.0505s	0.3398	0.9200	0.9198
91
0223	0.0444	1.0000	0.2744	0.9380	0.0506s	0.3474	0.9190	0.9188
92
0224	0.0216	1.0000	0.3030	0.9400	0.0505s	0.4131	0.9190	0.9188
93
0225	0.0337	1.0000	0.2669	0.9420	0.0506s	0.3660	0.9200	0.9199
94
0226	0.0279	1.0000	0.2705	0.9320	0.0507s	0.3368	0.9230	0.9230
95
0227	0.0286	1.0000	0.3367	0.9240	0.0523s	0.3632	0.9140	0.9133
96
0228	0.0421	1.0000	0.3023	0.9360	0.0507s	0.3758	0.9200	0.9198
97
0229	0.0302	1.0000	0.2749	0.9440	0.0505s	0.3921	0.9220	0.9218
98
0230	0.0287	1.0000	0.2558	0.9440	0.0505s	0.3689	0.9210	0.9209
99
0231	0.0268	1.0000	0.2836	0.9380	0.0503s	0.3561	0.9170	0.9168
100
0232	0.0215	1.0000	0.3000	0.9340	0.0518s	0.3542	0.9180	0.9176
101
0233	0.0292	1.0000	0.2720	0.9380	0.0506s	0.3464	0.9180	0.9178
102
0234	0.0223	1.0000	0.2540	0.9420	0.0506s	0.3553	0.9200	0.9199
103
0235	0.0242	1.0000	0.2671	0.9420	0.0504s	0.3777	0.9220	0.9219
104
0236	0.0305	1.0000	0.2906	0.9400	0.0506s	0.3813	0.9200	0.9198
105
0237	0.0282	1.0000	0.2647	0.9380	0.0520s	0.3449	0.9220	0.9219
106
0238	0.0208	1.0000	0.2539	0.9380	0.0503s	0.3413	0.9230	0.9229
107
0239	0.0257	1.0000	0.2787	0.9400	0.0504s	0.3822	0.9190	0.9188
108
0240	0.0285	1.0000	0.2544	0.9400	0.0505s	0.3648	0.9200	0.9199
109
0241	0.0256	1.0000	0.2452	0.9380	0.0506s	0.3467	0.9230	0.9229
110
0242	0.0232	1.0000	0.2730	0.9380	0.0517s	0.3526	0.9180	0.9178
111
0243	0.0251	1.0000	0.2759	0.9400	0.0505s	0.3662	0.9210	0.9208
112
0244	0.0280	1.0000	0.2421	0.9360	0.0510s	0.3430	0.9230	0.9229
113
0245	0.0262	1.0000	0.2663	0.9380	0.0506s	0.3573	0.9200	0.9198
114
0246	0.0238	1.0000	0.2751	0.9360	0.0504s	0.3604	0.9200	0.9198
115
0247	0.0237	1.0000	0.2405	0.9360	0.0515s	0.3475	0.9250	0.9249
116
0248	0.0286	1.0000	0.2729	0.9400	0.0507s	0.3706	0.9200	0.9198
117
0249	0.0238	1.0000	0.2757	0.9380	0.0506s	0.3549	0.9210	0.9208
118
0250	0.0214	1.0000	0.2510	0.9380	0.0506s	0.3397	0.9240	0.9239
119
0251	0.0270	1.0000	0.2799	0.9400	0.0513s	0.3749	0.9190	0.9188
120
0252	0.0247	1.0000	0.2563	0.9360	0.0504s	0.3502	0.9220	0.9218
121
0253	0.0221	1.0000	0.2588	0.9360	0.0505s	0.3401	0.9230	0.9229
122
0254	0.0236	1.0000	0.2835	0.9380	0.0505s	0.3663	0.9200	0.9198
123
0255	0.0210	1.0000	0.2607	0.9380	0.0506s	0.3583	0.9210	0.9208
124
0256	0.0235	1.0000	0.2612	0.9360	0.0505s	0.3476	0.9210	0.9208
125
0257	0.0302	1.0000	0.3239	0.9360	0.0505s	0.3646	0.9190	0.9187
126
0258	0.0327	1.0000	0.2478	0.9380	0.0505s	0.3471	0.9230	0.9229
127
0259	0.0250	0.9833	0.2684	0.9420	0.0507s	0.3755	0.9200	0.9198
128
0260	0.0383	0.9667	0.2796	0.9360	0.0544s	0.3331	0.9230	0.9228
129
0261	0.0374	0.9833	0.3034	0.9360	0.0520s	0.3504	0.9200	0.9197
130
0262	0.0269	1.0000	0.2712	0.9380	0.0535s	0.3660	0.9180	0.9178
131
0263	0.0221	1.0000	0.2512	0.9380	0.0534s	0.3576	0.9210	0.9208
132
0264	0.0223	1.0000	0.2707	0.9360	0.0519s	0.3417	0.9200	0.9198
133
0265	0.0210	1.0000	0.2953	0.9360	0.0522s	0.3458	0.9210	0.9206
134
0266	0.0273	1.0000	0.2673	0.9400	0.0512s	0.3343	0.9210	0.9208
135
0267	0.0275	1.0000	0.2507	0.9440	0.0507s	0.3537	0.9210	0.9208
136
0268	0.0240	1.0000	0.2663	0.9400	0.0504s	0.3764	0.9200	0.9198
137
0269	0.0302	1.0000	0.2900	0.9380	0.0523s	0.3450	0.9200	0.9197
138
0270	0.0248	1.0000	0.2971	0.9380	0.0505s	0.3441	0.9220	0.9216
139
0271	0.0315	1.0000	0.2505	0.9420	0.0507s	0.3516	0.9230	0.9229
140
0272	0.0221	1.0000	0.2784	0.9400	0.0505s	0.3978	0.9180	0.9178
141
0273	0.0300	1.0000	0.2534	0.9420	0.0505s	0.3490	0.9230	0.9229
142
0274	0.0220	1.0000	0.2759	0.9380	0.0507s	0.3391	0.9220	0.9218
143
0275	0.0256	1.0000	0.3052	0.9360	0.0505s	0.3737	0.9180	0.9176
144
0276	0.0281	1.0000	0.2494	0.9380	0.0508s	0.3596	0.9240	0.9240
145
0277	0.0307	1.0000	0.2707	0.9400	0.0529s	0.3799	0.9230	0.9228
146
0278	0.0217	1.0000	0.3094	0.9360	0.0508s	0.3909	0.9200	0.9196
147
0279	0.0245	1.0000	0.2729	0.9380	0.0506s	0.3407	0.9220	0.9219
148
0280	0.0286	1.0000	0.2626	0.9420	0.0505s	0.3501	0.9220	0.9218
149
0281	0.0264	1.0000	0.3102	0.9380	0.0506s	0.4121	0.9210	0.9207
150
0282	0.0321	1.0000	0.2517	0.9420	0.0504s	0.3640	0.9240	0.9239
151
0283	0.0203	1.0000	0.2583	0.9400	0.0505s	0.3510	0.9240	0.9238
152
0284	0.0251	1.0000	0.3248	0.9340	0.0506s	0.3972	0.9200	0.9195
153
0285	0.0317	1.0000	0.2687	0.9440	0.0505s	0.3770	0.9220	0.9218
154
0286	0.0233	1.0000	0.2570	0.9420	0.0525s	0.3803	0.9240	0.9239
155
0287	0.0283	1.0000	0.2821	0.9420	0.0508s	0.3770	0.9210	0.9208
156
0288	0.0226	1.0000	0.3016	0.9440	0.0506s	0.3782	0.9200	0.9197
157
0289	0.0281	1.0000	0.2627	0.9420	0.0507s	0.3649	0.9240	0.9238
158
0290	0.0173	1.0000	0.2566	0.9420	0.0505s	0.3820	0.9250	0.9249
159
0291	0.0279	1.0000	0.2958	0.9400	0.0507s	0.3888	0.9200	0.9198
160
0292	0.0223	1.0000	0.2915	0.9420	0.0504s	0.3694	0.9210	0.9207
161
0293	0.0298	1.0000	0.2609	0.9420	0.0504s	0.3708	0.9210	0.9211
162
0294	0.0440	0.9833	0.3307	0.9340	0.0517s	0.4350	0.9160	0.9157
163
0295	0.0439	0.9833	0.2568	0.9400	0.0509s	0.3591	0.9260	0.9259
164
0296	0.0277	1.0000	0.2652	0.9400	0.0506s	0.3550	0.9240	0.9239
165
0297	0.0328	1.0000	0.3985	0.9240	0.0506s	0.4855	0.9070	0.9061
166
0298	0.0502	1.0000	0.2665	0.9420	0.0505s	0.3796	0.9240	0.9239
167
0299	0.0265	1.0000	0.2855	0.9360	0.0511s	0.3837	0.9110	0.9111
168
0300	0.0356	1.0000	0.2958	0.9400	0.0508s	0.3796	0.9240	0.9238
169
0301	0.0286	0.9833	0.3527	0.9280	0.0506s	0.4786	0.9150	0.9146
170
0302	0.0317	1.0000	0.3171	0.9340	0.0518s	0.4680	0.9140	0.9138
171
0303	0.0366	1.0000	0.2896	0.9340	0.0506s	0.4179	0.9090	0.9093
172
0304	0.0432	1.0000	0.3530	0.9280	0.0505s	0.4194	0.9080	0.9073
173
0305	0.0558	0.9833	0.3784	0.9320	0.0505s	0.4664	0.9130	0.9121
174
0306	0.0443	1.0000	0.2939	0.9360	0.0509s	0.4459	0.9180	0.9178
175
0307	0.0484	0.9833	0.2684	0.9380	0.0507s	0.4003	0.9120	0.9122
176
0308	0.0345	1.0000	0.3032	0.9380	0.0504s	0.3770	0.9170	0.9166
177
0309	0.0251	1.0000	0.3760	0.9200	0.0506s	0.4351	0.9040	0.9024
178
0310	0.0289	1.0000	0.3605	0.9340	0.0517s	0.4376	0.9150	0.9140
179
0311	0.0282	1.0000	0.2916	0.9360	0.0515s	0.4135	0.9210	0.9207
180
0312	0.0264	1.0000	0.2612	0.9380	0.0509s	0.4067	0.9180	0.9181
181
0313	0.0227	1.0000	0.2643	0.9460	0.0506s	0.4156	0.9150	0.9152
182
0314	0.0341	1.0000	0.2865	0.9360	0.0513s	0.3968	0.9240	0.9238
183
0315	0.0198	1.0000	0.3611	0.9280	0.0516s	0.4357	0.9130	0.9117
184
0316	0.0263	1.0000	0.3575	0.9280	0.0513s	0.4209	0.9120	0.9107
185
0317	0.0284	1.0000	0.2858	0.9420	0.0507s	0.3620	0.9260	0.9258
186
0318	0.0286	1.0000	0.2603	0.9400	0.0523s	0.3658	0.9250	0.9250
187
0319	0.0243	1.0000	0.2818	0.9400	0.0516s	0.4110	0.9160	0.9160
188
0320	0.0272	1.0000	0.2872	0.9420	0.0512s	0.4047	0.9200	0.9198
189
0321	0.0237	1.0000	0.2760	0.9420	0.0505s	0.3670	0.9240	0.9237
190
0322	0.0250	1.0000	0.2787	0.9360	0.0518s	0.3463	0.9300	0.9298
191
0323	0.0259	1.0000	0.2978	0.9420	0.0513s	0.3614	0.9280	0.9276
192
0324	0.0323	1.0000	0.2883	0.9420	0.0505s	0.3762	0.9240	0.9238
193
0325	0.0215	1.0000	0.2745	0.9500	0.0517s	0.3781	0.9220	0.9218
194
0326	0.0240	1.0000	0.2580	0.9460	0.0513s	0.3637	0.9210	0.9210
0
0327	0.0283	1.0000	0.2622	0.9460	0.0509s	0.3374	0.9290	0.9289
1
0328	0.0216	1.0000	0.3076	0.9400	0.0507s	0.3635	0.9220	0.9212
2
0329	0.0296	1.0000	0.2749	0.9420	0.0505s	0.3396	0.9270	0.9268
3
0330	0.0277	1.0000	0.2621	0.9480	0.0518s	0.3628	0.9240	0.9239
4
0331	0.0225	1.0000	0.2807	0.9460	0.0510s	0.3943	0.9180	0.9178
5
0332	0.0285	1.0000	0.2671	0.9440	0.0513s	0.3473	0.9270	0.9269
6
0333	0.0230	1.0000	0.2725	0.9360	0.0505s	0.3279	0.9280	0.9277
7
0334	0.0325	1.0000	0.2958	0.9400	0.0511s	0.3571	0.9250	0.9246
8
0335	0.0256	1.0000	0.2620	0.9460	0.0506s	0.3451	0.9270	0.9269
9
0336	0.0268	1.0000	0.2526	0.9480	0.0507s	0.3490	0.9240	0.9239
10
0337	0.0306	1.0000	0.2784	0.9420	0.0509s	0.3647	0.9260	0.9258
11
0338	0.0226	1.0000	0.2692	0.9420	0.0509s	0.3349	0.9280	0.9278
12
0339	0.0262	1.0000	0.2578	0.9380	0.0515s	0.3264	0.9290	0.9288
13
0340	0.0298	0.9833	0.2758	0.9460	0.0509s	0.3779	0.9240	0.9238
14
0341	0.0306	1.0000	0.2749	0.9420	0.0511s	0.3927	0.9200	0.9198
15
0342	0.0359	0.9833	0.2571	0.9380	0.0510s	0.3332	0.9240	0.9239
16
0343	0.0272	1.0000	0.3039	0.9400	0.0507s	0.3679	0.9200	0.9194
17
0344	0.0376	1.0000	0.3517	0.9260	0.0507s	0.4567	0.9190	0.9186
18
0345	0.0426	0.9667	0.2735	0.9320	0.0508s	0.4137	0.9190	0.9190
19
0346	0.0431	0.9833	0.2696	0.9420	0.0506s	0.3749	0.9250	0.9247
20
0347	0.0221	1.0000	0.3278	0.9360	0.0529s	0.3984	0.9200	0.9192
21
0348	0.0413	1.0000	0.2593	0.9360	0.0508s	0.3547	0.9260	0.9259
22
0349	0.0253	1.0000	0.2711	0.9400	0.0506s	0.4029	0.9210	0.9209
23
0350	0.0307	1.0000	0.3013	0.9360	0.0515s	0.4322	0.9210	0.9209
24
0351	0.0369	1.0000	0.2769	0.9420	0.0511s	0.3715	0.9270	0.9268
25
0352	0.0205	1.0000	0.2940	0.9340	0.0509s	0.3689	0.9250	0.9247
26
0353	0.0328	1.0000	0.2942	0.9440	0.0561s	0.3817	0.9270	0.9268
27
0354	0.0237	1.0000	0.2917	0.9440	0.0512s	0.4082	0.9240	0.9238
28
0355	0.0229	1.0000	0.2784	0.9400	0.0525s	0.4109	0.9190	0.9189
29
0356	0.0280	1.0000	0.2787	0.9440	0.0508s	0.3940	0.9240	0.9238
30
0357	0.0224	1.0000	0.2777	0.9440	0.0506s	0.3682	0.9280	0.9278
31
0358	0.0250	1.0000	0.3143	0.9400	0.0505s	0.3861	0.9220	0.9216
32
0359	0.0347	0.9833	0.2892	0.9460	0.0504s	0.3648	0.9260	0.9258
33
0360	0.0238	1.0000	0.2542	0.9380	0.0505s	0.3525	0.9270	0.9269
34
0361	0.0263	1.0000	0.2957	0.9460	0.0509s	0.3961	0.9240	0.9237
35
0362	0.0239	1.0000	0.2871	0.9460	0.0507s	0.3834	0.9250	0.9248
36
0363	0.0314	1.0000	0.2499	0.9400	0.0506s	0.3358	0.9290	0.9289
37
0364	0.0257	1.0000	0.2814	0.9420	0.0505s	0.3521	0.9240	0.9237
38
0365	0.0199	1.0000	0.3029	0.9420	0.0505s	0.3775	0.9230	0.9227
39
0366	0.0330	0.9833	0.2800	0.9280	0.0504s	0.3937	0.9030	0.9034
40
0367	0.0456	1.0000	0.2607	0.9440	0.0528s	0.3585	0.9250	0.9248
41
0368	0.0195	1.0000	0.3893	0.9260	0.0506s	0.4718	0.9170	0.9165
42
0369	0.0403	1.0000	0.2700	0.9420	0.0508s	0.3539	0.9270	0.9268
43
0370	0.0222	1.0000	0.2645	0.9440	0.0507s	0.3627	0.9130	0.9131
44
0371	0.0376	1.0000	0.2779	0.9420	0.0504s	0.3602	0.9270	0.9268
45
0372	0.0203	1.0000	0.3590	0.9340	0.0505s	0.4436	0.9210	0.9206
46
0373	0.0294	1.0000	0.3050	0.9420	0.0507s	0.4008	0.9250	0.9247
47
0374	0.0207	1.0000	0.2613	0.9440	0.0504s	0.3680	0.9220	0.9219
48
0375	0.0343	0.9833	0.2710	0.9400	0.0506s	0.3734	0.9260	0.9258
49
0376	0.0204	1.0000	0.3311	0.9420	0.0505s	0.4266	0.9240	0.9237
50
0377	0.0341	1.0000	0.2981	0.9420	0.0508s	0.4077	0.9240	0.9237
51
0378	0.0227	1.0000	0.2679	0.9400	0.0505s	0.3745	0.9250	0.9248
52
0379	0.0227	1.0000	0.2689	0.9420	0.0504s	0.3674	0.9260	0.9258
53
0380	0.0277	1.0000	0.2862	0.9420	0.0523s	0.3877	0.9240	0.9237
54
0381	0.0265	0.9833	0.2922	0.9420	0.0506s	0.3994	0.9230	0.9227
55
0382	0.0226	1.0000	0.2755	0.9440	0.0504s	0.3868	0.9230	0.9228
56
0383	0.0204	1.0000	0.2788	0.9420	0.0505s	0.3713	0.9260	0.9258
57
0384	0.0199	1.0000	0.2721	0.9420	0.0507s	0.3654	0.9250	0.9248
58
0385	0.0239	1.0000	0.2754	0.9440	0.0506s	0.3823	0.9230	0.9228
59
0386	0.0198	1.0000	0.2930	0.9420	0.0505s	0.3919	0.9220	0.9217
60
0387	0.0233	1.0000	0.2711	0.9420	0.0505s	0.3625	0.9230	0.9228
61
0388	0.0218	1.0000	0.2620	0.9400	0.0510s	0.3500	0.9260	0.9258
62
0389	0.0228	1.0000	0.2678	0.9420	0.0506s	0.3695	0.9230	0.9228
63
0390	0.0228	1.0000	0.3268	0.9360	0.0504s	0.4097	0.9200	0.9197
64
0391	0.0266	1.0000	0.2741	0.9420	0.0506s	0.3627	0.9230	0.9228
65
0392	0.0190	1.0000	0.2543	0.9380	0.0505s	0.3547	0.9230	0.9229
66
0393	0.0347	0.9833	0.4007	0.9300	0.0504s	0.4582	0.9200	0.9193
67
0394	0.0424	1.0000	0.2912	0.9420	0.0505s	0.3914	0.9220	0.9217
68
0395	0.0298	1.0000	0.3437	0.9100	0.0504s	0.4626	0.8870	0.8880
69
0396	0.0715	0.9833	1.0403	0.7840	0.0507s	0.9454	0.7950	0.7793
70
0397	0.2831	0.8833	2.0337	0.6680	0.0506s	2.2435	0.6420	0.5766
71
0398	1.1156	0.7667	1.8918	0.6940	0.0506s	1.6459	0.7190	0.6872
72
0399	0.3192	0.9167	3.5355	0.5560	0.0505s	3.0643	0.5920	0.5342
73
0400	0.7515	0.8333	0.4817	0.9020	0.0505s	0.5066	0.8980	0.8958
74
0401	0.0732	0.9833	0.3840	0.8940	0.0505s	0.5595	0.8460	0.8490
75
0402	0.1167	0.9167	0.9230	0.7460	0.0505s	1.1958	0.7100	0.7101
76
0403	0.1989	0.9167	1.2257	0.7240	0.0504s	1.4671	0.7140	0.6758
77
0404	0.2006	0.9500	1.5894	0.6840	0.0508s	1.8242	0.6780	0.6244
78
0405	0.3624	0.9167	1.0662	0.7260	0.0519s	1.3079	0.7150	0.6799
79
0406	0.1762	0.9833	0.7360	0.7680	0.0504s	0.9590	0.7460	0.7276
80
0407	0.1072	0.9500	0.5433	0.8180	0.0505s	0.7339	0.7830	0.7769
81
0408	0.0734	0.9833	0.4170	0.8580	0.0506s	0.5714	0.8370	0.8373
82
0409	0.0619	0.9833	0.3326	0.9000	0.0508s	0.4522	0.8670	0.8679
83
0410	0.0597	0.9833	0.2892	0.9240	0.0506s	0.3822	0.8940	0.8945
84
0411	0.0589	0.9833	0.2990	0.9280	0.0506s	0.3695	0.9120	0.9118
85
0412	0.0403	1.0000	0.3446	0.9140	0.0507s	0.3919	0.9060	0.9050
86
0413	0.0424	1.0000	0.3964	0.9040	0.0504s	0.4221	0.9000	0.8981
87
0414	0.0479	1.0000	0.4256	0.8920	0.0505s	0.4353	0.8910	0.8879
88
0415	0.0442	1.0000	0.4469	0.8900	0.0504s	0.4466	0.8840	0.8801
89
0416	0.0618	0.9833	0.4489	0.8800	0.0507s	0.4452	0.8740	0.8695
90
0417	0.0582	1.0000	0.4404	0.8820	0.0515s	0.4381	0.8750	0.8712
91
0418	0.0635	0.9833	0.4218	0.8920	0.0505s	0.4240	0.8820	0.8788
92
0419	0.0453	1.0000	0.4029	0.8960	0.0503s	0.4106	0.8900	0.8873
93
0420	0.0456	1.0000	0.3919	0.9020	0.0507s	0.4066	0.9000	0.8979
94
0421	0.0421	1.0000	0.3850	0.9020	0.0504s	0.4082	0.9050	0.9030
95
0422	0.0369	1.0000	0.3793	0.9100	0.0507s	0.4123	0.9030	0.9010
96
0423	0.0521	0.9833	0.3464	0.9180	0.0504s	0.3887	0.9090	0.9077
97
0424	0.0377	0.9833	0.3163	0.9280	0.0507s	0.3659	0.9150	0.9142
98
0425	0.0383	1.0000	0.2966	0.9320	0.0505s	0.3524	0.9140	0.9136
99
0426	0.0407	1.0000	0.2870	0.9320	0.0506s	0.3485	0.9210	0.9208
100
0427	0.0398	1.0000	0.2836	0.9320	0.0508s	0.3504	0.9210	0.9209
101
0428	0.0410	1.0000	0.2855	0.9320	0.0504s	0.3570	0.9220	0.9220
102
0429	0.0358	1.0000	0.2894	0.9300	0.0505s	0.3651	0.9230	0.9230
103
0430	0.0331	1.0000	0.2958	0.9340	0.0514s	0.3747	0.9220	0.9219
104
0431	0.0343	1.0000	0.3034	0.9360	0.0506s	0.3846	0.9190	0.9189
105
0432	0.0353	1.0000	0.3163	0.9340	0.0506s	0.3982	0.9160	0.9158
106
0433	0.0341	1.0000	0.3254	0.9360	0.0506s	0.4069	0.9160	0.9158
107
0434	0.0328	0.9833	0.3193	0.9360	0.0505s	0.3995	0.9190	0.9188
108
0435	0.0396	1.0000	0.3112	0.9400	0.0505s	0.3893	0.9200	0.9199
109
0436	0.0371	1.0000	0.3048	0.9400	0.0509s	0.3800	0.9230	0.9229
110
0437	0.0402	0.9833	0.3017	0.9380	0.0507s	0.3725	0.9230	0.9228
111
0438	0.0374	1.0000	0.3016	0.9360	0.0508s	0.3672	0.9230	0.9228
112
0439	0.0337	1.0000	0.3064	0.9360	0.0504s	0.3686	0.9220	0.9218
113
0440	0.0344	1.0000	0.3115	0.9340	0.0503s	0.3713	0.9220	0.9218
114
0441	0.0360	1.0000	0.3217	0.9360	0.0514s	0.3803	0.9240	0.9238
115
0442	0.0336	1.0000	0.3317	0.9380	0.0504s	0.3889	0.9240	0.9237
116
0443	0.0359	1.0000	0.3314	0.9380	0.0511s	0.3881	0.9240	0.9237
117
0444	0.0306	1.0000	0.3306	0.9400	0.0503s	0.3875	0.9240	0.9237
118
0445	0.0359	1.0000	0.3220	0.9380	0.0506s	0.3785	0.9240	0.9237
119
0446	0.0336	1.0000	0.3105	0.9400	0.0505s	0.3666	0.9220	0.9217
120
0447	0.0356	1.0000	0.3051	0.9380	0.0511s	0.3634	0.9220	0.9217
121
0448	0.0331	1.0000	0.3048	0.9380	0.0505s	0.3674	0.9220	0.9217
122
0449	0.0285	1.0000	0.3070	0.9380	0.0508s	0.3754	0.9230	0.9228
123
0450	0.0393	0.9833	0.3097	0.9380	0.0507s	0.3840	0.9230	0.9228
124
0451	0.0344	1.0000	0.2977	0.9400	0.0505s	0.3752	0.9230	0.9228
125
0452	0.0405	1.0000	0.2898	0.9420	0.0511s	0.3711	0.9230	0.9227
126
0453	0.0304	1.0000	0.2836	0.9420	0.0516s	0.3677	0.9230	0.9227
127
0454	0.0353	1.0000	0.2880	0.9420	0.0505s	0.3766	0.9220	0.9218
128
0455	0.0311	1.0000	0.2966	0.9420	0.0531s	0.3889	0.9220	0.9218
129
0456	0.0269	1.0000	0.2915	0.9420	0.0524s	0.3845	0.9220	0.9218
130
0457	0.0289	1.0000	0.2718	0.9420	0.0520s	0.3609	0.9250	0.9248
131
0458	0.0271	1.0000	0.2631	0.9420	0.0519s	0.3475	0.9250	0.9248
132
0459	0.0435	0.9833	0.2661	0.9420	0.0530s	0.3514	0.9250	0.9248
133
0460	0.0289	1.0000	0.2808	0.9420	0.0521s	0.3687	0.9230	0.9228
134
0461	0.0238	1.0000	0.2974	0.9460	0.0517s	0.3867	0.9220	0.9218
135
0462	0.0297	1.0000	0.2816	0.9420	0.0511s	0.3645	0.9240	0.9237
136
0463	0.0251	1.0000	0.2696	0.9420	0.0508s	0.3466	0.9250	0.9248
137
0464	0.0234	1.0000	0.2697	0.9420	0.0514s	0.3449	0.9250	0.9248
138
0465	0.0355	1.0000	0.2841	0.9440	0.0507s	0.3624	0.9260	0.9258
139
0466	0.0298	1.0000	0.2890	0.9440	0.0505s	0.3675	0.9220	0.9217
140
0467	0.0341	1.0000	0.2825	0.9440	0.0505s	0.3586	0.9250	0.9247
141
0468	0.0259	1.0000	0.2792	0.9440	0.0505s	0.3549	0.9250	0.9247
142
0469	0.0287	1.0000	0.2764	0.9440	0.0505s	0.3524	0.9250	0.9248
143
0470	0.0255	1.0000	0.2782	0.9440	0.0507s	0.3572	0.9250	0.9248
144
0471	0.0269	1.0000	0.2751	0.9440	0.0511s	0.3555	0.9250	0.9248
145
0472	0.0291	1.0000	0.2721	0.9440	0.0504s	0.3516	0.9240	0.9238
146
0473	0.0278	1.0000	0.2669	0.9440	0.0507s	0.3448	0.9240	0.9238
147
0474	0.0313	1.0000	0.2650	0.9440	0.0507s	0.3408	0.9230	0.9228
148
0475	0.0311	0.9833	0.2719	0.9440	0.0508s	0.3480	0.9230	0.9228
149
0476	0.0311	1.0000	0.2817	0.9440	0.0528s	0.3575	0.9240	0.9237
150
0477	0.0271	1.0000	0.2866	0.9440	0.0508s	0.3622	0.9240	0.9237
151
0478	0.0305	1.0000	0.2741	0.9440	0.0508s	0.3468	0.9240	0.9238
152
0479	0.0257	1.0000	0.2637	0.9440	0.0508s	0.3350	0.9240	0.9237
153
0480	0.0288	1.0000	0.2648	0.9440	0.0505s	0.3370	0.9230	0.9228
154
0481	0.0304	1.0000	0.2730	0.9440	0.0506s	0.3463	0.9240	0.9238
155
0482	0.0282	1.0000	0.2750	0.9440	0.0506s	0.3491	0.9240	0.9238
156
0483	0.0236	0.9833	0.2734	0.9440	0.0504s	0.3485	0.9250	0.9248
157
0484	0.0273	1.0000	0.2620	0.9440	0.0505s	0.3376	0.9240	0.9238
158
0485	0.0279	1.0000	0.2667	0.9440	0.0504s	0.3446	0.9250	0.9249
159
0486	0.0266	1.0000	0.2716	0.9440	0.0507s	0.3497	0.9240	0.9238
160
0487	0.0284	1.0000	0.2732	0.9440	0.0508s	0.3491	0.9240	0.9238
161
0488	0.0263	1.0000	0.2703	0.9440	0.0506s	0.3431	0.9250	0.9248
162
0489	0.0296	1.0000	0.2650	0.9440	0.0505s	0.3324	0.9270	0.9268
163
0490	0.0258	1.0000	0.2708	0.9440	0.0507s	0.3358	0.9260	0.9257
164
0491	0.0240	1.0000	0.2792	0.9440	0.0506s	0.3433	0.9270	0.9267
165
0492	0.0313	1.0000	0.2769	0.9440	0.0506s	0.3399	0.9270	0.9267
166
0493	0.0250	1.0000	0.2717	0.9440	0.0507s	0.3358	0.9260	0.9257
167
0494	0.0294	1.0000	0.2659	0.9440	0.0505s	0.3309	0.9270	0.9268
168
0495	0.0265	1.0000	0.2695	0.9440	0.0508s	0.3391	0.9270	0.9268
169
0496	0.0324	1.0000	0.2643	0.9420	0.0503s	0.3353	0.9270	0.9268
170
0497	0.0282	1.0000	0.2665	0.9440	0.0505s	0.3397	0.9280	0.9278
171
0498	0.0278	1.0000	0.2626	0.9420	0.0508s	0.3357	0.9270	0.9268
172
0499	0.0332	0.9833	0.2692	0.9440	0.0506s	0.3435	0.9280	0.9278
173
0500	0.0265	1.0000	0.2642	0.9420	0.0505s	0.3365	0.9280	0.9278
174
0501	0.0385	1.0000	0.2866	0.9440	0.0512s	0.3629	0.9250	0.9248
175
0502	0.0275	1.0000	0.2789	0.9440	0.0506s	0.3513	0.9270	0.9268
176
0503	0.0207	1.0000	0.2663	0.9420	0.0504s	0.3352	0.9270	0.9268
177
0504	0.0265	1.0000	0.2679	0.9440	0.0504s	0.3361	0.9270	0.9268
178
0505	0.0263	1.0000	0.2714	0.9440	0.0505s	0.3416	0.9270	0.9268
179
0506	0.0226	1.0000	0.2859	0.9440	0.0507s	0.3610	0.9270	0.9268
180
0507	0.0236	1.0000	0.2803	0.9440	0.0506s	0.3580	0.9270	0.9268
181
0508	0.0224	1.0000	0.2575	0.9420	0.0530s	0.3350	0.9280	0.9278
182
0509	0.0265	1.0000	0.2595	0.9420	0.0508s	0.3385	0.9280	0.9278
183
0510	0.0213	1.0000	0.2813	0.9440	0.0506s	0.3628	0.9270	0.9268
184
0511	0.0273	1.0000	0.2782	0.9440	0.0505s	0.3577	0.9270	0.9268
185
0512	0.0269	1.0000	0.2585	0.9420	0.0506s	0.3321	0.9280	0.9278
186
0513	0.0294	1.0000	0.2620	0.9420	0.0507s	0.3338	0.9280	0.9278
187
0514	0.0241	1.0000	0.2846	0.9440	0.0504s	0.3583	0.9270	0.9268
188
0515	0.0301	1.0000	0.2855	0.9440	0.0505s	0.3595	0.9270	0.9268
189
0516	0.0356	1.0000	0.2632	0.9420	0.0505s	0.3331	0.9280	0.9278
190
0517	0.0254	1.0000	0.2674	0.9420	0.0508s	0.3388	0.9280	0.9278
191
0518	0.0348	1.0000	0.3119	0.9400	0.0507s	0.3886	0.9270	0.9267
192
0519	0.0318	1.0000	0.2831	0.9440	0.0505s	0.3625	0.9270	0.9268
193
0520	0.0279	1.0000	0.2499	0.9440	0.0505s	0.3314	0.9310	0.9309
194
0521	0.0306	0.9833	0.2500	0.9440	0.0511s	0.3361	0.9310	0.9309
195
0522	0.0240	1.0000	0.2942	0.9400	0.0517s	0.3848	0.9290	0.9288
196
0523	0.0301	1.0000	0.2915	0.9400	0.0510s	0.3788	0.9280	0.9278
197
0524	0.0279	1.0000	0.2608	0.9420	0.0508s	0.3433	0.9290	0.9288
198
0525	0.0224	1.0000	0.2551	0.9460	0.0508s	0.3339	0.9300	0.9299
199
Early stop! Min loss:0.22012247145175934,  Max accuracy:0.9500000000000001
Early stop model validation loss:0.22012247145175934,  accuracy:0.9440000000000001
Optimization Finished!
Total time elapsed: 27.1396s
test max acc:0.9310
Loading 109th epoch
stru_node_to_hop attention:tensor([[0.3299, 0.3352, 0.3349],
        [0.3333, 0.3333, 0.3333],
        [0.3333, 0.3334, 0.3334],
        [0.3327, 0.3337, 0.3337],
        [0.3333, 0.3333, 0.3333],
        [0.3310, 0.3349, 0.3341],
        [0.3335, 0.3332, 0.3333],
        [0.3334, 0.3333, 0.3333],
        [0.3333, 0.3333, 0.3334],
        [0.3299, 0.3349, 0.3352],
        [0.3332, 0.3333, 0.3335],
        [0.3333, 0.3333, 0.3333],
        [0.3327, 0.3337, 0.3336],
        [0.3333, 0.3333, 0.3333],
        [0.3334, 0.3333, 0.3333],
        [0.3347, 0.3327, 0.3326],
        [0.3334, 0.3333, 0.3333],
        [0.3282, 0.3363, 0.3355],
        [0.3334, 0.3333, 0.3333],
        [0.3333, 0.3333, 0.3333],
        [0.3329, 0.3335, 0.3335],
        [0.3334, 0.3333, 0.3333],
        [0.3388, 0.3293, 0.3319],
        [0.3333, 0.3333, 0.3333],
        [0.3331, 0.3335, 0.3334],
        [0.3335, 0.3333, 0.3333],
        [0.3332, 0.3334, 0.3334],
        [0.3319, 0.3340, 0.3341],
        [0.3333, 0.3333, 0.3333],
        [0.3323, 0.3336, 0.3341],
        [0.3322, 0.3344, 0.3335],
        [0.3333, 0.3333, 0.3333],
        [0.3280, 0.3358, 0.3362],
        [0.3340, 0.3317, 0.3343],
        [0.3327, 0.3331, 0.3342],
        [0.3333, 0.3334, 0.3334],
        [0.3334, 0.3333, 0.3333],
        [0.3323, 0.3337, 0.3339],
        [0.3319, 0.3338, 0.3343],
        [0.3417, 0.3293, 0.3290],
        [0.3334, 0.3333, 0.3333],
        [0.3249, 0.3376, 0.3375],
        [0.3333, 0.3333, 0.3333],
        [0.3334, 0.3333, 0.3333],
        [0.3330, 0.3336, 0.3334],
        [0.3330, 0.3335, 0.3335],
        [0.3330, 0.3334, 0.3335],
        [0.3335, 0.3333, 0.3332],
        [0.3335, 0.3330, 0.3335],
        [0.3330, 0.3335, 0.3335],
        [0.3335, 0.3331, 0.3334],
        [0.3320, 0.3342, 0.3338],
        [0.3332, 0.3334, 0.3334],
        [0.3335, 0.3332, 0.3332],
        [0.3333, 0.3333, 0.3333],
        [0.3333, 0.3333, 0.3333],
        [0.3328, 0.3336, 0.3336],
        [0.3317, 0.3335, 0.3348],
        [0.3333, 0.3333, 0.3334],
        [0.3333, 0.3333, 0.3333],
        [0.3333, 0.3333, 0.3333],
        [0.3334, 0.3333, 0.3333],
        [0.3331, 0.3335, 0.3335],
        [0.3324, 0.3338, 0.3339],
        [0.3333, 0.3333, 0.3333],
        [0.3333, 0.3333, 0.3333],
        [0.3302, 0.3347, 0.3351],
        [0.3333, 0.3333, 0.3334],
        [0.3295, 0.3357, 0.3349],
        [0.3334, 0.3333, 0.3333],
        [0.3190, 0.3426, 0.3384],
        [0.3299, 0.3336, 0.3364],
        [0.3333, 0.3333, 0.3333],
        [0.3333, 0.3333, 0.3333],
        [0.3334, 0.3333, 0.3333],
        [0.3334, 0.3333, 0.3333],
        [0.3334, 0.3333, 0.3333],
        [0.3333, 0.3333, 0.3333],
        [0.3333, 0.3333, 0.3333],
        [0.3334, 0.3333, 0.3333],
        [0.3331, 0.3335, 0.3335],
        [0.3413, 0.3295, 0.3292],
        [0.3333, 0.3334, 0.3334],
        [0.3332, 0.3334, 0.3334],
        [0.3310, 0.3344, 0.3346],
        [0.3330, 0.3335, 0.3335],
        [0.3333, 0.3333, 0.3333],
        [0.3331, 0.3334, 0.3334],
        [0.3333, 0.3333, 0.3333],
        [0.3333, 0.3333, 0.3333],
        [0.3333, 0.3333, 0.3333],
        [0.3329, 0.3329, 0.3342],
        [0.3333, 0.3333, 0.3333],
        [0.3333, 0.3333, 0.3333],
        [0.3323, 0.3338, 0.3339],
        [0.3282, 0.3352, 0.3367],
        [0.3333, 0.3333, 0.3333],
        [0.3334, 0.3333, 0.3333],
        [0.3333, 0.3333, 0.3333],
        [0.3333, 0.3333, 0.3333]], device='cuda:1')
fea_node_to_hop attention:tensor([[0.1981, 0.2005, 0.2005, 0.2004, 0.2004],
        [0.2000, 0.2000, 0.2000, 0.2000, 0.2000],
        [0.1999, 0.2000, 0.2000, 0.2000, 0.2000],
        [0.1996, 0.1997, 0.2002, 0.2002, 0.2002],
        [0.2000, 0.2000, 0.2000, 0.2000, 0.2000],
        [0.2003, 0.1996, 0.1999, 0.2000, 0.2002],
        [0.2002, 0.1998, 0.2000, 0.2000, 0.2000],
        [0.2000, 0.2000, 0.2000, 0.2000, 0.2000],
        [0.2000, 0.2000, 0.2000, 0.2000, 0.2000],
        [0.1994, 0.1999, 0.2004, 0.2002, 0.2001],
        [0.1995, 0.2001, 0.2001, 0.2001, 0.2001],
        [0.2000, 0.2000, 0.2000, 0.2000, 0.2000],
        [0.1993, 0.2001, 0.2003, 0.2002, 0.2002],
        [0.2000, 0.2000, 0.2000, 0.2000, 0.2000],
        [0.2001, 0.1999, 0.2000, 0.2000, 0.2000],
        [0.2009, 0.1998, 0.1997, 0.1998, 0.1998],
        [0.2000, 0.2000, 0.2000, 0.2000, 0.2000],
        [0.1988, 0.2014, 0.2001, 0.1999, 0.1998],
        [0.2000, 0.2000, 0.2000, 0.2000, 0.2000],
        [0.2027, 0.1994, 0.1989, 0.1994, 0.1996],
        [0.1998, 0.1999, 0.2000, 0.2001, 0.2001],
        [0.2000, 0.2000, 0.2000, 0.2000, 0.2000],
        [0.1950, 0.2036, 0.2018, 0.2004, 0.1993],
        [0.2000, 0.2000, 0.2000, 0.2000, 0.2000],
        [0.1999, 0.2000, 0.2000, 0.2000, 0.2000],
        [0.2000, 0.2000, 0.2000, 0.2000, 0.2000],
        [0.2001, 0.1999, 0.2000, 0.2000, 0.2000],
        [0.1983, 0.2011, 0.2002, 0.2002, 0.2001],
        [0.2000, 0.2000, 0.2000, 0.2000, 0.2000],
        [0.1997, 0.2000, 0.2001, 0.2001, 0.2000],
        [0.1998, 0.1997, 0.2002, 0.2001, 0.2002],
        [0.2000, 0.2000, 0.2000, 0.2000, 0.2000],
        [0.1964, 0.2033, 0.2018, 0.1998, 0.1987],
        [0.1937, 0.2018, 0.2017, 0.2016, 0.2011],
        [0.1997, 0.2005, 0.2000, 0.1999, 0.1999],
        [0.2000, 0.2000, 0.2000, 0.2000, 0.2000],
        [0.2000, 0.2000, 0.2000, 0.2000, 0.2000],
        [0.1991, 0.2003, 0.2004, 0.2002, 0.2000],
        [0.2000, 0.1978, 0.2012, 0.2005, 0.2005],
        [0.1984, 0.2017, 0.2008, 0.1999, 0.1992],
        [0.2000, 0.2000, 0.2000, 0.2000, 0.2000],
        [0.1983, 0.1982, 0.2005, 0.2013, 0.2016],
        [0.2000, 0.2000, 0.2000, 0.2000, 0.2000],
        [0.2000, 0.2000, 0.2000, 0.2000, 0.2000],
        [0.1992, 0.2003, 0.2003, 0.2002, 0.2000],
        [0.1989, 0.2007, 0.2002, 0.2002, 0.2000],
        [0.1994, 0.2001, 0.2002, 0.2002, 0.2001],
        [0.2004, 0.1998, 0.1999, 0.1999, 0.2000],
        [0.2000, 0.2000, 0.2001, 0.2000, 0.1999],
        [0.1999, 0.1999, 0.2000, 0.2001, 0.2001],
        [0.1994, 0.2006, 0.2001, 0.2000, 0.1998],
        [0.1995, 0.1996, 0.2001, 0.2003, 0.2005],
        [0.1999, 0.2000, 0.2000, 0.2000, 0.2001],
        [0.2002, 0.1999, 0.1999, 0.2000, 0.2000],
        [0.2000, 0.2000, 0.2000, 0.2000, 0.2000],
        [0.2000, 0.2000, 0.2000, 0.2000, 0.2000],
        [0.1997, 0.2000, 0.2001, 0.2001, 0.2000],
        [0.1982, 0.2002, 0.2009, 0.2006, 0.2002],
        [0.2002, 0.1999, 0.2000, 0.2000, 0.2000],
        [0.1997, 0.2002, 0.2001, 0.2000, 0.2000],
        [0.2000, 0.2000, 0.2000, 0.2000, 0.2000],
        [0.2000, 0.2000, 0.2000, 0.2000, 0.2000],
        [0.1997, 0.2001, 0.2002, 0.2000, 0.2000],
        [0.1990, 0.2005, 0.2002, 0.2002, 0.2002],
        [0.1999, 0.2001, 0.2000, 0.2000, 0.2000],
        [0.2000, 0.2000, 0.2000, 0.2000, 0.2000],
        [0.1985, 0.2002, 0.2003, 0.2005, 0.2005],
        [0.1998, 0.2001, 0.2001, 0.2000, 0.2000],
        [0.1967, 0.2010, 0.2006, 0.2008, 0.2008],
        [0.2000, 0.2000, 0.2000, 0.2000, 0.2000],
        [0.1956, 0.2007, 0.2005, 0.2014, 0.2018],
        [0.1962, 0.2021, 0.2016, 0.2005, 0.1996],
        [0.1981, 0.2009, 0.2005, 0.2003, 0.2001],
        [0.2000, 0.2000, 0.2000, 0.2000, 0.2000],
        [0.2000, 0.2000, 0.2000, 0.2000, 0.2000],
        [0.2000, 0.2000, 0.2000, 0.2000, 0.2000],
        [0.2000, 0.2000, 0.2000, 0.2000, 0.2000],
        [0.2006, 0.1988, 0.2011, 0.2000, 0.1996],
        [0.1977, 0.2010, 0.2013, 0.2003, 0.1997],
        [0.1999, 0.2001, 0.2001, 0.2000, 0.1999],
        [0.1998, 0.1999, 0.2002, 0.2001, 0.2000],
        [0.2005, 0.1995, 0.2004, 0.1999, 0.1997],
        [0.1999, 0.2001, 0.2000, 0.2000, 0.2000],
        [0.1999, 0.2001, 0.2000, 0.2000, 0.2000],
        [0.1975, 0.2008, 0.2007, 0.2006, 0.2004],
        [0.1997, 0.2001, 0.2001, 0.2001, 0.2001],
        [0.1999, 0.2000, 0.2000, 0.2000, 0.2000],
        [0.1981, 0.2008, 0.2008, 0.2004, 0.1999],
        [0.2000, 0.2000, 0.2000, 0.2000, 0.2000],
        [0.2000, 0.2000, 0.2000, 0.2000, 0.2000],
        [0.1999, 0.2000, 0.2000, 0.2000, 0.2000],
        [0.2001, 0.1996, 0.2003, 0.2001, 0.1999],
        [0.2000, 0.2000, 0.2000, 0.2000, 0.2000],
        [0.2000, 0.2000, 0.2000, 0.2000, 0.2000],
        [0.1984, 0.1994, 0.2004, 0.2008, 0.2010],
        [0.1968, 0.2023, 0.2006, 0.2003, 0.2000],
        [0.2000, 0.2000, 0.2000, 0.2000, 0.2000],
        [0.2000, 0.2000, 0.2000, 0.2000, 0.2000],
        [0.2039, 0.1991, 0.1992, 0.1988, 0.1990],
        [0.1986, 0.2007, 0.2005, 0.2002, 0.1999]], device='cuda:1')
perception attention:tensor([0.3760, 0.6240], device='cuda:1')
Test set results: loss= 0.3121 accuracy= 0.9270 F1_score= 0.9270
