# epoch	loss_train	acc_train	loss_val	acc_val	time	acc_test	f1_test
0001	1.0977	0.3167	0.9763	0.6720	0.0502s	0.9743	0.6980	0.6316
0
0002	0.8809	0.8333	0.7567	0.7680	0.0506s	0.7553	0.8020	0.7830
0
0003	0.5863	0.9333	0.5277	0.9080	0.0544s	0.5417	0.8850	0.8848
0
0004	0.3534	0.9833	0.3760	0.9140	0.0504s	0.3999	0.8910	0.8907
0
0005	0.2502	0.9833	0.2971	0.9080	0.0670s	0.3234	0.8970	0.8963
0
0006	0.1692	1.0000	0.2568	0.9020	0.0545s	0.3033	0.8890	0.8897
0
0007	0.1289	1.0000	0.2445	0.9140	0.0585s	0.2860	0.8970	0.8964
0
0008	0.1187	1.0000	0.2689	0.9220	0.0509s	0.3152	0.8990	0.8985
0
0009	0.0687	1.0000	0.2634	0.9280	0.0517s	0.3205	0.8980	0.8976
0
0010	0.0760	1.0000	0.2693	0.9120	0.0505s	0.3476	0.8900	0.8909
0
0011	0.0767	0.9667	0.2920	0.9140	0.0506s	0.3558	0.8880	0.8884
1
0012	0.0672	1.0000	0.3166	0.9120	0.0530s	0.3485	0.9050	0.9041
2
0013	0.0657	0.9833	0.3512	0.9200	0.0507s	0.3825	0.9090	0.9080
3
0014	0.0508	1.0000	0.3929	0.9160	0.0573s	0.4270	0.9070	0.9061
4
0015	0.0606	0.9833	0.3350	0.9260	0.0506s	0.3951	0.9090	0.9084
5
0016	0.0609	1.0000	0.2999	0.9220	0.0506s	0.3881	0.9050	0.9052
6
0017	0.0467	1.0000	0.3046	0.9180	0.0501s	0.4013	0.9040	0.9046
7
0018	0.0462	1.0000	0.3047	0.9280	0.0505s	0.3894	0.9070	0.9073
8
0019	0.0447	0.9833	0.3082	0.9260	0.0561s	0.3825	0.9060	0.9062
0
0020	0.0489	1.0000	0.3169	0.9240	0.0509s	0.3732	0.9140	0.9138
1
0021	0.0574	0.9833	0.3316	0.9240	0.0519s	0.3713	0.9160	0.9156
2
0022	0.0585	0.9833	0.3513	0.9200	0.0506s	0.3746	0.9140	0.9134
3
0023	0.0561	1.0000	0.3683	0.9160	0.0504s	0.3848	0.9090	0.9083
4
0024	0.0377	1.0000	0.3577	0.9200	0.0528s	0.3786	0.9120	0.9114
5
0025	0.0432	1.0000	0.3318	0.9240	0.0519s	0.3602	0.9170	0.9165
6
0026	0.0386	1.0000	0.3215	0.9260	0.0577s	0.3571	0.9160	0.9157
7
0027	0.0377	1.0000	0.3113	0.9280	0.0507s	0.3608	0.9150	0.9148
8
0028	0.0535	1.0000	0.2909	0.9240	0.0504s	0.3468	0.9150	0.9149
0
0029	0.0366	1.0000	0.2860	0.9220	0.0505s	0.3462	0.9160	0.9160
1
0030	0.0455	1.0000	0.2966	0.9240	0.0508s	0.3335	0.9180	0.9178
2
0031	0.0433	1.0000	0.3074	0.9280	0.0554s	0.3392	0.9180	0.9177
3
0032	0.0466	1.0000	0.2909	0.9260	0.0520s	0.3301	0.9190	0.9187
0
0033	0.0412	1.0000	0.2683	0.9240	0.0539s	0.3284	0.9140	0.9140
1
0034	0.0435	0.9667	0.2679	0.9260	0.0508s	0.3248	0.9170	0.9170
2
0035	0.0485	1.0000	0.3087	0.9260	0.0505s	0.3336	0.9220	0.9215
3
0036	0.0452	0.9833	0.3213	0.9280	0.0529s	0.3374	0.9180	0.9172
4
0037	0.0541	1.0000	0.2645	0.9260	0.0507s	0.3377	0.9130	0.9132
0
0038	0.0491	1.0000	0.2566	0.9240	0.0574s	0.3348	0.9140	0.9141
1
0039	0.0585	1.0000	0.3586	0.9240	0.0516s	0.4025	0.9100	0.9094
2
0040	0.0739	1.0000	0.3439	0.9200	0.0506s	0.3547	0.9120	0.9109
3
0041	0.0457	1.0000	0.3197	0.9260	0.0506s	0.3453	0.9140	0.9135
4
0042	0.0538	1.0000	0.2713	0.9280	0.0505s	0.3426	0.9100	0.9102
5
0043	0.0553	1.0000	0.2757	0.9260	0.0554s	0.3577	0.9150	0.9149
0
0044	0.0559	0.9667	0.3365	0.9180	0.0505s	0.3932	0.9120	0.9116
1
0045	0.0630	0.9833	0.2887	0.9300	0.0530s	0.3269	0.9180	0.9174
2
0046	0.0547	0.9833	0.3129	0.9240	0.0509s	0.3537	0.9040	0.9036
0
0047	0.0572	1.0000	0.2753	0.9260	0.0504s	0.3355	0.9140	0.9141
1
0048	0.0470	1.0000	0.2625	0.9320	0.0525s	0.3368	0.9190	0.9188
2
0049	0.0327	1.0000	0.3177	0.9200	0.0505s	0.3913	0.9120	0.9117
0
0050	0.0417	1.0000	0.2818	0.9280	0.0577s	0.3548	0.9190	0.9186
1
0051	0.0500	0.9833	0.2810	0.9360	0.0514s	0.3234	0.9190	0.9185
2
0052	0.0507	1.0000	0.3177	0.9280	0.0505s	0.3474	0.9120	0.9113
0
0053	0.0446	1.0000	0.2882	0.9300	0.0503s	0.3298	0.9120	0.9116
1
0054	0.0378	1.0000	0.2518	0.9340	0.0505s	0.3137	0.9240	0.9239
2
0055	0.0429	1.0000	0.2751	0.9280	0.0557s	0.3431	0.9230	0.9226
3
0056	0.0384	1.0000	0.3253	0.9200	0.0504s	0.3895	0.9130	0.9127
4
0057	0.0589	1.0000	0.2556	0.9320	0.0528s	0.3283	0.9250	0.9247
5
0058	0.0443	1.0000	0.2843	0.9300	0.0509s	0.3696	0.8970	0.8975
6
0059	0.0464	1.0000	0.2918	0.9280	0.0509s	0.3494	0.9040	0.9038
7
0060	0.0516	1.0000	0.3389	0.9260	0.0788s	0.3591	0.9170	0.9158
8
0061	0.0530	1.0000	0.4279	0.9120	0.0614s	0.4382	0.9070	0.9051
9
0062	0.0650	1.0000	0.3105	0.9200	0.0880s	0.3726	0.9160	0.9156
10
0063	0.0431	0.9833	0.2564	0.9320	0.0834s	0.3578	0.9110	0.9114
11
0064	0.0539	1.0000	0.2489	0.9300	0.0792s	0.3289	0.9120	0.9122
12
0065	0.0469	1.0000	0.3018	0.9300	0.0639s	0.3333	0.9140	0.9133
13
0066	0.0404	1.0000	0.4453	0.8860	0.0689s	0.4427	0.8880	0.8849
14
0067	0.0434	1.0000	0.3852	0.9060	0.0598s	0.3987	0.9050	0.9029
15
0068	0.0409	1.0000	0.2711	0.9300	0.0657s	0.3298	0.9210	0.9207
16
0069	0.0380	1.0000	0.2456	0.9400	0.0601s	0.3408	0.9170	0.9171
17
0070	0.0439	1.0000	0.2469	0.9320	0.0682s	0.3471	0.9100	0.9103
0
0071	0.0443	1.0000	0.2408	0.9400	0.0600s	0.3137	0.9200	0.9199
1
0072	0.0316	1.0000	0.2898	0.9300	0.0633s	0.3331	0.9190	0.9182
0
0073	0.0409	0.9833	0.3393	0.9220	0.0599s	0.3663	0.9080	0.9067
1
0074	0.0565	0.9833	0.2869	0.9300	0.0657s	0.3296	0.9180	0.9171
2
0075	0.0347	1.0000	0.2490	0.9360	0.0597s	0.3208	0.9250	0.9248
3
0076	0.0293	1.0000	0.2497	0.9320	0.0592s	0.3470	0.9180	0.9179
4
0077	0.0439	1.0000	0.2294	0.9380	0.0519s	0.3269	0.9180	0.9179
5
0078	0.0367	1.0000	0.2256	0.9380	0.0704s	0.3011	0.9180	0.9181
0
0079	0.0392	1.0000	0.2527	0.9360	0.0589s	0.2994	0.9240	0.9236
0
0080	0.0369	1.0000	0.3021	0.9300	0.0586s	0.3426	0.9190	0.9180
1
0081	0.0390	1.0000	0.2630	0.9320	0.0524s	0.3146	0.9240	0.9234
2
0082	0.0373	1.0000	0.2302	0.9440	0.0578s	0.2909	0.9230	0.9227
3
0083	0.0363	1.0000	0.2205	0.9460	0.0506s	0.2914	0.9210	0.9208
0
0084	0.0331	1.0000	0.2229	0.9460	0.0505s	0.3016	0.9220	0.9218
0
0085	0.0328	1.0000	0.2378	0.9440	0.0505s	0.3151	0.9260	0.9257
0
0086	0.0326	1.0000	0.2393	0.9400	0.0508s	0.3067	0.9240	0.9236
1
0087	0.0336	1.0000	0.2360	0.9480	0.0564s	0.2913	0.9240	0.9239
2
0088	0.0395	1.0000	0.2383	0.9420	0.0505s	0.2934	0.9240	0.9239
0
0089	0.0339	1.0000	0.2453	0.9420	0.0537s	0.3134	0.9240	0.9236
1
0090	0.0269	1.0000	0.2869	0.9340	0.0505s	0.3644	0.9180	0.9174
2
0091	0.0424	1.0000	0.2244	0.9460	0.0513s	0.3020	0.9270	0.9267
3
0092	0.0303	1.0000	0.2244	0.9480	0.0521s	0.2934	0.9260	0.9259
4
0093	0.0409	0.9833	0.2396	0.9420	0.0505s	0.2978	0.9240	0.9237
0
0094	0.0333	1.0000	0.2686	0.9380	0.0577s	0.3333	0.9230	0.9225
1
0095	0.0423	1.0000	0.2194	0.9440	0.0515s	0.3002	0.9250	0.9249
2
0096	0.0318	1.0000	0.2199	0.9440	0.0513s	0.3082	0.9270	0.9270
0
0097	0.0346	1.0000	0.2417	0.9460	0.0507s	0.3117	0.9250	0.9246
1
0098	0.0340	1.0000	0.3121	0.9300	0.0505s	0.3735	0.9170	0.9163
2
0099	0.0520	1.0000	0.2301	0.9440	0.0537s	0.2988	0.9250	0.9249
3
0100	0.0325	1.0000	0.2290	0.9420	0.0505s	0.3054	0.9240	0.9240
4
0101	0.0337	1.0000	0.2310	0.9460	0.0573s	0.3064	0.9270	0.9269
5
0102	0.0232	1.0000	0.2691	0.9360	0.0505s	0.3366	0.9220	0.9216
6
0103	0.0437	1.0000	0.2296	0.9460	0.0523s	0.2925	0.9290	0.9289
7
0104	0.0398	1.0000	0.2339	0.9440	0.0505s	0.2913	0.9250	0.9249
8
0105	0.0311	1.0000	0.2397	0.9440	0.0507s	0.3078	0.9260	0.9259
9
0106	0.0324	1.0000	0.2487	0.9420	0.0546s	0.3142	0.9260	0.9258
10
0107	0.0362	1.0000	0.2255	0.9460	0.0506s	0.2922	0.9290	0.9289
11
0108	0.0386	1.0000	0.2497	0.9420	0.0549s	0.2922	0.9280	0.9279
12
0109	0.0363	1.0000	0.2583	0.9400	0.0508s	0.3060	0.9260	0.9257
13
0110	0.0325	1.0000	0.2424	0.9380	0.0504s	0.3266	0.9250	0.9248
14
0111	0.0322	1.0000	0.2215	0.9420	0.0522s	0.3106	0.9290	0.9289
15
0112	0.0378	1.0000	0.2372	0.9480	0.0505s	0.2923	0.9280	0.9279
16
0113	0.0293	1.0000	0.2631	0.9400	0.0580s	0.3095	0.9290	0.9287
0
0114	0.0391	1.0000	0.2358	0.9400	0.0506s	0.3224	0.9260	0.9258
1
0115	0.0294	1.0000	0.2369	0.9340	0.0508s	0.3469	0.9230	0.9229
2
0116	0.0452	0.9833	0.2212	0.9440	0.0506s	0.3033	0.9260	0.9259
3
0117	0.0289	1.0000	0.2549	0.9420	0.0506s	0.3043	0.9270	0.9268
4
0118	0.0385	1.0000	0.2548	0.9400	0.0544s	0.3188	0.9270	0.9268
5
0119	0.0350	1.0000	0.2199	0.9420	0.0504s	0.3121	0.9260	0.9259
6
0120	0.0273	1.0000	0.2195	0.9400	0.0567s	0.3194	0.9240	0.9240
7
0121	0.0337	1.0000	0.2372	0.9400	0.0507s	0.3206	0.9280	0.9279
8
0122	0.0345	1.0000	0.2512	0.9400	0.0504s	0.3030	0.9280	0.9278
9
0123	0.0309	1.0000	0.2365	0.9480	0.0508s	0.2934	0.9270	0.9269
10
0124	0.0376	1.0000	0.2431	0.9420	0.0505s	0.3337	0.9270	0.9268
0
0125	0.0363	1.0000	0.2211	0.9440	0.0568s	0.3157	0.9270	0.9269
1
0126	0.0253	1.0000	0.2210	0.9440	0.0507s	0.3002	0.9260	0.9259
2
0127	0.0249	1.0000	0.2353	0.9440	0.0524s	0.2986	0.9290	0.9289
3
0128	0.0283	1.0000	0.2525	0.9400	0.0507s	0.3131	0.9270	0.9268
4
0129	0.0327	1.0000	0.2281	0.9420	0.0506s	0.3019	0.9280	0.9279
5
0130	0.0246	1.0000	0.2215	0.9460	0.0526s	0.3024	0.9260	0.9259
6
0131	0.0282	1.0000	0.2352	0.9440	0.0505s	0.3184	0.9280	0.9279
7
0132	0.0329	1.0000	0.2433	0.9460	0.0567s	0.3103	0.9290	0.9289
8
0133	0.0302	1.0000	0.2518	0.9460	0.0504s	0.2988	0.9280	0.9279
9
0134	0.0361	0.9833	0.2288	0.9440	0.0515s	0.3010	0.9280	0.9279
10
0135	0.0321	1.0000	0.2860	0.9360	0.0505s	0.3797	0.9230	0.9227
11
0136	0.0436	0.9833	0.2275	0.9460	0.0504s	0.3025	0.9270	0.9269
12
0137	0.0281	1.0000	0.2567	0.9460	0.0559s	0.3047	0.9280	0.9279
13
0138	0.0305	1.0000	0.2790	0.9440	0.0512s	0.3332	0.9270	0.9268
14
0139	0.0285	1.0000	0.2805	0.9380	0.0530s	0.3637	0.9250	0.9247
15
0140	0.0489	1.0000	0.2422	0.9400	0.0518s	0.3186	0.9200	0.9200
16
0141	0.0447	0.9833	0.2523	0.9440	0.0527s	0.3085	0.9280	0.9279
17
0142	0.0323	1.0000	0.3379	0.9320	0.0505s	0.3914	0.9210	0.9205
18
0143	0.0325	1.0000	0.3188	0.9380	0.0504s	0.3992	0.9220	0.9216
19
0144	0.0390	1.0000	0.2315	0.9440	0.0526s	0.3239	0.9260	0.9259
20
0145	0.0318	1.0000	0.2425	0.9400	0.0506s	0.3138	0.9250	0.9249
21
0146	0.0351	1.0000	0.2749	0.9400	0.0578s	0.3382	0.9240	0.9237
22
0147	0.0320	1.0000	0.2627	0.9420	0.0506s	0.3567	0.9240	0.9237
23
0148	0.0320	1.0000	0.2310	0.9420	0.0514s	0.3431	0.9280	0.9279
24
0149	0.0289	1.0000	0.2316	0.9460	0.0504s	0.3271	0.9300	0.9299
25
0150	0.0281	1.0000	0.2916	0.9360	0.0504s	0.3558	0.9240	0.9236
26
0151	0.0342	1.0000	0.2686	0.9440	0.0558s	0.3347	0.9260	0.9257
27
0152	0.0305	1.0000	0.2233	0.9460	0.0507s	0.3193	0.9300	0.9300
28
0153	0.0298	1.0000	0.2259	0.9460	0.0505s	0.3375	0.9270	0.9269
29
0154	0.0255	1.0000	0.2525	0.9420	0.0504s	0.3546	0.9280	0.9277
30
0155	0.0279	1.0000	0.2610	0.9420	0.0503s	0.3348	0.9250	0.9247
31
0156	0.0261	1.0000	0.2602	0.9460	0.0535s	0.3229	0.9260	0.9257
32
0157	0.0266	1.0000	0.2296	0.9460	0.0505s	0.3075	0.9290	0.9289
33
0158	0.0242	1.0000	0.2242	0.9480	0.0572s	0.3250	0.9280	0.9279
34
0159	0.0263	1.0000	0.2492	0.9420	0.0506s	0.3488	0.9280	0.9278
0
0160	0.0393	0.9833	0.2375	0.9440	0.0505s	0.3054	0.9280	0.9279
1
0161	0.0227	1.0000	0.2554	0.9440	0.0508s	0.3111	0.9250	0.9248
2
0162	0.0402	1.0000	0.2737	0.9420	0.0506s	0.3539	0.9280	0.9278
3
0163	0.0280	1.0000	0.2709	0.9420	0.0562s	0.3645	0.9280	0.9277
4
0164	0.0398	1.0000	0.2274	0.9440	0.0503s	0.3131	0.9270	0.9270
5
0165	0.0329	1.0000	0.2507	0.9440	0.0506s	0.3202	0.9260	0.9259
6
0166	0.0241	1.0000	0.2836	0.9420	0.0505s	0.3494	0.9260	0.9257
7
0167	0.0313	1.0000	0.2381	0.9420	0.0515s	0.3147	0.9270	0.9269
8
0168	0.0261	1.0000	0.2294	0.9440	0.0528s	0.3161	0.9310	0.9310
9
0169	0.0290	1.0000	0.2557	0.9460	0.0507s	0.3369	0.9260	0.9258
10
0170	0.0313	1.0000	0.2657	0.9460	0.0536s	0.3444	0.9260	0.9258
11
0171	0.0337	1.0000	0.2386	0.9460	0.0509s	0.3063	0.9280	0.9279
12
0172	0.0313	1.0000	0.2368	0.9440	0.0507s	0.3077	0.9290	0.9289
13
0173	0.0254	1.0000	0.2717	0.9420	0.0523s	0.3522	0.9250	0.9248
14
0174	0.0328	1.0000	0.2337	0.9480	0.0509s	0.3297	0.9280	0.9278
15
0175	0.0254	1.0000	0.2323	0.9440	0.0575s	0.3137	0.9290	0.9289
0
0176	0.0280	1.0000	0.2581	0.9460	0.0508s	0.3312	0.9250	0.9248
1
0177	0.0289	1.0000	0.2570	0.9440	0.0506s	0.3388	0.9240	0.9238
2
0178	0.0302	1.0000	0.2280	0.9460	0.0507s	0.3216	0.9300	0.9299
3
0179	0.0240	1.0000	0.2367	0.9460	0.0505s	0.3185	0.9290	0.9289
4
0180	0.0247	1.0000	0.2904	0.9400	0.0542s	0.3452	0.9260	0.9258
5
0181	0.0266	1.0000	0.2537	0.9440	0.0532s	0.3289	0.9270	0.9269
6
0182	0.0238	1.0000	0.2317	0.9460	0.0571s	0.3302	0.9300	0.9299
7
0183	0.0403	0.9833	0.2534	0.9420	0.0511s	0.3250	0.9280	0.9279
8
0184	0.0281	1.0000	0.2764	0.9380	0.0503s	0.3327	0.9290	0.9288
9
0185	0.0322	1.0000	0.2383	0.9440	0.0500s	0.3162	0.9290	0.9289
10
0186	0.0329	1.0000	0.2453	0.9440	0.0505s	0.3308	0.9280	0.9279
11
0187	0.0263	1.0000	0.2450	0.9440	0.0558s	0.3301	0.9280	0.9279
12
0188	0.0292	1.0000	0.2486	0.9460	0.0522s	0.3151	0.9290	0.9289
13
0189	0.0359	1.0000	0.2880	0.9420	0.0520s	0.3551	0.9250	0.9248
14
0190	0.0324	1.0000	0.2306	0.9440	0.0505s	0.3305	0.9280	0.9279
15
0191	0.0250	1.0000	0.2245	0.9400	0.0505s	0.3322	0.9250	0.9249
16
0192	0.0340	1.0000	0.2815	0.9420	0.0528s	0.3615	0.9250	0.9248
17
0193	0.0354	1.0000	0.2570	0.9400	0.0512s	0.3199	0.9270	0.9269
18
0194	0.0329	1.0000	0.2314	0.9440	0.0580s	0.3206	0.9270	0.9269
19
0195	0.0264	1.0000	0.2757	0.9420	0.0509s	0.3805	0.9210	0.9208
20
0196	0.0348	0.9833	0.2446	0.9420	0.0505s	0.3292	0.9280	0.9279
21
0197	0.0241	1.0000	0.2609	0.9400	0.0504s	0.3221	0.9280	0.9279
22
0198	0.0328	1.0000	0.2620	0.9440	0.0505s	0.3444	0.9270	0.9268
23
0199	0.0246	1.0000	0.2727	0.9440	0.0558s	0.3608	0.9240	0.9238
24
0200	0.0238	1.0000	0.2511	0.9400	0.0507s	0.3287	0.9290	0.9289
25
0201	0.0233	1.0000	0.2572	0.9420	0.0528s	0.3290	0.9280	0.9279
26
0202	0.0226	1.0000	0.2820	0.9440	0.0506s	0.3539	0.9250	0.9248
27
0203	0.0271	1.0000	0.2758	0.9460	0.0506s	0.3674	0.9230	0.9228
28
0204	0.0311	1.0000	0.2518	0.9440	0.0523s	0.3281	0.9290	0.9289
29
0205	0.0198	1.0000	0.2657	0.9440	0.0505s	0.3269	0.9270	0.9269
30
0206	0.0238	1.0000	0.2872	0.9460	0.0574s	0.3586	0.9230	0.9228
31
0207	0.0285	1.0000	0.2461	0.9460	0.0505s	0.3293	0.9290	0.9289
32
0208	0.0248	1.0000	0.2589	0.9440	0.0505s	0.3312	0.9290	0.9289
33
0209	0.0251	1.0000	0.3304	0.9380	0.0505s	0.3802	0.9230	0.9226
34
0210	0.0280	1.0000	0.2948	0.9420	0.0508s	0.3528	0.9250	0.9248
35
0211	0.0286	1.0000	0.2421	0.9460	0.0553s	0.3250	0.9300	0.9299
36
0212	0.0309	1.0000	0.2714	0.9440	0.0524s	0.3400	0.9280	0.9279
37
0213	0.0243	1.0000	0.3191	0.9400	0.0537s	0.3662	0.9220	0.9215
38
0214	0.0285	1.0000	0.2660	0.9420	0.0504s	0.3347	0.9280	0.9279
39
0215	0.0298	1.0000	0.2485	0.9360	0.0504s	0.3289	0.9220	0.9220
40
0216	0.0454	1.0000	0.3246	0.9360	0.0507s	0.3755	0.9230	0.9225
41
0217	0.0364	0.9833	0.2929	0.9360	0.0498s	0.3779	0.9230	0.9227
42
0218	0.0255	1.0000	0.2387	0.9440	0.0542s	0.3544	0.9240	0.9240
43
0219	0.0319	1.0000	0.2512	0.9380	0.0512s	0.3315	0.9250	0.9249
44
0220	0.0320	1.0000	0.3237	0.9360	0.0545s	0.3855	0.9190	0.9184
45
0221	0.0341	1.0000	0.3144	0.9360	0.0506s	0.3982	0.9230	0.9227
46
0222	0.0393	0.9833	0.2623	0.9340	0.0507s	0.3769	0.9110	0.9113
47
0223	0.0439	1.0000	0.2498	0.9420	0.0527s	0.3426	0.9270	0.9269
48
0224	0.0272	1.0000	0.3231	0.9360	0.0506s	0.4054	0.9240	0.9236
49
0225	0.0311	1.0000	0.2791	0.9400	0.0572s	0.3614	0.9260	0.9258
50
0226	0.0257	1.0000	0.2450	0.9420	0.0504s	0.3484	0.9270	0.9270
51
0227	0.0233	1.0000	0.2441	0.9420	0.0505s	0.3507	0.9260	0.9260
52
0228	0.0272	1.0000	0.2773	0.9400	0.0506s	0.3784	0.9250	0.9247
53
0229	0.0269	1.0000	0.3136	0.9380	0.0509s	0.3799	0.9260	0.9256
54
0230	0.0300	1.0000	0.2750	0.9440	0.0538s	0.3363	0.9300	0.9298
55
0231	0.0265	1.0000	0.2468	0.9420	0.0506s	0.3433	0.9270	0.9270
56
0232	0.0329	1.0000	0.2615	0.9400	0.0559s	0.3625	0.9250	0.9248
57
0233	0.0239	1.0000	0.2787	0.9420	0.0504s	0.3657	0.9240	0.9238
58
0234	0.0256	1.0000	0.2787	0.9380	0.0508s	0.3387	0.9300	0.9298
59
0235	0.0259	1.0000	0.2628	0.9380	0.0512s	0.3344	0.9280	0.9278
60
0236	0.0253	1.0000	0.2900	0.9380	0.0505s	0.3707	0.9250	0.9248
61
0237	0.0264	1.0000	0.2482	0.9400	0.0561s	0.3343	0.9290	0.9289
62
0238	0.0299	1.0000	0.2578	0.9420	0.0506s	0.3214	0.9290	0.9288
63
0239	0.0252	1.0000	0.3088	0.9360	0.0505s	0.3592	0.9260	0.9257
64
0240	0.0255	1.0000	0.2933	0.9400	0.0505s	0.3553	0.9270	0.9268
65
0241	0.0292	0.9833	0.2499	0.9420	0.0508s	0.3267	0.9250	0.9250
66
0242	0.0379	1.0000	0.2749	0.9400	0.0539s	0.3420	0.9260	0.9258
67
0243	0.0224	1.0000	0.3405	0.9340	0.0506s	0.3887	0.9250	0.9245
68
0244	0.0347	1.0000	0.2562	0.9380	0.0556s	0.3201	0.9290	0.9289
69
0245	0.0255	0.9833	0.2478	0.9400	0.0507s	0.3278	0.9290	0.9289
70
0246	0.0281	1.0000	0.3113	0.9400	0.0505s	0.3907	0.9230	0.9227
71
0247	0.0370	1.0000	0.2812	0.9340	0.0498s	0.3289	0.9300	0.9298
72
0248	0.0280	1.0000	0.2664	0.9400	0.0503s	0.3224	0.9270	0.9269
73
0249	0.0294	1.0000	0.2735	0.9420	0.0603s	0.3658	0.9250	0.9248
74
0250	0.0229	1.0000	0.3062	0.9380	0.0520s	0.3992	0.9250	0.9247
75
0251	0.0322	1.0000	0.2592	0.9380	0.0557s	0.3310	0.9280	0.9279
76
0252	0.0259	1.0000	0.3092	0.9360	0.0528s	0.3470	0.9200	0.9196
77
0253	0.0370	1.0000	0.2823	0.9400	0.0544s	0.3520	0.9260	0.9258
78
0254	0.0211	1.0000	0.3130	0.9360	0.0520s	0.4168	0.9220	0.9218
79
0255	0.0367	1.0000	0.2532	0.9440	0.0512s	0.3359	0.9280	0.9279
80
0256	0.0310	0.9833	0.2972	0.9380	0.0548s	0.3416	0.9230	0.9228
81
0257	0.0302	1.0000	0.2948	0.9340	0.0505s	0.3465	0.9270	0.9268
82
0258	0.0258	1.0000	0.2717	0.9420	0.0537s	0.3693	0.9270	0.9268
83
0259	0.0208	1.0000	0.2774	0.9420	0.0506s	0.3911	0.9220	0.9219
84
0260	0.0426	0.9833	0.2813	0.9400	0.0503s	0.3396	0.9240	0.9239
85
0261	0.0224	1.0000	0.3509	0.9240	0.0526s	0.3917	0.9110	0.9104
86
0262	0.0492	0.9833	0.2580	0.9420	0.0507s	0.3428	0.9280	0.9279
87
0263	0.0262	1.0000	0.3045	0.9400	0.0577s	0.4356	0.9170	0.9169
88
0264	0.0384	1.0000	0.2968	0.9380	0.0504s	0.4165	0.9180	0.9179
89
0265	0.0318	1.0000	0.2646	0.9400	0.0504s	0.3452	0.9260	0.9258
90
0266	0.0209	1.0000	0.3117	0.9360	0.0506s	0.3611	0.9190	0.9187
91
0267	0.0294	1.0000	0.3065	0.9320	0.0507s	0.3586	0.9230	0.9226
92
0268	0.0278	1.0000	0.2839	0.9420	0.0553s	0.3665	0.9240	0.9238
93
0269	0.0236	1.0000	0.2941	0.9360	0.0505s	0.4093	0.9210	0.9209
94
0270	0.0250	1.0000	0.3025	0.9340	0.0544s	0.4213	0.9210	0.9209
95
0271	0.0336	1.0000	0.2513	0.9380	0.0508s	0.3533	0.9260	0.9259
96
0272	0.0370	0.9833	0.3310	0.9300	0.0512s	0.3709	0.9210	0.9206
97
0273	0.0407	0.9833	0.3041	0.9320	0.0517s	0.3510	0.9270	0.9266
98
0274	0.0289	1.0000	0.2616	0.9400	0.0505s	0.3385	0.9260	0.9259
99
0275	0.0223	1.0000	0.2664	0.9400	0.0577s	0.3686	0.9230	0.9229
100
0276	0.0295	1.0000	0.2620	0.9380	0.0508s	0.3586	0.9240	0.9239
101
0277	0.0219	1.0000	0.2687	0.9420	0.0505s	0.3451	0.9250	0.9248
102
0278	0.0211	1.0000	0.2771	0.9360	0.0505s	0.3397	0.9270	0.9268
103
0279	0.0205	1.0000	0.2726	0.9360	0.0513s	0.3337	0.9250	0.9248
104
0280	0.0242	1.0000	0.2794	0.9440	0.0538s	0.3531	0.9260	0.9258
105
0281	0.0301	0.9833	0.2534	0.9400	0.0508s	0.3403	0.9280	0.9279
106
0282	0.0235	1.0000	0.2548	0.9400	0.0556s	0.3407	0.9280	0.9279
107
0283	0.0283	1.0000	0.2836	0.9380	0.0513s	0.3416	0.9270	0.9267
108
0284	0.0268	1.0000	0.2932	0.9380	0.0507s	0.3468	0.9280	0.9277
109
0285	0.0256	1.0000	0.2591	0.9400	0.0507s	0.3261	0.9260	0.9258
110
0286	0.0212	1.0000	0.2510	0.9400	0.0507s	0.3379	0.9270	0.9269
111
0287	0.0230	1.0000	0.2802	0.9420	0.0571s	0.3599	0.9250	0.9248
112
0288	0.0269	1.0000	0.2613	0.9400	0.0512s	0.3236	0.9260	0.9258
113
0289	0.0269	1.0000	0.2740	0.9420	0.0515s	0.3362	0.9250	0.9248
114
0290	0.0205	1.0000	0.2708	0.9420	0.0510s	0.3505	0.9250	0.9248
115
0291	0.0232	1.0000	0.2531	0.9400	0.0515s	0.3380	0.9260	0.9258
116
0292	0.0281	1.0000	0.2909	0.9420	0.0507s	0.3575	0.9260	0.9258
117
0293	0.0323	0.9833	0.2703	0.9440	0.0506s	0.3250	0.9260	0.9258
118
0294	0.0367	1.0000	0.2699	0.9420	0.0540s	0.3539	0.9250	0.9248
119
0295	0.0224	1.0000	0.2797	0.9440	0.0504s	0.3814	0.9250	0.9248
120
0296	0.0303	0.9833	0.2554	0.9400	0.0529s	0.3305	0.9260	0.9258
121
0297	0.0245	1.0000	0.2722	0.9380	0.0507s	0.3234	0.9260	0.9258
122
0298	0.0274	1.0000	0.2929	0.9420	0.0515s	0.3624	0.9270	0.9268
123
0299	0.0322	1.0000	0.2431	0.9400	0.0523s	0.3380	0.9270	0.9269
124
0300	0.0260	1.0000	0.2569	0.9400	0.0528s	0.3355	0.9260	0.9258
125
0301	0.0307	1.0000	0.2723	0.9400	0.0576s	0.3323	0.9260	0.9258
126
0302	0.0239	1.0000	0.2739	0.9440	0.0502s	0.3564	0.9270	0.9268
127
0303	0.0241	1.0000	0.2458	0.9400	0.0507s	0.3430	0.9280	0.9279
128
0304	0.0288	1.0000	0.2680	0.9400	0.0507s	0.3388	0.9260	0.9258
129
0305	0.0242	1.0000	0.2676	0.9400	0.0507s	0.3386	0.9260	0.9258
130
0306	0.0233	1.0000	0.2534	0.9400	0.0538s	0.3391	0.9270	0.9268
131
0307	0.0238	1.0000	0.2656	0.9420	0.0508s	0.3430	0.9260	0.9258
132
0308	0.0300	1.0000	0.2533	0.9420	0.0559s	0.3257	0.9270	0.9268
133
0309	0.0303	1.0000	0.2776	0.9440	0.0507s	0.3586	0.9260	0.9258
134
0310	0.0255	1.0000	0.2430	0.9420	0.0512s	0.3293	0.9270	0.9268
135
0311	0.0245	1.0000	0.2621	0.9420	0.0500s	0.3431	0.9260	0.9258
136
0312	0.0241	1.0000	0.2542	0.9420	0.0521s	0.3511	0.9260	0.9258
137
0313	0.0222	1.0000	0.2444	0.9420	0.0560s	0.3439	0.9270	0.9268
138
0314	0.0182	1.0000	0.2561	0.9440	0.0508s	0.3350	0.9270	0.9268
139
0315	0.0244	1.0000	0.2809	0.9420	0.0505s	0.3659	0.9270	0.9268
140
0316	0.0240	1.0000	0.2443	0.9440	0.0505s	0.3370	0.9280	0.9278
141
0317	0.0272	1.0000	0.3399	0.9340	0.0504s	0.3908	0.9250	0.9244
142
0318	0.0384	1.0000	0.2532	0.9420	0.0533s	0.3402	0.9280	0.9278
143
0319	0.0208	1.0000	0.2561	0.9400	0.0504s	0.3699	0.9240	0.9240
144
0320	0.0423	1.0000	0.3442	0.9320	0.0575s	0.4073	0.9190	0.9185
145
0321	0.0312	1.0000	0.3309	0.9320	0.0505s	0.3745	0.9260	0.9254
146
0322	0.0361	1.0000	0.3280	0.9080	0.0506s	0.4425	0.8950	0.8959
147
0323	0.0681	1.0000	0.3083	0.9400	0.0504s	0.3897	0.9230	0.9228
148
0324	0.0277	1.0000	0.3910	0.9280	0.0504s	0.4380	0.9130	0.9116
149
0325	0.0397	0.9833	0.3134	0.9380	0.0542s	0.3522	0.9220	0.9217
150
0326	0.0349	1.0000	0.2668	0.9400	0.0508s	0.3486	0.9230	0.9230
151
0327	0.0289	1.0000	0.3207	0.9380	0.0547s	0.4286	0.9180	0.9179
152
0328	0.0298	1.0000	0.3170	0.9400	0.0507s	0.4208	0.9180	0.9178
153
0329	0.0328	0.9833	0.2865	0.9400	0.0504s	0.3520	0.9180	0.9180
154
0330	0.0358	1.0000	0.3116	0.9360	0.0517s	0.3631	0.9210	0.9206
155
0331	0.0265	1.0000	0.3317	0.9360	0.0536s	0.3941	0.9210	0.9204
156
0332	0.0217	1.0000	0.3406	0.9380	0.0578s	0.4227	0.9220	0.9214
157
0333	0.0228	1.0000	0.2868	0.9400	0.0505s	0.3938	0.9230	0.9228
158
0334	0.0202	1.0000	0.2656	0.9340	0.0503s	0.3796	0.9250	0.9249
159
0335	0.0216	1.0000	0.2698	0.9400	0.0504s	0.3658	0.9200	0.9200
160
0336	0.0213	1.0000	0.2909	0.9400	0.0504s	0.3663	0.9240	0.9237
161
0337	0.0303	1.0000	0.3050	0.9400	0.0544s	0.3757	0.9240	0.9236
162
0338	0.0208	1.0000	0.3082	0.9420	0.0507s	0.3877	0.9260	0.9256
163
0339	0.0205	1.0000	0.2924	0.9420	0.0553s	0.3837	0.9290	0.9288
164
0340	0.0217	1.0000	0.2706	0.9380	0.0508s	0.3760	0.9250	0.9248
165
0341	0.0186	1.0000	0.2645	0.9400	0.0507s	0.3713	0.9280	0.9279
166
0342	0.0259	1.0000	0.2727	0.9420	0.0509s	0.3574	0.9280	0.9278
167
0343	0.0189	1.0000	0.2978	0.9420	0.0505s	0.3668	0.9240	0.9236
168
0344	0.0360	1.0000	0.2746	0.9420	0.0568s	0.3622	0.9260	0.9258
169
0345	0.0212	1.0000	0.2598	0.9400	0.0506s	0.3606	0.9300	0.9299
170
0346	0.0259	1.0000	0.2664	0.9400	0.0504s	0.3521	0.9270	0.9268
171
0347	0.0203	1.0000	0.2697	0.9420	0.0508s	0.3411	0.9270	0.9267
172
0348	0.0277	1.0000	0.2570	0.9420	0.0509s	0.3254	0.9230	0.9228
173
0349	0.0289	1.0000	0.2751	0.9420	0.0536s	0.3544	0.9260	0.9257
174
0350	0.0282	1.0000	0.2561	0.9440	0.0504s	0.3370	0.9280	0.9278
175
0351	0.0277	1.0000	0.2597	0.9440	0.0562s	0.3200	0.9230	0.9228
176
0352	0.0293	1.0000	0.2777	0.9420	0.0504s	0.3374	0.9280	0.9277
177
0353	0.0272	0.9833	0.2876	0.9420	0.0505s	0.3594	0.9230	0.9227
178
0354	0.0267	1.0000	0.2556	0.9400	0.0501s	0.3371	0.9230	0.9230
179
0355	0.0453	1.0000	0.3685	0.9260	0.0505s	0.4201	0.9200	0.9192
180
0356	0.0410	1.0000	0.2720	0.9420	0.0572s	0.3413	0.9250	0.9248
181
0357	0.0269	1.0000	0.2851	0.9360	0.0506s	0.3860	0.9090	0.9094
182
0358	0.0470	1.0000	0.2963	0.9380	0.0504s	0.3832	0.9240	0.9237
183
0359	0.0234	1.0000	0.3425	0.9340	0.0506s	0.4250	0.9250	0.9246
184
0360	0.0284	1.0000	0.2800	0.9420	0.0505s	0.3628	0.9250	0.9248
185
0361	0.0207	1.0000	0.2592	0.9480	0.0533s	0.3595	0.9250	0.9249
186
0362	0.0268	1.0000	0.2662	0.9440	0.0504s	0.3794	0.9260	0.9258
0
0363	0.0280	1.0000	0.3311	0.9360	0.0544s	0.4473	0.9220	0.9216
1
0364	0.0263	1.0000	0.3168	0.9400	0.0512s	0.4228	0.9230	0.9227
2
0365	0.0268	1.0000	0.2707	0.9420	0.0511s	0.3652	0.9270	0.9268
3
0366	0.0259	1.0000	0.2629	0.9480	0.0530s	0.3653	0.9240	0.9239
4
0367	0.0233	1.0000	0.2830	0.9400	0.0515s	0.3912	0.9230	0.9227
0
0368	0.0217	1.0000	0.2886	0.9420	0.0809s	0.3984	0.9230	0.9227
1
0369	0.0200	1.0000	0.2730	0.9420	0.0638s	0.3790	0.9240	0.9238
2
0370	0.0174	1.0000	0.2611	0.9420	0.0603s	0.3695	0.9260	0.9259
3
0371	0.0252	1.0000	0.2815	0.9440	0.0602s	0.4034	0.9240	0.9238
4
0372	0.0227	1.0000	0.2984	0.9380	0.0599s	0.4089	0.9220	0.9216
5
0373	0.0282	1.0000	0.2632	0.9440	0.0602s	0.3561	0.9250	0.9249
6
0374	0.0283	1.0000	0.2718	0.9460	0.0601s	0.3547	0.9250	0.9248
7
0375	0.0302	1.0000	0.3046	0.9380	0.0600s	0.4152	0.9220	0.9217
8
0376	0.0270	1.0000	0.2915	0.9400	0.0602s	0.4197	0.9220	0.9218
9
0377	0.0308	1.0000	0.2715	0.9440	0.0602s	0.3549	0.9250	0.9248
10
0378	0.0268	1.0000	0.2955	0.9440	0.0601s	0.3569	0.9260	0.9258
11
0379	0.0291	1.0000	0.2902	0.9440	0.0599s	0.3932	0.9240	0.9237
12
0380	0.0211	1.0000	0.3054	0.9400	0.0596s	0.4259	0.9210	0.9208
13
0381	0.0391	0.9667	0.3006	0.9440	0.0597s	0.3577	0.9240	0.9237
14
0382	0.0241	1.0000	0.3052	0.9440	0.0570s	0.3602	0.9190	0.9188
15
0383	0.0331	1.0000	0.2740	0.9440	0.0520s	0.3861	0.9250	0.9248
16
0384	0.0272	1.0000	0.3330	0.9280	0.0562s	0.4585	0.9180	0.9179
17
0385	0.0458	1.0000	0.2892	0.9440	0.0508s	0.3530	0.9240	0.9238
18
0386	0.0260	1.0000	0.3301	0.9320	0.0528s	0.3832	0.9090	0.9087
19
0387	0.0518	1.0000	0.3023	0.9460	0.0508s	0.4000	0.9230	0.9228
20
0388	0.0222	1.0000	0.3731	0.9120	0.0505s	0.5115	0.9120	0.9123
21
0389	0.0500	1.0000	0.2701	0.9420	0.0526s	0.3969	0.9230	0.9230
22
0390	0.0314	1.0000	0.2872	0.9420	0.0508s	0.3521	0.9260	0.9258
23
0391	0.0261	1.0000	0.3636	0.9340	0.0573s	0.4064	0.9200	0.9190
24
0392	0.0366	1.0000	0.3289	0.9400	0.0505s	0.3939	0.9260	0.9256
25
0393	0.0256	1.0000	0.2868	0.9420	0.0505s	0.4038	0.9260	0.9258
26
0394	0.0232	1.0000	0.2999	0.9380	0.0506s	0.4421	0.9170	0.9171
27
0395	0.0480	1.0000	0.2721	0.9400	0.0505s	0.3742	0.9270	0.9270
28
0396	0.0224	1.0000	0.3129	0.9400	0.0554s	0.3747	0.9250	0.9246
29
0397	0.0196	1.0000	0.3849	0.9320	0.0506s	0.4389	0.9110	0.9096
30
0398	0.0403	1.0000	0.3105	0.9400	0.0522s	0.3774	0.9260	0.9255
31
0399	0.0229	1.0000	0.2699	0.9440	0.0504s	0.3717	0.9250	0.9250
32
0400	0.0308	1.0000	0.2909	0.9480	0.0505s	0.4103	0.9230	0.9229
33
0401	0.0332	0.9833	0.2781	0.9420	0.0527s	0.3824	0.9250	0.9249
0
0402	0.0262	0.9833	0.2851	0.9400	0.0507s	0.3663	0.9300	0.9297
1
0403	0.0213	1.0000	0.3047	0.9380	0.0576s	0.3789	0.9240	0.9235
2
0404	0.0245	1.0000	0.3073	0.9400	0.0504s	0.3941	0.9280	0.9276
3
0405	0.0307	1.0000	0.2823	0.9440	0.0506s	0.3949	0.9260	0.9258
4
0406	0.0260	1.0000	0.2630	0.9440	0.0505s	0.3906	0.9190	0.9190
5
0407	0.0265	1.0000	0.2636	0.9440	0.0505s	0.3913	0.9210	0.9210
6
0408	0.0287	1.0000	0.3183	0.9340	0.0556s	0.4118	0.9250	0.9247
7
0409	0.0257	1.0000	0.3317	0.9320	0.0505s	0.3948	0.9250	0.9243
8
0410	0.0339	1.0000	0.2782	0.9460	0.0528s	0.3501	0.9210	0.9208
9
0411	0.0362	1.0000	0.2670	0.9480	0.0507s	0.3709	0.9260	0.9258
10
0412	0.0208	1.0000	0.3058	0.9380	0.0504s	0.4345	0.9170	0.9170
0
0413	0.0363	1.0000	0.2780	0.9480	0.0528s	0.3763	0.9240	0.9238
1
0414	0.0229	1.0000	0.2848	0.9380	0.0506s	0.3436	0.9270	0.9268
0
0415	0.0380	1.0000	0.2981	0.9360	0.0578s	0.3579	0.9290	0.9287
1
0416	0.0210	1.0000	0.3257	0.9400	0.0508s	0.4117	0.9260	0.9257
2
0417	0.0319	1.0000	0.2610	0.9480	0.0523s	0.3701	0.9250	0.9249
3
0418	0.0220	1.0000	0.2533	0.9440	0.0506s	0.3582	0.9230	0.9230
0
0419	0.0272	1.0000	0.2763	0.9460	0.0505s	0.3663	0.9250	0.9248
1
0420	0.0202	1.0000	0.3433	0.9420	0.0539s	0.4081	0.9220	0.9213
2
0421	0.0261	1.0000	0.3024	0.9360	0.0506s	0.3623	0.9270	0.9266
3
0422	0.0253	1.0000	0.2631	0.9420	0.0551s	0.3426	0.9240	0.9239
4
0423	0.0270	1.0000	0.2656	0.9460	0.0508s	0.3605	0.9260	0.9259
5
0424	0.0312	1.0000	0.3190	0.9400	0.0507s	0.4127	0.9230	0.9226
6
0425	0.0271	1.0000	0.2963	0.9420	0.0515s	0.3808	0.9250	0.9247
7
0426	0.0227	1.0000	0.2663	0.9400	0.0505s	0.3461	0.9250	0.9249
8
0427	0.0263	1.0000	0.2707	0.9360	0.0572s	0.3492	0.9260	0.9258
9
0428	0.0325	1.0000	0.3700	0.9300	0.0504s	0.4622	0.9210	0.9205
10
0429	0.0339	0.9833	0.3194	0.9360	0.0505s	0.4336	0.9180	0.9176
11
0430	0.0330	1.0000	0.2584	0.9440	0.0503s	0.3561	0.9200	0.9200
12
0431	0.0303	1.0000	0.2749	0.9340	0.0506s	0.3481	0.9190	0.9189
13
0432	0.0360	1.0000	0.3131	0.9380	0.0537s	0.4044	0.9190	0.9186
14
0433	0.0327	1.0000	0.2767	0.9460	0.0505s	0.4010	0.9200	0.9197
15
0434	0.0329	1.0000	0.2529	0.9460	0.0674s	0.3613	0.9220	0.9220
16
0435	0.0287	0.9833	0.3015	0.9380	0.0855s	0.3600	0.9220	0.9218
17
0436	0.0256	1.0000	0.3143	0.9400	0.0653s	0.3738	0.9220	0.9215
18
0437	0.0330	1.0000	0.2678	0.9460	0.0604s	0.3948	0.9180	0.9179
19
0438	0.0281	0.9833	0.2826	0.9440	0.0598s	0.4218	0.9160	0.9159
20
0439	0.0463	0.9833	0.3192	0.9380	0.0598s	0.3867	0.9170	0.9164
21
0440	0.0292	1.0000	0.3239	0.9340	0.0601s	0.3782	0.9190	0.9185
22
0441	0.0372	1.0000	0.2815	0.9320	0.0602s	0.4005	0.9100	0.9103
23
0442	0.0414	1.0000	0.2850	0.9360	0.0599s	0.4279	0.9140	0.9139
24
0443	0.0284	1.0000	0.4080	0.9120	0.0600s	0.5295	0.9030	0.9025
25
0444	0.0414	1.0000	0.3073	0.9420	0.0596s	0.4095	0.9200	0.9197
26
0445	0.0224	1.0000	0.2853	0.9360	0.0600s	0.3650	0.9180	0.9179
27
0446	0.0293	1.0000	0.2980	0.9380	0.0598s	0.3710	0.9160	0.9158
28
0447	0.0309	1.0000	0.3096	0.9420	0.0600s	0.3922	0.9240	0.9237
29
0448	0.0244	1.0000	0.3323	0.9380	0.0565s	0.4449	0.9200	0.9196
30
0449	0.0303	1.0000	0.2884	0.9440	0.0526s	0.4228	0.9210	0.9208
31
0450	0.0227	1.0000	0.2734	0.9360	0.0512s	0.4112	0.9210	0.9211
32
0451	0.0339	1.0000	0.2844	0.9420	0.0519s	0.3941	0.9220	0.9218
33
0452	0.0213	1.0000	0.3444	0.9400	0.0507s	0.4191	0.9210	0.9206
34
0453	0.0281	1.0000	0.3428	0.9380	0.0505s	0.4031	0.9230	0.9224
35
0454	0.0278	1.0000	0.2821	0.9360	0.0561s	0.3656	0.9240	0.9238
36
0455	0.0191	1.0000	0.2633	0.9380	0.0512s	0.3746	0.9240	0.9240
37
0456	0.0220	1.0000	0.2765	0.9460	0.0505s	0.3990	0.9240	0.9239
38
0457	0.0284	1.0000	0.3132	0.9400	0.0507s	0.4129	0.9200	0.9197
39
0458	0.0197	1.0000	0.3056	0.9420	0.0506s	0.3865	0.9240	0.9237
40
0459	0.0205	1.0000	0.2704	0.9380	0.0506s	0.3487	0.9240	0.9239
41
0460	0.0217	1.0000	0.2651	0.9400	0.0505s	0.3479	0.9240	0.9239
42
0461	0.0306	1.0000	0.3045	0.9420	0.0507s	0.3837	0.9230	0.9227
43
0462	0.0198	1.0000	0.3464	0.9420	0.0507s	0.4348	0.9210	0.9206
44
0463	0.0258	1.0000	0.2764	0.9440	0.0505s	0.3767	0.9240	0.9238
45
0464	0.0251	1.0000	0.2693	0.9380	0.0505s	0.3642	0.9170	0.9171
46
0465	0.0431	1.0000	0.2930	0.9420	0.0505s	0.3778	0.9240	0.9238
47
0466	0.0192	1.0000	0.4013	0.9340	0.0505s	0.4732	0.9210	0.9204
48
0467	0.0565	1.0000	0.3062	0.9300	0.0505s	0.4093	0.9050	0.9054
49
0468	0.0602	0.9667	0.2682	0.9400	0.0507s	0.3477	0.9260	0.9259
50
0469	0.0274	1.0000	0.4208	0.9340	0.0515s	0.4909	0.9190	0.9182
51
0470	0.0523	0.9833	0.2785	0.9440	0.0506s	0.3798	0.9260	0.9258
52
0471	0.0245	1.0000	0.2939	0.9300	0.0505s	0.4069	0.9080	0.9085
53
0472	0.0554	1.0000	0.3320	0.9360	0.0506s	0.3784	0.9240	0.9236
54
0473	0.0333	1.0000	0.4275	0.9240	0.0506s	0.4751	0.9130	0.9112
55
0474	0.0499	1.0000	0.3632	0.9320	0.0507s	0.4901	0.9140	0.9138
56
0475	0.0413	0.9833	0.3048	0.9300	0.0504s	0.4547	0.9120	0.9121
57
0476	0.0488	0.9667	0.3098	0.9340	0.0505s	0.3700	0.9190	0.9189
58
0477	0.0293	1.0000	0.3975	0.9220	0.0507s	0.4335	0.9040	0.9031
59
0478	0.0428	1.0000	0.3645	0.9340	0.0506s	0.4126	0.9180	0.9173
60
0479	0.0263	1.0000	0.3419	0.9380	0.0506s	0.4557	0.9200	0.9197
61
0480	0.0288	1.0000	0.3307	0.9360	0.0505s	0.4758	0.9150	0.9149
62
0481	0.0351	1.0000	0.3018	0.9380	0.0506s	0.4308	0.9180	0.9180
63
0482	0.0263	1.0000	0.3037	0.9320	0.0506s	0.3926	0.9230	0.9230
64
0483	0.0225	1.0000	0.3288	0.9300	0.0506s	0.3865	0.9240	0.9239
65
0484	0.0283	1.0000	0.3625	0.9340	0.0505s	0.4102	0.9180	0.9173
66
0485	0.0253	1.0000	0.3928	0.9320	0.0507s	0.4460	0.9190	0.9181
67
0486	0.0251	1.0000	0.3614	0.9380	0.0507s	0.4355	0.9230	0.9225
68
0487	0.0201	1.0000	0.3186	0.9380	0.0507s	0.4136	0.9230	0.9228
69
0488	0.0199	1.0000	0.2972	0.9400	0.0518s	0.4090	0.9220	0.9220
70
0489	0.0224	1.0000	0.2932	0.9380	0.0507s	0.4072	0.9190	0.9191
71
0490	0.0318	1.0000	0.2959	0.9420	0.0505s	0.3885	0.9240	0.9239
72
0491	0.0287	1.0000	0.3404	0.9380	0.0507s	0.3994	0.9220	0.9214
73
0492	0.0230	1.0000	0.4114	0.9280	0.0504s	0.4477	0.9190	0.9180
74
0493	0.0391	0.9833	0.3138	0.9400	0.0505s	0.3633	0.9240	0.9235
75
0494	0.0260	1.0000	0.2866	0.9340	0.0505s	0.3669	0.9180	0.9181
76
0495	0.0336	0.9833	0.2904	0.9400	0.0506s	0.3900	0.9220	0.9218
77
0496	0.0196	1.0000	0.3625	0.9360	0.0506s	0.4687	0.9180	0.9176
78
0497	0.0392	1.0000	0.2812	0.9420	0.0506s	0.3791	0.9200	0.9198
79
0498	0.0265	1.0000	0.2821	0.9380	0.0507s	0.3596	0.9170	0.9169
80
0499	0.0297	1.0000	0.2912	0.9400	0.0504s	0.3714	0.9190	0.9187
81
0500	0.0253	1.0000	0.3189	0.9380	0.0504s	0.4214	0.9200	0.9197
82
0501	0.0228	1.0000	0.3195	0.9380	0.0508s	0.4487	0.9170	0.9167
83
0502	0.0360	1.0000	0.2603	0.9480	0.0506s	0.3996	0.9190	0.9190
84
0503	0.0335	1.0000	0.2770	0.9400	0.0505s	0.3724	0.9200	0.9198
0
0504	0.0262	1.0000	0.3466	0.9300	0.0506s	0.4137	0.9200	0.9193
1
0505	0.0485	0.9833	0.3120	0.9420	0.0506s	0.4368	0.9180	0.9177
2
0506	0.0270	1.0000	0.2775	0.9400	0.0506s	0.4466	0.9160	0.9161
3
0507	0.0372	0.9833	0.2546	0.9460	0.0515s	0.4023	0.9210	0.9209
4
0508	0.0262	1.0000	0.2871	0.9380	0.0505s	0.3868	0.9210	0.9207
5
0509	0.0221	1.0000	0.3429	0.9320	0.0505s	0.4073	0.9200	0.9193
6
0510	0.0441	1.0000	0.2708	0.9420	0.0510s	0.3670	0.9210	0.9208
7
0511	0.0283	1.0000	0.2551	0.9420	0.0506s	0.3838	0.9210	0.9208
8
0512	0.0252	1.0000	0.2866	0.9440	0.0505s	0.4264	0.9170	0.9168
9
0513	0.0415	0.9833	0.3049	0.9340	0.0507s	0.3951	0.9200	0.9197
10
0514	0.0219	1.0000	0.3105	0.9400	0.0506s	0.3760	0.9210	0.9206
11
0515	0.0280	1.0000	0.2897	0.9380	0.0506s	0.3744	0.9210	0.9208
12
0516	0.0244	1.0000	0.2828	0.9440	0.0505s	0.4031	0.9200	0.9199
13
0517	0.0273	1.0000	0.2926	0.9400	0.0506s	0.4193	0.9170	0.9168
14
0518	0.0343	1.0000	0.2823	0.9420	0.0508s	0.3805	0.9190	0.9188
15
0519	0.0271	1.0000	0.3029	0.9380	0.0507s	0.3791	0.9210	0.9207
16
0520	0.0256	1.0000	0.3030	0.9360	0.0507s	0.3959	0.9190	0.9188
17
0521	0.0222	1.0000	0.3128	0.9380	0.0506s	0.4347	0.9170	0.9168
18
0522	0.0220	1.0000	0.2855	0.9400	0.0507s	0.4272	0.9190	0.9190
19
0523	0.0218	1.0000	0.2763	0.9400	0.0506s	0.3976	0.9180	0.9179
20
0524	0.0241	1.0000	0.3112	0.9380	0.0505s	0.3952	0.9220	0.9218
21
0525	0.0224	1.0000	0.3196	0.9360	0.0508s	0.4048	0.9220	0.9218
22
0526	0.0241	1.0000	0.2786	0.9400	0.0506s	0.3938	0.9180	0.9178
23
0527	0.0275	1.0000	0.2751	0.9400	0.0505s	0.3989	0.9190	0.9189
24
0528	0.0218	1.0000	0.3264	0.9360	0.0502s	0.4252	0.9190	0.9188
25
0529	0.0181	1.0000	0.3403	0.9380	0.0563s	0.4208	0.9210	0.9208
26
0530	0.0304	1.0000	0.3039	0.9340	0.0525s	0.4031	0.9060	0.9062
27
0531	0.0365	1.0000	0.2801	0.9420	0.0507s	0.3694	0.9210	0.9209
28
0532	0.0245	1.0000	0.3904	0.9300	0.0503s	0.4776	0.9130	0.9125
29
0533	0.0421	1.0000	0.3565	0.9380	0.0501s	0.4415	0.9200	0.9197
30
0534	0.0326	1.0000	0.2842	0.9400	0.0506s	0.3832	0.9140	0.9140
31
0535	0.0366	0.9833	0.2850	0.9420	0.0501s	0.3724	0.9180	0.9179
32
0536	0.0282	1.0000	0.3513	0.9380	0.0505s	0.4274	0.9190	0.9187
33
0537	0.0285	1.0000	0.3406	0.9400	0.0507s	0.4410	0.9190	0.9187
34
0538	0.0285	1.0000	0.2703	0.9440	0.0506s	0.3959	0.9230	0.9229
35
0539	0.0295	1.0000	0.2884	0.9420	0.0505s	0.3770	0.9210	0.9209
36
0540	0.0288	1.0000	0.3290	0.9360	0.0505s	0.4067	0.9210	0.9208
37
0541	0.0268	1.0000	0.3087	0.9400	0.0505s	0.4277	0.9190	0.9188
38
0542	0.0222	1.0000	0.2968	0.9380	0.0505s	0.4204	0.9220	0.9218
39
0543	0.0194	1.0000	0.2923	0.9380	0.0508s	0.4005	0.9220	0.9219
40
0544	0.0252	1.0000	0.2988	0.9400	0.0504s	0.3887	0.9220	0.9218
41
0545	0.0211	1.0000	0.3004	0.9380	0.0507s	0.4016	0.9220	0.9218
42
0546	0.0204	1.0000	0.2928	0.9400	0.0506s	0.4076	0.9230	0.9228
43
0547	0.0196	1.0000	0.2891	0.9400	0.0504s	0.4051	0.9230	0.9228
44
0548	0.0262	1.0000	0.2982	0.9400	0.0504s	0.3802	0.9200	0.9198
45
0549	0.0251	1.0000	0.2898	0.9400	0.0506s	0.3804	0.9200	0.9198
46
0550	0.0200	1.0000	0.3020	0.9400	0.0507s	0.4116	0.9220	0.9218
47
0551	0.0207	1.0000	0.3039	0.9380	0.0504s	0.4116	0.9210	0.9208
48
0552	0.0208	1.0000	0.2783	0.9420	0.0508s	0.3810	0.9210	0.9209
49
0553	0.0279	1.0000	0.2950	0.9380	0.0507s	0.3830	0.9210	0.9208
50
0554	0.0217	1.0000	0.3102	0.9360	0.0504s	0.4019	0.9190	0.9188
51
0555	0.0223	1.0000	0.2957	0.9380	0.0507s	0.3991	0.9200	0.9198
52
0556	0.0201	1.0000	0.2778	0.9420	0.0505s	0.3804	0.9200	0.9198
53
0557	0.0203	1.0000	0.2771	0.9420	0.0505s	0.3711	0.9200	0.9198
54
0558	0.0281	1.0000	0.3234	0.9340	0.0505s	0.4228	0.9170	0.9168
55
0559	0.0224	1.0000	0.3030	0.9360	0.0505s	0.4054	0.9190	0.9188
56
0560	0.0253	1.0000	0.2860	0.9340	0.0506s	0.3878	0.9140	0.9141
57
0561	0.0379	1.0000	0.3033	0.9400	0.0505s	0.3672	0.9210	0.9208
58
0562	0.0301	1.0000	0.3596	0.9280	0.0505s	0.4534	0.9140	0.9137
59
0563	0.0402	1.0000	0.2597	0.9400	0.0517s	0.3880	0.9220	0.9220
60
0564	0.0305	1.0000	0.2852	0.9360	0.0508s	0.3697	0.9210	0.9208
61
0565	0.0305	1.0000	0.3356	0.9360	0.0505s	0.4173	0.9170	0.9167
62
0566	0.0327	0.9833	0.2649	0.9380	0.0505s	0.4080	0.9240	0.9239
63
0567	0.0250	1.0000	0.2647	0.9400	0.0505s	0.4021	0.9230	0.9229
64
0568	0.0282	1.0000	0.3391	0.9340	0.0506s	0.4248	0.9160	0.9157
65
0569	0.0337	1.0000	0.3142	0.9400	0.0505s	0.3908	0.9210	0.9208
66
0570	0.0264	1.0000	0.2731	0.9400	0.0505s	0.3882	0.9220	0.9219
67
0571	0.0258	1.0000	0.2794	0.9440	0.0507s	0.4222	0.9240	0.9239
68
0572	0.0275	1.0000	0.3054	0.9400	0.0507s	0.4270	0.9180	0.9178
69
0573	0.0184	1.0000	0.3279	0.9380	0.0506s	0.4117	0.9170	0.9167
70
0574	0.0214	1.0000	0.3074	0.9380	0.0508s	0.3778	0.9230	0.9228
71
0575	0.0242	1.0000	0.2883	0.9400	0.0505s	0.3758	0.9200	0.9199
72
0576	0.0219	1.0000	0.2975	0.9420	0.0507s	0.4172	0.9190	0.9189
73
0577	0.0228	1.0000	0.3304	0.9380	0.0506s	0.4401	0.9150	0.9147
74
0578	0.0232	1.0000	0.3312	0.9400	0.0505s	0.4026	0.9190	0.9188
75
0579	0.0259	1.0000	0.2950	0.9400	0.0504s	0.3750	0.9160	0.9159
76
0580	0.0294	1.0000	0.3014	0.9420	0.0508s	0.3757	0.9230	0.9228
77
0581	0.0201	1.0000	0.3361	0.9360	0.0506s	0.4266	0.9150	0.9147
78
0582	0.0199	1.0000	0.3246	0.9380	0.0509s	0.4382	0.9150	0.9147
79
0583	0.0264	0.9833	0.2840	0.9420	0.0510s	0.3964	0.9210	0.9210
80
0584	0.0316	1.0000	0.3269	0.9380	0.0503s	0.3807	0.9210	0.9207
81
0585	0.0273	1.0000	0.3669	0.9340	0.0506s	0.4350	0.9160	0.9157
82
0586	0.0290	0.9833	0.2950	0.9420	0.0504s	0.4211	0.9200	0.9198
83
0587	0.0229	1.0000	0.2768	0.9420	0.0506s	0.4004	0.9210	0.9210
84
0588	0.0358	1.0000	0.3218	0.9400	0.0505s	0.3935	0.9210	0.9208
85
0589	0.0284	0.9833	0.3046	0.9360	0.0506s	0.3779	0.9230	0.9228
86
0590	0.0241	1.0000	0.2753	0.9400	0.0505s	0.3732	0.9210	0.9209
87
0591	0.0307	1.0000	0.2882	0.9420	0.0505s	0.4006	0.9180	0.9178
88
0592	0.0198	1.0000	0.2928	0.9420	0.0506s	0.4012	0.9180	0.9178
89
0593	0.0229	1.0000	0.2730	0.9420	0.0508s	0.3716	0.9200	0.9198
90
0594	0.0190	1.0000	0.2759	0.9420	0.0502s	0.3723	0.9220	0.9218
91
0595	0.0220	1.0000	0.2937	0.9400	0.0505s	0.3910	0.9180	0.9177
92
0596	0.0212	1.0000	0.2889	0.9420	0.0506s	0.3982	0.9180	0.9178
93
0597	0.0242	1.0000	0.2594	0.9420	0.0506s	0.3799	0.9220	0.9219
94
0598	0.0245	1.0000	0.2820	0.9420	0.0506s	0.3867	0.9200	0.9198
95
0599	0.0202	1.0000	0.3062	0.9400	0.0505s	0.4086	0.9170	0.9167
96
0600	0.0209	1.0000	0.2825	0.9420	0.0506s	0.3981	0.9180	0.9177
97
0601	0.0239	1.0000	0.2652	0.9460	0.0507s	0.3957	0.9180	0.9181
98
0602	0.0411	1.0000	0.3291	0.9380	0.0505s	0.4262	0.9140	0.9137
99
0603	0.0316	1.0000	0.3385	0.9340	0.0506s	0.4616	0.9140	0.9137
100
0604	0.0381	0.9833	0.2611	0.9460	0.0508s	0.3953	0.9170	0.9171
101
0605	0.0351	1.0000	0.2700	0.9420	0.0505s	0.3726	0.9210	0.9208
102
0606	0.0241	1.0000	0.3751	0.9360	0.0506s	0.4634	0.9150	0.9143
103
0607	0.0323	1.0000	0.3335	0.9380	0.0507s	0.4468	0.9170	0.9166
104
0608	0.0298	1.0000	0.2593	0.9380	0.0508s	0.3997	0.9200	0.9201
105
0609	0.0299	1.0000	0.2675	0.9460	0.0505s	0.3776	0.9160	0.9161
106
0610	0.0351	1.0000	0.3372	0.9360	0.0508s	0.4070	0.9180	0.9175
107
0611	0.0265	1.0000	0.3806	0.9380	0.0505s	0.4682	0.9170	0.9164
108
0612	0.0321	1.0000	0.2869	0.9440	0.0506s	0.3989	0.9200	0.9198
109
0613	0.0225	1.0000	0.2666	0.9360	0.0505s	0.4011	0.9170	0.9171
110
0614	0.0340	1.0000	0.2708	0.9400	0.0507s	0.3837	0.9240	0.9240
111
0615	0.0293	1.0000	0.3610	0.9280	0.0507s	0.4218	0.9200	0.9193
112
0616	0.0295	1.0000	0.3683	0.9300	0.0507s	0.4220	0.9190	0.9181
113
0617	0.0296	1.0000	0.2813	0.9420	0.0508s	0.3851	0.9230	0.9228
114
0618	0.0219	1.0000	0.2749	0.9380	0.0507s	0.4187	0.9160	0.9161
115
0619	0.0360	0.9833	0.2930	0.9420	0.0505s	0.3787	0.9220	0.9218
116
0620	0.0204	1.0000	0.3672	0.9300	0.0505s	0.4164	0.9180	0.9172
117
0621	0.0306	1.0000	0.3482	0.9340	0.0507s	0.4200	0.9200	0.9194
118
0622	0.0255	1.0000	0.2914	0.9420	0.0508s	0.4068	0.9190	0.9188
119
0623	0.0224	1.0000	0.2732	0.9380	0.0505s	0.4077	0.9160	0.9161
120
0624	0.0300	1.0000	0.2751	0.9380	0.0508s	0.3869	0.9190	0.9190
121
0625	0.0225	1.0000	0.3202	0.9320	0.0508s	0.4046	0.9210	0.9206
122
0626	0.0281	1.0000	0.3602	0.9280	0.0811s	0.4367	0.9180	0.9171
123
0627	0.0260	1.0000	0.3278	0.9320	0.0600s	0.4068	0.9210	0.9205
124
0628	0.0257	1.0000	0.2780	0.9400	0.0595s	0.3823	0.9210	0.9209
125
0629	0.0231	1.0000	0.2744	0.9420	0.0597s	0.3982	0.9210	0.9210
126
0630	0.0263	1.0000	0.2914	0.9400	0.0595s	0.4083	0.9180	0.9177
127
0631	0.0238	1.0000	0.3052	0.9380	0.0600s	0.3868	0.9210	0.9206
128
0632	0.0275	1.0000	0.3165	0.9360	0.0643s	0.4013	0.9200	0.9195
129
0633	0.0248	1.0000	0.2925	0.9400	0.0577s	0.4069	0.9180	0.9177
130
0634	0.0211	1.0000	0.2716	0.9400	0.0526s	0.3958	0.9220	0.9219
131
0635	0.0195	1.0000	0.2685	0.9380	0.0511s	0.3872	0.9230	0.9229
132
0636	0.0217	1.0000	0.2907	0.9380	0.0524s	0.3849	0.9210	0.9207
133
0637	0.0235	1.0000	0.3013	0.9380	0.0507s	0.3908	0.9200	0.9196
134
0638	0.0225	1.0000	0.2754	0.9420	0.0505s	0.3946	0.9180	0.9178
135
0639	0.0294	1.0000	0.2632	0.9400	0.0518s	0.3781	0.9220	0.9219
136
0640	0.0297	1.0000	0.2928	0.9380	0.0506s	0.3922	0.9210	0.9207
137
0641	0.0220	1.0000	0.3153	0.9340	0.0508s	0.4006	0.9200	0.9195
138
0642	0.0267	1.0000	0.2838	0.9400	0.0505s	0.3924	0.9210	0.9207
139
0643	0.0218	1.0000	0.2627	0.9400	0.0506s	0.3821	0.9230	0.9229
140
0644	0.0353	1.0000	0.2935	0.9360	0.0508s	0.4019	0.9200	0.9197
141
0645	0.0199	1.0000	0.3216	0.9340	0.0506s	0.4054	0.9190	0.9186
142
0646	0.0228	1.0000	0.2829	0.9400	0.0516s	0.3739	0.9220	0.9217
143
0647	0.0205	1.0000	0.2732	0.9400	0.0506s	0.3847	0.9230	0.9229
144
0648	0.0216	1.0000	0.2780	0.9400	0.0506s	0.3982	0.9200	0.9198
145
0649	0.0260	1.0000	0.2984	0.9400	0.0516s	0.3783	0.9200	0.9197
146
0650	0.0219	1.0000	0.3182	0.9380	0.0506s	0.4033	0.9210	0.9207
147
0651	0.0260	1.0000	0.2822	0.9420	0.0515s	0.3965	0.9190	0.9188
148
0652	0.0182	1.0000	0.2769	0.9400	0.0508s	0.3991	0.9190	0.9189
149
0653	0.0215	1.0000	0.2910	0.9400	0.0507s	0.3908	0.9190	0.9188
150
0654	0.0216	1.0000	0.3112	0.9400	0.0517s	0.4006	0.9210	0.9207
151
0655	0.0230	1.0000	0.2838	0.9400	0.0507s	0.3895	0.9190	0.9188
152
0656	0.0228	1.0000	0.2809	0.9400	0.0509s	0.3830	0.9180	0.9178
153
0657	0.0234	1.0000	0.2914	0.9400	0.0507s	0.3818	0.9190	0.9187
154
0658	0.0200	1.0000	0.2885	0.9400	0.0509s	0.3783	0.9180	0.9177
155
0659	0.0203	1.0000	0.2748	0.9420	0.0507s	0.3869	0.9180	0.9178
156
0660	0.0211	1.0000	0.2850	0.9400	0.0531s	0.3841	0.9190	0.9187
157
0661	0.0215	1.0000	0.2825	0.9400	0.0508s	0.3765	0.9200	0.9197
158
0662	0.0184	1.0000	0.2708	0.9400	0.0507s	0.3673	0.9200	0.9198
159
0663	0.0231	1.0000	0.2907	0.9400	0.0506s	0.4048	0.9180	0.9177
160
0664	0.0248	1.0000	0.2935	0.9400	0.0509s	0.3704	0.9200	0.9197
161
0665	0.0209	1.0000	0.2789	0.9420	0.0507s	0.3491	0.9230	0.9228
162
0666	0.0270	1.0000	0.2922	0.9420	0.0507s	0.4158	0.9180	0.9178
163
0667	0.0276	1.0000	0.2636	0.9420	0.0505s	0.3700	0.9200	0.9198
164
0668	0.0295	1.0000	0.3151	0.9380	0.0507s	0.3712	0.9210	0.9206
165
0669	0.0304	0.9833	0.2762	0.9420	0.0511s	0.3898	0.9210	0.9208
166
0670	0.0197	1.0000	0.2706	0.9440	0.0508s	0.4094	0.9200	0.9198
167
0671	0.0422	1.0000	0.3081	0.9380	0.0506s	0.3769	0.9200	0.9197
168
0672	0.0227	1.0000	0.3065	0.9380	0.0509s	0.3623	0.9210	0.9206
169
0673	0.0244	1.0000	0.2704	0.9420	0.0507s	0.3821	0.9210	0.9208
170
0674	0.0203	1.0000	0.2923	0.9420	0.0509s	0.4334	0.9190	0.9188
171
0675	0.0367	1.0000	0.2775	0.9440	0.0507s	0.3557	0.9210	0.9209
172
0676	0.0348	1.0000	0.3309	0.9360	0.0505s	0.3894	0.9230	0.9226
173
0677	0.0294	1.0000	0.3105	0.9380	0.0509s	0.3898	0.9220	0.9217
174
0678	0.0186	1.0000	0.2735	0.9420	0.0507s	0.3803	0.9190	0.9188
175
0679	0.0225	1.0000	0.2771	0.9420	0.0507s	0.3867	0.9200	0.9197
176
0680	0.0208	1.0000	0.3181	0.9380	0.0507s	0.4207	0.9190	0.9187
177
0681	0.0190	1.0000	0.3119	0.9380	0.0505s	0.3959	0.9220	0.9216
178
0682	0.0198	1.0000	0.2805	0.9460	0.0507s	0.3697	0.9240	0.9239
179
0683	0.0239	1.0000	0.2897	0.9420	0.0505s	0.4085	0.9200	0.9197
180
0684	0.0212	1.0000	0.3069	0.9420	0.0508s	0.4298	0.9170	0.9167
181
0685	0.0212	1.0000	0.2812	0.9420	0.0507s	0.3770	0.9220	0.9218
182
0686	0.0260	1.0000	0.2926	0.9420	0.0511s	0.3787	0.9240	0.9237
183
0687	0.0212	1.0000	0.3042	0.9420	0.0508s	0.4234	0.9180	0.9177
184
0688	0.0209	1.0000	0.2875	0.9440	0.0505s	0.4231	0.9170	0.9167
185
0689	0.0278	1.0000	0.2943	0.9420	0.0507s	0.3724	0.9210	0.9208
186
0690	0.0292	1.0000	0.3098	0.9380	0.0505s	0.3877	0.9250	0.9246
187
0691	0.0258	1.0000	0.3251	0.9360	0.0512s	0.4764	0.9160	0.9156
188
0692	0.0223	1.0000	0.3151	0.9400	0.0511s	0.4758	0.9140	0.9139
189
0693	0.0343	1.0000	0.3052	0.9400	0.0508s	0.3755	0.9190	0.9188
190
0694	0.0287	1.0000	0.3188	0.9400	0.0506s	0.3833	0.9190	0.9188
191
0695	0.0359	1.0000	0.3266	0.9340	0.0508s	0.4728	0.9160	0.9156
192
0696	0.0190	1.0000	0.4678	0.9020	0.0507s	0.6460	0.8950	0.8956
193
0697	0.1151	0.9500	0.6085	0.8480	0.0505s	0.8013	0.7950	0.7899
194
0698	0.1456	0.9833	1.0957	0.7780	0.0506s	1.0397	0.7930	0.7767
195
0699	0.2997	0.8500	1.9692	0.6680	0.0514s	2.2038	0.6530	0.5836
196
0700	1.0564	0.7333	2.0208	0.7160	0.0508s	1.8521	0.7460	0.6941
197
0701	0.5622	0.8667	5.3408	0.3620	0.0506s	5.0765	0.3750	0.2485
198
0702	1.9542	0.5667	0.2963	0.9300	0.0506s	0.3392	0.9140	0.9128
199
Early stop! Min loss:0.21943359076976776,  Max accuracy:0.9480000000000001
Early stop model validation loss:0.21943359076976776,  accuracy:0.9440000000000001
Optimization Finished!
Total time elapsed: 37.2273s
test max acc:0.9310
Loading 94th epoch
stru_node_to_hop attention:tensor([[0.3311, 0.3345, 0.3344],
        [0.3332, 0.3334, 0.3334],
        [0.3333, 0.3332, 0.3335],
        [0.3335, 0.3332, 0.3332],
        [0.3333, 0.3333, 0.3333],
        [0.3246, 0.3394, 0.3360],
        [0.3334, 0.3334, 0.3332],
        [0.3341, 0.3329, 0.3329],
        [0.3330, 0.3335, 0.3335],
        [0.3296, 0.3355, 0.3349],
        [0.3341, 0.3331, 0.3328],
        [0.3333, 0.3333, 0.3333],
        [0.3326, 0.3336, 0.3338],
        [0.3333, 0.3333, 0.3333],
        [0.3331, 0.3334, 0.3335],
        [0.3321, 0.3336, 0.3342],
        [0.3333, 0.3334, 0.3334],
        [0.3318, 0.3340, 0.3343],
        [0.3332, 0.3334, 0.3334],
        [0.3333, 0.3333, 0.3333],
        [0.3319, 0.3343, 0.3338],
        [0.3333, 0.3333, 0.3334],
        [0.3279, 0.3353, 0.3367],
        [0.3333, 0.3333, 0.3333],
        [0.3331, 0.3333, 0.3336],
        [0.3329, 0.3336, 0.3335],
        [0.3333, 0.3334, 0.3333],
        [0.3328, 0.3330, 0.3342],
        [0.3333, 0.3334, 0.3334],
        [0.3327, 0.3336, 0.3337],
        [0.3353, 0.3331, 0.3316],
        [0.3333, 0.3333, 0.3333],
        [0.3251, 0.3367, 0.3381],
        [0.3310, 0.3322, 0.3368],
        [0.3310, 0.3345, 0.3346],
        [0.3322, 0.3339, 0.3339],
        [0.3333, 0.3334, 0.3333],
        [0.3325, 0.3335, 0.3340],
        [0.3313, 0.3344, 0.3343],
        [0.3466, 0.3273, 0.3261],
        [0.3333, 0.3333, 0.3333],
        [0.3267, 0.3366, 0.3367],
        [0.3332, 0.3334, 0.3334],
        [0.3332, 0.3334, 0.3334],
        [0.3332, 0.3336, 0.3331],
        [0.3335, 0.3333, 0.3333],
        [0.3331, 0.3331, 0.3338],
        [0.3333, 0.3334, 0.3333],
        [0.3301, 0.3350, 0.3349],
        [0.3342, 0.3329, 0.3330],
        [0.3326, 0.3337, 0.3337],
        [0.3454, 0.3277, 0.3269],
        [0.3333, 0.3334, 0.3333],
        [0.3324, 0.3339, 0.3337],
        [0.3333, 0.3333, 0.3334],
        [0.3333, 0.3334, 0.3334],
        [0.3255, 0.3364, 0.3381],
        [0.3310, 0.3337, 0.3353],
        [0.3295, 0.3352, 0.3354],
        [0.3333, 0.3334, 0.3334],
        [0.3333, 0.3334, 0.3334],
        [0.3333, 0.3333, 0.3333],
        [0.3333, 0.3334, 0.3334],
        [0.3305, 0.3347, 0.3348],
        [0.3333, 0.3333, 0.3333],
        [0.3334, 0.3333, 0.3333],
        [0.3240, 0.3369, 0.3391],
        [0.3336, 0.3332, 0.3332],
        [0.3232, 0.3407, 0.3361],
        [0.3330, 0.3335, 0.3335],
        [0.3258, 0.3389, 0.3353],
        [0.3385, 0.3309, 0.3306],
        [0.3333, 0.3333, 0.3333],
        [0.3333, 0.3334, 0.3334],
        [0.3332, 0.3334, 0.3334],
        [0.3332, 0.3334, 0.3334],
        [0.3333, 0.3334, 0.3334],
        [0.3333, 0.3333, 0.3333],
        [0.3333, 0.3333, 0.3333],
        [0.3334, 0.3333, 0.3333],
        [0.3306, 0.3347, 0.3347],
        [0.3352, 0.3327, 0.3322],
        [0.3333, 0.3333, 0.3333],
        [0.3334, 0.3332, 0.3334],
        [0.3276, 0.3367, 0.3357],
        [0.3325, 0.3337, 0.3338],
        [0.3333, 0.3333, 0.3333],
        [0.3368, 0.3316, 0.3316],
        [0.3332, 0.3334, 0.3334],
        [0.3333, 0.3333, 0.3333],
        [0.3332, 0.3334, 0.3334],
        [0.3353, 0.3321, 0.3325],
        [0.3332, 0.3333, 0.3334],
        [0.3333, 0.3334, 0.3334],
        [0.3284, 0.3356, 0.3361],
        [0.3334, 0.3334, 0.3332],
        [0.3333, 0.3333, 0.3333],
        [0.3330, 0.3336, 0.3334],
        [0.3333, 0.3333, 0.3333],
        [0.3333, 0.3333, 0.3333]], device='cuda:1')
fea_node_to_hop attention:tensor([[0.1996, 0.1998, 0.2004, 0.2001, 0.2001],
        [0.2000, 0.2000, 0.2000, 0.2000, 0.2000],
        [0.2000, 0.2000, 0.2000, 0.2000, 0.1999],
        [0.2000, 0.2009, 0.1998, 0.1997, 0.1995],
        [0.2000, 0.2000, 0.2000, 0.2000, 0.2000],
        [0.2006, 0.1980, 0.1998, 0.2005, 0.2011],
        [0.2004, 0.1998, 0.2000, 0.1999, 0.1999],
        [0.1994, 0.2005, 0.2003, 0.2000, 0.1998],
        [0.2000, 0.2002, 0.2000, 0.1999, 0.1999],
        [0.1999, 0.1999, 0.2002, 0.2001, 0.1999],
        [0.2011, 0.1994, 0.1998, 0.1998, 0.1999],
        [0.2000, 0.2000, 0.2000, 0.2000, 0.2000],
        [0.1994, 0.2001, 0.2005, 0.2001, 0.1998],
        [0.2000, 0.2000, 0.2000, 0.2000, 0.2000],
        [0.1999, 0.2003, 0.2000, 0.1999, 0.1999],
        [0.1996, 0.2004, 0.2002, 0.2000, 0.1998],
        [0.2000, 0.2001, 0.2000, 0.2000, 0.1999],
        [0.2009, 0.1998, 0.1999, 0.1998, 0.1997],
        [0.2000, 0.2000, 0.2000, 0.2000, 0.2000],
        [0.2047, 0.1990, 0.1985, 0.1988, 0.1990],
        [0.1964, 0.2015, 0.2010, 0.2007, 0.2003],
        [0.2000, 0.2000, 0.2000, 0.2000, 0.2000],
        [0.1960, 0.2000, 0.2012, 0.2015, 0.2014],
        [0.2000, 0.2000, 0.2000, 0.2000, 0.2000],
        [0.2000, 0.2002, 0.2000, 0.2000, 0.1999],
        [0.2000, 0.2000, 0.2001, 0.2000, 0.2000],
        [0.2001, 0.2000, 0.2000, 0.2000, 0.1999],
        [0.1997, 0.2008, 0.2000, 0.1999, 0.1997],
        [0.2000, 0.2000, 0.2000, 0.2000, 0.2000],
        [0.2006, 0.2000, 0.1999, 0.1998, 0.1996],
        [0.2008, 0.1995, 0.2004, 0.1998, 0.1995],
        [0.2000, 0.2000, 0.2000, 0.2000, 0.2000],
        [0.1957, 0.2057, 0.2019, 0.1993, 0.1973],
        [0.1943, 0.2027, 0.2013, 0.2012, 0.2004],
        [0.2003, 0.2004, 0.1999, 0.1998, 0.1997],
        [0.1989, 0.2005, 0.2003, 0.2002, 0.2000],
        [0.2000, 0.2000, 0.2000, 0.2000, 0.2000],
        [0.1959, 0.2015, 0.2012, 0.2009, 0.2005],
        [0.2012, 0.1983, 0.2006, 0.1999, 0.1999],
        [0.1996, 0.2015, 0.2002, 0.1997, 0.1991],
        [0.2000, 0.2000, 0.2000, 0.2000, 0.2000],
        [0.2001, 0.1988, 0.2003, 0.2004, 0.2005],
        [0.2000, 0.2000, 0.2000, 0.2000, 0.2000],
        [0.1999, 0.2002, 0.2000, 0.2000, 0.1999],
        [0.1976, 0.2009, 0.2009, 0.2005, 0.2000],
        [0.1994, 0.2005, 0.2004, 0.2000, 0.1997],
        [0.1997, 0.2003, 0.2003, 0.2000, 0.1998],
        [0.2003, 0.1999, 0.2000, 0.1999, 0.1998],
        [0.1978, 0.2013, 0.2005, 0.2003, 0.2001],
        [0.2003, 0.1999, 0.2001, 0.2000, 0.1998],
        [0.1998, 0.2002, 0.2001, 0.2000, 0.1999],
        [0.1993, 0.1997, 0.2011, 0.2003, 0.1996],
        [0.2000, 0.2001, 0.2000, 0.2000, 0.2000],
        [0.1992, 0.2004, 0.2003, 0.2001, 0.2000],
        [0.2000, 0.2000, 0.2000, 0.2000, 0.2000],
        [0.2000, 0.2000, 0.2000, 0.2000, 0.2000],
        [0.1951, 0.2010, 0.2017, 0.2013, 0.2009],
        [0.1993, 0.2015, 0.2001, 0.1998, 0.1994],
        [0.1995, 0.2002, 0.2003, 0.2001, 0.2000],
        [0.1998, 0.2003, 0.2001, 0.2000, 0.1999],
        [0.2000, 0.2000, 0.2000, 0.2000, 0.2000],
        [0.2000, 0.2000, 0.2000, 0.2000, 0.2000],
        [0.1998, 0.2004, 0.2003, 0.1999, 0.1996],
        [0.1981, 0.2006, 0.2006, 0.2005, 0.2003],
        [0.1997, 0.2003, 0.2002, 0.2000, 0.1998],
        [0.2001, 0.1999, 0.2000, 0.2000, 0.2000],
        [0.1968, 0.2007, 0.2005, 0.2010, 0.2010],
        [0.2000, 0.2000, 0.2001, 0.2000, 0.1999],
        [0.1941, 0.2025, 0.2017, 0.2010, 0.2006],
        [0.1999, 0.2002, 0.2000, 0.2000, 0.1999],
        [0.2030, 0.1989, 0.1992, 0.1994, 0.1995],
        [0.2063, 0.1982, 0.1978, 0.1985, 0.1992],
        [0.2005, 0.2003, 0.1997, 0.1998, 0.1997],
        [0.2000, 0.2000, 0.2000, 0.2000, 0.2000],
        [0.2000, 0.2000, 0.2000, 0.2000, 0.2000],
        [0.2000, 0.2000, 0.2000, 0.2000, 0.2000],
        [0.2000, 0.2000, 0.2000, 0.2000, 0.2000],
        [0.2004, 0.1996, 0.2008, 0.1999, 0.1994],
        [0.1980, 0.2015, 0.2008, 0.2001, 0.1995],
        [0.2001, 0.2000, 0.2000, 0.2000, 0.2000],
        [0.1986, 0.2001, 0.2008, 0.2004, 0.2001],
        [0.1999, 0.1993, 0.2001, 0.2002, 0.2004],
        [0.1996, 0.2002, 0.2003, 0.2000, 0.1998],
        [0.2002, 0.1999, 0.2001, 0.2000, 0.1999],
        [0.1964, 0.2015, 0.2011, 0.2008, 0.2002],
        [0.1991, 0.2004, 0.2004, 0.2001, 0.2000],
        [0.1999, 0.2001, 0.2000, 0.2000, 0.2000],
        [0.1999, 0.1999, 0.2004, 0.2001, 0.1998],
        [0.2000, 0.2000, 0.2000, 0.2000, 0.2000],
        [0.2000, 0.2000, 0.2000, 0.2000, 0.2000],
        [0.2000, 0.2001, 0.2000, 0.2000, 0.2000],
        [0.2012, 0.2000, 0.1998, 0.1996, 0.1994],
        [0.1999, 0.2001, 0.2000, 0.2000, 0.2000],
        [0.2000, 0.2000, 0.2000, 0.2000, 0.2000],
        [0.1957, 0.1997, 0.2014, 0.2016, 0.2017],
        [0.1986, 0.2018, 0.2001, 0.1999, 0.1995],
        [0.2000, 0.2000, 0.2000, 0.2000, 0.2000],
        [0.2000, 0.2001, 0.2000, 0.2000, 0.1999],
        [0.2001, 0.2008, 0.1997, 0.1997, 0.1997],
        [0.2007, 0.2003, 0.2001, 0.1996, 0.1993]], device='cuda:1')
perception attention:tensor([0.3922, 0.6078], device='cuda:1')
Test set results: loss= 0.3002 accuracy= 0.9250 F1_score= 0.9249
