# epoch	loss_train	acc_train	loss_val	acc_val	time	acc_test	f1_test
0001	1.1024	0.3167	0.9900	0.6540	0.0506s	0.9877	0.6810	0.6648
0
0002	0.8819	0.9167	0.7831	0.7620	0.0505s	0.7825	0.7500	0.7479
0
0003	0.5872	0.9333	0.5472	0.9060	0.0509s	0.5615	0.8790	0.8778
0
0004	0.3693	0.9833	0.4195	0.8860	0.0504s	0.4335	0.8770	0.8745
0
0005	0.2431	0.9667	0.3032	0.9140	0.0510s	0.3452	0.8840	0.8844
0
0006	0.1839	0.9667	0.2895	0.9120	0.0506s	0.3349	0.8900	0.8897
0
0007	0.1201	1.0000	0.2615	0.9160	0.0506s	0.3072	0.8960	0.8955
0
0008	0.1021	1.0000	0.2447	0.9140	0.0506s	0.2969	0.8870	0.8873
0
0009	0.0901	0.9667	0.2552	0.9180	0.0506s	0.2980	0.9010	0.9006
0
0010	0.0812	1.0000	0.2636	0.9240	0.0507s	0.3088	0.9030	0.9025
0
0011	0.0847	1.0000	0.2607	0.9260	0.0507s	0.3251	0.8980	0.8980
0
0012	0.0550	1.0000	0.2694	0.9200	0.0505s	0.3583	0.8920	0.8926
0
0013	0.0699	1.0000	0.2772	0.9360	0.0507s	0.3621	0.8990	0.8991
1
0014	0.0707	0.9667	0.3096	0.9280	0.0505s	0.3744	0.9080	0.9075
0
0015	0.0695	0.9667	0.3175	0.9260	0.0507s	0.3657	0.9100	0.9096
1
0016	0.0333	1.0000	0.3396	0.9260	0.0505s	0.3739	0.9100	0.9092
2
0017	0.0559	0.9833	0.3664	0.9220	0.0508s	0.3916	0.9120	0.9108
3
0018	0.0549	1.0000	0.3590	0.9220	0.0506s	0.3912	0.9130	0.9124
4
0019	0.0481	1.0000	0.3151	0.9360	0.0505s	0.3743	0.9120	0.9116
5
0020	0.0372	1.0000	0.3030	0.9420	0.0506s	0.3887	0.9140	0.9139
0
0021	0.0492	0.9833	0.2869	0.9280	0.0504s	0.3949	0.9050	0.9054
0
0022	0.0570	1.0000	0.2813	0.9280	0.0507s	0.3799	0.9080	0.9083
1
0023	0.0528	1.0000	0.2795	0.9320	0.0505s	0.3537	0.9150	0.9151
2
0024	0.0405	0.9833	0.2936	0.9260	0.0505s	0.3404	0.9120	0.9117
3
0025	0.0419	1.0000	0.3202	0.9240	0.0506s	0.3462	0.9150	0.9144
4
0026	0.0430	1.0000	0.3112	0.9260	0.0504s	0.3431	0.9180	0.9174
5
0027	0.0375	1.0000	0.3052	0.9320	0.0505s	0.3485	0.9140	0.9136
6
0028	0.0466	0.9833	0.2812	0.9320	0.0506s	0.3394	0.9200	0.9199
7
0029	0.0470	0.9833	0.2710	0.9380	0.0507s	0.3433	0.9190	0.9191
8
0030	0.0561	1.0000	0.2741	0.9340	0.0504s	0.3312	0.9200	0.9198
9
0031	0.0494	0.9833	0.3262	0.9320	0.0506s	0.3731	0.9180	0.9175
10
0032	0.0305	1.0000	0.3691	0.9300	0.0506s	0.4195	0.9110	0.9103
11
0033	0.0664	1.0000	0.2571	0.9360	0.0512s	0.3282	0.9230	0.9229
12
0034	0.0436	0.9667	0.2640	0.9360	0.0509s	0.3402	0.9130	0.9131
13
0035	0.0502	1.0000	0.2555	0.9360	0.0502s	0.3162	0.9210	0.9210
14
0036	0.0468	1.0000	0.3025	0.9340	0.0507s	0.3564	0.9210	0.9206
15
0037	0.0348	1.0000	0.3637	0.9240	0.0507s	0.4126	0.9100	0.9091
16
0038	0.0551	1.0000	0.2583	0.9300	0.0506s	0.3359	0.9230	0.9228
17
0039	0.0487	1.0000	0.2399	0.9380	0.0506s	0.3166	0.9170	0.9171
18
0040	0.0441	1.0000	0.2511	0.9360	0.0505s	0.3094	0.9260	0.9259
0
0041	0.0350	1.0000	0.2845	0.9320	0.0506s	0.3368	0.9190	0.9185
1
0042	0.0436	0.9833	0.2546	0.9340	0.0505s	0.3242	0.9250	0.9248
2
0043	0.0466	1.0000	0.2297	0.9340	0.0504s	0.3206	0.9200	0.9201
3
0044	0.0650	1.0000	0.2272	0.9420	0.0514s	0.3101	0.9280	0.9279
0
0045	0.0336	1.0000	0.2737	0.9320	0.0507s	0.3383	0.9230	0.9227
0
0046	0.0466	1.0000	0.2573	0.9380	0.0506s	0.3207	0.9220	0.9217
1
0047	0.0440	1.0000	0.2236	0.9420	0.0509s	0.3008	0.9280	0.9279
2
0048	0.0340	1.0000	0.2147	0.9420	0.0507s	0.3076	0.9260	0.9259
0
0049	0.0434	1.0000	0.2224	0.9420	0.0502s	0.3165	0.9230	0.9228
0
0050	0.0373	1.0000	0.2294	0.9360	0.0506s	0.3149	0.9260	0.9258
0
0051	0.0447	1.0000	0.2215	0.9420	0.0505s	0.2944	0.9250	0.9250
1
0052	0.0386	1.0000	0.2283	0.9400	0.0506s	0.2929	0.9290	0.9289
0
0053	0.0400	1.0000	0.2574	0.9340	0.0507s	0.3242	0.9230	0.9227
1
0054	0.0422	1.0000	0.2290	0.9400	0.0506s	0.3062	0.9250	0.9248
2
0055	0.0478	1.0000	0.2323	0.9360	0.0503s	0.3186	0.9060	0.9062
3
0056	0.0533	0.9833	0.2420	0.9440	0.0511s	0.2983	0.9270	0.9269
4
0057	0.0473	1.0000	0.3090	0.9320	0.0501s	0.3667	0.9180	0.9175
0
0058	0.0385	1.0000	0.2852	0.9320	0.0505s	0.3637	0.9170	0.9166
1
0059	0.0493	1.0000	0.2143	0.9440	0.0505s	0.3043	0.9230	0.9230
2
0060	0.0357	0.9833	0.2602	0.9360	0.0508s	0.3374	0.9050	0.9051
0
0061	0.0600	0.9667	0.2557	0.9360	0.0505s	0.3175	0.9250	0.9247
1
0062	0.0463	1.0000	0.2699	0.9340	0.0507s	0.3487	0.9210	0.9207
2
0063	0.0400	1.0000	0.2232	0.9420	0.0504s	0.3326	0.9250	0.9249
3
0064	0.0468	0.9833	0.2266	0.9360	0.0505s	0.3362	0.9050	0.9053
4
0065	0.0469	1.0000	0.2524	0.9420	0.0507s	0.3134	0.9210	0.9208
5
0066	0.0445	1.0000	0.2927	0.9300	0.0510s	0.3453	0.9210	0.9204
6
0067	0.0357	0.9833	0.3078	0.9320	0.0507s	0.3843	0.9170	0.9166
7
0068	0.0327	1.0000	0.2695	0.9340	0.0509s	0.3774	0.9200	0.9197
8
0069	0.0479	1.0000	0.2155	0.9460	0.0507s	0.3178	0.9240	0.9240
9
0070	0.0422	1.0000	0.2557	0.9360	0.0503s	0.3179	0.9140	0.9138
0
0071	0.0428	1.0000	0.2721	0.9420	0.0506s	0.3230	0.9240	0.9236
1
0072	0.0379	1.0000	0.2685	0.9340	0.0509s	0.3386	0.9230	0.9225
2
0073	0.0355	1.0000	0.2502	0.9300	0.0544s	0.3562	0.9220	0.9217
3
0074	0.0363	1.0000	0.2364	0.9360	0.0522s	0.3585	0.9230	0.9230
4
0075	0.0468	0.9833	0.2228	0.9440	0.0520s	0.3154	0.9250	0.9248
5
0076	0.0306	1.0000	0.2840	0.9340	0.0540s	0.3281	0.9240	0.9235
6
0077	0.0386	1.0000	0.3083	0.9340	0.0535s	0.3420	0.9200	0.9191
7
0078	0.0499	1.0000	0.2185	0.9460	0.0519s	0.2944	0.9250	0.9249
8
0079	0.0410	1.0000	0.2175	0.9420	0.0511s	0.3188	0.9250	0.9250
0
0080	0.0395	1.0000	0.2486	0.9360	0.0507s	0.3347	0.9240	0.9237
1
0081	0.0420	1.0000	0.2632	0.9380	0.0506s	0.3250	0.9250	0.9247
2
0082	0.0357	1.0000	0.2497	0.9340	0.0506s	0.2909	0.9310	0.9308
3
0083	0.0344	1.0000	0.2551	0.9360	0.0503s	0.2911	0.9300	0.9297
4
0084	0.0343	1.0000	0.2378	0.9440	0.0506s	0.2938	0.9280	0.9278
5
0085	0.0350	0.9833	0.2287	0.9480	0.0506s	0.3106	0.9270	0.9269
6
0086	0.0296	0.9833	0.2324	0.9440	0.0506s	0.3224	0.9260	0.9259
0
0087	0.0536	0.9833	0.2641	0.9380	0.0506s	0.3098	0.9290	0.9287
1
0088	0.0379	1.0000	0.2894	0.9320	0.0507s	0.3131	0.9190	0.9183
2
0089	0.0372	1.0000	0.2687	0.9320	0.0504s	0.2982	0.9260	0.9256
3
0090	0.0463	1.0000	0.2569	0.9400	0.0506s	0.3258	0.9250	0.9247
4
0091	0.0422	0.9833	0.2584	0.9360	0.0507s	0.3629	0.9170	0.9172
5
0092	0.0537	1.0000	0.2303	0.9480	0.0504s	0.3108	0.9280	0.9278
6
0093	0.0330	1.0000	0.3166	0.9260	0.0505s	0.3468	0.9190	0.9179
0
0094	0.0414	0.9833	0.3070	0.9340	0.0501s	0.3275	0.9210	0.9203
1
0095	0.0541	1.0000	0.2270	0.9420	0.0507s	0.2936	0.9220	0.9220
2
0096	0.0293	1.0000	0.2336	0.9420	0.0505s	0.3375	0.9220	0.9221
3
0097	0.0413	1.0000	0.2932	0.9280	0.0504s	0.3959	0.9120	0.9119
4
0098	0.0603	0.9833	0.2362	0.9460	0.0506s	0.3017	0.9350	0.9348
5
0099	0.0260	1.0000	0.2829	0.9320	0.0507s	0.3105	0.9210	0.9205
6
0100	0.0507	1.0000	0.3032	0.9360	0.0501s	0.3244	0.9250	0.9243
7
0101	0.0365	1.0000	0.2902	0.9260	0.0507s	0.3369	0.9270	0.9263
8
0102	0.0309	1.0000	0.2499	0.9420	0.0505s	0.3279	0.9280	0.9278
9
0103	0.0368	1.0000	0.2181	0.9480	0.0527s	0.3126	0.9250	0.9250
10
0104	0.0388	0.9833	0.2166	0.9520	0.0508s	0.3049	0.9260	0.9260
0
0105	0.0427	1.0000	0.2644	0.9340	0.0504s	0.3291	0.9290	0.9287
0
0106	0.0371	1.0000	0.2914	0.9300	0.0505s	0.3352	0.9310	0.9304
1
0107	0.0258	1.0000	0.2748	0.9360	0.0504s	0.3145	0.9320	0.9316
2
0108	0.0351	1.0000	0.2260	0.9440	0.0503s	0.2856	0.9310	0.9309
3
0109	0.0307	1.0000	0.2187	0.9500	0.0507s	0.3000	0.9290	0.9289
4
0110	0.0346	1.0000	0.2481	0.9440	0.0497s	0.3361	0.9230	0.9228
5
0111	0.0389	1.0000	0.2477	0.9420	0.0504s	0.3267	0.9230	0.9228
6
0112	0.0263	1.0000	0.2307	0.9420	0.0506s	0.2958	0.9320	0.9318
7
0113	0.0280	1.0000	0.2321	0.9420	0.0507s	0.2869	0.9300	0.9299
8
0114	0.0313	1.0000	0.2559	0.9360	0.0505s	0.3065	0.9310	0.9306
9
0115	0.0428	0.9833	0.2295	0.9460	0.0507s	0.2899	0.9330	0.9329
10
0116	0.0277	1.0000	0.2220	0.9460	0.0507s	0.2941	0.9290	0.9289
11
0117	0.0290	1.0000	0.2510	0.9400	0.0505s	0.3161	0.9260	0.9258
12
0118	0.0297	0.9833	0.2599	0.9380	0.0506s	0.3091	0.9310	0.9307
13
0119	0.0282	1.0000	0.2359	0.9420	0.0504s	0.2879	0.9310	0.9308
14
0120	0.0333	1.0000	0.2343	0.9420	0.0510s	0.2947	0.9320	0.9319
15
0121	0.0307	1.0000	0.2558	0.9400	0.0506s	0.3262	0.9240	0.9238
16
0122	0.0261	1.0000	0.2577	0.9400	0.0505s	0.3235	0.9250	0.9247
17
0123	0.0313	0.9833	0.2479	0.9440	0.0506s	0.2914	0.9310	0.9308
18
0124	0.0352	1.0000	0.2558	0.9440	0.0506s	0.2978	0.9320	0.9318
19
0125	0.0279	1.0000	0.2411	0.9440	0.0502s	0.3070	0.9300	0.9299
20
0126	0.0301	1.0000	0.2424	0.9460	0.0506s	0.3035	0.9300	0.9299
21
0127	0.0276	1.0000	0.2469	0.9400	0.0505s	0.2937	0.9300	0.9298
22
0128	0.0283	1.0000	0.2494	0.9400	0.0504s	0.2949	0.9310	0.9308
23
0129	0.0277	1.0000	0.2394	0.9440	0.0506s	0.3008	0.9300	0.9299
24
0130	0.0336	0.9667	0.2330	0.9420	0.0504s	0.2981	0.9310	0.9309
25
0131	0.0304	1.0000	0.2539	0.9420	0.0506s	0.3022	0.9290	0.9288
26
0132	0.0276	1.0000	0.2511	0.9420	0.0504s	0.3069	0.9250	0.9248
27
0133	0.0310	1.0000	0.2278	0.9420	0.0506s	0.3032	0.9300	0.9299
28
0134	0.0352	1.0000	0.2500	0.9440	0.0519s	0.3134	0.9250	0.9248
29
0135	0.0277	0.9833	0.2786	0.9400	0.0504s	0.3221	0.9270	0.9267
30
0136	0.0271	0.9833	0.2420	0.9420	0.0505s	0.2888	0.9290	0.9288
31
0137	0.0306	1.0000	0.2346	0.9440	0.0507s	0.3022	0.9310	0.9309
32
0138	0.0303	1.0000	0.3014	0.9320	0.0506s	0.3491	0.9250	0.9247
33
0139	0.0500	1.0000	0.2571	0.9340	0.0505s	0.3219	0.9170	0.9172
34
0140	0.0423	1.0000	0.2440	0.9460	0.0507s	0.2983	0.9280	0.9279
35
0141	0.0399	1.0000	0.4117	0.9120	0.0505s	0.4424	0.9050	0.9031
36
0142	0.1007	1.0000	0.2564	0.9360	0.0504s	0.3142	0.9250	0.9251
37
0143	0.0424	1.0000	0.3149	0.9140	0.0507s	0.4272	0.8880	0.8890
38
0144	0.0641	0.9833	0.3145	0.9340	0.0505s	0.3659	0.9220	0.9216
39
0145	0.0418	1.0000	0.3827	0.9180	0.0506s	0.4184	0.9130	0.9116
40
0146	0.0431	0.9833	0.2868	0.9360	0.0506s	0.3406	0.9250	0.9247
41
0147	0.0288	1.0000	0.2648	0.9320	0.0506s	0.3612	0.9130	0.9133
42
0148	0.0335	1.0000	0.2736	0.9320	0.0503s	0.3713	0.9090	0.9093
43
0149	0.0417	0.9833	0.2964	0.9340	0.0506s	0.3526	0.9240	0.9237
44
0150	0.0239	1.0000	0.3839	0.9220	0.0509s	0.4341	0.9100	0.9085
45
0151	0.0362	1.0000	0.3858	0.9100	0.0506s	0.4572	0.9110	0.9102
46
0152	0.0366	0.9833	0.2859	0.9340	0.0506s	0.3824	0.9200	0.9197
47
0153	0.0252	1.0000	0.2642	0.9360	0.0505s	0.3649	0.9150	0.9151
48
0154	0.0267	1.0000	0.2913	0.9300	0.0502s	0.3915	0.9040	0.9042
49
0155	0.0432	1.0000	0.2759	0.9360	0.0504s	0.3567	0.9230	0.9228
50
0156	0.0287	1.0000	0.3279	0.9300	0.0506s	0.4140	0.9150	0.9145
51
0157	0.0270	0.9833	0.3731	0.9200	0.0506s	0.4710	0.9080	0.9074
52
0158	0.0457	1.0000	0.2825	0.9340	0.0505s	0.3855	0.9200	0.9197
53
0159	0.0273	1.0000	0.2764	0.9360	0.0507s	0.3589	0.9210	0.9209
54
0160	0.0279	1.0000	0.2945	0.9360	0.0506s	0.3759	0.9100	0.9099
55
0161	0.0399	1.0000	0.2651	0.9400	0.0505s	0.3553	0.9210	0.9210
56
0162	0.0232	1.0000	0.2722	0.9360	0.0509s	0.3782	0.9250	0.9248
57
0163	0.0299	1.0000	0.3063	0.9340	0.0505s	0.3987	0.9190	0.9186
58
0164	0.0297	0.9833	0.2943	0.9300	0.0505s	0.3733	0.9230	0.9227
59
0165	0.0243	1.0000	0.2807	0.9360	0.0508s	0.3466	0.9300	0.9299
60
0166	0.0263	1.0000	0.2657	0.9400	0.0507s	0.3367	0.9220	0.9220
61
0167	0.0239	1.0000	0.2524	0.9380	0.0506s	0.3389	0.9220	0.9220
62
0168	0.0371	1.0000	0.2947	0.9320	0.0506s	0.3521	0.9270	0.9268
63
0169	0.0315	1.0000	0.3031	0.9280	0.0507s	0.3693	0.9220	0.9216
64
0170	0.0302	1.0000	0.2708	0.9380	0.0507s	0.3518	0.9260	0.9258
65
0171	0.0260	1.0000	0.2482	0.9400	0.0506s	0.3325	0.9260	0.9259
66
0172	0.0249	1.0000	0.2620	0.9380	0.0506s	0.3239	0.9250	0.9249
67
0173	0.0287	1.0000	0.2787	0.9380	0.0507s	0.3316	0.9290	0.9288
68
0174	0.0303	1.0000	0.2680	0.9380	0.0507s	0.3491	0.9250	0.9248
69
0175	0.0289	1.0000	0.2423	0.9440	0.0506s	0.3410	0.9250	0.9249
70
0176	0.0295	1.0000	0.2502	0.9420	0.0505s	0.3155	0.9260	0.9259
71
0177	0.0293	1.0000	0.2735	0.9400	0.0504s	0.3182	0.9280	0.9278
72
0178	0.0347	1.0000	0.2743	0.9380	0.0506s	0.3488	0.9210	0.9207
73
0179	0.0317	0.9833	0.2546	0.9380	0.0505s	0.3348	0.9250	0.9248
74
0180	0.0308	1.0000	0.2383	0.9400	0.0505s	0.3138	0.9230	0.9230
75
0181	0.0349	1.0000	0.2530	0.9420	0.0507s	0.3104	0.9290	0.9289
76
0182	0.0239	1.0000	0.2780	0.9360	0.0508s	0.3430	0.9240	0.9237
77
0183	0.0360	1.0000	0.2290	0.9440	0.0504s	0.3200	0.9270	0.9269
78
0184	0.0283	1.0000	0.2295	0.9440	0.0506s	0.3104	0.9270	0.9269
79
0185	0.0270	1.0000	0.2559	0.9400	0.0507s	0.3183	0.9270	0.9268
80
0186	0.0255	1.0000	0.2586	0.9380	0.0530s	0.3294	0.9240	0.9239
81
0187	0.0288	1.0000	0.2352	0.9440	0.0507s	0.3172	0.9250	0.9249
82
0188	0.0280	1.0000	0.2319	0.9420	0.0503s	0.3134	0.9270	0.9269
83
0189	0.0266	1.0000	0.2450	0.9440	0.0506s	0.3169	0.9250	0.9249
84
0190	0.0214	1.0000	0.2703	0.9380	0.0506s	0.3426	0.9220	0.9218
85
0191	0.0279	1.0000	0.2385	0.9420	0.0507s	0.3229	0.9250	0.9249
86
0192	0.0307	1.0000	0.2398	0.9420	0.0505s	0.3183	0.9250	0.9249
87
0193	0.0228	1.0000	0.2559	0.9440	0.0507s	0.3233	0.9240	0.9239
88
0194	0.0221	1.0000	0.2689	0.9400	0.0512s	0.3386	0.9240	0.9239
89
0195	0.0296	1.0000	0.2412	0.9420	0.0506s	0.3249	0.9260	0.9259
90
0196	0.0351	1.0000	0.2683	0.9420	0.0506s	0.3329	0.9250	0.9249
91
0197	0.0261	0.9833	0.2685	0.9380	0.0508s	0.3408	0.9240	0.9239
92
0198	0.0239	1.0000	0.2426	0.9420	0.0509s	0.3360	0.9250	0.9249
93
0199	0.0319	1.0000	0.2792	0.9420	0.0506s	0.3305	0.9240	0.9238
94
0200	0.0333	1.0000	0.2622	0.9400	0.0511s	0.3479	0.9230	0.9229
95
0201	0.0249	1.0000	0.2482	0.9420	0.0510s	0.3537	0.9240	0.9239
96
0202	0.0310	1.0000	0.2806	0.9400	0.0506s	0.3315	0.9230	0.9228
97
0203	0.0285	1.0000	0.2661	0.9420	0.0512s	0.3320	0.9230	0.9228
98
0204	0.0232	1.0000	0.2482	0.9420	0.0507s	0.3549	0.9240	0.9239
99
0205	0.0229	1.0000	0.2541	0.9420	0.0509s	0.3419	0.9250	0.9249
100
0206	0.0246	1.0000	0.2857	0.9400	0.0507s	0.3292	0.9220	0.9218
101
0207	0.0300	1.0000	0.2633	0.9400	0.0508s	0.3212	0.9250	0.9248
102
0208	0.0256	1.0000	0.2440	0.9400	0.0508s	0.3418	0.9260	0.9259
103
0209	0.0280	1.0000	0.2683	0.9400	0.0510s	0.3524	0.9210	0.9208
104
0210	0.0305	1.0000	0.2682	0.9380	0.0500s	0.3215	0.9250	0.9248
105
0211	0.0236	1.0000	0.2595	0.9380	0.0506s	0.3237	0.9260	0.9259
106
0212	0.0232	1.0000	0.2658	0.9420	0.0504s	0.3592	0.9220	0.9218
107
0213	0.0271	1.0000	0.2551	0.9400	0.0507s	0.3466	0.9250	0.9249
108
0214	0.0249	1.0000	0.2692	0.9400	0.0501s	0.3340	0.9200	0.9201
109
0215	0.0293	1.0000	0.2756	0.9380	0.0507s	0.3325	0.9230	0.9228
110
0216	0.0291	1.0000	0.2912	0.9340	0.0507s	0.3787	0.9200	0.9198
111
0217	0.0389	0.9833	0.2443	0.9420	0.0509s	0.3452	0.9270	0.9269
112
0218	0.0298	1.0000	0.2618	0.9400	0.0499s	0.3339	0.9240	0.9238
113
0219	0.0258	1.0000	0.3291	0.9320	0.0505s	0.3949	0.9180	0.9176
114
0220	0.0417	1.0000	0.2532	0.9420	0.0505s	0.3563	0.9250	0.9249
115
0221	0.0240	1.0000	0.2442	0.9440	0.0506s	0.3509	0.9260	0.9260
116
0222	0.0285	1.0000	0.2979	0.9360	0.0499s	0.3621	0.9230	0.9228
117
0223	0.0314	1.0000	0.2860	0.9340	0.0506s	0.3719	0.9230	0.9228
118
0224	0.0225	1.0000	0.2446	0.9460	0.0505s	0.3671	0.9260	0.9259
119
0225	0.0278	1.0000	0.2474	0.9440	0.0530s	0.3455	0.9270	0.9269
120
0226	0.0207	1.0000	0.2969	0.9380	0.0501s	0.3545	0.9240	0.9238
121
0227	0.0293	1.0000	0.2677	0.9400	0.0506s	0.3509	0.9250	0.9248
122
0228	0.0220	1.0000	0.2502	0.9420	0.0507s	0.3425	0.9270	0.9269
123
0229	0.0244	1.0000	0.2639	0.9400	0.0503s	0.3462	0.9250	0.9248
124
0230	0.0225	1.0000	0.2729	0.9380	0.0505s	0.3510	0.9250	0.9248
125
0231	0.0240	1.0000	0.2584	0.9440	0.0507s	0.3467	0.9260	0.9259
126
0232	0.0204	1.0000	0.2477	0.9420	0.0506s	0.3381	0.9260	0.9260
127
0233	0.0232	1.0000	0.2593	0.9440	0.0509s	0.3447	0.9260	0.9259
128
0234	0.0228	1.0000	0.2702	0.9400	0.0508s	0.3505	0.9250	0.9249
129
0235	0.0227	1.0000	0.2703	0.9400	0.0506s	0.3377	0.9240	0.9238
130
0236	0.0209	1.0000	0.2577	0.9440	0.0508s	0.3394	0.9260	0.9259
131
0237	0.0258	1.0000	0.2481	0.9420	0.0508s	0.3472	0.9270	0.9269
132
0238	0.0275	1.0000	0.2607	0.9420	0.0507s	0.3357	0.9240	0.9239
133
0239	0.0280	1.0000	0.2795	0.9400	0.0505s	0.3539	0.9250	0.9248
134
0240	0.0279	1.0000	0.2470	0.9440	0.0507s	0.3380	0.9260	0.9260
135
0241	0.0312	1.0000	0.3038	0.9420	0.0507s	0.3663	0.9230	0.9228
136
0242	0.0246	1.0000	0.2902	0.9400	0.0508s	0.3502	0.9250	0.9248
137
0243	0.0234	1.0000	0.2559	0.9400	0.0506s	0.3494	0.9180	0.9181
138
0244	0.0383	0.9833	0.2739	0.9420	0.0505s	0.3599	0.9240	0.9238
139
0245	0.0240	1.0000	0.3199	0.9380	0.0509s	0.3799	0.9250	0.9247
140
0246	0.0425	1.0000	0.3014	0.9300	0.0506s	0.3935	0.8960	0.8964
141
0247	0.0514	1.0000	0.2518	0.9460	0.0505s	0.3305	0.9240	0.9239
142
0248	0.0263	1.0000	0.3878	0.9240	0.0508s	0.4464	0.9110	0.9101
143
0249	0.0492	0.9833	0.2686	0.9440	0.0508s	0.3320	0.9240	0.9239
144
0250	0.0256	1.0000	0.2798	0.9340	0.0506s	0.3936	0.9050	0.9054
145
0251	0.0520	1.0000	0.2809	0.9420	0.0506s	0.3529	0.9240	0.9238
146
0252	0.0231	1.0000	0.3591	0.9300	0.0507s	0.4406	0.9200	0.9197
147
0253	0.0299	1.0000	0.3248	0.9360	0.0506s	0.4288	0.9190	0.9186
148
0254	0.0351	1.0000	0.2664	0.9400	0.0506s	0.3701	0.9170	0.9171
149
0255	0.0358	1.0000	0.3075	0.9360	0.0506s	0.3985	0.9020	0.9020
150
0256	0.0380	1.0000	0.2766	0.9420	0.0507s	0.3677	0.9260	0.9258
151
0257	0.0239	1.0000	0.3496	0.9340	0.0506s	0.4618	0.9130	0.9126
152
0258	0.0438	1.0000	0.3428	0.9380	0.0508s	0.4249	0.9240	0.9235
153
0259	0.0278	1.0000	0.2959	0.9400	0.0506s	0.3825	0.9270	0.9268
154
0260	0.0262	1.0000	0.2790	0.9400	0.0506s	0.4116	0.9160	0.9162
155
0261	0.0305	1.0000	0.2712	0.9420	0.0506s	0.4208	0.9130	0.9132
156
0262	0.0375	0.9833	0.3179	0.9340	0.0507s	0.4308	0.9180	0.9175
157
0263	0.0249	0.9833	0.4097	0.9200	0.0506s	0.4827	0.9110	0.9094
158
0264	0.0276	1.0000	0.3875	0.9240	0.0505s	0.4680	0.9140	0.9128
159
0265	0.0363	1.0000	0.2778	0.9460	0.0505s	0.4115	0.9250	0.9249
160
0266	0.0241	1.0000	0.2804	0.9460	0.0510s	0.4317	0.9070	0.9074
161
0267	0.0334	1.0000	0.2762	0.9420	0.0505s	0.3980	0.9140	0.9142
162
0268	0.0326	1.0000	0.3350	0.9360	0.0508s	0.4052	0.9200	0.9193
163
0269	0.0278	1.0000	0.4430	0.9160	0.0519s	0.5064	0.9060	0.9038
164
0270	0.0348	1.0000	0.4018	0.9220	0.0521s	0.5022	0.9150	0.9142
165
0271	0.0532	1.0000	0.2865	0.9300	0.0526s	0.4043	0.9100	0.9103
166
0272	0.0347	0.9833	0.4181	0.8960	0.0530s	0.5613	0.8640	0.8639
167
0273	0.0624	0.9833	0.3145	0.9260	0.0521s	0.4089	0.9210	0.9204
168
0274	0.0253	1.0000	0.5607	0.8940	0.0517s	0.6274	0.8900	0.8866
169
0275	0.0818	0.9833	0.3718	0.9180	0.0513s	0.4489	0.9130	0.9114
170
0276	0.0313	1.0000	0.2866	0.9360	0.0507s	0.3754	0.9140	0.9140
171
0277	0.0273	1.0000	0.3511	0.9280	0.0507s	0.4827	0.8920	0.8927
172
0278	0.0562	1.0000	0.2595	0.9380	0.0506s	0.3747	0.9170	0.9171
173
0279	0.0267	1.0000	0.3369	0.9300	0.0506s	0.4380	0.9190	0.9182
174
0280	0.0279	1.0000	0.4855	0.9040	0.0505s	0.5593	0.9040	0.9019
175
0281	0.0402	1.0000	0.4304	0.9200	0.0509s	0.4964	0.9080	0.9061
176
0282	0.0330	1.0000	0.2979	0.9320	0.0499s	0.3887	0.9220	0.9214
177
0283	0.0251	1.0000	0.2711	0.9360	0.0505s	0.3853	0.9160	0.9161
178
0284	0.0285	1.0000	0.2909	0.9340	0.0508s	0.4054	0.9140	0.9143
179
0285	0.0399	1.0000	0.2761	0.9380	0.0507s	0.3792	0.9170	0.9171
180
0286	0.0242	1.0000	0.2884	0.9360	0.0505s	0.3750	0.9220	0.9218
181
0287	0.0287	1.0000	0.3314	0.9300	0.0506s	0.4130	0.9210	0.9204
182
0288	0.0257	1.0000	0.3858	0.9240	0.0596s	0.4592	0.9160	0.9149
183
0289	0.0276	1.0000	0.3872	0.9240	0.0591s	0.4546	0.9160	0.9149
184
0290	0.0290	1.0000	0.3452	0.9280	0.0591s	0.4012	0.9160	0.9149
185
0291	0.0292	1.0000	0.2912	0.9340	0.0591s	0.3699	0.9250	0.9249
186
0292	0.0301	1.0000	0.2823	0.9360	0.0590s	0.3694	0.9210	0.9211
187
0293	0.0258	1.0000	0.2855	0.9360	0.0592s	0.3641	0.9230	0.9230
188
0294	0.0231	1.0000	0.2953	0.9340	0.0590s	0.3639	0.9250	0.9248
189
0295	0.0273	1.0000	0.3053	0.9340	0.0569s	0.3801	0.9250	0.9247
190
0296	0.0213	1.0000	0.3090	0.9380	0.0544s	0.3886	0.9230	0.9226
191
0297	0.0248	1.0000	0.2954	0.9360	0.0522s	0.3785	0.9210	0.9208
192
0298	0.0254	1.0000	0.2901	0.9340	0.0518s	0.3576	0.9270	0.9269
193
0299	0.0258	1.0000	0.2918	0.9340	0.0521s	0.3531	0.9270	0.9268
194
0300	0.0255	1.0000	0.2710	0.9340	0.0524s	0.3604	0.9260	0.9259
195
0301	0.0232	1.0000	0.2783	0.9360	0.0528s	0.3761	0.9210	0.9208
196
0302	0.0279	1.0000	0.2927	0.9340	0.0526s	0.3627	0.9280	0.9278
197
0303	0.0248	1.0000	0.2935	0.9340	0.0525s	0.3571	0.9280	0.9278
198
0304	0.0285	0.9833	0.2757	0.9380	0.0522s	0.3784	0.9230	0.9228
199
Early stop! Min loss:0.21434380114078522,  Max accuracy:0.9520000000000001
Early stop model validation loss:0.21434380114078522,  accuracy:0.9440000000000001
Optimization Finished!
Total time elapsed: 15.6437s
test max acc:0.9350
Loading 58th epoch
stru_node_to_hop attention:tensor([[0.3327, 0.3337, 0.3337],
        [0.3333, 0.3333, 0.3334],
        [0.3330, 0.3333, 0.3337],
        [0.3322, 0.3339, 0.3339],
        [0.3335, 0.3332, 0.3333],
        [0.3293, 0.3360, 0.3347],
        [0.3322, 0.3340, 0.3338],
        [0.3336, 0.3332, 0.3332],
        [0.3333, 0.3334, 0.3334],
        [0.3318, 0.3343, 0.3339],
        [0.3329, 0.3335, 0.3337],
        [0.3333, 0.3333, 0.3333],
        [0.3317, 0.3340, 0.3343],
        [0.3333, 0.3333, 0.3333],
        [0.3336, 0.3330, 0.3333],
        [0.3317, 0.3339, 0.3343],
        [0.3331, 0.3335, 0.3335],
        [0.3318, 0.3345, 0.3337],
        [0.3333, 0.3334, 0.3333],
        [0.3333, 0.3333, 0.3333],
        [0.3341, 0.3330, 0.3330],
        [0.3332, 0.3334, 0.3334],
        [0.3322, 0.3330, 0.3348],
        [0.3333, 0.3334, 0.3334],
        [0.3331, 0.3334, 0.3335],
        [0.3333, 0.3334, 0.3334],
        [0.3333, 0.3334, 0.3333],
        [0.3303, 0.3329, 0.3367],
        [0.3333, 0.3334, 0.3334],
        [0.3302, 0.3326, 0.3372],
        [0.3349, 0.3323, 0.3329],
        [0.3333, 0.3334, 0.3333],
        [0.3241, 0.3367, 0.3393],
        [0.3281, 0.3361, 0.3357],
        [0.3292, 0.3344, 0.3364],
        [0.3329, 0.3336, 0.3335],
        [0.3333, 0.3334, 0.3334],
        [0.3274, 0.3349, 0.3377],
        [0.3329, 0.3335, 0.3336],
        [0.3483, 0.3261, 0.3256],
        [0.3333, 0.3334, 0.3334],
        [0.3284, 0.3361, 0.3355],
        [0.3333, 0.3334, 0.3334],
        [0.3333, 0.3334, 0.3334],
        [0.3330, 0.3338, 0.3332],
        [0.3332, 0.3334, 0.3334],
        [0.3327, 0.3334, 0.3339],
        [0.3336, 0.3332, 0.3332],
        [0.3335, 0.3334, 0.3331],
        [0.3331, 0.3335, 0.3333],
        [0.3325, 0.3338, 0.3337],
        [0.3349, 0.3327, 0.3324],
        [0.3333, 0.3334, 0.3333],
        [0.3333, 0.3334, 0.3333],
        [0.3333, 0.3333, 0.3333],
        [0.3331, 0.3335, 0.3334],
        [0.3326, 0.3334, 0.3340],
        [0.3312, 0.3337, 0.3351],
        [0.3315, 0.3342, 0.3343],
        [0.3333, 0.3334, 0.3334],
        [0.3333, 0.3334, 0.3333],
        [0.3332, 0.3334, 0.3334],
        [0.3337, 0.3331, 0.3331],
        [0.3361, 0.3319, 0.3320],
        [0.3333, 0.3333, 0.3333],
        [0.3332, 0.3334, 0.3334],
        [0.3276, 0.3349, 0.3375],
        [0.3332, 0.3334, 0.3334],
        [0.3213, 0.3414, 0.3373],
        [0.3331, 0.3334, 0.3334],
        [0.3213, 0.3415, 0.3373],
        [0.3255, 0.3369, 0.3376],
        [0.3333, 0.3333, 0.3333],
        [0.3333, 0.3333, 0.3333],
        [0.3333, 0.3334, 0.3334],
        [0.3333, 0.3334, 0.3334],
        [0.3332, 0.3334, 0.3334],
        [0.3333, 0.3333, 0.3333],
        [0.3333, 0.3333, 0.3333],
        [0.3333, 0.3334, 0.3332],
        [0.3312, 0.3343, 0.3345],
        [0.3443, 0.3293, 0.3264],
        [0.3336, 0.3331, 0.3333],
        [0.3310, 0.3343, 0.3347],
        [0.3315, 0.3347, 0.3338],
        [0.3339, 0.3329, 0.3331],
        [0.3333, 0.3333, 0.3333],
        [0.3352, 0.3324, 0.3324],
        [0.3331, 0.3334, 0.3334],
        [0.3333, 0.3334, 0.3334],
        [0.3333, 0.3334, 0.3334],
        [0.3343, 0.3328, 0.3330],
        [0.3333, 0.3333, 0.3334],
        [0.3333, 0.3334, 0.3334],
        [0.3172, 0.3417, 0.3411],
        [0.3348, 0.3309, 0.3343],
        [0.3333, 0.3333, 0.3333],
        [0.3330, 0.3336, 0.3334],
        [0.3333, 0.3333, 0.3333],
        [0.3333, 0.3333, 0.3333]], device='cuda:1')
fea_node_to_hop attention:tensor([[0.2001, 0.2000, 0.2000, 0.1999, 0.1999],
        [0.2000, 0.2000, 0.2000, 0.2000, 0.2000],
        [0.1999, 0.2001, 0.2000, 0.2000, 0.1999],
        [0.1986, 0.2007, 0.2004, 0.2002, 0.2000],
        [0.1997, 0.2002, 0.2002, 0.2000, 0.1999],
        [0.2007, 0.2002, 0.1995, 0.1997, 0.1998],
        [0.1995, 0.2002, 0.2002, 0.2001, 0.1999],
        [0.2001, 0.2001, 0.2000, 0.2000, 0.1999],
        [0.2000, 0.2000, 0.2000, 0.2000, 0.2000],
        [0.2004, 0.1996, 0.2002, 0.2000, 0.1999],
        [0.1996, 0.2003, 0.2002, 0.2000, 0.1999],
        [0.2000, 0.2000, 0.2000, 0.2000, 0.2000],
        [0.1994, 0.2003, 0.2003, 0.2001, 0.1999],
        [0.2000, 0.2000, 0.2000, 0.2000, 0.2000],
        [0.1997, 0.2003, 0.2002, 0.2000, 0.1999],
        [0.1994, 0.2006, 0.2002, 0.2000, 0.1998],
        [0.2000, 0.2000, 0.2000, 0.2000, 0.2000],
        [0.2012, 0.1997, 0.1996, 0.1997, 0.1997],
        [0.2000, 0.2001, 0.2000, 0.2000, 0.1999],
        [0.2038, 0.1992, 0.1987, 0.1990, 0.1993],
        [0.1998, 0.2000, 0.2002, 0.2001, 0.2000],
        [0.2000, 0.2000, 0.2000, 0.2000, 0.2000],
        [0.1968, 0.1999, 0.2013, 0.2011, 0.2010],
        [0.2000, 0.2000, 0.2000, 0.2000, 0.2000],
        [0.1999, 0.2002, 0.2000, 0.2000, 0.1999],
        [0.2000, 0.2000, 0.2000, 0.2000, 0.2000],
        [0.2000, 0.2000, 0.2000, 0.2000, 0.2000],
        [0.1987, 0.2003, 0.2006, 0.2004, 0.2000],
        [0.2000, 0.2000, 0.2000, 0.2000, 0.2000],
        [0.1977, 0.2008, 0.2007, 0.2006, 0.2002],
        [0.1994, 0.2004, 0.2004, 0.2000, 0.1999],
        [0.2000, 0.2000, 0.2000, 0.2000, 0.2000],
        [0.1999, 0.2076, 0.2014, 0.1971, 0.1941],
        [0.2002, 0.1994, 0.2001, 0.2001, 0.2002],
        [0.2000, 0.2003, 0.2001, 0.1999, 0.1998],
        [0.1998, 0.2001, 0.2001, 0.2000, 0.2000],
        [0.2000, 0.2000, 0.2000, 0.2000, 0.2000],
        [0.1963, 0.2007, 0.2016, 0.2010, 0.2005],
        [0.2000, 0.2000, 0.2002, 0.1999, 0.1999],
        [0.1974, 0.2035, 0.2010, 0.1997, 0.1984],
        [0.2000, 0.2000, 0.2000, 0.2000, 0.2000],
        [0.1995, 0.1999, 0.1998, 0.2003, 0.2004],
        [0.2000, 0.2000, 0.2000, 0.2000, 0.2000],
        [0.2000, 0.2000, 0.2000, 0.2000, 0.2000],
        [0.1997, 0.2002, 0.2002, 0.2000, 0.1998],
        [0.1994, 0.2010, 0.2001, 0.1999, 0.1997],
        [0.1987, 0.2006, 0.2004, 0.2002, 0.2000],
        [0.2010, 0.2000, 0.1997, 0.1996, 0.1996],
        [0.2014, 0.1999, 0.1998, 0.1995, 0.1994],
        [0.2001, 0.1999, 0.2000, 0.2000, 0.2000],
        [0.1998, 0.2002, 0.2001, 0.2000, 0.1998],
        [0.1965, 0.2012, 0.2007, 0.2008, 0.2008],
        [0.2000, 0.2001, 0.2000, 0.2000, 0.2000],
        [0.2000, 0.2000, 0.2000, 0.2000, 0.2000],
        [0.2000, 0.2000, 0.2000, 0.2000, 0.2000],
        [0.2000, 0.2000, 0.2000, 0.2000, 0.2000],
        [0.1995, 0.2000, 0.2002, 0.2002, 0.2001],
        [0.1981, 0.2009, 0.2007, 0.2003, 0.2000],
        [0.1995, 0.2002, 0.2002, 0.2001, 0.2000],
        [0.1999, 0.2001, 0.2000, 0.2000, 0.2000],
        [0.2000, 0.2000, 0.2000, 0.2000, 0.2000],
        [0.2000, 0.2000, 0.2000, 0.2000, 0.2000],
        [0.2004, 0.2002, 0.2000, 0.1998, 0.1996],
        [0.2008, 0.1998, 0.1998, 0.1998, 0.1998],
        [0.2000, 0.2001, 0.2000, 0.2000, 0.1999],
        [0.2000, 0.2000, 0.2000, 0.2000, 0.2000],
        [0.2003, 0.2004, 0.1999, 0.1998, 0.1997],
        [0.1998, 0.2002, 0.2001, 0.2000, 0.1999],
        [0.1940, 0.2021, 0.2018, 0.2013, 0.2008],
        [0.2000, 0.2000, 0.2000, 0.2000, 0.2000],
        [0.1974, 0.2004, 0.2002, 0.2009, 0.2011],
        [0.1970, 0.2008, 0.2010, 0.2007, 0.2004],
        [0.2005, 0.1998, 0.1999, 0.1999, 0.1999],
        [0.1999, 0.2002, 0.2000, 0.2000, 0.1999],
        [0.2000, 0.2000, 0.2000, 0.2000, 0.2000],
        [0.2000, 0.2000, 0.2000, 0.2000, 0.2000],
        [0.2000, 0.2000, 0.2000, 0.2000, 0.2000],
        [0.2007, 0.1998, 0.2003, 0.1998, 0.1995],
        [0.1971, 0.2019, 0.2011, 0.2003, 0.1997],
        [0.1999, 0.2000, 0.2002, 0.2000, 0.1999],
        [0.1999, 0.2002, 0.2003, 0.1999, 0.1997],
        [0.2027, 0.1985, 0.1999, 0.1994, 0.1995],
        [0.1999, 0.2003, 0.2000, 0.2000, 0.1999],
        [0.1981, 0.2006, 0.2007, 0.2004, 0.2001],
        [0.1985, 0.2010, 0.2005, 0.2002, 0.1998],
        [0.2003, 0.2000, 0.1999, 0.1999, 0.1999],
        [0.2000, 0.2000, 0.2000, 0.2000, 0.2000],
        [0.2006, 0.2006, 0.2000, 0.1996, 0.1992],
        [0.1999, 0.2000, 0.2000, 0.2000, 0.2000],
        [0.2000, 0.2000, 0.2000, 0.2000, 0.2000],
        [0.1999, 0.2000, 0.2000, 0.2000, 0.2000],
        [0.1987, 0.2006, 0.2002, 0.2003, 0.2002],
        [0.1999, 0.2001, 0.2000, 0.2000, 0.2000],
        [0.2000, 0.2000, 0.2000, 0.2000, 0.2000],
        [0.1925, 0.2000, 0.2024, 0.2026, 0.2025],
        [0.1981, 0.2026, 0.2010, 0.1996, 0.1987],
        [0.1998, 0.2001, 0.2001, 0.2000, 0.2000],
        [0.1999, 0.2002, 0.2000, 0.2000, 0.1999],
        [0.2012, 0.1983, 0.2002, 0.2001, 0.2002],
        [0.2001, 0.2000, 0.2001, 0.2000, 0.1998]], device='cuda:1')
perception attention:tensor([0.4224, 0.5776], device='cuda:1')
Test set results: loss= 0.3043 accuracy= 0.9230 F1_score= 0.9230
