# epoch	loss_train	acc_train	loss_val	acc_val	time	acc_test	f1_test
0001	1.1010	0.3833	0.9841	0.4260	0.0505s	0.9807	0.4560	0.3799
0
0002	0.8833	0.7333	0.8221	0.5580	0.0503s	0.8184	0.5760	0.5490
0
0003	0.6273	0.7833	0.5602	0.8920	0.0512s	0.5773	0.8830	0.8818
0
0004	0.3575	0.9833	0.4398	0.8860	0.0538s	0.4680	0.8560	0.8555
0
0005	0.2597	0.9833	0.3146	0.9040	0.0507s	0.3554	0.8790	0.8797
0
0006	0.1869	1.0000	0.3361	0.8860	0.0582s	0.3795	0.8690	0.8684
0
0007	0.1574	0.9500	0.2795	0.9020	0.0513s	0.3500	0.8790	0.8790
1
0008	0.1119	0.9833	0.2434	0.9140	0.0549s	0.3078	0.8870	0.8875
0
0009	0.0929	1.0000	0.2577	0.9120	0.0504s	0.3008	0.8950	0.8946
0
0010	0.0929	0.9667	0.2635	0.9120	0.0516s	0.3096	0.8930	0.8928
1
0011	0.0807	0.9667	0.2620	0.9200	0.0506s	0.3188	0.8900	0.8900
2
0012	0.0635	0.9833	0.2634	0.9180	0.0504s	0.3335	0.8900	0.8903
0
0013	0.0638	1.0000	0.2775	0.9260	0.0562s	0.3482	0.8960	0.8960
1
0014	0.0499	1.0000	0.3306	0.9240	0.0513s	0.3845	0.9040	0.9034
0
0015	0.0607	1.0000	0.3468	0.9240	0.0504s	0.3924	0.9040	0.9034
1
0016	0.0733	0.9833	0.3050	0.9280	0.0507s	0.3548	0.9030	0.9027
2
0017	0.0578	1.0000	0.3055	0.9160	0.0506s	0.3690	0.8990	0.8994
0
0018	0.0631	1.0000	0.3217	0.9160	0.0508s	0.3764	0.8950	0.8953
1
0019	0.0577	1.0000	0.3273	0.9160	0.0507s	0.3595	0.9080	0.9076
2
0020	0.0414	1.0000	0.3512	0.9240	0.0548s	0.3615	0.9090	0.9082
3
0021	0.0587	0.9833	0.3506	0.9280	0.0505s	0.3620	0.9170	0.9162
4
0022	0.0666	0.9833	0.3108	0.9320	0.0552s	0.3514	0.9090	0.9088
0
0023	0.0475	0.9833	0.2870	0.9280	0.0503s	0.3560	0.9110	0.9112
0
0024	0.0427	0.9833	0.2835	0.9200	0.0506s	0.3809	0.9080	0.9085
1
0025	0.0500	0.9667	0.2820	0.9220	0.0517s	0.3701	0.9100	0.9103
2
0026	0.0457	1.0000	0.3092	0.9360	0.0504s	0.3657	0.9130	0.9129
3
0027	0.0535	0.9833	0.3217	0.9280	0.0573s	0.3529	0.9160	0.9156
0
0028	0.0388	1.0000	0.3044	0.9260	0.0507s	0.3265	0.9170	0.9166
1
0029	0.0485	0.9667	0.3013	0.9220	0.0520s	0.3236	0.9220	0.9218
2
0030	0.0441	1.0000	0.3097	0.9300	0.0511s	0.3329	0.9150	0.9148
3
0031	0.0494	1.0000	0.2968	0.9220	0.0504s	0.3137	0.9210	0.9207
4
0032	0.0488	1.0000	0.3177	0.9300	0.0527s	0.3361	0.9170	0.9167
5
0033	0.0394	1.0000	0.3274	0.9340	0.0506s	0.3649	0.9150	0.9147
6
0034	0.0620	0.9667	0.2551	0.9240	0.0573s	0.3284	0.9160	0.9161
7
0035	0.0434	1.0000	0.2647	0.9280	0.0504s	0.3477	0.9050	0.9056
8
0036	0.0490	1.0000	0.2593	0.9300	0.0514s	0.3045	0.9200	0.9200
9
0037	0.0396	1.0000	0.3252	0.9220	0.0513s	0.3271	0.9160	0.9154
10
0038	0.0412	1.0000	0.3584	0.9240	0.0510s	0.3513	0.9140	0.9130
11
0039	0.0573	1.0000	0.2659	0.9320	0.0550s	0.2974	0.9240	0.9237
12
0040	0.0408	1.0000	0.2532	0.9300	0.0508s	0.3282	0.9070	0.9075
13
0041	0.0471	1.0000	0.2500	0.9300	0.0546s	0.3095	0.9230	0.9229
14
0042	0.0378	1.0000	0.3057	0.9260	0.0508s	0.3392	0.9150	0.9145
15
0043	0.0620	1.0000	0.2773	0.9300	0.0509s	0.3015	0.9240	0.9237
16
0044	0.0498	1.0000	0.2956	0.9300	0.0551s	0.3182	0.9180	0.9176
17
0045	0.0627	1.0000	0.2593	0.9340	0.0511s	0.2960	0.9250	0.9248
18
0046	0.0536	0.9833	0.2765	0.9280	0.0575s	0.3258	0.9200	0.9197
19
0047	0.0598	1.0000	0.2533	0.9280	0.0507s	0.3440	0.9160	0.9160
20
0048	0.0544	0.9833	0.2386	0.9300	0.0505s	0.3330	0.9160	0.9161
21
0049	0.0552	1.0000	0.2511	0.9340	0.0504s	0.2928	0.9260	0.9258
0
0050	0.0383	1.0000	0.3629	0.9060	0.0506s	0.3603	0.9040	0.9018
1
0051	0.0709	0.9833	0.2802	0.9320	0.0529s	0.3017	0.9230	0.9225
2
0052	0.0552	0.9833	0.2372	0.9280	0.0521s	0.3192	0.9110	0.9115
3
0053	0.0487	1.0000	0.2394	0.9400	0.0587s	0.3376	0.9160	0.9162
0
0054	0.0555	0.9833	0.2698	0.9220	0.0525s	0.3425	0.9160	0.9158
0
0055	0.0460	1.0000	0.3192	0.9260	0.0530s	0.3548	0.9210	0.9203
1
0056	0.0677	0.9833	0.2542	0.9400	0.0519s	0.2873	0.9230	0.9227
2
0057	0.0398	1.0000	0.3340	0.9160	0.0511s	0.3797	0.8940	0.8932
0
0058	0.0612	1.0000	0.2716	0.9300	0.0506s	0.3035	0.9200	0.9197
1
0059	0.0449	1.0000	0.3012	0.9220	0.0517s	0.3324	0.9220	0.9213
2
0060	0.0391	1.0000	0.3775	0.9200	0.0520s	0.4146	0.9130	0.9118
3
0061	0.0720	0.9667	0.2437	0.9360	0.0508s	0.3152	0.9260	0.9258
4
0062	0.0477	1.0000	0.2332	0.9340	0.0577s	0.3083	0.9190	0.9192
5
0063	0.0478	0.9833	0.2501	0.9360	0.0504s	0.3006	0.9220	0.9219
0
0064	0.0439	1.0000	0.2875	0.9320	0.0508s	0.3232	0.9170	0.9163
1
0065	0.0399	1.0000	0.3312	0.9220	0.0506s	0.3649	0.9120	0.9107
2
0066	0.0425	1.0000	0.3017	0.9260	0.0508s	0.3557	0.9210	0.9203
3
0067	0.0377	1.0000	0.2402	0.9380	0.0543s	0.3250	0.9260	0.9258
4
0068	0.0320	1.0000	0.2255	0.9340	0.0509s	0.3306	0.9190	0.9192
5
0069	0.0509	0.9833	0.2192	0.9420	0.0565s	0.3104	0.9220	0.9220
0
0070	0.0355	0.9833	0.2508	0.9360	0.0509s	0.3164	0.9280	0.9277
0
0071	0.0308	1.0000	0.2860	0.9260	0.0508s	0.3410	0.9190	0.9181
1
0072	0.0372	1.0000	0.2675	0.9300	0.0507s	0.3291	0.9260	0.9255
2
0073	0.0486	0.9833	0.2137	0.9420	0.0516s	0.3103	0.9170	0.9171
3
0074	0.0405	1.0000	0.2296	0.9340	0.0553s	0.3403	0.9120	0.9123
0
0075	0.0478	1.0000	0.2142	0.9420	0.0507s	0.3143	0.9250	0.9248
1
0076	0.0302	1.0000	0.2615	0.9340	0.0558s	0.3469	0.9210	0.9206
0
0077	0.0442	0.9833	0.2517	0.9340	0.0516s	0.3237	0.9260	0.9257
1
0078	0.0390	1.0000	0.2290	0.9400	0.0511s	0.2999	0.9220	0.9219
2
0079	0.0449	0.9833	0.2173	0.9400	0.0501s	0.2989	0.9230	0.9230
3
0080	0.0378	1.0000	0.2128	0.9400	0.0511s	0.3077	0.9240	0.9239
4
0081	0.0336	1.0000	0.2412	0.9360	0.0555s	0.3346	0.9240	0.9238
0
0082	0.0341	1.0000	0.2466	0.9360	0.0510s	0.3283	0.9230	0.9227
1
0083	0.0299	1.0000	0.2440	0.9360	0.0519s	0.3115	0.9280	0.9278
2
0084	0.0375	1.0000	0.2249	0.9440	0.0504s	0.2972	0.9250	0.9248
3
0085	0.0350	1.0000	0.2192	0.9400	0.0505s	0.3021	0.9270	0.9269
0
0086	0.0303	1.0000	0.2253	0.9380	0.0531s	0.3116	0.9270	0.9269
1
0087	0.0355	1.0000	0.2220	0.9380	0.0506s	0.3067	0.9260	0.9259
2
0088	0.0334	1.0000	0.2457	0.9380	0.0577s	0.3057	0.9270	0.9268
3
0089	0.0400	1.0000	0.2477	0.9380	0.0506s	0.2961	0.9260	0.9258
4
0090	0.0290	1.0000	0.2331	0.9460	0.0507s	0.2886	0.9270	0.9268
5
0091	0.0362	1.0000	0.2381	0.9380	0.0506s	0.2970	0.9240	0.9238
0
0092	0.0373	1.0000	0.2402	0.9380	0.0509s	0.3010	0.9240	0.9238
1
0093	0.0377	1.0000	0.2252	0.9440	0.0555s	0.2875	0.9260	0.9258
2
0094	0.0334	1.0000	0.2301	0.9380	0.0507s	0.2895	0.9240	0.9238
3
0095	0.0329	1.0000	0.2698	0.9340	0.0533s	0.3106	0.9260	0.9257
4
0096	0.0338	1.0000	0.2655	0.9340	0.0510s	0.3123	0.9250	0.9248
5
0097	0.0420	0.9833	0.2160	0.9480	0.0510s	0.2927	0.9280	0.9279
6
0098	0.0394	1.0000	0.2316	0.9400	0.0567s	0.2866	0.9250	0.9248
0
0099	0.0330	1.0000	0.2933	0.9320	0.0516s	0.3198	0.9230	0.9226
1
0100	0.0623	0.9667	0.2480	0.9300	0.0582s	0.3404	0.9040	0.9042
2
0101	0.0484	1.0000	0.2161	0.9440	0.0515s	0.2988	0.9270	0.9269
3
0102	0.0343	1.0000	0.3826	0.9160	0.0514s	0.4182	0.9090	0.9080
4
0103	0.0637	0.9833	0.2813	0.9320	0.0507s	0.3270	0.9230	0.9227
5
0104	0.0408	1.0000	0.2680	0.9260	0.0507s	0.3708	0.9010	0.9012
6
0105	0.0565	0.9833	0.2300	0.9380	0.0540s	0.3151	0.9210	0.9210
7
0106	0.0359	1.0000	0.3169	0.9280	0.0511s	0.3691	0.9200	0.9196
8
0107	0.0338	1.0000	0.3401	0.9260	0.0559s	0.3915	0.9170	0.9165
9
0108	0.0395	1.0000	0.2447	0.9420	0.0512s	0.3240	0.9220	0.9218
10
0109	0.0350	1.0000	0.2378	0.9360	0.0509s	0.3277	0.9180	0.9181
11
0110	0.0376	0.9833	0.2413	0.9460	0.0504s	0.3160	0.9250	0.9249
12
0111	0.0257	1.0000	0.2993	0.9280	0.0509s	0.3454	0.9260	0.9256
13
0112	0.0373	1.0000	0.3102	0.9300	0.0569s	0.3634	0.9210	0.9206
14
0113	0.0364	1.0000	0.2686	0.9280	0.0509s	0.3450	0.9250	0.9247
15
0114	0.0315	1.0000	0.2376	0.9420	0.0579s	0.3264	0.9270	0.9269
16
0115	0.0420	0.9833	0.2649	0.9400	0.0512s	0.3195	0.9250	0.9248
17
0116	0.0294	1.0000	0.2870	0.9360	0.0505s	0.3255	0.9260	0.9256
18
0117	0.0368	1.0000	0.2437	0.9400	0.0505s	0.3147	0.9240	0.9239
19
0118	0.0281	1.0000	0.2364	0.9400	0.0506s	0.3297	0.9250	0.9249
20
0119	0.0334	0.9833	0.2413	0.9400	0.0548s	0.3252	0.9270	0.9269
21
0120	0.0344	1.0000	0.2631	0.9340	0.0512s	0.3164	0.9270	0.9268
22
0121	0.0286	1.0000	0.2626	0.9340	0.0573s	0.3111	0.9230	0.9228
23
0122	0.0344	1.0000	0.2327	0.9420	0.0503s	0.3090	0.9260	0.9259
24
0123	0.0323	1.0000	0.2293	0.9380	0.0504s	0.3180	0.9260	0.9259
25
0124	0.0285	1.0000	0.2464	0.9400	0.0513s	0.3157	0.9260	0.9258
26
0125	0.0274	1.0000	0.2410	0.9420	0.0507s	0.2991	0.9240	0.9238
27
0126	0.0304	1.0000	0.2354	0.9380	0.0553s	0.3011	0.9250	0.9248
28
0127	0.0320	1.0000	0.2532	0.9380	0.0510s	0.3349	0.9210	0.9207
29
0128	0.0312	1.0000	0.2316	0.9380	0.0537s	0.3146	0.9270	0.9269
30
0129	0.0281	1.0000	0.2332	0.9440	0.0503s	0.2946	0.9250	0.9248
31
0130	0.0280	1.0000	0.2712	0.9340	0.0508s	0.3109	0.9270	0.9268
32
0131	0.0314	1.0000	0.2348	0.9400	0.0525s	0.3042	0.9260	0.9258
33
0132	0.0295	1.0000	0.2162	0.9440	0.0507s	0.3103	0.9260	0.9259
34
0133	0.0279	1.0000	0.2555	0.9440	0.0570s	0.3344	0.9250	0.9248
35
0134	0.0358	1.0000	0.2730	0.9340	0.0516s	0.3148	0.9280	0.9278
36
0135	0.0395	1.0000	0.2388	0.9420	0.0506s	0.3040	0.9230	0.9230
37
0136	0.0389	1.0000	0.2450	0.9380	0.0505s	0.3179	0.9270	0.9268
38
0137	0.0347	1.0000	0.2888	0.9400	0.0506s	0.3676	0.9190	0.9186
39
0138	0.0466	0.9833	0.2316	0.9420	0.0519s	0.3108	0.9260	0.9260
40
0139	0.0435	1.0000	0.2664	0.9360	0.0511s	0.3085	0.9260	0.9258
41
0140	0.0287	1.0000	0.2892	0.9340	0.0512s	0.3417	0.9220	0.9217
42
0141	0.0248	1.0000	0.2585	0.9420	0.0506s	0.3558	0.9200	0.9198
43
0142	0.0361	1.0000	0.2230	0.9400	0.0515s	0.3242	0.9290	0.9289
44
0143	0.0306	1.0000	0.2452	0.9440	0.0510s	0.3130	0.9260	0.9259
45
0144	0.0275	1.0000	0.3036	0.9340	0.0507s	0.3507	0.9210	0.9206
46
0145	0.0294	1.0000	0.2767	0.9380	0.0535s	0.3540	0.9190	0.9187
47
0146	0.0297	1.0000	0.2241	0.9460	0.0512s	0.3368	0.9280	0.9279
48
0147	0.0350	1.0000	0.2255	0.9420	0.0510s	0.3245	0.9280	0.9279
49
0148	0.0267	1.0000	0.2687	0.9380	0.0542s	0.3259	0.9260	0.9258
50
0149	0.0285	1.0000	0.2640	0.9400	0.0504s	0.3235	0.9260	0.9258
51
0150	0.0247	1.0000	0.2328	0.9440	0.0512s	0.3182	0.9280	0.9279
52
0151	0.0330	1.0000	0.2250	0.9440	0.0502s	0.3114	0.9280	0.9279
53
0152	0.0258	1.0000	0.2486	0.9420	0.0506s	0.3169	0.9260	0.9258
54
0153	0.0322	1.0000	0.2475	0.9420	0.0529s	0.3045	0.9270	0.9268
55
0154	0.0308	1.0000	0.2310	0.9440	0.0505s	0.3012	0.9270	0.9269
56
0155	0.0264	1.0000	0.2314	0.9460	0.0507s	0.3105	0.9260	0.9258
57
0156	0.0235	1.0000	0.2621	0.9420	0.0506s	0.3467	0.9230	0.9228
58
0157	0.0441	0.9833	0.2265	0.9420	0.0505s	0.3028	0.9290	0.9289
59
0158	0.0297	1.0000	0.2417	0.9400	0.0666s	0.3012	0.9260	0.9258
60
0159	0.0313	1.0000	0.2561	0.9440	0.0789s	0.3298	0.9240	0.9238
61
0160	0.0324	1.0000	0.2203	0.9460	0.0693s	0.3271	0.9290	0.9289
62
0161	0.0378	1.0000	0.2495	0.9420	0.0599s	0.3114	0.9260	0.9258
63
0162	0.0275	1.0000	0.2663	0.9460	0.0669s	0.3202	0.9260	0.9258
64
0163	0.0285	1.0000	0.2356	0.9480	0.0599s	0.3293	0.9250	0.9248
65
0164	0.0253	1.0000	0.2252	0.9420	0.0660s	0.3398	0.9270	0.9269
0
0165	0.0354	1.0000	0.2599	0.9460	0.0602s	0.3304	0.9250	0.9248
1
0166	0.0226	1.0000	0.2697	0.9460	0.0600s	0.3259	0.9240	0.9238
2
0167	0.0310	1.0000	0.2372	0.9440	0.0596s	0.3289	0.9260	0.9258
3
0168	0.0262	1.0000	0.2333	0.9440	0.0601s	0.3326	0.9270	0.9269
4
0169	0.0280	1.0000	0.2426	0.9440	0.0593s	0.3165	0.9270	0.9268
5
0170	0.0280	1.0000	0.2653	0.9420	0.0599s	0.3154	0.9250	0.9248
6
0171	0.0299	1.0000	0.2843	0.9400	0.0583s	0.3400	0.9240	0.9238
7
0172	0.0333	1.0000	0.2251	0.9420	0.0519s	0.3189	0.9300	0.9299
8
0173	0.0289	1.0000	0.2546	0.9460	0.0509s	0.3225	0.9260	0.9258
9
0174	0.0282	1.0000	0.2486	0.9400	0.0511s	0.3110	0.9270	0.9268
10
0175	0.0290	1.0000	0.2407	0.9420	0.0510s	0.3119	0.9270	0.9268
11
0176	0.0283	1.0000	0.2569	0.9460	0.0563s	0.3289	0.9240	0.9238
12
0177	0.0316	0.9833	0.2331	0.9420	0.0508s	0.3061	0.9290	0.9289
13
0178	0.0222	1.0000	0.2395	0.9420	0.0504s	0.3099	0.9270	0.9268
14
0179	0.0272	1.0000	0.2509	0.9460	0.0501s	0.3177	0.9260	0.9258
15
0180	0.0243	1.0000	0.2384	0.9440	0.0506s	0.3133	0.9270	0.9268
16
0181	0.0269	0.9833	0.2360	0.9420	0.0564s	0.3063	0.9280	0.9279
17
0182	0.0306	1.0000	0.2501	0.9440	0.0505s	0.3158	0.9280	0.9278
18
0183	0.0241	1.0000	0.2656	0.9440	0.0511s	0.3336	0.9240	0.9238
19
0184	0.0356	1.0000	0.2464	0.9420	0.0529s	0.3068	0.9290	0.9289
20
0185	0.0321	1.0000	0.2650	0.9440	0.0512s	0.3221	0.9260	0.9258
21
0186	0.0256	1.0000	0.2474	0.9440	0.0511s	0.3297	0.9270	0.9268
22
0187	0.0266	1.0000	0.2437	0.9440	0.0506s	0.3281	0.9280	0.9278
23
0188	0.0332	1.0000	0.2846	0.9420	0.0504s	0.3223	0.9270	0.9268
24
0189	0.0271	1.0000	0.2562	0.9440	0.0582s	0.3147	0.9280	0.9278
25
0190	0.0238	1.0000	0.2526	0.9440	0.1032s	0.3486	0.9270	0.9268
26
0191	0.0329	1.0000	0.2418	0.9440	0.0768s	0.3169	0.9280	0.9279
27
0192	0.0393	1.0000	0.3215	0.9380	0.0765s	0.3604	0.9260	0.9255
28
0193	0.0346	1.0000	0.2531	0.9440	0.0713s	0.3150	0.9280	0.9278
29
0194	0.0220	1.0000	0.2309	0.9440	0.0739s	0.3297	0.9280	0.9279
30
0195	0.0333	1.0000	0.3040	0.9420	0.0711s	0.3976	0.9180	0.9176
31
0196	0.0483	0.9667	0.2647	0.9420	0.0712s	0.3187	0.9200	0.9199
32
0197	0.0311	1.0000	0.2750	0.9420	0.0712s	0.3287	0.9160	0.9159
33
0198	0.0341	1.0000	0.2628	0.9440	0.0714s	0.3475	0.9260	0.9258
34
0199	0.0288	1.0000	0.2604	0.9480	0.0780s	0.3785	0.9210	0.9208
35
0200	0.0405	1.0000	0.2363	0.9420	0.0712s	0.3208	0.9290	0.9289
0
0201	0.0332	1.0000	0.2871	0.9400	0.0664s	0.3416	0.9260	0.9256
1
0202	0.0363	1.0000	0.2772	0.9440	0.0608s	0.3569	0.9270	0.9267
2
0203	0.0245	1.0000	0.2378	0.9480	0.0588s	0.3692	0.9250	0.9249
3
0204	0.0277	1.0000	0.2419	0.9440	0.0591s	0.3807	0.9230	0.9229
0
0205	0.0328	1.0000	0.2549	0.9440	0.0585s	0.3538	0.9250	0.9248
1
0206	0.0216	1.0000	0.2808	0.9380	0.0585s	0.3460	0.9260	0.9257
2
0207	0.0327	1.0000	0.2494	0.9440	0.0615s	0.3277	0.9270	0.9269
3
0208	0.0277	1.0000	0.2318	0.9440	0.0595s	0.3399	0.9290	0.9289
4
0209	0.0213	1.0000	0.2592	0.9460	0.0629s	0.3805	0.9230	0.9228
5
0210	0.0240	1.0000	0.2931	0.9440	0.0592s	0.3931	0.9200	0.9197
6
0211	0.0276	1.0000	0.2693	0.9440	0.0629s	0.3456	0.9290	0.9288
7
0212	0.0207	1.0000	0.2563	0.9400	0.0594s	0.3293	0.9270	0.9269
8
0213	0.0333	1.0000	0.2498	0.9440	0.0638s	0.3320	0.9280	0.9278
9
0214	0.0269	1.0000	0.2890	0.9480	0.0588s	0.3911	0.9180	0.9177
10
0215	0.0278	1.0000	0.2653	0.9500	0.0653s	0.3705	0.9250	0.9248
0
0216	0.0348	1.0000	0.2637	0.9380	0.0588s	0.3376	0.9230	0.9229
0
0217	0.0425	0.9833	0.3099	0.9400	0.0648s	0.3624	0.9250	0.9245
1
0218	0.0430	1.0000	0.2673	0.9460	0.0589s	0.3849	0.9270	0.9269
2
0219	0.0322	0.9833	0.2815	0.9260	0.0665s	0.4154	0.9170	0.9172
3
0220	0.0475	1.0000	0.2505	0.9480	0.0597s	0.3307	0.9270	0.9268
4
0221	0.0225	1.0000	0.3117	0.9400	0.0653s	0.3554	0.9240	0.9233
5
0222	0.0393	1.0000	0.2716	0.9460	0.0607s	0.3299	0.9280	0.9277
6
0223	0.0247	1.0000	0.2366	0.9500	0.0689s	0.3315	0.9270	0.9269
7
0224	0.0235	1.0000	0.2489	0.9420	0.0597s	0.3609	0.9250	0.9249
0
0225	0.0389	1.0000	0.2445	0.9500	0.0632s	0.3315	0.9260	0.9258
1
0226	0.0262	1.0000	0.2741	0.9440	0.0598s	0.3261	0.9240	0.9235
0
0227	0.0237	1.0000	0.2848	0.9460	0.0645s	0.3306	0.9240	0.9234
1
0228	0.0303	1.0000	0.2741	0.9460	0.0591s	0.3349	0.9260	0.9254
2
0229	0.0288	1.0000	0.2345	0.9500	0.0655s	0.3290	0.9260	0.9259
3
0230	0.0357	0.9667	0.2705	0.9460	0.0619s	0.3719	0.9220	0.9218
0
0231	0.0307	1.0000	0.2559	0.9460	0.0658s	0.3455	0.9260	0.9258
1
0232	0.0214	1.0000	0.2421	0.9500	0.0607s	0.3168	0.9260	0.9259
2
0233	0.0270	1.0000	0.2571	0.9480	0.0634s	0.3252	0.9270	0.9267
0
0234	0.0232	1.0000	0.2691	0.9460	0.0612s	0.3454	0.9250	0.9247
1
0235	0.0235	1.0000	0.2485	0.9480	0.0596s	0.3396	0.9270	0.9269
2
0236	0.0236	1.0000	0.2375	0.9480	0.0588s	0.3333	0.9280	0.9279
3
0237	0.0215	1.0000	0.2366	0.9480	0.0587s	0.3258	0.9280	0.9279
4
0238	0.0242	1.0000	0.2432	0.9500	0.0597s	0.3206	0.9260	0.9258
5
0239	0.0256	1.0000	0.2726	0.9460	0.0595s	0.3434	0.9230	0.9227
0
0240	0.0255	1.0000	0.2300	0.9500	0.0587s	0.3161	0.9290	0.9289
1
0241	0.0257	1.0000	0.2270	0.9500	0.0589s	0.3205	0.9290	0.9289
0
0242	0.0293	0.9833	0.2833	0.9440	0.0596s	0.3521	0.9250	0.9247
0
0243	0.0404	1.0000	0.2603	0.9400	0.0589s	0.3432	0.9140	0.9141
1
0244	0.0498	1.0000	0.2693	0.9500	0.0587s	0.3293	0.9250	0.9247
2
0245	0.0303	1.0000	0.3007	0.9440	0.0594s	0.3856	0.9210	0.9206
0
0246	0.0428	1.0000	0.2306	0.9460	0.0589s	0.3406	0.9190	0.9191
1
0247	0.0378	1.0000	0.2561	0.9480	0.0588s	0.3258	0.9280	0.9277
2
0248	0.0296	1.0000	0.3566	0.9280	0.0594s	0.4186	0.9200	0.9192
3
0249	0.0415	1.0000	0.2761	0.9480	0.0604s	0.3882	0.9230	0.9227
4
0250	0.0290	1.0000	0.2639	0.9380	0.0595s	0.4049	0.9090	0.9095
5
0251	0.0475	0.9667	0.2450	0.9500	0.0583s	0.3456	0.9230	0.9229
6
0252	0.0242	1.0000	0.3905	0.9300	0.0589s	0.4501	0.9140	0.9128
0
0253	0.0666	1.0000	0.2457	0.9480	0.0587s	0.3607	0.9280	0.9279
1
0254	0.0260	1.0000	0.2521	0.9380	0.0589s	0.3975	0.9130	0.9133
2
0255	0.0404	1.0000	0.2539	0.9500	0.0588s	0.3624	0.9270	0.9268
3
0256	0.0244	1.0000	0.3360	0.9340	0.0589s	0.4132	0.9240	0.9235
0
0257	0.0258	1.0000	0.3487	0.9320	0.0590s	0.4178	0.9210	0.9202
1
0258	0.0284	1.0000	0.2602	0.9480	0.0588s	0.3571	0.9270	0.9268
2
0259	0.0191	1.0000	0.2372	0.9380	0.0589s	0.3613	0.9180	0.9181
3
0260	0.0309	0.9833	0.2336	0.9440	0.0586s	0.3603	0.9200	0.9201
4
0261	0.0350	1.0000	0.2870	0.9460	0.0588s	0.3727	0.9280	0.9277
5
0262	0.0208	1.0000	0.3850	0.9280	0.0585s	0.4484	0.9120	0.9104
6
0263	0.0389	0.9833	0.2884	0.9400	0.0588s	0.3687	0.9270	0.9265
7
0264	0.0244	1.0000	0.2332	0.9440	0.0587s	0.3416	0.9220	0.9220
8
0265	0.0259	1.0000	0.2291	0.9420	0.0591s	0.3555	0.9170	0.9171
9
0266	0.0310	1.0000	0.2402	0.9500	0.0587s	0.3552	0.9240	0.9238
10
0267	0.0243	1.0000	0.3147	0.9360	0.0588s	0.4035	0.9240	0.9234
0
0268	0.0282	1.0000	0.3243	0.9380	0.0589s	0.3968	0.9220	0.9210
1
0269	0.0308	0.9833	0.2574	0.9400	0.0588s	0.3408	0.9300	0.9297
2
0270	0.0233	1.0000	0.2257	0.9440	0.0593s	0.3379	0.9200	0.9200
3
0271	0.0288	1.0000	0.2248	0.9480	0.0588s	0.3500	0.9220	0.9220
4
0272	0.0279	1.0000	0.2573	0.9460	0.0611s	0.3838	0.9240	0.9237
5
0273	0.0246	1.0000	0.2666	0.9460	0.0611s	0.3702	0.9270	0.9267
6
0274	0.0298	0.9833	0.2911	0.9340	0.0595s	0.3626	0.9160	0.9155
7
0275	0.0427	1.0000	0.2483	0.9480	0.0601s	0.3319	0.9200	0.9200
8
0276	0.0310	1.0000	0.3217	0.9380	0.0588s	0.4423	0.9170	0.9167
9
0277	0.0442	1.0000	0.2717	0.9500	0.0587s	0.3748	0.9270	0.9267
10
0278	0.0257	1.0000	0.2669	0.9360	0.0591s	0.3548	0.9160	0.9160
0
0279	0.0485	1.0000	0.2876	0.9460	0.0603s	0.3684	0.9260	0.9256
1
0280	0.0228	1.0000	0.3671	0.9280	0.0596s	0.4589	0.9200	0.9192
2
0281	0.0468	1.0000	0.2594	0.9440	0.0803s	0.3765	0.9250	0.9249
3
0282	0.0238	1.0000	0.2573	0.9420	0.0677s	0.3793	0.9190	0.9191
4
0283	0.0347	1.0000	0.2677	0.9460	0.0606s	0.3648	0.9250	0.9248
5
0284	0.0265	1.0000	0.3347	0.9360	0.0600s	0.4212	0.9220	0.9214
6
0285	0.0328	1.0000	0.2777	0.9420	0.0601s	0.3975	0.9240	0.9238
7
0286	0.0242	1.0000	0.2549	0.9440	0.0598s	0.3976	0.9200	0.9201
8
0287	0.0372	1.0000	0.2591	0.9460	0.0599s	0.3698	0.9240	0.9239
9
0288	0.0198	1.0000	0.3254	0.9360	0.0599s	0.4062	0.9220	0.9212
10
0289	0.0269	1.0000	0.3236	0.9380	0.0600s	0.4021	0.9200	0.9192
11
0290	0.0380	1.0000	0.2564	0.9440	0.0595s	0.3683	0.9240	0.9238
12
0291	0.0186	1.0000	0.2534	0.9400	0.0598s	0.3928	0.9180	0.9181
13
0292	0.0369	1.0000	0.2704	0.9460	0.0599s	0.3938	0.9210	0.9208
14
0293	0.0268	1.0000	0.3051	0.9420	0.0598s	0.3878	0.9220	0.9214
15
0294	0.0271	1.0000	0.3208	0.9380	0.0594s	0.3844	0.9180	0.9170
16
0295	0.0313	1.0000	0.2713	0.9460	0.0553s	0.3449	0.9310	0.9308
17
0296	0.0262	1.0000	0.2440	0.9440	0.0518s	0.3449	0.9250	0.9249
18
0297	0.0272	1.0000	0.2628	0.9440	0.0513s	0.3801	0.9250	0.9249
19
0298	0.0288	1.0000	0.2501	0.9460	0.0527s	0.3655	0.9240	0.9239
20
0299	0.0264	1.0000	0.2524	0.9520	0.0526s	0.3388	0.9260	0.9258
21
0300	0.0246	1.0000	0.2925	0.9440	0.0508s	0.3567	0.9220	0.9213
0
0301	0.0254	1.0000	0.2981	0.9440	0.0512s	0.3606	0.9230	0.9223
1
0302	0.0263	1.0000	0.2492	0.9500	0.0519s	0.3309	0.9260	0.9258
2
0303	0.0244	1.0000	0.2364	0.9480	0.0516s	0.3441	0.9260	0.9259
3
0304	0.0225	1.0000	0.2636	0.9440	0.0508s	0.3790	0.9230	0.9230
4
0305	0.0238	1.0000	0.2380	0.9480	0.0511s	0.3521	0.9250	0.9249
5
0306	0.0280	1.0000	0.2594	0.9480	0.0512s	0.3386	0.9260	0.9258
6
0307	0.0227	1.0000	0.3077	0.9420	0.0516s	0.3636	0.9230	0.9224
7
0308	0.0288	1.0000	0.2871	0.9440	0.0509s	0.3477	0.9230	0.9225
8
0309	0.0248	1.0000	0.2348	0.9460	0.0507s	0.3356	0.9250	0.9249
9
0310	0.0307	1.0000	0.2833	0.9440	0.0510s	0.3851	0.9220	0.9218
10
0311	0.0332	1.0000	0.2486	0.9480	0.0505s	0.3476	0.9240	0.9238
11
0312	0.0219	1.0000	0.2504	0.9500	0.0508s	0.3324	0.9250	0.9248
12
0313	0.0231	1.0000	0.2924	0.9440	0.0504s	0.3605	0.9250	0.9246
13
0314	0.0372	0.9833	0.2464	0.9480	0.0512s	0.3484	0.9250	0.9249
14
0315	0.0274	1.0000	0.2749	0.9440	0.0506s	0.3894	0.9240	0.9240
15
0316	0.0309	0.9833	0.2505	0.9500	0.0508s	0.3524	0.9250	0.9249
16
0317	0.0271	1.0000	0.2874	0.9440	0.0507s	0.3539	0.9240	0.9236
17
0318	0.0239	1.0000	0.2976	0.9440	0.0512s	0.3602	0.9250	0.9246
18
0319	0.0257	1.0000	0.2508	0.9480	0.0506s	0.3452	0.9250	0.9249
19
0320	0.0213	1.0000	0.2623	0.9460	0.0504s	0.3756	0.9250	0.9249
20
0321	0.0365	1.0000	0.2498	0.9480	0.0504s	0.3381	0.9250	0.9249
21
0322	0.0271	1.0000	0.3131	0.9440	0.0512s	0.3727	0.9230	0.9225
22
0323	0.0347	0.9833	0.2601	0.9420	0.0511s	0.3409	0.9250	0.9248
23
0324	0.0278	1.0000	0.2613	0.9460	0.0507s	0.3664	0.9240	0.9239
24
0325	0.0251	1.0000	0.2498	0.9460	0.0508s	0.3694	0.9250	0.9249
25
0326	0.0237	1.0000	0.2554	0.9460	0.0513s	0.3577	0.9250	0.9249
26
0327	0.0236	1.0000	0.2956	0.9440	0.0511s	0.3689	0.9230	0.9226
27
0328	0.0289	1.0000	0.2621	0.9420	0.0508s	0.3442	0.9260	0.9258
28
0329	0.0237	1.0000	0.2460	0.9440	0.0505s	0.3525	0.9240	0.9239
29
0330	0.0241	1.0000	0.2808	0.9440	0.0504s	0.3881	0.9220	0.9219
30
0331	0.0350	1.0000	0.2431	0.9420	0.0506s	0.3514	0.9220	0.9220
31
0332	0.0420	1.0000	0.3239	0.9400	0.0512s	0.3988	0.9180	0.9174
32
0333	0.0318	1.0000	0.2847	0.9420	0.0508s	0.3716	0.9220	0.9216
33
0334	0.0300	1.0000	0.2502	0.9380	0.0506s	0.3733	0.9150	0.9151
34
0335	0.0349	1.0000	0.2486	0.9440	0.0505s	0.3747	0.9220	0.9219
35
0336	0.0238	1.0000	0.3153	0.9400	0.0504s	0.4275	0.9210	0.9207
36
0337	0.0392	1.0000	0.2545	0.9440	0.0510s	0.3574	0.9220	0.9219
37
0338	0.0284	1.0000	0.2617	0.9440	0.0508s	0.3593	0.9200	0.9198
38
0339	0.0308	1.0000	0.2763	0.9400	0.0512s	0.3992	0.9190	0.9188
39
0340	0.0231	1.0000	0.2746	0.9420	0.0507s	0.4181	0.9190	0.9189
40
0341	0.0394	0.9833	0.2603	0.9460	0.0505s	0.3584	0.9220	0.9219
41
0342	0.0273	1.0000	0.2875	0.9480	0.0505s	0.3696	0.9210	0.9207
42
0343	0.0328	1.0000	0.2652	0.9420	0.0507s	0.3719	0.9210	0.9207
43
0344	0.0249	1.0000	0.2628	0.9460	0.0504s	0.3985	0.9210	0.9209
44
0345	0.0285	1.0000	0.2628	0.9440	0.0505s	0.3894	0.9210	0.9209
45
0346	0.0263	1.0000	0.2802	0.9420	0.0513s	0.3738	0.9230	0.9227
46
0347	0.0200	1.0000	0.2865	0.9420	0.0509s	0.3624	0.9250	0.9247
47
0348	0.0315	1.0000	0.2605	0.9440	0.0505s	0.3542	0.9240	0.9238
48
0349	0.0261	1.0000	0.2631	0.9440	0.0509s	0.3747	0.9230	0.9229
49
0350	0.0221	1.0000	0.2832	0.9420	0.0506s	0.3977	0.9230	0.9228
50
0351	0.0295	1.0000	0.2763	0.9440	0.0508s	0.3719	0.9220	0.9218
51
0352	0.0250	1.0000	0.2691	0.9440	0.0505s	0.3451	0.9250	0.9249
52
0353	0.0291	1.0000	0.2861	0.9460	0.0506s	0.3639	0.9220	0.9216
53
0354	0.0211	1.0000	0.2874	0.9400	0.0506s	0.3826	0.9220	0.9218
54
0355	0.0207	1.0000	0.2675	0.9460	0.0504s	0.3802	0.9220	0.9219
55
0356	0.0202	1.0000	0.2612	0.9440	0.0506s	0.3675	0.9250	0.9249
56
0357	0.0236	1.0000	0.2974	0.9420	0.0504s	0.3775	0.9200	0.9197
57
0358	0.0255	1.0000	0.2851	0.9460	0.0505s	0.3550	0.9220	0.9217
58
0359	0.0237	1.0000	0.2697	0.9460	0.0505s	0.3510	0.9240	0.9238
59
0360	0.0219	1.0000	0.2852	0.9400	0.0508s	0.3860	0.9200	0.9199
60
0361	0.0242	1.0000	0.2814	0.9420	0.0506s	0.3822	0.9210	0.9209
61
0362	0.0235	1.0000	0.2685	0.9460	0.0507s	0.3493	0.9230	0.9229
62
0363	0.0312	1.0000	0.3293	0.9360	0.0511s	0.3836	0.9220	0.9214
63
0364	0.0318	1.0000	0.2852	0.9420	0.0506s	0.3647	0.9220	0.9218
64
0365	0.0200	1.0000	0.2645	0.9440	0.0507s	0.3710	0.9220	0.9219
65
0366	0.0210	1.0000	0.2733	0.9400	0.0507s	0.3788	0.9200	0.9199
66
0367	0.0301	1.0000	0.3091	0.9400	0.0507s	0.3701	0.9210	0.9206
67
0368	0.0261	1.0000	0.2957	0.9440	0.0513s	0.3497	0.9220	0.9216
68
0369	0.0354	1.0000	0.2660	0.9440	0.0512s	0.3630	0.9210	0.9209
69
0370	0.0314	0.9833	0.3181	0.9380	0.0510s	0.4411	0.9200	0.9198
70
0371	0.0478	1.0000	0.2715	0.9420	0.0511s	0.3574	0.9190	0.9190
71
0372	0.0390	1.0000	0.3475	0.9340	0.0511s	0.3989	0.9130	0.9119
72
0373	0.0352	1.0000	0.3374	0.9400	0.0512s	0.4143	0.9210	0.9205
73
0374	0.0284	1.0000	0.2610	0.9400	0.0511s	0.3807	0.9230	0.9230
74
0375	0.0335	1.0000	0.2661	0.9400	0.0511s	0.3762	0.9240	0.9239
75
0376	0.0245	1.0000	0.3287	0.9400	0.0512s	0.4108	0.9220	0.9216
76
0377	0.0253	1.0000	0.3158	0.9380	0.0512s	0.3758	0.9200	0.9194
77
0378	0.0300	1.0000	0.2764	0.9440	0.0509s	0.3530	0.9270	0.9269
78
0379	0.0209	1.0000	0.2720	0.9420	0.0507s	0.3661	0.9250	0.9249
79
0380	0.0248	0.9833	0.3153	0.9400	0.0507s	0.4238	0.9200	0.9197
80
0381	0.0262	1.0000	0.2972	0.9420	0.0512s	0.4002	0.9210	0.9208
81
0382	0.0250	1.0000	0.2688	0.9420	0.0508s	0.3582	0.9260	0.9259
82
0383	0.0262	1.0000	0.2807	0.9460	0.0505s	0.3525	0.9270	0.9269
83
0384	0.0253	1.0000	0.3311	0.9380	0.0508s	0.3973	0.9200	0.9195
84
0385	0.0258	0.9833	0.3110	0.9420	0.0505s	0.3880	0.9220	0.9218
85
0386	0.0237	1.0000	0.2681	0.9400	0.0505s	0.3704	0.9190	0.9190
86
0387	0.0333	1.0000	0.2801	0.9400	0.0505s	0.3670	0.9210	0.9209
87
0388	0.0246	1.0000	0.2899	0.9440	0.0509s	0.3672	0.9220	0.9219
88
0389	0.0191	1.0000	0.2823	0.9440	0.0505s	0.3623	0.9220	0.9219
89
0390	0.0192	1.0000	0.2779	0.9440	0.0505s	0.3760	0.9250	0.9249
90
0391	0.0200	1.0000	0.2718	0.9440	0.0504s	0.3696	0.9230	0.9229
91
0392	0.0196	1.0000	0.2677	0.9460	0.0504s	0.3600	0.9220	0.9219
92
0393	0.0199	1.0000	0.2743	0.9440	0.0505s	0.3601	0.9230	0.9229
93
0394	0.0197	1.0000	0.2707	0.9440	0.0504s	0.3665	0.9250	0.9249
94
0395	0.0250	1.0000	0.2591	0.9460	0.0507s	0.3585	0.9220	0.9219
95
0396	0.0192	1.0000	0.2751	0.9460	0.0505s	0.3717	0.9230	0.9228
96
0397	0.0244	1.0000	0.2662	0.9460	0.0506s	0.3628	0.9250	0.9249
97
0398	0.0245	1.0000	0.2563	0.9460	0.0506s	0.3504	0.9230	0.9229
98
0399	0.0267	1.0000	0.2602	0.9480	0.0507s	0.3539	0.9220	0.9219
99
0400	0.0269	0.9833	0.2841	0.9440	0.0520s	0.3911	0.9230	0.9228
100
0401	0.0382	1.0000	0.2646	0.9460	0.0506s	0.3448	0.9230	0.9228
101
0402	0.0404	0.9833	0.2887	0.9440	0.0505s	0.3869	0.9200	0.9198
102
0403	0.0278	1.0000	0.2689	0.9460	0.0506s	0.3878	0.9220	0.9219
103
0404	0.0332	1.0000	0.2622	0.9420	0.0505s	0.3614	0.9160	0.9161
104
0405	0.0412	1.0000	0.4536	0.8960	0.0505s	0.4944	0.8890	0.8859
105
0406	0.0602	1.0000	0.2934	0.9420	0.0507s	0.4198	0.9200	0.9198
106
0407	0.0328	1.0000	0.4839	0.8740	0.0506s	0.6853	0.8070	0.8104
107
0408	0.1313	0.9833	1.3793	0.7480	0.0508s	1.2551	0.7680	0.7375
108
0409	0.3317	0.8833	0.3698	0.9060	0.0506s	0.5761	0.8710	0.8711
109
0410	0.0923	0.9833	1.7069	0.6820	0.0809s	2.1126	0.6390	0.6243
110
0411	0.5783	0.8000	0.5699	0.8820	0.0641s	0.6810	0.8670	0.8658
111
0412	0.0833	0.9667	1.4895	0.7600	0.0594s	1.3248	0.7890	0.7617
112
0413	0.2114	0.9167	2.5474	0.5720	0.0600s	2.2576	0.6020	0.5783
113
0414	0.4102	0.8833	0.8103	0.8340	0.0598s	0.7582	0.8390	0.8266
114
0415	0.0500	0.9833	0.5194	0.8860	0.0594s	0.5788	0.8780	0.8746
115
0416	0.0547	0.9667	0.3944	0.9060	0.0597s	0.5410	0.8810	0.8817
116
0417	0.0348	1.0000	0.3498	0.9040	0.0596s	0.5432	0.8760	0.8757
117
0418	0.0455	1.0000	0.3838	0.8720	0.0598s	0.5936	0.8550	0.8545
118
0419	0.0504	1.0000	0.5529	0.8300	0.0595s	0.7773	0.7860	0.7873
119
0420	0.0943	0.9833	0.6447	0.8000	0.0596s	0.8867	0.7580	0.7583
120
0421	0.0797	0.9833	0.6066	0.8120	0.0597s	0.8436	0.7710	0.7691
121
0422	0.0817	0.9833	0.5137	0.8380	0.0589s	0.7559	0.8110	0.8071
122
0423	0.0856	0.9833	0.4745	0.8640	0.0557s	0.7147	0.8400	0.8375
123
0424	0.0953	0.9667	0.4068	0.8980	0.0519s	0.6280	0.8600	0.8587
124
0425	0.0532	1.0000	0.3453	0.9240	0.0508s	0.5408	0.8840	0.8838
125
0426	0.0519	0.9833	0.2975	0.9380	0.0508s	0.4623	0.9010	0.9012
126
0427	0.0481	1.0000	0.2726	0.9460	0.0506s	0.4040	0.9130	0.9128
127
0428	0.0347	1.0000	0.2728	0.9360	0.0507s	0.3720	0.9230	0.9228
128
0429	0.0333	1.0000	0.2928	0.9260	0.0507s	0.3650	0.9230	0.9225
129
0430	0.0303	1.0000	0.3243	0.9180	0.0508s	0.3769	0.9130	0.9118
130
0431	0.0439	1.0000	0.3626	0.9160	0.0506s	0.4015	0.9030	0.9008
131
0432	0.0408	1.0000	0.3998	0.9120	0.0512s	0.4297	0.8980	0.8952
132
0433	0.0412	1.0000	0.4260	0.9060	0.0509s	0.4518	0.8980	0.8951
133
0434	0.0386	1.0000	0.4476	0.9020	0.0507s	0.4726	0.8980	0.8953
134
0435	0.0530	0.9833	0.4156	0.9100	0.0509s	0.4474	0.9010	0.8987
135
0436	0.0468	0.9833	0.3555	0.9200	0.0505s	0.3991	0.9090	0.9073
136
0437	0.0398	1.0000	0.3020	0.9240	0.0507s	0.3620	0.9240	0.9232
137
0438	0.0320	1.0000	0.2679	0.9280	0.0507s	0.3474	0.9240	0.9236
138
0439	0.0291	1.0000	0.2506	0.9380	0.0505s	0.3494	0.9190	0.9188
139
0440	0.0310	1.0000	0.2531	0.9420	0.0511s	0.3627	0.9230	0.9228
140
0441	0.0401	1.0000	0.2700	0.9480	0.0510s	0.3823	0.9260	0.9258
141
0442	0.0335	1.0000	0.2866	0.9460	0.0509s	0.4001	0.9250	0.9248
142
0443	0.0357	1.0000	0.2809	0.9480	0.0508s	0.3971	0.9260	0.9258
143
0444	0.0340	1.0000	0.2670	0.9480	0.0505s	0.3831	0.9250	0.9248
144
0445	0.0374	1.0000	0.2541	0.9440	0.0507s	0.3668	0.9230	0.9228
145
0446	0.0313	1.0000	0.2445	0.9480	0.0506s	0.3520	0.9230	0.9228
146
0447	0.0293	1.0000	0.2430	0.9480	0.0507s	0.3446	0.9250	0.9248
147
0448	0.0298	1.0000	0.2491	0.9420	0.0506s	0.3457	0.9230	0.9228
148
0449	0.0306	1.0000	0.2667	0.9400	0.0507s	0.3596	0.9250	0.9247
149
0450	0.0270	1.0000	0.2863	0.9420	0.0506s	0.3748	0.9270	0.9266
150
0451	0.0317	1.0000	0.2860	0.9420	0.0506s	0.3676	0.9280	0.9276
151
0452	0.0339	1.0000	0.2716	0.9400	0.0509s	0.3467	0.9260	0.9255
152
0453	0.0290	1.0000	0.2610	0.9380	0.0504s	0.3313	0.9270	0.9266
153
0454	0.0403	1.0000	0.2668	0.9420	0.0509s	0.3373	0.9270	0.9266
154
0455	0.0367	0.9833	0.2895	0.9400	0.0510s	0.3654	0.9280	0.9276
155
0456	0.0288	1.0000	0.2996	0.9400	0.0508s	0.3802	0.9260	0.9257
156
0457	0.0303	1.0000	0.2774	0.9420	0.0846s	0.3617	0.9280	0.9277
157
0458	0.0298	1.0000	0.2497	0.9400	0.0659s	0.3347	0.9260	0.9258
158
0459	0.0254	1.0000	0.2397	0.9420	0.0598s	0.3255	0.9270	0.9267
159
0460	0.0339	1.0000	0.2463	0.9460	0.0597s	0.3401	0.9250	0.9248
160
0461	0.0252	1.0000	0.2625	0.9440	0.0597s	0.3623	0.9270	0.9267
161
0462	0.0356	1.0000	0.2642	0.9460	0.0602s	0.3636	0.9270	0.9267
162
0463	0.0275	1.0000	0.2422	0.9460	0.0597s	0.3327	0.9250	0.9248
163
0464	0.0355	1.0000	0.2422	0.9400	0.0600s	0.3227	0.9280	0.9277
164
0465	0.0306	1.0000	0.2604	0.9380	0.0600s	0.3376	0.9290	0.9287
165
0466	0.0260	1.0000	0.2914	0.9400	0.0594s	0.3642	0.9290	0.9287
166
0467	0.0277	1.0000	0.2946	0.9380	0.0598s	0.3615	0.9290	0.9287
167
0468	0.0352	1.0000	0.2683	0.9340	0.0595s	0.3277	0.9290	0.9287
168
0469	0.0266	1.0000	0.2645	0.9340	0.0593s	0.3248	0.9280	0.9277
169
0470	0.0258	1.0000	0.2727	0.9380	0.0544s	0.3416	0.9300	0.9297
170
0471	0.0349	0.9833	0.2665	0.9380	0.0519s	0.3409	0.9290	0.9288
171
0472	0.0220	1.0000	0.2660	0.9380	0.0509s	0.3473	0.9280	0.9278
172
0473	0.0274	1.0000	0.2567	0.9420	0.0508s	0.3404	0.9280	0.9278
173
0474	0.0277	1.0000	0.2456	0.9400	0.0506s	0.3268	0.9270	0.9269
174
0475	0.0283	1.0000	0.2500	0.9420	0.0506s	0.3307	0.9270	0.9269
175
0476	0.0377	0.9833	0.2729	0.9380	0.0509s	0.3504	0.9270	0.9268
176
0477	0.0342	1.0000	0.2892	0.9380	0.0505s	0.3573	0.9290	0.9287
177
0478	0.0304	1.0000	0.2789	0.9380	0.0509s	0.3326	0.9300	0.9297
178
0479	0.0274	1.0000	0.2811	0.9360	0.0506s	0.3295	0.9290	0.9287
179
0480	0.0306	1.0000	0.2871	0.9360	0.0506s	0.3419	0.9290	0.9287
180
0481	0.0251	1.0000	0.2939	0.9360	0.0507s	0.3584	0.9290	0.9287
181
0482	0.0222	1.0000	0.2820	0.9360	0.0507s	0.3541	0.9300	0.9298
182
0483	0.0241	1.0000	0.2616	0.9400	0.0505s	0.3380	0.9280	0.9279
183
0484	0.0289	0.9833	0.2628	0.9400	0.0505s	0.3408	0.9280	0.9279
184
0485	0.0224	1.0000	0.2666	0.9380	0.0509s	0.3415	0.9290	0.9289
185
0486	0.0288	1.0000	0.2692	0.9380	0.0507s	0.3366	0.9300	0.9299
186
0487	0.0302	1.0000	0.2736	0.9360	0.0505s	0.3359	0.9300	0.9299
187
0488	0.0281	1.0000	0.2884	0.9360	0.0505s	0.3496	0.9290	0.9287
188
0489	0.0230	1.0000	0.2909	0.9360	0.0506s	0.3516	0.9290	0.9287
189
0490	0.0319	1.0000	0.2704	0.9380	0.0522s	0.3240	0.9310	0.9308
190
0491	0.0264	1.0000	0.2729	0.9380	0.0506s	0.3256	0.9300	0.9297
191
0492	0.0327	0.9833	0.2904	0.9360	0.0505s	0.3470	0.9300	0.9297
192
0493	0.0278	1.0000	0.3071	0.9360	0.0505s	0.3705	0.9290	0.9287
193
0494	0.0266	1.0000	0.2721	0.9380	0.0505s	0.3379	0.9310	0.9308
194
0495	0.0269	1.0000	0.2522	0.9400	0.0506s	0.3221	0.9290	0.9288
195
0496	0.0321	0.9833	0.2619	0.9380	0.0506s	0.3386	0.9310	0.9308
196
0497	0.0227	1.0000	0.2853	0.9380	0.0507s	0.3651	0.9310	0.9308
197
0498	0.0276	1.0000	0.2811	0.9380	0.0511s	0.3519	0.9320	0.9318
198
0499	0.0247	1.0000	0.2649	0.9380	0.0505s	0.3259	0.9310	0.9308
199
Early stop! Min loss:0.21282479166984558,  Max accuracy:0.9520000000000001
Early stop model validation loss:0.21282479166984558,  accuracy:0.9400000000000001
Optimization Finished!
Total time elapsed: 27.4895s
test max acc:0.9320
Loading 79th epoch
stru_node_to_hop attention:tensor([[0.3325, 0.3337, 0.3338],
        [0.3334, 0.3333, 0.3333],
        [0.3332, 0.3335, 0.3332],
        [0.3334, 0.3333, 0.3333],
        [0.3334, 0.3333, 0.3333],
        [0.3302, 0.3356, 0.3342],
        [0.3332, 0.3334, 0.3334],
        [0.3333, 0.3333, 0.3333],
        [0.3333, 0.3334, 0.3334],
        [0.3337, 0.3330, 0.3333],
        [0.3335, 0.3333, 0.3332],
        [0.3334, 0.3333, 0.3333],
        [0.3343, 0.3328, 0.3328],
        [0.3333, 0.3333, 0.3333],
        [0.3332, 0.3335, 0.3333],
        [0.3335, 0.3332, 0.3332],
        [0.3331, 0.3334, 0.3334],
        [0.3284, 0.3359, 0.3357],
        [0.3335, 0.3332, 0.3333],
        [0.3333, 0.3333, 0.3333],
        [0.3337, 0.3330, 0.3332],
        [0.3334, 0.3333, 0.3333],
        [0.3374, 0.3306, 0.3320],
        [0.3335, 0.3333, 0.3333],
        [0.3329, 0.3338, 0.3333],
        [0.3334, 0.3333, 0.3333],
        [0.3335, 0.3332, 0.3333],
        [0.3330, 0.3330, 0.3340],
        [0.3334, 0.3333, 0.3333],
        [0.3337, 0.3328, 0.3334],
        [0.3335, 0.3333, 0.3332],
        [0.3334, 0.3333, 0.3333],
        [0.3215, 0.3383, 0.3402],
        [0.3165, 0.3411, 0.3424],
        [0.3324, 0.3340, 0.3337],
        [0.3321, 0.3339, 0.3340],
        [0.3335, 0.3332, 0.3333],
        [0.3332, 0.3330, 0.3338],
        [0.3315, 0.3344, 0.3341],
        [0.3367, 0.3314, 0.3319],
        [0.3334, 0.3333, 0.3333],
        [0.3191, 0.3407, 0.3402],
        [0.3336, 0.3332, 0.3332],
        [0.3336, 0.3332, 0.3332],
        [0.3352, 0.3322, 0.3327],
        [0.3325, 0.3338, 0.3338],
        [0.3331, 0.3336, 0.3333],
        [0.3309, 0.3345, 0.3345],
        [0.3323, 0.3342, 0.3335],
        [0.3346, 0.3324, 0.3330],
        [0.3326, 0.3337, 0.3337],
        [0.3363, 0.3307, 0.3330],
        [0.3335, 0.3332, 0.3332],
        [0.3338, 0.3330, 0.3331],
        [0.3335, 0.3333, 0.3332],
        [0.3338, 0.3330, 0.3332],
        [0.3334, 0.3329, 0.3337],
        [0.3334, 0.3334, 0.3332],
        [0.3336, 0.3332, 0.3332],
        [0.3334, 0.3333, 0.3333],
        [0.3334, 0.3333, 0.3333],
        [0.3335, 0.3332, 0.3332],
        [0.3336, 0.3332, 0.3332],
        [0.3326, 0.3336, 0.3337],
        [0.3333, 0.3333, 0.3333],
        [0.3335, 0.3332, 0.3332],
        [0.3214, 0.3378, 0.3408],
        [0.3332, 0.3333, 0.3334],
        [0.3258, 0.3371, 0.3371],
        [0.3329, 0.3336, 0.3335],
        [0.3196, 0.3415, 0.3389],
        [0.3269, 0.3361, 0.3371],
        [0.3333, 0.3333, 0.3333],
        [0.3334, 0.3333, 0.3333],
        [0.3334, 0.3333, 0.3333],
        [0.3336, 0.3332, 0.3332],
        [0.3334, 0.3333, 0.3333],
        [0.3333, 0.3333, 0.3333],
        [0.3333, 0.3333, 0.3333],
        [0.3333, 0.3335, 0.3332],
        [0.3324, 0.3336, 0.3340],
        [0.3409, 0.3306, 0.3284],
        [0.3331, 0.3335, 0.3334],
        [0.3333, 0.3333, 0.3334],
        [0.3274, 0.3371, 0.3355],
        [0.3302, 0.3348, 0.3350],
        [0.3334, 0.3333, 0.3333],
        [0.3340, 0.3330, 0.3330],
        [0.3335, 0.3333, 0.3333],
        [0.3334, 0.3333, 0.3333],
        [0.3333, 0.3333, 0.3334],
        [0.3342, 0.3320, 0.3339],
        [0.3333, 0.3333, 0.3333],
        [0.3335, 0.3332, 0.3333],
        [0.3248, 0.3375, 0.3376],
        [0.3357, 0.3309, 0.3333],
        [0.3333, 0.3333, 0.3333],
        [0.3300, 0.3352, 0.3348],
        [0.3333, 0.3333, 0.3333],
        [0.3333, 0.3333, 0.3333]], device='cuda:1')
fea_node_to_hop attention:tensor([[0.1986, 0.2002, 0.2004, 0.2005, 0.2004],
        [0.1999, 0.2000, 0.2000, 0.2000, 0.2000],
        [0.1998, 0.2000, 0.2000, 0.2001, 0.2001],
        [0.1991, 0.2006, 0.2001, 0.2001, 0.2001],
        [0.2001, 0.1999, 0.1999, 0.2000, 0.2001],
        [0.2012, 0.1995, 0.1997, 0.1997, 0.1999],
        [0.1998, 0.1999, 0.2001, 0.2001, 0.2001],
        [0.1996, 0.2002, 0.2001, 0.2001, 0.2000],
        [0.1998, 0.2001, 0.2001, 0.2000, 0.2000],
        [0.1998, 0.1999, 0.2001, 0.2001, 0.2001],
        [0.2000, 0.2000, 0.2000, 0.2000, 0.2000],
        [0.2000, 0.2000, 0.2000, 0.2000, 0.2000],
        [0.2003, 0.1999, 0.2000, 0.1999, 0.1999],
        [0.2001, 0.1999, 0.2000, 0.2000, 0.2001],
        [0.1998, 0.1998, 0.2001, 0.2001, 0.2001],
        [0.1997, 0.1998, 0.2002, 0.2002, 0.2001],
        [0.1999, 0.1999, 0.2000, 0.2001, 0.2001],
        [0.1993, 0.2007, 0.1999, 0.2001, 0.2000],
        [0.1999, 0.2000, 0.2000, 0.2000, 0.2000],
        [0.2065, 0.1975, 0.1981, 0.1988, 0.1991],
        [0.2009, 0.1997, 0.1996, 0.1998, 0.1999],
        [0.1999, 0.2000, 0.2000, 0.2000, 0.2000],
        [0.1961, 0.2014, 0.2015, 0.2008, 0.2002],
        [0.1999, 0.2000, 0.2000, 0.2000, 0.2000],
        [0.1999, 0.1998, 0.2000, 0.2001, 0.2002],
        [0.1999, 0.2000, 0.2000, 0.2001, 0.2001],
        [0.2000, 0.2000, 0.2000, 0.2000, 0.2000],
        [0.2013, 0.1996, 0.1997, 0.1997, 0.1997],
        [0.2000, 0.1999, 0.2000, 0.2000, 0.2000],
        [0.1989, 0.2006, 0.2004, 0.2002, 0.2000],
        [0.1984, 0.2009, 0.2004, 0.2003, 0.2001],
        [0.2000, 0.2000, 0.2000, 0.2000, 0.2000],
        [0.1958, 0.2073, 0.2023, 0.1988, 0.1958],
        [0.1938, 0.2007, 0.2018, 0.2018, 0.2019],
        [0.1991, 0.2003, 0.2002, 0.2002, 0.2002],
        [0.1989, 0.1998, 0.2004, 0.2005, 0.2004],
        [0.2000, 0.2000, 0.2000, 0.2000, 0.2000],
        [0.1999, 0.2002, 0.2000, 0.2000, 0.1999],
        [0.2000, 0.1988, 0.2009, 0.2002, 0.2000],
        [0.1981, 0.2012, 0.2005, 0.2003, 0.1999],
        [0.2000, 0.1999, 0.2000, 0.2001, 0.2001],
        [0.2026, 0.1962, 0.1996, 0.2006, 0.2010],
        [0.2000, 0.2000, 0.2000, 0.2000, 0.2000],
        [0.2000, 0.1997, 0.2000, 0.2001, 0.2002],
        [0.1992, 0.2002, 0.2004, 0.2002, 0.2000],
        [0.1989, 0.2003, 0.2003, 0.2003, 0.2002],
        [0.2002, 0.1998, 0.2001, 0.2000, 0.1999],
        [0.1981, 0.2009, 0.2003, 0.2004, 0.2003],
        [0.2009, 0.2003, 0.1997, 0.1996, 0.1995],
        [0.1990, 0.2004, 0.2005, 0.2002, 0.1999],
        [0.1994, 0.2005, 0.2002, 0.2000, 0.1998],
        [0.1958, 0.2010, 0.2009, 0.2012, 0.2012],
        [0.2000, 0.1999, 0.2000, 0.2000, 0.2001],
        [0.2008, 0.1998, 0.1996, 0.1998, 0.1999],
        [0.2000, 0.2000, 0.2000, 0.2000, 0.2000],
        [0.2000, 0.1998, 0.2000, 0.2000, 0.2001],
        [0.1994, 0.2005, 0.2001, 0.2001, 0.2000],
        [0.1994, 0.2003, 0.2001, 0.2001, 0.2001],
        [0.1996, 0.2002, 0.2001, 0.2001, 0.2001],
        [0.1998, 0.2003, 0.2000, 0.2000, 0.2000],
        [0.2000, 0.2000, 0.2000, 0.2000, 0.2000],
        [0.2000, 0.1999, 0.2000, 0.2000, 0.2001],
        [0.1996, 0.2005, 0.2002, 0.1999, 0.1998],
        [0.1997, 0.1996, 0.2003, 0.2002, 0.2002],
        [0.1997, 0.1999, 0.2002, 0.2001, 0.2001],
        [0.1999, 0.2000, 0.2000, 0.2000, 0.2001],
        [0.1960, 0.2011, 0.2011, 0.2010, 0.2009],
        [0.1999, 0.1999, 0.2000, 0.2001, 0.2001],
        [0.1961, 0.2010, 0.2011, 0.2010, 0.2008],
        [0.1987, 0.2005, 0.2003, 0.2003, 0.2002],
        [0.1971, 0.1998, 0.2002, 0.2013, 0.2017],
        [0.1961, 0.2006, 0.2011, 0.2012, 0.2010],
        [0.1993, 0.2004, 0.2004, 0.2000, 0.1999],
        [0.1999, 0.2000, 0.2000, 0.2000, 0.2000],
        [0.2000, 0.2000, 0.2000, 0.2000, 0.2000],
        [0.2000, 0.1999, 0.2000, 0.2000, 0.2000],
        [0.2000, 0.2000, 0.2000, 0.2000, 0.2000],
        [0.1993, 0.1993, 0.2008, 0.2005, 0.2003],
        [0.1975, 0.2014, 0.2009, 0.2003, 0.1999],
        [0.1996, 0.2000, 0.2003, 0.2001, 0.2000],
        [0.1992, 0.2002, 0.2005, 0.2002, 0.2000],
        [0.2000, 0.1989, 0.2008, 0.2002, 0.2001],
        [0.1998, 0.1999, 0.2001, 0.2001, 0.2002],
        [0.1997, 0.2000, 0.2000, 0.2001, 0.2001],
        [0.1965, 0.2007, 0.2013, 0.2009, 0.2006],
        [0.1998, 0.2005, 0.2001, 0.1999, 0.1997],
        [0.2000, 0.1999, 0.2000, 0.2000, 0.2001],
        [0.1984, 0.2012, 0.2007, 0.2001, 0.1996],
        [0.2000, 0.1999, 0.2000, 0.2000, 0.2001],
        [0.1999, 0.2000, 0.2000, 0.2000, 0.2000],
        [0.1998, 0.2001, 0.2001, 0.2001, 0.2000],
        [0.1978, 0.1987, 0.2011, 0.2012, 0.2012],
        [0.2000, 0.1999, 0.2000, 0.2000, 0.2000],
        [0.2000, 0.2000, 0.2000, 0.2000, 0.2000],
        [0.1945, 0.2000, 0.2015, 0.2020, 0.2020],
        [0.1979, 0.2018, 0.2006, 0.2001, 0.1996],
        [0.2000, 0.1999, 0.2000, 0.2000, 0.2000],
        [0.1980, 0.2008, 0.2005, 0.2004, 0.2003],
        [0.2016, 0.1996, 0.1999, 0.1994, 0.1995],
        [0.1991, 0.2001, 0.2005, 0.2003, 0.2001]], device='cuda:1')
perception attention:tensor([0.4165, 0.5835], device='cuda:1')
Test set results: loss= 0.3077 accuracy= 0.9240 F1_score= 0.9239
