# epoch	loss_train	acc_train	loss_val	acc_val	time	acc_test	f1_test
0001	1.1008	0.4167	1.0087	0.6480	0.0505s	0.9993	0.6510	0.5224
0
0002	0.9148	0.6833	0.8243	0.7100	0.0519s	0.8145	0.7270	0.6684
0
0003	0.6328	0.8167	0.5946	0.9000	0.0508s	0.6056	0.8700	0.8699
0
0004	0.4322	0.9500	0.4219	0.8960	0.0505s	0.4455	0.8820	0.8818
0
0005	0.2536	0.9833	0.3321	0.9000	0.0506s	0.3569	0.8850	0.8841
0
0006	0.2027	0.9667	0.2674	0.9080	0.0505s	0.3022	0.8930	0.8927
0
0007	0.1254	1.0000	0.2491	0.9120	0.0505s	0.2884	0.8920	0.8917
0
0008	0.1144	1.0000	0.2552	0.9100	0.0515s	0.2916	0.8930	0.8924
0
0009	0.0904	0.9667	0.2754	0.9100	0.0505s	0.3146	0.9020	0.9012
1
0010	0.0912	1.0000	0.2679	0.9220	0.0504s	0.3225	0.9020	0.9016
2
0011	0.0712	1.0000	0.2665	0.9160	0.0510s	0.3453	0.8940	0.8942
0
0012	0.0527	1.0000	0.2755	0.9240	0.0507s	0.3567	0.8940	0.8942
1
0013	0.0519	0.9833	0.3118	0.9260	0.0506s	0.3773	0.9030	0.9027
0
0014	0.0605	0.9667	0.3145	0.9260	0.0814s	0.3797	0.9030	0.9026
0
0015	0.0711	1.0000	0.3028	0.9240	0.0631s	0.3774	0.9010	0.9009
0
0016	0.0677	1.0000	0.3107	0.9260	0.0810s	0.3866	0.9050	0.9049
1
0017	0.0527	0.9833	0.3252	0.9300	0.0645s	0.3905	0.9060	0.9056
0
0018	0.0483	0.9833	0.3741	0.9300	0.0594s	0.4239	0.9050	0.9043
0
0019	0.0660	0.9833	0.3449	0.9320	0.0618s	0.4007	0.9080	0.9075
0
0020	0.0616	0.9833	0.3167	0.9280	0.0592s	0.4002	0.9100	0.9102
0
0021	0.0399	1.0000	0.3368	0.9240	0.0594s	0.4411	0.8950	0.8958
1
0022	0.0536	1.0000	0.3204	0.9280	0.0594s	0.3920	0.9110	0.9111
2
0023	0.0410	1.0000	0.3365	0.9280	0.0593s	0.3805	0.9170	0.9166
3
0024	0.0470	0.9833	0.3606	0.9280	0.0592s	0.3951	0.9150	0.9144
4
0025	0.0326	1.0000	0.3553	0.9320	0.0623s	0.3972	0.9150	0.9146
5
0026	0.0562	1.0000	0.3023	0.9300	0.0594s	0.3703	0.9180	0.9180
0
0027	0.0400	1.0000	0.2947	0.9340	0.0591s	0.3711	0.9140	0.9141
1
0028	0.0495	1.0000	0.3127	0.9320	0.0592s	0.3622	0.9210	0.9208
0
0029	0.0484	0.9833	0.4096	0.9200	0.0592s	0.4245	0.9110	0.9097
1
0030	0.0439	1.0000	0.4498	0.9000	0.0594s	0.4544	0.9050	0.9029
2
0031	0.0781	0.9500	0.2899	0.9380	0.0586s	0.3453	0.9130	0.9129
3
0032	0.0422	0.9833	0.3453	0.9220	0.0559s	0.4517	0.8900	0.8907
0
0033	0.0843	0.9500	0.2643	0.9340	0.0525s	0.3329	0.9190	0.9190
1
0034	0.0556	1.0000	0.4130	0.9200	0.0547s	0.4499	0.9060	0.9049
2
0035	0.0394	1.0000	0.5807	0.8780	0.0530s	0.6005	0.8750	0.8714
3
0036	0.1188	0.9500	0.2662	0.9320	0.0521s	0.3236	0.9200	0.9199
4
0037	0.0569	1.0000	0.5096	0.8420	0.0519s	0.6835	0.8140	0.8128
5
0038	0.0981	0.9833	0.3822	0.9120	0.0518s	0.5002	0.8640	0.8643
6
0039	0.0639	1.0000	0.2938	0.9340	0.0521s	0.3418	0.9160	0.9153
7
0040	0.0432	1.0000	0.4740	0.9000	0.0519s	0.4937	0.8890	0.8854
8
0041	0.0742	1.0000	0.4732	0.9060	0.0519s	0.5163	0.8930	0.8910
9
0042	0.0595	0.9833	0.3426	0.9280	0.0521s	0.4245	0.9110	0.9107
10
0043	0.0709	1.0000	0.2496	0.9340	0.0520s	0.3448	0.9100	0.9102
11
0044	0.0557	0.9833	0.3662	0.9140	0.0519s	0.4702	0.8780	0.8773
12
0045	0.0706	1.0000	0.3886	0.9040	0.0750s	0.4696	0.8810	0.8797
13
0046	0.0762	1.0000	0.2839	0.9320	0.0659s	0.3529	0.9130	0.9128
14
0047	0.0495	1.0000	0.2842	0.9300	0.0600s	0.3658	0.9190	0.9185
15
0048	0.0350	1.0000	0.4060	0.9160	0.0595s	0.4937	0.9040	0.9035
16
0049	0.0735	0.9833	0.4026	0.9160	0.0599s	0.4876	0.9050	0.9045
17
0050	0.0712	0.9667	0.2862	0.9280	0.0601s	0.3704	0.9170	0.9166
18
0051	0.0358	1.0000	0.2690	0.9320	0.0612s	0.3408	0.9140	0.9138
19
0052	0.0379	1.0000	0.3109	0.9280	0.0597s	0.3871	0.8950	0.8945
20
0053	0.0529	1.0000	0.3153	0.9260	0.0600s	0.4046	0.9010	0.9007
21
0054	0.0467	1.0000	0.2799	0.9320	0.0610s	0.3713	0.9040	0.9040
22
0055	0.0508	1.0000	0.2472	0.9320	0.0599s	0.3341	0.9230	0.9230
23
0056	0.0311	1.0000	0.2844	0.9300	0.0610s	0.3728	0.9220	0.9217
0
0057	0.0433	1.0000	0.3268	0.9320	0.0599s	0.4114	0.9110	0.9104
1
0058	0.0590	0.9833	0.2982	0.9280	0.0599s	0.3793	0.9150	0.9145
2
0059	0.0399	0.9833	0.2538	0.9360	0.0612s	0.3356	0.9220	0.9219
3
0060	0.0303	1.0000	0.2467	0.9340	0.0597s	0.3311	0.9200	0.9200
4
0061	0.0363	1.0000	0.2614	0.9280	0.0601s	0.3492	0.9120	0.9121
0
0062	0.0498	1.0000	0.2607	0.9300	0.0609s	0.3357	0.9150	0.9150
1
0063	0.0472	1.0000	0.2697	0.9320	0.0596s	0.3284	0.9190	0.9187
2
0064	0.0389	1.0000	0.2697	0.9280	0.0574s	0.3377	0.9210	0.9206
3
0065	0.0313	1.0000	0.2696	0.9280	0.0517s	0.3532	0.9230	0.9228
4
0066	0.0404	1.0000	0.2627	0.9320	0.0520s	0.3469	0.9250	0.9249
5
0067	0.0327	0.9833	0.2472	0.9400	0.0507s	0.3274	0.9240	0.9239
6
0068	0.0371	1.0000	0.2521	0.9300	0.0505s	0.3131	0.9230	0.9230
0
0069	0.0383	1.0000	0.2796	0.9280	0.0533s	0.3205	0.9150	0.9148
1
0070	0.0558	0.9833	0.2526	0.9360	0.0505s	0.3100	0.9230	0.9230
2
0071	0.0358	1.0000	0.2435	0.9380	0.0505s	0.3132	0.9250	0.9250
3
0072	0.0438	0.9833	0.2738	0.9300	0.0533s	0.3352	0.9240	0.9238
0
0073	0.0350	1.0000	0.2941	0.9280	0.0507s	0.3437	0.9190	0.9186
1
0074	0.0388	1.0000	0.2671	0.9320	0.0505s	0.3155	0.9240	0.9238
2
0075	0.0351	1.0000	0.2518	0.9380	0.0504s	0.3002	0.9290	0.9290
3
0076	0.0383	1.0000	0.2530	0.9380	0.0507s	0.2988	0.9270	0.9270
4
0077	0.0415	1.0000	0.2628	0.9340	0.0506s	0.3148	0.9260	0.9258
5
0078	0.0297	1.0000	0.2721	0.9280	0.0531s	0.3313	0.9240	0.9238
6
0079	0.0383	1.0000	0.2523	0.9360	0.0507s	0.3047	0.9280	0.9279
7
0080	0.0351	1.0000	0.2535	0.9380	0.0506s	0.2964	0.9290	0.9289
8
0081	0.0349	1.0000	0.2472	0.9360	0.0504s	0.2983	0.9290	0.9290
9
0082	0.0343	1.0000	0.2532	0.9360	0.0505s	0.3053	0.9270	0.9269
10
0083	0.0374	1.0000	0.2784	0.9300	0.0507s	0.3316	0.9230	0.9227
11
0084	0.0354	1.0000	0.2658	0.9320	0.0506s	0.3329	0.9270	0.9268
12
0085	0.0533	0.9667	0.2431	0.9360	0.0506s	0.3035	0.9250	0.9250
13
0086	0.0390	1.0000	0.2596	0.9320	0.0507s	0.3023	0.9240	0.9240
0
0087	0.0521	0.9833	0.3152	0.9280	0.0507s	0.3338	0.9180	0.9174
1
0088	0.0524	0.9833	0.3036	0.9280	0.0517s	0.3728	0.9170	0.9166
2
0089	0.0626	1.0000	0.2408	0.9360	0.0505s	0.3438	0.9230	0.9229
3
0090	0.0477	1.0000	0.2458	0.9320	0.0504s	0.3172	0.9200	0.9201
0
0091	0.0374	1.0000	0.3070	0.9320	0.0505s	0.3246	0.9190	0.9186
1
0092	0.0442	1.0000	0.3251	0.9220	0.0506s	0.3501	0.9210	0.9203
2
0093	0.0372	1.0000	0.2871	0.9300	0.0519s	0.3691	0.9220	0.9217
3
0094	0.0429	1.0000	0.2458	0.9320	0.0504s	0.3585	0.9240	0.9239
4
0095	0.0482	1.0000	0.2355	0.9400	0.0505s	0.3177	0.9280	0.9279
5
0096	0.0292	1.0000	0.2730	0.9340	0.0504s	0.3108	0.9240	0.9237
0
0097	0.0268	1.0000	0.3127	0.9280	0.0505s	0.3315	0.9210	0.9204
1
0098	0.0453	1.0000	0.2517	0.9360	0.0505s	0.3079	0.9280	0.9279
2
0099	0.0244	1.0000	0.2308	0.9360	0.0504s	0.3228	0.9270	0.9269
3
0100	0.0278	1.0000	0.2392	0.9420	0.0506s	0.3456	0.9260	0.9259
0
0101	0.0444	1.0000	0.2368	0.9380	0.0524s	0.3158	0.9280	0.9279
0
0102	0.0379	1.0000	0.3003	0.9280	0.0529s	0.3214	0.9230	0.9225
1
0103	0.0385	1.0000	0.3695	0.9100	0.0519s	0.3707	0.9060	0.9047
2
0104	0.0522	1.0000	0.2490	0.9380	0.0516s	0.2972	0.9240	0.9237
3
0105	0.0262	1.0000	0.2317	0.9420	0.0520s	0.3283	0.9240	0.9240
4
0106	0.0354	1.0000	0.2642	0.9280	0.0528s	0.3812	0.9100	0.9100
0
0107	0.0354	1.0000	0.2571	0.9320	0.0520s	0.3675	0.9190	0.9190
1
0108	0.0563	0.9833	0.2357	0.9360	0.0525s	0.2975	0.9280	0.9278
2
0109	0.0308	1.0000	0.3022	0.9260	0.0512s	0.3218	0.9160	0.9155
3
0110	0.0546	0.9833	0.3149	0.9220	0.0516s	0.3300	0.9150	0.9143
4
0111	0.0403	1.0000	0.2741	0.9320	0.0504s	0.3209	0.9290	0.9285
5
0112	0.0361	0.9833	0.2422	0.9400	0.0507s	0.3290	0.9280	0.9278
6
0113	0.0299	0.9833	0.2418	0.9400	0.0504s	0.3484	0.9210	0.9210
7
0114	0.0368	1.0000	0.2516	0.9360	0.0515s	0.3604	0.9180	0.9180
8
0115	0.0403	1.0000	0.2225	0.9460	0.0506s	0.3070	0.9230	0.9229
9
0116	0.0382	1.0000	0.2638	0.9320	0.0505s	0.3055	0.9270	0.9265
0
0117	0.0320	1.0000	0.3723	0.9080	0.0506s	0.3764	0.9060	0.9046
1
0118	0.0542	0.9833	0.2711	0.9300	0.0528s	0.2951	0.9230	0.9225
2
0119	0.0427	0.9833	0.2239	0.9420	0.0508s	0.2852	0.9300	0.9299
3
0120	0.0470	0.9833	0.2396	0.9380	0.0506s	0.3235	0.9270	0.9268
4
0121	0.0255	1.0000	0.2463	0.9360	0.0505s	0.3369	0.9260	0.9257
5
0122	0.0346	1.0000	0.2245	0.9420	0.0504s	0.3015	0.9230	0.9230
6
0123	0.0424	0.9833	0.2273	0.9420	0.0507s	0.2857	0.9270	0.9269
7
0124	0.0312	1.0000	0.2684	0.9340	0.0506s	0.3061	0.9270	0.9264
8
0125	0.0311	1.0000	0.2819	0.9320	0.0503s	0.3116	0.9260	0.9255
9
0126	0.0386	0.9667	0.2446	0.9360	0.0506s	0.2861	0.9310	0.9308
10
0127	0.0384	1.0000	0.2275	0.9420	0.0511s	0.2922	0.9260	0.9259
11
0128	0.0434	0.9833	0.2446	0.9380	0.0506s	0.3339	0.9270	0.9268
12
0129	0.0338	0.9833	0.2410	0.9400	0.0504s	0.3289	0.9290	0.9288
13
0130	0.0296	1.0000	0.2286	0.9420	0.0509s	0.2914	0.9270	0.9269
14
0131	0.0327	1.0000	0.2476	0.9340	0.0511s	0.2869	0.9270	0.9269
15
0132	0.0389	0.9833	0.2866	0.9300	0.0504s	0.3209	0.9270	0.9265
16
0133	0.0287	1.0000	0.2866	0.9320	0.0508s	0.3336	0.9300	0.9296
17
0134	0.0383	1.0000	0.2278	0.9440	0.0505s	0.3009	0.9280	0.9279
18
0135	0.0285	1.0000	0.2312	0.9400	0.0508s	0.3166	0.9250	0.9250
19
0136	0.0385	1.0000	0.2429	0.9400	0.0507s	0.3128	0.9280	0.9278
20
0137	0.0325	1.0000	0.3203	0.9300	0.0525s	0.3426	0.9240	0.9232
21
0138	0.0321	1.0000	0.2861	0.9320	0.0506s	0.3137	0.9260	0.9256
22
0139	0.0417	1.0000	0.2313	0.9400	0.0506s	0.3072	0.9260	0.9260
23
0140	0.0364	1.0000	0.2376	0.9440	0.0509s	0.3350	0.9250	0.9249
24
0141	0.0465	0.9667	0.2667	0.9280	0.0506s	0.3205	0.9310	0.9308
25
0142	0.0320	1.0000	0.3016	0.9320	0.0506s	0.3135	0.9260	0.9255
26
0143	0.0458	0.9833	0.2533	0.9320	0.0506s	0.2897	0.9260	0.9259
27
0144	0.0372	1.0000	0.2420	0.9440	0.0516s	0.3223	0.9280	0.9278
28
0145	0.0361	0.9833	0.2395	0.9440	0.0505s	0.3296	0.9270	0.9269
29
0146	0.0319	1.0000	0.2316	0.9440	0.0505s	0.3029	0.9270	0.9269
30
0147	0.0330	1.0000	0.2522	0.9340	0.0506s	0.2939	0.9270	0.9269
31
0148	0.0262	1.0000	0.2941	0.9280	0.0506s	0.3213	0.9270	0.9266
32
0149	0.0298	1.0000	0.2895	0.9300	0.0503s	0.3133	0.9260	0.9256
33
0150	0.0283	1.0000	0.2454	0.9400	0.0506s	0.2926	0.9270	0.9269
34
0151	0.0381	1.0000	0.2428	0.9440	0.0519s	0.3060	0.9260	0.9259
35
0152	0.0261	1.0000	0.2576	0.9340	0.0505s	0.3374	0.9270	0.9268
36
0153	0.0366	1.0000	0.2423	0.9440	0.0505s	0.3010	0.9260	0.9259
37
0154	0.0305	1.0000	0.2508	0.9380	0.0510s	0.2960	0.9260	0.9259
38
0155	0.0275	1.0000	0.2629	0.9360	0.0506s	0.3135	0.9260	0.9257
39
0156	0.0263	1.0000	0.2642	0.9340	0.0509s	0.3237	0.9270	0.9268
40
0157	0.0252	1.0000	0.2431	0.9400	0.0508s	0.3109	0.9260	0.9259
41
0158	0.0282	1.0000	0.2423	0.9380	0.0514s	0.3086	0.9260	0.9259
42
0159	0.0304	1.0000	0.2462	0.9380	0.0506s	0.3168	0.9250	0.9249
43
0160	0.0251	1.0000	0.2546	0.9380	0.0505s	0.3156	0.9240	0.9238
44
0161	0.0251	1.0000	0.2508	0.9380	0.0505s	0.3165	0.9240	0.9238
45
0162	0.0276	1.0000	0.2385	0.9400	0.0505s	0.3067	0.9260	0.9259
46
0163	0.0285	1.0000	0.2506	0.9380	0.0506s	0.3062	0.9250	0.9248
47
0164	0.0290	1.0000	0.2713	0.9340	0.0517s	0.3318	0.9280	0.9278
48
0165	0.0347	1.0000	0.2408	0.9400	0.0504s	0.3077	0.9260	0.9259
49
0166	0.0290	1.0000	0.2457	0.9400	0.0507s	0.3136	0.9250	0.9249
50
0167	0.0287	1.0000	0.2703	0.9340	0.0505s	0.3194	0.9260	0.9258
51
0168	0.0299	1.0000	0.2655	0.9360	0.0506s	0.3070	0.9250	0.9248
52
0169	0.0264	1.0000	0.2481	0.9380	0.0506s	0.3025	0.9260	0.9259
53
0170	0.0252	1.0000	0.2524	0.9400	0.0509s	0.3322	0.9260	0.9259
54
0171	0.0274	1.0000	0.2624	0.9380	0.0514s	0.3382	0.9260	0.9258
55
0172	0.0275	1.0000	0.2561	0.9380	0.0508s	0.2965	0.9250	0.9249
56
0173	0.0313	1.0000	0.2557	0.9380	0.0506s	0.2960	0.9250	0.9249
57
0174	0.0333	1.0000	0.2917	0.9320	0.0504s	0.3424	0.9280	0.9278
58
0175	0.0311	0.9833	0.2647	0.9380	0.0506s	0.3211	0.9260	0.9258
59
0176	0.0222	1.0000	0.2447	0.9420	0.0504s	0.3041	0.9270	0.9269
60
0177	0.0247	1.0000	0.2538	0.9380	0.0514s	0.3133	0.9250	0.9249
61
0178	0.0286	1.0000	0.2867	0.9320	0.0504s	0.3365	0.9260	0.9258
62
0179	0.0311	1.0000	0.2517	0.9400	0.0505s	0.3007	0.9250	0.9249
63
0180	0.0261	1.0000	0.2491	0.9420	0.0505s	0.3013	0.9260	0.9259
64
0181	0.0306	1.0000	0.2821	0.9320	0.0504s	0.3378	0.9250	0.9248
65
0182	0.0308	1.0000	0.2641	0.9380	0.0506s	0.3245	0.9260	0.9258
66
0183	0.0324	0.9833	0.3070	0.9260	0.0516s	0.3816	0.8980	0.8986
67
0184	0.0653	1.0000	0.3115	0.9360	0.0505s	0.3296	0.9250	0.9246
68
0185	0.0409	1.0000	0.3288	0.9260	0.0505s	0.3948	0.9200	0.9196
69
0186	0.0501	0.9833	0.2513	0.9460	0.0506s	0.3443	0.9220	0.9220
70
0187	0.0357	1.0000	0.2654	0.9420	0.0504s	0.3307	0.9190	0.9191
0
0188	0.0425	1.0000	0.3295	0.9300	0.0507s	0.3594	0.9230	0.9224
1
0189	0.0369	1.0000	0.3288	0.9280	0.0505s	0.3880	0.9240	0.9236
2
0190	0.0281	1.0000	0.2556	0.9440	0.0511s	0.3574	0.9230	0.9228
3
0191	0.0252	1.0000	0.2602	0.9420	0.0509s	0.3565	0.9140	0.9142
4
0192	0.0390	0.9833	0.2677	0.9380	0.0505s	0.3255	0.9210	0.9209
5
0193	0.0271	1.0000	0.3152	0.9320	0.0506s	0.3620	0.9220	0.9215
6
0194	0.0279	1.0000	0.2999	0.9320	0.0505s	0.3669	0.9240	0.9237
7
0195	0.0250	1.0000	0.2605	0.9340	0.0505s	0.3632	0.9210	0.9208
8
0196	0.0234	1.0000	0.2470	0.9440	0.0505s	0.3593	0.9210	0.9209
9
0197	0.0271	1.0000	0.2505	0.9400	0.0523s	0.3340	0.9210	0.9210
10
0198	0.0289	1.0000	0.2714	0.9400	0.0509s	0.3303	0.9280	0.9278
11
0199	0.0218	1.0000	0.2888	0.9320	0.0506s	0.3501	0.9250	0.9246
12
0200	0.0236	1.0000	0.2730	0.9340	0.0505s	0.3546	0.9240	0.9238
13
0201	0.0266	1.0000	0.2450	0.9420	0.0507s	0.3461	0.9230	0.9229
14
0202	0.0220	1.0000	0.2414	0.9440	0.0506s	0.3316	0.9250	0.9249
15
0203	0.0315	0.9833	0.2600	0.9400	0.0506s	0.3191	0.9270	0.9268
16
0204	0.0351	1.0000	0.2763	0.9360	0.0504s	0.3330	0.9230	0.9227
17
0205	0.0261	1.0000	0.2733	0.9380	0.0506s	0.3511	0.9250	0.9248
18
0206	0.0229	1.0000	0.2439	0.9360	0.0505s	0.3392	0.9210	0.9209
19
0207	0.0282	1.0000	0.2474	0.9380	0.0506s	0.3126	0.9280	0.9279
20
0208	0.0259	1.0000	0.2676	0.9360	0.0528s	0.3169	0.9250	0.9247
21
0209	0.0281	0.9833	0.2699	0.9400	0.0507s	0.3374	0.9230	0.9227
22
0210	0.0228	1.0000	0.2455	0.9400	0.0505s	0.3361	0.9230	0.9229
23
0211	0.0256	1.0000	0.2398	0.9340	0.0507s	0.3207	0.9230	0.9229
24
0212	0.0255	1.0000	0.2507	0.9380	0.0508s	0.3127	0.9220	0.9218
25
0213	0.0264	1.0000	0.2795	0.9380	0.0505s	0.3370	0.9230	0.9227
26
0214	0.0292	1.0000	0.2457	0.9360	0.0506s	0.3173	0.9230	0.9229
27
0215	0.0269	1.0000	0.2531	0.9380	0.0506s	0.3360	0.9240	0.9238
28
0216	0.0268	1.0000	0.2643	0.9400	0.0505s	0.3292	0.9230	0.9228
29
0217	0.0301	1.0000	0.2591	0.9380	0.0505s	0.3161	0.9220	0.9218
30
0218	0.0276	1.0000	0.2510	0.9360	0.0505s	0.3233	0.9240	0.9238
31
0219	0.0235	1.0000	0.2496	0.9400	0.0507s	0.3289	0.9250	0.9249
32
0220	0.0323	1.0000	0.2609	0.9400	0.0523s	0.3167	0.9230	0.9228
33
0221	0.0320	1.0000	0.2504	0.9360	0.0506s	0.3106	0.9250	0.9249
34
0222	0.0283	1.0000	0.2617	0.9380	0.0506s	0.3369	0.9230	0.9228
35
0223	0.0227	1.0000	0.2594	0.9380	0.0507s	0.3352	0.9230	0.9228
36
0224	0.0294	1.0000	0.2433	0.9360	0.0505s	0.3135	0.9260	0.9259
37
0225	0.0262	1.0000	0.2701	0.9400	0.0506s	0.3341	0.9230	0.9228
38
0226	0.0273	1.0000	0.2558	0.9400	0.0507s	0.3193	0.9250	0.9249
39
0227	0.0267	1.0000	0.2462	0.9360	0.0507s	0.3128	0.9260	0.9259
40
0228	0.0287	1.0000	0.2762	0.9380	0.0505s	0.3509	0.9230	0.9228
41
0229	0.0248	1.0000	0.2662	0.9420	0.0507s	0.3354	0.9230	0.9228
42
0230	0.0234	1.0000	0.2459	0.9380	0.0505s	0.3169	0.9250	0.9250
43
0231	0.0314	1.0000	0.2941	0.9360	0.0520s	0.3602	0.9220	0.9218
44
0232	0.0375	1.0000	0.2566	0.9400	0.0507s	0.3280	0.9260	0.9259
45
0233	0.0276	1.0000	0.2701	0.9400	0.0507s	0.3100	0.9240	0.9239
46
0234	0.0325	1.0000	0.3021	0.9400	0.0507s	0.3337	0.9210	0.9207
47
0235	0.0301	1.0000	0.2772	0.9360	0.0504s	0.3767	0.9230	0.9229
48
0236	0.0294	1.0000	0.2509	0.9400	0.0505s	0.3519	0.9260	0.9259
49
0237	0.0310	1.0000	0.2806	0.9400	0.0506s	0.3176	0.9240	0.9238
50
0238	0.0276	1.0000	0.2997	0.9400	0.0505s	0.3347	0.9240	0.9237
51
0239	0.0277	1.0000	0.2615	0.9400	0.0507s	0.3499	0.9260	0.9259
52
0240	0.0294	1.0000	0.2672	0.9400	0.0505s	0.3701	0.9260	0.9259
53
0241	0.0331	1.0000	0.2644	0.9400	0.0509s	0.3196	0.9220	0.9220
54
0242	0.0226	1.0000	0.3001	0.9400	0.0507s	0.3288	0.9250	0.9247
55
0243	0.0254	1.0000	0.2880	0.9400	0.0518s	0.3537	0.9230	0.9228
56
0244	0.0297	1.0000	0.2473	0.9400	0.0508s	0.3485	0.9260	0.9259
57
0245	0.0457	0.9833	0.3061	0.9380	0.0506s	0.3543	0.9250	0.9247
58
0246	0.0284	1.0000	0.3268	0.9360	0.0504s	0.3628	0.9260	0.9256
59
0247	0.0270	1.0000	0.2530	0.9420	0.0504s	0.3279	0.9250	0.9249
60
0248	0.0237	1.0000	0.2467	0.9380	0.0508s	0.3470	0.9290	0.9289
61
0249	0.0295	1.0000	0.3160	0.9380	0.0505s	0.4088	0.9210	0.9207
62
0250	0.0413	0.9833	0.2628	0.9440	0.0504s	0.3238	0.9220	0.9220
63
0251	0.0331	1.0000	0.2735	0.9400	0.0507s	0.3239	0.9240	0.9239
64
0252	0.0306	1.0000	0.3069	0.9340	0.0505s	0.3824	0.9200	0.9197
65
0253	0.0305	1.0000	0.2844	0.9400	0.0505s	0.3859	0.9230	0.9228
66
0254	0.0214	1.0000	0.2524	0.9400	0.0517s	0.3505	0.9280	0.9279
67
0255	0.0309	1.0000	0.2927	0.9360	0.0507s	0.3433	0.9240	0.9238
68
0256	0.0272	1.0000	0.3139	0.9360	0.0506s	0.3467	0.9240	0.9236
69
0257	0.0286	1.0000	0.2609	0.9380	0.0841s	0.3375	0.9270	0.9269
70
0258	0.0204	1.0000	0.2669	0.9400	0.0659s	0.3810	0.9260	0.9259
71
0259	0.0306	1.0000	0.2883	0.9360	0.0597s	0.3660	0.9240	0.9238
72
0260	0.0233	1.0000	0.3014	0.9340	0.0599s	0.3389	0.9260	0.9256
73
0261	0.0299	1.0000	0.2720	0.9420	0.0602s	0.3281	0.9240	0.9239
74
0262	0.0265	1.0000	0.2627	0.9380	0.0597s	0.3614	0.9260	0.9259
75
0263	0.0365	0.9833	0.2766	0.9400	0.0599s	0.3725	0.9240	0.9238
76
0264	0.0264	1.0000	0.2587	0.9400	0.0598s	0.3312	0.9240	0.9239
77
0265	0.0250	1.0000	0.2654	0.9340	0.0597s	0.3371	0.9230	0.9228
78
0266	0.0257	1.0000	0.2683	0.9400	0.0602s	0.3514	0.9250	0.9248
79
0267	0.0237	1.0000	0.2635	0.9380	0.0597s	0.3422	0.9250	0.9248
80
0268	0.0220	1.0000	0.2581	0.9360	0.0599s	0.3307	0.9230	0.9229
81
0269	0.0254	1.0000	0.2577	0.9380	0.0598s	0.3439	0.9250	0.9248
82
0270	0.0219	1.0000	0.2602	0.9380	0.0599s	0.3405	0.9240	0.9238
83
0271	0.0243	1.0000	0.2530	0.9340	0.0602s	0.3197	0.9240	0.9239
84
0272	0.0235	1.0000	0.2611	0.9360	0.0573s	0.3289	0.9240	0.9238
85
0273	0.0256	1.0000	0.2517	0.9360	0.0520s	0.3263	0.9240	0.9238
86
0274	0.0232	1.0000	0.2721	0.9420	0.0513s	0.3446	0.9230	0.9228
87
0275	0.0248	1.0000	0.2528	0.9360	0.0509s	0.3233	0.9250	0.9249
88
0276	0.0224	1.0000	0.2612	0.9360	0.0505s	0.3290	0.9240	0.9238
89
0277	0.0257	1.0000	0.2654	0.9360	0.0507s	0.3242	0.9240	0.9238
90
0278	0.0252	1.0000	0.2585	0.9360	0.0507s	0.3419	0.9230	0.9228
91
0279	0.0251	1.0000	0.2526	0.9340	0.0509s	0.3239	0.9250	0.9249
92
0280	0.0236	1.0000	0.3061	0.9380	0.0505s	0.3500	0.9220	0.9218
93
0281	0.0309	1.0000	0.2585	0.9340	0.0506s	0.3334	0.9250	0.9249
94
0282	0.0225	1.0000	0.2540	0.9380	0.0517s	0.3390	0.9250	0.9250
95
0283	0.0369	1.0000	0.3706	0.9260	0.0505s	0.4274	0.9160	0.9154
96
0284	0.0353	1.0000	0.3032	0.9360	0.0512s	0.3646	0.9220	0.9218
97
0285	0.0315	1.0000	0.3702	0.9060	0.0506s	0.4805	0.8750	0.8755
98
0286	0.0720	0.9833	0.3453	0.9300	0.0505s	0.3902	0.9210	0.9206
99
0287	0.0365	1.0000	0.4545	0.9060	0.0505s	0.4987	0.9080	0.9066
100
0288	0.0697	0.9833	0.2770	0.9380	0.0507s	0.3752	0.9150	0.9152
101
0289	0.0368	1.0000	0.3279	0.9220	0.0506s	0.4572	0.8950	0.8958
102
0290	0.0617	1.0000	0.3718	0.9260	0.0512s	0.4202	0.9240	0.9233
103
0291	0.0316	1.0000	0.6039	0.8820	0.0507s	0.6266	0.8840	0.8797
104
0292	0.0572	1.0000	0.3870	0.9220	0.0506s	0.4721	0.9170	0.9164
105
0293	0.0372	1.0000	0.2940	0.9380	0.0544s	0.4170	0.9040	0.9045
106
0294	0.0335	1.0000	0.4080	0.9060	0.0532s	0.5913	0.8680	0.8691
107
0295	0.0571	1.0000	0.2857	0.9360	0.0595s	0.3977	0.9120	0.9122
108
0296	0.0282	1.0000	0.3607	0.9280	0.0595s	0.4540	0.9220	0.9214
109
0297	0.0244	1.0000	0.5430	0.9060	0.0597s	0.6093	0.9030	0.9007
110
0298	0.0391	0.9833	0.5158	0.9100	0.0598s	0.5847	0.9020	0.8999
111
0299	0.0583	0.9500	0.2927	0.9360	0.0814s	0.3908	0.9220	0.9217
112
0300	0.0238	1.0000	0.3510	0.9240	0.0641s	0.5067	0.8920	0.8928
113
0301	0.0447	0.9667	0.3798	0.9200	0.0669s	0.5565	0.8830	0.8840
114
0302	0.0466	1.0000	0.2794	0.9400	0.0689s	0.3964	0.9160	0.9162
115
0303	0.0311	0.9833	0.3354	0.9320	0.0904s	0.4443	0.9220	0.9214
116
0304	0.0223	1.0000	0.5161	0.9100	0.0751s	0.5940	0.9070	0.9050
117
0305	0.0436	1.0000	0.5274	0.9060	0.0732s	0.5724	0.9000	0.8971
118
0306	0.0472	0.9833	0.3252	0.9260	0.0659s	0.4119	0.9240	0.9234
119
0307	0.0234	1.0000	0.2698	0.9360	0.0679s	0.4035	0.9100	0.9104
120
0308	0.0304	1.0000	0.3077	0.9360	0.0591s	0.4639	0.8950	0.8960
121
0309	0.0365	1.0000	0.2734	0.9400	0.0702s	0.4058	0.9100	0.9104
122
0310	0.0292	1.0000	0.2848	0.9340	0.0755s	0.3748	0.9240	0.9238
123
0311	0.0253	1.0000	0.3885	0.9180	0.0643s	0.4445	0.9120	0.9104
124
0312	0.0252	1.0000	0.4698	0.9040	0.0601s	0.5213	0.9050	0.9026
125
0313	0.0392	0.9667	0.3882	0.9160	0.0600s	0.4876	0.9160	0.9149
126
0314	0.0279	1.0000	0.3003	0.9340	0.0601s	0.4165	0.9210	0.9206
127
0315	0.0263	1.0000	0.2650	0.9420	0.0601s	0.3550	0.9220	0.9220
128
0316	0.0294	1.0000	0.3045	0.9360	0.0598s	0.3816	0.9110	0.9110
129
0317	0.0436	1.0000	0.2552	0.9420	0.0597s	0.3562	0.9240	0.9239
130
0318	0.0282	1.0000	0.3135	0.9340	0.0599s	0.4144	0.9210	0.9204
131
0319	0.0273	1.0000	0.3800	0.9180	0.0600s	0.4541	0.9180	0.9170
132
0320	0.0357	1.0000	0.3615	0.9220	0.0602s	0.4208	0.9170	0.9158
133
0321	0.0272	1.0000	0.2837	0.9360	0.0602s	0.3613	0.9280	0.9276
134
0322	0.0244	1.0000	0.2539	0.9400	0.0603s	0.3519	0.9250	0.9250
135
0323	0.0274	1.0000	0.2525	0.9400	0.0628s	0.3524	0.9270	0.9269
136
0324	0.0274	1.0000	0.2818	0.9360	0.0604s	0.3607	0.9290	0.9287
137
0325	0.0235	1.0000	0.3172	0.9300	0.0587s	0.3893	0.9270	0.9265
138
0326	0.0288	1.0000	0.2913	0.9340	0.0545s	0.3816	0.9290	0.9286
139
0327	0.0224	1.0000	0.2597	0.9400	0.0518s	0.3452	0.9290	0.9287
140
0328	0.0240	1.0000	0.2609	0.9400	0.0507s	0.3304	0.9290	0.9288
141
0329	0.0287	1.0000	0.2937	0.9360	0.0504s	0.3631	0.9320	0.9316
142
0330	0.0251	1.0000	0.3075	0.9300	0.0507s	0.3978	0.9280	0.9276
143
0331	0.0316	1.0000	0.2556	0.9400	0.0506s	0.3422	0.9310	0.9307
144
0332	0.0207	1.0000	0.2526	0.9380	0.0506s	0.3216	0.9300	0.9298
145
0333	0.0287	1.0000	0.2792	0.9420	0.0505s	0.3487	0.9330	0.9327
146
0334	0.0278	1.0000	0.3162	0.9300	0.0505s	0.4076	0.9260	0.9255
147
0335	0.0318	1.0000	0.2753	0.9420	0.0506s	0.3350	0.9330	0.9327
148
0336	0.0239	1.0000	0.2473	0.9380	0.0504s	0.3185	0.9310	0.9308
149
0337	0.0311	1.0000	0.2751	0.9380	0.0507s	0.3810	0.9270	0.9266
150
0338	0.0297	1.0000	0.3032	0.9380	0.0506s	0.3561	0.9280	0.9274
151
0339	0.0254	1.0000	0.2607	0.9380	0.0506s	0.3166	0.9260	0.9258
152
0340	0.0264	1.0000	0.2367	0.9440	0.0523s	0.3405	0.9300	0.9298
153
0341	0.0256	1.0000	0.2856	0.9320	0.0505s	0.3929	0.9240	0.9237
154
0342	0.0252	1.0000	0.3175	0.9360	0.0506s	0.3829	0.9260	0.9255
155
0343	0.0273	1.0000	0.2620	0.9360	0.0507s	0.3190	0.9260	0.9258
156
0344	0.0245	1.0000	0.2373	0.9380	0.0506s	0.3241	0.9310	0.9308
157
0345	0.0282	1.0000	0.2576	0.9360	0.0504s	0.3622	0.9290	0.9287
158
0346	0.0256	1.0000	0.3185	0.9360	0.0508s	0.3921	0.9260	0.9256
159
0347	0.0291	0.9833	0.2969	0.9420	0.0507s	0.3438	0.9310	0.9306
160
0348	0.0243	1.0000	0.2537	0.9380	0.0506s	0.3238	0.9300	0.9298
161
0349	0.0211	1.0000	0.2474	0.9440	0.0506s	0.3520	0.9290	0.9288
162
0350	0.0237	1.0000	0.2725	0.9360	0.0506s	0.3653	0.9280	0.9277
163
0351	0.0280	1.0000	0.2911	0.9420	0.0506s	0.3313	0.9290	0.9287
164
0352	0.0238	1.0000	0.2850	0.9420	0.0506s	0.3265	0.9300	0.9297
165
0353	0.0228	1.0000	0.2649	0.9400	0.0510s	0.3647	0.9280	0.9278
166
0354	0.0244	1.0000	0.2709	0.9400	0.0506s	0.3827	0.9240	0.9238
167
0355	0.0319	1.0000	0.2822	0.9360	0.0507s	0.3480	0.9300	0.9297
168
0356	0.0179	1.0000	0.2938	0.9400	0.0505s	0.3255	0.9300	0.9297
169
0357	0.0250	1.0000	0.2669	0.9420	0.0519s	0.3224	0.9300	0.9298
170
0358	0.0215	1.0000	0.2764	0.9420	0.0507s	0.3652	0.9270	0.9267
171
0359	0.0259	1.0000	0.2801	0.9380	0.0505s	0.3431	0.9300	0.9297
172
0360	0.0233	1.0000	0.2645	0.9360	0.0505s	0.3073	0.9300	0.9298
173
0361	0.0293	1.0000	0.2677	0.9420	0.0505s	0.3315	0.9290	0.9287
174
0362	0.0206	1.0000	0.2910	0.9360	0.0508s	0.3714	0.9280	0.9277
175
0363	0.0307	0.9833	0.2615	0.9380	0.0505s	0.3070	0.9300	0.9298
176
0364	0.0295	1.0000	0.2757	0.9420	0.0506s	0.3223	0.9270	0.9267
177
0365	0.0213	1.0000	0.2794	0.9420	0.0505s	0.3655	0.9280	0.9277
178
0366	0.0293	1.0000	0.2460	0.9420	0.0506s	0.3493	0.9270	0.9267
179
0367	0.0242	1.0000	0.2472	0.9420	0.0506s	0.3137	0.9310	0.9308
180
0368	0.0268	1.0000	0.3318	0.9320	0.0507s	0.3629	0.9230	0.9221
181
0369	0.0326	1.0000	0.2609	0.9380	0.0505s	0.3491	0.9290	0.9287
182
0370	0.0269	1.0000	0.2357	0.9420	0.0507s	0.3430	0.9280	0.9278
183
0371	0.0350	1.0000	0.2916	0.9360	0.0838s	0.3468	0.9300	0.9297
184
0372	0.0283	1.0000	0.3201	0.9320	0.0671s	0.3614	0.9270	0.9264
185
0373	0.0298	1.0000	0.2340	0.9440	0.0602s	0.3187	0.9310	0.9308
186
0374	0.0216	1.0000	0.2395	0.9440	0.0599s	0.3533	0.9270	0.9267
187
0375	0.0289	1.0000	0.2806	0.9380	0.0598s	0.3823	0.9290	0.9287
188
0376	0.0313	1.0000	0.2589	0.9400	0.0601s	0.3104	0.9250	0.9248
189
0377	0.0294	1.0000	0.2836	0.9420	0.0600s	0.3233	0.9300	0.9296
190
0378	0.0330	1.0000	0.3052	0.9340	0.0598s	0.3971	0.9280	0.9276
191
0379	0.0274	1.0000	0.2810	0.9400	0.0599s	0.3995	0.9270	0.9267
192
0380	0.0499	0.9500	0.2819	0.9420	0.0599s	0.3296	0.9220	0.9217
193
0381	0.0376	1.0000	0.3240	0.9320	0.0600s	0.3631	0.9140	0.9135
194
0382	0.0410	0.9833	0.3191	0.9380	0.0833s	0.4244	0.9230	0.9225
195
0383	0.0363	0.9833	0.3056	0.9320	0.0658s	0.4491	0.9170	0.9169
196
0384	0.0437	1.0000	0.2520	0.9400	0.0600s	0.3387	0.9290	0.9288
197
0385	0.0319	1.0000	0.3227	0.9320	0.0609s	0.3725	0.9210	0.9205
198
0386	0.0396	1.0000	0.3173	0.9400	0.0600s	0.3731	0.9270	0.9265
199
Early stop! Min loss:0.2225077748298645,  Max accuracy:0.9460000000000001
Early stop model validation loss:0.2225077748298645,  accuracy:0.9460000000000001
Optimization Finished!
Total time elapsed: 21.1167s
test max acc:0.9330
Loading 114th epoch
stru_node_to_hop attention:tensor([[0.3313, 0.3344, 0.3343],
        [0.3333, 0.3334, 0.3334],
        [0.3334, 0.3332, 0.3334],
        [0.3333, 0.3334, 0.3334],
        [0.3333, 0.3333, 0.3334],
        [0.3305, 0.3353, 0.3342],
        [0.3330, 0.3336, 0.3335],
        [0.3336, 0.3332, 0.3332],
        [0.3331, 0.3335, 0.3334],
        [0.3328, 0.3339, 0.3333],
        [0.3334, 0.3334, 0.3332],
        [0.3333, 0.3333, 0.3333],
        [0.3330, 0.3334, 0.3336],
        [0.3333, 0.3333, 0.3333],
        [0.3335, 0.3331, 0.3335],
        [0.3334, 0.3328, 0.3338],
        [0.3334, 0.3333, 0.3333],
        [0.3320, 0.3338, 0.3342],
        [0.3331, 0.3334, 0.3335],
        [0.3333, 0.3333, 0.3333],
        [0.3337, 0.3331, 0.3332],
        [0.3333, 0.3333, 0.3333],
        [0.3394, 0.3298, 0.3308],
        [0.3334, 0.3333, 0.3333],
        [0.3331, 0.3334, 0.3335],
        [0.3333, 0.3334, 0.3334],
        [0.3343, 0.3329, 0.3328],
        [0.3310, 0.3334, 0.3355],
        [0.3333, 0.3333, 0.3333],
        [0.3314, 0.3339, 0.3348],
        [0.3341, 0.3335, 0.3325],
        [0.3333, 0.3333, 0.3333],
        [0.3267, 0.3360, 0.3372],
        [0.3287, 0.3339, 0.3375],
        [0.3309, 0.3344, 0.3347],
        [0.3334, 0.3333, 0.3333],
        [0.3334, 0.3333, 0.3333],
        [0.3318, 0.3342, 0.3340],
        [0.3320, 0.3338, 0.3342],
        [0.3431, 0.3284, 0.3285],
        [0.3333, 0.3333, 0.3333],
        [0.3231, 0.3385, 0.3384],
        [0.3333, 0.3333, 0.3333],
        [0.3335, 0.3333, 0.3333],
        [0.3337, 0.3332, 0.3331],
        [0.3330, 0.3335, 0.3335],
        [0.3338, 0.3328, 0.3334],
        [0.3315, 0.3344, 0.3342],
        [0.3345, 0.3318, 0.3337],
        [0.3326, 0.3338, 0.3336],
        [0.3324, 0.3337, 0.3339],
        [0.3321, 0.3328, 0.3351],
        [0.3333, 0.3333, 0.3333],
        [0.3330, 0.3335, 0.3335],
        [0.3333, 0.3333, 0.3333],
        [0.3333, 0.3334, 0.3333],
        [0.3320, 0.3338, 0.3341],
        [0.3316, 0.3335, 0.3349],
        [0.3216, 0.3390, 0.3394],
        [0.3333, 0.3333, 0.3333],
        [0.3334, 0.3333, 0.3333],
        [0.3333, 0.3333, 0.3333],
        [0.3337, 0.3332, 0.3332],
        [0.3323, 0.3338, 0.3339],
        [0.3333, 0.3333, 0.3333],
        [0.3332, 0.3334, 0.3334],
        [0.3264, 0.3365, 0.3371],
        [0.3332, 0.3334, 0.3334],
        [0.3232, 0.3398, 0.3369],
        [0.3324, 0.3338, 0.3337],
        [0.3220, 0.3397, 0.3383],
        [0.3234, 0.3378, 0.3388],
        [0.3333, 0.3333, 0.3333],
        [0.3333, 0.3333, 0.3333],
        [0.3333, 0.3333, 0.3333],
        [0.3333, 0.3333, 0.3333],
        [0.3334, 0.3333, 0.3333],
        [0.3333, 0.3333, 0.3333],
        [0.3333, 0.3333, 0.3333],
        [0.3334, 0.3335, 0.3331],
        [0.3311, 0.3342, 0.3348],
        [0.3333, 0.3317, 0.3350],
        [0.3333, 0.3333, 0.3334],
        [0.3335, 0.3332, 0.3333],
        [0.3305, 0.3350, 0.3345],
        [0.3331, 0.3334, 0.3335],
        [0.3333, 0.3333, 0.3333],
        [0.3332, 0.3334, 0.3334],
        [0.3293, 0.3353, 0.3353],
        [0.3333, 0.3333, 0.3333],
        [0.3332, 0.3334, 0.3334],
        [0.3314, 0.3332, 0.3354],
        [0.3333, 0.3333, 0.3334],
        [0.3334, 0.3333, 0.3333],
        [0.3214, 0.3390, 0.3396],
        [0.3324, 0.3330, 0.3345],
        [0.3333, 0.3333, 0.3333],
        [0.3334, 0.3333, 0.3333],
        [0.3333, 0.3333, 0.3333],
        [0.3333, 0.3333, 0.3333]], device='cuda:1')
fea_node_to_hop attention:tensor([[0.2019, 0.1992, 0.1998, 0.1996, 0.1996],
        [0.2000, 0.2000, 0.2000, 0.2000, 0.2000],
        [0.2000, 0.2000, 0.2000, 0.2000, 0.2000],
        [0.2000, 0.2002, 0.2000, 0.2000, 0.1998],
        [0.2000, 0.2000, 0.2000, 0.2000, 0.2000],
        [0.2008, 0.1992, 0.1995, 0.2000, 0.2005],
        [0.1993, 0.2003, 0.2002, 0.2001, 0.2000],
        [0.1999, 0.2003, 0.2000, 0.1999, 0.1999],
        [0.1999, 0.2001, 0.2000, 0.2000, 0.1999],
        [0.2000, 0.2001, 0.2000, 0.2000, 0.1999],
        [0.2004, 0.1999, 0.1999, 0.1999, 0.1999],
        [0.2000, 0.2000, 0.2000, 0.2000, 0.2000],
        [0.1997, 0.2000, 0.2002, 0.2001, 0.1999],
        [0.2000, 0.2000, 0.2000, 0.2000, 0.2000],
        [0.1999, 0.2000, 0.2002, 0.2000, 0.1999],
        [0.1995, 0.2006, 0.2002, 0.2000, 0.1998],
        [0.1997, 0.2002, 0.2002, 0.2000, 0.1999],
        [0.1988, 0.2003, 0.1999, 0.2005, 0.2005],
        [0.1999, 0.2001, 0.2000, 0.2000, 0.1999],
        [0.2007, 0.1975, 0.1994, 0.2008, 0.2016],
        [0.2002, 0.2000, 0.2000, 0.2000, 0.1999],
        [0.2000, 0.2000, 0.2000, 0.2000, 0.2000],
        [0.1958, 0.1991, 0.2018, 0.2017, 0.2016],
        [0.2000, 0.2000, 0.2000, 0.2000, 0.2000],
        [0.2001, 0.2001, 0.2000, 0.2000, 0.1999],
        [0.2000, 0.2000, 0.2000, 0.2000, 0.2000],
        [0.2006, 0.1999, 0.1998, 0.1998, 0.1999],
        [0.1980, 0.2007, 0.2006, 0.2004, 0.2003],
        [0.2000, 0.2000, 0.2000, 0.2000, 0.2000],
        [0.1988, 0.2003, 0.2005, 0.2003, 0.2001],
        [0.2020, 0.1991, 0.1999, 0.1996, 0.1994],
        [0.2000, 0.2000, 0.2000, 0.2000, 0.2000],
        [0.1966, 0.2060, 0.1997, 0.1994, 0.1983],
        [0.1938, 0.2030, 0.2022, 0.2011, 0.1999],
        [0.2013, 0.2008, 0.1994, 0.1993, 0.1992],
        [0.1999, 0.2001, 0.2000, 0.2000, 0.2000],
        [0.2000, 0.2000, 0.2000, 0.2000, 0.2000],
        [0.1988, 0.2008, 0.2003, 0.2001, 0.2000],
        [0.2007, 0.1986, 0.2005, 0.2001, 0.2000],
        [0.1959, 0.2036, 0.2020, 0.2001, 0.1984],
        [0.2000, 0.2000, 0.2000, 0.2000, 0.2000],
        [0.2003, 0.1972, 0.2002, 0.2010, 0.2013],
        [0.2000, 0.2000, 0.2000, 0.2000, 0.2000],
        [0.2000, 0.2000, 0.2000, 0.2000, 0.2000],
        [0.1997, 0.2003, 0.2002, 0.2000, 0.1998],
        [0.1986, 0.2009, 0.2004, 0.2002, 0.2000],
        [0.1997, 0.2001, 0.2003, 0.2000, 0.1999],
        [0.1995, 0.2003, 0.2001, 0.2001, 0.2000],
        [0.1951, 0.2014, 0.2010, 0.2012, 0.2012],
        [0.2006, 0.1999, 0.1998, 0.1998, 0.1998],
        [0.1999, 0.2004, 0.2002, 0.1999, 0.1995],
        [0.1952, 0.1999, 0.2015, 0.2016, 0.2018],
        [0.2000, 0.2000, 0.2000, 0.2000, 0.2000],
        [0.1998, 0.2001, 0.2001, 0.2000, 0.2000],
        [0.2000, 0.2000, 0.2000, 0.2000, 0.2000],
        [0.2000, 0.2000, 0.2000, 0.2000, 0.2000],
        [0.1994, 0.2003, 0.2002, 0.2002, 0.2000],
        [0.1980, 0.2005, 0.2007, 0.2005, 0.2002],
        [0.1964, 0.2012, 0.2012, 0.2007, 0.2004],
        [0.1997, 0.2005, 0.2001, 0.2000, 0.1998],
        [0.2000, 0.2000, 0.2000, 0.2000, 0.2000],
        [0.2000, 0.2000, 0.2000, 0.2000, 0.2000],
        [0.1996, 0.2011, 0.2000, 0.1998, 0.1995],
        [0.1990, 0.1998, 0.2004, 0.2004, 0.2003],
        [0.1997, 0.2002, 0.2001, 0.2000, 0.1999],
        [0.1998, 0.2002, 0.2002, 0.2000, 0.1999],
        [0.1925, 0.2007, 0.2022, 0.2023, 0.2024],
        [0.1998, 0.2001, 0.2001, 0.2000, 0.2000],
        [0.1931, 0.2020, 0.2019, 0.2017, 0.2013],
        [0.1985, 0.2003, 0.2005, 0.2004, 0.2003],
        [0.1971, 0.1997, 0.2007, 0.2011, 0.2014],
        [0.1907, 0.2027, 0.2027, 0.2023, 0.2015],
        [0.1995, 0.2004, 0.2002, 0.2000, 0.1999],
        [0.2000, 0.2000, 0.2000, 0.2000, 0.2000],
        [0.2000, 0.2000, 0.2000, 0.2000, 0.2000],
        [0.2000, 0.2000, 0.2000, 0.2000, 0.2000],
        [0.2000, 0.2000, 0.2000, 0.2000, 0.2000],
        [0.1992, 0.1997, 0.2007, 0.2003, 0.2001],
        [0.1997, 0.2010, 0.2000, 0.1998, 0.1995],
        [0.1997, 0.2003, 0.2002, 0.2000, 0.1999],
        [0.1987, 0.2001, 0.2007, 0.2003, 0.2001],
        [0.2003, 0.1988, 0.2003, 0.2002, 0.2004],
        [0.1998, 0.2003, 0.2001, 0.2000, 0.1999],
        [0.2002, 0.2001, 0.2000, 0.1999, 0.1998],
        [0.1967, 0.2011, 0.2010, 0.2008, 0.2004],
        [0.1998, 0.2001, 0.2001, 0.2000, 0.2000],
        [0.2000, 0.2000, 0.2000, 0.2000, 0.2000],
        [0.1985, 0.2005, 0.2008, 0.2003, 0.1999],
        [0.1973, 0.2005, 0.2009, 0.2007, 0.2005],
        [0.2000, 0.2000, 0.2000, 0.2000, 0.2000],
        [0.1997, 0.2002, 0.2001, 0.2000, 0.1999],
        [0.1975, 0.2006, 0.2010, 0.2006, 0.2003],
        [0.1999, 0.2000, 0.2000, 0.2000, 0.2000],
        [0.2000, 0.2000, 0.2000, 0.2000, 0.2000],
        [0.1947, 0.2016, 0.2012, 0.2013, 0.2012],
        [0.1970, 0.2025, 0.2009, 0.2002, 0.1994],
        [0.1999, 0.2001, 0.2000, 0.2000, 0.2000],
        [0.2000, 0.2000, 0.2000, 0.2000, 0.2000],
        [0.2025, 0.1996, 0.1994, 0.1992, 0.1993],
        [0.1992, 0.2001, 0.2009, 0.2001, 0.1997]], device='cuda:1')
perception attention:tensor([0.3927, 0.6073], device='cuda:1')
Test set results: loss= 0.3070 accuracy= 0.9230 F1_score= 0.9229
