# epoch	loss_train	acc_train	loss_val	acc_val	time	acc_test	f1_test
0001	1.1014	0.2500	0.9824	0.7880	0.0518s	0.9797	0.7960	0.7746
0
0002	0.8515	0.9000	0.7578	0.8840	0.0509s	0.7601	0.8630	0.8612
0
0003	0.5493	0.9833	0.5399	0.9100	0.0505s	0.5516	0.8880	0.8878
0
0004	0.3533	0.9833	0.3859	0.9080	0.0505s	0.4026	0.8920	0.8915
0
0005	0.2112	1.0000	0.2988	0.9040	0.0533s	0.3277	0.8880	0.8880
0
0006	0.1462	0.9833	0.2651	0.9060	0.0689s	0.3001	0.8890	0.8892
0
0007	0.1147	0.9833	0.2542	0.9140	0.0591s	0.2929	0.8970	0.8967
0
0008	0.0993	0.9667	0.2528	0.9200	0.0545s	0.3080	0.8960	0.8962
0
0009	0.0848	0.9500	0.2757	0.9180	0.0814s	0.3255	0.9010	0.9005
0
0010	0.0530	1.0000	0.3038	0.9200	0.0530s	0.3508	0.9040	0.9034
1
0011	0.0698	0.9833	0.2877	0.9280	0.0538s	0.3428	0.8980	0.8976
0
0012	0.0655	0.9833	0.3039	0.9120	0.0516s	0.3907	0.8920	0.8929
0
0013	0.0662	0.9833	0.2978	0.9200	0.0508s	0.3836	0.9000	0.9005
1
0014	0.0727	1.0000	0.3653	0.9240	0.0518s	0.4138	0.9070	0.9064
2
0015	0.0733	0.9833	0.3897	0.9180	0.0512s	0.4164	0.9080	0.9070
3
0016	0.0496	0.9833	0.3524	0.9220	0.0507s	0.3848	0.9110	0.9104
4
0017	0.0563	0.9667	0.3471	0.9240	0.0509s	0.4071	0.9010	0.9011
5
0018	0.0469	1.0000	0.3402	0.9260	0.0518s	0.4223	0.9000	0.9006
6
0019	0.0399	1.0000	0.3170	0.9260	0.0505s	0.4034	0.9060	0.9065
7
0020	0.0428	1.0000	0.3496	0.9240	0.0505s	0.4129	0.9080	0.9076
8
0021	0.0352	1.0000	0.4195	0.9260	0.0506s	0.4614	0.9090	0.9082
9
0022	0.0591	1.0000	0.3810	0.9240	0.0505s	0.4240	0.9110	0.9104
10
0023	0.0565	0.9833	0.3169	0.9220	0.0506s	0.3809	0.9100	0.9100
11
0024	0.0420	1.0000	0.3640	0.9160	0.0506s	0.4412	0.8870	0.8871
12
0025	0.0576	1.0000	0.3476	0.9260	0.0519s	0.4066	0.9060	0.9058
13
0026	0.0556	0.9667	0.3471	0.9260	0.0505s	0.3758	0.9170	0.9164
14
0027	0.0485	1.0000	0.4850	0.9140	0.0506s	0.4867	0.9040	0.9025
15
0028	0.0426	1.0000	0.5847	0.9020	0.0506s	0.5988	0.8850	0.8831
16
0029	0.0691	0.9833	0.4271	0.9200	0.0507s	0.4673	0.9030	0.9024
17
0030	0.0552	1.0000	0.2812	0.9300	0.0505s	0.3590	0.9160	0.9163
18
0031	0.0526	0.9833	0.3431	0.9200	0.0505s	0.4217	0.8930	0.8931
0
0032	0.0586	1.0000	0.3414	0.9220	0.0515s	0.3975	0.8960	0.8956
1
0033	0.0567	1.0000	0.3075	0.9260	0.0504s	0.3437	0.9160	0.9155
2
0034	0.0430	1.0000	0.3336	0.9220	0.0504s	0.3758	0.9210	0.9205
3
0035	0.0582	0.9833	0.2981	0.9240	0.0506s	0.3678	0.9160	0.9157
4
0036	0.0329	1.0000	0.2686	0.9340	0.0506s	0.3568	0.9230	0.9229
5
0037	0.0315	1.0000	0.2580	0.9360	0.0506s	0.3411	0.9200	0.9200
0
0038	0.0450	1.0000	0.2591	0.9340	0.0505s	0.3241	0.9220	0.9218
0
0039	0.0390	1.0000	0.2775	0.9340	0.0505s	0.3254	0.9220	0.9216
1
0040	0.0433	1.0000	0.2774	0.9320	0.0508s	0.3279	0.9240	0.9236
2
0041	0.0477	1.0000	0.2599	0.9340	0.0504s	0.3209	0.9270	0.9268
3
0042	0.0365	1.0000	0.2498	0.9300	0.0506s	0.3205	0.9260	0.9258
4
0043	0.0404	1.0000	0.2492	0.9300	0.0504s	0.3192	0.9250	0.9248
0
0044	0.0423	1.0000	0.2412	0.9340	0.0506s	0.3080	0.9240	0.9238
0
0045	0.0409	1.0000	0.2423	0.9380	0.0509s	0.3033	0.9210	0.9209
0
0046	0.0348	1.0000	0.2522	0.9320	0.0506s	0.3107	0.9230	0.9228
0
0047	0.0449	0.9667	0.2740	0.9280	0.0507s	0.3181	0.9220	0.9216
1
0048	0.0395	1.0000	0.2559	0.9340	0.0508s	0.3059	0.9200	0.9197
2
0049	0.0400	1.0000	0.2304	0.9400	0.0504s	0.3107	0.9160	0.9161
3
0050	0.0382	1.0000	0.2243	0.9360	0.0506s	0.3084	0.9210	0.9210
0
0051	0.0441	1.0000	0.2950	0.9280	0.0515s	0.3534	0.9150	0.9144
0
0052	0.0562	0.9833	0.2389	0.9400	0.0504s	0.2935	0.9220	0.9218
1
0053	0.0370	1.0000	0.2638	0.9340	0.0505s	0.3361	0.9100	0.9102
0
0054	0.0679	1.0000	0.2441	0.9300	0.0506s	0.3158	0.9250	0.9248
1
0055	0.0420	1.0000	0.3068	0.9220	0.0505s	0.3801	0.9130	0.9124
2
0056	0.0561	1.0000	0.2440	0.9320	0.0507s	0.3144	0.9240	0.9238
3
0057	0.0405	1.0000	0.2347	0.9400	0.0516s	0.2940	0.9250	0.9250
4
0058	0.0410	1.0000	0.2518	0.9400	0.0505s	0.2983	0.9210	0.9209
0
0059	0.0474	0.9833	0.2723	0.9320	0.0505s	0.3096	0.9230	0.9226
0
0060	0.0454	1.0000	0.2837	0.9260	0.0511s	0.3445	0.9190	0.9186
1
0061	0.0378	1.0000	0.2492	0.9320	0.0507s	0.3384	0.9240	0.9238
2
0062	0.0478	0.9833	0.2299	0.9380	0.0506s	0.3024	0.9250	0.9249
3
0063	0.0434	1.0000	0.2880	0.9360	0.0527s	0.3103	0.9270	0.9266
4
0064	0.0459	1.0000	0.2709	0.9340	0.0509s	0.3000	0.9270	0.9267
5
0065	0.0365	1.0000	0.2249	0.9420	0.0504s	0.2992	0.9250	0.9250
6
0066	0.0393	1.0000	0.2378	0.9280	0.0508s	0.3356	0.9220	0.9218
0
0067	0.0361	1.0000	0.2427	0.9340	0.0512s	0.3325	0.9240	0.9238
1
0068	0.0630	0.9833	0.2661	0.9360	0.0506s	0.2963	0.9250	0.9246
2
0069	0.0359	1.0000	0.2980	0.9220	0.0505s	0.3167	0.9110	0.9106
3
0070	0.0606	0.9833	0.2331	0.9380	0.0504s	0.2877	0.9280	0.9279
4
0071	0.0381	1.0000	0.2435	0.9280	0.0507s	0.3462	0.9210	0.9209
5
0072	0.0412	0.9833	0.2482	0.9220	0.0515s	0.3567	0.9210	0.9208
6
0073	0.0346	1.0000	0.2289	0.9380	0.0554s	0.3115	0.9250	0.9248
7
0074	0.0368	1.0000	0.2716	0.9360	0.0518s	0.2992	0.9280	0.9276
8
0075	0.0446	1.0000	0.3194	0.9240	0.0506s	0.3289	0.9180	0.9175
9
0076	0.0465	1.0000	0.2512	0.9380	0.0506s	0.2888	0.9270	0.9268
10
0077	0.0430	1.0000	0.2392	0.9360	0.0506s	0.3274	0.9240	0.9237
11
0078	0.0417	1.0000	0.2686	0.9300	0.0504s	0.3662	0.9200	0.9197
12
0079	0.0481	0.9833	0.2292	0.9400	0.0506s	0.3108	0.9280	0.9278
13
0080	0.0364	1.0000	0.2427	0.9320	0.0503s	0.2855	0.9270	0.9269
14
0081	0.0388	1.0000	0.2788	0.9340	0.0534s	0.3031	0.9280	0.9276
15
0082	0.0438	1.0000	0.2791	0.9300	0.0507s	0.3199	0.9270	0.9265
16
0083	0.0373	1.0000	0.2280	0.9420	0.0508s	0.3077	0.9290	0.9288
17
0084	0.0366	1.0000	0.2234	0.9360	0.0506s	0.3154	0.9230	0.9229
0
0085	0.0314	1.0000	0.2239	0.9420	0.0504s	0.3092	0.9290	0.9288
0
0086	0.0350	1.0000	0.2360	0.9420	0.0506s	0.2963	0.9300	0.9298
0
0087	0.0330	1.0000	0.2609	0.9360	0.0506s	0.2925	0.9300	0.9297
0
0088	0.0372	0.9833	0.2508	0.9380	0.0506s	0.2860	0.9320	0.9318
1
0089	0.0319	1.0000	0.2307	0.9440	0.0506s	0.2943	0.9300	0.9298
2
0090	0.0406	1.0000	0.2329	0.9440	0.0507s	0.3165	0.9290	0.9288
0
0091	0.0391	1.0000	0.2297	0.9320	0.0506s	0.3037	0.9230	0.9230
0
0092	0.0476	1.0000	0.2448	0.9400	0.0507s	0.2883	0.9330	0.9329
1
0093	0.0374	1.0000	0.3021	0.9280	0.0523s	0.3242	0.9240	0.9233
2
0094	0.0393	1.0000	0.2587	0.9440	0.0508s	0.2968	0.9310	0.9308
3
0095	0.0382	1.0000	0.2205	0.9440	0.0505s	0.2955	0.9260	0.9259
0
0096	0.0443	0.9833	0.2266	0.9460	0.0511s	0.3031	0.9300	0.9298
0
0097	0.0260	1.0000	0.2411	0.9400	0.0506s	0.3082	0.9290	0.9288
0
0098	0.0299	1.0000	0.2409	0.9420	0.0506s	0.2885	0.9310	0.9309
1
0099	0.0353	1.0000	0.2274	0.9420	0.0505s	0.2891	0.9270	0.9269
2
0100	0.0350	1.0000	0.2446	0.9400	0.0506s	0.3237	0.9270	0.9268
3
0101	0.0311	1.0000	0.2401	0.9420	0.0805s	0.3198	0.9280	0.9278
4
0102	0.0330	1.0000	0.2335	0.9420	0.0639s	0.2924	0.9280	0.9279
5
0103	0.0316	1.0000	0.2419	0.9420	0.0751s	0.2921	0.9290	0.9289
6
0104	0.0303	1.0000	0.2486	0.9420	0.0624s	0.3026	0.9270	0.9268
7
0105	0.0325	1.0000	0.2340	0.9440	0.0601s	0.3046	0.9280	0.9279
8
0106	0.0313	0.9833	0.2254	0.9440	0.0600s	0.3038	0.9270	0.9269
9
0107	0.0440	0.9833	0.2776	0.9360	0.0598s	0.3340	0.9240	0.9237
10
0108	0.0391	1.0000	0.2459	0.9420	0.0598s	0.3027	0.9270	0.9268
11
0109	0.0242	1.0000	0.2285	0.9400	0.0599s	0.2967	0.9290	0.9290
12
0110	0.0377	1.0000	0.2557	0.9420	0.0600s	0.3342	0.9270	0.9268
13
0111	0.0310	1.0000	0.2752	0.9380	0.0596s	0.3334	0.9250	0.9247
14
0112	0.0339	1.0000	0.2345	0.9440	0.0601s	0.2935	0.9290	0.9290
15
0113	0.0334	1.0000	0.2268	0.9440	0.0595s	0.2989	0.9290	0.9290
16
0114	0.0340	1.0000	0.3006	0.9340	0.0585s	0.3733	0.9210	0.9206
17
0115	0.0459	1.0000	0.2351	0.9460	0.0544s	0.3111	0.9300	0.9299
18
0116	0.0302	1.0000	0.2597	0.9280	0.0519s	0.3409	0.9110	0.9112
0
0117	0.0530	1.0000	0.2782	0.9340	0.0509s	0.3344	0.9280	0.9277
1
0118	0.0308	1.0000	0.3429	0.9240	0.0513s	0.4056	0.9130	0.9122
2
0119	0.0465	1.0000	0.2249	0.9460	0.0508s	0.3191	0.9280	0.9279
3
0120	0.0336	1.0000	0.2338	0.9420	0.0523s	0.3231	0.9230	0.9230
0
0121	0.0333	1.0000	0.2473	0.9420	0.0504s	0.3248	0.9260	0.9258
1
0122	0.0304	1.0000	0.2937	0.9300	0.0506s	0.3652	0.9250	0.9247
2
0123	0.0474	0.9833	0.2335	0.9440	0.0505s	0.3207	0.9270	0.9269
3
0124	0.0288	1.0000	0.2414	0.9400	0.0504s	0.3357	0.9210	0.9211
4
0125	0.0300	1.0000	0.2388	0.9420	0.0504s	0.3294	0.9290	0.9289
5
0126	0.0244	1.0000	0.2987	0.9320	0.0506s	0.3774	0.9240	0.9237
6
0127	0.0280	1.0000	0.3115	0.9320	0.0507s	0.3812	0.9210	0.9205
7
0128	0.0393	1.0000	0.2503	0.9400	0.0509s	0.3283	0.9190	0.9190
8
0129	0.0271	1.0000	0.2730	0.9320	0.0505s	0.3675	0.9080	0.9083
9
0130	0.0612	1.0000	0.2912	0.9380	0.0506s	0.3650	0.9230	0.9225
10
0131	0.0325	1.0000	0.4498	0.9040	0.0515s	0.5063	0.8990	0.8966
11
0132	0.0951	0.9667	0.2571	0.9400	0.0508s	0.3322	0.9150	0.9150
12
0133	0.0356	1.0000	0.3963	0.8960	0.0509s	0.5224	0.8600	0.8602
13
0134	0.0862	0.9833	0.2675	0.9360	0.0505s	0.3348	0.9270	0.9268
14
0135	0.0269	1.0000	0.4090	0.9100	0.0506s	0.4655	0.9090	0.9074
15
0136	0.0536	1.0000	0.4268	0.9100	0.0506s	0.5087	0.9040	0.9032
16
0137	0.0548	1.0000	0.2673	0.9440	0.0508s	0.3771	0.9210	0.9208
17
0138	0.0444	1.0000	0.3209	0.9220	0.0505s	0.4125	0.8930	0.8933
18
0139	0.0477	1.0000	0.3927	0.9020	0.0504s	0.4893	0.8740	0.8724
19
0140	0.0606	1.0000	0.2661	0.9360	0.0506s	0.3387	0.9220	0.9219
20
0141	0.0311	1.0000	0.3169	0.9300	0.0514s	0.4113	0.9150	0.9146
21
0142	0.0278	1.0000	0.4446	0.9080	0.0507s	0.5412	0.8970	0.8964
22
0143	0.0500	1.0000	0.3657	0.9180	0.0505s	0.4454	0.9160	0.9155
23
0144	0.0268	1.0000	0.2996	0.9280	0.0506s	0.3663	0.9190	0.9184
24
0145	0.0260	1.0000	0.2817	0.9300	0.0504s	0.3415	0.9220	0.9217
25
0146	0.0298	1.0000	0.2964	0.9260	0.0504s	0.3628	0.9090	0.9088
26
0147	0.0437	1.0000	0.2608	0.9320	0.0513s	0.3412	0.9160	0.9161
27
0148	0.0311	1.0000	0.2575	0.9380	0.0508s	0.3483	0.9270	0.9268
28
0149	0.0289	1.0000	0.3397	0.9260	0.0504s	0.4087	0.9190	0.9186
29
0150	0.0446	0.9833	0.3565	0.9240	0.0508s	0.4124	0.9190	0.9184
30
0151	0.0240	1.0000	0.3248	0.9280	0.0514s	0.3795	0.9230	0.9225
31
0152	0.0285	1.0000	0.2846	0.9340	0.0505s	0.3475	0.9270	0.9268
32
0153	0.0299	1.0000	0.2538	0.9380	0.0505s	0.3264	0.9260	0.9260
33
0154	0.0276	1.0000	0.2565	0.9340	0.0504s	0.3282	0.9220	0.9220
34
0155	0.0352	1.0000	0.2741	0.9360	0.0506s	0.3260	0.9320	0.9319
35
0156	0.0334	1.0000	0.3191	0.9300	0.0505s	0.3601	0.9230	0.9225
36
0157	0.0321	1.0000	0.3144	0.9280	0.0506s	0.3702	0.9260	0.9256
37
0158	0.0341	1.0000	0.2815	0.9340	0.0506s	0.3679	0.9240	0.9237
38
0159	0.0350	1.0000	0.2578	0.9400	0.0506s	0.3422	0.9260	0.9258
39
0160	0.0278	1.0000	0.2641	0.9360	0.0505s	0.3243	0.9270	0.9269
40
0161	0.0256	1.0000	0.2745	0.9320	0.0504s	0.3260	0.9270	0.9267
41
0162	0.0309	1.0000	0.2718	0.9380	0.0507s	0.3375	0.9250	0.9247
42
0163	0.0233	1.0000	0.2744	0.9340	0.0510s	0.3569	0.9230	0.9227
43
0164	0.0297	1.0000	0.2618	0.9420	0.0508s	0.3421	0.9250	0.9248
44
0165	0.0235	1.0000	0.2647	0.9360	0.0505s	0.3259	0.9260	0.9258
45
0166	0.0286	1.0000	0.2644	0.9360	0.0506s	0.3224	0.9260	0.9258
46
0167	0.0251	1.0000	0.2624	0.9400	0.0508s	0.3328	0.9260	0.9258
47
0168	0.0263	0.9833	0.2711	0.9400	0.0509s	0.3529	0.9230	0.9227
48
0169	0.0375	1.0000	0.2420	0.9400	0.0508s	0.3176	0.9270	0.9269
49
0170	0.0295	1.0000	0.2675	0.9400	0.0508s	0.3251	0.9250	0.9247
50
0171	0.0271	1.0000	0.2808	0.9380	0.0507s	0.3397	0.9250	0.9247
51
0172	0.0249	1.0000	0.2726	0.9400	0.0529s	0.3501	0.9230	0.9227
52
0173	0.0284	1.0000	0.2421	0.9400	0.0509s	0.3263	0.9260	0.9258
53
0174	0.0384	0.9667	0.3190	0.9320	0.0507s	0.3485	0.9230	0.9224
54
0175	0.0369	1.0000	0.2876	0.9380	0.0506s	0.3398	0.9240	0.9237
55
0176	0.0270	1.0000	0.2620	0.9420	0.0507s	0.3580	0.9220	0.9218
56
0177	0.0341	0.9833	0.2587	0.9420	0.0506s	0.3454	0.9230	0.9228
57
0178	0.0314	1.0000	0.2863	0.9360	0.0508s	0.3259	0.9280	0.9277
58
0179	0.0281	1.0000	0.3215	0.9320	0.0507s	0.3467	0.9210	0.9203
59
0180	0.0306	1.0000	0.2691	0.9400	0.0507s	0.3267	0.9250	0.9248
60
0181	0.0338	1.0000	0.2602	0.9420	0.0507s	0.3384	0.9230	0.9228
61
0182	0.0317	1.0000	0.2565	0.9420	0.0504s	0.3332	0.9230	0.9228
62
0183	0.0316	0.9833	0.3058	0.9340	0.0528s	0.3477	0.9250	0.9245
63
0184	0.0423	1.0000	0.2666	0.9360	0.0516s	0.3117	0.9250	0.9248
64
0185	0.0364	1.0000	0.2455	0.9400	0.0506s	0.3312	0.9250	0.9248
65
0186	0.0344	1.0000	0.2624	0.9400	0.0506s	0.3662	0.9200	0.9197
66
0187	0.0308	1.0000	0.2483	0.9400	0.0507s	0.3320	0.9240	0.9238
67
0188	0.0273	1.0000	0.2559	0.9380	0.0512s	0.3147	0.9260	0.9258
68
0189	0.0255	1.0000	0.2769	0.9360	0.0506s	0.3337	0.9270	0.9267
69
0190	0.0294	1.0000	0.2581	0.9400	0.0505s	0.3450	0.9210	0.9207
70
0191	0.0250	1.0000	0.2565	0.9440	0.0506s	0.3675	0.9220	0.9217
71
0192	0.0354	1.0000	0.2292	0.9420	0.0506s	0.3289	0.9230	0.9229
72
0193	0.0351	1.0000	0.2560	0.9360	0.0505s	0.3221	0.9250	0.9247
73
0194	0.0248	1.0000	0.3268	0.9360	0.0503s	0.3793	0.9190	0.9183
74
0195	0.0423	1.0000	0.2492	0.9400	0.0507s	0.3356	0.9240	0.9238
75
0196	0.0256	1.0000	0.2282	0.9440	0.0508s	0.3320	0.9230	0.9229
76
0197	0.0401	1.0000	0.2709	0.9400	0.0506s	0.3460	0.9230	0.9226
77
0198	0.0290	1.0000	0.3080	0.9380	0.0508s	0.3671	0.9210	0.9204
78
0199	0.0294	1.0000	0.2532	0.9380	0.0507s	0.3284	0.9250	0.9247
79
0200	0.0266	1.0000	0.2347	0.9400	0.0856s	0.3273	0.9240	0.9239
80
0201	0.0266	1.0000	0.2508	0.9400	0.0642s	0.3420	0.9260	0.9258
81
0202	0.0244	1.0000	0.2843	0.9360	0.0599s	0.3619	0.9220	0.9216
82
0203	0.0245	1.0000	0.2649	0.9380	0.0597s	0.3349	0.9250	0.9247
83
0204	0.0227	1.0000	0.2436	0.9420	0.0598s	0.3211	0.9260	0.9258
84
0205	0.0250	1.0000	0.2643	0.9420	0.0597s	0.3528	0.9230	0.9227
85
0206	0.0245	1.0000	0.2814	0.9380	0.0601s	0.3708	0.9210	0.9207
86
0207	0.0273	1.0000	0.2523	0.9400	0.0599s	0.3303	0.9250	0.9248
87
0208	0.0254	1.0000	0.2598	0.9380	0.0598s	0.3180	0.9270	0.9268
88
0209	0.0239	1.0000	0.2727	0.9340	0.0593s	0.3299	0.9250	0.9247
89
0210	0.0239	1.0000	0.2750	0.9400	0.0599s	0.3602	0.9220	0.9217
90
0211	0.0256	1.0000	0.2529	0.9400	0.0600s	0.3390	0.9230	0.9227
91
0212	0.0254	1.0000	0.2655	0.9380	0.0587s	0.3245	0.9260	0.9257
92
0213	0.0235	1.0000	0.2805	0.9360	0.0545s	0.3310	0.9250	0.9246
93
0214	0.0340	1.0000	0.2467	0.9400	0.0522s	0.3332	0.9240	0.9237
94
0215	0.0306	1.0000	0.2691	0.9420	0.0509s	0.3539	0.9230	0.9227
95
0216	0.0290	1.0000	0.2505	0.9360	0.0504s	0.3158	0.9300	0.9298
96
0217	0.0271	1.0000	0.2669	0.9340	0.0505s	0.3187	0.9270	0.9267
97
0218	0.0318	1.0000	0.3179	0.9340	0.0507s	0.3824	0.9210	0.9206
98
0219	0.0371	0.9833	0.2380	0.9400	0.0505s	0.3271	0.9300	0.9299
99
0220	0.0316	1.0000	0.2579	0.9400	0.0507s	0.3324	0.9240	0.9237
100
0221	0.0234	1.0000	0.3144	0.9400	0.0506s	0.3669	0.9240	0.9236
101
0222	0.0415	1.0000	0.2464	0.9400	0.0507s	0.3204	0.9300	0.9298
102
0223	0.0224	1.0000	0.2374	0.9420	0.0507s	0.3340	0.9270	0.9268
103
0224	0.0279	1.0000	0.3094	0.9320	0.0507s	0.3986	0.9180	0.9176
104
0225	0.0371	0.9833	0.2727	0.9360	0.0506s	0.3400	0.9230	0.9227
105
0226	0.0258	1.0000	0.2630	0.9360	0.0506s	0.3332	0.9230	0.9228
106
0227	0.0304	1.0000	0.2606	0.9380	0.0507s	0.3572	0.9240	0.9237
107
0228	0.0257	1.0000	0.2757	0.9380	0.0505s	0.3871	0.9230	0.9227
108
0229	0.0270	1.0000	0.2669	0.9380	0.0507s	0.3619	0.9230	0.9227
109
0230	0.0256	1.0000	0.2895	0.9400	0.0506s	0.3496	0.9240	0.9237
110
0231	0.0286	1.0000	0.2834	0.9360	0.0505s	0.3486	0.9250	0.9247
111
0232	0.0301	1.0000	0.2737	0.9380	0.0508s	0.3734	0.9240	0.9237
112
0233	0.0227	1.0000	0.2892	0.9340	0.0506s	0.3969	0.9230	0.9227
113
0234	0.0344	1.0000	0.2766	0.9380	0.0504s	0.3491	0.9240	0.9237
114
0235	0.0289	1.0000	0.2948	0.9360	0.0506s	0.3489	0.9240	0.9237
115
0236	0.0265	1.0000	0.2755	0.9380	0.0505s	0.3525	0.9240	0.9237
116
0237	0.0199	1.0000	0.3006	0.9360	0.0506s	0.3988	0.9230	0.9227
117
0238	0.0331	1.0000	0.2679	0.9380	0.0508s	0.3520	0.9240	0.9238
118
0239	0.0211	1.0000	0.2638	0.9420	0.0507s	0.3337	0.9270	0.9268
119
0240	0.0258	1.0000	0.2760	0.9380	0.0505s	0.3475	0.9240	0.9237
120
0241	0.0203	1.0000	0.2847	0.9380	0.0505s	0.3771	0.9240	0.9237
121
0242	0.0255	1.0000	0.2526	0.9440	0.0509s	0.3585	0.9260	0.9257
122
0243	0.0267	1.0000	0.2635	0.9400	0.0512s	0.3455	0.9240	0.9237
123
0244	0.0232	1.0000	0.2845	0.9400	0.0506s	0.3520	0.9250	0.9247
124
0245	0.0232	1.0000	0.2561	0.9400	0.0507s	0.3442	0.9260	0.9258
125
0246	0.0265	1.0000	0.2593	0.9400	0.0510s	0.3504	0.9260	0.9257
126
0247	0.0203	1.0000	0.2486	0.9400	0.0510s	0.3362	0.9250	0.9248
127
0248	0.0237	1.0000	0.2639	0.9400	0.0506s	0.3438	0.9260	0.9257
128
0249	0.0225	1.0000	0.2413	0.9400	0.0506s	0.3239	0.9270	0.9268
129
0250	0.0245	1.0000	0.2588	0.9400	0.0509s	0.3394	0.9250	0.9247
130
0251	0.0231	1.0000	0.2662	0.9400	0.0506s	0.3507	0.9250	0.9247
131
0252	0.0232	1.0000	0.2370	0.9400	0.0506s	0.3194	0.9270	0.9268
132
0253	0.0243	1.0000	0.2708	0.9360	0.0507s	0.3353	0.9240	0.9237
133
0254	0.0240	1.0000	0.2428	0.9400	0.0511s	0.3185	0.9270	0.9268
134
0255	0.0242	1.0000	0.2600	0.9400	0.0507s	0.3451	0.9250	0.9247
135
0256	0.0248	1.0000	0.2780	0.9380	0.0506s	0.3464	0.9250	0.9247
136
0257	0.0309	0.9833	0.2575	0.9300	0.0506s	0.3192	0.9220	0.9219
137
0258	0.0360	1.0000	0.2803	0.9360	0.0511s	0.3572	0.9240	0.9237
138
0259	0.0309	1.0000	0.2427	0.9380	0.0506s	0.3211	0.9280	0.9278
139
0260	0.0266	1.0000	0.2842	0.9360	0.0508s	0.3495	0.9250	0.9247
140
0261	0.0234	1.0000	0.2701	0.9400	0.0506s	0.3424	0.9240	0.9237
141
0262	0.0226	1.0000	0.2496	0.9400	0.0514s	0.3386	0.9250	0.9248
142
0263	0.0215	1.0000	0.2849	0.9360	0.0506s	0.3566	0.9250	0.9247
143
0264	0.0258	1.0000	0.2791	0.9380	0.0511s	0.3496	0.9260	0.9257
144
0265	0.0255	1.0000	0.2655	0.9360	0.0506s	0.3356	0.9240	0.9237
145
0266	0.0237	1.0000	0.2592	0.9400	0.0510s	0.3459	0.9240	0.9238
146
0267	0.0218	1.0000	0.2798	0.9340	0.0506s	0.3651	0.9250	0.9247
147
0268	0.0248	1.0000	0.2679	0.9400	0.0504s	0.3445	0.9260	0.9257
148
0269	0.0241	1.0000	0.2670	0.9380	0.0506s	0.3315	0.9230	0.9227
149
0270	0.0294	0.9833	0.3036	0.9360	0.0509s	0.3757	0.9250	0.9247
150
0271	0.0323	1.0000	0.2507	0.9380	0.0504s	0.3231	0.9280	0.9278
151
0272	0.0359	0.9833	0.2922	0.9400	0.0507s	0.3638	0.9260	0.9257
152
0273	0.0299	1.0000	0.2458	0.9360	0.0507s	0.3285	0.9260	0.9258
153
0274	0.0259	1.0000	0.2730	0.9420	0.0509s	0.3388	0.9240	0.9237
154
0275	0.0238	1.0000	0.2845	0.9380	0.0506s	0.3639	0.9250	0.9247
155
0276	0.0269	1.0000	0.2430	0.9360	0.0503s	0.3403	0.9260	0.9258
156
0277	0.0337	1.0000	0.3220	0.9400	0.0506s	0.3797	0.9270	0.9267
157
0278	0.0297	1.0000	0.2881	0.9380	0.0510s	0.3568	0.9250	0.9247
158
0279	0.0254	0.9833	0.2503	0.9380	0.0507s	0.3542	0.9240	0.9238
159
0280	0.0276	1.0000	0.2700	0.9360	0.0506s	0.3645	0.9240	0.9237
160
0281	0.0240	1.0000	0.3344	0.9380	0.0506s	0.3862	0.9260	0.9255
161
0282	0.0354	0.9833	0.2687	0.9380	0.0511s	0.3372	0.9270	0.9268
162
0283	0.0290	1.0000	0.2691	0.9400	0.0508s	0.3781	0.9230	0.9228
163
0284	0.0293	1.0000	0.2865	0.9360	0.0506s	0.3754	0.9240	0.9237
164
0285	0.0196	1.0000	0.2988	0.9380	0.0507s	0.3557	0.9250	0.9247
165
0286	0.0224	1.0000	0.2810	0.9420	0.0506s	0.3455	0.9240	0.9237
166
0287	0.0227	1.0000	0.2875	0.9380	0.0506s	0.3667	0.9250	0.9247
167
0288	0.0279	1.0000	0.2552	0.9400	0.0506s	0.3433	0.9260	0.9258
168
0289	0.0276	1.0000	0.2754	0.9420	0.0509s	0.3415	0.9250	0.9247
169
0290	0.0276	1.0000	0.3130	0.9360	0.0507s	0.3813	0.9250	0.9246
170
0291	0.0300	1.0000	0.2527	0.9440	0.0508s	0.3329	0.9260	0.9259
171
0292	0.0340	1.0000	0.2947	0.9380	0.0505s	0.3681	0.9250	0.9246
172
0293	0.0179	1.0000	0.3524	0.9360	0.0505s	0.4145	0.9230	0.9225
173
0294	0.0340	1.0000	0.2699	0.9400	0.0511s	0.3522	0.9140	0.9140
174
0295	0.0457	1.0000	0.2634	0.9420	0.0507s	0.3441	0.9260	0.9257
175
0296	0.0243	1.0000	0.3635	0.9360	0.0507s	0.4429	0.9190	0.9184
176
0297	0.0313	1.0000	0.3142	0.9360	0.0509s	0.3980	0.9240	0.9236
177
0298	0.0265	1.0000	0.2649	0.9420	0.0517s	0.3672	0.9160	0.9161
178
0299	0.0347	1.0000	0.2618	0.9420	0.0515s	0.3558	0.9250	0.9248
179
0300	0.0298	1.0000	0.4057	0.9240	0.0513s	0.4934	0.9170	0.9163
180
0301	0.0384	1.0000	0.3072	0.9360	0.0513s	0.4018	0.9240	0.9236
181
0302	0.0223	1.0000	0.2643	0.9400	0.0512s	0.3666	0.9220	0.9218
182
0303	0.0246	1.0000	0.2591	0.9440	0.0508s	0.3712	0.9220	0.9219
183
0304	0.0245	1.0000	0.2841	0.9360	0.0507s	0.3958	0.9240	0.9237
184
0305	0.0177	1.0000	0.3432	0.9380	0.0504s	0.4467	0.9190	0.9185
185
0306	0.0283	1.0000	0.2947	0.9360	0.0509s	0.3997	0.9250	0.9247
186
0307	0.0237	1.0000	0.2652	0.9360	0.0506s	0.3741	0.9250	0.9248
187
0308	0.0226	1.0000	0.2712	0.9400	0.0510s	0.3781	0.9240	0.9237
188
0309	0.0251	1.0000	0.3052	0.9360	0.0512s	0.4114	0.9230	0.9226
189
0310	0.0196	1.0000	0.3152	0.9360	0.0507s	0.4192	0.9230	0.9226
190
0311	0.0213	1.0000	0.2810	0.9380	0.0507s	0.3813	0.9260	0.9257
191
0312	0.0203	1.0000	0.2623	0.9360	0.0506s	0.3708	0.9260	0.9258
192
0313	0.0211	1.0000	0.2880	0.9380	0.0513s	0.3898	0.9240	0.9237
193
0314	0.0204	1.0000	0.2958	0.9400	0.0515s	0.3908	0.9230	0.9226
194
0315	0.0218	1.0000	0.2753	0.9400	0.0507s	0.3795	0.9260	0.9257
195
0316	0.0234	1.0000	0.2897	0.9420	0.0505s	0.3819	0.9240	0.9237
196
0317	0.0275	1.0000	0.2774	0.9420	0.0513s	0.3722	0.9260	0.9257
197
0318	0.0212	1.0000	0.2659	0.9360	0.0507s	0.3648	0.9250	0.9247
198
0319	0.0272	1.0000	0.2840	0.9400	0.0505s	0.3550	0.9270	0.9267
199
Early stop! Min loss:0.22050398588180542,  Max accuracy:0.9460000000000001
Early stop model validation loss:0.22050398588180542,  accuracy:0.9440000000000001
Optimization Finished!
Total time elapsed: 16.7927s
test max acc:0.9330
Loading 94th epoch
stru_node_to_hop attention:tensor([[0.3308, 0.3347, 0.3346],
        [0.3333, 0.3333, 0.3333],
        [0.3333, 0.3333, 0.3334],
        [0.3325, 0.3338, 0.3338],
        [0.3333, 0.3333, 0.3333],
        [0.3312, 0.3348, 0.3339],
        [0.3333, 0.3334, 0.3333],
        [0.3334, 0.3333, 0.3333],
        [0.3332, 0.3334, 0.3334],
        [0.3325, 0.3337, 0.3338],
        [0.3328, 0.3335, 0.3337],
        [0.3333, 0.3333, 0.3333],
        [0.3335, 0.3333, 0.3332],
        [0.3333, 0.3333, 0.3333],
        [0.3332, 0.3336, 0.3332],
        [0.3329, 0.3333, 0.3338],
        [0.3333, 0.3333, 0.3333],
        [0.3283, 0.3360, 0.3356],
        [0.3332, 0.3334, 0.3334],
        [0.3333, 0.3333, 0.3333],
        [0.3338, 0.3330, 0.3332],
        [0.3333, 0.3334, 0.3334],
        [0.3381, 0.3293, 0.3326],
        [0.3334, 0.3333, 0.3333],
        [0.3334, 0.3333, 0.3333],
        [0.3333, 0.3334, 0.3334],
        [0.3332, 0.3334, 0.3334],
        [0.3318, 0.3337, 0.3345],
        [0.3334, 0.3333, 0.3333],
        [0.3336, 0.3325, 0.3339],
        [0.3343, 0.3330, 0.3328],
        [0.3334, 0.3333, 0.3333],
        [0.3267, 0.3362, 0.3371],
        [0.3274, 0.3346, 0.3379],
        [0.3306, 0.3344, 0.3350],
        [0.3328, 0.3336, 0.3336],
        [0.3333, 0.3333, 0.3333],
        [0.3328, 0.3333, 0.3339],
        [0.3315, 0.3340, 0.3345],
        [0.3418, 0.3293, 0.3290],
        [0.3333, 0.3333, 0.3333],
        [0.3293, 0.3355, 0.3352],
        [0.3333, 0.3334, 0.3334],
        [0.3333, 0.3334, 0.3334],
        [0.3336, 0.3334, 0.3331],
        [0.3331, 0.3334, 0.3334],
        [0.3335, 0.3330, 0.3335],
        [0.3348, 0.3325, 0.3327],
        [0.3243, 0.3386, 0.3371],
        [0.3334, 0.3333, 0.3333],
        [0.3330, 0.3334, 0.3336],
        [0.3347, 0.3328, 0.3325],
        [0.3333, 0.3334, 0.3333],
        [0.3339, 0.3330, 0.3330],
        [0.3333, 0.3333, 0.3333],
        [0.3333, 0.3334, 0.3334],
        [0.3265, 0.3362, 0.3373],
        [0.3333, 0.3335, 0.3333],
        [0.3341, 0.3329, 0.3330],
        [0.3333, 0.3334, 0.3334],
        [0.3334, 0.3333, 0.3333],
        [0.3330, 0.3335, 0.3335],
        [0.3333, 0.3333, 0.3333],
        [0.3309, 0.3345, 0.3345],
        [0.3333, 0.3333, 0.3333],
        [0.3333, 0.3334, 0.3334],
        [0.3335, 0.3327, 0.3338],
        [0.3333, 0.3333, 0.3334],
        [0.3330, 0.3328, 0.3342],
        [0.3332, 0.3334, 0.3334],
        [0.3228, 0.3401, 0.3371],
        [0.3388, 0.3312, 0.3299],
        [0.3333, 0.3333, 0.3333],
        [0.3333, 0.3334, 0.3334],
        [0.3333, 0.3334, 0.3333],
        [0.3332, 0.3334, 0.3334],
        [0.3333, 0.3334, 0.3334],
        [0.3333, 0.3333, 0.3333],
        [0.3333, 0.3333, 0.3333],
        [0.3334, 0.3334, 0.3333],
        [0.3290, 0.3352, 0.3358],
        [0.3348, 0.3324, 0.3328],
        [0.3333, 0.3334, 0.3334],
        [0.3334, 0.3333, 0.3333],
        [0.3309, 0.3347, 0.3344],
        [0.3330, 0.3335, 0.3335],
        [0.3333, 0.3333, 0.3333],
        [0.3338, 0.3331, 0.3331],
        [0.3333, 0.3334, 0.3334],
        [0.3334, 0.3333, 0.3333],
        [0.3332, 0.3334, 0.3334],
        [0.3315, 0.3339, 0.3346],
        [0.3333, 0.3333, 0.3334],
        [0.3333, 0.3334, 0.3334],
        [0.3180, 0.3411, 0.3409],
        [0.3332, 0.3332, 0.3336],
        [0.3333, 0.3333, 0.3333],
        [0.3334, 0.3333, 0.3333],
        [0.3333, 0.3333, 0.3333],
        [0.3333, 0.3333, 0.3333]], device='cuda:1')
fea_node_to_hop attention:tensor([[0.1995, 0.2009, 0.2001, 0.1998, 0.1996],
        [0.2000, 0.2000, 0.2000, 0.2000, 0.2000],
        [0.2000, 0.2001, 0.2000, 0.2000, 0.2000],
        [0.1997, 0.2004, 0.2001, 0.2000, 0.1999],
        [0.2000, 0.2000, 0.2000, 0.2000, 0.2000],
        [0.2018, 0.1990, 0.1994, 0.1997, 0.2001],
        [0.1998, 0.2001, 0.2001, 0.2000, 0.1999],
        [0.1998, 0.2001, 0.2001, 0.2000, 0.2000],
        [0.2000, 0.2000, 0.2000, 0.2000, 0.2000],
        [0.1990, 0.2003, 0.2003, 0.2002, 0.2001],
        [0.1994, 0.2004, 0.2002, 0.2001, 0.2000],
        [0.2000, 0.2000, 0.2000, 0.2000, 0.2000],
        [0.2002, 0.2001, 0.2000, 0.1999, 0.1998],
        [0.2000, 0.2000, 0.2000, 0.2000, 0.2000],
        [0.1998, 0.2000, 0.2001, 0.2000, 0.2001],
        [0.1996, 0.1997, 0.2003, 0.2003, 0.2002],
        [0.2000, 0.2000, 0.2000, 0.2000, 0.2000],
        [0.1997, 0.2006, 0.1999, 0.1999, 0.1999],
        [0.2000, 0.2000, 0.2000, 0.2000, 0.2000],
        [0.1975, 0.1991, 0.2008, 0.2012, 0.2015],
        [0.1999, 0.2001, 0.2001, 0.2000, 0.1999],
        [0.2000, 0.2000, 0.2000, 0.2000, 0.2000],
        [0.1935, 0.2024, 0.2018, 0.2015, 0.2008],
        [0.2000, 0.2000, 0.2000, 0.2000, 0.2000],
        [0.2000, 0.2000, 0.2000, 0.2000, 0.2000],
        [0.2000, 0.2000, 0.2000, 0.2000, 0.2000],
        [0.2000, 0.2000, 0.2000, 0.2000, 0.2000],
        [0.1987, 0.2005, 0.2005, 0.2002, 0.2000],
        [0.2001, 0.2000, 0.2000, 0.2000, 0.2000],
        [0.2003, 0.2000, 0.2002, 0.1999, 0.1996],
        [0.1999, 0.1994, 0.2004, 0.2002, 0.2001],
        [0.2000, 0.2000, 0.2000, 0.2000, 0.2000],
        [0.1959, 0.2048, 0.2016, 0.1997, 0.1980],
        [0.1951, 0.2027, 0.2016, 0.2008, 0.1998],
        [0.2002, 0.1999, 0.2000, 0.2000, 0.1999],
        [0.1995, 0.2003, 0.2001, 0.2001, 0.2000],
        [0.2000, 0.2000, 0.2000, 0.2000, 0.2000],
        [0.1979, 0.2008, 0.2007, 0.2005, 0.2002],
        [0.1992, 0.1996, 0.2005, 0.2004, 0.2003],
        [0.1989, 0.2025, 0.2002, 0.1996, 0.1988],
        [0.2000, 0.2001, 0.2000, 0.2000, 0.2000],
        [0.2013, 0.1977, 0.2000, 0.2004, 0.2006],
        [0.2000, 0.2000, 0.2000, 0.2000, 0.2000],
        [0.2000, 0.2000, 0.2000, 0.2000, 0.2000],
        [0.1977, 0.2010, 0.2006, 0.2005, 0.2002],
        [0.1969, 0.2015, 0.2010, 0.2005, 0.2002],
        [0.1998, 0.2002, 0.2001, 0.2000, 0.1999],
        [0.2005, 0.1997, 0.1999, 0.1999, 0.2000],
        [0.1992, 0.2003, 0.2001, 0.2002, 0.2001],
        [0.1996, 0.1999, 0.2002, 0.2001, 0.2000],
        [0.2000, 0.2003, 0.2000, 0.2000, 0.1998],
        [0.1944, 0.2006, 0.2017, 0.2018, 0.2015],
        [0.2000, 0.2000, 0.2000, 0.2000, 0.2000],
        [0.2003, 0.2000, 0.1999, 0.1999, 0.1999],
        [0.2000, 0.2000, 0.2000, 0.2000, 0.2000],
        [0.2000, 0.2000, 0.2000, 0.2000, 0.2000],
        [0.1962, 0.2002, 0.2014, 0.2013, 0.2010],
        [0.2007, 0.1998, 0.1999, 0.1998, 0.1998],
        [0.2005, 0.1999, 0.1999, 0.1999, 0.1998],
        [0.2000, 0.1999, 0.2000, 0.2000, 0.2000],
        [0.2000, 0.2000, 0.2000, 0.2000, 0.2000],
        [0.1996, 0.2002, 0.2001, 0.2000, 0.2000],
        [0.1990, 0.2009, 0.2005, 0.2000, 0.1997],
        [0.1982, 0.2005, 0.2005, 0.2005, 0.2003],
        [0.1996, 0.2002, 0.2002, 0.2000, 0.1999],
        [0.2000, 0.2000, 0.2000, 0.2000, 0.2000],
        [0.2003, 0.1992, 0.2001, 0.2001, 0.2002],
        [0.1998, 0.2000, 0.2001, 0.2000, 0.2000],
        [0.1995, 0.2006, 0.2003, 0.2000, 0.1997],
        [0.2000, 0.2000, 0.2000, 0.2000, 0.2000],
        [0.1999, 0.1999, 0.1997, 0.2001, 0.2003],
        [0.2029, 0.1982, 0.1986, 0.1996, 0.2006],
        [0.1950, 0.2027, 0.2018, 0.2007, 0.1998],
        [0.1999, 0.2000, 0.2000, 0.2000, 0.2000],
        [0.2000, 0.2000, 0.2000, 0.2000, 0.2000],
        [0.2000, 0.2000, 0.2000, 0.2000, 0.2000],
        [0.2000, 0.2000, 0.2000, 0.2000, 0.2000],
        [0.2005, 0.1992, 0.2008, 0.1999, 0.1995],
        [0.1996, 0.2002, 0.2003, 0.2000, 0.1998],
        [0.2000, 0.2000, 0.2000, 0.2000, 0.2000],
        [0.1965, 0.2005, 0.2013, 0.2010, 0.2007],
        [0.2018, 0.1990, 0.2001, 0.1996, 0.1995],
        [0.1999, 0.2001, 0.2001, 0.2000, 0.1999],
        [0.2001, 0.2000, 0.2000, 0.2000, 0.1999],
        [0.1965, 0.2010, 0.2012, 0.2009, 0.2005],
        [0.2001, 0.2000, 0.2000, 0.2000, 0.2000],
        [0.1999, 0.2001, 0.2000, 0.2000, 0.2000],
        [0.1997, 0.1994, 0.2005, 0.2003, 0.2001],
        [0.2000, 0.2000, 0.2000, 0.2000, 0.2000],
        [0.2000, 0.2000, 0.2000, 0.2000, 0.2000],
        [0.2000, 0.2000, 0.2000, 0.2000, 0.2000],
        [0.1989, 0.2007, 0.2002, 0.2002, 0.2000],
        [0.2000, 0.2000, 0.2000, 0.2000, 0.2000],
        [0.2000, 0.2000, 0.2000, 0.2000, 0.2000],
        [0.1911, 0.2005, 0.2030, 0.2028, 0.2026],
        [0.1988, 0.2005, 0.2001, 0.2003, 0.2003],
        [0.1998, 0.2002, 0.2001, 0.2000, 0.1999],
        [0.2002, 0.1999, 0.1999, 0.1999, 0.2000],
        [0.2038, 0.2001, 0.1985, 0.1987, 0.1988],
        [0.1991, 0.2003, 0.2006, 0.2002, 0.1998]], device='cuda:1')
perception attention:tensor([0.3846, 0.6154], device='cuda:1')
Test set results: loss= 0.2955 accuracy= 0.9260 F1_score= 0.9259
