# epoch	loss_train	acc_train	loss_val	acc_val	time	acc_test	f1_test
0001	1.1021	0.3333	0.9908	0.3880	0.0505s	0.9849	0.4180	0.3090
0
0002	0.9018	0.6167	0.7995	0.6740	0.0510s	0.7950	0.6820	0.6714
0
0003	0.6108	0.8333	0.5589	0.8860	0.0507s	0.5689	0.8780	0.8752
0
0004	0.3671	0.9500	0.4043	0.9060	0.0507s	0.4205	0.8850	0.8833
0
0005	0.2558	1.0000	0.3305	0.9060	0.0507s	0.3738	0.8770	0.8771
0
0006	0.1685	0.9833	0.2834	0.9080	0.0506s	0.3330	0.8850	0.8849
0
0007	0.1208	0.9833	0.2584	0.9140	0.0506s	0.2997	0.8950	0.8943
0
0008	0.0999	1.0000	0.2693	0.9120	0.0512s	0.3029	0.9010	0.8996
0
0009	0.0956	0.9833	0.2892	0.9000	0.0507s	0.3175	0.8960	0.8945
1
0010	0.0998	0.9500	0.2671	0.9140	0.0510s	0.3149	0.8990	0.8984
2
0011	0.0811	1.0000	0.2587	0.9100	0.0506s	0.3293	0.8930	0.8933
0
0012	0.0610	1.0000	0.2730	0.9220	0.0507s	0.3516	0.8980	0.8979
1
0013	0.0454	1.0000	0.3246	0.9240	0.0508s	0.4014	0.9020	0.9016
0
0014	0.0720	1.0000	0.2878	0.9220	0.0505s	0.3832	0.8990	0.8990
0
0015	0.0583	1.0000	0.2818	0.9240	0.0507s	0.3793	0.9000	0.9003
1
0016	0.0432	1.0000	0.2897	0.9240	0.0507s	0.3760	0.8990	0.8993
0
0017	0.0562	1.0000	0.3181	0.9200	0.0506s	0.3722	0.9080	0.9076
0
0018	0.0437	1.0000	0.3844	0.9100	0.0506s	0.4062	0.9030	0.9016
1
0019	0.0648	1.0000	0.3690	0.9100	0.0508s	0.3961	0.9050	0.9038
2
0020	0.0599	0.9833	0.3147	0.9240	0.0508s	0.3697	0.9090	0.9087
3
0021	0.0412	1.0000	0.2959	0.9220	0.0506s	0.3739	0.9080	0.9080
0
0022	0.0518	0.9833	0.2956	0.9240	0.0506s	0.3772	0.9100	0.9102
1
0023	0.0503	1.0000	0.2928	0.9240	0.0506s	0.3694	0.9110	0.9111
0
0024	0.0550	1.0000	0.2997	0.9260	0.0508s	0.3551	0.9090	0.9089
0
0025	0.0320	1.0000	0.3201	0.9220	0.0505s	0.3529	0.9120	0.9116
0
0026	0.0534	1.0000	0.3471	0.9200	0.0510s	0.3633	0.9130	0.9123
1
0027	0.0496	0.9833	0.3668	0.9200	0.0507s	0.3775	0.9150	0.9143
2
0028	0.0622	0.9833	0.2917	0.9240	0.0506s	0.3401	0.9170	0.9169
3
0029	0.0358	1.0000	0.2822	0.9300	0.0505s	0.3551	0.9110	0.9113
4
0030	0.0599	0.9833	0.2884	0.9240	0.0505s	0.3359	0.9180	0.9179
0
0031	0.0363	1.0000	0.3421	0.9240	0.0506s	0.3641	0.9190	0.9185
1
0032	0.0411	0.9833	0.3131	0.9220	0.0507s	0.3394	0.9200	0.9196
2
0033	0.0566	1.0000	0.2853	0.9300	0.0507s	0.3485	0.9120	0.9121
3
0034	0.0430	0.9833	0.2749	0.9300	0.0507s	0.3518	0.9130	0.9133
0
0035	0.0565	1.0000	0.2962	0.9280	0.0507s	0.3371	0.9200	0.9196
0
0036	0.0445	1.0000	0.3688	0.9220	0.0507s	0.3884	0.9120	0.9111
1
0037	0.0490	1.0000	0.2729	0.9280	0.0506s	0.3151	0.9230	0.9226
2
0038	0.0510	0.9833	0.2609	0.9280	0.0507s	0.3184	0.9140	0.9140
3
0039	0.0566	1.0000	0.2534	0.9320	0.0562s	0.3048	0.9290	0.9287
4
0040	0.0473	1.0000	0.3289	0.9240	0.0520s	0.3693	0.9150	0.9143
0
0041	0.0385	1.0000	0.3549	0.9240	0.0509s	0.3979	0.9110	0.9101
1
0042	0.0737	0.9667	0.2472	0.9280	0.0506s	0.3127	0.9160	0.9160
2
0043	0.0454	1.0000	0.3279	0.9180	0.0507s	0.4085	0.8890	0.8889
0
0044	0.0657	0.9833	0.2460	0.9400	0.0504s	0.3043	0.9260	0.9258
1
0045	0.0403	1.0000	0.3473	0.9260	0.0506s	0.4071	0.9110	0.9102
0
0046	0.0431	1.0000	0.4329	0.9120	0.0505s	0.4947	0.8990	0.8986
1
0047	0.0731	0.9667	0.2563	0.9340	0.0504s	0.3342	0.9250	0.9247
2
0048	0.0382	1.0000	0.2749	0.9300	0.0506s	0.3474	0.9070	0.9071
3
0049	0.0516	1.0000	0.3056	0.9240	0.0505s	0.3579	0.9030	0.9024
4
0050	0.0522	1.0000	0.2660	0.9380	0.0505s	0.3163	0.9230	0.9227
5
0051	0.0513	1.0000	0.2565	0.9360	0.0506s	0.3442	0.9210	0.9207
6
0052	0.0401	1.0000	0.3072	0.9200	0.0506s	0.4092	0.9080	0.9080
7
0053	0.0542	0.9833	0.3362	0.9260	0.0508s	0.4039	0.9130	0.9127
8
0054	0.0616	1.0000	0.2967	0.9300	0.0509s	0.3373	0.9160	0.9151
9
0055	0.0432	1.0000	0.3051	0.9240	0.0504s	0.3426	0.9090	0.9085
10
0056	0.0614	0.9833	0.2918	0.9240	0.0507s	0.3505	0.9110	0.9109
11
0057	0.0533	1.0000	0.2420	0.9360	0.0511s	0.3077	0.9240	0.9240
12
0058	0.0324	1.0000	0.2722	0.9280	0.0505s	0.3402	0.9210	0.9207
0
0059	0.0475	0.9667	0.3374	0.9220	0.0505s	0.3906	0.9110	0.9106
1
0060	0.0494	0.9833	0.2842	0.9260	0.0508s	0.3450	0.9200	0.9197
2
0061	0.0408	1.0000	0.2360	0.9360	0.0510s	0.3014	0.9290	0.9289
3
0062	0.0402	1.0000	0.2438	0.9340	0.0504s	0.3092	0.9190	0.9190
0
0063	0.0440	1.0000	0.2482	0.9380	0.0508s	0.3022	0.9180	0.9180
1
0064	0.0352	1.0000	0.2497	0.9380	0.0506s	0.2987	0.9290	0.9289
2
0065	0.0468	1.0000	0.2398	0.9380	0.0505s	0.3078	0.9230	0.9228
3
0066	0.0377	1.0000	0.2469	0.9320	0.0510s	0.3191	0.9210	0.9208
4
0067	0.0372	1.0000	0.2381	0.9400	0.0506s	0.3050	0.9260	0.9258
5
0068	0.0326	1.0000	0.2317	0.9360	0.0505s	0.2929	0.9270	0.9269
0
0069	0.0313	1.0000	0.2352	0.9360	0.0510s	0.2950	0.9220	0.9220
0
0070	0.0399	1.0000	0.2408	0.9400	0.0507s	0.2930	0.9300	0.9299
1
0071	0.0391	1.0000	0.2611	0.9360	0.0506s	0.3148	0.9230	0.9228
0
0072	0.0290	1.0000	0.2524	0.9360	0.0506s	0.3206	0.9230	0.9227
1
0073	0.0474	1.0000	0.2173	0.9420	0.0505s	0.2942	0.9290	0.9289
2
0074	0.0331	1.0000	0.2192	0.9380	0.0505s	0.2892	0.9260	0.9259
0
0075	0.0409	1.0000	0.2423	0.9380	0.0507s	0.2908	0.9310	0.9309
1
0076	0.0403	1.0000	0.2410	0.9400	0.0506s	0.2943	0.9300	0.9299
2
0077	0.0389	1.0000	0.2256	0.9400	0.0505s	0.2925	0.9300	0.9299
3
0078	0.0348	1.0000	0.2221	0.9400	0.0505s	0.2929	0.9300	0.9299
4
0079	0.0432	1.0000	0.2370	0.9460	0.0509s	0.2973	0.9300	0.9299
5
0080	0.0379	1.0000	0.2484	0.9360	0.0504s	0.2937	0.9280	0.9278
0
0081	0.0405	1.0000	0.2147	0.9420	0.0505s	0.2846	0.9310	0.9309
1
0082	0.0376	1.0000	0.2155	0.9440	0.0506s	0.2990	0.9280	0.9279
0
0083	0.0308	1.0000	0.2392	0.9440	0.0504s	0.3097	0.9290	0.9288
1
0084	0.0461	1.0000	0.2365	0.9400	0.0546s	0.2865	0.9300	0.9299
2
0085	0.0346	1.0000	0.2243	0.9420	0.0508s	0.2871	0.9260	0.9259
3
0086	0.0427	0.9833	0.2301	0.9460	0.0500s	0.3034	0.9310	0.9309
4
0087	0.0395	1.0000	0.2153	0.9440	0.0501s	0.3018	0.9290	0.9289
0
0088	0.0328	1.0000	0.2134	0.9440	0.0794s	0.2911	0.9310	0.9309
1
0089	0.0343	1.0000	0.2401	0.9400	0.0627s	0.2928	0.9290	0.9288
0
0090	0.0393	1.0000	0.2179	0.9440	0.0845s	0.2866	0.9310	0.9309
1
0091	0.0366	1.0000	0.2219	0.9420	0.0680s	0.3020	0.9290	0.9289
2
0092	0.0282	1.0000	0.2376	0.9420	0.0598s	0.3132	0.9300	0.9298
3
0093	0.0283	1.0000	0.2342	0.9440	0.0599s	0.3011	0.9280	0.9279
4
0094	0.0312	1.0000	0.2282	0.9420	0.0598s	0.2865	0.9300	0.9299
5
0095	0.0333	1.0000	0.2269	0.9420	0.0596s	0.2906	0.9300	0.9298
6
0096	0.0337	1.0000	0.2677	0.9380	0.0595s	0.3304	0.9280	0.9278
7
0097	0.0311	0.9833	0.2285	0.9420	0.0597s	0.3151	0.9290	0.9289
8
0098	0.0339	1.0000	0.2147	0.9460	0.0599s	0.2945	0.9290	0.9290
9
0099	0.0317	1.0000	0.2461	0.9440	0.0597s	0.2968	0.9290	0.9288
0
0100	0.0388	1.0000	0.2618	0.9420	0.0595s	0.3107	0.9280	0.9278
1
0101	0.0371	1.0000	0.2139	0.9440	0.0596s	0.2991	0.9300	0.9300
2
0102	0.0385	1.0000	0.2223	0.9460	0.0596s	0.3096	0.9280	0.9279
3
0103	0.0284	1.0000	0.2750	0.9400	0.0598s	0.3263	0.9270	0.9268
0
0104	0.0416	1.0000	0.2265	0.9420	0.0599s	0.2874	0.9290	0.9289
1
0105	0.0336	1.0000	0.2158	0.9420	0.0577s	0.2934	0.9300	0.9299
2
0106	0.0452	1.0000	0.2859	0.9400	0.0534s	0.3521	0.9250	0.9247
3
0107	0.0526	0.9833	0.2236	0.9440	0.0518s	0.2923	0.9300	0.9299
4
0108	0.0315	1.0000	0.2286	0.9420	0.0506s	0.2980	0.9260	0.9260
5
0109	0.0365	1.0000	0.2663	0.9420	0.0505s	0.3293	0.9280	0.9278
6
0110	0.0339	1.0000	0.2457	0.9400	0.0510s	0.3242	0.9270	0.9268
7
0111	0.0341	1.0000	0.2198	0.9420	0.0517s	0.3081	0.9310	0.9309
8
0112	0.0325	1.0000	0.2494	0.9420	0.0512s	0.3060	0.9300	0.9299
9
0113	0.0337	1.0000	0.2404	0.9420	0.0506s	0.3087	0.9290	0.9289
10
0114	0.0276	1.0000	0.2493	0.9400	0.0505s	0.3306	0.9270	0.9268
11
0115	0.0304	1.0000	0.2527	0.9400	0.0581s	0.3316	0.9270	0.9268
12
0116	0.0362	1.0000	0.2341	0.9420	0.0505s	0.3044	0.9290	0.9289
13
0117	0.0336	1.0000	0.2486	0.9400	0.0518s	0.3061	0.9290	0.9288
14
0118	0.0279	1.0000	0.2450	0.9400	0.0517s	0.3212	0.9290	0.9288
15
0119	0.0279	1.0000	0.2519	0.9400	0.0509s	0.3375	0.9290	0.9289
16
0120	0.0310	0.9833	0.2352	0.9420	0.0506s	0.3015	0.9310	0.9309
17
0121	0.0279	1.0000	0.2443	0.9400	0.0506s	0.2984	0.9310	0.9309
18
0122	0.0302	1.0000	0.2541	0.9380	0.0506s	0.3365	0.9270	0.9268
19
0123	0.0316	1.0000	0.2283	0.9440	0.0504s	0.3219	0.9290	0.9289
20
0124	0.0328	1.0000	0.2400	0.9420	0.0504s	0.2927	0.9290	0.9289
21
0125	0.0321	1.0000	0.2851	0.9380	0.0505s	0.3104	0.9280	0.9278
22
0126	0.0376	0.9833	0.2388	0.9400	0.0506s	0.3166	0.9300	0.9299
23
0127	0.0276	1.0000	0.2315	0.9420	0.0506s	0.3324	0.9290	0.9289
24
0128	0.0374	0.9833	0.2764	0.9380	0.0506s	0.3226	0.9290	0.9288
25
0129	0.0249	1.0000	0.2846	0.9400	0.0510s	0.3074	0.9280	0.9278
26
0130	0.0466	1.0000	0.2267	0.9460	0.0509s	0.3049	0.9290	0.9289
27
0131	0.0377	0.9833	0.3027	0.9280	0.0508s	0.3856	0.9220	0.9217
0
0132	0.0361	1.0000	0.2973	0.9380	0.0505s	0.3570	0.9250	0.9247
1
0133	0.0335	1.0000	0.2614	0.9380	0.0506s	0.3060	0.9260	0.9259
2
0134	0.0309	1.0000	0.2631	0.9400	0.0505s	0.3102	0.9270	0.9269
3
0135	0.0356	1.0000	0.3132	0.9380	0.0505s	0.3711	0.9240	0.9237
4
0136	0.0411	1.0000	0.3059	0.9340	0.0504s	0.3964	0.9220	0.9217
5
0137	0.0388	1.0000	0.2376	0.9440	0.0516s	0.3315	0.9290	0.9290
6
0138	0.0370	0.9833	0.2628	0.9400	0.0506s	0.3147	0.9270	0.9269
7
0139	0.0365	1.0000	0.2873	0.9400	0.0505s	0.3302	0.9250	0.9248
8
0140	0.0354	0.9833	0.2487	0.9420	0.0505s	0.3364	0.9300	0.9299
9
0141	0.0261	1.0000	0.2396	0.9400	0.0506s	0.3483	0.9270	0.9270
10
0142	0.0323	1.0000	0.2701	0.9400	0.0507s	0.3344	0.9260	0.9258
11
0143	0.0282	1.0000	0.3038	0.9380	0.0505s	0.3343	0.9240	0.9236
12
0144	0.0268	1.0000	0.2722	0.9440	0.0506s	0.3123	0.9290	0.9288
13
0145	0.0277	1.0000	0.2372	0.9460	0.0505s	0.3153	0.9300	0.9299
14
0146	0.0244	1.0000	0.2555	0.9440	0.0506s	0.3371	0.9260	0.9258
0
0147	0.0273	1.0000	0.2509	0.9400	0.0506s	0.3167	0.9280	0.9278
1
0148	0.0248	1.0000	0.2588	0.9440	0.0505s	0.3028	0.9290	0.9288
2
0149	0.0312	1.0000	0.2573	0.9420	0.0508s	0.3061	0.9280	0.9278
3
0150	0.0262	1.0000	0.2449	0.9420	0.0505s	0.3228	0.9280	0.9279
4
0151	0.0233	1.0000	0.2582	0.9460	0.0504s	0.3452	0.9250	0.9248
5
0152	0.0280	1.0000	0.2397	0.9440	0.0505s	0.3171	0.9270	0.9269
0
0153	0.0324	1.0000	0.2528	0.9420	0.0504s	0.3042	0.9260	0.9258
1
0154	0.0361	1.0000	0.2709	0.9400	0.0506s	0.3251	0.9280	0.9278
2
0155	0.0274	1.0000	0.2650	0.9440	0.0507s	0.3550	0.9250	0.9248
3
0156	0.0290	1.0000	0.2244	0.9440	0.0506s	0.3232	0.9290	0.9289
4
0157	0.0355	1.0000	0.2657	0.9420	0.0503s	0.3162	0.9260	0.9258
5
0158	0.0281	1.0000	0.2457	0.9420	0.0506s	0.3123	0.9280	0.9278
6
0159	0.0292	1.0000	0.2406	0.9420	0.0507s	0.3371	0.9300	0.9299
7
0160	0.0285	1.0000	0.2366	0.9420	0.0503s	0.3332	0.9310	0.9309
8
0161	0.0319	1.0000	0.2309	0.9440	0.0513s	0.3179	0.9270	0.9269
9
0162	0.0282	1.0000	0.2381	0.9440	0.0543s	0.3085	0.9250	0.9249
10
0163	0.0269	1.0000	0.2512	0.9380	0.0518s	0.3234	0.9280	0.9278
11
0164	0.0262	1.0000	0.2703	0.9380	0.0543s	0.3538	0.9290	0.9288
12
0165	0.0343	1.0000	0.2309	0.9380	0.0510s	0.3441	0.9160	0.9161
13
0166	0.0427	1.0000	0.2850	0.9380	0.0519s	0.3366	0.9270	0.9267
14
0167	0.0287	1.0000	0.3059	0.9360	0.0516s	0.3649	0.9240	0.9237
15
0168	0.0334	0.9833	0.2216	0.9460	0.0510s	0.3207	0.9270	0.9270
16
0169	0.0271	1.0000	0.2272	0.9460	0.0506s	0.3203	0.9270	0.9269
0
0170	0.0254	1.0000	0.3450	0.9380	0.0506s	0.4084	0.9190	0.9185
0
0171	0.0497	1.0000	0.2469	0.9420	0.0507s	0.3230	0.9240	0.9240
1
0172	0.0280	1.0000	0.2580	0.9380	0.0505s	0.3389	0.9200	0.9200
2
0173	0.0419	1.0000	0.3592	0.9360	0.0509s	0.4166	0.9190	0.9183
3
0174	0.0418	1.0000	0.3495	0.9360	0.0508s	0.4149	0.9220	0.9215
4
0175	0.0311	0.9833	0.2521	0.9400	0.0505s	0.3438	0.9270	0.9269
5
0176	0.0213	1.0000	0.2398	0.9400	0.0507s	0.3445	0.9210	0.9210
6
0177	0.0310	1.0000	0.2707	0.9400	0.0506s	0.3558	0.9290	0.9288
7
0178	0.0202	1.0000	0.3397	0.9380	0.0506s	0.4104	0.9210	0.9205
8
0179	0.0381	1.0000	0.2654	0.9400	0.0505s	0.3570	0.9270	0.9268
9
0180	0.0252	1.0000	0.2385	0.9380	0.0514s	0.3509	0.9190	0.9191
10
0181	0.0333	1.0000	0.2488	0.9380	0.0506s	0.3400	0.9280	0.9280
11
0182	0.0288	1.0000	0.3058	0.9340	0.0505s	0.3751	0.9210	0.9205
12
0183	0.0285	0.9833	0.2983	0.9400	0.0505s	0.3865	0.9200	0.9197
13
0184	0.0284	1.0000	0.2573	0.9400	0.0505s	0.3478	0.9240	0.9238
14
0185	0.0272	1.0000	0.2469	0.9400	0.0507s	0.3270	0.9230	0.9230
15
0186	0.0249	0.9833	0.2767	0.9380	0.0506s	0.3286	0.9220	0.9218
16
0187	0.0300	1.0000	0.2838	0.9400	0.0507s	0.3516	0.9210	0.9206
17
0188	0.0244	1.0000	0.2719	0.9400	0.0504s	0.3637	0.9190	0.9187
18
0189	0.0282	1.0000	0.2417	0.9420	0.0503s	0.3297	0.9280	0.9280
19
0190	0.0266	1.0000	0.2634	0.9420	0.0514s	0.3212	0.9260	0.9259
20
0191	0.0278	1.0000	0.2775	0.9400	0.0505s	0.3287	0.9280	0.9277
21
0192	0.0320	1.0000	0.2543	0.9400	0.0504s	0.3408	0.9240	0.9238
22
0193	0.0221	1.0000	0.2639	0.9400	0.0502s	0.3665	0.9210	0.9208
23
0194	0.0302	0.9833	0.2634	0.9420	0.0507s	0.3323	0.9240	0.9238
24
0195	0.0230	1.0000	0.2770	0.9400	0.0507s	0.3294	0.9170	0.9168
25
0196	0.0473	1.0000	0.2745	0.9400	0.0506s	0.3526	0.9230	0.9227
26
0197	0.0278	1.0000	0.2758	0.9360	0.0507s	0.3744	0.9190	0.9187
27
0198	0.0254	1.0000	0.2415	0.9400	0.0504s	0.3416	0.9240	0.9239
28
0199	0.0231	1.0000	0.2449	0.9420	0.0506s	0.3245	0.9280	0.9279
29
0200	0.0271	1.0000	0.3066	0.9360	0.0505s	0.3595	0.9200	0.9195
30
0201	0.0297	1.0000	0.2837	0.9400	0.0504s	0.3617	0.9210	0.9207
31
0202	0.0301	1.0000	0.2438	0.9400	0.0506s	0.3543	0.9200	0.9201
32
0203	0.0612	1.0000	0.3664	0.9280	0.0505s	0.4134	0.9120	0.9109
33
0204	0.0474	1.0000	0.2843	0.9380	0.0505s	0.3401	0.9240	0.9238
34
0205	0.0303	1.0000	0.2423	0.9420	0.0506s	0.3431	0.9230	0.9230
35
0206	0.0297	1.0000	0.2796	0.9320	0.0505s	0.4078	0.9180	0.9179
36
0207	0.0343	1.0000	0.2747	0.9400	0.0506s	0.3796	0.9230	0.9227
37
0208	0.0248	1.0000	0.2745	0.9420	0.0505s	0.3340	0.9260	0.9258
38
0209	0.0262	1.0000	0.2916	0.9380	0.0506s	0.3433	0.9280	0.9278
39
0210	0.0302	0.9833	0.2802	0.9360	0.0505s	0.3524	0.9220	0.9217
40
0211	0.0201	1.0000	0.2828	0.9420	0.0506s	0.3809	0.9220	0.9217
41
0212	0.0220	1.0000	0.2653	0.9380	0.0504s	0.3704	0.9250	0.9248
42
0213	0.0279	1.0000	0.2466	0.9440	0.0506s	0.3326	0.9270	0.9270
43
0214	0.0286	1.0000	0.2674	0.9400	0.0505s	0.3301	0.9280	0.9278
44
0215	0.0317	0.9833	0.3191	0.9400	0.0507s	0.3777	0.9220	0.9216
45
0216	0.0356	1.0000	0.2645	0.9380	0.0506s	0.3364	0.9270	0.9268
46
0217	0.0260	1.0000	0.2409	0.9420	0.0505s	0.3415	0.9260	0.9260
47
0218	0.0274	1.0000	0.2483	0.9360	0.0508s	0.3533	0.9290	0.9289
48
0219	0.0303	1.0000	0.3086	0.9420	0.0506s	0.3897	0.9210	0.9206
49
0220	0.0261	1.0000	0.3124	0.9400	0.0506s	0.3722	0.9220	0.9216
50
0221	0.0249	1.0000	0.2634	0.9380	0.0506s	0.3266	0.9290	0.9289
51
0222	0.0228	1.0000	0.2462	0.9400	0.0506s	0.3303	0.9280	0.9279
52
0223	0.0326	1.0000	0.2861	0.9380	0.0505s	0.3813	0.9200	0.9197
53
0224	0.0254	1.0000	0.3076	0.9380	0.0505s	0.3927	0.9200	0.9197
54
0225	0.0319	1.0000	0.2641	0.9360	0.0507s	0.3302	0.9240	0.9239
55
0226	0.0357	1.0000	0.2602	0.9380	0.0506s	0.3286	0.9280	0.9279
56
0227	0.0223	1.0000	0.2923	0.9360	0.0505s	0.3783	0.9200	0.9197
57
0228	0.0256	1.0000	0.2702	0.9400	0.0506s	0.3680	0.9240	0.9238
58
0229	0.0243	1.0000	0.2459	0.9400	0.0508s	0.3390	0.9280	0.9280
59
0230	0.0316	0.9833	0.3143	0.9420	0.0508s	0.3652	0.9250	0.9246
60
0231	0.0258	1.0000	0.3407	0.9360	0.0506s	0.3873	0.9200	0.9194
61
0232	0.0354	1.0000	0.2427	0.9400	0.0509s	0.3335	0.9290	0.9289
62
0233	0.0422	1.0000	0.2747	0.9400	0.0510s	0.3562	0.9230	0.9227
63
0234	0.0249	1.0000	0.3347	0.9360	0.0507s	0.3892	0.9220	0.9215
64
0235	0.0267	1.0000	0.2828	0.9420	0.0506s	0.3502	0.9230	0.9227
65
0236	0.0268	1.0000	0.2371	0.9440	0.0506s	0.3367	0.9240	0.9240
66
0237	0.0291	1.0000	0.2527	0.9420	0.0506s	0.3324	0.9280	0.9278
67
0238	0.0257	1.0000	0.3302	0.9340	0.0506s	0.3854	0.9200	0.9194
68
0239	0.0305	1.0000	0.2679	0.9420	0.0569s	0.3501	0.9240	0.9238
69
0240	0.0246	1.0000	0.2411	0.9440	0.0502s	0.3403	0.9280	0.9279
70
0241	0.0290	1.0000	0.2562	0.9420	0.0505s	0.3412	0.9260	0.9258
71
0242	0.0219	1.0000	0.2889	0.9420	0.0506s	0.3540	0.9260	0.9257
72
0243	0.0291	1.0000	0.2607	0.9420	0.0516s	0.3357	0.9270	0.9268
73
0244	0.0246	1.0000	0.2506	0.9420	0.0507s	0.3402	0.9280	0.9279
74
0245	0.0219	1.0000	0.2679	0.9420	0.0504s	0.3614	0.9240	0.9238
75
0246	0.0262	1.0000	0.2791	0.9420	0.0497s	0.3449	0.9270	0.9268
76
0247	0.0227	1.0000	0.2781	0.9420	0.0506s	0.3296	0.9270	0.9267
77
0248	0.0267	1.0000	0.2703	0.9440	0.0505s	0.3543	0.9240	0.9238
78
0249	0.0275	1.0000	0.2519	0.9420	0.0507s	0.3426	0.9280	0.9278
79
0250	0.0312	1.0000	0.2858	0.9420	0.0505s	0.3329	0.9280	0.9277
80
0251	0.0264	1.0000	0.2978	0.9400	0.0505s	0.3397	0.9270	0.9267
81
0252	0.0331	1.0000	0.2533	0.9420	0.0507s	0.3450	0.9260	0.9258
82
0253	0.0341	0.9833	0.2408	0.9420	0.0506s	0.3391	0.9250	0.9249
83
0254	0.0294	1.0000	0.2760	0.9440	0.0505s	0.3544	0.9250	0.9248
84
0255	0.0243	1.0000	0.3121	0.9400	0.0505s	0.3492	0.9270	0.9265
85
0256	0.0256	1.0000	0.2727	0.9420	0.0506s	0.3243	0.9290	0.9288
86
0257	0.0198	1.0000	0.2534	0.9420	0.0505s	0.3479	0.9250	0.9248
87
0258	0.0215	1.0000	0.2687	0.9400	0.0505s	0.3634	0.9260	0.9258
88
0259	0.0322	0.9833	0.2692	0.9460	0.0506s	0.3160	0.9270	0.9268
89
0260	0.0311	1.0000	0.2942	0.9400	0.0507s	0.3449	0.9280	0.9276
0
0261	0.0255	1.0000	0.2808	0.9400	0.0504s	0.3791	0.9240	0.9238
1
0262	0.0279	1.0000	0.2437	0.9420	0.0506s	0.3356	0.9250	0.9249
2
0263	0.0245	1.0000	0.2664	0.9440	0.0506s	0.3280	0.9280	0.9278
3
0264	0.0237	1.0000	0.3336	0.9340	0.0506s	0.3858	0.9300	0.9297
4
0265	0.0315	1.0000	0.2558	0.9420	0.0507s	0.3402	0.9260	0.9258
5
0266	0.0290	1.0000	0.2503	0.9420	0.0506s	0.3347	0.9260	0.9259
6
0267	0.0329	1.0000	0.3671	0.9260	0.0506s	0.4196	0.9230	0.9225
7
0268	0.0413	0.9833	0.2754	0.9400	0.0508s	0.3248	0.9250	0.9248
8
0269	0.0238	1.0000	0.2565	0.9440	0.0506s	0.3414	0.9260	0.9260
9
0270	0.0313	1.0000	0.3155	0.9360	0.0506s	0.4033	0.9230	0.9227
10
0271	0.0328	1.0000	0.3053	0.9400	0.0507s	0.3648	0.9280	0.9277
11
0272	0.0230	1.0000	0.2696	0.9380	0.0506s	0.3369	0.9250	0.9249
12
0273	0.0230	1.0000	0.2643	0.9420	0.0504s	0.3529	0.9250	0.9249
13
0274	0.0214	1.0000	0.3061	0.9360	0.0507s	0.4018	0.9210	0.9207
14
0275	0.0311	1.0000	0.2644	0.9420	0.0506s	0.3517	0.9250	0.9249
15
0276	0.0207	1.0000	0.2747	0.9400	0.0506s	0.3418	0.9250	0.9249
16
0277	0.0302	1.0000	0.3119	0.9400	0.0506s	0.3874	0.9250	0.9247
17
0278	0.0231	1.0000	0.3083	0.9340	0.0507s	0.4157	0.9190	0.9187
18
0279	0.0280	1.0000	0.2489	0.9420	0.0506s	0.3628	0.9230	0.9230
19
0280	0.0276	1.0000	0.2607	0.9420	0.0504s	0.3466	0.9230	0.9229
20
0281	0.0286	1.0000	0.3145	0.9420	0.0505s	0.3841	0.9270	0.9268
21
0282	0.0238	1.0000	0.3444	0.9360	0.0504s	0.4227	0.9210	0.9206
22
0283	0.0345	0.9833	0.2537	0.9400	0.0503s	0.3643	0.9250	0.9249
23
0284	0.0264	1.0000	0.2655	0.9440	0.0505s	0.3482	0.9230	0.9229
24
0285	0.0277	1.0000	0.2900	0.9380	0.0506s	0.3595	0.9270	0.9268
25
0286	0.0261	1.0000	0.3138	0.9360	0.0505s	0.4089	0.9210	0.9207
26
0287	0.0290	1.0000	0.2695	0.9400	0.0505s	0.3838	0.9250	0.9249
27
0288	0.0210	1.0000	0.2589	0.9380	0.0505s	0.3612	0.9250	0.9250
28
0289	0.0245	1.0000	0.2838	0.9400	0.0506s	0.3698	0.9240	0.9238
29
0290	0.0262	1.0000	0.2782	0.9400	0.0506s	0.3710	0.9250	0.9248
30
0291	0.0231	1.0000	0.2645	0.9380	0.0506s	0.3717	0.9270	0.9269
31
0292	0.0242	1.0000	0.2802	0.9400	0.0508s	0.3554	0.9250	0.9249
32
0293	0.0259	0.9833	0.2973	0.9400	0.0508s	0.3774	0.9240	0.9238
33
0294	0.0215	1.0000	0.2756	0.9380	0.0506s	0.3755	0.9260	0.9259
34
0295	0.0257	1.0000	0.2605	0.9380	0.0505s	0.3555	0.9240	0.9240
35
0296	0.0267	1.0000	0.2937	0.9420	0.0508s	0.3560	0.9240	0.9239
36
0297	0.0261	1.0000	0.3235	0.9440	0.0527s	0.3875	0.9240	0.9237
37
0298	0.0361	1.0000	0.2681	0.9420	0.0508s	0.3392	0.9260	0.9259
38
0299	0.0307	1.0000	0.2718	0.9400	0.0506s	0.3571	0.9260	0.9259
39
0300	0.0264	1.0000	0.3128	0.9400	0.0505s	0.3750	0.9230	0.9227
40
0301	0.0317	0.9833	0.2678	0.9420	0.0504s	0.3394	0.9260	0.9260
41
0302	0.0240	1.0000	0.2630	0.9380	0.0505s	0.3582	0.9260	0.9259
42
0303	0.0232	1.0000	0.2897	0.9360	0.0507s	0.3864	0.9240	0.9238
43
0304	0.0351	1.0000	0.2968	0.9460	0.0506s	0.3387	0.9220	0.9219
44
0305	0.0324	1.0000	0.2724	0.9400	0.0507s	0.3416	0.9270	0.9269
0
0306	0.0272	1.0000	0.3140	0.9300	0.0505s	0.4500	0.9120	0.9120
1
0307	0.0386	1.0000	0.2727	0.9400	0.0506s	0.3629	0.9250	0.9249
2
0308	0.0230	1.0000	0.3007	0.9420	0.0507s	0.3501	0.9170	0.9169
3
0309	0.0416	1.0000	0.3003	0.9340	0.0505s	0.3961	0.9240	0.9238
4
0310	0.0245	1.0000	0.2965	0.9320	0.0504s	0.4239	0.9200	0.9200
5
0311	0.0235	1.0000	0.2720	0.9380	0.0506s	0.3725	0.9230	0.9229
6
0312	0.0252	1.0000	0.3002	0.9400	0.0506s	0.3462	0.9190	0.9189
7
0313	0.0264	1.0000	0.3056	0.9420	0.0505s	0.3495	0.9240	0.9238
8
0314	0.0260	1.0000	0.3006	0.9340	0.0506s	0.3997	0.9210	0.9208
9
0315	0.0301	1.0000	0.2697	0.9420	0.0506s	0.3908	0.9190	0.9190
10
0316	0.0360	0.9833	0.3138	0.9420	0.0505s	0.3559	0.9230	0.9227
11
0317	0.0332	1.0000	0.3097	0.9400	0.0506s	0.3501	0.9180	0.9178
12
0318	0.0353	1.0000	0.2834	0.9380	0.0507s	0.3637	0.9230	0.9228
13
0319	0.0206	1.0000	0.3085	0.9340	0.0505s	0.4211	0.9200	0.9198
14
0320	0.0269	0.9833	0.2709	0.9360	0.0504s	0.3800	0.9220	0.9220
15
0321	0.0238	1.0000	0.2754	0.9400	0.0507s	0.3530	0.9160	0.9159
16
0322	0.0275	1.0000	0.3307	0.9340	0.0507s	0.3773	0.9210	0.9206
17
0323	0.0318	1.0000	0.2945	0.9400	0.0507s	0.3797	0.9240	0.9238
18
0324	0.0272	0.9833	0.2525	0.9420	0.0509s	0.3822	0.9210	0.9210
19
0325	0.0297	1.0000	0.2713	0.9380	0.0507s	0.3796	0.9230	0.9229
20
0326	0.0227	1.0000	0.3157	0.9400	0.0506s	0.3931	0.9230	0.9227
21
0327	0.0251	1.0000	0.2771	0.9420	0.0504s	0.3549	0.9210	0.9209
22
0328	0.0242	1.0000	0.2624	0.9380	0.0506s	0.3609	0.9260	0.9260
23
0329	0.0242	1.0000	0.3080	0.9380	0.0505s	0.4133	0.9190	0.9187
24
0330	0.0265	0.9833	0.2725	0.9380	0.0506s	0.3804	0.9250	0.9249
25
0331	0.0214	1.0000	0.2650	0.9420	0.0507s	0.3523	0.9250	0.9249
26
0332	0.0244	1.0000	0.3127	0.9420	0.0504s	0.3745	0.9260	0.9258
27
0333	0.0301	1.0000	0.3006	0.9380	0.0505s	0.3915	0.9210	0.9208
28
0334	0.0257	1.0000	0.2660	0.9380	0.0507s	0.3931	0.9260	0.9259
29
0335	0.0331	0.9833	0.2943	0.9400	0.0506s	0.3693	0.9240	0.9238
30
0336	0.0223	1.0000	0.3240	0.9380	0.0505s	0.3659	0.9240	0.9237
31
0337	0.0337	0.9833	0.2654	0.9380	0.0507s	0.3552	0.9290	0.9289
32
0338	0.0171	1.0000	0.2743	0.9400	0.0507s	0.4007	0.9250	0.9249
33
0339	0.0360	1.0000	0.2672	0.9380	0.0506s	0.3620	0.9250	0.9249
34
0340	0.0235	1.0000	0.3104	0.9360	0.0506s	0.3559	0.9240	0.9237
35
0341	0.0330	1.0000	0.2623	0.9420	0.0505s	0.3415	0.9250	0.9249
36
0342	0.0242	1.0000	0.2749	0.9380	0.0505s	0.3949	0.9220	0.9218
37
0343	0.0303	1.0000	0.2544	0.9420	0.0507s	0.3638	0.9260	0.9259
38
0344	0.0209	1.0000	0.2872	0.9400	0.0507s	0.3557	0.9250	0.9248
39
0345	0.0195	1.0000	0.3214	0.9360	0.0510s	0.3727	0.9220	0.9216
40
0346	0.0252	1.0000	0.2663	0.9400	0.0507s	0.3530	0.9250	0.9249
41
0347	0.0213	1.0000	0.2557	0.9420	0.0515s	0.3735	0.9260	0.9259
42
0348	0.0303	1.0000	0.2627	0.9400	0.0518s	0.3657	0.9250	0.9248
43
0349	0.0254	1.0000	0.2807	0.9400	0.0516s	0.3524	0.9250	0.9249
44
0350	0.0244	1.0000	0.2744	0.9400	0.0511s	0.3477	0.9240	0.9239
45
0351	0.0235	1.0000	0.2769	0.9400	0.0511s	0.3716	0.9240	0.9238
46
0352	0.0268	1.0000	0.2412	0.9440	0.0521s	0.3539	0.9250	0.9249
47
0353	0.0314	1.0000	0.3267	0.9400	0.0505s	0.3963	0.9220	0.9218
48
0354	0.0312	1.0000	0.2710	0.9420	0.0506s	0.3375	0.9230	0.9229
49
0355	0.0299	1.0000	0.2548	0.9380	0.0504s	0.3544	0.9240	0.9239
50
0356	0.0251	1.0000	0.3201	0.9440	0.0510s	0.4220	0.9220	0.9217
51
0357	0.0348	1.0000	0.2537	0.9440	0.0513s	0.3435	0.9250	0.9249
52
0358	0.0267	1.0000	0.2925	0.9400	0.0921s	0.3541	0.9250	0.9248
53
0359	0.0231	1.0000	0.3246	0.9420	0.0674s	0.3917	0.9240	0.9237
54
0360	0.0255	1.0000	0.2683	0.9400	0.0596s	0.3780	0.9270	0.9269
55
0361	0.0224	1.0000	0.2569	0.9380	0.0594s	0.3660	0.9260	0.9259
56
0362	0.0260	1.0000	0.3310	0.9420	0.0600s	0.3966	0.9250	0.9247
57
0363	0.0327	1.0000	0.2706	0.9460	0.0598s	0.3485	0.9260	0.9259
58
0364	0.0244	1.0000	0.2589	0.9400	0.0596s	0.3610	0.9260	0.9259
0
0365	0.0229	1.0000	0.3348	0.9420	0.0595s	0.4480	0.9220	0.9217
1
0366	0.0335	1.0000	0.2816	0.9400	0.0598s	0.3845	0.9260	0.9259
2
0367	0.0195	1.0000	0.2749	0.9440	0.0593s	0.3631	0.9230	0.9229
3
0368	0.0312	1.0000	0.2959	0.9420	0.0597s	0.3674	0.9260	0.9259
4
0369	0.0236	1.0000	0.3322	0.9420	0.0595s	0.4228	0.9230	0.9228
5
0370	0.0353	1.0000	0.2651	0.9420	0.0596s	0.3875	0.9250	0.9250
6
0371	0.0333	1.0000	0.2777	0.9440	0.0567s	0.3736	0.9260	0.9259
7
0372	0.0294	1.0000	0.4268	0.9300	0.0546s	0.4724	0.9130	0.9119
8
0373	0.0479	1.0000	0.2833	0.9440	0.0518s	0.3726	0.9250	0.9249
9
0374	0.0205	1.0000	0.2763	0.9360	0.0507s	0.3961	0.9180	0.9181
10
0375	0.0515	1.0000	0.4033	0.9340	0.0519s	0.4548	0.9190	0.9182
11
0376	0.0334	1.0000	0.4771	0.9180	0.0507s	0.5301	0.9120	0.9106
12
0377	0.0519	1.0000	0.2883	0.9440	0.0502s	0.3784	0.9240	0.9240
13
0378	0.0280	1.0000	0.3256	0.9260	0.0504s	0.4442	0.8970	0.8975
14
0379	0.0429	0.9833	0.3212	0.9380	0.0506s	0.4021	0.9260	0.9259
15
0380	0.0210	1.0000	0.4615	0.9260	0.0509s	0.5244	0.9150	0.9139
16
0381	0.0336	1.0000	0.4396	0.9280	0.0506s	0.5117	0.9180	0.9170
17
0382	0.0322	1.0000	0.3122	0.9380	0.0507s	0.4061	0.9250	0.9249
18
0383	0.0199	1.0000	0.2972	0.9340	0.0506s	0.4135	0.9140	0.9142
19
0384	0.0267	1.0000	0.2887	0.9380	0.0507s	0.4074	0.9180	0.9181
20
0385	0.0216	1.0000	0.3266	0.9400	0.0504s	0.4309	0.9230	0.9227
21
0386	0.0200	1.0000	0.3881	0.9300	0.0509s	0.4763	0.9200	0.9193
22
0387	0.0235	1.0000	0.3817	0.9300	0.0509s	0.4686	0.9190	0.9182
23
0388	0.0278	1.0000	0.3079	0.9360	0.0506s	0.4027	0.9230	0.9228
24
0389	0.0220	1.0000	0.2913	0.9340	0.0506s	0.4132	0.9160	0.9162
25
0390	0.0411	1.0000	0.2682	0.9380	0.0507s	0.4207	0.9180	0.9181
26
0391	0.0315	0.9833	0.3015	0.9420	0.0506s	0.4397	0.9210	0.9207
27
0392	0.0247	1.0000	0.3990	0.9280	0.0506s	0.4917	0.9170	0.9161
28
0393	0.0245	1.0000	0.4545	0.9180	0.0507s	0.5178	0.9050	0.9027
29
0394	0.0298	1.0000	0.3393	0.9300	0.0508s	0.4286	0.9260	0.9255
30
0395	0.0275	1.0000	0.2571	0.9440	0.0507s	0.4065	0.9140	0.9141
31
0396	0.0267	1.0000	0.2599	0.9420	0.0506s	0.4220	0.9150	0.9151
32
0397	0.0329	1.0000	0.3081	0.9320	0.0505s	0.4209	0.9230	0.9227
33
0398	0.0223	1.0000	0.3973	0.9280	0.0507s	0.4649	0.9110	0.9093
34
0399	0.0327	1.0000	0.3223	0.9320	0.0507s	0.4014	0.9210	0.9204
35
0400	0.0243	1.0000	0.2515	0.9380	0.0504s	0.3744	0.9180	0.9181
36
0401	0.0353	1.0000	0.2468	0.9420	0.0507s	0.3812	0.9170	0.9171
37
0402	0.0317	0.9833	0.2969	0.9380	0.0509s	0.3981	0.9230	0.9227
38
0403	0.0249	1.0000	0.3675	0.9280	0.0507s	0.4285	0.9180	0.9169
39
0404	0.0354	0.9833	0.2964	0.9380	0.0506s	0.3574	0.9210	0.9207
40
0405	0.0331	1.0000	0.2459	0.9400	0.0507s	0.3538	0.9210	0.9211
41
0406	0.0271	1.0000	0.2797	0.9380	0.0507s	0.4145	0.9190	0.9188
42
0407	0.0324	1.0000	0.2818	0.9360	0.0506s	0.3914	0.9230	0.9228
43
0408	0.0261	1.0000	0.3014	0.9380	0.0507s	0.3560	0.9230	0.9226
44
0409	0.0301	1.0000	0.3221	0.9380	0.0505s	0.3715	0.9210	0.9204
45
0410	0.0319	1.0000	0.2783	0.9380	0.0506s	0.3733	0.9270	0.9268
46
0411	0.0292	1.0000	0.2590	0.9480	0.0506s	0.3978	0.9210	0.9210
47
0412	0.0373	1.0000	0.2560	0.9460	0.0507s	0.3732	0.9240	0.9239
0
0413	0.0221	1.0000	0.3042	0.9380	0.0505s	0.3774	0.9260	0.9256
1
0414	0.0291	1.0000	0.3060	0.9420	0.0506s	0.3774	0.9220	0.9215
2
0415	0.0256	1.0000	0.2604	0.9400	0.0506s	0.3573	0.9260	0.9258
3
0416	0.0227	1.0000	0.2562	0.9480	0.0505s	0.3748	0.9250	0.9248
4
0417	0.0192	1.0000	0.2636	0.9480	0.0506s	0.3896	0.9220	0.9219
0
0418	0.0227	1.0000	0.2573	0.9460	0.0512s	0.3735	0.9250	0.9248
0
0419	0.0280	1.0000	0.2776	0.9400	0.0506s	0.3649	0.9270	0.9268
1
0420	0.0222	1.0000	0.3035	0.9440	0.0506s	0.3808	0.9210	0.9206
2
0421	0.0232	1.0000	0.2843	0.9460	0.0507s	0.3852	0.9230	0.9228
3
0422	0.0266	1.0000	0.2422	0.9440	0.0508s	0.3829	0.9220	0.9220
4
0423	0.0304	1.0000	0.2776	0.9480	0.0507s	0.4072	0.9250	0.9249
5
0424	0.0220	1.0000	0.3070	0.9420	0.0506s	0.4021	0.9260	0.9257
0
0425	0.0225	1.0000	0.2824	0.9440	0.0505s	0.3670	0.9260	0.9258
1
0426	0.0309	1.0000	0.2787	0.9460	0.0507s	0.3880	0.9240	0.9238
2
0427	0.0220	1.0000	0.2726	0.9500	0.0506s	0.4061	0.9220	0.9219
3
0428	0.0309	1.0000	0.2864	0.9420	0.0508s	0.3994	0.9240	0.9238
0
0429	0.0207	1.0000	0.2747	0.9440	0.0507s	0.3665	0.9230	0.9228
1
0430	0.0229	1.0000	0.2722	0.9420	0.0506s	0.3663	0.9230	0.9228
2
0431	0.0241	1.0000	0.3105	0.9400	0.0506s	0.4162	0.9230	0.9227
3
0432	0.0227	1.0000	0.2636	0.9500	0.0505s	0.3859	0.9240	0.9239
4
0433	0.0262	1.0000	0.2533	0.9420	0.0531s	0.3499	0.9240	0.9238
0
0434	0.0267	1.0000	0.3088	0.9380	0.0508s	0.3875	0.9210	0.9206
1
0435	0.0326	1.0000	0.2617	0.9420	0.0504s	0.3574	0.9230	0.9228
2
0436	0.0242	1.0000	0.2569	0.9480	0.0505s	0.3801	0.9230	0.9229
3
0437	0.0242	1.0000	0.2605	0.9440	0.0507s	0.3757	0.9230	0.9229
4
0438	0.0219	1.0000	0.2586	0.9420	0.0506s	0.3494	0.9230	0.9228
5
0439	0.0200	1.0000	0.2704	0.9420	0.0506s	0.3502	0.9230	0.9228
6
0440	0.0247	1.0000	0.2798	0.9400	0.0508s	0.3835	0.9230	0.9228
7
0441	0.0265	0.9833	0.2425	0.9460	0.0509s	0.3492	0.9270	0.9269
8
0442	0.0295	1.0000	0.2922	0.9400	0.0507s	0.3807	0.9220	0.9217
9
0443	0.0241	1.0000	0.2728	0.9420	0.0506s	0.3591	0.9210	0.9207
10
0444	0.0200	1.0000	0.2582	0.9420	0.0505s	0.3556	0.9220	0.9218
11
0445	0.0229	1.0000	0.2725	0.9400	0.0506s	0.3735	0.9220	0.9218
12
0446	0.0217	1.0000	0.2898	0.9420	0.0507s	0.3633	0.9210	0.9207
13
0447	0.0222	1.0000	0.2669	0.9420	0.0506s	0.3432	0.9250	0.9248
14
0448	0.0263	1.0000	0.2805	0.9400	0.0507s	0.3721	0.9220	0.9217
15
0449	0.0194	1.0000	0.2687	0.9420	0.0507s	0.3622	0.9220	0.9218
16
0450	0.0207	1.0000	0.2808	0.9420	0.0507s	0.3584	0.9220	0.9218
17
0451	0.0217	1.0000	0.2875	0.9420	0.0505s	0.3681	0.9220	0.9218
18
0452	0.0212	1.0000	0.2608	0.9420	0.0506s	0.3442	0.9250	0.9248
19
0453	0.0297	1.0000	0.3196	0.9380	0.0507s	0.4074	0.9200	0.9197
20
0454	0.0253	1.0000	0.2684	0.9420	0.0506s	0.3561	0.9220	0.9218
21
0455	0.0187	1.0000	0.2589	0.9400	0.0507s	0.3381	0.9260	0.9258
22
0456	0.0270	1.0000	0.3013	0.9400	0.0506s	0.3874	0.9210	0.9207
23
0457	0.0246	1.0000	0.2605	0.9420	0.0507s	0.3608	0.9220	0.9218
24
0458	0.0265	1.0000	0.2664	0.9400	0.0508s	0.3582	0.9160	0.9161
25
0459	0.0337	1.0000	0.3357	0.9380	0.0506s	0.4138	0.9200	0.9196
26
0460	0.0231	1.0000	0.3636	0.9320	0.0506s	0.4526	0.9170	0.9165
27
0461	0.0360	0.9833	0.2853	0.9360	0.0511s	0.3867	0.9110	0.9112
28
0462	0.0389	1.0000	0.2592	0.9420	0.0507s	0.3612	0.9270	0.9270
29
0463	0.0214	1.0000	0.3820	0.9340	0.0506s	0.4762	0.9180	0.9175
30
0464	0.0358	1.0000	0.2882	0.9420	0.0508s	0.3889	0.9230	0.9228
31
0465	0.0297	0.9833	0.2661	0.9420	0.0505s	0.3804	0.9230	0.9230
32
0466	0.0346	1.0000	0.2958	0.9420	0.0507s	0.3886	0.9230	0.9228
33
0467	0.0208	1.0000	0.3470	0.9380	0.0504s	0.4509	0.9180	0.9177
34
0468	0.0256	1.0000	0.3361	0.9380	0.0507s	0.4503	0.9180	0.9177
35
0469	0.0219	1.0000	0.2765	0.9440	0.0506s	0.3968	0.9250	0.9249
36
0470	0.0255	0.9833	0.2641	0.9420	0.0508s	0.3885	0.9250	0.9250
37
0471	0.0244	1.0000	0.2795	0.9440	0.0507s	0.3869	0.9260	0.9259
38
0472	0.0191	1.0000	0.3192	0.9360	0.0507s	0.4255	0.9210	0.9207
39
0473	0.0222	1.0000	0.3129	0.9380	0.0505s	0.4319	0.9210	0.9208
40
0474	0.0289	0.9833	0.2649	0.9420	0.0507s	0.3817	0.9260	0.9260
41
0475	0.0221	1.0000	0.2654	0.9420	0.0505s	0.3802	0.9210	0.9211
42
0476	0.0270	1.0000	0.2837	0.9400	0.0507s	0.3933	0.9240	0.9239
43
0477	0.0190	1.0000	0.3455	0.9380	0.0507s	0.4512	0.9170	0.9166
44
0478	0.0278	1.0000	0.3027	0.9400	0.0506s	0.4073	0.9220	0.9218
45
0479	0.0215	1.0000	0.2622	0.9420	0.0507s	0.3700	0.9220	0.9220
46
0480	0.0248	1.0000	0.2667	0.9420	0.0504s	0.3675	0.9270	0.9270
47
0481	0.0214	1.0000	0.3057	0.9400	0.0505s	0.4083	0.9220	0.9218
48
0482	0.0221	1.0000	0.3065	0.9400	0.0505s	0.4109	0.9210	0.9208
49
0483	0.0249	1.0000	0.2666	0.9420	0.0506s	0.3628	0.9240	0.9240
50
0484	0.0239	1.0000	0.2661	0.9400	0.0507s	0.3663	0.9260	0.9260
51
0485	0.0229	1.0000	0.3183	0.9400	0.0507s	0.4058	0.9230	0.9228
52
0486	0.0234	1.0000	0.3094	0.9380	0.0507s	0.4134	0.9240	0.9238
53
0487	0.0308	0.9833	0.2565	0.9440	0.0507s	0.3744	0.9200	0.9200
54
0488	0.0409	1.0000	0.3368	0.9420	0.0506s	0.3889	0.9220	0.9214
55
0489	0.0310	1.0000	0.3364	0.9380	0.0507s	0.4290	0.9210	0.9207
56
0490	0.0338	1.0000	0.2630	0.9400	0.0508s	0.3994	0.9250	0.9249
57
0491	0.0314	1.0000	0.2668	0.9420	0.0505s	0.3495	0.9210	0.9210
58
0492	0.0290	1.0000	0.3397	0.9340	0.0507s	0.3859	0.9210	0.9204
59
0493	0.0382	1.0000	0.2726	0.9400	0.0506s	0.3802	0.9260	0.9258
60
0494	0.0225	1.0000	0.2648	0.9380	0.0505s	0.4034	0.9250	0.9249
61
0495	0.0331	1.0000	0.2516	0.9440	0.0508s	0.3648	0.9260	0.9259
62
0496	0.0272	1.0000	0.3011	0.9400	0.0508s	0.3811	0.9270	0.9267
63
0497	0.0244	1.0000	0.3058	0.9380	0.0507s	0.3817	0.9260	0.9257
64
0498	0.0233	1.0000	0.2635	0.9400	0.0507s	0.3655	0.9270	0.9269
65
0499	0.0198	1.0000	0.2538	0.9400	0.0507s	0.3759	0.9270	0.9269
66
0500	0.0229	1.0000	0.2712	0.9400	0.0508s	0.3849	0.9260	0.9259
67
0501	0.0202	1.0000	0.2962	0.9380	0.0511s	0.3922	0.9270	0.9267
68
0502	0.0235	1.0000	0.2764	0.9380	0.0507s	0.3564	0.9250	0.9248
69
0503	0.0249	1.0000	0.2622	0.9400	0.0507s	0.3525	0.9240	0.9239
70
0504	0.0301	1.0000	0.3251	0.9400	0.0505s	0.4364	0.9210	0.9207
71
0505	0.0279	1.0000	0.3122	0.9380	0.0505s	0.4142	0.9260	0.9258
72
0506	0.0318	1.0000	0.2826	0.9340	0.0504s	0.3655	0.9170	0.9170
73
0507	0.0387	1.0000	0.2947	0.9400	0.0507s	0.3673	0.9260	0.9259
74
0508	0.0214	1.0000	0.3676	0.9380	0.0506s	0.4555	0.9190	0.9185
75
0509	0.0279	1.0000	0.3057	0.9400	0.0506s	0.4157	0.9260	0.9258
76
0510	0.0261	1.0000	0.2661	0.9420	0.0506s	0.3669	0.9230	0.9230
77
0511	0.0270	1.0000	0.3103	0.9400	0.0507s	0.3728	0.9230	0.9228
78
0512	0.0233	1.0000	0.3686	0.9360	0.0508s	0.4243	0.9210	0.9206
79
0513	0.0243	1.0000	0.3189	0.9380	0.0505s	0.4088	0.9260	0.9258
80
0514	0.0242	1.0000	0.2674	0.9360	0.0507s	0.3889	0.9240	0.9242
81
0515	0.0437	1.0000	0.3214	0.9400	0.0507s	0.3973	0.9260	0.9258
82
0516	0.0241	1.0000	0.3639	0.9360	0.0506s	0.4209	0.9230	0.9225
83
0517	0.0396	1.0000	0.2633	0.9420	0.0506s	0.3661	0.9240	0.9239
84
0518	0.0270	1.0000	0.2567	0.9420	0.0505s	0.3722	0.9260	0.9260
85
0519	0.0418	1.0000	0.4256	0.9340	0.0506s	0.4842	0.9230	0.9220
86
0520	0.0507	0.9833	0.3309	0.9340	0.0525s	0.3871	0.9230	0.9226
87
0521	0.0247	1.0000	0.2589	0.9400	0.0505s	0.3656	0.9240	0.9240
88
0522	0.0304	1.0000	0.2498	0.9420	0.0505s	0.3788	0.9270	0.9269
89
0523	0.0253	1.0000	0.3047	0.9400	0.0505s	0.4124	0.9250	0.9248
90
0524	0.0238	1.0000	0.3443	0.9340	0.0512s	0.4127	0.9240	0.9233
91
0525	0.0263	1.0000	0.3081	0.9360	0.0507s	0.3787	0.9280	0.9277
92
0526	0.0260	1.0000	0.2521	0.9440	0.0505s	0.3734	0.9250	0.9249
93
0527	0.0247	1.0000	0.2555	0.9380	0.0503s	0.3936	0.9220	0.9219
94
0528	0.0272	1.0000	0.2967	0.9360	0.0506s	0.4034	0.9260	0.9258
95
0529	0.0218	1.0000	0.3438	0.9340	0.0507s	0.4165	0.9250	0.9245
96
0530	0.0237	1.0000	0.3225	0.9360	0.0504s	0.3852	0.9290	0.9286
97
0531	0.0236	1.0000	0.2762	0.9420	0.0506s	0.3645	0.9280	0.9279
98
0532	0.0211	1.0000	0.2616	0.9440	0.0507s	0.3840	0.9240	0.9239
99
0533	0.0258	1.0000	0.2870	0.9380	0.0507s	0.4157	0.9220	0.9218
100
0534	0.0301	1.0000	0.2806	0.9420	0.0508s	0.3712	0.9260	0.9259
101
0535	0.0197	1.0000	0.3072	0.9400	0.0504s	0.3672	0.9290	0.9288
102
0536	0.0255	1.0000	0.3270	0.9360	0.0506s	0.3896	0.9320	0.9318
103
0537	0.0265	1.0000	0.2769	0.9420	0.0506s	0.3659	0.9230	0.9229
104
0538	0.0234	1.0000	0.2742	0.9420	0.0505s	0.3757	0.9250	0.9249
105
0539	0.0227	1.0000	0.2830	0.9400	0.0507s	0.3724	0.9250	0.9249
106
0540	0.0199	1.0000	0.3038	0.9380	0.0508s	0.3700	0.9300	0.9298
107
0541	0.0252	1.0000	0.3089	0.9380	0.0507s	0.3724	0.9300	0.9298
108
0542	0.0218	1.0000	0.2666	0.9440	0.0505s	0.3539	0.9260	0.9259
109
0543	0.0268	1.0000	0.2586	0.9440	0.0507s	0.3591	0.9250	0.9249
110
0544	0.0266	0.9833	0.2989	0.9400	0.0510s	0.3972	0.9220	0.9218
111
0545	0.0256	1.0000	0.2938	0.9400	0.0506s	0.3590	0.9260	0.9258
112
0546	0.0281	1.0000	0.2696	0.9420	0.0505s	0.3419	0.9280	0.9279
113
0547	0.0226	1.0000	0.2769	0.9380	0.0508s	0.3726	0.9240	0.9239
114
0548	0.0267	1.0000	0.2696	0.9400	0.0505s	0.3680	0.9230	0.9229
115
0549	0.0287	1.0000	0.3307	0.9340	0.0505s	0.3798	0.9230	0.9226
116
0550	0.0363	1.0000	0.2582	0.9400	0.0537s	0.3586	0.9230	0.9229
117
0551	0.0197	1.0000	0.2464	0.9440	0.0533s	0.3772	0.9210	0.9209
118
0552	0.0278	1.0000	0.2822	0.9400	0.0521s	0.3790	0.9250	0.9248
119
0553	0.0200	1.0000	0.3012	0.9380	0.0525s	0.3608	0.9260	0.9257
120
0554	0.0269	1.0000	0.2481	0.9420	0.0533s	0.3439	0.9230	0.9229
121
0555	0.0256	1.0000	0.2991	0.9380	0.0522s	0.4211	0.9220	0.9218
122
0556	0.0353	1.0000	0.2665	0.9380	0.0512s	0.3588	0.9250	0.9249
123
0557	0.0207	1.0000	0.2817	0.9400	0.0507s	0.3449	0.9290	0.9288
124
0558	0.0254	1.0000	0.2941	0.9400	0.0507s	0.3682	0.9270	0.9268
125
0559	0.0218	1.0000	0.2635	0.9440	0.0508s	0.3714	0.9230	0.9229
126
0560	0.0186	1.0000	0.2469	0.9460	0.0506s	0.3686	0.9250	0.9249
127
0561	0.0311	1.0000	0.3055	0.9400	0.0506s	0.3729	0.9270	0.9268
128
0562	0.0275	1.0000	0.3123	0.9380	0.0506s	0.3642	0.9240	0.9236
129
0563	0.0282	1.0000	0.2589	0.9420	0.0506s	0.3523	0.9250	0.9249
130
0564	0.0219	1.0000	0.2600	0.9420	0.0505s	0.3794	0.9220	0.9219
131
0565	0.0197	1.0000	0.2754	0.9420	0.0508s	0.3916	0.9230	0.9228
132
0566	0.0271	1.0000	0.2782	0.9480	0.0505s	0.3537	0.9230	0.9229
133
0567	0.0240	1.0000	0.3025	0.9400	0.0507s	0.3662	0.9260	0.9257
134
0568	0.0234	1.0000	0.3067	0.9360	0.0507s	0.4160	0.9220	0.9218
135
0569	0.0243	1.0000	0.2588	0.9460	0.0506s	0.3957	0.9230	0.9229
136
0570	0.0230	1.0000	0.2535	0.9460	0.0506s	0.3646	0.9250	0.9249
137
0571	0.0229	1.0000	0.3290	0.9380	0.0506s	0.3934	0.9230	0.9227
138
0572	0.0270	1.0000	0.3101	0.9420	0.0505s	0.3794	0.9240	0.9238
139
0573	0.0232	1.0000	0.2600	0.9440	0.0505s	0.3768	0.9250	0.9249
140
0574	0.0246	1.0000	0.2811	0.9420	0.0508s	0.4061	0.9260	0.9258
141
0575	0.0268	1.0000	0.2700	0.9440	0.0506s	0.3771	0.9250	0.9249
142
0576	0.0200	1.0000	0.2834	0.9420	0.0504s	0.3657	0.9260	0.9259
143
0577	0.0240	1.0000	0.3079	0.9400	0.0505s	0.3770	0.9230	0.9227
144
0578	0.0194	1.0000	0.2859	0.9400	0.0505s	0.3684	0.9260	0.9259
145
0579	0.0267	1.0000	0.2779	0.9400	0.0504s	0.3653	0.9250	0.9249
146
0580	0.0192	1.0000	0.2602	0.9420	0.0507s	0.3518	0.9250	0.9249
147
0581	0.0265	1.0000	0.3019	0.9380	0.0505s	0.3740	0.9240	0.9238
148
0582	0.0242	1.0000	0.2746	0.9400	0.0505s	0.3537	0.9250	0.9249
149
0583	0.0197	1.0000	0.2527	0.9420	0.0506s	0.3475	0.9250	0.9249
150
0584	0.0215	1.0000	0.2812	0.9400	0.0504s	0.3606	0.9250	0.9248
151
0585	0.0213	1.0000	0.2604	0.9420	0.0505s	0.3407	0.9250	0.9249
152
0586	0.0275	1.0000	0.3103	0.9380	0.0505s	0.3825	0.9210	0.9208
153
0587	0.0252	1.0000	0.2534	0.9400	0.0506s	0.3451	0.9250	0.9249
154
0588	0.0217	1.0000	0.2595	0.9420	0.0507s	0.3496	0.9240	0.9239
155
0589	0.0234	1.0000	0.3543	0.9380	0.0506s	0.4149	0.9200	0.9196
156
0590	0.0377	1.0000	0.2563	0.9400	0.0507s	0.3429	0.9240	0.9239
157
0591	0.0266	1.0000	0.2640	0.9440	0.0505s	0.3660	0.9240	0.9239
158
0592	0.0281	1.0000	0.3554	0.9400	0.0505s	0.4120	0.9200	0.9195
159
0593	0.0323	1.0000	0.2784	0.9420	0.0506s	0.3517	0.9260	0.9259
160
0594	0.0211	1.0000	0.2483	0.9420	0.0508s	0.3641	0.9240	0.9240
161
0595	0.0372	1.0000	0.3859	0.9360	0.0506s	0.4559	0.9170	0.9164
162
0596	0.0409	1.0000	0.3128	0.9440	0.0506s	0.3697	0.9260	0.9258
163
0597	0.0313	1.0000	0.2530	0.9420	0.0504s	0.3745	0.9250	0.9250
164
0598	0.0330	0.9833	0.3271	0.9360	0.0508s	0.4496	0.9200	0.9198
165
0599	0.0376	0.9833	0.3369	0.9360	0.0507s	0.4038	0.9230	0.9226
166
0600	0.0221	1.0000	0.3057	0.9400	0.0505s	0.3692	0.9250	0.9248
167
0601	0.0360	1.0000	0.2606	0.9420	0.0506s	0.3933	0.9270	0.9269
168
0602	0.0286	1.0000	0.2943	0.9360	0.0506s	0.4274	0.9250	0.9248
169
0603	0.0280	1.0000	0.2917	0.9400	0.0505s	0.3830	0.9280	0.9279
170
0604	0.0209	1.0000	0.3037	0.9380	0.0504s	0.3683	0.9260	0.9258
171
0605	0.0250	1.0000	0.2904	0.9380	0.0505s	0.3707	0.9270	0.9269
172
0606	0.0198	1.0000	0.2915	0.9420	0.0517s	0.3947	0.9280	0.9278
173
0607	0.0230	1.0000	0.2898	0.9400	0.0507s	0.3985	0.9280	0.9278
174
0608	0.0223	1.0000	0.2651	0.9400	0.0506s	0.3755	0.9270	0.9269
175
0609	0.0235	1.0000	0.2784	0.9380	0.0507s	0.3721	0.9280	0.9279
176
0610	0.0205	1.0000	0.3213	0.9400	0.0507s	0.3944	0.9260	0.9257
177
0611	0.0321	0.9833	0.2827	0.9380	0.0505s	0.3566	0.9220	0.9219
178
0612	0.0259	1.0000	0.2777	0.9400	0.0506s	0.3540	0.9270	0.9269
179
0613	0.0241	1.0000	0.3599	0.9360	0.0506s	0.4404	0.9240	0.9237
180
0614	0.0311	1.0000	0.3322	0.9360	0.0508s	0.4046	0.9260	0.9258
181
0615	0.0228	1.0000	0.2834	0.9440	0.0506s	0.3552	0.9260	0.9259
182
0616	0.0292	0.9833	0.3162	0.9380	0.0507s	0.3647	0.9270	0.9269
183
0617	0.0245	1.0000	0.3402	0.9380	0.0504s	0.3961	0.9270	0.9268
184
0618	0.0249	1.0000	0.3105	0.9340	0.0506s	0.3866	0.9270	0.9268
185
0619	0.0195	1.0000	0.2918	0.9400	0.0506s	0.3762	0.9280	0.9279
186
0620	0.0209	1.0000	0.3054	0.9380	0.0507s	0.3732	0.9270	0.9269
187
0621	0.0233	1.0000	0.3543	0.9380	0.0505s	0.4067	0.9250	0.9247
188
0622	0.0255	1.0000	0.3320	0.9340	0.0505s	0.4086	0.9260	0.9258
189
0623	0.0235	1.0000	0.2743	0.9420	0.0507s	0.3880	0.9260	0.9259
190
0624	0.0246	1.0000	0.2925	0.9320	0.0505s	0.3838	0.9270	0.9269
191
0625	0.0203	1.0000	0.3579	0.9360	0.0506s	0.4100	0.9240	0.9237
192
0626	0.0313	1.0000	0.2755	0.9400	0.0506s	0.3670	0.9270	0.9269
193
0627	0.0220	1.0000	0.2682	0.9380	0.0504s	0.3747	0.9280	0.9279
194
0628	0.0251	1.0000	0.3228	0.9320	0.0506s	0.3954	0.9240	0.9238
195
0629	0.0281	1.0000	0.3181	0.9400	0.0505s	0.3638	0.9200	0.9199
196
0630	0.0343	0.9833	0.2814	0.9360	0.0505s	0.3586	0.9270	0.9269
197
0631	0.0233	1.0000	0.3154	0.9300	0.0508s	0.4404	0.9220	0.9220
198
0632	0.0374	0.9833	0.2638	0.9360	0.0505s	0.3608	0.9290	0.9289
199
Early stop! Min loss:0.21339522302150726,  Max accuracy:0.9500000000000001
Early stop model validation loss:0.21339522302150726,  accuracy:0.9440000000000001
Optimization Finished!
Total time elapsed: 32.7513s
test max acc:0.9320
Loading 87th epoch
stru_node_to_hop attention:tensor([[0.3314, 0.3343, 0.3342],
        [0.3333, 0.3333, 0.3334],
        [0.3332, 0.3333, 0.3335],
        [0.3334, 0.3333, 0.3333],
        [0.3334, 0.3333, 0.3333],
        [0.3304, 0.3352, 0.3344],
        [0.3325, 0.3338, 0.3337],
        [0.3333, 0.3334, 0.3334],
        [0.3331, 0.3334, 0.3335],
        [0.3321, 0.3340, 0.3339],
        [0.3329, 0.3333, 0.3338],
        [0.3333, 0.3333, 0.3333],
        [0.3316, 0.3340, 0.3344],
        [0.3333, 0.3333, 0.3333],
        [0.3330, 0.3334, 0.3336],
        [0.3306, 0.3341, 0.3353],
        [0.3334, 0.3333, 0.3333],
        [0.3289, 0.3361, 0.3351],
        [0.3332, 0.3333, 0.3334],
        [0.3333, 0.3333, 0.3333],
        [0.3332, 0.3334, 0.3334],
        [0.3333, 0.3333, 0.3333],
        [0.3385, 0.3299, 0.3315],
        [0.3333, 0.3333, 0.3333],
        [0.3327, 0.3335, 0.3338],
        [0.3332, 0.3334, 0.3334],
        [0.3332, 0.3334, 0.3334],
        [0.3298, 0.3334, 0.3368],
        [0.3333, 0.3333, 0.3333],
        [0.3321, 0.3334, 0.3345],
        [0.3340, 0.3331, 0.3329],
        [0.3334, 0.3333, 0.3333],
        [0.3246, 0.3370, 0.3384],
        [0.3196, 0.3374, 0.3430],
        [0.3308, 0.3341, 0.3350],
        [0.3348, 0.3326, 0.3326],
        [0.3333, 0.3333, 0.3333],
        [0.3322, 0.3337, 0.3340],
        [0.3320, 0.3338, 0.3342],
        [0.3475, 0.3266, 0.3259],
        [0.3333, 0.3333, 0.3333],
        [0.3282, 0.3362, 0.3356],
        [0.3334, 0.3333, 0.3333],
        [0.3334, 0.3333, 0.3333],
        [0.3314, 0.3350, 0.3336],
        [0.3333, 0.3334, 0.3334],
        [0.3334, 0.3330, 0.3336],
        [0.3319, 0.3342, 0.3340],
        [0.3278, 0.3365, 0.3357],
        [0.3332, 0.3334, 0.3334],
        [0.3316, 0.3340, 0.3344],
        [0.3142, 0.3444, 0.3414],
        [0.3334, 0.3333, 0.3333],
        [0.3335, 0.3332, 0.3333],
        [0.3334, 0.3333, 0.3333],
        [0.3332, 0.3334, 0.3334],
        [0.3305, 0.3341, 0.3354],
        [0.3326, 0.3331, 0.3344],
        [0.3317, 0.3341, 0.3342],
        [0.3333, 0.3333, 0.3333],
        [0.3333, 0.3333, 0.3333],
        [0.3331, 0.3335, 0.3335],
        [0.3335, 0.3332, 0.3332],
        [0.3284, 0.3358, 0.3358],
        [0.3333, 0.3333, 0.3333],
        [0.3332, 0.3334, 0.3334],
        [0.3225, 0.3373, 0.3402],
        [0.3332, 0.3334, 0.3334],
        [0.3284, 0.3365, 0.3351],
        [0.3333, 0.3333, 0.3333],
        [0.3141, 0.3460, 0.3400],
        [0.3374, 0.3309, 0.3317],
        [0.3333, 0.3333, 0.3333],
        [0.3333, 0.3333, 0.3333],
        [0.3334, 0.3333, 0.3333],
        [0.3333, 0.3333, 0.3334],
        [0.3333, 0.3333, 0.3333],
        [0.3333, 0.3333, 0.3333],
        [0.3333, 0.3333, 0.3333],
        [0.3333, 0.3334, 0.3332],
        [0.3334, 0.3332, 0.3333],
        [0.3411, 0.3310, 0.3279],
        [0.3333, 0.3334, 0.3333],
        [0.3329, 0.3335, 0.3336],
        [0.3306, 0.3350, 0.3344],
        [0.3318, 0.3341, 0.3341],
        [0.3334, 0.3333, 0.3333],
        [0.3318, 0.3341, 0.3341],
        [0.3333, 0.3334, 0.3334],
        [0.3333, 0.3333, 0.3333],
        [0.3332, 0.3334, 0.3334],
        [0.3350, 0.3326, 0.3324],
        [0.3333, 0.3333, 0.3334],
        [0.3334, 0.3333, 0.3333],
        [0.3371, 0.3314, 0.3315],
        [0.3344, 0.3330, 0.3326],
        [0.3333, 0.3333, 0.3333],
        [0.3335, 0.3332, 0.3333],
        [0.3333, 0.3333, 0.3333],
        [0.3333, 0.3333, 0.3333]], device='cuda:1')
fea_node_to_hop attention:tensor([[0.2006, 0.1996, 0.2001, 0.1999, 0.1998],
        [0.2000, 0.2000, 0.2000, 0.2000, 0.2000],
        [0.2001, 0.2000, 0.2000, 0.2000, 0.1999],
        [0.1992, 0.2010, 0.2001, 0.2000, 0.1998],
        [0.1999, 0.2001, 0.2000, 0.2000, 0.2000],
        [0.2020, 0.1989, 0.1993, 0.1997, 0.2001],
        [0.1985, 0.2009, 0.2004, 0.2002, 0.2000],
        [0.2001, 0.2000, 0.2000, 0.1999, 0.1999],
        [0.2000, 0.2001, 0.2000, 0.2000, 0.1999],
        [0.1993, 0.2003, 0.2002, 0.2001, 0.2001],
        [0.1995, 0.2004, 0.2002, 0.2000, 0.1999],
        [0.2000, 0.2000, 0.2000, 0.2000, 0.2000],
        [0.1979, 0.2007, 0.2007, 0.2005, 0.2002],
        [0.2000, 0.2000, 0.2000, 0.2000, 0.2000],
        [0.1998, 0.2001, 0.2001, 0.2000, 0.2000],
        [0.1984, 0.2009, 0.2005, 0.2002, 0.2000],
        [0.1999, 0.2002, 0.2001, 0.2000, 0.1999],
        [0.1977, 0.2015, 0.2003, 0.2003, 0.2002],
        [0.2000, 0.2001, 0.2000, 0.2000, 0.2000],
        [0.2038, 0.1983, 0.1988, 0.1994, 0.1996],
        [0.1998, 0.2002, 0.2001, 0.2000, 0.1999],
        [0.2000, 0.2000, 0.2000, 0.2000, 0.2000],
        [0.1973, 0.2004, 0.2008, 0.2008, 0.2007],
        [0.2000, 0.2000, 0.2000, 0.2000, 0.2000],
        [0.2000, 0.2000, 0.2000, 0.2000, 0.1999],
        [0.2000, 0.2000, 0.2000, 0.2000, 0.2000],
        [0.1999, 0.2001, 0.2001, 0.2000, 0.2000],
        [0.1939, 0.2019, 0.2017, 0.2014, 0.2010],
        [0.2000, 0.2000, 0.2000, 0.2000, 0.2000],
        [0.1997, 0.2007, 0.2002, 0.1999, 0.1996],
        [0.2001, 0.2003, 0.2001, 0.1998, 0.1996],
        [0.2000, 0.2000, 0.2000, 0.2000, 0.2000],
        [0.1941, 0.2064, 0.2018, 0.2000, 0.1978],
        [0.1886, 0.2052, 0.2034, 0.2023, 0.2005],
        [0.2004, 0.2003, 0.1998, 0.1998, 0.1997],
        [0.2014, 0.1995, 0.1997, 0.1997, 0.1998],
        [0.2000, 0.2000, 0.2000, 0.2000, 0.2000],
        [0.1984, 0.2001, 0.2008, 0.2004, 0.2002],
        [0.2001, 0.1985, 0.2008, 0.2003, 0.2003],
        [0.1989, 0.2028, 0.2003, 0.1996, 0.1985],
        [0.2000, 0.2000, 0.2000, 0.2000, 0.2000],
        [0.2009, 0.1979, 0.2000, 0.2005, 0.2007],
        [0.2000, 0.2000, 0.2000, 0.2000, 0.2000],
        [0.2000, 0.2001, 0.2000, 0.2000, 0.1999],
        [0.1961, 0.2011, 0.2013, 0.2010, 0.2005],
        [0.2000, 0.2003, 0.2000, 0.1999, 0.1998],
        [0.1994, 0.2002, 0.2003, 0.2001, 0.1999],
        [0.1990, 0.2005, 0.2003, 0.2002, 0.2001],
        [0.1990, 0.1999, 0.2005, 0.2003, 0.2002],
        [0.1998, 0.2003, 0.2001, 0.2000, 0.1999],
        [0.1983, 0.2007, 0.2006, 0.2004, 0.2000],
        [0.1955, 0.2004, 0.2010, 0.2014, 0.2018],
        [0.2000, 0.2000, 0.2000, 0.2000, 0.2000],
        [0.2000, 0.2000, 0.2000, 0.2000, 0.2000],
        [0.2000, 0.2000, 0.2000, 0.2000, 0.2000],
        [0.2000, 0.2000, 0.2000, 0.2000, 0.2000],
        [0.1972, 0.2002, 0.2009, 0.2009, 0.2007],
        [0.1989, 0.2003, 0.2004, 0.2003, 0.2001],
        [0.1996, 0.2003, 0.2002, 0.2000, 0.1999],
        [0.1998, 0.2004, 0.2000, 0.1999, 0.1999],
        [0.2000, 0.2000, 0.2000, 0.2000, 0.2000],
        [0.2000, 0.2001, 0.2000, 0.2000, 0.1999],
        [0.1998, 0.2002, 0.2001, 0.2000, 0.1999],
        [0.1976, 0.2006, 0.2006, 0.2006, 0.2005],
        [0.1997, 0.2001, 0.2001, 0.2001, 0.2000],
        [0.1999, 0.2001, 0.2000, 0.2000, 0.2000],
        [0.1946, 0.2016, 0.2011, 0.2014, 0.2013],
        [0.1999, 0.2000, 0.2002, 0.2000, 0.1999],
        [0.1961, 0.2010, 0.2011, 0.2010, 0.2008],
        [0.2000, 0.2001, 0.2000, 0.2000, 0.2000],
        [0.1960, 0.2016, 0.2001, 0.2010, 0.2013],
        [0.2043, 0.1978, 0.1990, 0.1993, 0.1996],
        [0.1957, 0.2020, 0.2012, 0.2008, 0.2003],
        [0.1999, 0.2001, 0.2000, 0.2000, 0.1999],
        [0.2000, 0.2000, 0.2000, 0.2000, 0.2000],
        [0.2000, 0.2000, 0.2000, 0.2000, 0.2000],
        [0.2000, 0.2000, 0.2000, 0.2000, 0.2000],
        [0.1995, 0.2001, 0.2010, 0.1999, 0.1995],
        [0.1967, 0.2023, 0.2014, 0.2002, 0.1994],
        [0.1999, 0.2001, 0.2001, 0.2000, 0.1999],
        [0.2007, 0.1998, 0.2000, 0.1998, 0.1997],
        [0.2030, 0.1995, 0.1992, 0.1992, 0.1991],
        [0.2000, 0.2000, 0.2000, 0.2000, 0.1999],
        [0.1999, 0.2000, 0.2000, 0.2000, 0.2000],
        [0.1973, 0.2013, 0.2007, 0.2006, 0.2001],
        [0.1993, 0.2000, 0.2003, 0.2002, 0.2001],
        [0.2000, 0.2001, 0.2000, 0.2000, 0.2000],
        [0.2010, 0.1998, 0.1998, 0.1997, 0.1997],
        [0.2000, 0.2000, 0.2000, 0.2000, 0.2000],
        [0.2000, 0.2000, 0.2000, 0.2000, 0.2000],
        [0.1999, 0.2000, 0.2001, 0.2000, 0.2000],
        [0.2008, 0.2005, 0.1997, 0.1996, 0.1995],
        [0.1998, 0.2001, 0.2001, 0.2000, 0.2000],
        [0.2000, 0.2000, 0.2000, 0.2000, 0.2000],
        [0.1989, 0.2017, 0.1998, 0.1998, 0.1998],
        [0.2005, 0.2007, 0.1996, 0.1996, 0.1996],
        [0.1998, 0.2002, 0.2001, 0.2000, 0.1999],
        [0.1996, 0.2003, 0.2000, 0.2000, 0.2000],
        [0.2034, 0.1987, 0.1995, 0.1992, 0.1992],
        [0.2006, 0.1998, 0.2000, 0.1998, 0.1997]], device='cuda:1')
perception attention:tensor([0.3910, 0.6090], device='cuda:1')
Test set results: loss= 0.2911 accuracy= 0.9310 F1_score= 0.9309
