# epoch	loss_train	acc_train	loss_val	acc_val	time	acc_test	f1_test
0001	1.1036	0.3333	1.0003	0.3600	0.0507s	0.9906	0.3860	0.2542
0
0002	0.9054	0.6333	0.8117	0.5980	0.0506s	0.8004	0.6220	0.5942
0
0003	0.6157	0.8833	0.5671	0.8780	0.0507s	0.5710	0.8790	0.8763
0
0004	0.3478	0.9500	0.4126	0.8960	0.0509s	0.4230	0.8950	0.8939
0
0005	0.2476	0.9833	0.3345	0.9020	0.0504s	0.3588	0.8840	0.8837
0
0006	0.1668	1.0000	0.2826	0.9060	0.0507s	0.3177	0.8900	0.8899
0
0007	0.1255	0.9833	0.2673	0.9120	0.0508s	0.2960	0.9030	0.9024
0
0008	0.0902	0.9667	0.2494	0.9160	0.0525s	0.2851	0.8940	0.8940
0
0009	0.0807	1.0000	0.2538	0.9080	0.0506s	0.2987	0.8920	0.8922
0
0010	0.0750	0.9833	0.2577	0.9160	0.0507s	0.3123	0.8960	0.8964
1
0011	0.0667	0.9833	0.2835	0.9220	0.0507s	0.3302	0.9060	0.9056
0
0012	0.0602	1.0000	0.3139	0.9240	0.0507s	0.3611	0.9090	0.9085
0
0013	0.0559	1.0000	0.2967	0.9280	0.0507s	0.3575	0.9050	0.9047
0
0014	0.0707	0.9667	0.2896	0.9140	0.0505s	0.3669	0.9010	0.9015
0
0015	0.0545	1.0000	0.2969	0.9160	0.0507s	0.3691	0.9080	0.9083
1
0016	0.0639	0.9833	0.3153	0.9300	0.0504s	0.3668	0.9120	0.9116
2
0017	0.0403	0.9833	0.3550	0.9260	0.0509s	0.3926	0.9130	0.9125
0
0018	0.0590	1.0000	0.3287	0.9280	0.0506s	0.3743	0.9110	0.9106
1
0019	0.0381	1.0000	0.3084	0.9240	0.0506s	0.3750	0.9080	0.9083
2
0020	0.0501	1.0000	0.3083	0.9280	0.0506s	0.3807	0.9080	0.9084
3
0021	0.0495	1.0000	0.3155	0.9280	0.0506s	0.3726	0.9100	0.9100
4
0022	0.0456	0.9833	0.3559	0.9280	0.0506s	0.3838	0.9150	0.9144
5
0023	0.0470	0.9833	0.3659	0.9200	0.0507s	0.3800	0.9150	0.9141
6
0024	0.0506	1.0000	0.3298	0.9260	0.0506s	0.3593	0.9120	0.9117
7
0025	0.0388	1.0000	0.3376	0.9240	0.0531s	0.3858	0.9050	0.9050
8
0026	0.0549	1.0000	0.2956	0.9260	0.0508s	0.3532	0.9140	0.9142
9
0027	0.0392	0.9833	0.3169	0.9280	0.0508s	0.3706	0.9160	0.9159
10
0028	0.0578	0.9833	0.3238	0.9240	0.0510s	0.3872	0.9110	0.9110
11
0029	0.0441	1.0000	0.3248	0.9300	0.0511s	0.3758	0.9170	0.9170
12
0030	0.0663	1.0000	0.3017	0.9320	0.0506s	0.3309	0.9220	0.9217
0
0031	0.0276	1.0000	0.3219	0.9260	0.0512s	0.3475	0.9130	0.9124
0
0032	0.0506	1.0000	0.3055	0.9320	0.0509s	0.3370	0.9170	0.9166
1
0033	0.0438	1.0000	0.2728	0.9320	0.0506s	0.3165	0.9260	0.9258
0
0034	0.0342	1.0000	0.2858	0.9280	0.0505s	0.3469	0.9210	0.9209
0
0035	0.0366	1.0000	0.3149	0.9260	0.0512s	0.3834	0.9140	0.9141
1
0036	0.0595	0.9500	0.2519	0.9380	0.0510s	0.3269	0.9260	0.9260
2
0037	0.0442	1.0000	0.2507	0.9400	0.0507s	0.3031	0.9250	0.9249
0
0038	0.0498	1.0000	0.3419	0.9180	0.0506s	0.3557	0.9160	0.9150
0
0039	0.0540	1.0000	0.3247	0.9200	0.0513s	0.3446	0.9150	0.9140
1
0040	0.0685	0.9833	0.2382	0.9340	0.0518s	0.3306	0.9070	0.9075
2
0041	0.0478	1.0000	0.2594	0.9280	0.0507s	0.3717	0.9090	0.9096
0
0042	0.0461	1.0000	0.2786	0.9320	0.0525s	0.3638	0.9140	0.9139
1
0043	0.0381	1.0000	0.3383	0.9280	0.0512s	0.3885	0.9150	0.9144
2
0044	0.0654	0.9833	0.2593	0.9400	0.0507s	0.3001	0.9220	0.9216
3
0045	0.0396	1.0000	0.2828	0.9280	0.0507s	0.3318	0.9040	0.9039
0
0046	0.0610	1.0000	0.2568	0.9320	0.0507s	0.2984	0.9240	0.9238
1
0047	0.0394	1.0000	0.2754	0.9320	0.0507s	0.3194	0.9230	0.9226
2
0048	0.0511	0.9667	0.2801	0.9280	0.0507s	0.3373	0.9190	0.9186
3
0049	0.0481	0.9833	0.2487	0.9380	0.0506s	0.3169	0.9250	0.9248
4
0050	0.0342	1.0000	0.2336	0.9440	0.0507s	0.3111	0.9210	0.9209
5
0051	0.0464	1.0000	0.2326	0.9440	0.0507s	0.3001	0.9230	0.9229
0
0052	0.0425	1.0000	0.2529	0.9420	0.0508s	0.3060	0.9220	0.9218
0
0053	0.0429	1.0000	0.2483	0.9400	0.0504s	0.3065	0.9240	0.9238
1
0054	0.0389	0.9833	0.2387	0.9440	0.0506s	0.3063	0.9220	0.9219
2
0055	0.0340	1.0000	0.2378	0.9380	0.0507s	0.3174	0.9240	0.9238
0
0056	0.0433	1.0000	0.2225	0.9420	0.0506s	0.3104	0.9220	0.9219
1
0057	0.0322	1.0000	0.2244	0.9400	0.0505s	0.3039	0.9200	0.9199
0
0058	0.0471	0.9833	0.2802	0.9320	0.0505s	0.3333	0.9180	0.9175
1
0059	0.0337	1.0000	0.2808	0.9320	0.0507s	0.3310	0.9180	0.9175
2
0060	0.0474	1.0000	0.2235	0.9420	0.0505s	0.2977	0.9210	0.9209
3
0061	0.0418	1.0000	0.2258	0.9420	0.0506s	0.2944	0.9220	0.9219
4
0062	0.0485	0.9833	0.2430	0.9420	0.0507s	0.3012	0.9230	0.9228
5
0063	0.0448	1.0000	0.2371	0.9420	0.0504s	0.2986	0.9230	0.9228
6
0064	0.0355	1.0000	0.2243	0.9380	0.0505s	0.2993	0.9220	0.9219
7
0065	0.0358	1.0000	0.2190	0.9380	0.0505s	0.3145	0.9190	0.9189
8
0066	0.0405	1.0000	0.2470	0.9380	0.0510s	0.3198	0.9200	0.9197
0
0067	0.0295	1.0000	0.2710	0.9360	0.0512s	0.3214	0.9200	0.9196
1
0068	0.0391	0.9833	0.2383	0.9400	0.0530s	0.2944	0.9210	0.9210
2
0069	0.0397	1.0000	0.2235	0.9400	0.0506s	0.2970	0.9190	0.9190
3
0070	0.0403	1.0000	0.2643	0.9320	0.0510s	0.3309	0.9190	0.9187
4
0071	0.0294	1.0000	0.2549	0.9360	0.0508s	0.3299	0.9200	0.9197
5
0072	0.0332	1.0000	0.2231	0.9380	0.0523s	0.3080	0.9190	0.9190
6
0073	0.0524	0.9833	0.2580	0.9320	0.0523s	0.3034	0.9220	0.9218
7
0074	0.0295	1.0000	0.2877	0.9280	0.0522s	0.3277	0.9190	0.9185
8
0075	0.0397	1.0000	0.2320	0.9400	0.0524s	0.3165	0.9210	0.9209
9
0076	0.0314	1.0000	0.2285	0.9420	0.0517s	0.3283	0.9210	0.9209
10
0077	0.0401	1.0000	0.2327	0.9400	0.0511s	0.3107	0.9230	0.9229
11
0078	0.0350	1.0000	0.2522	0.9340	0.0512s	0.3012	0.9230	0.9228
12
0079	0.0374	1.0000	0.2564	0.9380	0.0510s	0.3012	0.9230	0.9227
13
0080	0.0446	1.0000	0.2187	0.9480	0.0507s	0.3049	0.9190	0.9189
14
0081	0.0387	0.9833	0.2356	0.9440	0.0505s	0.3413	0.9210	0.9209
0
0082	0.0357	1.0000	0.2401	0.9420	0.0514s	0.3393	0.9210	0.9208
1
0083	0.0446	1.0000	0.2267	0.9400	0.0508s	0.2955	0.9210	0.9210
2
0084	0.0472	1.0000	0.2723	0.9320	0.0508s	0.3113	0.9220	0.9216
3
0085	0.0407	0.9667	0.2479	0.9360	0.0507s	0.3081	0.9230	0.9227
4
0086	0.0323	1.0000	0.2246	0.9400	0.0507s	0.3220	0.9220	0.9219
5
0087	0.0374	0.9833	0.2250	0.9420	0.0507s	0.3280	0.9210	0.9209
6
0088	0.0322	1.0000	0.2453	0.9400	0.0506s	0.3287	0.9230	0.9228
7
0089	0.0365	1.0000	0.2499	0.9360	0.0507s	0.3104	0.9230	0.9227
8
0090	0.0260	1.0000	0.2428	0.9380	0.0502s	0.3010	0.9230	0.9229
9
0091	0.0463	1.0000	0.2293	0.9380	0.0508s	0.3148	0.9220	0.9219
10
0092	0.0319	1.0000	0.2486	0.9380	0.0507s	0.3460	0.9240	0.9238
11
0093	0.0384	1.0000	0.2255	0.9420	0.0506s	0.3218	0.9200	0.9199
12
0094	0.0409	1.0000	0.2556	0.9360	0.0508s	0.3125	0.9220	0.9217
13
0095	0.0380	1.0000	0.2517	0.9360	0.0531s	0.3036	0.9210	0.9208
14
0096	0.0358	1.0000	0.2361	0.9340	0.0501s	0.3073	0.9200	0.9199
15
0097	0.0314	1.0000	0.2827	0.9340	0.0506s	0.3568	0.9200	0.9197
16
0098	0.0433	1.0000	0.2366	0.9360	0.0505s	0.3168	0.9220	0.9219
17
0099	0.0383	1.0000	0.2478	0.9380	0.0507s	0.3085	0.9200	0.9200
18
0100	0.0332	1.0000	0.3021	0.9300	0.0505s	0.3331	0.9190	0.9184
19
0101	0.0455	1.0000	0.2753	0.9360	0.0504s	0.3389	0.9210	0.9207
20
0102	0.0301	1.0000	0.2467	0.9320	0.0507s	0.3522	0.9180	0.9181
21
0103	0.0435	1.0000	0.2472	0.9400	0.0505s	0.3237	0.9240	0.9239
22
0104	0.0286	1.0000	0.3008	0.9340	0.0505s	0.3346	0.9220	0.9214
23
0105	0.0441	1.0000	0.2721	0.9280	0.0505s	0.3253	0.9150	0.9151
24
0106	0.0407	1.0000	0.2429	0.9400	0.0505s	0.3119	0.9220	0.9219
25
0107	0.0276	1.0000	0.2958	0.9300	0.0507s	0.3691	0.9190	0.9187
26
0108	0.0396	1.0000	0.2434	0.9420	0.0507s	0.3181	0.9230	0.9229
27
0109	0.0287	1.0000	0.2533	0.9320	0.0506s	0.3164	0.9190	0.9191
28
0110	0.0372	1.0000	0.2920	0.9360	0.0506s	0.3225	0.9230	0.9226
29
0111	0.0345	1.0000	0.2932	0.9340	0.0506s	0.3316	0.9210	0.9205
30
0112	0.0280	1.0000	0.2428	0.9420	0.0506s	0.3207	0.9240	0.9240
31
0113	0.0294	1.0000	0.2526	0.9360	0.0512s	0.3589	0.9180	0.9181
32
0114	0.0629	1.0000	0.3200	0.9300	0.0507s	0.3753	0.9220	0.9216
33
0115	0.0331	1.0000	0.4339	0.9020	0.0506s	0.4478	0.8980	0.8952
34
0116	0.0705	0.9667	0.2630	0.9340	0.0512s	0.3202	0.9200	0.9200
35
0117	0.0361	1.0000	0.3051	0.9240	0.0510s	0.4135	0.8940	0.8949
36
0118	0.0587	0.9833	0.2835	0.9380	0.0507s	0.3797	0.9190	0.9188
37
0119	0.0263	1.0000	0.4553	0.9080	0.0508s	0.5060	0.8970	0.8953
38
0120	0.0989	0.9833	0.2931	0.9320	0.0506s	0.3482	0.9140	0.9141
39
0121	0.0358	1.0000	0.5056	0.8560	0.0508s	0.6464	0.8220	0.8186
40
0122	0.0953	1.0000	0.2805	0.9300	0.0518s	0.3434	0.9200	0.9198
41
0123	0.0262	1.0000	0.5474	0.8880	0.0505s	0.5884	0.8810	0.8777
42
0124	0.0650	0.9500	0.4637	0.9220	0.0508s	0.5171	0.9050	0.9036
43
0125	0.0449	0.9833	0.2935	0.9380	0.0508s	0.3702	0.9220	0.9219
44
0126	0.0249	1.0000	0.3032	0.9300	0.0508s	0.3877	0.9040	0.9044
45
0127	0.0346	1.0000	0.3539	0.9160	0.0506s	0.4571	0.8920	0.8925
46
0128	0.0524	1.0000	0.3050	0.9300	0.0507s	0.3715	0.9090	0.9091
47
0129	0.0323	1.0000	0.3193	0.9300	0.0505s	0.3763	0.9190	0.9184
48
0130	0.0381	1.0000	0.3466	0.9320	0.0507s	0.4110	0.9180	0.9174
49
0131	0.0306	1.0000	0.3547	0.9280	0.0507s	0.4282	0.9120	0.9116
50
0132	0.0288	1.0000	0.3360	0.9320	0.0504s	0.4175	0.9170	0.9167
51
0133	0.0316	0.9833	0.2976	0.9320	0.0506s	0.3766	0.9230	0.9229
52
0134	0.0256	1.0000	0.2847	0.9320	0.0507s	0.3536	0.9250	0.9249
53
0135	0.0274	1.0000	0.2829	0.9320	0.0509s	0.3510	0.9210	0.9210
54
0136	0.0318	1.0000	0.2778	0.9340	0.0507s	0.3542	0.9160	0.9161
55
0137	0.0344	1.0000	0.2671	0.9340	0.0505s	0.3504	0.9220	0.9221
56
0138	0.0315	1.0000	0.2906	0.9360	0.0507s	0.3646	0.9230	0.9227
57
0139	0.0270	1.0000	0.3350	0.9340	0.0506s	0.4006	0.9170	0.9164
58
0140	0.0376	0.9667	0.2784	0.9340	0.0511s	0.3616	0.9230	0.9228
59
0141	0.0235	1.0000	0.2525	0.9380	0.0505s	0.3469	0.9240	0.9240
60
0142	0.0285	1.0000	0.2518	0.9360	0.0505s	0.3382	0.9230	0.9230
61
0143	0.0342	1.0000	0.2639	0.9360	0.0517s	0.3328	0.9250	0.9249
62
0144	0.0308	1.0000	0.2825	0.9380	0.0511s	0.3450	0.9210	0.9206
63
0145	0.0371	1.0000	0.2573	0.9400	0.0507s	0.3484	0.9240	0.9238
64
0146	0.0308	1.0000	0.2432	0.9400	0.0507s	0.3557	0.9240	0.9239
65
0147	0.0405	1.0000	0.2430	0.9360	0.0505s	0.3282	0.9240	0.9239
66
0148	0.0250	1.0000	0.2599	0.9380	0.0508s	0.3248	0.9210	0.9208
67
0149	0.0283	1.0000	0.2468	0.9380	0.0504s	0.3269	0.9260	0.9259
68
0150	0.0301	1.0000	0.2409	0.9400	0.0506s	0.3487	0.9220	0.9219
69
0151	0.0298	1.0000	0.2374	0.9400	0.0505s	0.3471	0.9230	0.9229
70
0152	0.0318	1.0000	0.2382	0.9360	0.0511s	0.3226	0.9270	0.9270
71
0153	0.0295	1.0000	0.2573	0.9380	0.0506s	0.3161	0.9260	0.9259
72
0154	0.0366	1.0000	0.2455	0.9360	0.0504s	0.3269	0.9250	0.9249
73
0155	0.0251	1.0000	0.2453	0.9400	0.0506s	0.3504	0.9240	0.9239
74
0156	0.0341	0.9833	0.2481	0.9360	0.0506s	0.3314	0.9260	0.9259
75
0157	0.0340	1.0000	0.2667	0.9400	0.0506s	0.3174	0.9260	0.9260
76
0158	0.0370	1.0000	0.2422	0.9380	0.0505s	0.3209	0.9270	0.9270
77
0159	0.0259	1.0000	0.2589	0.9380	0.0507s	0.3526	0.9220	0.9219
78
0160	0.0356	1.0000	0.2541	0.9360	0.0507s	0.3422	0.9240	0.9239
79
0161	0.0286	1.0000	0.2489	0.9380	0.0508s	0.3176	0.9270	0.9270
80
0162	0.0275	1.0000	0.2632	0.9380	0.0506s	0.3200	0.9260	0.9259
81
0163	0.0260	1.0000	0.2700	0.9340	0.0507s	0.3430	0.9250	0.9249
82
0164	0.0231	1.0000	0.2555	0.9420	0.0508s	0.3519	0.9250	0.9249
83
0165	0.0339	1.0000	0.2430	0.9420	0.0822s	0.3289	0.9260	0.9259
84
0166	0.0296	1.0000	0.2687	0.9380	0.0658s	0.3219	0.9270	0.9269
85
0167	0.0268	1.0000	0.2768	0.9380	0.0599s	0.3338	0.9240	0.9239
86
0168	0.0324	1.0000	0.2494	0.9460	0.0597s	0.3522	0.9250	0.9249
87
0169	0.0318	1.0000	0.2423	0.9420	0.0598s	0.3366	0.9250	0.9249
88
0170	0.0266	1.0000	0.2658	0.9380	0.0596s	0.3212	0.9260	0.9259
89
0171	0.0321	1.0000	0.2508	0.9420	0.0596s	0.3178	0.9280	0.9279
90
0172	0.0251	1.0000	0.2392	0.9440	0.0609s	0.3374	0.9260	0.9259
91
0173	0.0244	1.0000	0.2503	0.9440	0.0614s	0.3582	0.9230	0.9229
92
0174	0.0327	1.0000	0.2441	0.9400	0.0610s	0.3238	0.9280	0.9279
93
0175	0.0269	1.0000	0.2609	0.9400	0.0619s	0.3191	0.9270	0.9269
94
0176	0.0240	1.0000	0.2673	0.9400	0.0620s	0.3276	0.9240	0.9238
95
0177	0.0311	1.0000	0.2345	0.9460	0.0600s	0.3369	0.9270	0.9270
96
0178	0.0264	1.0000	0.2379	0.9460	0.0600s	0.3500	0.9250	0.9250
97
0179	0.0345	1.0000	0.2976	0.9380	0.0600s	0.3734	0.9230	0.9227
98
0180	0.0301	1.0000	0.2862	0.9380	0.0561s	0.3400	0.9240	0.9237
99
0181	0.0295	1.0000	0.2583	0.9380	0.0543s	0.3388	0.9150	0.9152
100
0182	0.0469	1.0000	0.2716	0.9400	0.0518s	0.3392	0.9250	0.9249
101
0183	0.0262	1.0000	0.3167	0.9360	0.0508s	0.4025	0.9210	0.9208
102
0184	0.0354	1.0000	0.2414	0.9460	0.0505s	0.3530	0.9240	0.9240
103
0185	0.0311	1.0000	0.2456	0.9440	0.0508s	0.3384	0.9220	0.9220
104
0186	0.0339	1.0000	0.2834	0.9400	0.0507s	0.3485	0.9240	0.9238
105
0187	0.0319	1.0000	0.2763	0.9360	0.0505s	0.3719	0.9250	0.9249
106
0188	0.0272	1.0000	0.2596	0.9420	0.0505s	0.3757	0.9210	0.9209
107
0189	0.0241	1.0000	0.2457	0.9440	0.0504s	0.3559	0.9270	0.9270
108
0190	0.0248	1.0000	0.2591	0.9440	0.0510s	0.3452	0.9260	0.9259
109
0191	0.0268	1.0000	0.2677	0.9400	0.0513s	0.3514	0.9230	0.9228
110
0192	0.0249	1.0000	0.2645	0.9420	0.0509s	0.3647	0.9240	0.9239
111
0193	0.0254	1.0000	0.2498	0.9440	0.0506s	0.3634	0.9250	0.9249
112
0194	0.0305	1.0000	0.2518	0.9420	0.0508s	0.3386	0.9270	0.9269
113
0195	0.0264	1.0000	0.2652	0.9400	0.0510s	0.3350	0.9260	0.9258
114
0196	0.0307	1.0000	0.2692	0.9400	0.0506s	0.3509	0.9230	0.9228
115
0197	0.0245	1.0000	0.2617	0.9400	0.0507s	0.3642	0.9240	0.9239
116
0198	0.0236	1.0000	0.2490	0.9380	0.0511s	0.3573	0.9260	0.9260
117
0199	0.0337	1.0000	0.2671	0.9380	0.0512s	0.3289	0.9250	0.9248
118
0200	0.0278	1.0000	0.2806	0.9380	0.0508s	0.3298	0.9240	0.9237
119
0201	0.0301	1.0000	0.2482	0.9420	0.0507s	0.3382	0.9260	0.9259
120
0202	0.0253	1.0000	0.2811	0.9380	0.0507s	0.3863	0.9230	0.9228
121
0203	0.0358	1.0000	0.2438	0.9440	0.0507s	0.3302	0.9260	0.9259
122
0204	0.0279	1.0000	0.2678	0.9420	0.0505s	0.3136	0.9230	0.9228
123
0205	0.0313	1.0000	0.2753	0.9380	0.0506s	0.3217	0.9250	0.9248
124
0206	0.0266	1.0000	0.2494	0.9420	0.0506s	0.3259	0.9280	0.9279
125
0207	0.0258	1.0000	0.2669	0.9380	0.0510s	0.3563	0.9240	0.9239
126
0208	0.0332	1.0000	0.2510	0.9420	0.0505s	0.3243	0.9280	0.9279
127
0209	0.0208	1.0000	0.2600	0.9440	0.0506s	0.3151	0.9250	0.9249
128
0210	0.0279	1.0000	0.2692	0.9400	0.0508s	0.3296	0.9250	0.9249
129
0211	0.0244	1.0000	0.2503	0.9420	0.0507s	0.3349	0.9250	0.9249
130
0212	0.0262	1.0000	0.2447	0.9420	0.0506s	0.3377	0.9250	0.9250
131
0213	0.0271	1.0000	0.2650	0.9420	0.0506s	0.3310	0.9250	0.9249
132
0214	0.0251	1.0000	0.2607	0.9420	0.0506s	0.3184	0.9250	0.9249
133
0215	0.0277	1.0000	0.2665	0.9420	0.0507s	0.3323	0.9250	0.9249
134
0216	0.0321	1.0000	0.2437	0.9420	0.0507s	0.3379	0.9250	0.9250
135
0217	0.0295	1.0000	0.2573	0.9420	0.0507s	0.3336	0.9240	0.9239
136
0218	0.0258	1.0000	0.2479	0.9420	0.0507s	0.3155	0.9250	0.9249
137
0219	0.0286	1.0000	0.2648	0.9420	0.0505s	0.3404	0.9250	0.9248
138
0220	0.0287	1.0000	0.2451	0.9420	0.0506s	0.3474	0.9240	0.9239
139
0221	0.0268	1.0000	0.2412	0.9420	0.0508s	0.3333	0.9260	0.9259
140
0222	0.0223	1.0000	0.2551	0.9420	0.0506s	0.3250	0.9250	0.9249
141
0223	0.0237	1.0000	0.2556	0.9420	0.0506s	0.3260	0.9250	0.9249
142
0224	0.0238	1.0000	0.2533	0.9440	0.0506s	0.3370	0.9250	0.9249
143
0225	0.0216	1.0000	0.2421	0.9420	0.0507s	0.3312	0.9250	0.9249
144
0226	0.0290	1.0000	0.2701	0.9420	0.0507s	0.3300	0.9240	0.9239
145
0227	0.0249	1.0000	0.2609	0.9420	0.0506s	0.3260	0.9260	0.9259
146
0228	0.0215	1.0000	0.2404	0.9420	0.0507s	0.3283	0.9250	0.9249
147
0229	0.0373	0.9833	0.2981	0.9400	0.0506s	0.3430	0.9230	0.9227
148
0230	0.0283	1.0000	0.2580	0.9420	0.0507s	0.3203	0.9250	0.9249
149
0231	0.0277	1.0000	0.2376	0.9440	0.0507s	0.3375	0.9260	0.9260
150
0232	0.0316	0.9833	0.3026	0.9360	0.0505s	0.3843	0.9210	0.9208
151
0233	0.0310	1.0000	0.2741	0.9400	0.0505s	0.3273	0.9230	0.9228
152
0234	0.0271	1.0000	0.2508	0.9460	0.0506s	0.3126	0.9270	0.9270
153
0235	0.0256	1.0000	0.2660	0.9440	0.0507s	0.3358	0.9240	0.9239
154
0236	0.0292	1.0000	0.2673	0.9440	0.0506s	0.3454	0.9240	0.9239
155
0237	0.0200	1.0000	0.2539	0.9440	0.0503s	0.3321	0.9250	0.9249
156
0238	0.0262	1.0000	0.2701	0.9420	0.0507s	0.3208	0.9250	0.9248
157
0239	0.0279	0.9833	0.2773	0.9420	0.0506s	0.3338	0.9240	0.9238
158
0240	0.0214	1.0000	0.2805	0.9400	0.0505s	0.3600	0.9220	0.9218
159
0241	0.0266	1.0000	0.2476	0.9440	0.0505s	0.3464	0.9260	0.9260
160
0242	0.0336	1.0000	0.3032	0.9380	0.0508s	0.3538	0.9220	0.9218
161
0243	0.0283	1.0000	0.2760	0.9400	0.0505s	0.3267	0.9240	0.9238
162
0244	0.0289	1.0000	0.2440	0.9460	0.0506s	0.3448	0.9230	0.9230
163
0245	0.0394	0.9833	0.3201	0.9360	0.0507s	0.4024	0.9200	0.9197
164
0246	0.0327	1.0000	0.2909	0.9380	0.0513s	0.3530	0.9220	0.9218
165
0247	0.0248	0.9833	0.2761	0.9340	0.0507s	0.3592	0.9130	0.9131
166
0248	0.0336	1.0000	0.2508	0.9400	0.0510s	0.3378	0.9270	0.9270
167
0249	0.0240	1.0000	0.3847	0.9240	0.0508s	0.4645	0.9130	0.9124
168
0250	0.0566	0.9833	0.2540	0.9400	0.0509s	0.3396	0.9260	0.9260
169
0251	0.0257	0.9833	0.2866	0.9360	0.0508s	0.3750	0.9120	0.9121
170
0252	0.0407	1.0000	0.3053	0.9380	0.0506s	0.3682	0.9250	0.9247
171
0253	0.0264	1.0000	0.4019	0.9260	0.0508s	0.4799	0.9180	0.9174
172
0254	0.0571	0.9833	0.2673	0.9420	0.0508s	0.3911	0.9210	0.9210
173
0255	0.0304	1.0000	0.2711	0.9420	0.0506s	0.3793	0.9150	0.9152
174
0256	0.0363	0.9833	0.3250	0.9360	0.0506s	0.3841	0.9240	0.9235
175
0257	0.0311	1.0000	0.3891	0.9240	0.0510s	0.4507	0.9170	0.9161
176
0258	0.0392	1.0000	0.3262	0.9400	0.0510s	0.4404	0.9200	0.9197
177
0259	0.0334	1.0000	0.2742	0.9440	0.0506s	0.4077	0.9190	0.9191
178
0260	0.0276	1.0000	0.2810	0.9480	0.0506s	0.3969	0.9070	0.9075
179
0261	0.0326	1.0000	0.2911	0.9420	0.0505s	0.3606	0.9280	0.9278
0
0262	0.0214	1.0000	0.3497	0.9240	0.0506s	0.4039	0.9160	0.9151
1
0263	0.0356	1.0000	0.2968	0.9320	0.0507s	0.3815	0.9240	0.9238
2
0264	0.0195	1.0000	0.2781	0.9380	0.0530s	0.4037	0.9250	0.9249
3
0265	0.0246	1.0000	0.2870	0.9420	0.0523s	0.4247	0.9170	0.9172
4
0266	0.0302	1.0000	0.2772	0.9380	0.0536s	0.3916	0.9250	0.9250
5
0267	0.0236	1.0000	0.3037	0.9300	0.0541s	0.3699	0.9260	0.9257
6
0268	0.0224	1.0000	0.3401	0.9280	0.0570s	0.3838	0.9200	0.9195
7
0269	0.0363	0.9833	0.2794	0.9380	0.0506s	0.3458	0.9280	0.9279
8
0270	0.0276	1.0000	0.2673	0.9400	0.0507s	0.3715	0.9230	0.9230
9
0271	0.0202	1.0000	0.2952	0.9300	0.0509s	0.4211	0.9210	0.9210
10
0272	0.0320	1.0000	0.2801	0.9420	0.0509s	0.3953	0.9220	0.9220
11
0273	0.0403	1.0000	0.2850	0.9360	0.0507s	0.3472	0.9250	0.9248
12
0274	0.0285	1.0000	0.3307	0.9240	0.0505s	0.3722	0.9150	0.9145
13
0275	0.0382	1.0000	0.2817	0.9420	0.0507s	0.3375	0.9250	0.9247
14
0276	0.0286	1.0000	0.2712	0.9380	0.0506s	0.3699	0.9220	0.9219
15
0277	0.0269	1.0000	0.2992	0.9320	0.0505s	0.4266	0.9170	0.9170
16
0278	0.0437	1.0000	0.2703	0.9440	0.0513s	0.3746	0.9120	0.9122
17
0279	0.0421	1.0000	0.2939	0.9340	0.0506s	0.3581	0.9250	0.9246
18
0280	0.0338	1.0000	0.4385	0.9060	0.0508s	0.4806	0.9040	0.9020
19
0281	0.0508	0.9833	0.2751	0.9380	0.0505s	0.3713	0.9230	0.9228
20
0282	0.0280	1.0000	0.2703	0.9420	0.0508s	0.4014	0.9170	0.9172
21
0283	0.0391	0.9833	0.2728	0.9400	0.0506s	0.4086	0.9170	0.9169
22
0284	0.0342	0.9833	0.2954	0.9380	0.0513s	0.4019	0.9240	0.9237
23
0285	0.0253	1.0000	0.2930	0.9380	0.0512s	0.3791	0.9260	0.9255
24
0286	0.0267	1.0000	0.2775	0.9360	0.0512s	0.3736	0.9140	0.9138
25
0287	0.0326	1.0000	0.2552	0.9460	0.0506s	0.3658	0.9260	0.9259
26
0288	0.0272	1.0000	0.3083	0.9400	0.0507s	0.4395	0.9230	0.9228
27
0289	0.0409	1.0000	0.2639	0.9420	0.0508s	0.4011	0.9210	0.9209
28
0290	0.0214	1.0000	0.2516	0.9460	0.0506s	0.3855	0.9140	0.9142
29
0291	0.0308	1.0000	0.2530	0.9420	0.0505s	0.3754	0.9250	0.9249
30
0292	0.0248	1.0000	0.2911	0.9440	0.0505s	0.4041	0.9230	0.9227
31
0293	0.0254	1.0000	0.3011	0.9420	0.0504s	0.4153	0.9240	0.9236
32
0294	0.0246	1.0000	0.2544	0.9420	0.0506s	0.3768	0.9250	0.9248
33
0295	0.0191	1.0000	0.2497	0.9440	0.0505s	0.3789	0.9170	0.9171
34
0296	0.0256	1.0000	0.2466	0.9440	0.0507s	0.3797	0.9250	0.9250
35
0297	0.0250	1.0000	0.3039	0.9380	0.0508s	0.4210	0.9210	0.9206
36
0298	0.0264	1.0000	0.2798	0.9420	0.0505s	0.3856	0.9220	0.9217
37
0299	0.0248	1.0000	0.2486	0.9460	0.0506s	0.3605	0.9210	0.9210
38
0300	0.0292	1.0000	0.2448	0.9440	0.0517s	0.3712	0.9260	0.9259
39
0301	0.0241	1.0000	0.2661	0.9420	0.0506s	0.3942	0.9220	0.9218
40
0302	0.0233	1.0000	0.2667	0.9440	0.0507s	0.3780	0.9230	0.9228
41
0303	0.0304	0.9833	0.2519	0.9460	0.0501s	0.3541	0.9180	0.9180
42
0304	0.0368	1.0000	0.2633	0.9480	0.0508s	0.3679	0.9230	0.9228
43
0305	0.0245	1.0000	0.2669	0.9440	0.0506s	0.3967	0.9230	0.9228
0
0306	0.0331	1.0000	0.2384	0.9460	0.0505s	0.3671	0.9180	0.9181
1
0307	0.0314	0.9833	0.2598	0.9460	0.0508s	0.3511	0.9230	0.9228
2
0308	0.0244	1.0000	0.3087	0.9400	0.0507s	0.3908	0.9190	0.9185
3
0309	0.0324	1.0000	0.2591	0.9440	0.0508s	0.3800	0.9250	0.9248
4
0310	0.0259	1.0000	0.2421	0.9460	0.0507s	0.3713	0.9180	0.9180
5
0311	0.0393	1.0000	0.2807	0.9420	0.0506s	0.3684	0.9230	0.9227
6
0312	0.0286	1.0000	0.2983	0.9380	0.0507s	0.3849	0.9220	0.9216
7
0313	0.0285	1.0000	0.2520	0.9420	0.0501s	0.3747	0.9230	0.9229
8
0314	0.0254	1.0000	0.2491	0.9460	0.0506s	0.3727	0.9200	0.9200
9
0315	0.0310	1.0000	0.2897	0.9360	0.0505s	0.3843	0.9240	0.9237
10
0316	0.0261	1.0000	0.3021	0.9360	0.0502s	0.3834	0.9220	0.9216
11
0317	0.0243	1.0000	0.2565	0.9440	0.0497s	0.3599	0.9260	0.9259
12
0318	0.0286	1.0000	0.2596	0.9440	0.0507s	0.3832	0.9230	0.9229
13
0319	0.0256	1.0000	0.2745	0.9400	0.0506s	0.3874	0.9220	0.9218
14
0320	0.0221	1.0000	0.2670	0.9420	0.0507s	0.3615	0.9240	0.9238
15
0321	0.0218	1.0000	0.2620	0.9420	0.0506s	0.3525	0.9230	0.9228
16
0322	0.0260	1.0000	0.2642	0.9420	0.0506s	0.3775	0.9240	0.9239
17
0323	0.0277	1.0000	0.2505	0.9400	0.0506s	0.3630	0.9240	0.9239
18
0324	0.0204	1.0000	0.2668	0.9400	0.0505s	0.3641	0.9230	0.9228
19
0325	0.0239	1.0000	0.2662	0.9340	0.0517s	0.3529	0.9240	0.9238
20
0326	0.0227	1.0000	0.2665	0.9340	0.0507s	0.3569	0.9240	0.9238
21
0327	0.0254	1.0000	0.2555	0.9400	0.0507s	0.3599	0.9240	0.9238
22
0328	0.0258	1.0000	0.2639	0.9340	0.0506s	0.3539	0.9240	0.9238
23
0329	0.0252	1.0000	0.2518	0.9400	0.0507s	0.3418	0.9240	0.9238
24
0330	0.0241	1.0000	0.2635	0.9420	0.0504s	0.3719	0.9220	0.9218
25
0331	0.0273	1.0000	0.2560	0.9420	0.0508s	0.3646	0.9230	0.9228
26
0332	0.0218	1.0000	0.2675	0.9340	0.0507s	0.3429	0.9230	0.9228
27
0333	0.0243	1.0000	0.2786	0.9360	0.0507s	0.3582	0.9220	0.9217
28
0334	0.0272	1.0000	0.2447	0.9400	0.0506s	0.3725	0.9230	0.9229
29
0335	0.0323	1.0000	0.2747	0.9400	0.0508s	0.3857	0.9220	0.9218
30
0336	0.0263	1.0000	0.2606	0.9380	0.0508s	0.3461	0.9230	0.9228
31
0337	0.0228	1.0000	0.2587	0.9380	0.0506s	0.3442	0.9230	0.9228
32
0338	0.0268	1.0000	0.2686	0.9400	0.0506s	0.3801	0.9220	0.9218
33
0339	0.0275	1.0000	0.2485	0.9420	0.0512s	0.3611	0.9240	0.9238
34
0340	0.0269	1.0000	0.2597	0.9380	0.0506s	0.3544	0.9240	0.9238
35
0341	0.0271	1.0000	0.2863	0.9360	0.0508s	0.3706	0.9220	0.9217
36
0342	0.0256	1.0000	0.2472	0.9420	0.0506s	0.3621	0.9230	0.9228
37
0343	0.0298	1.0000	0.2775	0.9400	0.0506s	0.3911	0.9220	0.9218
38
0344	0.0249	1.0000	0.2537	0.9360	0.0514s	0.3559	0.9240	0.9238
39
0345	0.0219	1.0000	0.2647	0.9360	0.0508s	0.3557	0.9240	0.9238
40
0346	0.0225	1.0000	0.2812	0.9360	0.0507s	0.3852	0.9220	0.9218
41
0347	0.0240	1.0000	0.2547	0.9420	0.0515s	0.3809	0.9210	0.9208
42
0348	0.0283	1.0000	0.2657	0.9380	0.0510s	0.3557	0.9230	0.9228
43
0349	0.0296	1.0000	0.2802	0.9360	0.0512s	0.3752	0.9220	0.9218
44
0350	0.0241	1.0000	0.2546	0.9440	0.0508s	0.3921	0.9220	0.9218
45
0351	0.0265	1.0000	0.2389	0.9460	0.0510s	0.3676	0.9240	0.9239
46
0352	0.0255	1.0000	0.2976	0.9360	0.0529s	0.3857	0.9220	0.9217
47
0353	0.0278	1.0000	0.2534	0.9420	0.0509s	0.3643	0.9210	0.9208
48
0354	0.0227	1.0000	0.2396	0.9420	0.0506s	0.3797	0.9240	0.9240
49
0355	0.0363	0.9833	0.2887	0.9360	0.0509s	0.3928	0.9180	0.9178
50
0356	0.0264	1.0000	0.2826	0.9380	0.0505s	0.3547	0.9210	0.9207
51
0357	0.0235	1.0000	0.2438	0.9500	0.0511s	0.3436	0.9250	0.9248
52
0358	0.0289	1.0000	0.3003	0.9440	0.0507s	0.4196	0.9180	0.9177
0
0359	0.0399	1.0000	0.2569	0.9420	0.0506s	0.3405	0.9240	0.9238
1
0360	0.0273	1.0000	0.2752	0.9400	0.0508s	0.3442	0.9230	0.9228
2
0361	0.0314	1.0000	0.2810	0.9380	0.0506s	0.3865	0.9200	0.9198
3
0362	0.0232	1.0000	0.2884	0.9420	0.0508s	0.4163	0.9180	0.9178
4
0363	0.0320	1.0000	0.2648	0.9440	0.0507s	0.3626	0.9240	0.9238
5
0364	0.0224	1.0000	0.2982	0.9400	0.0509s	0.3658	0.9220	0.9217
6
0365	0.0343	1.0000	0.2723	0.9420	0.0509s	0.3819	0.9240	0.9238
7
0366	0.0210	1.0000	0.2872	0.9380	0.0508s	0.4203	0.9220	0.9218
8
0367	0.0323	1.0000	0.2837	0.9440	0.0509s	0.3703	0.9230	0.9228
9
0368	0.0212	1.0000	0.3163	0.9400	0.0506s	0.3775	0.9210	0.9208
10
0369	0.0306	1.0000	0.3057	0.9420	0.0518s	0.3985	0.9210	0.9207
11
0370	0.0215	1.0000	0.2918	0.9440	0.0506s	0.4206	0.9190	0.9188
12
0371	0.0253	1.0000	0.2876	0.9420	0.0508s	0.4106	0.9210	0.9208
13
0372	0.0235	1.0000	0.3360	0.9380	0.0510s	0.4017	0.9180	0.9176
14
0373	0.0390	1.0000	0.2967	0.9380	0.0516s	0.3890	0.9080	0.9080
15
0374	0.0338	1.0000	0.2781	0.9420	0.0512s	0.3772	0.9210	0.9208
16
0375	0.0222	1.0000	0.4111	0.9240	0.0508s	0.5164	0.9040	0.9032
17
0376	0.0601	0.9833	0.2711	0.9440	0.0501s	0.4056	0.9080	0.9081
18
0377	0.0432	1.0000	0.2755	0.9440	0.0507s	0.3848	0.9110	0.9110
19
0378	0.0291	1.0000	0.3532	0.9360	0.0525s	0.4341	0.9160	0.9154
20
0379	0.0289	1.0000	0.3760	0.9340	0.0509s	0.4790	0.9120	0.9115
21
0380	0.0423	1.0000	0.2910	0.9360	0.0504s	0.4563	0.9000	0.9006
22
0381	0.0503	0.9833	0.2661	0.9460	0.0506s	0.3915	0.9210	0.9209
23
0382	0.0237	1.0000	0.3944	0.9280	0.0503s	0.4793	0.9130	0.9118
24
0383	0.0325	1.0000	0.3682	0.9340	0.0518s	0.4677	0.9160	0.9152
25
0384	0.0320	1.0000	0.2618	0.9460	0.0507s	0.4124	0.9200	0.9199
26
0385	0.0359	1.0000	0.2590	0.9460	0.0506s	0.4116	0.9170	0.9171
27
0386	0.0314	1.0000	0.2998	0.9440	0.0504s	0.4121	0.9240	0.9237
28
0387	0.0219	1.0000	0.3688	0.9320	0.0510s	0.4639	0.9160	0.9149
29
0388	0.0274	1.0000	0.3244	0.9460	0.0505s	0.4410	0.9220	0.9215
30
0389	0.0242	1.0000	0.2621	0.9480	0.0506s	0.4148	0.9230	0.9229
31
0390	0.0243	0.9833	0.2526	0.9460	0.0508s	0.4175	0.9190	0.9190
32
0391	0.0327	1.0000	0.2683	0.9480	0.0511s	0.4009	0.9250	0.9249
33
0392	0.0222	1.0000	0.3278	0.9420	0.0502s	0.4347	0.9220	0.9212
34
0393	0.0278	1.0000	0.3457	0.9380	0.0507s	0.4581	0.9190	0.9181
35
0394	0.0312	1.0000	0.2588	0.9460	0.0506s	0.3960	0.9240	0.9239
36
0395	0.0199	1.0000	0.2451	0.9460	0.0510s	0.4020	0.9160	0.9161
37
0396	0.0260	1.0000	0.2442	0.9440	0.0508s	0.4053	0.9210	0.9210
38
0397	0.0270	1.0000	0.2709	0.9480	0.0508s	0.4058	0.9260	0.9258
39
0398	0.0181	1.0000	0.3497	0.9360	0.0507s	0.4621	0.9190	0.9181
40
0399	0.0363	1.0000	0.2895	0.9440	0.0506s	0.3974	0.9220	0.9215
41
0400	0.0298	1.0000	0.2424	0.9460	0.0507s	0.3908	0.9170	0.9170
42
0401	0.0289	1.0000	0.2648	0.9380	0.0506s	0.4365	0.9180	0.9180
43
0402	0.0573	0.9833	0.4081	0.9280	0.0505s	0.4949	0.9060	0.9040
44
0403	0.0620	1.0000	0.3062	0.9380	0.0506s	0.4018	0.9170	0.9162
45
0404	0.0308	1.0000	0.2428	0.9460	0.0506s	0.3926	0.9150	0.9151
46
0405	0.0315	1.0000	0.2597	0.9440	0.0507s	0.4293	0.9150	0.9151
47
0406	0.0445	1.0000	0.2646	0.9460	0.0505s	0.4170	0.9210	0.9208
48
0407	0.0252	1.0000	0.2818	0.9420	0.0505s	0.3860	0.9200	0.9195
49
0408	0.0257	1.0000	0.3200	0.9280	0.0505s	0.4012	0.9120	0.9110
50
0409	0.0269	1.0000	0.3003	0.9360	0.0506s	0.3892	0.9210	0.9203
51
0410	0.0285	1.0000	0.2677	0.9440	0.0505s	0.3890	0.9200	0.9195
52
0411	0.0269	1.0000	0.2449	0.9460	0.0507s	0.3892	0.9170	0.9169
53
0412	0.0250	1.0000	0.2456	0.9440	0.0508s	0.3948	0.9130	0.9130
54
0413	0.0265	1.0000	0.2425	0.9480	0.0507s	0.3824	0.9180	0.9180
55
0414	0.0291	1.0000	0.2525	0.9460	0.0507s	0.3600	0.9210	0.9207
56
0415	0.0283	1.0000	0.3147	0.9320	0.0507s	0.3984	0.9130	0.9118
57
0416	0.0287	1.0000	0.3157	0.9300	0.0507s	0.3931	0.9140	0.9127
58
0417	0.0282	0.9833	0.2644	0.9440	0.0507s	0.3569	0.9210	0.9205
59
0418	0.0248	1.0000	0.2429	0.9460	0.0511s	0.3616	0.9190	0.9189
60
0419	0.0249	1.0000	0.2438	0.9480	0.0506s	0.3744	0.9180	0.9180
61
0420	0.0233	1.0000	0.2496	0.9460	0.0508s	0.3839	0.9180	0.9179
62
0421	0.0360	1.0000	0.2496	0.9440	0.0507s	0.3495	0.9210	0.9208
63
0422	0.0238	1.0000	0.2921	0.9380	0.0514s	0.3690	0.9170	0.9160
64
0423	0.0278	1.0000	0.3063	0.9380	0.0509s	0.3898	0.9120	0.9106
65
0424	0.0282	1.0000	0.2787	0.9440	0.0508s	0.3935	0.9210	0.9207
66
0425	0.0239	1.0000	0.2454	0.9480	0.0509s	0.3774	0.9210	0.9210
67
0426	0.0278	1.0000	0.2487	0.9500	0.0511s	0.3758	0.9230	0.9230
68
0427	0.0349	1.0000	0.2912	0.9400	0.0509s	0.4176	0.9250	0.9247
0
0428	0.0339	1.0000	0.2743	0.9440	0.0508s	0.3707	0.9210	0.9205
1
0429	0.0251	1.0000	0.2599	0.9440	0.0508s	0.3487	0.9240	0.9238
2
0430	0.0278	1.0000	0.2541	0.9440	0.0509s	0.3604	0.9190	0.9188
3
0431	0.0235	1.0000	0.2791	0.9420	0.0507s	0.4034	0.9210	0.9207
4
0432	0.0334	0.9667	0.2519	0.9460	0.0509s	0.3613	0.9210	0.9210
5
0433	0.0272	1.0000	0.2577	0.9420	0.0504s	0.3572	0.9220	0.9219
6
0434	0.0216	1.0000	0.3036	0.9420	0.0506s	0.4115	0.9250	0.9246
7
0435	0.0246	1.0000	0.3036	0.9440	0.0508s	0.4195	0.9240	0.9237
8
0436	0.0238	1.0000	0.2565	0.9460	0.0507s	0.3755	0.9220	0.9219
9
0437	0.0283	1.0000	0.2595	0.9440	0.0506s	0.3712	0.9220	0.9219
10
0438	0.0283	1.0000	0.3201	0.9420	0.0507s	0.4307	0.9220	0.9216
11
0439	0.0279	1.0000	0.3251	0.9440	0.0512s	0.4363	0.9220	0.9216
12
0440	0.0293	1.0000	0.2627	0.9440	0.0515s	0.3791	0.9230	0.9229
13
0441	0.0257	1.0000	0.2638	0.9440	0.0506s	0.3903	0.9180	0.9180
14
0442	0.0274	0.9833	0.2837	0.9460	0.0513s	0.4020	0.9220	0.9217
15
0443	0.0194	1.0000	0.3413	0.9360	0.0506s	0.4413	0.9240	0.9235
16
0444	0.0300	0.9833	0.3009	0.9420	0.0510s	0.3930	0.9230	0.9227
17
0445	0.0238	1.0000	0.2631	0.9440	0.0505s	0.3801	0.9230	0.9229
18
0446	0.0261	1.0000	0.2659	0.9460	0.0507s	0.3885	0.9250	0.9249
19
0447	0.0243	1.0000	0.2979	0.9440	0.0505s	0.4079	0.9210	0.9207
20
0448	0.0260	1.0000	0.2975	0.9420	0.0507s	0.4148	0.9220	0.9217
21
0449	0.0279	1.0000	0.2629	0.9440	0.0504s	0.3855	0.9230	0.9229
22
0450	0.0286	1.0000	0.2624	0.9460	0.0507s	0.3869	0.9240	0.9239
23
0451	0.0231	1.0000	0.2723	0.9460	0.0508s	0.3906	0.9230	0.9229
24
0452	0.0214	1.0000	0.2811	0.9440	0.0507s	0.3985	0.9220	0.9218
25
0453	0.0246	1.0000	0.2629	0.9460	0.0506s	0.3777	0.9210	0.9209
26
0454	0.0195	1.0000	0.2560	0.9460	0.0508s	0.3750	0.9220	0.9219
27
0455	0.0236	1.0000	0.2903	0.9420	0.0515s	0.4150	0.9200	0.9197
28
0456	0.0254	1.0000	0.2773	0.9460	0.0508s	0.3850	0.9240	0.9238
29
0457	0.0212	1.0000	0.2566	0.9480	0.0506s	0.3639	0.9190	0.9190
30
0458	0.0306	1.0000	0.2840	0.9440	0.0511s	0.4006	0.9220	0.9218
31
0459	0.0253	1.0000	0.2657	0.9460	0.0523s	0.3820	0.9230	0.9229
32
0460	0.0310	1.0000	0.2617	0.9460	0.0517s	0.3641	0.9240	0.9239
33
0461	0.0233	1.0000	0.2799	0.9460	0.0513s	0.3822	0.9240	0.9238
34
0462	0.0208	1.0000	0.2763	0.9460	0.0535s	0.3875	0.9230	0.9228
35
0463	0.0212	1.0000	0.2563	0.9460	0.0542s	0.3629	0.9230	0.9229
36
0464	0.0284	1.0000	0.2870	0.9460	0.0524s	0.3809	0.9240	0.9238
37
0465	0.0255	0.9833	0.2602	0.9460	0.0512s	0.3631	0.9240	0.9239
38
0466	0.0226	1.0000	0.2681	0.9460	0.0510s	0.3699	0.9240	0.9239
39
0467	0.0219	1.0000	0.2859	0.9460	0.0510s	0.3855	0.9230	0.9228
40
0468	0.0325	1.0000	0.2522	0.9460	0.0505s	0.3739	0.9180	0.9180
41
0469	0.0311	1.0000	0.2753	0.9460	0.0502s	0.3721	0.9250	0.9248
42
0470	0.0231	1.0000	0.2975	0.9440	0.0510s	0.3930	0.9210	0.9207
43
0471	0.0277	1.0000	0.2538	0.9500	0.0504s	0.3569	0.9240	0.9240
44
0472	0.0271	1.0000	0.2576	0.9460	0.0504s	0.3563	0.9240	0.9239
0
0473	0.0214	1.0000	0.3046	0.9440	0.0507s	0.4167	0.9210	0.9207
1
0474	0.0259	1.0000	0.2663	0.9460	0.0513s	0.3746	0.9240	0.9238
2
0475	0.0245	1.0000	0.2604	0.9500	0.0501s	0.3584	0.9220	0.9220
3
0476	0.0261	1.0000	0.2698	0.9460	0.0503s	0.3791	0.9240	0.9238
0
0477	0.0201	1.0000	0.3019	0.9440	0.0506s	0.4242	0.9200	0.9197
1
0478	0.0313	1.0000	0.2645	0.9460	0.0517s	0.3656	0.9230	0.9230
2
0479	0.0334	1.0000	0.2795	0.9460	0.0505s	0.3846	0.9230	0.9228
3
0480	0.0241	1.0000	0.2957	0.9480	0.0503s	0.4284	0.9200	0.9197
4
0481	0.0288	1.0000	0.2583	0.9460	0.0506s	0.4009	0.9220	0.9218
5
0482	0.0251	1.0000	0.2683	0.9460	0.0512s	0.3994	0.9230	0.9228
6
0483	0.0217	0.9833	0.2657	0.9460	0.0501s	0.3805	0.9250	0.9249
7
0484	0.0241	1.0000	0.2691	0.9460	0.0503s	0.3973	0.9230	0.9228
8
0485	0.0219	1.0000	0.2653	0.9460	0.0512s	0.3951	0.9230	0.9228
9
0486	0.0207	1.0000	0.2648	0.9460	0.0513s	0.4097	0.9210	0.9208
10
0487	0.0223	1.0000	0.2639	0.9460	0.0501s	0.3912	0.9230	0.9228
11
0488	0.0213	1.0000	0.2649	0.9460	0.0502s	0.3763	0.9230	0.9228
12
0489	0.0223	1.0000	0.2739	0.9460	0.0512s	0.4017	0.9210	0.9208
13
0490	0.0231	1.0000	0.2648	0.9460	0.0510s	0.4035	0.9210	0.9208
14
0491	0.0231	1.0000	0.2591	0.9460	0.0507s	0.3823	0.9230	0.9229
15
0492	0.0210	1.0000	0.2792	0.9460	0.0508s	0.3858	0.9220	0.9218
16
0493	0.0269	1.0000	0.2639	0.9460	0.0506s	0.3888	0.9220	0.9219
17
0494	0.0223	1.0000	0.2849	0.9460	0.0508s	0.3935	0.9210	0.9208
18
0495	0.0257	1.0000	0.2702	0.9460	0.0506s	0.3644	0.9240	0.9238
19
0496	0.0232	1.0000	0.2667	0.9460	0.0506s	0.3877	0.9210	0.9209
20
0497	0.0242	1.0000	0.2947	0.9480	0.0504s	0.4373	0.9180	0.9177
21
0498	0.0304	1.0000	0.2731	0.9460	0.0508s	0.3740	0.9230	0.9228
22
0499	0.0212	1.0000	0.2714	0.9520	0.0505s	0.3567	0.9240	0.9238
23
0500	0.0382	1.0000	0.3433	0.9320	0.0506s	0.4718	0.9140	0.9135
0
0501	0.0341	1.0000	0.3102	0.9460	0.0505s	0.4497	0.9170	0.9166
1
0502	0.0462	1.0000	0.4182	0.8920	0.0503s	0.5749	0.8520	0.8517
2
0503	0.1002	0.9833	0.5086	0.8960	0.0505s	0.6017	0.8880	0.8842
3
0504	0.1233	0.9833	0.2744	0.9460	0.0508s	0.3765	0.9210	0.9208
4
0505	0.0246	1.0000	0.3048	0.9320	0.0504s	0.4589	0.9010	0.9017
5
0506	0.0473	1.0000	0.2608	0.9480	0.0505s	0.4010	0.9210	0.9209
6
0507	0.0280	1.0000	0.4159	0.9240	0.0502s	0.5540	0.9050	0.9041
7
0508	0.0321	1.0000	0.4700	0.9140	0.0507s	0.5959	0.9010	0.8995
8
0509	0.0339	1.0000	0.3169	0.9340	0.0507s	0.4594	0.9150	0.9146
9
0510	0.0240	1.0000	0.2686	0.9380	0.0560s	0.4158	0.9170	0.9170
10
0511	0.0332	1.0000	0.2907	0.9380	0.0567s	0.4340	0.9090	0.9091
11
0512	0.0375	1.0000	0.2823	0.9400	0.0518s	0.4169	0.9150	0.9148
12
0513	0.0244	1.0000	0.3227	0.9320	0.0516s	0.4700	0.9150	0.9146
13
0514	0.0211	1.0000	0.3757	0.9340	0.0511s	0.5318	0.9090	0.9085
14
0515	0.0362	0.9667	0.3260	0.9360	0.0509s	0.4883	0.9140	0.9137
15
0516	0.0230	1.0000	0.2901	0.9400	0.0507s	0.4463	0.9150	0.9148
16
0517	0.0219	1.0000	0.2860	0.9380	0.0511s	0.4272	0.9150	0.9149
17
0518	0.0234	1.0000	0.2948	0.9380	0.0507s	0.4249	0.9140	0.9139
18
0519	0.0240	1.0000	0.2980	0.9400	0.0509s	0.4257	0.9160	0.9158
19
0520	0.0237	1.0000	0.3159	0.9400	0.0508s	0.4618	0.9170	0.9167
20
0521	0.0183	1.0000	0.3615	0.9360	0.0513s	0.5114	0.9110	0.9106
21
0522	0.0321	1.0000	0.3270	0.9360	0.0507s	0.4544	0.9190	0.9187
22
0523	0.0239	1.0000	0.3101	0.9420	0.0506s	0.4171	0.9180	0.9178
23
0524	0.0243	1.0000	0.2974	0.9360	0.0511s	0.4147	0.9180	0.9180
24
0525	0.0264	1.0000	0.2994	0.9440	0.0513s	0.4168	0.9200	0.9199
25
0526	0.0263	1.0000	0.3245	0.9400	0.0508s	0.4382	0.9200	0.9197
26
0527	0.0227	1.0000	0.3421	0.9380	0.0507s	0.4611	0.9170	0.9166
27
0528	0.0224	1.0000	0.3256	0.9380	0.0511s	0.4481	0.9190	0.9187
28
0529	0.0243	1.0000	0.3034	0.9440	0.0507s	0.4035	0.9210	0.9209
29
0530	0.0201	1.0000	0.3004	0.9400	0.0507s	0.3965	0.9160	0.9160
30
0531	0.0293	1.0000	0.3034	0.9440	0.0506s	0.3970	0.9200	0.9198
31
0532	0.0241	1.0000	0.3287	0.9360	0.0508s	0.4383	0.9190	0.9187
32
0533	0.0279	1.0000	0.3149	0.9380	0.0506s	0.4409	0.9200	0.9198
33
0534	0.0255	1.0000	0.2913	0.9420	0.0508s	0.4062	0.9230	0.9229
34
0535	0.0226	1.0000	0.2862	0.9460	0.0507s	0.3864	0.9210	0.9209
35
0536	0.0203	1.0000	0.2879	0.9460	0.0507s	0.3898	0.9220	0.9219
36
0537	0.0235	1.0000	0.3002	0.9360	0.0509s	0.4186	0.9240	0.9238
37
0538	0.0232	1.0000	0.2828	0.9440	0.0506s	0.4169	0.9240	0.9238
38
0539	0.0239	1.0000	0.2659	0.9460	0.0508s	0.3871	0.9220	0.9219
39
0540	0.0209	1.0000	0.2824	0.9460	0.0507s	0.3810	0.9230	0.9229
40
0541	0.0252	1.0000	0.2724	0.9460	0.0511s	0.3878	0.9230	0.9229
41
0542	0.0216	1.0000	0.2570	0.9460	0.0508s	0.3875	0.9220	0.9219
42
0543	0.0227	1.0000	0.2673	0.9460	0.0506s	0.3835	0.9230	0.9229
43
0544	0.0230	1.0000	0.3029	0.9400	0.0506s	0.4081	0.9220	0.9217
44
0545	0.0361	1.0000	0.2687	0.9440	0.0506s	0.3991	0.9140	0.9141
45
0546	0.0552	1.0000	0.3275	0.9340	0.0506s	0.4307	0.9190	0.9187
46
0547	0.0483	0.9833	0.2650	0.9460	0.0507s	0.3953	0.9220	0.9218
47
0548	0.0232	1.0000	0.2465	0.9460	0.0509s	0.3953	0.9220	0.9219
48
0549	0.0278	1.0000	0.2727	0.9440	0.0508s	0.3983	0.9190	0.9187
49
0550	0.0205	1.0000	0.3045	0.9420	0.0510s	0.4273	0.9210	0.9207
50
0551	0.0249	1.0000	0.2661	0.9380	0.0505s	0.4210	0.9170	0.9168
51
0552	0.0256	1.0000	0.2582	0.9440	0.0628s	0.4158	0.9210	0.9209
52
0553	0.0219	1.0000	0.2711	0.9420	0.0567s	0.4041	0.9180	0.9178
53
0554	0.0243	1.0000	0.3086	0.9380	0.0543s	0.4228	0.9190	0.9186
54
0555	0.0278	1.0000	0.2766	0.9380	0.0536s	0.4272	0.9180	0.9178
55
0556	0.0214	1.0000	0.2647	0.9440	0.0520s	0.4263	0.9180	0.9179
56
0557	0.0231	1.0000	0.2719	0.9420	0.0513s	0.4078	0.9190	0.9188
57
0558	0.0243	1.0000	0.3426	0.9260	0.0509s	0.4215	0.9200	0.9192
58
0559	0.0330	1.0000	0.3128	0.9380	0.0513s	0.4133	0.9210	0.9207
59
0560	0.0217	1.0000	0.2705	0.9440	0.0506s	0.4117	0.9170	0.9168
60
0561	0.0205	1.0000	0.2615	0.9420	0.0508s	0.4015	0.9200	0.9199
61
0562	0.0270	1.0000	0.2812	0.9420	0.0508s	0.3873	0.9200	0.9198
62
0563	0.0199	1.0000	0.3253	0.9380	0.0507s	0.4049	0.9240	0.9235
63
0564	0.0233	1.0000	0.3120	0.9420	0.0506s	0.3956	0.9250	0.9247
64
0565	0.0204	1.0000	0.2734	0.9440	0.0506s	0.3835	0.9190	0.9188
65
0566	0.0193	1.0000	0.2697	0.9440	0.0509s	0.4058	0.9200	0.9199
66
0567	0.0289	0.9833	0.3063	0.9420	0.0505s	0.4032	0.9190	0.9187
67
0568	0.0333	1.0000	0.2980	0.9440	0.0507s	0.3580	0.9230	0.9227
68
0569	0.0335	1.0000	0.2834	0.9420	0.0505s	0.3661	0.9210	0.9208
69
0570	0.0230	1.0000	0.3463	0.9380	0.0508s	0.4694	0.9160	0.9155
70
0571	0.0474	1.0000	0.2795	0.9420	0.0507s	0.3616	0.9200	0.9199
71
0572	0.0282	1.0000	0.3006	0.9460	0.0506s	0.3644	0.9180	0.9177
72
0573	0.0301	1.0000	0.3107	0.9400	0.0507s	0.4128	0.9190	0.9187
73
0574	0.0266	1.0000	0.3120	0.9400	0.0507s	0.4588	0.9130	0.9128
74
0575	0.0241	1.0000	0.2832	0.9440	0.0519s	0.4324	0.9210	0.9209
75
0576	0.0236	1.0000	0.2794	0.9420	0.0512s	0.3844	0.9220	0.9217
76
0577	0.0207	1.0000	0.3272	0.9340	0.0510s	0.4049	0.9190	0.9184
77
0578	0.0282	1.0000	0.3019	0.9460	0.0507s	0.3901	0.9220	0.9217
78
0579	0.0311	1.0000	0.2704	0.9440	0.0499s	0.3935	0.9200	0.9199
79
0580	0.0267	1.0000	0.2814	0.9440	0.0507s	0.4206	0.9190	0.9188
80
0581	0.0212	0.9833	0.3288	0.9380	0.0508s	0.4386	0.9180	0.9176
81
0582	0.0234	1.0000	0.3229	0.9400	0.0508s	0.4110	0.9220	0.9217
82
0583	0.0263	1.0000	0.2810	0.9440	0.0506s	0.3638	0.9180	0.9178
83
0584	0.0245	1.0000	0.2760	0.9440	0.0507s	0.3681	0.9200	0.9199
84
0585	0.0242	1.0000	0.2936	0.9440	0.0509s	0.4081	0.9190	0.9187
85
0586	0.0172	1.0000	0.3440	0.9380	0.0507s	0.4618	0.9160	0.9156
86
0587	0.0320	1.0000	0.2884	0.9460	0.0507s	0.3799	0.9240	0.9238
87
0588	0.0193	1.0000	0.2936	0.9440	0.0507s	0.3610	0.9190	0.9188
88
0589	0.0379	0.9833	0.2876	0.9460	0.0506s	0.3782	0.9230	0.9228
89
0590	0.0224	1.0000	0.3113	0.9440	0.0507s	0.4361	0.9190	0.9187
90
0591	0.0234	1.0000	0.3093	0.9440	0.0507s	0.4333	0.9180	0.9177
91
0592	0.0278	1.0000	0.2801	0.9440	0.0512s	0.3739	0.9240	0.9238
92
0593	0.0214	1.0000	0.2842	0.9440	0.0504s	0.3683	0.9220	0.9218
93
0594	0.0314	1.0000	0.2928	0.9460	0.0507s	0.4079	0.9220	0.9218
94
0595	0.0251	0.9833	0.3124	0.9420	0.0508s	0.4556	0.9140	0.9137
95
0596	0.0249	1.0000	0.2862	0.9460	0.0505s	0.4223	0.9200	0.9197
96
0597	0.0251	1.0000	0.2730	0.9460	0.0511s	0.3700	0.9220	0.9218
97
0598	0.0298	1.0000	0.2771	0.9460	0.0510s	0.3743	0.9260	0.9258
98
0599	0.0251	1.0000	0.3015	0.9440	0.0508s	0.4371	0.9160	0.9157
99
0600	0.0237	1.0000	0.2781	0.9460	0.0505s	0.4268	0.9170	0.9167
100
0601	0.0303	1.0000	0.2620	0.9420	0.0505s	0.3708	0.9250	0.9248
101
0602	0.0237	1.0000	0.2764	0.9440	0.0513s	0.3689	0.9230	0.9227
102
0603	0.0244	1.0000	0.2746	0.9480	0.0506s	0.3996	0.9190	0.9187
103
0604	0.0229	1.0000	0.2972	0.9420	0.0506s	0.4515	0.9120	0.9117
104
0605	0.0255	1.0000	0.2726	0.9460	0.0508s	0.4148	0.9170	0.9167
105
0606	0.0251	1.0000	0.2736	0.9440	0.0510s	0.3633	0.9240	0.9238
106
0607	0.0260	1.0000	0.2808	0.9440	0.0508s	0.3652	0.9230	0.9228
107
0608	0.0315	1.0000	0.2765	0.9460	0.0507s	0.4186	0.9170	0.9167
108
0609	0.0195	1.0000	0.3082	0.9320	0.0506s	0.4787	0.9110	0.9110
109
0610	0.0479	0.9833	0.2593	0.9460	0.0512s	0.3711	0.9250	0.9248
110
0611	0.0211	1.0000	0.3037	0.9360	0.0506s	0.3738	0.9200	0.9197
111
0612	0.0324	1.0000	0.2761	0.9460	0.0506s	0.3670	0.9240	0.9238
112
0613	0.0200	1.0000	0.2816	0.9500	0.0505s	0.4179	0.9190	0.9187
113
0614	0.0320	1.0000	0.2944	0.9440	0.0510s	0.4394	0.9170	0.9168
114
0615	0.0402	1.0000	0.2935	0.9460	0.0508s	0.3786	0.9220	0.9217
115
0616	0.0199	1.0000	0.3062	0.9380	0.0506s	0.3729	0.9200	0.9197
116
0617	0.0306	1.0000	0.2687	0.9420	0.0507s	0.3627	0.9240	0.9238
117
0618	0.0284	1.0000	0.3116	0.9440	0.0506s	0.4444	0.9150	0.9146
118
0619	0.0331	0.9833	0.2804	0.9440	0.0506s	0.4205	0.9200	0.9197
119
0620	0.0308	1.0000	0.2622	0.9420	0.0508s	0.3727	0.9180	0.9180
120
0621	0.0291	1.0000	0.3061	0.9360	0.0508s	0.3804	0.9250	0.9247
121
0622	0.0247	1.0000	0.3171	0.9340	0.0509s	0.3954	0.9230	0.9226
122
0623	0.0289	1.0000	0.2663	0.9460	0.0506s	0.3853	0.9250	0.9248
123
0624	0.0220	1.0000	0.2679	0.9420	0.0509s	0.4106	0.9250	0.9249
124
0625	0.0343	1.0000	0.3271	0.9400	0.0506s	0.4255	0.9170	0.9166
125
0626	0.0282	1.0000	0.3390	0.9340	0.0508s	0.4122	0.9170	0.9161
126
0627	0.0308	1.0000	0.2719	0.9440	0.0506s	0.3668	0.9220	0.9219
127
0628	0.0245	1.0000	0.2631	0.9440	0.0505s	0.3893	0.9240	0.9239
128
0629	0.0244	1.0000	0.3256	0.9440	0.0514s	0.4542	0.9170	0.9166
129
0630	0.0271	1.0000	0.3098	0.9400	0.0513s	0.4229	0.9170	0.9167
130
0631	0.0242	1.0000	0.2773	0.9420	0.0511s	0.3703	0.9190	0.9189
131
0632	0.0240	1.0000	0.2828	0.9420	0.0507s	0.3690	0.9180	0.9179
132
0633	0.0256	1.0000	0.3374	0.9380	0.0511s	0.4334	0.9200	0.9195
133
0634	0.0229	1.0000	0.3631	0.9380	0.0509s	0.4761	0.9160	0.9156
134
0635	0.0313	1.0000	0.2746	0.9440	0.0509s	0.4005	0.9240	0.9238
135
0636	0.0213	1.0000	0.2825	0.9420	0.0509s	0.3879	0.9160	0.9160
136
0637	0.0320	1.0000	0.3231	0.9420	0.0511s	0.4027	0.9220	0.9216
137
0638	0.0341	0.9833	0.3481	0.9380	0.0510s	0.4567	0.9200	0.9196
138
0639	0.0329	1.0000	0.2732	0.9420	0.0507s	0.4182	0.9220	0.9219
139
0640	0.0247	1.0000	0.2683	0.9400	0.0505s	0.3916	0.9230	0.9228
140
0641	0.0242	1.0000	0.3043	0.9400	0.0508s	0.3875	0.9240	0.9237
141
0642	0.0225	1.0000	0.3371	0.9360	0.0505s	0.4184	0.9210	0.9203
142
0643	0.0255	1.0000	0.3004	0.9440	0.0506s	0.4179	0.9200	0.9197
143
0644	0.0229	1.0000	0.2730	0.9460	0.0517s	0.4179	0.9190	0.9188
144
0645	0.0241	1.0000	0.2659	0.9460	0.0511s	0.3960	0.9220	0.9218
145
0646	0.0234	1.0000	0.2810	0.9420	0.0506s	0.3712	0.9260	0.9258
146
0647	0.0197	1.0000	0.3003	0.9420	0.0505s	0.3798	0.9260	0.9257
147
0648	0.0265	1.0000	0.2820	0.9460	0.0657s	0.3955	0.9210	0.9207
148
0649	0.0199	1.0000	0.2665	0.9460	0.0588s	0.3999	0.9210	0.9208
149
0650	0.0208	1.0000	0.2623	0.9480	0.0545s	0.3923	0.9230	0.9228
150
0651	0.0204	1.0000	0.2699	0.9500	0.0532s	0.3809	0.9230	0.9228
151
0652	0.0189	1.0000	0.2868	0.9460	0.0540s	0.3865	0.9230	0.9227
152
0653	0.0210	1.0000	0.2904	0.9440	0.0518s	0.3966	0.9220	0.9217
153
0654	0.0217	1.0000	0.2762	0.9480	0.0523s	0.3805	0.9230	0.9228
154
0655	0.0189	1.0000	0.2738	0.9460	0.0525s	0.3902	0.9240	0.9238
155
0656	0.0206	0.9833	0.2733	0.9460	0.0512s	0.3882	0.9240	0.9238
156
0657	0.0272	1.0000	0.2891	0.9440	0.0507s	0.3903	0.9220	0.9218
157
0658	0.0255	1.0000	0.2769	0.9460	0.0505s	0.3722	0.9230	0.9228
158
0659	0.0253	1.0000	0.2759	0.9480	0.0511s	0.3926	0.9230	0.9228
159
0660	0.0263	1.0000	0.2680	0.9480	0.0736s	0.3993	0.9220	0.9218
160
0661	0.0232	1.0000	0.2785	0.9480	0.0841s	0.3933	0.9230	0.9228
161
0662	0.0247	1.0000	0.2650	0.9480	0.0777s	0.3735	0.9230	0.9228
162
0663	0.0224	1.0000	0.2759	0.9480	0.0621s	0.3876	0.9230	0.9228
163
0664	0.0218	1.0000	0.2659	0.9500	0.0602s	0.3937	0.9230	0.9228
164
0665	0.0232	1.0000	0.2584	0.9460	0.0595s	0.3878	0.9230	0.9228
165
0666	0.0274	1.0000	0.3094	0.9480	0.0602s	0.4044	0.9220	0.9217
166
0667	0.0336	1.0000	0.2639	0.9500	0.0600s	0.3624	0.9220	0.9218
167
0668	0.0257	1.0000	0.2768	0.9480	0.0602s	0.4025	0.9230	0.9228
168
0669	0.0243	1.0000	0.2899	0.9480	0.0596s	0.4005	0.9220	0.9218
169
0670	0.0252	1.0000	0.2772	0.9460	0.0600s	0.3607	0.9240	0.9238
170
0671	0.0316	1.0000	0.2781	0.9480	0.0597s	0.3890	0.9230	0.9228
171
0672	0.0253	0.9833	0.2758	0.9480	0.0601s	0.3994	0.9230	0.9228
172
0673	0.0237	1.0000	0.2906	0.9480	0.0598s	0.3961	0.9230	0.9228
173
0674	0.0203	1.0000	0.2843	0.9440	0.0594s	0.3713	0.9230	0.9228
174
0675	0.0221	1.0000	0.2763	0.9500	0.0546s	0.3922	0.9230	0.9228
175
0676	0.0188	1.0000	0.2929	0.9500	0.0520s	0.4189	0.9200	0.9197
176
0677	0.0217	1.0000	0.2707	0.9500	0.0509s	0.3822	0.9230	0.9228
177
0678	0.0210	1.0000	0.2740	0.9480	0.0505s	0.3742	0.9220	0.9218
178
0679	0.0226	1.0000	0.2870	0.9480	0.0506s	0.3964	0.9230	0.9228
179
0680	0.0240	1.0000	0.2534	0.9480	0.0507s	0.3704	0.9250	0.9248
180
0681	0.0208	1.0000	0.2616	0.9500	0.0514s	0.3816	0.9230	0.9228
181
0682	0.0283	1.0000	0.3539	0.9280	0.0507s	0.4470	0.9160	0.9152
182
0683	0.0362	1.0000	0.2613	0.9500	0.0505s	0.3747	0.9230	0.9228
183
0684	0.0259	0.9833	0.2837	0.9360	0.0506s	0.4180	0.9020	0.9023
184
0685	0.0499	1.0000	0.3612	0.9300	0.0505s	0.4448	0.9140	0.9128
185
0686	0.0408	1.0000	0.3602	0.9280	0.0509s	0.4729	0.9110	0.9103
186
0687	0.0307	1.0000	0.2585	0.9520	0.0511s	0.4006	0.9210	0.9209
187
0688	0.0246	1.0000	0.2602	0.9480	0.0507s	0.3961	0.9210	0.9210
0
0689	0.0289	1.0000	0.3156	0.9440	0.0506s	0.4211	0.9160	0.9155
1
0690	0.0327	1.0000	0.2827	0.9460	0.0506s	0.3766	0.9200	0.9198
2
0691	0.0236	1.0000	0.2617	0.9480	0.0507s	0.3981	0.9210	0.9210
3
0692	0.0211	1.0000	0.2979	0.9440	0.0504s	0.4477	0.9170	0.9167
4
0693	0.0338	1.0000	0.3171	0.9420	0.0505s	0.4169	0.9190	0.9185
5
0694	0.0181	1.0000	0.3293	0.9360	0.0506s	0.4024	0.9210	0.9204
6
0695	0.0358	1.0000	0.2808	0.9480	0.0509s	0.3968	0.9220	0.9218
7
0696	0.0179	1.0000	0.2880	0.9440	0.0506s	0.4400	0.9190	0.9189
8
0697	0.0281	0.9833	0.3077	0.9400	0.0504s	0.4418	0.9180	0.9177
9
0698	0.0235	1.0000	0.3051	0.9420	0.0504s	0.3907	0.9230	0.9227
10
0699	0.0190	1.0000	0.3133	0.9340	0.0499s	0.3805	0.9220	0.9215
11
0700	0.0355	0.9833	0.2940	0.9420	0.0494s	0.3880	0.9240	0.9238
12
0701	0.0236	1.0000	0.3059	0.9420	0.0507s	0.4405	0.9190	0.9188
13
0702	0.0230	1.0000	0.2899	0.9460	0.0499s	0.4276	0.9200	0.9198
14
0703	0.0321	1.0000	0.2825	0.9440	0.0507s	0.3793	0.9210	0.9208
15
0704	0.0190	1.0000	0.3219	0.9340	0.0497s	0.3876	0.9220	0.9215
16
0705	0.0250	1.0000	0.3205	0.9360	0.0505s	0.3951	0.9240	0.9236
17
0706	0.0299	1.0000	0.2789	0.9440	0.0503s	0.4016	0.9210	0.9208
18
0707	0.0237	1.0000	0.2962	0.9380	0.0506s	0.4470	0.9200	0.9199
19
0708	0.0278	1.0000	0.2838	0.9420	0.0505s	0.4260	0.9200	0.9198
20
0709	0.0231	1.0000	0.2867	0.9420	0.0507s	0.3874	0.9230	0.9228
21
0710	0.0187	1.0000	0.3273	0.9360	0.0505s	0.3946	0.9220	0.9216
22
0711	0.0284	1.0000	0.2967	0.9380	0.0506s	0.3807	0.9220	0.9217
23
0712	0.0199	1.0000	0.2766	0.9440	0.0506s	0.3957	0.9200	0.9198
24
0713	0.0203	1.0000	0.2937	0.9440	0.0507s	0.4255	0.9190	0.9188
25
0714	0.0266	1.0000	0.2690	0.9440	0.0511s	0.3847	0.9190	0.9188
26
0715	0.0273	1.0000	0.3137	0.9360	0.0507s	0.3855	0.9250	0.9247
27
0716	0.0277	1.0000	0.3117	0.9360	0.0508s	0.3717	0.9240	0.9237
28
0717	0.0260	1.0000	0.2825	0.9420	0.0505s	0.3675	0.9230	0.9228
29
0718	0.0250	1.0000	0.3286	0.9420	0.0514s	0.4456	0.9170	0.9167
30
0719	0.0238	1.0000	0.3133	0.9400	0.0504s	0.4408	0.9170	0.9168
31
0720	0.0312	1.0000	0.2775	0.9440	0.0506s	0.3899	0.9130	0.9131
32
0721	0.0399	1.0000	0.3374	0.9340	0.0503s	0.4097	0.9240	0.9236
33
0722	0.0268	1.0000	0.3656	0.9320	0.0505s	0.4372	0.9210	0.9205
34
0723	0.0312	1.0000	0.2788	0.9440	0.0510s	0.3917	0.9220	0.9218
35
0724	0.0205	1.0000	0.2799	0.9380	0.0507s	0.4265	0.9210	0.9209
36
0725	0.0450	0.9833	0.4362	0.9220	0.0513s	0.5253	0.9130	0.9122
37
0726	0.0463	1.0000	0.3925	0.9300	0.0508s	0.4448	0.9130	0.9119
38
0727	0.0425	1.0000	0.2820	0.9420	0.0505s	0.3863	0.9190	0.9189
39
0728	0.0280	1.0000	0.2730	0.9440	0.0506s	0.4165	0.9220	0.9219
40
0729	0.0257	1.0000	0.3346	0.9340	0.0505s	0.4807	0.9170	0.9167
41
0730	0.0253	1.0000	0.3644	0.9360	0.0504s	0.4769	0.9170	0.9166
42
0731	0.0259	1.0000	0.3171	0.9380	0.0504s	0.3986	0.9260	0.9256
43
0732	0.0229	1.0000	0.3004	0.9360	0.0507s	0.3831	0.9200	0.9199
44
0733	0.0300	1.0000	0.2796	0.9420	0.0504s	0.3898	0.9240	0.9238
45
0734	0.0213	1.0000	0.3079	0.9420	0.0506s	0.4446	0.9200	0.9196
46
0735	0.0266	1.0000	0.3311	0.9420	0.0506s	0.4608	0.9200	0.9196
47
0736	0.0207	1.0000	0.3144	0.9420	0.0506s	0.4220	0.9260	0.9257
48
0737	0.0243	0.9833	0.2929	0.9420	0.0505s	0.3779	0.9190	0.9189
49
0738	0.0248	0.9833	0.2981	0.9400	0.0504s	0.3756	0.9200	0.9199
50
0739	0.0242	1.0000	0.3090	0.9400	0.0503s	0.3906	0.9250	0.9248
51
0740	0.0207	1.0000	0.3478	0.9380	0.0500s	0.4424	0.9220	0.9216
52
0741	0.0316	0.9833	0.2901	0.9460	0.0657s	0.4064	0.9250	0.9248
53
0742	0.0227	1.0000	0.2802	0.9400	0.0590s	0.3934	0.9240	0.9239
54
0743	0.0340	1.0000	0.3479	0.9380	0.0528s	0.4030	0.9230	0.9226
55
0744	0.0250	1.0000	0.3698	0.9340	0.0507s	0.4237	0.9180	0.9173
56
0745	0.0343	1.0000	0.2831	0.9420	0.0495s	0.3812	0.9280	0.9279
57
0746	0.0250	1.0000	0.2778	0.9380	0.0505s	0.4114	0.9240	0.9240
58
0747	0.0349	1.0000	0.3151	0.9440	0.0505s	0.4200	0.9210	0.9207
59
0748	0.0179	1.0000	0.3698	0.9340	0.0505s	0.4373	0.9190	0.9183
60
0749	0.0379	1.0000	0.2829	0.9400	0.0504s	0.3575	0.9260	0.9258
61
0750	0.0220	1.0000	0.2695	0.9380	0.0505s	0.3757	0.9150	0.9151
62
0751	0.0349	1.0000	0.2905	0.9480	0.0505s	0.4155	0.9210	0.9207
63
0752	0.0275	1.0000	0.3513	0.9380	0.0504s	0.4621	0.9200	0.9195
64
0753	0.0382	0.9833	0.2785	0.9440	0.0509s	0.3558	0.9230	0.9229
65
0754	0.0280	1.0000	0.2923	0.9360	0.0506s	0.3877	0.9070	0.9072
66
0755	0.0360	1.0000	0.2814	0.9420	0.0503s	0.3950	0.9220	0.9218
67
0756	0.0226	1.0000	0.3493	0.9380	0.0498s	0.4824	0.9200	0.9196
68
0757	0.0273	1.0000	0.2979	0.9440	0.0504s	0.4318	0.9200	0.9197
69
0758	0.0235	0.9833	0.2773	0.9480	0.0500s	0.3786	0.9200	0.9199
70
0759	0.0264	1.0000	0.2870	0.9480	0.0495s	0.3780	0.9200	0.9199
71
0760	0.0298	1.0000	0.3203	0.9400	0.0552s	0.4234	0.9190	0.9187
72
0761	0.0232	1.0000	0.3320	0.9420	0.0559s	0.4706	0.9170	0.9167
73
0762	0.0258	1.0000	0.2783	0.9440	0.0535s	0.4353	0.9230	0.9229
74
0763	0.0276	1.0000	0.2736	0.9460	0.0519s	0.3874	0.9240	0.9239
75
0764	0.0241	1.0000	0.3087	0.9420	0.0508s	0.3904	0.9260	0.9257
76
0765	0.0290	1.0000	0.3001	0.9440	0.0502s	0.4051	0.9210	0.9207
77
0766	0.0215	1.0000	0.2885	0.9460	0.0505s	0.4311	0.9220	0.9218
78
0767	0.0249	0.9833	0.2808	0.9440	0.0518s	0.4236	0.9250	0.9248
79
0768	0.0256	1.0000	0.2912	0.9460	0.0507s	0.4081	0.9230	0.9227
80
0769	0.0207	1.0000	0.3109	0.9400	0.0505s	0.4040	0.9230	0.9227
81
0770	0.0182	1.0000	0.2982	0.9440	0.0509s	0.3842	0.9260	0.9257
82
0771	0.0226	1.0000	0.2720	0.9460	0.0507s	0.3835	0.9290	0.9288
83
0772	0.0219	1.0000	0.2736	0.9460	0.0506s	0.3948	0.9270	0.9268
84
0773	0.0218	1.0000	0.3080	0.9460	0.0505s	0.4151	0.9230	0.9227
85
0774	0.0224	1.0000	0.2935	0.9420	0.0505s	0.3791	0.9250	0.9247
86
0775	0.0218	1.0000	0.2705	0.9460	0.0508s	0.3634	0.9260	0.9259
87
0776	0.0300	1.0000	0.2912	0.9460	0.0507s	0.3974	0.9250	0.9248
88
0777	0.0188	1.0000	0.3169	0.9480	0.0507s	0.4294	0.9210	0.9207
89
0778	0.0277	1.0000	0.2713	0.9440	0.0505s	0.3686	0.9280	0.9278
90
0779	0.0203	1.0000	0.2753	0.9460	0.0506s	0.3605	0.9270	0.9268
91
0780	0.0222	1.0000	0.3080	0.9420	0.0506s	0.3889	0.9250	0.9247
92
0781	0.0203	1.0000	0.3349	0.9440	0.0504s	0.4392	0.9170	0.9165
93
0782	0.0364	1.0000	0.2704	0.9440	0.0506s	0.3717	0.9250	0.9249
94
0783	0.0264	1.0000	0.2790	0.9440	0.0507s	0.3649	0.9270	0.9268
95
0784	0.0267	1.0000	0.3586	0.9360	0.0507s	0.4467	0.9180	0.9176
96
0785	0.0299	1.0000	0.3426	0.9400	0.0505s	0.4585	0.9190	0.9185
97
0786	0.0332	1.0000	0.2699	0.9440	0.0506s	0.3714	0.9240	0.9239
98
0787	0.0273	1.0000	0.2896	0.9440	0.0509s	0.3643	0.9250	0.9248
99
0788	0.0280	1.0000	0.3251	0.9380	0.0506s	0.4140	0.9260	0.9257
100
0789	0.0219	1.0000	0.3287	0.9380	0.0509s	0.4566	0.9180	0.9176
101
0790	0.0250	1.0000	0.2886	0.9460	0.0504s	0.4220	0.9270	0.9268
102
0791	0.0224	1.0000	0.2751	0.9440	0.0509s	0.3744	0.9220	0.9219
103
0792	0.0213	1.0000	0.2982	0.9400	0.0506s	0.3695	0.9280	0.9278
104
0793	0.0226	1.0000	0.3205	0.9400	0.0508s	0.4106	0.9250	0.9247
105
0794	0.0223	1.0000	0.3017	0.9460	0.0508s	0.4277	0.9260	0.9257
106
0795	0.0312	1.0000	0.2763	0.9420	0.0503s	0.3752	0.9220	0.9219
107
0796	0.0321	1.0000	0.3534	0.9300	0.0505s	0.3972	0.9200	0.9193
108
0797	0.0375	1.0000	0.3131	0.9400	0.0505s	0.3964	0.9250	0.9247
109
0798	0.0228	1.0000	0.2892	0.9440	0.0508s	0.4230	0.9240	0.9237
110
0799	0.0272	1.0000	0.2789	0.9480	0.0507s	0.4064	0.9260	0.9258
111
0800	0.0281	1.0000	0.3008	0.9400	0.0507s	0.3891	0.9250	0.9248
112
0801	0.0200	1.0000	0.3411	0.9340	0.0538s	0.4089	0.9240	0.9235
113
0802	0.0270	1.0000	0.2906	0.9440	0.0501s	0.3759	0.9280	0.9278
114
0803	0.0183	1.0000	0.2779	0.9440	0.0507s	0.3849	0.9270	0.9269
115
0804	0.0292	1.0000	0.3340	0.9420	0.0505s	0.4349	0.9220	0.9216
116
0805	0.0233	1.0000	0.3290	0.9400	0.0499s	0.4174	0.9230	0.9227
117
0806	0.0302	1.0000	0.2830	0.9440	0.0498s	0.3857	0.9270	0.9268
118
0807	0.0224	1.0000	0.2816	0.9420	0.0503s	0.3961	0.9280	0.9279
119
0808	0.0245	1.0000	0.3268	0.9400	0.0507s	0.4276	0.9210	0.9207
120
0809	0.0239	1.0000	0.3308	0.9400	0.0500s	0.4119	0.9220	0.9216
121
0810	0.0262	1.0000	0.2878	0.9440	0.0498s	0.3709	0.9270	0.9269
122
0811	0.0282	1.0000	0.2820	0.9420	0.0500s	0.3926	0.9250	0.9249
123
0812	0.0230	1.0000	0.3061	0.9440	0.0508s	0.4260	0.9220	0.9217
124
0813	0.0239	1.0000	0.2935	0.9420	0.0502s	0.3846	0.9240	0.9238
125
0814	0.0184	1.0000	0.2978	0.9420	0.0506s	0.3732	0.9260	0.9258
126
0815	0.0237	1.0000	0.2911	0.9440	0.0501s	0.4000	0.9220	0.9218
127
0816	0.0200	1.0000	0.2906	0.9460	0.0498s	0.4207	0.9230	0.9228
128
0817	0.0254	1.0000	0.2789	0.9420	0.0505s	0.3745	0.9270	0.9268
129
0818	0.0213	1.0000	0.3075	0.9420	0.0507s	0.3769	0.9260	0.9258
130
0819	0.0294	0.9833	0.2993	0.9440	0.0506s	0.4096	0.9220	0.9217
131
0820	0.0218	1.0000	0.2708	0.9400	0.0504s	0.3982	0.9240	0.9239
132
0821	0.0245	1.0000	0.2819	0.9440	0.0507s	0.3833	0.9250	0.9248
133
0822	0.0191	1.0000	0.3124	0.9420	0.0507s	0.3832	0.9230	0.9228
134
0823	0.0298	1.0000	0.3615	0.9340	0.0510s	0.4518	0.9170	0.9166
135
0824	0.0354	0.9833	0.2673	0.9420	0.0507s	0.3697	0.9280	0.9279
136
0825	0.0269	1.0000	0.2712	0.9420	0.0507s	0.3616	0.9280	0.9279
137
0826	0.0245	1.0000	0.3394	0.9380	0.0504s	0.4298	0.9170	0.9166
138
0827	0.0253	1.0000	0.3355	0.9380	0.0506s	0.4263	0.9170	0.9166
139
0828	0.0392	1.0000	0.3044	0.9340	0.0505s	0.4233	0.9050	0.9055
140
0829	0.0535	0.9833	0.2791	0.9440	0.0504s	0.3838	0.9220	0.9218
141
0830	0.0185	1.0000	0.3995	0.9240	0.0513s	0.5116	0.9060	0.9052
142
0831	0.0498	1.0000	0.2932	0.9440	0.0506s	0.3610	0.9220	0.9219
143
0832	0.0299	1.0000	0.2933	0.9400	0.0508s	0.3924	0.9090	0.9093
144
0833	0.0397	1.0000	0.2902	0.9420	0.0501s	0.3823	0.9220	0.9219
145
0834	0.0205	1.0000	0.3700	0.9320	0.0510s	0.4778	0.9120	0.9113
146
0835	0.0402	1.0000	0.3110	0.9400	0.0506s	0.4242	0.9180	0.9177
147
0836	0.0251	1.0000	0.2901	0.9420	0.0506s	0.3769	0.9210	0.9209
148
0837	0.0237	1.0000	0.2986	0.9400	0.0811s	0.3766	0.9220	0.9220
149
0838	0.0281	1.0000	0.2981	0.9440	0.0661s	0.3915	0.9230	0.9229
150
0839	0.0274	1.0000	0.3262	0.9400	0.0599s	0.4516	0.9180	0.9177
151
0840	0.0336	1.0000	0.3148	0.9400	0.0590s	0.4328	0.9210	0.9208
152
0841	0.0250	1.0000	0.3041	0.9400	0.0591s	0.3923	0.9230	0.9229
153
0842	0.0264	1.0000	0.2947	0.9420	0.0590s	0.3916	0.9240	0.9239
154
0843	0.0216	1.0000	0.2877	0.9400	0.0593s	0.4094	0.9230	0.9229
155
0844	0.0214	1.0000	0.3157	0.9400	0.0591s	0.4304	0.9230	0.9227
156
0845	0.0177	1.0000	0.3404	0.9380	0.0594s	0.4425	0.9220	0.9217
157
0846	0.0236	1.0000	0.3148	0.9400	0.0594s	0.4239	0.9220	0.9218
158
0847	0.0282	1.0000	0.2847	0.9460	0.0593s	0.3951	0.9200	0.9200
159
0848	0.0264	1.0000	0.2950	0.9440	0.0592s	0.3756	0.9230	0.9229
160
0849	0.0214	1.0000	0.3183	0.9400	0.0593s	0.3964	0.9250	0.9247
161
0850	0.0228	1.0000	0.3322	0.9420	0.0592s	0.4461	0.9240	0.9237
162
0851	0.0231	1.0000	0.2983	0.9420	0.0557s	0.4224	0.9230	0.9228
163
0852	0.0255	1.0000	0.2891	0.9440	0.0525s	0.3756	0.9270	0.9269
164
0853	0.0204	1.0000	0.3074	0.9420	0.0642s	0.3724	0.9240	0.9238
165
0854	0.0322	1.0000	0.2864	0.9440	0.0600s	0.3931	0.9260	0.9258
166
0855	0.0210	1.0000	0.3108	0.9440	0.0598s	0.4376	0.9210	0.9208
167
0856	0.0248	1.0000	0.3041	0.9420	0.0601s	0.4102	0.9230	0.9227
168
0857	0.0194	1.0000	0.2837	0.9440	0.0600s	0.3707	0.9260	0.9258
169
0858	0.0212	1.0000	0.2792	0.9440	0.0596s	0.3607	0.9260	0.9259
170
0859	0.0246	1.0000	0.3034	0.9440	0.0600s	0.3896	0.9260	0.9258
171
0860	0.0199	1.0000	0.3203	0.9440	0.0599s	0.4203	0.9240	0.9237
172
0861	0.0322	1.0000	0.2789	0.9440	0.0601s	0.3780	0.9220	0.9220
173
0862	0.0402	0.9833	0.3018	0.9380	0.0600s	0.3607	0.9240	0.9238
174
0863	0.0281	1.0000	0.3371	0.9400	0.0598s	0.4281	0.9240	0.9237
175
0864	0.0374	1.0000	0.2683	0.9440	0.0600s	0.3833	0.9280	0.9279
176
0865	0.0279	1.0000	0.2661	0.9420	0.0601s	0.3700	0.9260	0.9258
177
0866	0.0243	1.0000	0.3363	0.9380	0.0604s	0.4100	0.9230	0.9226
178
0867	0.0255	1.0000	0.3150	0.9420	0.0598s	0.3964	0.9230	0.9226
179
0868	0.0220	1.0000	0.2639	0.9440	0.0599s	0.3688	0.9270	0.9269
180
0869	0.0353	1.0000	0.3020	0.9360	0.0601s	0.3549	0.9240	0.9237
181
0870	0.0226	1.0000	0.3191	0.9380	0.0599s	0.3790	0.9220	0.9216
182
0871	0.0242	1.0000	0.2815	0.9440	0.0591s	0.3942	0.9250	0.9248
183
0872	0.0201	1.0000	0.2848	0.9380	0.0535s	0.4094	0.9240	0.9238
184
0873	0.0280	1.0000	0.2889	0.9440	0.0516s	0.3769	0.9260	0.9258
185
0874	0.0212	1.0000	0.3149	0.9340	0.0530s	0.3672	0.9240	0.9236
186
0875	0.0240	1.0000	0.3122	0.9400	0.0506s	0.3855	0.9240	0.9237
187
0876	0.0174	1.0000	0.3004	0.9460	0.0508s	0.4092	0.9220	0.9217
188
0877	0.0272	1.0000	0.2859	0.9420	0.0502s	0.3693	0.9260	0.9258
189
0878	0.0182	1.0000	0.2879	0.9420	0.0501s	0.3488	0.9310	0.9308
190
0879	0.0225	1.0000	0.3036	0.9460	0.0504s	0.3741	0.9270	0.9268
191
0880	0.0211	1.0000	0.2896	0.9440	0.0517s	0.3692	0.9270	0.9268
192
0881	0.0209	1.0000	0.2898	0.9460	0.0507s	0.3747	0.9260	0.9258
193
0882	0.0196	1.0000	0.2943	0.9460	0.0506s	0.3826	0.9260	0.9258
194
0883	0.0219	1.0000	0.2880	0.9460	0.0509s	0.3582	0.9260	0.9258
195
0884	0.0191	1.0000	0.2823	0.9400	0.0506s	0.3316	0.9290	0.9288
196
0885	0.0186	1.0000	0.2819	0.9420	0.0518s	0.3355	0.9260	0.9258
197
0886	0.0208	1.0000	0.2892	0.9460	0.0507s	0.3540	0.9260	0.9258
198
0887	0.0189	1.0000	0.2796	0.9420	0.0506s	0.3550	0.9270	0.9268
199
Early stop! Min loss:0.2186693549156189,  Max accuracy:0.9520000000000001
Early stop model validation loss:0.2186693549156189,  accuracy:0.9480000000000001
Optimization Finished!
Total time elapsed: 46.4226s
test max acc:0.9310
Loading 79th epoch
stru_node_to_hop attention:tensor([[0.3297, 0.3352, 0.3350],
        [0.3334, 0.3333, 0.3333],
        [0.3331, 0.3334, 0.3335],
        [0.3336, 0.3332, 0.3332],
        [0.3334, 0.3333, 0.3333],
        [0.3324, 0.3339, 0.3337],
        [0.3300, 0.3350, 0.3350],
        [0.3337, 0.3331, 0.3331],
        [0.3333, 0.3334, 0.3334],
        [0.3342, 0.3327, 0.3331],
        [0.3331, 0.3334, 0.3335],
        [0.3335, 0.3333, 0.3333],
        [0.3335, 0.3332, 0.3333],
        [0.3333, 0.3333, 0.3333],
        [0.3334, 0.3330, 0.3336],
        [0.3311, 0.3342, 0.3347],
        [0.3334, 0.3333, 0.3333],
        [0.3286, 0.3359, 0.3355],
        [0.3333, 0.3333, 0.3334],
        [0.3333, 0.3333, 0.3333],
        [0.3331, 0.3335, 0.3334],
        [0.3334, 0.3333, 0.3333],
        [0.3309, 0.3335, 0.3357],
        [0.3334, 0.3333, 0.3333],
        [0.3332, 0.3334, 0.3334],
        [0.3335, 0.3333, 0.3333],
        [0.3334, 0.3333, 0.3333],
        [0.3325, 0.3336, 0.3339],
        [0.3334, 0.3333, 0.3333],
        [0.3311, 0.3335, 0.3354],
        [0.3332, 0.3337, 0.3331],
        [0.3333, 0.3334, 0.3334],
        [0.3254, 0.3369, 0.3377],
        [0.3272, 0.3354, 0.3373],
        [0.3313, 0.3344, 0.3343],
        [0.3331, 0.3335, 0.3334],
        [0.3334, 0.3333, 0.3333],
        [0.3322, 0.3336, 0.3341],
        [0.3316, 0.3342, 0.3342],
        [0.3489, 0.3258, 0.3252],
        [0.3334, 0.3333, 0.3333],
        [0.3256, 0.3372, 0.3372],
        [0.3335, 0.3333, 0.3333],
        [0.3335, 0.3332, 0.3332],
        [0.3333, 0.3334, 0.3333],
        [0.3333, 0.3333, 0.3333],
        [0.3335, 0.3331, 0.3333],
        [0.3311, 0.3345, 0.3344],
        [0.3324, 0.3341, 0.3334],
        [0.3327, 0.3335, 0.3338],
        [0.3331, 0.3334, 0.3335],
        [0.3526, 0.3223, 0.3251],
        [0.3334, 0.3333, 0.3333],
        [0.3329, 0.3336, 0.3335],
        [0.3335, 0.3333, 0.3332],
        [0.3334, 0.3333, 0.3333],
        [0.3328, 0.3335, 0.3337],
        [0.3327, 0.3331, 0.3342],
        [0.3317, 0.3341, 0.3342],
        [0.3334, 0.3333, 0.3333],
        [0.3333, 0.3333, 0.3334],
        [0.3334, 0.3333, 0.3333],
        [0.3334, 0.3333, 0.3333],
        [0.3338, 0.3331, 0.3331],
        [0.3333, 0.3333, 0.3333],
        [0.3333, 0.3334, 0.3334],
        [0.3300, 0.3346, 0.3354],
        [0.3333, 0.3333, 0.3334],
        [0.3249, 0.3382, 0.3370],
        [0.3334, 0.3333, 0.3333],
        [0.3181, 0.3437, 0.3381],
        [0.3301, 0.3349, 0.3350],
        [0.3333, 0.3333, 0.3333],
        [0.3334, 0.3333, 0.3333],
        [0.3335, 0.3333, 0.3333],
        [0.3334, 0.3333, 0.3333],
        [0.3335, 0.3332, 0.3332],
        [0.3333, 0.3333, 0.3333],
        [0.3333, 0.3333, 0.3333],
        [0.3333, 0.3333, 0.3334],
        [0.3319, 0.3340, 0.3341],
        [0.3364, 0.3320, 0.3316],
        [0.3336, 0.3332, 0.3333],
        [0.3327, 0.3336, 0.3337],
        [0.3279, 0.3364, 0.3357],
        [0.3333, 0.3334, 0.3333],
        [0.3334, 0.3333, 0.3333],
        [0.3321, 0.3340, 0.3340],
        [0.3334, 0.3333, 0.3333],
        [0.3332, 0.3334, 0.3334],
        [0.3332, 0.3334, 0.3334],
        [0.3331, 0.3329, 0.3339],
        [0.3334, 0.3333, 0.3333],
        [0.3333, 0.3333, 0.3333],
        [0.3273, 0.3360, 0.3367],
        [0.3354, 0.3300, 0.3346],
        [0.3333, 0.3333, 0.3333],
        [0.3324, 0.3340, 0.3336],
        [0.3333, 0.3333, 0.3333],
        [0.3333, 0.3333, 0.3333]], device='cuda:1')
fea_node_to_hop attention:tensor([[0.1994, 0.2004, 0.2003, 0.2001, 0.1999],
        [0.2000, 0.2000, 0.2000, 0.2000, 0.2000],
        [0.1998, 0.2001, 0.2001, 0.2000, 0.2000],
        [0.2003, 0.1997, 0.2001, 0.2000, 0.1999],
        [0.1999, 0.2000, 0.2000, 0.2000, 0.2000],
        [0.2014, 0.1990, 0.1996, 0.1999, 0.2001],
        [0.1968, 0.2011, 0.2009, 0.2007, 0.2005],
        [0.1999, 0.2002, 0.2000, 0.2000, 0.1999],
        [0.1999, 0.2000, 0.2000, 0.2000, 0.2000],
        [0.2008, 0.2003, 0.1996, 0.1996, 0.1997],
        [0.1996, 0.2002, 0.2001, 0.2001, 0.2000],
        [0.2000, 0.2000, 0.2000, 0.2000, 0.2000],
        [0.2005, 0.1998, 0.2000, 0.1999, 0.1999],
        [0.2000, 0.2000, 0.2000, 0.2000, 0.2000],
        [0.1997, 0.2000, 0.2002, 0.2001, 0.2000],
        [0.1984, 0.2009, 0.2004, 0.2002, 0.2000],
        [0.1998, 0.2000, 0.2001, 0.2001, 0.2000],
        [0.2002, 0.2003, 0.1999, 0.1998, 0.1998],
        [0.1999, 0.2001, 0.2000, 0.2000, 0.2000],
        [0.2000, 0.1986, 0.2000, 0.2006, 0.2009],
        [0.2002, 0.1999, 0.1999, 0.2000, 0.2000],
        [0.2000, 0.2000, 0.2000, 0.2000, 0.2000],
        [0.1947, 0.2027, 0.2012, 0.2010, 0.2004],
        [0.2000, 0.2000, 0.2000, 0.2000, 0.2000],
        [0.1998, 0.2002, 0.2001, 0.2000, 0.2000],
        [0.2000, 0.2000, 0.2000, 0.2000, 0.2000],
        [0.2000, 0.2000, 0.2000, 0.2000, 0.2000],
        [0.2001, 0.2007, 0.1999, 0.1997, 0.1996],
        [0.1999, 0.2000, 0.2000, 0.2000, 0.2000],
        [0.1980, 0.2003, 0.2008, 0.2006, 0.2003],
        [0.1989, 0.2000, 0.2005, 0.2004, 0.2003],
        [0.2000, 0.2000, 0.2000, 0.2000, 0.2000],
        [0.1982, 0.2042, 0.2009, 0.1992, 0.1975],
        [0.1939, 0.2018, 0.2015, 0.2016, 0.2012],
        [0.2005, 0.2002, 0.1998, 0.1997, 0.1997],
        [0.1998, 0.2002, 0.2000, 0.2000, 0.2000],
        [0.2000, 0.2000, 0.2000, 0.2000, 0.2000],
        [0.1993, 0.2003, 0.2003, 0.2002, 0.2000],
        [0.2001, 0.1994, 0.2004, 0.2001, 0.2000],
        [0.1987, 0.2025, 0.2007, 0.1996, 0.1985],
        [0.2000, 0.2000, 0.2000, 0.2000, 0.2000],
        [0.2001, 0.1982, 0.2002, 0.2006, 0.2008],
        [0.2000, 0.2000, 0.2000, 0.2000, 0.2000],
        [0.2000, 0.2000, 0.2000, 0.2000, 0.2000],
        [0.1995, 0.2002, 0.2002, 0.2001, 0.2000],
        [0.1985, 0.2011, 0.2003, 0.2002, 0.1999],
        [0.1999, 0.2000, 0.2001, 0.2000, 0.2000],
        [0.1995, 0.2001, 0.2003, 0.2002, 0.2000],
        [0.2022, 0.1993, 0.1996, 0.1994, 0.1994],
        [0.1987, 0.2004, 0.2005, 0.2003, 0.2001],
        [0.1998, 0.2004, 0.2001, 0.2000, 0.1998],
        [0.1962, 0.2010, 0.2011, 0.2011, 0.2006],
        [0.2000, 0.2000, 0.2000, 0.2000, 0.2000],
        [0.1989, 0.1999, 0.2006, 0.2004, 0.2003],
        [0.2000, 0.2000, 0.2000, 0.2000, 0.2000],
        [0.2000, 0.2000, 0.2000, 0.2000, 0.2000],
        [0.1995, 0.2001, 0.2002, 0.2001, 0.2001],
        [0.1988, 0.2005, 0.2005, 0.2002, 0.2000],
        [0.1994, 0.2003, 0.2002, 0.2001, 0.2000],
        [0.1997, 0.2003, 0.2001, 0.2000, 0.1999],
        [0.2000, 0.2000, 0.2000, 0.2000, 0.2000],
        [0.2001, 0.1999, 0.2000, 0.2000, 0.2000],
        [0.2003, 0.2003, 0.1999, 0.1998, 0.1997],
        [0.2001, 0.2000, 0.2000, 0.2000, 0.2000],
        [0.1998, 0.2001, 0.2001, 0.2000, 0.2000],
        [0.1998, 0.2001, 0.2001, 0.2000, 0.2000],
        [0.2013, 0.1993, 0.1999, 0.1997, 0.1998],
        [0.1997, 0.2001, 0.2002, 0.2001, 0.2000],
        [0.1920, 0.2024, 0.2020, 0.2020, 0.2016],
        [0.2000, 0.2000, 0.2000, 0.2000, 0.2000],
        [0.1956, 0.2010, 0.2007, 0.2013, 0.2014],
        [0.1951, 0.2009, 0.2013, 0.2014, 0.2013],
        [0.1991, 0.2004, 0.2003, 0.2002, 0.2001],
        [0.1999, 0.2001, 0.2000, 0.2000, 0.2000],
        [0.2000, 0.2000, 0.2000, 0.2000, 0.2000],
        [0.1999, 0.2000, 0.2000, 0.2000, 0.2000],
        [0.2000, 0.2000, 0.2000, 0.2000, 0.2000],
        [0.1993, 0.1992, 0.2011, 0.2004, 0.2000],
        [0.1982, 0.2015, 0.2006, 0.2001, 0.1997],
        [0.1998, 0.2001, 0.2001, 0.2000, 0.2000],
        [0.1990, 0.2000, 0.2004, 0.2003, 0.2002],
        [0.2023, 0.1980, 0.1999, 0.1998, 0.1999],
        [0.1997, 0.2001, 0.2002, 0.2001, 0.2000],
        [0.1995, 0.2002, 0.2002, 0.2001, 0.2000],
        [0.1955, 0.2022, 0.2011, 0.2009, 0.2004],
        [0.2001, 0.2000, 0.2000, 0.2000, 0.1999],
        [0.2000, 0.2000, 0.2000, 0.2000, 0.2000],
        [0.1992, 0.2004, 0.2003, 0.2001, 0.2000],
        [0.1998, 0.2000, 0.2001, 0.2000, 0.2000],
        [0.2000, 0.2000, 0.2000, 0.2000, 0.2000],
        [0.1998, 0.2000, 0.2001, 0.2001, 0.2000],
        [0.1995, 0.1997, 0.2005, 0.2003, 0.2001],
        [0.1999, 0.2000, 0.2000, 0.2000, 0.2000],
        [0.2000, 0.2000, 0.2000, 0.2000, 0.2000],
        [0.1962, 0.2004, 0.2011, 0.2011, 0.2011],
        [0.1959, 0.2044, 0.2012, 0.1999, 0.1986],
        [0.1998, 0.2002, 0.2001, 0.2000, 0.2000],
        [0.1990, 0.2006, 0.2002, 0.2001, 0.2000],
        [0.2028, 0.1988, 0.1993, 0.1994, 0.1996],
        [0.1995, 0.2003, 0.2004, 0.2000, 0.1998]], device='cuda:1')
perception attention:tensor([0.3900, 0.6100], device='cuda:1')
Test set results: loss= 0.3049 accuracy= 0.9190 F1_score= 0.9189
