# epoch	loss_train	acc_train	loss_val	acc_val	time	acc_test	f1_test
0001	2.9310	0.0500	6.6614	0.1920	0.0504s	6.3051	0.1930	0.0363
0
0002	6.7007	0.1895	8.0441	0.2040	0.0504s	7.5290	0.2320	0.0405
0
0003	8.0466	0.1684	5.1456	0.0740	0.0500s	4.9888	0.0720	0.0071
0
0004	5.1834	0.0763	3.1763	0.1720	0.0503s	3.1328	0.1440	0.0751
0
0005	3.1208	0.1763	2.6519	0.2840	0.0507s	2.6174	0.3080	0.2008
0
0006	2.5551	0.3289	2.4739	0.2880	0.0504s	2.4275	0.3190	0.1612
0
0007	2.3860	0.3079	2.4092	0.2500	0.0509s	2.3292	0.2960	0.1298
0
0008	2.3270	0.2895	2.2515	0.3360	0.0504s	2.1573	0.3640	0.2239
0
0009	2.1455	0.4000	2.1225	0.3220	0.0506s	2.0265	0.3370	0.2118
0
0010	1.9848	0.3737	2.0306	0.3040	0.0505s	1.9361	0.3140	0.2045
0
0011	1.8762	0.3895	1.9048	0.4940	0.0508s	1.8135	0.5190	0.3334
0
0012	1.7550	0.5105	1.7876	0.5280	0.0505s	1.6894	0.5510	0.3622
0
0013	1.6319	0.5263	1.7188	0.5060	0.0503s	1.6080	0.5340	0.3524
0
0014	1.5259	0.5211	1.6520	0.5440	0.0503s	1.5303	0.5760	0.3860
0
0015	1.4214	0.5737	1.6380	0.5980	0.0512s	1.4972	0.6090	0.4493
0
0016	1.3168	0.6447	1.6611	0.5540	0.0504s	1.4943	0.6040	0.4384
0
0017	1.2698	0.6395	1.5959	0.5880	0.0504s	1.4135	0.6220	0.4662
1
0018	1.1647	0.6605	1.5714	0.5720	0.0507s	1.3768	0.6330	0.4590
0
0019	1.0804	0.6447	1.5896	0.6020	0.0504s	1.3885	0.6340	0.4677
0
0020	1.0183	0.6737	1.6154	0.6080	0.0507s	1.4128	0.6480	0.4879
0
0021	0.9684	0.6868	1.5966	0.6280	0.0506s	1.3947	0.6520	0.4925
0
0022	0.9423	0.6789	1.5795	0.6040	0.0504s	1.3832	0.6600	0.5017
0
0023	0.8802	0.7105	1.6096	0.6340	0.0503s	1.4077	0.6360	0.4849
1
0024	0.8796	0.6947	1.5589	0.6100	0.0504s	1.3860	0.6650	0.5264
0
0025	0.7825	0.7605	1.5061	0.6500	0.0504s	1.3629	0.6590	0.5236
0
0026	0.7923	0.7316	1.5047	0.6440	0.0504s	1.3587	0.6610	0.5070
0
0027	0.7188	0.7816	1.4608	0.6380	0.0503s	1.3075	0.6900	0.5157
0
0028	0.6498	0.8132	1.4406	0.6440	0.0504s	1.3125	0.6890	0.5554
0
0029	0.6274	0.8053	1.4162	0.6580	0.0503s	1.3071	0.6810	0.5421
0
0030	0.5866	0.8368	1.4302	0.6660	0.0501s	1.3401	0.6710	0.5430
0
0031	0.6012	0.8105	1.3539	0.6820	0.0501s	1.2735	0.6880	0.5653
0
0032	0.5389	0.8342	1.3658	0.6660	0.0503s	1.2813	0.6760	0.5514
0
0033	0.5469	0.8447	1.3994	0.6660	0.0502s	1.2942	0.6690	0.5578
1
0034	0.5078	0.8447	1.3868	0.6700	0.0501s	1.2884	0.6810	0.5659
2
0035	0.4641	0.8789	1.3983	0.6800	0.0500s	1.2975	0.6900	0.5549
3
0036	0.4645	0.8553	1.3962	0.6740	0.0501s	1.2860	0.6950	0.5603
4
0037	0.4655	0.8711	1.3700	0.6740	0.0501s	1.2527	0.6890	0.5703
5
0038	0.4226	0.8895	1.3866	0.7000	0.0503s	1.2638	0.6970	0.5685
6
0039	0.3923	0.8895	1.4052	0.6920	0.0502s	1.2910	0.6920	0.5600
0
0040	0.3767	0.9053	1.3939	0.7000	0.0501s	1.3090	0.6820	0.5513
1
0041	0.3506	0.9053	1.4079	0.6880	0.0503s	1.3199	0.6780	0.5454
0
0042	0.3468	0.9263	1.4719	0.6740	0.0500s	1.3711	0.6690	0.5441
1
0043	0.3441	0.9079	1.3850	0.6960	0.0502s	1.2947	0.6880	0.5555
2
0044	0.3229	0.9079	1.3319	0.7040	0.0505s	1.2494	0.7110	0.5814
3
0045	0.3170	0.9289	1.3266	0.7000	0.0504s	1.2492	0.7080	0.5812
0
0046	0.3044	0.9395	1.3716	0.6900	0.0501s	1.2868	0.6880	0.5682
0
0047	0.2781	0.9368	1.4138	0.6980	0.0503s	1.3335	0.6850	0.5663
1
0048	0.2954	0.9105	1.4074	0.7000	0.0502s	1.3422	0.6850	0.5651
2
0049	0.2746	0.9395	1.4001	0.6980	0.0502s	1.3338	0.7040	0.5855
3
0050	0.2622	0.9447	1.3814	0.6940	0.0504s	1.3074	0.7040	0.5766
4
0051	0.2566	0.9395	1.4310	0.6960	0.0502s	1.3422	0.6960	0.5725
5
0052	0.2621	0.9368	1.4193	0.6940	0.0500s	1.3326	0.6950	0.5601
6
0053	0.2423	0.9526	1.4434	0.6920	0.0503s	1.3639	0.6900	0.5605
7
0054	0.3020	0.9237	1.4287	0.6940	0.0507s	1.3618	0.6870	0.5585
8
0055	0.2569	0.9500	1.3830	0.7040	0.0503s	1.3309	0.7070	0.5810
9
0056	0.2402	0.9395	1.4271	0.7100	0.0503s	1.3495	0.6960	0.5744
0
0057	0.2658	0.9447	1.5172	0.6900	0.0504s	1.4352	0.6720	0.5594
0
0058	0.2597	0.9421	1.5137	0.6940	0.0505s	1.4317	0.6830	0.5577
1
0059	0.2527	0.9447	1.4819	0.6940	0.0504s	1.3906	0.6900	0.5548
2
0060	0.2298	0.9553	1.3865	0.7120	0.0504s	1.3023	0.7100	0.5733
3
0061	0.2201	0.9526	1.3848	0.7080	0.0502s	1.2907	0.7030	0.5859
0
0062	0.2515	0.9447	1.4344	0.6960	0.0502s	1.3345	0.6970	0.5883
1
0063	0.2182	0.9500	1.3796	0.7080	0.0503s	1.3212	0.7130	0.5880
2
0064	0.2506	0.9421	1.4435	0.7000	0.0503s	1.3953	0.6870	0.5660
3
0065	0.2529	0.9500	1.4251	0.6960	0.0504s	1.3709	0.6920	0.5635
4
0066	0.2447	0.9447	1.4027	0.7000	0.0504s	1.3410	0.6910	0.5729
5
0067	0.2216	0.9632	1.3816	0.7060	0.0502s	1.3172	0.6910	0.5706
6
0068	0.2043	0.9579	1.3380	0.7100	0.0501s	1.2786	0.7160	0.5811
7
0069	0.2297	0.9395	1.3659	0.7060	0.0503s	1.2971	0.7020	0.5738
8
0070	0.2577	0.9421	1.4944	0.6860	0.0503s	1.4161	0.6820	0.5671
9
0071	0.2270	0.9553	1.5430	0.6780	0.0502s	1.4626	0.6810	0.5819
10
0072	0.2293	0.9447	1.4477	0.7000	0.0505s	1.3742	0.6900	0.5703
11
0073	0.2340	0.9474	1.3748	0.7100	0.0504s	1.3028	0.6960	0.5774
12
0074	0.1979	0.9500	1.3979	0.7060	0.0502s	1.3087	0.7050	0.5737
13
0075	0.2336	0.9368	1.4370	0.7060	0.0505s	1.3515	0.6800	0.5800
14
0076	0.2255	0.9605	1.4045	0.7040	0.0503s	1.3115	0.6870	0.5708
15
0077	0.2217	0.9474	1.4198	0.6920	0.0503s	1.3207	0.6950	0.5647
16
0078	0.2202	0.9579	1.4195	0.6960	0.0503s	1.3218	0.7130	0.5814
17
0079	0.2275	0.9526	1.3772	0.6960	0.0502s	1.2863	0.7070	0.5801
18
0080	0.2288	0.9447	1.4123	0.7000	0.0511s	1.3322	0.6820	0.5704
19
0081	0.2024	0.9579	1.4129	0.7120	0.0503s	1.3417	0.6830	0.5731
20
0082	0.2098	0.9526	1.3409	0.7160	0.0501s	1.2812	0.7010	0.5817
0
0083	0.2009	0.9553	1.3351	0.7120	0.0501s	1.2844	0.6950	0.5726
0
0084	0.2268	0.9447	1.3950	0.7140	0.0502s	1.3146	0.6930	0.5619
1
0085	0.2046	0.9658	1.4581	0.6980	0.0501s	1.3505	0.6840	0.5635
2
0086	0.1913	0.9737	1.4337	0.6980	0.0503s	1.3227	0.6960	0.5775
3
0087	0.2111	0.9553	1.3382	0.7160	0.0967s	1.2427	0.7080	0.5869
4
0088	0.2084	0.9605	1.3467	0.7160	0.0730s	1.2770	0.7000	0.5822
0
0089	0.2266	0.9684	1.3138	0.7160	0.0714s	1.2451	0.7070	0.5891
0
0090	0.1996	0.9684	1.4651	0.6760	0.0715s	1.3752	0.6800	0.5771
0
0091	0.2212	0.9605	1.3349	0.7140	0.0716s	1.2596	0.7060	0.5843
1
0092	0.2353	0.9447	1.3842	0.7060	0.0713s	1.3312	0.6840	0.5582
2
0093	0.2161	0.9579	1.4066	0.7120	0.0713s	1.3545	0.6860	0.5585
3
0094	0.2285	0.9711	1.4455	0.6940	0.0713s	1.3812	0.6900	0.5828
4
0095	0.2061	0.9553	1.4152	0.7000	0.0713s	1.3415	0.6970	0.5776
5
0096	0.1735	0.9711	1.3575	0.7120	0.0715s	1.2614	0.7070	0.5857
6
0097	0.1980	0.9711	1.3631	0.7080	0.0677s	1.2565	0.7010	0.5815
7
0098	0.2149	0.9579	1.3936	0.7060	0.0603s	1.2896	0.6980	0.5757
8
0099	0.2041	0.9632	1.4347	0.6980	0.0582s	1.3646	0.6890	0.5689
9
0100	0.2088	0.9474	1.4146	0.7000	0.0582s	1.3863	0.6880	0.5635
10
0101	0.2209	0.9447	1.3665	0.7040	0.0583s	1.3202	0.6800	0.5574
11
0102	0.1819	0.9763	1.3889	0.7000	0.0582s	1.3117	0.6890	0.5594
12
0103	0.2095	0.9553	1.3689	0.7160	0.0584s	1.2970	0.6830	0.5686
13
0104	0.1927	0.9684	1.3919	0.7100	0.0585s	1.3038	0.7080	0.5868
0
0105	0.2178	0.9395	1.4331	0.6880	0.0580s	1.3233	0.6890	0.5697
1
0106	0.2147	0.9395	1.4949	0.6840	0.0583s	1.3714	0.6960	0.5782
2
0107	0.2070	0.9579	1.3570	0.7220	0.0582s	1.2562	0.7080	0.5842
3
0108	0.1968	0.9763	1.3579	0.7140	0.0582s	1.2707	0.7110	0.5855
0
0109	0.2326	0.9500	1.3342	0.7160	0.0615s	1.2546	0.7010	0.5793
1
0110	0.2088	0.9553	1.3678	0.6960	0.0624s	1.3182	0.6890	0.5832
2
0111	0.1915	0.9658	1.4916	0.7000	0.0612s	1.4445	0.6810	0.5594
3
0112	0.2227	0.9526	1.6627	0.6840	0.0601s	1.5774	0.6690	0.5672
4
0113	0.2159	0.9421	1.5151	0.6860	0.0620s	1.4127	0.6810	0.5689
5
0114	0.2219	0.9553	1.2738	0.7180	0.0593s	1.1826	0.7230	0.5959
6
0115	0.2193	0.9632	1.3490	0.6980	0.0584s	1.2702	0.7010	0.5882
0
0116	0.2166	0.9447	1.4177	0.7020	0.0583s	1.3355	0.6920	0.5755
1
0117	0.1909	0.9605	1.5039	0.7000	0.0583s	1.4100	0.6860	0.5672
2
0118	0.2131	0.9684	1.4654	0.6920	0.0582s	1.3715	0.6900	0.5665
3
0119	0.1951	0.9658	1.3013	0.7100	0.0582s	1.2134	0.6980	0.5754
4
0120	0.1891	0.9632	1.3406	0.7000	0.0583s	1.2505	0.6960	0.5813
5
0121	0.1945	0.9658	1.2605	0.7120	0.0581s	1.1614	0.7200	0.5926
6
0122	0.2203	0.9474	1.3087	0.7220	0.0585s	1.1918	0.7220	0.5880
0
0123	0.1831	0.9816	1.4411	0.7020	0.0580s	1.3286	0.6860	0.5710
0
0124	0.2077	0.9447	1.4371	0.7020	0.0582s	1.3468	0.6880	0.5613
1
0125	0.1783	0.9711	1.3492	0.7100	0.0587s	1.2821	0.6890	0.5673
2
0126	0.2014	0.9658	1.3146	0.7140	0.0582s	1.2139	0.7080	0.5797
3
0127	0.1661	0.9816	1.3316	0.7160	0.0581s	1.2032	0.7110	0.5830
4
0128	0.2150	0.9500	1.4189	0.6900	0.0583s	1.2900	0.6960	0.5735
5
0129	0.1923	0.9605	1.3853	0.6960	0.0583s	1.2823	0.6950	0.5719
6
0130	0.2008	0.9605	1.3420	0.7300	0.0585s	1.2537	0.6990	0.5728
7
0131	0.1856	0.9605	1.5030	0.7040	0.0582s	1.4010	0.6830	0.5649
0
0132	0.2036	0.9553	1.4931	0.7080	0.0583s	1.3841	0.6830	0.5601
1
0133	0.1822	0.9579	1.4253	0.7020	0.0583s	1.3230	0.7010	0.5676
2
0134	0.1908	0.9553	1.3439	0.7240	0.0581s	1.2312	0.7090	0.5842
3
0135	0.1714	0.9789	1.3397	0.7220	0.0580s	1.2318	0.7090	0.6000
4
0136	0.1680	0.9789	1.3587	0.7140	0.0599s	1.2553	0.7090	0.5918
5
0137	0.1808	0.9842	1.3437	0.7020	0.0586s	1.2434	0.7080	0.5754
6
0138	0.1898	0.9632	1.3742	0.6920	0.0584s	1.2814	0.7170	0.5679
7
0139	0.1813	0.9684	1.4175	0.7120	0.0581s	1.3085	0.7100	0.5775
8
0140	0.1990	0.9500	1.5973	0.7060	0.0582s	1.4894	0.6830	0.5574
9
0141	0.2174	0.9632	1.5861	0.7000	0.0583s	1.4730	0.6730	0.5817
10
0142	0.2183	0.9474	1.3879	0.6940	0.0584s	1.2758	0.7000	0.5769
11
0143	0.1783	0.9737	1.3620	0.6840	0.0583s	1.2827	0.7050	0.5769
12
0144	0.2168	0.9553	1.3979	0.6940	0.0583s	1.3126	0.7080	0.6008
13
0145	0.1925	0.9579	1.5303	0.6940	0.0582s	1.4268	0.6960	0.6035
14
0146	0.2397	0.9553	1.4497	0.6980	0.0585s	1.3426	0.6920	0.5765
15
0147	0.1756	0.9711	1.3916	0.6960	0.0584s	1.2717	0.7140	0.5859
16
0148	0.1943	0.9500	1.4148	0.7040	0.0581s	1.3143	0.7120	0.5815
17
0149	0.2103	0.9447	1.4588	0.7040	0.0585s	1.3711	0.7030	0.5832
18
0150	0.1815	0.9711	1.5389	0.6920	0.0582s	1.4390	0.6830	0.5749
19
0151	0.2101	0.9605	1.4784	0.6880	0.0583s	1.3693	0.6790	0.5490
20
0152	0.2153	0.9711	1.3158	0.6880	0.0582s	1.2003	0.7070	0.5608
21
0153	0.1660	0.9658	1.3085	0.7060	0.0585s	1.2018	0.7170	0.5703
22
0154	0.2132	0.9474	1.3532	0.7100	0.0583s	1.2334	0.7020	0.5775
23
0155	0.1606	0.9711	1.5287	0.6880	0.0583s	1.3964	0.6800	0.5641
24
0156	0.1954	0.9526	1.5543	0.7000	0.0584s	1.3916	0.6920	0.5855
25
0157	0.1935	0.9632	1.4494	0.7000	0.0582s	1.2753	0.7040	0.5894
26
0158	0.1755	0.9711	1.3656	0.6960	0.0582s	1.2348	0.7220	0.5861
27
0159	0.1800	0.9658	1.4236	0.6840	0.0585s	1.3047	0.6960	0.5766
28
0160	0.1712	0.9737	1.3384	0.7040	0.0584s	1.2398	0.7050	0.5838
29
0161	0.1735	0.9684	1.4380	0.7060	0.0583s	1.3033	0.7010	0.5812
30
0162	0.1839	0.9658	1.4894	0.6900	0.0588s	1.3289	0.6860	0.5692
31
0163	0.1719	0.9684	1.4727	0.7020	0.0588s	1.3109	0.6980	0.5709
32
0164	0.1768	0.9711	1.4688	0.6900	0.0582s	1.3224	0.6930	0.5704
33
0165	0.1923	0.9500	1.4246	0.6980	0.0584s	1.3086	0.6980	0.5771
34
0166	0.2032	0.9553	1.4258	0.7060	0.0586s	1.2915	0.6990	0.5788
35
0167	0.1681	0.9789	1.5299	0.6980	0.0583s	1.3652	0.6820	0.5709
36
0168	0.1839	0.9711	1.5090	0.6900	0.0588s	1.3593	0.6730	0.5600
37
0169	0.1746	0.9711	1.4150	0.7040	0.0586s	1.3100	0.6910	0.5629
38
0170	0.1668	0.9789	1.4025	0.7020	0.0583s	1.3336	0.6870	0.5609
39
0171	0.1811	0.9763	1.3784	0.7060	0.0585s	1.2955	0.6900	0.5613
40
0172	0.1450	0.9684	1.4351	0.6960	0.0596s	1.3125	0.6740	0.5620
41
0173	0.1763	0.9579	1.4068	0.7060	0.0586s	1.2554	0.6990	0.5700
42
0174	0.1734	0.9763	1.3869	0.7220	0.0583s	1.2265	0.7130	0.5769
43
0175	0.1454	0.9763	1.5187	0.7040	0.0586s	1.3502	0.6910	0.5851
44
0176	0.1569	0.9763	1.5248	0.6920	0.0583s	1.3783	0.6820	0.5764
45
0177	0.1675	0.9658	1.4238	0.7140	0.0585s	1.3214	0.6900	0.5699
46
0178	0.1687	0.9684	1.4100	0.7120	0.0582s	1.3254	0.6940	0.5737
47
0179	0.1724	0.9711	1.4147	0.7200	0.0593s	1.2896	0.6940	0.5871
48
0180	0.1601	0.9842	1.4647	0.7120	0.0601s	1.3208	0.6980	0.5898
49
0181	0.1838	0.9711	1.5002	0.7100	0.0586s	1.3517	0.6940	0.5649
50
0182	0.1639	0.9737	1.5550	0.7040	0.0587s	1.4085	0.6990	0.5644
51
0183	0.1611	0.9711	1.5128	0.7020	0.0585s	1.3853	0.6950	0.5650
52
0184	0.1465	0.9763	1.4756	0.6880	0.0584s	1.3488	0.6830	0.5643
53
0185	0.1497	0.9711	1.4175	0.7140	0.0584s	1.2939	0.6960	0.5726
54
0186	0.1841	0.9526	1.4862	0.7140	0.0582s	1.3495	0.6920	0.5919
55
0187	0.1500	0.9816	1.5751	0.7000	0.0586s	1.4317	0.6940	0.5949
56
0188	0.1775	0.9605	1.4693	0.7120	0.0592s	1.3567	0.6950	0.5726
57
0189	0.1530	0.9658	1.4270	0.6980	0.0584s	1.3305	0.7000	0.5689
58
0190	0.1633	0.9658	1.4586	0.6960	0.0593s	1.3534	0.6780	0.5609
59
0191	0.1733	0.9658	1.5113	0.6980	0.0595s	1.3809	0.6880	0.5730
60
0192	0.1613	0.9737	1.4766	0.7040	0.0596s	1.3319	0.7020	0.5919
61
0193	0.1539	0.9658	1.4463	0.7140	0.0599s	1.3097	0.7140	0.5951
62
0194	0.1876	0.9632	1.4750	0.7020	0.0592s	1.3523	0.6930	0.5688
63
0195	0.1671	0.9684	1.5590	0.6920	0.0590s	1.4339	0.6750	0.5609
64
0196	0.1765	0.9632	1.5042	0.7060	0.0588s	1.4068	0.6810	0.5666
65
0197	0.1990	0.9500	1.4286	0.7100	0.0583s	1.3240	0.6990	0.5693
66
0198	0.1498	0.9737	1.4428	0.7120	0.0585s	1.2957	0.7070	0.5678
67
0199	0.1486	0.9658	1.4609	0.7060	0.0583s	1.2922	0.7110	0.5686
68
0200	0.1803	0.9711	1.4993	0.7000	0.0584s	1.3354	0.7020	0.5806
69
0201	0.1575	0.9684	1.4814	0.7140	0.0596s	1.3524	0.6920	0.5831
70
0202	0.1634	0.9711	1.4483	0.7080	0.0586s	1.3496	0.6920	0.5822
71
0203	0.1572	0.9737	1.4619	0.7120	0.0582s	1.3619	0.6820	0.5719
72
0204	0.1534	0.9816	1.4365	0.7140	0.0593s	1.3263	0.6900	0.5659
73
0205	0.1302	0.9789	1.4874	0.7080	0.0589s	1.3681	0.6950	0.5706
74
0206	0.1512	0.9632	1.5212	0.7000	0.0591s	1.3941	0.7060	0.5754
75
0207	0.1497	0.9789	1.5040	0.7060	0.0594s	1.3735	0.7000	0.5754
76
0208	0.1525	0.9684	1.4904	0.7120	0.0591s	1.3433	0.7020	0.5852
77
0209	0.1690	0.9553	1.5135	0.7160	0.0592s	1.3508	0.6890	0.5736
78
0210	0.1351	0.9842	1.5046	0.7080	0.0588s	1.3509	0.6890	0.5886
79
0211	0.1466	0.9842	1.4595	0.7020	0.0589s	1.3408	0.6940	0.5943
80
0212	0.1361	0.9737	1.4942	0.6860	0.0596s	1.3952	0.6970	0.6005
81
0213	0.1662	0.9737	1.4721	0.6980	0.0586s	1.3642	0.6850	0.5698
82
0214	0.1559	0.9658	1.4589	0.7080	0.0584s	1.3323	0.6840	0.5612
83
0215	0.1454	0.9816	1.4607	0.7160	0.0598s	1.3239	0.6950	0.5671
84
0216	0.1416	0.9737	1.4674	0.7220	0.0586s	1.3298	0.7070	0.5781
85
0217	0.1469	0.9816	1.4749	0.7100	0.0593s	1.3412	0.7000	0.5861
86
0218	0.1406	0.9789	1.5008	0.6900	0.0588s	1.3600	0.6890	0.5774
87
0219	0.1438	0.9658	1.4127	0.7060	0.0586s	1.2848	0.6890	0.5725
88
0220	0.1600	0.9632	1.4051	0.7000	0.0589s	1.2896	0.6960	0.5939
89
0221	0.1570	0.9868	1.4698	0.7080	0.0598s	1.3537	0.6880	0.5720
90
0222	0.1489	0.9789	1.5248	0.7000	0.0586s	1.4152	0.6820	0.5743
91
0223	0.1451	0.9763	1.4563	0.7060	0.0584s	1.3540	0.6870	0.5609
92
0224	0.1657	0.9895	1.3983	0.7120	0.0591s	1.2862	0.7010	0.5734
93
0225	0.1562	0.9868	1.4792	0.6920	0.0589s	1.3469	0.6970	0.5745
94
0226	0.1658	0.9816	1.5476	0.6740	0.0585s	1.4043	0.6930	0.5791
95
0227	0.1621	0.9789	1.4780	0.7040	0.0583s	1.3478	0.7010	0.5814
96
0228	0.1636	0.9684	1.3819	0.7120	0.0586s	1.2637	0.7070	0.5796
97
0229	0.1547	0.9711	1.3398	0.7080	0.0586s	1.2484	0.6990	0.5685
98
0230	0.1582	0.9763	1.5391	0.6780	0.0612s	1.4433	0.6750	0.5682
99
0231	0.2284	0.9447	1.5100	0.6860	0.0605s	1.3841	0.6900	0.5868
100
0232	0.2208	0.9474	1.4773	0.6940	0.0586s	1.3218	0.6890	0.5786
101
0233	0.1574	0.9684	1.5752	0.6660	0.0584s	1.4169	0.6810	0.5794
102
0234	0.1714	0.9684	1.5690	0.6840	0.0593s	1.4458	0.6880	0.6050
103
0235	0.1706	0.9711	1.5321	0.6960	0.0585s	1.4369	0.6710	0.5631
104
0236	0.1767	0.9632	1.4144	0.7100	0.0585s	1.2929	0.6870	0.5660
105
0237	0.1929	0.9658	1.5491	0.6780	0.0583s	1.3956	0.6730	0.5417
106
0238	0.2336	0.9500	1.3881	0.6940	0.0584s	1.2926	0.7040	0.5738
107
0239	0.1486	0.9684	1.5901	0.6920	0.0584s	1.5086	0.6670	0.5656
108
0240	0.2128	0.9526	1.6716	0.6820	0.0597s	1.5498	0.6740	0.5792
109
0241	0.1818	0.9605	1.5507	0.6880	0.0593s	1.3962	0.6840	0.5750
110
0242	0.1707	0.9553	1.3897	0.7020	0.0582s	1.2449	0.7060	0.5892
111
0243	0.1794	0.9500	1.3481	0.7080	0.0583s	1.2282	0.6970	0.6035
112
0244	0.1693	0.9737	1.4608	0.6980	0.0597s	1.3434	0.6850	0.5802
113
0245	0.1549	0.9763	1.5436	0.6840	0.0583s	1.4234	0.6870	0.5795
114
0246	0.1699	0.9605	1.4595	0.6920	0.0589s	1.3249	0.6910	0.5579
115
0247	0.1417	0.9737	1.4969	0.6760	0.0591s	1.3479	0.6870	0.5558
116
0248	0.1944	0.9605	1.4226	0.7120	0.0588s	1.2800	0.6940	0.5684
117
0249	0.1405	0.9789	1.4755	0.7080	0.0583s	1.3353	0.6960	0.5625
118
0250	0.1603	0.9632	1.5155	0.6960	0.0582s	1.3637	0.6930	0.5678
119
0251	0.1673	0.9658	1.4326	0.7180	0.0586s	1.2636	0.7060	0.5880
120
0252	0.1387	0.9763	1.3908	0.7080	0.0582s	1.2098	0.7000	0.5775
121
0253	0.1501	0.9684	1.4205	0.6940	0.0602s	1.2448	0.7130	0.5796
122
0254	0.1521	0.9711	1.5208	0.6780	0.0587s	1.3450	0.6950	0.5728
123
0255	0.1588	0.9789	1.5074	0.6960	0.0592s	1.3402	0.7000	0.5750
124
0256	0.1358	0.9789	1.4679	0.7140	0.0587s	1.3138	0.6910	0.5727
125
0257	0.1582	0.9711	1.4520	0.7200	0.0589s	1.3066	0.6980	0.5807
126
0258	0.1470	0.9789	1.5187	0.7000	0.0584s	1.3714	0.6840	0.5753
127
0259	0.1597	0.9684	1.6118	0.6900	0.0591s	1.4483	0.6920	0.5805
128
0260	0.1630	0.9763	1.5203	0.6740	0.0587s	1.3581	0.6990	0.5759
129
0261	0.1403	0.9842	1.4847	0.6920	0.0596s	1.3076	0.6900	0.5668
130
0262	0.1611	0.9605	1.4973	0.6800	0.0586s	1.3293	0.6850	0.5679
131
0263	0.1636	0.9737	1.5285	0.6840	0.0604s	1.3795	0.6820	0.5791
132
0264	0.1948	0.9553	1.4648	0.7180	0.0585s	1.3372	0.6940	0.5881
133
0265	0.1441	0.9684	1.5735	0.6920	0.0586s	1.4567	0.6800	0.5613
134
0266	0.1843	0.9658	1.5415	0.6920	0.0590s	1.4086	0.6870	0.5672
135
0267	0.1558	0.9789	1.5352	0.6920	0.0590s	1.3772	0.6810	0.5857
136
0268	0.1534	0.9737	1.5412	0.6820	0.0587s	1.3756	0.6860	0.5925
137
0269	0.1558	0.9711	1.4863	0.7000	0.0587s	1.3060	0.7090	0.5836
138
0270	0.1784	0.9684	1.4380	0.7000	0.0585s	1.2582	0.7200	0.5843
139
0271	0.1468	0.9605	1.5600	0.6940	0.0589s	1.3688	0.6990	0.5809
140
0272	0.1581	0.9605	1.5633	0.6980	0.0583s	1.3786	0.6990	0.5779
141
0273	0.1661	0.9605	1.6303	0.6980	0.0592s	1.4570	0.6860	0.5698
142
0274	0.1499	0.9737	1.6202	0.6920	0.0587s	1.4500	0.6760	0.5654
143
0275	0.1389	0.9816	1.5623	0.6840	0.0582s	1.3837	0.6820	0.5623
144
0276	0.1678	0.9684	1.5063	0.6780	0.0594s	1.3162	0.6940	0.5700
145
0277	0.1355	0.9842	1.4449	0.6900	0.0586s	1.2797	0.7120	0.5769
146
0278	0.1709	0.9684	1.5012	0.6940	0.0614s	1.3661	0.7020	0.5697
147
0279	0.1757	0.9526	1.5578	0.6920	0.0605s	1.4092	0.6990	0.5757
148
0280	0.1655	0.9632	1.5986	0.6720	0.0615s	1.4157	0.6910	0.5721
149
0281	0.1365	0.9711	1.6164	0.6780	0.0633s	1.4169	0.6800	0.5651
150
0282	0.1558	0.9711	1.4691	0.7080	0.0623s	1.2927	0.6960	0.5775
151
0283	0.1304	0.9842	1.5095	0.6880	0.0606s	1.3422	0.7130	0.5915
152
0284	0.1674	0.9711	1.6112	0.6920	0.0609s	1.4322	0.7060	0.6000
153
0285	0.1726	0.9763	1.6185	0.6860	0.0582s	1.4187	0.6970	0.5682
154
0286	0.1543	0.9526	1.5159	0.6780	0.0585s	1.3289	0.7010	0.5552
155
0287	0.1636	0.9658	1.4267	0.7020	0.0581s	1.2913	0.6880	0.5614
156
0288	0.1377	0.9816	1.4690	0.6980	0.0581s	1.3567	0.6890	0.5633
157
0289	0.1408	0.9842	1.5438	0.6960	0.0583s	1.4257	0.6890	0.5811
158
0290	0.1465	0.9711	1.5920	0.7020	0.0586s	1.4343	0.6840	0.5686
159
0291	0.1395	0.9737	1.5668	0.6940	0.0581s	1.3834	0.7000	0.5821
160
0292	0.1544	0.9711	1.4705	0.7060	0.0583s	1.2837	0.7130	0.5833
161
0293	0.1393	0.9763	1.4608	0.7080	0.0585s	1.2908	0.7100	0.5791
162
0294	0.1409	0.9895	1.5134	0.7000	0.0583s	1.3456	0.7060	0.5862
163
0295	0.1432	0.9684	1.6063	0.6880	0.0583s	1.4157	0.6840	0.5689
164
0296	0.1513	0.9789	1.5450	0.6900	0.0583s	1.3565	0.6870	0.5745
165
0297	0.1395	0.9816	1.5029	0.7040	0.0582s	1.3061	0.6950	0.5725
166
0298	0.1376	0.9816	1.4452	0.7180	0.0581s	1.2573	0.7150	0.5890
167
0299	0.1514	0.9737	1.4480	0.7100	0.0582s	1.2849	0.7200	0.5944
168
0300	0.1384	0.9763	1.4730	0.7080	0.0582s	1.3213	0.7040	0.5727
169
0301	0.1394	0.9816	1.5251	0.7140	0.0581s	1.3622	0.7010	0.5694
170
0302	0.1507	0.9684	1.5758	0.7020	0.0583s	1.3846	0.6870	0.5552
171
0303	0.1264	0.9816	1.5894	0.7000	0.0582s	1.3870	0.6860	0.5660
172
0304	0.1521	0.9579	1.5571	0.6960	0.0583s	1.3638	0.6930	0.5698
173
0305	0.1151	0.9895	1.5063	0.7040	0.0583s	1.3324	0.7090	0.5809
174
0306	0.1321	0.9816	1.4860	0.7060	0.0581s	1.3293	0.6990	0.5741
175
0307	0.1452	0.9737	1.5024	0.6940	0.0582s	1.3549	0.6890	0.5751
176
0308	0.1425	0.9684	1.5529	0.6900	0.0582s	1.3920	0.6810	0.5836
177
0309	0.1440	0.9816	1.4880	0.6980	0.0583s	1.3358	0.6960	0.5785
178
0310	0.1475	0.9737	1.4088	0.7020	0.0583s	1.2816	0.7180	0.6074
179
0311	0.1506	0.9737	1.4183	0.7160	0.0583s	1.2716	0.7060	0.5932
180
0312	0.1205	0.9816	1.5316	0.7140	0.0583s	1.3886	0.6930	0.5874
181
0313	0.1403	0.9895	1.6626	0.6980	0.0581s	1.5205	0.6800	0.5693
182
0314	0.1429	0.9684	1.5504	0.7080	0.0584s	1.4208	0.6830	0.5730
183
0315	0.1413	0.9789	1.4453	0.7040	0.0585s	1.3182	0.6960	0.5653
184
0316	0.1294	0.9789	1.4020	0.7080	0.0581s	1.2686	0.7060	0.5755
185
0317	0.1464	0.9763	1.4183	0.7080	0.0584s	1.2745	0.7080	0.5899
186
0318	0.1584	0.9763	1.5317	0.6980	0.0582s	1.3733	0.6880	0.5749
187
0319	0.1336	0.9763	1.5659	0.7060	0.0581s	1.4129	0.6860	0.5721
188
0320	0.1248	0.9763	1.5474	0.7000	0.0584s	1.3914	0.6850	0.5644
189
0321	0.1189	0.9816	1.4695	0.7020	0.0584s	1.3333	0.6990	0.5735
190
0322	0.1332	0.9684	1.4162	0.7140	0.0586s	1.3025	0.6980	0.5668
191
0323	0.1620	0.9658	1.4806	0.6840	0.0582s	1.3413	0.6930	0.5678
192
0324	0.1506	0.9632	1.4713	0.7020	0.0589s	1.3103	0.6890	0.5630
193
0325	0.1308	0.9842	1.4991	0.7100	0.0584s	1.3151	0.6870	0.5637
194
0326	0.1627	0.9579	1.4245	0.7000	0.0583s	1.2715	0.7060	0.5947
195
0327	0.1354	0.9737	1.5174	0.6840	0.0583s	1.3907	0.6950	0.5824
196
0328	0.1403	0.9632	1.4768	0.6980	0.0584s	1.3471	0.6980	0.5829
197
0329	0.1487	0.9763	1.4377	0.7120	0.0583s	1.3022	0.6920	0.5736
198
0330	0.1721	0.9658	1.5407	0.6960	0.0585s	1.3917	0.6940	0.5887
199
Early stop! Min loss:1.2604892253875732,  Max accuracy:0.73
Early stop model validation loss:1.2604892253875732,  accuracy:0.712
Optimization Finished!
Total time elapsed: 19.2079s
test max acc:0.7230
Loading 120th epoch
stru_node_to_hop attention:tensor([[0.2436, 0.2500, 0.2531, 0.2533],
        [0.2470, 0.2505, 0.2512, 0.2513],
        [0.2485, 0.2502, 0.2507, 0.2506],
        [0.2451, 0.2512, 0.2519, 0.2518],
        [0.2528, 0.2542, 0.2480, 0.2451],
        [0.2405, 0.2539, 0.2530, 0.2526],
        [0.2489, 0.2505, 0.2502, 0.2503],
        [0.2364, 0.2552, 0.2538, 0.2546],
        [0.2481, 0.2510, 0.2504, 0.2504],
        [0.2440, 0.2517, 0.2520, 0.2523],
        [0.2468, 0.2512, 0.2511, 0.2509],
        [0.2401, 0.2528, 0.2535, 0.2537],
        [0.2464, 0.2512, 0.2513, 0.2510],
        [0.2161, 0.2439, 0.2688, 0.2712],
        [0.2348, 0.2432, 0.2636, 0.2584],
        [0.2500, 0.2500, 0.2500, 0.2500],
        [0.2502, 0.2499, 0.2499, 0.2499],
        [0.2500, 0.2500, 0.2500, 0.2500],
        [0.2477, 0.2493, 0.2518, 0.2512],
        [0.2503, 0.2500, 0.2499, 0.2498],
        [0.2462, 0.2508, 0.2515, 0.2515],
        [0.2510, 0.2497, 0.2496, 0.2496],
        [0.2500, 0.2500, 0.2500, 0.2500],
        [0.2500, 0.2500, 0.2500, 0.2500],
        [0.2441, 0.2504, 0.2524, 0.2531],
        [0.2504, 0.2500, 0.2498, 0.2498],
        [0.2495, 0.2501, 0.2502, 0.2502],
        [0.2494, 0.2502, 0.2502, 0.2502],
        [0.2500, 0.2500, 0.2500, 0.2500],
        [0.2500, 0.2500, 0.2500, 0.2500],
        [0.2423, 0.2524, 0.2524, 0.2529],
        [0.2500, 0.2500, 0.2500, 0.2500],
        [0.2513, 0.2494, 0.2492, 0.2501],
        [0.2387, 0.2446, 0.2589, 0.2577],
        [0.2473, 0.2492, 0.2510, 0.2525],
        [0.2500, 0.2500, 0.2500, 0.2500],
        [0.2501, 0.2499, 0.2500, 0.2500],
        [0.2489, 0.2500, 0.2505, 0.2506],
        [0.2469, 0.2508, 0.2511, 0.2511],
        [0.2458, 0.2499, 0.2520, 0.2523],
        [0.2491, 0.2502, 0.2503, 0.2503],
        [0.2428, 0.2515, 0.2526, 0.2531],
        [0.2501, 0.2498, 0.2500, 0.2501],
        [0.2498, 0.2500, 0.2501, 0.2501],
        [0.2506, 0.2495, 0.2499, 0.2500],
        [0.1616, 0.3945, 0.2386, 0.2053],
        [0.2499, 0.2501, 0.2500, 0.2500],
        [0.2427, 0.2535, 0.2522, 0.2516],
        [0.2500, 0.2500, 0.2500, 0.2500],
        [0.2655, 0.2659, 0.2359, 0.2326],
        [0.2500, 0.2499, 0.2500, 0.2501],
        [0.2500, 0.2500, 0.2500, 0.2500],
        [0.2499, 0.2498, 0.2502, 0.2501],
        [0.2475, 0.2490, 0.2518, 0.2517],
        [0.2482, 0.2504, 0.2506, 0.2507],
        [0.2377, 0.2419, 0.2581, 0.2622],
        [0.2409, 0.2170, 0.2667, 0.2755],
        [0.2500, 0.2500, 0.2500, 0.2500],
        [0.2500, 0.2500, 0.2500, 0.2500],
        [0.2500, 0.2500, 0.2500, 0.2500],
        [0.2487, 0.2497, 0.2506, 0.2510],
        [0.2499, 0.2500, 0.2501, 0.2501],
        [0.2500, 0.2500, 0.2500, 0.2500],
        [0.2504, 0.2499, 0.2498, 0.2498],
        [0.2497, 0.2501, 0.2501, 0.2501],
        [0.2464, 0.2440, 0.2543, 0.2553],
        [0.2500, 0.2500, 0.2500, 0.2500],
        [0.2394, 0.2526, 0.2540, 0.2540],
        [0.2504, 0.2496, 0.2500, 0.2500],
        [0.2496, 0.2503, 0.2501, 0.2501],
        [0.2499, 0.2500, 0.2500, 0.2500],
        [0.2468, 0.2505, 0.2513, 0.2514],
        [0.2485, 0.2502, 0.2507, 0.2506],
        [0.2500, 0.2500, 0.2500, 0.2500],
        [0.2500, 0.2500, 0.2500, 0.2500],
        [0.2500, 0.2500, 0.2500, 0.2500],
        [0.2499, 0.2500, 0.2500, 0.2500],
        [0.2491, 0.2499, 0.2504, 0.2506],
        [0.2505, 0.2498, 0.2499, 0.2498],
        [0.2476, 0.2511, 0.2505, 0.2508],
        [0.2461, 0.2503, 0.2515, 0.2521],
        [0.2468, 0.2501, 0.2514, 0.2517],
        [0.2503, 0.2499, 0.2499, 0.2499],
        [0.2494, 0.2502, 0.2501, 0.2502],
        [0.2442, 0.2510, 0.2520, 0.2528],
        [0.2444, 0.2519, 0.2517, 0.2520],
        [0.2471, 0.2505, 0.2513, 0.2511],
        [0.2498, 0.2502, 0.2499, 0.2501],
        [0.2495, 0.2501, 0.2501, 0.2502],
        [0.2500, 0.2500, 0.2500, 0.2500],
        [0.2500, 0.2500, 0.2500, 0.2500],
        [0.2500, 0.2500, 0.2500, 0.2500],
        [0.2498, 0.2500, 0.2501, 0.2501],
        [0.2502, 0.2501, 0.2498, 0.2498],
        [0.2496, 0.2500, 0.2502, 0.2502],
        [0.2498, 0.2500, 0.2501, 0.2501],
        [0.2400, 0.2558, 0.2520, 0.2522],
        [0.2462, 0.2521, 0.2508, 0.2509],
        [0.2500, 0.2500, 0.2500, 0.2500],
        [0.2424, 0.2526, 0.2528, 0.2523]], device='cuda:1')
fea_node_to_hop attention:tensor([[0.1398, 0.1441, 0.1432, 0.1435, 0.1432, 0.1432, 0.1431],
        [0.1419, 0.1430, 0.1430, 0.1430, 0.1430, 0.1430, 0.1430],
        [0.1425, 0.1426, 0.1430, 0.1430, 0.1430, 0.1430, 0.1429],
        [0.1402, 0.1433, 0.1433, 0.1434, 0.1433, 0.1433, 0.1432],
        [0.1355, 0.1475, 0.1482, 0.1456, 0.1431, 0.1409, 0.1392],
        [0.1383, 0.1435, 0.1437, 0.1438, 0.1437, 0.1436, 0.1435],
        [0.1423, 0.1429, 0.1429, 0.1430, 0.1430, 0.1430, 0.1429],
        [0.1351, 0.1440, 0.1438, 0.1442, 0.1442, 0.1443, 0.1444],
        [0.1414, 0.1426, 0.1431, 0.1432, 0.1432, 0.1432, 0.1432],
        [0.1365, 0.1430, 0.1437, 0.1441, 0.1442, 0.1443, 0.1443],
        [0.1414, 0.1434, 0.1430, 0.1430, 0.1430, 0.1431, 0.1431],
        [0.1394, 0.1428, 0.1434, 0.1435, 0.1436, 0.1436, 0.1436],
        [0.1403, 0.1433, 0.1434, 0.1433, 0.1432, 0.1432, 0.1432],
        [0.1218, 0.1433, 0.1436, 0.1465, 0.1476, 0.1483, 0.1487],
        [0.1339, 0.1420, 0.1436, 0.1448, 0.1453, 0.1453, 0.1452],
        [0.1428, 0.1429, 0.1429, 0.1429, 0.1429, 0.1429, 0.1429],
        [0.1429, 0.1428, 0.1428, 0.1428, 0.1428, 0.1428, 0.1428],
        [0.1429, 0.1429, 0.1429, 0.1429, 0.1429, 0.1429, 0.1429],
        [0.1394, 0.1430, 0.1433, 0.1436, 0.1436, 0.1436, 0.1435],
        [0.1430, 0.1428, 0.1428, 0.1428, 0.1428, 0.1428, 0.1428],
        [0.1411, 0.1431, 0.1432, 0.1432, 0.1432, 0.1432, 0.1431],
        [0.1430, 0.1429, 0.1428, 0.1428, 0.1428, 0.1428, 0.1428],
        [0.1429, 0.1429, 0.1429, 0.1429, 0.1429, 0.1429, 0.1429],
        [0.1429, 0.1429, 0.1429, 0.1429, 0.1429, 0.1429, 0.1429],
        [0.1392, 0.1431, 0.1433, 0.1435, 0.1436, 0.1436, 0.1437],
        [0.1431, 0.1428, 0.1428, 0.1428, 0.1428, 0.1428, 0.1428],
        [0.1427, 0.1429, 0.1429, 0.1429, 0.1429, 0.1429, 0.1429],
        [0.1427, 0.1429, 0.1429, 0.1429, 0.1429, 0.1429, 0.1429],
        [0.1428, 0.1429, 0.1429, 0.1429, 0.1429, 0.1429, 0.1429],
        [0.1429, 0.1429, 0.1429, 0.1429, 0.1429, 0.1429, 0.1429],
        [0.1391, 0.1435, 0.1434, 0.1435, 0.1435, 0.1435, 0.1435],
        [0.1428, 0.1429, 0.1429, 0.1429, 0.1429, 0.1429, 0.1429],
        [0.1429, 0.1429, 0.1428, 0.1428, 0.1428, 0.1429, 0.1429],
        [0.1327, 0.1443, 0.1450, 0.1449, 0.1446, 0.1444, 0.1441],
        [0.1407, 0.1437, 0.1432, 0.1431, 0.1431, 0.1431, 0.1430],
        [0.1429, 0.1429, 0.1429, 0.1429, 0.1429, 0.1429, 0.1429],
        [0.1428, 0.1429, 0.1429, 0.1429, 0.1429, 0.1429, 0.1429],
        [0.1417, 0.1429, 0.1430, 0.1431, 0.1431, 0.1431, 0.1431],
        [0.1415, 0.1429, 0.1430, 0.1431, 0.1432, 0.1432, 0.1432],
        [0.1403, 0.1431, 0.1432, 0.1433, 0.1434, 0.1434, 0.1434],
        [0.1425, 0.1428, 0.1429, 0.1429, 0.1429, 0.1429, 0.1429],
        [0.1407, 0.1436, 0.1432, 0.1433, 0.1431, 0.1431, 0.1430],
        [0.1424, 0.1431, 0.1429, 0.1429, 0.1429, 0.1429, 0.1429],
        [0.1428, 0.1429, 0.1429, 0.1429, 0.1429, 0.1429, 0.1429],
        [0.1422, 0.1427, 0.1431, 0.1430, 0.1430, 0.1430, 0.1430],
        [0.1236, 0.1471, 0.1459, 0.1480, 0.1455, 0.1454, 0.1445],
        [0.1428, 0.1429, 0.1429, 0.1429, 0.1429, 0.1429, 0.1429],
        [0.1415, 0.1427, 0.1433, 0.1431, 0.1432, 0.1431, 0.1431],
        [0.1428, 0.1429, 0.1429, 0.1429, 0.1429, 0.1429, 0.1429],
        [0.1517, 0.1675, 0.1474, 0.1394, 0.1344, 0.1310, 0.1287],
        [0.1428, 0.1429, 0.1429, 0.1429, 0.1429, 0.1429, 0.1429],
        [0.1429, 0.1429, 0.1429, 0.1429, 0.1429, 0.1429, 0.1429],
        [0.1428, 0.1429, 0.1429, 0.1429, 0.1429, 0.1429, 0.1429],
        [0.1390, 0.1427, 0.1434, 0.1437, 0.1438, 0.1437, 0.1436],
        [0.1419, 0.1430, 0.1430, 0.1430, 0.1430, 0.1430, 0.1430],
        [0.1312, 0.1423, 0.1453, 0.1458, 0.1457, 0.1451, 0.1445],
        [0.1409, 0.1323, 0.1422, 0.1441, 0.1464, 0.1469, 0.1471],
        [0.1429, 0.1429, 0.1429, 0.1429, 0.1429, 0.1429, 0.1429],
        [0.1429, 0.1429, 0.1429, 0.1429, 0.1429, 0.1429, 0.1429],
        [0.1429, 0.1429, 0.1429, 0.1429, 0.1429, 0.1429, 0.1429],
        [0.1420, 0.1432, 0.1431, 0.1430, 0.1430, 0.1429, 0.1429],
        [0.1428, 0.1429, 0.1429, 0.1429, 0.1429, 0.1429, 0.1429],
        [0.1429, 0.1429, 0.1429, 0.1429, 0.1429, 0.1429, 0.1429],
        [0.1430, 0.1428, 0.1428, 0.1428, 0.1428, 0.1428, 0.1428],
        [0.1427, 0.1429, 0.1429, 0.1429, 0.1429, 0.1429, 0.1429],
        [0.1375, 0.1445, 0.1437, 0.1437, 0.1436, 0.1435, 0.1434],
        [0.1429, 0.1429, 0.1429, 0.1429, 0.1429, 0.1429, 0.1429],
        [0.1381, 0.1429, 0.1436, 0.1438, 0.1439, 0.1439, 0.1439],
        [0.1428, 0.1429, 0.1429, 0.1429, 0.1429, 0.1429, 0.1429],
        [0.1427, 0.1429, 0.1429, 0.1429, 0.1429, 0.1429, 0.1429],
        [0.1428, 0.1429, 0.1429, 0.1429, 0.1429, 0.1429, 0.1429],
        [0.1410, 0.1429, 0.1430, 0.1432, 0.1433, 0.1433, 0.1433],
        [0.1425, 0.1428, 0.1430, 0.1429, 0.1429, 0.1429, 0.1429],
        [0.1429, 0.1429, 0.1429, 0.1429, 0.1429, 0.1429, 0.1429],
        [0.1428, 0.1429, 0.1429, 0.1429, 0.1429, 0.1429, 0.1429],
        [0.1429, 0.1429, 0.1429, 0.1429, 0.1429, 0.1429, 0.1429],
        [0.1429, 0.1429, 0.1429, 0.1429, 0.1429, 0.1429, 0.1429],
        [0.1396, 0.1431, 0.1434, 0.1435, 0.1435, 0.1435, 0.1435],
        [0.1432, 0.1428, 0.1428, 0.1428, 0.1428, 0.1428, 0.1428],
        [0.1420, 0.1428, 0.1430, 0.1430, 0.1430, 0.1430, 0.1430],
        [0.1404, 0.1436, 0.1432, 0.1432, 0.1432, 0.1432, 0.1432],
        [0.1406, 0.1430, 0.1433, 0.1434, 0.1433, 0.1432, 0.1432],
        [0.1429, 0.1428, 0.1428, 0.1428, 0.1428, 0.1428, 0.1428],
        [0.1426, 0.1429, 0.1429, 0.1429, 0.1429, 0.1429, 0.1429],
        [0.1392, 0.1425, 0.1434, 0.1437, 0.1437, 0.1437, 0.1437],
        [0.1388, 0.1434, 0.1435, 0.1435, 0.1436, 0.1436, 0.1436],
        [0.1409, 0.1428, 0.1430, 0.1432, 0.1433, 0.1434, 0.1434],
        [0.1423, 0.1430, 0.1429, 0.1429, 0.1429, 0.1429, 0.1429],
        [0.1424, 0.1430, 0.1429, 0.1429, 0.1429, 0.1429, 0.1429],
        [0.1429, 0.1429, 0.1429, 0.1429, 0.1429, 0.1429, 0.1429],
        [0.1429, 0.1429, 0.1429, 0.1429, 0.1429, 0.1429, 0.1429],
        [0.1428, 0.1429, 0.1429, 0.1429, 0.1429, 0.1429, 0.1429],
        [0.1427, 0.1429, 0.1429, 0.1429, 0.1429, 0.1429, 0.1429],
        [0.1429, 0.1428, 0.1428, 0.1428, 0.1428, 0.1428, 0.1428],
        [0.1426, 0.1429, 0.1429, 0.1429, 0.1429, 0.1429, 0.1429],
        [0.1427, 0.1429, 0.1429, 0.1429, 0.1429, 0.1429, 0.1429],
        [0.1399, 0.1445, 0.1431, 0.1434, 0.1431, 0.1431, 0.1430],
        [0.1411, 0.1432, 0.1432, 0.1432, 0.1432, 0.1431, 0.1431],
        [0.1429, 0.1429, 0.1429, 0.1429, 0.1429, 0.1429, 0.1429],
        [0.1419, 0.1430, 0.1430, 0.1430, 0.1430, 0.1430, 0.1431]],
       device='cuda:1')
perception attention:tensor([0.4654, 0.5346], device='cuda:1')
Test set results: loss= 1.1614 accuracy= 0.7200 F1_score= 0.5926
