# epoch	loss_train	acc_train	loss_val	acc_val	time	acc_test	f1_test
0001	2.9388	0.0500	5.7071	0.1600	0.0783s	5.3078	0.1590	0.0172
0
0002	5.7719	0.1526	7.0325	0.1460	0.0618s	6.6376	0.1550	0.0276
0
0003	6.9141	0.1289	5.6308	0.1300	0.0601s	5.5936	0.1250	0.0369
1
0004	5.5836	0.1395	4.2014	0.2260	0.0595s	4.1975	0.2230	0.0938
0
0005	4.0659	0.2395	3.1908	0.3100	0.0608s	3.1952	0.3070	0.1922
0
0006	3.0820	0.2974	2.7342	0.2900	0.0595s	2.7315	0.2860	0.1625
0
0007	2.6163	0.3211	2.3808	0.3140	0.0623s	2.3509	0.3140	0.1819
0
0008	2.2848	0.3605	2.2534	0.3260	0.0592s	2.1550	0.3310	0.1876
0
0009	2.1660	0.3421	2.1666	0.3860	0.0599s	2.0395	0.4240	0.2364
0
0010	2.0601	0.4263	1.9549	0.4620	0.0599s	1.8420	0.4940	0.3149
0
0011	1.8496	0.4684	1.8513	0.4820	0.0776s	1.7586	0.5020	0.3381
0
0012	1.7243	0.4789	1.7959	0.4900	0.0624s	1.6978	0.5200	0.3556
0
0013	1.6564	0.4842	1.6853	0.5480	0.0598s	1.5559	0.5650	0.3855
0
0014	1.4958	0.5684	1.6580	0.4880	0.0593s	1.4847	0.5750	0.3784
0
0015	1.4353	0.5289	1.6713	0.4800	0.0608s	1.4740	0.5680	0.3804
0
0016	1.3584	0.5553	1.6675	0.4840	0.0597s	1.4748	0.5660	0.4023
1
0017	1.2876	0.5553	1.5842	0.5420	0.0594s	1.3945	0.5930	0.4423
2
0018	1.1863	0.6105	1.5279	0.5780	0.0611s	1.3408	0.6430	0.4702
0
0019	1.1516	0.6421	1.5176	0.5960	0.0595s	1.3317	0.6380	0.4772
0
0020	1.1055	0.6289	1.5038	0.6020	0.0593s	1.3229	0.6490	0.4874
0
0021	1.0128	0.6974	1.5103	0.6040	0.0600s	1.3452	0.6430	0.4847
0
0022	0.9554	0.7079	1.4560	0.5900	0.0541s	1.3006	0.6450	0.4890
0
0023	0.9296	0.7237	1.4054	0.5980	0.0510s	1.2591	0.6560	0.4917
0
0024	0.8533	0.7237	1.4148	0.6160	0.0508s	1.2666	0.6600	0.4997
0
0025	0.8252	0.7342	1.4150	0.6200	0.0515s	1.2719	0.6600	0.5046
0
0026	0.7778	0.7316	1.3634	0.6520	0.0503s	1.2460	0.6650	0.5192
0
0027	0.7565	0.7316	1.3556	0.6420	0.0503s	1.2598	0.6690	0.5402
0
0028	0.7000	0.8079	1.4002	0.6480	0.0505s	1.2986	0.6670	0.5391
0
0029	0.6882	0.8026	1.4083	0.6440	0.0514s	1.2877	0.6680	0.5417
1
0030	0.6489	0.7895	1.3804	0.6560	0.0502s	1.2528	0.6700	0.5421
2
0031	0.6068	0.7895	1.3482	0.6680	0.0501s	1.2385	0.6810	0.5518
0
0032	0.6058	0.8105	1.3817	0.6660	0.0501s	1.2790	0.6770	0.5632
0
0033	0.5338	0.8500	1.3709	0.6680	0.0513s	1.2791	0.6750	0.5538
1
0034	0.5085	0.8658	1.3460	0.6640	0.0502s	1.2784	0.6760	0.5528
0
0035	0.4903	0.8684	1.3500	0.6780	0.0502s	1.3049	0.6740	0.5467
0
0036	0.4842	0.8553	1.4357	0.6520	0.0503s	1.3634	0.6580	0.5290
0
0037	0.4641	0.8737	1.3517	0.6800	0.0503s	1.2948	0.6790	0.5468
1
0038	0.4403	0.8947	1.2984	0.6860	0.0504s	1.2327	0.6780	0.5512
0
0039	0.4055	0.8921	1.3423	0.6780	0.0502s	1.2628	0.6910	0.5632
0
0040	0.4192	0.8842	1.3748	0.6720	0.0507s	1.2973	0.6800	0.5498
1
0041	0.3950	0.9000	1.3596	0.7000	0.0501s	1.2919	0.6820	0.5557
2
0042	0.3757	0.8947	1.3545	0.6960	0.0512s	1.2907	0.6820	0.5618
0
0043	0.3624	0.9000	1.4414	0.6700	0.0504s	1.3830	0.6710	0.5461
1
0044	0.3657	0.8974	1.3525	0.6980	0.0507s	1.3086	0.6890	0.5674
2
0045	0.3281	0.9237	1.3754	0.6940	0.0504s	1.3179	0.6770	0.5575
3
0046	0.3343	0.8974	1.4042	0.6820	0.0522s	1.3156	0.6840	0.5628
4
0047	0.3126	0.9184	1.4061	0.6760	0.0507s	1.3068	0.6820	0.5557
5
0048	0.3184	0.9342	1.2986	0.6900	0.0503s	1.2379	0.7010	0.5719
6
0049	0.2974	0.9421	1.3019	0.6940	0.0504s	1.2508	0.6930	0.5641
7
0050	0.3040	0.9289	1.4380	0.6940	0.0577s	1.3551	0.6850	0.5617
8
0051	0.3141	0.9237	1.5521	0.6620	0.0530s	1.4562	0.6760	0.5667
9
0052	0.2941	0.9395	1.3890	0.6820	0.0509s	1.3180	0.6850	0.5615
10
0053	0.2701	0.9368	1.3094	0.7080	0.0500s	1.2683	0.6930	0.5814
11
0054	0.2947	0.9395	1.3041	0.7120	0.0503s	1.2597	0.7090	0.5854
0
0055	0.2435	0.9447	1.4308	0.6800	0.0502s	1.3338	0.6850	0.5609
0
0056	0.2539	0.9447	1.5083	0.6740	0.0509s	1.3924	0.6700	0.5732
1
0057	0.2749	0.9421	1.4000	0.6980	0.0502s	1.3096	0.6900	0.5614
2
0058	0.2649	0.9289	1.3301	0.7060	0.0504s	1.2722	0.7050	0.5710
3
0059	0.2613	0.9316	1.3663	0.7040	0.0503s	1.3074	0.6900	0.5624
4
0060	0.2579	0.9395	1.4212	0.6920	0.0506s	1.3438	0.6790	0.5691
5
0061	0.2469	0.9395	1.4136	0.7000	0.0505s	1.3305	0.6850	0.5586
6
0062	0.2457	0.9684	1.4020	0.6920	0.0507s	1.3186	0.6890	0.5528
7
0063	0.2309	0.9500	1.3323	0.6860	0.0508s	1.2739	0.6900	0.5584
8
0064	0.2259	0.9526	1.2889	0.7020	0.0503s	1.2498	0.6960	0.5680
9
0065	0.2457	0.9500	1.3442	0.7040	0.0510s	1.3039	0.6870	0.5783
0
0066	0.2102	0.9553	1.4298	0.6920	0.0501s	1.3631	0.6800	0.5707
1
0067	0.2376	0.9474	1.3912	0.7160	0.0502s	1.3111	0.6860	0.5676
2
0068	0.2441	0.9421	1.3299	0.7020	0.0518s	1.2507	0.6970	0.5677
0
0069	0.2108	0.9500	1.3228	0.6920	0.0511s	1.2444	0.6930	0.5611
1
0070	0.2276	0.9553	1.3240	0.7000	0.0501s	1.2440	0.7000	0.5670
2
0071	0.2196	0.9605	1.3493	0.7120	0.0506s	1.2664	0.6960	0.5744
3
0072	0.2073	0.9605	1.3477	0.7080	0.0501s	1.2624	0.6930	0.5759
4
0073	0.2144	0.9605	1.3366	0.7100	0.0504s	1.2553	0.6900	0.5723
5
0074	0.2184	0.9500	1.3453	0.7000	0.0501s	1.2784	0.6970	0.5744
6
0075	0.2222	0.9684	1.3128	0.7160	0.0808s	1.2811	0.6960	0.5582
7
0076	0.2394	0.9526	1.3383	0.7060	0.0624s	1.2911	0.6950	0.5513
0
0077	0.2012	0.9579	1.3508	0.6960	0.0638s	1.2847	0.6820	0.5625
1
0078	0.2214	0.9474	1.2714	0.7180	0.0717s	1.2176	0.7030	0.5723
2
0079	0.2039	0.9605	1.2765	0.7200	0.0716s	1.2097	0.7080	0.5895
0
0080	0.2212	0.9500	1.3045	0.7140	0.0713s	1.2368	0.7100	0.5882
0
0081	0.2183	0.9658	1.3148	0.7060	0.0713s	1.2596	0.7010	0.5676
1
0082	0.1855	0.9605	1.3406	0.7000	0.0713s	1.2863	0.6890	0.5636
2
0083	0.2153	0.9579	1.3372	0.7180	0.0709s	1.2813	0.6940	0.5788
3
0084	0.2005	0.9632	1.3659	0.7060	0.0723s	1.3087	0.6840	0.5736
4
0085	0.2187	0.9500	1.3258	0.7300	0.0715s	1.2597	0.6960	0.5685
5
0086	0.2154	0.9658	1.3469	0.7160	0.0714s	1.2900	0.6920	0.5640
0
0087	0.2110	0.9579	1.2824	0.7080	0.0714s	1.2270	0.7160	0.5735
1
0088	0.1952	0.9684	1.2942	0.6940	0.0726s	1.2200	0.6970	0.5574
2
0089	0.2071	0.9579	1.4107	0.6860	0.0717s	1.3169	0.6710	0.5478
3
0090	0.2236	0.9579	1.3636	0.7080	0.0715s	1.2812	0.6860	0.5609
4
0091	0.2063	0.9632	1.3634	0.7180	0.0714s	1.3187	0.6850	0.5586
5
0092	0.2409	0.9395	1.3035	0.7180	0.0702s	1.2444	0.7030	0.5749
6
0093	0.2134	0.9526	1.3586	0.6820	0.0626s	1.2747	0.6850	0.5575
7
0094	0.2181	0.9579	1.3101	0.7080	0.0589s	1.2466	0.6870	0.5573
8
0095	0.2243	0.9526	1.3654	0.6980	0.0582s	1.3050	0.6800	0.5531
9
0096	0.2049	0.9605	1.3440	0.7120	0.0588s	1.2730	0.6850	0.5609
10
0097	0.2027	0.9632	1.3576	0.6880	0.0583s	1.2773	0.6850	0.5637
11
0098	0.2370	0.9342	1.2336	0.7220	0.0595s	1.1745	0.7210	0.5831
12
0099	0.2047	0.9632	1.3254	0.7040	0.0585s	1.2709	0.6900	0.5639
0
0100	0.2319	0.9500	1.4243	0.6840	0.0584s	1.3430	0.6870	0.5751
1
0101	0.1986	0.9711	1.4187	0.6740	0.0582s	1.3376	0.6680	0.5504
2
0102	0.2161	0.9632	1.3353	0.6960	0.0583s	1.2725	0.6900	0.5492
3
0103	0.2126	0.9605	1.3093	0.7080	0.0582s	1.2348	0.7030	0.5700
4
0104	0.1953	0.9658	1.4033	0.7080	0.0592s	1.2962	0.6950	0.5667
5
0105	0.1891	0.9632	1.4136	0.7040	0.0583s	1.3070	0.6900	0.5558
6
0106	0.2001	0.9632	1.3169	0.7100	0.0582s	1.2204	0.6990	0.5677
7
0107	0.1818	0.9605	1.2298	0.7120	0.0584s	1.1672	0.7050	0.5690
8
0108	0.1976	0.9605	1.2665	0.6980	0.0581s	1.2117	0.7020	0.5749
0
0109	0.1953	0.9684	1.3344	0.7040	0.0598s	1.2651	0.6890	0.5589
1
0110	0.1905	0.9632	1.4310	0.6960	0.0832s	1.3430	0.6780	0.5580
2
0111	0.1978	0.9605	1.3539	0.7100	0.0639s	1.2729	0.6970	0.5642
3
0112	0.1910	0.9711	1.2585	0.7140	0.0590s	1.1922	0.7130	0.5805
4
0113	0.1895	0.9737	1.2609	0.7000	0.0595s	1.1883	0.7070	0.5777
5
0114	0.1870	0.9553	1.2884	0.7140	0.0626s	1.2087	0.6980	0.5732
6
0115	0.1802	0.9816	1.3772	0.7020	0.0595s	1.2816	0.6900	0.5698
7
0116	0.1954	0.9605	1.3624	0.7060	0.0597s	1.2782	0.7080	0.5731
8
0117	0.2012	0.9526	1.4876	0.6720	0.0593s	1.4023	0.6910	0.5712
9
0118	0.2234	0.9553	1.3199	0.7060	0.0594s	1.2521	0.7060	0.5775
10
0119	0.1908	0.9658	1.4054	0.6800	0.0592s	1.3279	0.6820	0.5719
11
0120	0.1882	0.9737	1.3296	0.7000	0.0608s	1.2543	0.6790	0.5675
12
0121	0.1860	0.9763	1.3897	0.6820	0.0593s	1.3004	0.6900	0.5661
13
0122	0.2033	0.9526	1.3545	0.7120	0.0591s	1.2854	0.7070	0.5750
14
0123	0.2145	0.9526	1.3384	0.7080	0.0592s	1.2596	0.7050	0.5725
15
0124	0.2060	0.9684	1.4067	0.6880	0.0596s	1.3099	0.6880	0.5663
16
0125	0.2020	0.9711	1.4407	0.6780	0.0593s	1.3476	0.6740	0.5577
17
0126	0.2271	0.9658	1.3216	0.7000	0.0574s	1.2591	0.6970	0.5789
18
0127	0.2162	0.9500	1.3773	0.6980	0.0520s	1.2989	0.7020	0.5823
19
0128	0.2282	0.9658	1.4805	0.6820	0.0529s	1.3715	0.6870	0.5594
20
0129	0.2143	0.9632	1.4529	0.6920	0.0506s	1.3400	0.6660	0.5504
21
0130	0.2050	0.9553	1.2874	0.6900	0.0505s	1.2231	0.7030	0.5752
22
0131	0.1822	0.9658	1.3498	0.6920	0.0506s	1.2969	0.6920	0.5670
23
0132	0.2634	0.9184	1.2618	0.7060	0.0504s	1.1746	0.7250	0.5789
24
0133	0.1976	0.9605	1.4797	0.6920	0.0504s	1.3318	0.6940	0.5674
25
0134	0.1989	0.9684	1.6318	0.6740	0.0503s	1.4684	0.6780	0.5574
26
0135	0.2360	0.9474	1.3787	0.7100	0.0505s	1.2587	0.6950	0.5655
27
0136	0.1737	0.9711	1.2938	0.7120	0.0502s	1.2309	0.6960	0.5622
28
0137	0.2222	0.9421	1.2369	0.7100	0.0501s	1.1684	0.7190	0.5931
29
0138	0.2041	0.9684	1.2916	0.7020	0.0505s	1.1710	0.7080	0.5845
30
0139	0.1926	0.9684	1.4553	0.6880	0.0523s	1.3072	0.6910	0.5898
31
0140	0.2134	0.9526	1.3734	0.6900	0.0503s	1.2570	0.6890	0.5808
32
0141	0.1840	0.9658	1.3235	0.7160	0.0505s	1.2549	0.6980	0.5685
33
0142	0.1637	0.9763	1.3085	0.7040	0.0502s	1.2825	0.6890	0.5617
34
0143	0.2091	0.9474	1.2373	0.7140	0.0508s	1.1998	0.7050	0.5740
35
0144	0.1639	0.9763	1.2386	0.7020	0.0503s	1.1745	0.6940	0.5692
36
0145	0.1765	0.9684	1.2794	0.7100	0.0502s	1.1942	0.7030	0.5763
37
0146	0.1658	0.9579	1.2933	0.7200	0.0502s	1.2053	0.7050	0.5738
38
0147	0.1626	0.9789	1.2991	0.7100	0.0506s	1.2139	0.7150	0.5790
39
0148	0.1710	0.9711	1.2703	0.7140	0.0503s	1.1902	0.7170	0.5827
40
0149	0.1603	0.9684	1.2671	0.7240	0.0522s	1.1935	0.7060	0.5915
41
0150	0.1851	0.9658	1.3033	0.7080	0.0504s	1.2284	0.6920	0.5596
42
0151	0.1731	0.9658	1.4111	0.6960	0.0503s	1.3135	0.6850	0.5529
43
0152	0.2005	0.9579	1.3713	0.7040	0.0503s	1.2682	0.6900	0.5594
44
0153	0.1814	0.9632	1.4307	0.6800	0.0503s	1.3181	0.6940	0.5766
45
0154	0.1804	0.9632	1.3419	0.6940	0.0501s	1.2351	0.7140	0.5748
46
0155	0.1674	0.9632	1.2734	0.7100	0.0503s	1.1793	0.7160	0.5797
47
0156	0.1516	0.9789	1.3466	0.7080	0.0503s	1.2446	0.7020	0.5753
48
0157	0.1889	0.9605	1.4122	0.6940	0.0507s	1.3126	0.6760	0.5607
49
0158	0.1730	0.9684	1.4282	0.6980	0.0503s	1.3281	0.6800	0.5592
50
0159	0.1741	0.9868	1.4270	0.7020	0.0504s	1.3377	0.6970	0.5640
51
0160	0.1913	0.9526	1.3943	0.6940	0.0514s	1.3031	0.6990	0.5596
52
0161	0.2212	0.9500	1.3198	0.7120	0.0503s	1.2413	0.7000	0.5696
53
0162	0.1848	0.9658	1.4423	0.6820	0.0502s	1.3243	0.6900	0.5778
54
0163	0.2074	0.9500	1.4023	0.6820	0.0503s	1.2719	0.6890	0.5697
55
0164	0.2031	0.9605	1.4043	0.6900	0.0503s	1.2778	0.7020	0.5739
56
0165	0.1803	0.9711	1.5236	0.6740	0.0504s	1.4239	0.6850	0.5667
57
0166	0.1930	0.9658	1.4588	0.7100	0.0502s	1.3478	0.7010	0.5769
58
0167	0.1881	0.9632	1.3816	0.7020	0.0503s	1.2780	0.7030	0.5822
59
0168	0.1570	0.9684	1.3515	0.7000	0.0507s	1.2697	0.6870	0.5740
60
0169	0.1558	0.9711	1.4433	0.6860	0.0504s	1.3553	0.6730	0.5533
61
0170	0.2064	0.9658	1.3359	0.6940	0.0512s	1.2514	0.6950	0.5622
62
0171	0.1746	0.9605	1.4755	0.6740	0.0502s	1.3826	0.6910	0.5669
63
0172	0.2002	0.9421	1.4427	0.6740	0.0501s	1.3661	0.6930	0.5673
64
0173	0.2064	0.9789	1.3184	0.7000	0.0502s	1.2187	0.7060	0.5715
65
0174	0.1932	0.9658	1.3983	0.6840	0.0502s	1.2828	0.6860	0.5732
66
0175	0.2051	0.9579	1.3448	0.7140	0.0501s	1.2702	0.6910	0.5848
67
0176	0.1826	0.9658	1.4080	0.6840	0.0503s	1.3465	0.6860	0.5784
68
0177	0.1874	0.9474	1.3692	0.6880	0.0501s	1.2990	0.6930	0.5636
69
0178	0.1737	0.9684	1.3470	0.6960	0.0501s	1.2455	0.7090	0.5554
70
0179	0.1582	0.9711	1.3923	0.6960	0.0505s	1.2587	0.7020	0.5639
71
0180	0.1664	0.9789	1.4208	0.7000	0.0514s	1.2921	0.6940	0.5781
72
0181	0.1807	0.9658	1.4687	0.6880	0.0503s	1.3412	0.6800	0.5675
73
0182	0.1713	0.9763	1.3192	0.7180	0.0506s	1.2305	0.7080	0.5818
74
0183	0.1764	0.9737	1.3216	0.7180	0.0504s	1.2298	0.7160	0.5860
75
0184	0.1717	0.9763	1.4178	0.7020	0.0503s	1.2896	0.6960	0.5726
76
0185	0.1772	0.9658	1.5212	0.6840	0.0505s	1.3869	0.6860	0.5706
77
0186	0.1847	0.9632	1.4360	0.6900	0.0504s	1.3091	0.6920	0.5658
78
0187	0.1625	0.9658	1.3201	0.7060	0.0504s	1.2221	0.7010	0.5693
79
0188	0.1828	0.9658	1.2349	0.7220	0.0501s	1.1410	0.7150	0.5817
80
0189	0.1697	0.9632	1.2673	0.7260	0.0502s	1.1565	0.7200	0.5840
81
0190	0.1425	0.9816	1.3420	0.7200	0.0504s	1.2194	0.7060	0.5635
82
0191	0.1481	0.9789	1.4248	0.7000	0.0514s	1.2927	0.7010	0.5747
83
0192	0.1657	0.9658	1.4420	0.6980	0.0503s	1.3067	0.6890	0.5651
84
0193	0.1931	0.9447	1.3480	0.7020	0.0502s	1.2287	0.6990	0.5865
85
0194	0.1509	0.9684	1.3160	0.7120	0.0504s	1.2106	0.7020	0.5799
86
0195	0.1543	0.9684	1.2714	0.7140	0.0504s	1.1820	0.7150	0.5884
87
0196	0.1580	0.9684	1.3324	0.7060	0.0501s	1.2292	0.7170	0.5961
88
0197	0.1733	0.9579	1.4277	0.7040	0.0502s	1.3055	0.6980	0.5697
89
0198	0.1578	0.9895	1.5282	0.6860	0.0501s	1.4091	0.6770	0.5687
90
0199	0.1883	0.9474	1.4161	0.7020	0.0502s	1.3220	0.6680	0.5513
91
0200	0.1612	0.9737	1.3244	0.7100	0.0502s	1.2371	0.6890	0.5642
92
0201	0.1731	0.9553	1.3377	0.6900	0.0515s	1.2474	0.7050	0.5776
93
0202	0.1443	0.9763	1.3768	0.6980	0.0505s	1.2460	0.7150	0.5884
94
0203	0.1501	0.9763	1.3919	0.6980	0.0507s	1.2374	0.7100	0.5921
95
0204	0.1847	0.9632	1.4036	0.6940	0.0504s	1.2585	0.6890	0.5630
96
0205	0.1503	0.9789	1.4304	0.6960	0.0502s	1.2846	0.6900	0.5669
97
0206	0.1650	0.9737	1.4235	0.7040	0.0508s	1.3185	0.6980	0.5744
98
0207	0.1606	0.9737	1.5363	0.6820	0.0505s	1.4254	0.6910	0.5791
99
0208	0.1801	0.9658	1.3376	0.7060	0.0504s	1.2506	0.7110	0.5810
100
0209	0.1416	0.9763	1.2978	0.7020	0.0500s	1.1812	0.7050	0.5783
101
0210	0.1518	0.9684	1.3548	0.7100	0.0508s	1.2103	0.6970	0.5721
102
0211	0.1691	0.9500	1.3958	0.7000	0.0502s	1.2575	0.7060	0.5865
103
0212	0.1580	0.9658	1.4157	0.6960	0.0512s	1.3033	0.7030	0.5836
104
0213	0.2027	0.9605	1.3648	0.6980	0.0500s	1.2709	0.7060	0.5941
105
0214	0.1560	0.9711	1.2784	0.7140	0.0505s	1.1936	0.7030	0.5981
106
0215	0.1457	0.9868	1.3308	0.7180	0.0502s	1.2389	0.6900	0.5782
107
0216	0.1773	0.9658	1.3735	0.7100	0.0503s	1.2647	0.7000	0.5720
108
0217	0.1634	0.9632	1.4329	0.6960	0.0501s	1.3203	0.6950	0.5709
109
0218	0.1304	0.9868	1.4362	0.6860	0.0505s	1.3165	0.6900	0.5709
110
0219	0.1434	0.9816	1.3836	0.7080	0.0506s	1.2567	0.7140	0.5884
111
0220	0.1633	0.9842	1.3880	0.7100	0.0502s	1.2469	0.7110	0.5836
112
0221	0.1746	0.9684	1.3896	0.6960	0.0504s	1.2319	0.7080	0.5784
113
0222	0.1535	0.9763	1.4592	0.6940	0.0509s	1.2890	0.7010	0.5914
114
0223	0.1556	0.9816	1.4219	0.7080	0.0504s	1.2957	0.6920	0.5832
115
0224	0.1687	0.9737	1.4465	0.7000	0.0502s	1.3383	0.6900	0.5753
116
0225	0.1848	0.9553	1.3998	0.6960	0.0502s	1.2849	0.6900	0.5734
117
0226	0.1624	0.9711	1.4460	0.6900	0.0504s	1.3247	0.6790	0.5545
118
0227	0.1722	0.9658	1.5518	0.6940	0.0501s	1.4202	0.6750	0.5712
119
0228	0.1697	0.9605	1.5288	0.7020	0.0503s	1.3784	0.6930	0.5811
120
0229	0.1778	0.9684	1.4191	0.7040	0.0585s	1.2746	0.7020	0.5850
121
0230	0.1546	0.9789	1.3695	0.6940	0.0705s	1.2191	0.7110	0.5880
122
0231	0.1728	0.9658	1.3108	0.6980	0.0628s	1.1738	0.7130	0.5863
123
0232	0.1548	0.9684	1.3337	0.6980	0.0596s	1.2077	0.7020	0.5812
124
0233	0.1565	0.9816	1.4130	0.7100	0.0589s	1.2824	0.6980	0.5717
125
0234	0.1435	0.9737	1.4906	0.6900	0.0593s	1.3576	0.6850	0.5679
126
0235	0.1571	0.9763	1.4072	0.6980	0.0591s	1.2717	0.7000	0.5832
127
0236	0.1593	0.9737	1.3095	0.7160	0.0592s	1.1931	0.7150	0.6052
128
0237	0.1570	0.9711	1.2915	0.7060	0.0591s	1.1763	0.7080	0.6013
129
0238	0.1624	0.9658	1.3211	0.7100	0.0592s	1.2132	0.7050	0.5947
130
0239	0.1447	0.9789	1.3937	0.6920	0.0594s	1.2636	0.6920	0.5875
131
0240	0.1600	0.9789	1.4780	0.6780	0.0592s	1.3450	0.6960	0.5626
132
0241	0.1483	0.9737	1.4477	0.6900	0.0597s	1.3313	0.7060	0.5661
133
0242	0.1581	0.9553	1.4047	0.7020	0.0594s	1.2914	0.7080	0.5705
134
0243	0.1409	0.9816	1.3860	0.7080	0.0598s	1.2731	0.6980	0.5724
135
0244	0.1786	0.9658	1.3528	0.6900	0.0579s	1.2273	0.6950	0.5682
136
0245	0.1655	0.9842	1.3330	0.7000	0.0527s	1.2041	0.7150	0.5818
137
0246	0.1624	0.9711	1.3610	0.7100	0.0510s	1.2326	0.7300	0.5912
138
0247	0.1447	0.9895	1.3635	0.7080	0.0501s	1.2328	0.7170	0.5762
139
0248	0.1653	0.9737	1.3987	0.7020	0.0504s	1.2762	0.6960	0.5577
140
0249	0.1533	0.9763	1.4248	0.6940	0.0503s	1.3061	0.6890	0.5701
141
0250	0.1449	0.9816	1.3819	0.6960	0.0505s	1.2761	0.6960	0.5729
142
0251	0.1625	0.9763	1.2777	0.7160	0.0503s	1.1957	0.7130	0.5974
143
0252	0.1536	0.9763	1.2904	0.7080	0.0512s	1.2103	0.7160	0.6020
144
0253	0.1420	0.9711	1.3813	0.6960	0.0502s	1.2794	0.6970	0.5944
145
0254	0.1867	0.9632	1.4183	0.7000	0.0509s	1.3004	0.6930	0.5787
146
0255	0.1779	0.9553	1.3167	0.7100	0.0502s	1.2066	0.7170	0.5812
147
0256	0.1439	0.9763	1.2950	0.7160	0.0502s	1.1978	0.7210	0.5889
148
0257	0.1505	0.9816	1.3934	0.6900	0.0502s	1.2962	0.6950	0.5747
149
0258	0.1460	0.9868	1.4473	0.6900	0.0504s	1.3372	0.6870	0.5761
150
0259	0.1604	0.9500	1.4301	0.6940	0.0504s	1.3015	0.6910	0.5627
151
0260	0.1496	0.9711	1.3884	0.7000	0.0501s	1.2495	0.6920	0.5758
152
0261	0.1559	0.9816	1.3438	0.7200	0.0503s	1.2159	0.7120	0.5839
153
0262	0.1534	0.9763	1.4360	0.7060	0.0508s	1.3190	0.7110	0.6094
154
0263	0.1499	0.9711	1.3789	0.7060	0.0502s	1.2770	0.7090	0.6027
155
0264	0.1211	0.9895	1.3469	0.7100	0.0504s	1.2424	0.6990	0.5934
156
0265	0.1416	0.9763	1.3865	0.7080	0.0524s	1.2685	0.6860	0.5709
157
0266	0.1570	0.9658	1.4164	0.7080	0.0540s	1.2959	0.6970	0.5926
158
0267	0.1400	0.9737	1.4537	0.7060	0.0515s	1.3506	0.7040	0.5881
159
0268	0.1372	0.9763	1.5307	0.6940	0.0544s	1.4241	0.6970	0.5783
160
0269	0.1772	0.9579	1.3560	0.7140	0.0546s	1.2364	0.7190	0.5964
161
0270	0.1405	0.9763	1.3692	0.7100	0.0525s	1.2297	0.6990	0.5774
162
0271	0.1508	0.9789	1.4021	0.6980	0.0511s	1.2813	0.6850	0.5725
163
0272	0.1783	0.9579	1.4346	0.7020	0.0502s	1.3280	0.6960	0.5790
164
0273	0.1496	0.9737	1.4464	0.7020	0.0504s	1.3565	0.7040	0.5837
165
0274	0.1723	0.9763	1.4173	0.7040	0.0501s	1.3077	0.7070	0.5875
166
0275	0.1916	0.9711	1.4745	0.7020	0.0503s	1.3226	0.6860	0.5668
167
0276	0.1505	0.9658	1.4964	0.6900	0.0503s	1.3500	0.6830	0.5642
168
0277	0.1701	0.9737	1.3781	0.7120	0.0500s	1.2611	0.6950	0.6015
169
0278	0.1510	0.9816	1.3294	0.7020	0.0504s	1.2238	0.7230	0.6059
170
0279	0.1535	0.9816	1.3210	0.7120	0.0502s	1.2241	0.7200	0.6061
171
0280	0.1569	0.9632	1.4311	0.7100	0.0502s	1.2935	0.7000	0.5724
172
0281	0.1771	0.9474	1.5592	0.6980	0.0503s	1.4046	0.6880	0.5707
173
0282	0.1962	0.9474	1.5084	0.6880	0.0501s	1.3521	0.6840	0.5691
174
0283	0.1446	0.9658	1.4569	0.6820	0.0501s	1.3287	0.6990	0.5785
175
0284	0.1510	0.9816	1.4173	0.6900	0.0503s	1.3033	0.7110	0.6021
176
0285	0.1775	0.9474	1.4271	0.7020	0.0501s	1.3183	0.6860	0.5862
177
0286	0.1679	0.9605	1.4689	0.7080	0.0502s	1.3538	0.6980	0.5958
178
0287	0.1713	0.9605	1.4347	0.7180	0.0502s	1.3140	0.6980	0.5917
179
0288	0.1513	0.9737	1.3940	0.7080	0.0505s	1.2683	0.7150	0.6024
180
0289	0.1391	0.9763	1.4213	0.6800	0.0506s	1.3105	0.7140	0.5884
181
0290	0.1821	0.9500	1.4062	0.6960	0.0503s	1.2527	0.7090	0.5863
182
0291	0.1404	0.9737	1.4840	0.6980	0.0501s	1.3204	0.6950	0.5597
183
0292	0.1734	0.9684	1.4489	0.6960	0.0503s	1.2949	0.6970	0.6208
184
0293	0.1616	0.9684	1.4514	0.7120	0.0503s	1.2955	0.7010	0.5941
185
0294	0.1314	0.9763	1.4097	0.7000	0.0501s	1.2750	0.7190	0.6133
186
0295	0.1603	0.9737	1.3963	0.7040	0.0502s	1.2783	0.7170	0.6088
187
0296	0.1411	0.9816	1.3594	0.7060	0.0504s	1.2323	0.7130	0.6104
188
0297	0.1383	0.9737	1.4029	0.7200	0.0501s	1.2606	0.6940	0.5969
189
0298	0.1683	0.9658	1.5244	0.7000	0.0501s	1.3756	0.6820	0.6059
190
0299	0.1809	0.9632	1.5958	0.6840	0.0502s	1.4139	0.6860	0.5756
191
0300	0.1698	0.9579	1.5162	0.6940	0.0502s	1.3414	0.6960	0.5735
192
0301	0.1568	0.9737	1.3775	0.7060	0.0502s	1.2295	0.7250	0.5958
193
0302	0.1342	0.9658	1.3251	0.7160	0.0504s	1.1934	0.7130	0.5884
194
0303	0.1697	0.9684	1.3945	0.7040	0.0501s	1.2460	0.6900	0.5762
195
0304	0.1339	0.9737	1.5196	0.6940	0.0500s	1.3633	0.6840	0.5770
196
0305	0.1677	0.9579	1.5471	0.6920	0.0506s	1.3886	0.6860	0.5682
197
0306	0.1378	0.9684	1.5124	0.6940	0.0501s	1.3698	0.6910	0.5610
198
0307	0.1353	0.9842	1.3914	0.7060	0.0501s	1.2565	0.7100	0.5722
199
Early stop! Min loss:1.2298438549041748,  Max accuracy:0.73
Early stop model validation loss:1.2298438549041748,  accuracy:0.712
Optimization Finished!
Total time elapsed: 17.0821s
test max acc:0.7300
Loading 106th epoch
stru_node_to_hop attention:tensor([[0.2406, 0.2530, 0.2531, 0.2534],
        [0.2448, 0.2511, 0.2518, 0.2523],
        [0.2481, 0.2509, 0.2506, 0.2504],
        [0.2466, 0.2494, 0.2519, 0.2521],
        [0.2281, 0.2677, 0.2560, 0.2483],
        [0.2483, 0.2506, 0.2506, 0.2505],
        [0.2495, 0.2501, 0.2502, 0.2501],
        [0.2470, 0.2517, 0.2505, 0.2508],
        [0.2478, 0.2502, 0.2509, 0.2511],
        [0.2468, 0.2510, 0.2511, 0.2512],
        [0.2445, 0.2512, 0.2522, 0.2521],
        [0.2463, 0.2515, 0.2510, 0.2512],
        [0.2466, 0.2505, 0.2519, 0.2510],
        [0.2285, 0.2533, 0.2600, 0.2582],
        [0.2233, 0.2441, 0.2682, 0.2644],
        [0.2500, 0.2500, 0.2500, 0.2500],
        [0.2500, 0.2500, 0.2500, 0.2500],
        [0.2500, 0.2500, 0.2500, 0.2500],
        [0.2473, 0.2495, 0.2516, 0.2516],
        [0.2500, 0.2500, 0.2500, 0.2500],
        [0.2447, 0.2508, 0.2521, 0.2524],
        [0.2501, 0.2500, 0.2500, 0.2500],
        [0.2499, 0.2500, 0.2501, 0.2501],
        [0.2500, 0.2500, 0.2500, 0.2500],
        [0.2456, 0.2512, 0.2515, 0.2517],
        [0.2500, 0.2500, 0.2500, 0.2500],
        [0.2495, 0.2501, 0.2502, 0.2502],
        [0.2506, 0.2498, 0.2498, 0.2498],
        [0.2500, 0.2500, 0.2500, 0.2500],
        [0.2500, 0.2500, 0.2500, 0.2500],
        [0.2421, 0.2522, 0.2526, 0.2531],
        [0.2506, 0.2498, 0.2498, 0.2498],
        [0.2510, 0.2499, 0.2495, 0.2496],
        [0.2543, 0.2484, 0.2488, 0.2484],
        [0.2485, 0.2494, 0.2505, 0.2516],
        [0.2500, 0.2500, 0.2500, 0.2500],
        [0.2494, 0.2497, 0.2504, 0.2505],
        [0.2504, 0.2499, 0.2499, 0.2499],
        [0.2498, 0.2501, 0.2501, 0.2501],
        [0.2466, 0.2502, 0.2515, 0.2517],
        [0.2495, 0.2501, 0.2502, 0.2502],
        [0.2445, 0.2524, 0.2517, 0.2514],
        [0.2496, 0.2499, 0.2502, 0.2503],
        [0.2500, 0.2500, 0.2500, 0.2500],
        [0.2433, 0.2513, 0.2525, 0.2528],
        [0.1656, 0.3811, 0.2468, 0.2065],
        [0.2500, 0.2500, 0.2500, 0.2500],
        [0.2455, 0.2501, 0.2520, 0.2524],
        [0.2500, 0.2500, 0.2500, 0.2500],
        [0.2702, 0.2564, 0.2368, 0.2366],
        [0.2500, 0.2500, 0.2500, 0.2500],
        [0.2500, 0.2500, 0.2500, 0.2500],
        [0.2499, 0.2502, 0.2500, 0.2500],
        [0.2488, 0.2495, 0.2510, 0.2507],
        [0.2497, 0.2500, 0.2502, 0.2502],
        [0.2470, 0.2461, 0.2524, 0.2545],
        [0.2433, 0.2218, 0.2649, 0.2700],
        [0.2500, 0.2500, 0.2500, 0.2500],
        [0.2500, 0.2500, 0.2500, 0.2500],
        [0.2500, 0.2500, 0.2500, 0.2500],
        [0.2497, 0.2496, 0.2502, 0.2505],
        [0.2500, 0.2500, 0.2500, 0.2500],
        [0.2500, 0.2500, 0.2500, 0.2500],
        [0.2503, 0.2500, 0.2499, 0.2499],
        [0.2502, 0.2499, 0.2499, 0.2499],
        [0.2456, 0.2458, 0.2539, 0.2547],
        [0.2500, 0.2500, 0.2500, 0.2500],
        [0.2471, 0.2508, 0.2511, 0.2510],
        [0.2514, 0.2488, 0.2498, 0.2501],
        [0.2525, 0.2485, 0.2495, 0.2495],
        [0.2500, 0.2500, 0.2500, 0.2500],
        [0.2480, 0.2505, 0.2507, 0.2507],
        [0.2466, 0.2503, 0.2517, 0.2514],
        [0.2500, 0.2500, 0.2500, 0.2500],
        [0.2500, 0.2500, 0.2500, 0.2500],
        [0.2501, 0.2500, 0.2500, 0.2500],
        [0.2499, 0.2500, 0.2500, 0.2500],
        [0.2464, 0.2501, 0.2515, 0.2520],
        [0.2500, 0.2500, 0.2500, 0.2500],
        [0.2449, 0.2524, 0.2510, 0.2516],
        [0.2471, 0.2509, 0.2509, 0.2510],
        [0.2434, 0.2514, 0.2523, 0.2529],
        [0.2500, 0.2500, 0.2500, 0.2500],
        [0.2500, 0.2500, 0.2500, 0.2500],
        [0.2451, 0.2506, 0.2518, 0.2525],
        [0.2443, 0.2516, 0.2519, 0.2522],
        [0.2481, 0.2509, 0.2504, 0.2506],
        [0.2500, 0.2500, 0.2500, 0.2500],
        [0.2499, 0.2501, 0.2500, 0.2500],
        [0.2499, 0.2500, 0.2500, 0.2500],
        [0.2500, 0.2500, 0.2500, 0.2500],
        [0.2500, 0.2500, 0.2500, 0.2500],
        [0.2500, 0.2500, 0.2500, 0.2500],
        [0.2500, 0.2500, 0.2500, 0.2500],
        [0.2500, 0.2500, 0.2500, 0.2500],
        [0.2501, 0.2499, 0.2500, 0.2500],
        [0.2366, 0.2542, 0.2541, 0.2550],
        [0.2462, 0.2530, 0.2507, 0.2502],
        [0.2500, 0.2500, 0.2500, 0.2500],
        [0.2426, 0.2524, 0.2526, 0.2523]], device='cuda:1')
fea_node_to_hop attention:tensor([[0.1409, 0.1433, 0.1433, 0.1433, 0.1432, 0.1431, 0.1430],
        [0.1408, 0.1430, 0.1432, 0.1432, 0.1433, 0.1432, 0.1432],
        [0.1424, 0.1429, 0.1430, 0.1430, 0.1429, 0.1429, 0.1428],
        [0.1414, 0.1438, 0.1431, 0.1430, 0.1429, 0.1429, 0.1429],
        [0.1358, 0.1525, 0.1475, 0.1443, 0.1418, 0.1398, 0.1382],
        [0.1423, 0.1429, 0.1430, 0.1430, 0.1430, 0.1429, 0.1429],
        [0.1427, 0.1428, 0.1429, 0.1429, 0.1429, 0.1429, 0.1429],
        [0.1406, 0.1433, 0.1431, 0.1431, 0.1432, 0.1433, 0.1433],
        [0.1426, 0.1427, 0.1429, 0.1429, 0.1429, 0.1429, 0.1430],
        [0.1416, 0.1426, 0.1430, 0.1431, 0.1432, 0.1432, 0.1432],
        [0.1399, 0.1436, 0.1432, 0.1433, 0.1433, 0.1433, 0.1434],
        [0.1415, 0.1432, 0.1431, 0.1431, 0.1431, 0.1430, 0.1430],
        [0.1414, 0.1430, 0.1433, 0.1431, 0.1430, 0.1431, 0.1431],
        [0.1397, 0.1416, 0.1423, 0.1434, 0.1439, 0.1444, 0.1448],
        [0.1286, 0.1433, 0.1448, 0.1460, 0.1460, 0.1458, 0.1455],
        [0.1429, 0.1429, 0.1429, 0.1429, 0.1429, 0.1429, 0.1429],
        [0.1429, 0.1429, 0.1429, 0.1429, 0.1429, 0.1429, 0.1429],
        [0.1429, 0.1429, 0.1429, 0.1429, 0.1429, 0.1429, 0.1429],
        [0.1416, 0.1427, 0.1431, 0.1431, 0.1432, 0.1432, 0.1432],
        [0.1428, 0.1429, 0.1429, 0.1429, 0.1429, 0.1429, 0.1429],
        [0.1396, 0.1431, 0.1434, 0.1435, 0.1435, 0.1435, 0.1434],
        [0.1429, 0.1428, 0.1428, 0.1428, 0.1428, 0.1429, 0.1429],
        [0.1427, 0.1429, 0.1429, 0.1429, 0.1429, 0.1429, 0.1429],
        [0.1429, 0.1429, 0.1429, 0.1429, 0.1429, 0.1429, 0.1429],
        [0.1406, 0.1430, 0.1432, 0.1433, 0.1433, 0.1433, 0.1433],
        [0.1429, 0.1429, 0.1429, 0.1429, 0.1429, 0.1429, 0.1429],
        [0.1425, 0.1429, 0.1429, 0.1429, 0.1429, 0.1429, 0.1429],
        [0.1430, 0.1428, 0.1428, 0.1428, 0.1428, 0.1428, 0.1428],
        [0.1428, 0.1429, 0.1429, 0.1429, 0.1429, 0.1429, 0.1429],
        [0.1428, 0.1429, 0.1429, 0.1429, 0.1429, 0.1429, 0.1429],
        [0.1400, 0.1429, 0.1433, 0.1434, 0.1434, 0.1435, 0.1434],
        [0.1432, 0.1428, 0.1428, 0.1428, 0.1428, 0.1428, 0.1428],
        [0.1430, 0.1429, 0.1429, 0.1428, 0.1428, 0.1429, 0.1428],
        [0.1412, 0.1429, 0.1432, 0.1432, 0.1433, 0.1432, 0.1430],
        [0.1411, 0.1431, 0.1433, 0.1432, 0.1431, 0.1431, 0.1431],
        [0.1429, 0.1429, 0.1429, 0.1429, 0.1428, 0.1428, 0.1428],
        [0.1420, 0.1428, 0.1430, 0.1430, 0.1430, 0.1430, 0.1430],
        [0.1431, 0.1428, 0.1428, 0.1428, 0.1428, 0.1428, 0.1428],
        [0.1428, 0.1429, 0.1429, 0.1429, 0.1429, 0.1429, 0.1429],
        [0.1415, 0.1431, 0.1431, 0.1431, 0.1431, 0.1431, 0.1431],
        [0.1426, 0.1429, 0.1429, 0.1429, 0.1429, 0.1429, 0.1429],
        [0.1407, 0.1432, 0.1434, 0.1433, 0.1432, 0.1431, 0.1431],
        [0.1423, 0.1428, 0.1430, 0.1430, 0.1430, 0.1430, 0.1430],
        [0.1429, 0.1429, 0.1429, 0.1429, 0.1429, 0.1429, 0.1429],
        [0.1381, 0.1432, 0.1438, 0.1438, 0.1437, 0.1437, 0.1436],
        [0.1262, 0.1435, 0.1474, 0.1482, 0.1458, 0.1450, 0.1439],
        [0.1428, 0.1429, 0.1429, 0.1429, 0.1429, 0.1429, 0.1429],
        [0.1404, 0.1432, 0.1432, 0.1433, 0.1433, 0.1433, 0.1433],
        [0.1429, 0.1429, 0.1429, 0.1429, 0.1429, 0.1429, 0.1429],
        [0.1524, 0.1536, 0.1462, 0.1411, 0.1377, 0.1353, 0.1337],
        [0.1428, 0.1429, 0.1429, 0.1429, 0.1429, 0.1429, 0.1429],
        [0.1429, 0.1429, 0.1429, 0.1429, 0.1429, 0.1429, 0.1429],
        [0.1429, 0.1429, 0.1429, 0.1429, 0.1429, 0.1429, 0.1429],
        [0.1394, 0.1432, 0.1433, 0.1434, 0.1435, 0.1436, 0.1436],
        [0.1427, 0.1429, 0.1429, 0.1429, 0.1429, 0.1429, 0.1429],
        [0.1417, 0.1394, 0.1444, 0.1442, 0.1440, 0.1434, 0.1429],
        [0.1343, 0.1293, 0.1472, 0.1474, 0.1478, 0.1472, 0.1468],
        [0.1429, 0.1429, 0.1429, 0.1429, 0.1429, 0.1429, 0.1429],
        [0.1429, 0.1429, 0.1429, 0.1429, 0.1429, 0.1429, 0.1429],
        [0.1429, 0.1429, 0.1429, 0.1429, 0.1429, 0.1429, 0.1429],
        [0.1423, 0.1429, 0.1429, 0.1430, 0.1430, 0.1430, 0.1430],
        [0.1428, 0.1429, 0.1429, 0.1429, 0.1429, 0.1429, 0.1429],
        [0.1429, 0.1429, 0.1429, 0.1429, 0.1429, 0.1429, 0.1429],
        [0.1430, 0.1428, 0.1428, 0.1428, 0.1428, 0.1428, 0.1428],
        [0.1430, 0.1428, 0.1428, 0.1428, 0.1428, 0.1428, 0.1428],
        [0.1365, 0.1427, 0.1439, 0.1443, 0.1443, 0.1442, 0.1441],
        [0.1429, 0.1429, 0.1429, 0.1429, 0.1429, 0.1429, 0.1429],
        [0.1411, 0.1431, 0.1431, 0.1432, 0.1432, 0.1432, 0.1432],
        [0.1427, 0.1429, 0.1428, 0.1429, 0.1429, 0.1429, 0.1429],
        [0.1439, 0.1427, 0.1427, 0.1427, 0.1427, 0.1426, 0.1426],
        [0.1429, 0.1429, 0.1429, 0.1429, 0.1429, 0.1429, 0.1429],
        [0.1415, 0.1430, 0.1430, 0.1431, 0.1431, 0.1431, 0.1431],
        [0.1411, 0.1428, 0.1432, 0.1432, 0.1432, 0.1432, 0.1432],
        [0.1429, 0.1429, 0.1429, 0.1429, 0.1429, 0.1429, 0.1429],
        [0.1429, 0.1429, 0.1429, 0.1429, 0.1429, 0.1429, 0.1429],
        [0.1429, 0.1429, 0.1429, 0.1429, 0.1429, 0.1429, 0.1429],
        [0.1428, 0.1429, 0.1429, 0.1429, 0.1429, 0.1429, 0.1429],
        [0.1432, 0.1429, 0.1428, 0.1429, 0.1428, 0.1428, 0.1427],
        [0.1429, 0.1429, 0.1429, 0.1429, 0.1429, 0.1429, 0.1429],
        [0.1397, 0.1429, 0.1434, 0.1435, 0.1435, 0.1435, 0.1435],
        [0.1408, 0.1432, 0.1432, 0.1432, 0.1432, 0.1432, 0.1432],
        [0.1393, 0.1434, 0.1434, 0.1435, 0.1435, 0.1435, 0.1435],
        [0.1428, 0.1429, 0.1429, 0.1429, 0.1429, 0.1429, 0.1429],
        [0.1429, 0.1429, 0.1429, 0.1429, 0.1429, 0.1429, 0.1429],
        [0.1407, 0.1430, 0.1431, 0.1433, 0.1433, 0.1433, 0.1433],
        [0.1407, 0.1432, 0.1433, 0.1433, 0.1432, 0.1432, 0.1431],
        [0.1425, 0.1422, 0.1428, 0.1429, 0.1431, 0.1432, 0.1433],
        [0.1428, 0.1429, 0.1429, 0.1429, 0.1429, 0.1429, 0.1429],
        [0.1428, 0.1429, 0.1429, 0.1429, 0.1429, 0.1429, 0.1429],
        [0.1428, 0.1429, 0.1429, 0.1429, 0.1429, 0.1429, 0.1429],
        [0.1429, 0.1429, 0.1429, 0.1429, 0.1429, 0.1429, 0.1429],
        [0.1428, 0.1429, 0.1429, 0.1429, 0.1429, 0.1429, 0.1429],
        [0.1428, 0.1429, 0.1429, 0.1429, 0.1429, 0.1429, 0.1429],
        [0.1429, 0.1429, 0.1429, 0.1429, 0.1429, 0.1429, 0.1429],
        [0.1428, 0.1429, 0.1429, 0.1429, 0.1429, 0.1429, 0.1429],
        [0.1430, 0.1429, 0.1428, 0.1428, 0.1428, 0.1428, 0.1428],
        [0.1390, 0.1431, 0.1431, 0.1435, 0.1436, 0.1438, 0.1439],
        [0.1395, 0.1431, 0.1437, 0.1435, 0.1435, 0.1434, 0.1433],
        [0.1428, 0.1429, 0.1429, 0.1429, 0.1429, 0.1429, 0.1429],
        [0.1403, 0.1434, 0.1432, 0.1433, 0.1433, 0.1433, 0.1433]],
       device='cuda:1')
perception attention:tensor([0.4567, 0.5433], device='cuda:1')
Test set results: loss= 1.1672 accuracy= 0.7050 F1_score= 0.5690
