# epoch	loss_train	acc_train	loss_val	acc_val	time	acc_test	f1_test
0001	2.9401	0.0368	6.0453	0.1940	0.0517s	5.6789	0.1880	0.0421
0
0002	6.1130	0.1895	5.6757	0.1440	0.0506s	5.4325	0.1380	0.0262
0
0003	5.7796	0.1158	3.8838	0.2220	0.0504s	3.7169	0.2170	0.1055
0
0004	3.8459	0.2132	3.0084	0.2480	0.0505s	2.9205	0.2360	0.1468
0
0005	2.9008	0.2658	2.6023	0.2860	0.0500s	2.5424	0.3150	0.1682
0
0006	2.4604	0.3079	2.3084	0.3360	0.0505s	2.2544	0.3640	0.2041
0
0007	2.1841	0.3632	2.1196	0.3100	0.0504s	2.0450	0.3400	0.1905
0
0008	2.0417	0.3526	1.9814	0.4320	0.0505s	1.8753	0.4760	0.3120
0
0009	1.8889	0.4842	1.8571	0.4920	0.0501s	1.7363	0.5220	0.3379
0
0010	1.7097	0.5211	1.7197	0.5400	0.0504s	1.6005	0.5920	0.3862
0
0011	1.5603	0.5500	1.5932	0.5680	0.0502s	1.4720	0.6040	0.3960
0
0012	1.4108	0.5658	1.5374	0.5420	0.0500s	1.4045	0.6080	0.3942
0
0013	1.3036	0.5711	1.5476	0.5880	0.0501s	1.4024	0.6110	0.4542
0
0014	1.2533	0.6211	1.5464	0.5860	0.0503s	1.3985	0.6090	0.4454
0
0015	1.1770	0.6237	1.5277	0.5820	0.0502s	1.3717	0.6240	0.4425
1
0016	1.0867	0.6211	1.5457	0.5860	0.0502s	1.3635	0.6430	0.4840
0
0017	1.0361	0.6421	1.4929	0.6000	0.0503s	1.3196	0.6600	0.5227
1
0018	0.9924	0.6789	1.4448	0.6100	0.0504s	1.2840	0.6560	0.5283
0
0019	0.9510	0.6763	1.4480	0.6220	0.0506s	1.2979	0.6640	0.5088
0
0020	0.8739	0.7000	1.4343	0.6220	0.0503s	1.2979	0.6650	0.5139
0
0021	0.8122	0.7658	1.4466	0.6060	0.0506s	1.3096	0.6550	0.5216
0
0022	0.7710	0.7526	1.4167	0.6140	0.0503s	1.2973	0.6550	0.5272
1
0023	0.7187	0.7526	1.3828	0.6400	0.0505s	1.2813	0.6750	0.5452
0
0024	0.6734	0.7868	1.4032	0.6520	0.0503s	1.3009	0.6680	0.5427
0
0025	0.6392	0.8237	1.3254	0.6580	0.0502s	1.2356	0.6850	0.5568
0
0026	0.5906	0.8316	1.3239	0.6540	0.0502s	1.2326	0.6820	0.5495
0
0027	0.6014	0.8237	1.3793	0.6700	0.0505s	1.2727	0.6730	0.5433
0
0028	0.5474	0.8263	1.4119	0.6720	0.0504s	1.2864	0.6760	0.5389
0
0029	0.5288	0.8526	1.4215	0.6500	0.0503s	1.2999	0.6730	0.5271
0
0030	0.5331	0.8395	1.4198	0.6800	0.0510s	1.3059	0.6730	0.5557
1
0031	0.4582	0.8789	1.4774	0.6700	0.0502s	1.3855	0.6610	0.5370
0
0032	0.4751	0.8500	1.3722	0.6880	0.0503s	1.2759	0.6770	0.5660
1
0033	0.4381	0.8579	1.3231	0.6800	0.0504s	1.2554	0.6970	0.5609
0
0034	0.4666	0.8711	1.3985	0.6960	0.0514s	1.3180	0.6790	0.5484
0
0035	0.4004	0.9079	1.5250	0.6640	0.0503s	1.4280	0.6660	0.5379
0
0036	0.4018	0.8921	1.4934	0.6740	0.0502s	1.3842	0.6720	0.5531
1
0037	0.4054	0.8816	1.2920	0.7000	0.0502s	1.2277	0.6990	0.5625
2
0038	0.3477	0.9342	1.2836	0.7040	0.0504s	1.2184	0.7000	0.5722
0
0039	0.3600	0.9263	1.3488	0.6940	0.0507s	1.2637	0.6920	0.5715
0
0040	0.3200	0.9184	1.4151	0.7020	0.0505s	1.3345	0.6860	0.5713
1
0041	0.3297	0.9289	1.4361	0.6980	0.0504s	1.3703	0.6840	0.5725
2
0042	0.3560	0.9000	1.3627	0.7020	0.0503s	1.2740	0.6940	0.5693
3
0043	0.3067	0.9316	1.4065	0.6640	0.0501s	1.3120	0.6840	0.5540
4
0044	0.3628	0.9105	1.3162	0.7020	0.0502s	1.2394	0.7010	0.5698
5
0045	0.2677	0.9395	1.3833	0.7080	0.0503s	1.3005	0.6990	0.5778
6
0046	0.3215	0.9000	1.4248	0.7120	0.0503s	1.3231	0.7010	0.5857
0
0047	0.2800	0.9526	1.4599	0.6880	0.0503s	1.3438	0.6810	0.5665
0
0048	0.2641	0.9526	1.3444	0.7180	0.0504s	1.2508	0.6930	0.5726
1
0049	0.2529	0.9500	1.3615	0.6960	0.0504s	1.2802	0.7030	0.5942
0
0050	0.2494	0.9474	1.4086	0.6940	0.0504s	1.3287	0.6940	0.5701
1
0051	0.2592	0.9368	1.4717	0.6900	0.0502s	1.3747	0.6920	0.5908
2
0052	0.2555	0.9474	1.3643	0.7120	0.0502s	1.2657	0.7010	0.5723
3
0053	0.2402	0.9447	1.3774	0.7140	0.0505s	1.2702	0.6940	0.5733
4
0054	0.2533	0.9316	1.4171	0.7100	0.0506s	1.3099	0.6890	0.5771
5
0055	0.2635	0.9342	1.4383	0.6940	0.0504s	1.3467	0.6920	0.5720
6
0056	0.2397	0.9474	1.4748	0.6940	0.0503s	1.3826	0.6890	0.5693
7
0057	0.2413	0.9500	1.4639	0.6940	0.0507s	1.3738	0.6730	0.5566
8
0058	0.2253	0.9553	1.4840	0.6860	0.0503s	1.3798	0.6730	0.5512
9
0059	0.2686	0.9289	1.3516	0.7060	0.0504s	1.2574	0.6880	0.5580
10
0060	0.2212	0.9526	1.4117	0.6840	0.0504s	1.3022	0.7010	0.5740
11
0061	0.2267	0.9474	1.4038	0.7060	0.0508s	1.2813	0.7010	0.5780
12
0062	0.2021	0.9789	1.5432	0.6920	0.0504s	1.4106	0.6780	0.5547
13
0063	0.2471	0.9316	1.5352	0.6880	0.0503s	1.4213	0.6750	0.5564
14
0064	0.2178	0.9474	1.3996	0.6960	0.0505s	1.3117	0.6900	0.5706
15
0065	0.2179	0.9553	1.3490	0.6920	0.0504s	1.2967	0.7000	0.5678
16
0066	0.2484	0.9289	1.3013	0.6960	0.0503s	1.2373	0.6970	0.5713
17
0067	0.2179	0.9500	1.3996	0.7080	0.0503s	1.3144	0.6750	0.5727
18
0068	0.2144	0.9526	1.4474	0.7060	0.0504s	1.3528	0.6780	0.5655
19
0069	0.2628	0.9395	1.3491	0.7120	0.0504s	1.2681	0.6970	0.5771
20
0070	0.2224	0.9605	1.3571	0.7100	0.0503s	1.2807	0.6980	0.5898
21
0071	0.2455	0.9316	1.3395	0.7080	0.0503s	1.2559	0.7000	0.5934
22
0072	0.2270	0.9632	1.3409	0.7140	0.0500s	1.2550	0.6980	0.5801
23
0073	0.2218	0.9500	1.3731	0.7080	0.0502s	1.2707	0.7070	0.5829
24
0074	0.2138	0.9632	1.3568	0.7080	0.0512s	1.2581	0.6960	0.5830
25
0075	0.1970	0.9711	1.4028	0.6780	0.0505s	1.3083	0.6990	0.5852
26
0076	0.2248	0.9579	1.2888	0.7060	0.0503s	1.2178	0.7050	0.5728
27
0077	0.2063	0.9711	1.3239	0.7120	0.0504s	1.2341	0.7020	0.5671
28
0078	0.1867	0.9658	1.3944	0.7160	0.0502s	1.3112	0.6950	0.5672
29
0079	0.2150	0.9579	1.4265	0.7120	0.0503s	1.3381	0.6950	0.5653
30
0080	0.2312	0.9605	1.3827	0.6960	0.0502s	1.2910	0.6960	0.5609
31
0081	0.1982	0.9605	1.2960	0.7060	0.0501s	1.1994	0.7060	0.5660
32
0082	0.1928	0.9605	1.2339	0.7080	0.0534s	1.1491	0.7160	0.5762
33
0083	0.1992	0.9842	1.2487	0.7180	0.0581s	1.1686	0.7100	0.5830
0
0084	0.1932	0.9658	1.2897	0.7280	0.0580s	1.2175	0.7000	0.5779
0
0085	0.1838	0.9711	1.3277	0.7320	0.0580s	1.2545	0.6950	0.5919
0
0086	0.1896	0.9816	1.3257	0.7160	0.0579s	1.2482	0.7060	0.5785
0
0087	0.2148	0.9553	1.2865	0.7180	0.0582s	1.2086	0.6930	0.5700
1
0088	0.1923	0.9658	1.3231	0.7060	0.0577s	1.2357	0.6990	0.5715
2
0089	0.2090	0.9684	1.3405	0.7020	0.0580s	1.2325	0.7010	0.5742
3
0090	0.1797	0.9711	1.3087	0.7180	0.0578s	1.2020	0.7040	0.5781
4
0091	0.2004	0.9421	1.3224	0.7160	0.0580s	1.2067	0.7070	0.5873
5
0092	0.1832	0.9737	1.3166	0.7140	0.0580s	1.2277	0.7060	0.5847
6
0093	0.1966	0.9684	1.2968	0.7020	0.0580s	1.2345	0.7060	0.5781
7
0094	0.1924	0.9711	1.2863	0.7100	0.0576s	1.2232	0.6990	0.5721
8
0095	0.1894	0.9711	1.3489	0.7040	0.0578s	1.2753	0.6860	0.5684
9
0096	0.1744	0.9658	1.3744	0.7000	0.0578s	1.2800	0.6970	0.5745
10
0097	0.1804	0.9737	1.3255	0.7060	0.0582s	1.2171	0.6990	0.5739
11
0098	0.1837	0.9605	1.3170	0.7160	0.0581s	1.2225	0.7010	0.5775
12
0099	0.1900	0.9684	1.3554	0.7060	0.0576s	1.2743	0.7010	0.5927
13
0100	0.2038	0.9605	1.3634	0.7040	0.0512s	1.2817	0.6960	0.5749
14
0101	0.1970	0.9579	1.4194	0.6940	0.0513s	1.3152	0.6890	0.5692
15
0102	0.1747	0.9684	1.4079	0.7000	0.0515s	1.3008	0.6890	0.5677
16
0103	0.2012	0.9684	1.2926	0.7080	0.0507s	1.2274	0.6970	0.5728
17
0104	0.1918	0.9763	1.3080	0.7020	0.0533s	1.2742	0.6950	0.5680
18
0105	0.2330	0.9395	1.3978	0.6780	0.0542s	1.3441	0.6770	0.5602
19
0106	0.2496	0.9316	1.3682	0.6900	0.0519s	1.2908	0.6990	0.5651
20
0107	0.2092	0.9579	1.5025	0.6880	0.0509s	1.4011	0.6750	0.5648
21
0108	0.2600	0.9184	1.5940	0.6720	0.0511s	1.4434	0.6770	0.5585
22
0109	0.2320	0.9263	1.5022	0.6860	0.0507s	1.3901	0.6770	0.5625
23
0110	0.2208	0.9658	1.4375	0.6920	0.0505s	1.3498	0.6780	0.5864
24
0111	0.2506	0.9500	1.3906	0.6980	0.0501s	1.2967	0.6850	0.5558
25
0112	0.2604	0.9421	1.3597	0.6960	0.0509s	1.2530	0.6940	0.5603
26
0113	0.2091	0.9500	1.5328	0.6760	0.0510s	1.4202	0.6680	0.5615
27
0114	0.2598	0.9526	1.3314	0.7020	0.0503s	1.2832	0.6930	0.5729
28
0115	0.2010	0.9526	1.3503	0.6960	0.0510s	1.3077	0.6840	0.5879
29
0116	0.2597	0.9500	1.2544	0.7100	0.0509s	1.1637	0.7100	0.5979
30
0117	0.2357	0.9579	1.2996	0.7020	0.0515s	1.1830	0.7020	0.5689
31
0118	0.1866	0.9605	1.4304	0.6740	0.0504s	1.3004	0.6840	0.5648
32
0119	0.2164	0.9553	1.3814	0.6880	0.0656s	1.2686	0.6880	0.5690
33
0120	0.1800	0.9605	1.3061	0.7060	0.0594s	1.2267	0.6910	0.5733
34
0121	0.1951	0.9500	1.2789	0.7040	0.0591s	1.2201	0.6970	0.5766
35
0122	0.1796	0.9763	1.2850	0.7120	0.0593s	1.2100	0.6980	0.5815
36
0123	0.2087	0.9632	1.2974	0.7000	0.0591s	1.2039	0.7010	0.5835
37
0124	0.1990	0.9658	1.3087	0.6980	0.0596s	1.2091	0.6910	0.5670
38
0125	0.1847	0.9737	1.3473	0.6960	0.0594s	1.2407	0.6800	0.5621
39
0126	0.1836	0.9711	1.3784	0.6800	0.0594s	1.2699	0.6890	0.5558
40
0127	0.2147	0.9500	1.3298	0.7040	0.0592s	1.2343	0.6910	0.5627
41
0128	0.1918	0.9658	1.2999	0.7120	0.0596s	1.2066	0.7030	0.5800
42
0129	0.1672	0.9711	1.3089	0.7180	0.0595s	1.2083	0.7120	0.5896
43
0130	0.1997	0.9421	1.3137	0.7160	0.0593s	1.2373	0.6920	0.5775
44
0131	0.1854	0.9632	1.2747	0.7180	0.0594s	1.2054	0.6880	0.5690
45
0132	0.1720	0.9711	1.2826	0.7000	0.0591s	1.2114	0.6970	0.5877
46
0133	0.1777	0.9737	1.3101	0.6880	0.0593s	1.2342	0.7030	0.5699
47
0134	0.2121	0.9500	1.3866	0.6980	0.0592s	1.2878	0.6960	0.5723
48
0135	0.1955	0.9711	1.4178	0.7000	0.0592s	1.3033	0.6970	0.5778
49
0136	0.1752	0.9658	1.4013	0.7160	0.0583s	1.2604	0.7030	0.5951
50
0137	0.1772	0.9658	1.4127	0.7120	0.0538s	1.2671	0.7070	0.5984
51
0138	0.1943	0.9658	1.3429	0.7100	0.0512s	1.2342	0.7040	0.5860
52
0139	0.1448	0.9816	1.4405	0.6980	0.0524s	1.3314	0.6970	0.5729
53
0140	0.1688	0.9789	1.4173	0.7020	0.0506s	1.3092	0.6980	0.5864
54
0141	0.1751	0.9789	1.3710	0.7040	0.0502s	1.2653	0.6960	0.5705
55
0142	0.1738	0.9684	1.3865	0.7100	0.0516s	1.2827	0.7030	0.5844
56
0143	0.1857	0.9632	1.4396	0.7020	0.0501s	1.3391	0.6890	0.5794
57
0144	0.1914	0.9658	1.3790	0.7040	0.0503s	1.2861	0.6820	0.5767
58
0145	0.1821	0.9816	1.3732	0.6940	0.0515s	1.2774	0.6940	0.5716
59
0146	0.1821	0.9684	1.3659	0.7040	0.0501s	1.2639	0.6910	0.5738
60
0147	0.1824	0.9553	1.4131	0.6940	0.0503s	1.2955	0.6840	0.5670
61
0148	0.1856	0.9711	1.3493	0.7060	0.0503s	1.2446	0.7030	0.5799
62
0149	0.1541	0.9868	1.4215	0.7000	0.0505s	1.3070	0.6810	0.5625
63
0150	0.1389	0.9842	1.5189	0.6940	0.0502s	1.3983	0.6840	0.5668
64
0151	0.2014	0.9632	1.3927	0.7120	0.0500s	1.2926	0.6920	0.5675
65
0152	0.1683	0.9816	1.3732	0.7040	0.0507s	1.2606	0.6930	0.5651
66
0153	0.1785	0.9763	1.4141	0.6960	0.0501s	1.2794	0.6930	0.5655
67
0154	0.1559	0.9816	1.5384	0.6640	0.0513s	1.3911	0.6770	0.5581
68
0155	0.2079	0.9579	1.3568	0.7060	0.0502s	1.2426	0.6920	0.5746
69
0156	0.1633	0.9816	1.4386	0.6960	0.0503s	1.3381	0.6810	0.5681
70
0157	0.1838	0.9711	1.3661	0.7140	0.0515s	1.2659	0.6880	0.5805
71
0158	0.1721	0.9763	1.3794	0.7000	0.0503s	1.2672	0.6880	0.5809
72
0159	0.1913	0.9684	1.3653	0.7140	0.0502s	1.2508	0.6960	0.5894
73
0160	0.1648	0.9711	1.4263	0.7060	0.0504s	1.3106	0.6940	0.5832
74
0161	0.1582	0.9711	1.4464	0.7060	0.0501s	1.3296	0.6830	0.5609
75
0162	0.1743	0.9684	1.3439	0.7160	0.0503s	1.2394	0.6990	0.5830
76
0163	0.1564	0.9737	1.2836	0.7080	0.0502s	1.2031	0.6970	0.5791
77
0164	0.1734	0.9658	1.3109	0.7180	0.0524s	1.2354	0.6970	0.5805
78
0165	0.1916	0.9684	1.4233	0.7120	0.0511s	1.3348	0.6900	0.5702
79
0166	0.1702	0.9605	1.4171	0.7280	0.0537s	1.3125	0.6910	0.5857
80
0167	0.1586	0.9737	1.3865	0.7200	0.0523s	1.2585	0.7020	0.5722
81
0168	0.1698	0.9763	1.4431	0.7020	0.0522s	1.2941	0.6830	0.5621
82
0169	0.1853	0.9763	1.3762	0.7140	0.0534s	1.2441	0.6950	0.5771
83
0170	0.1754	0.9632	1.4118	0.7060	0.0506s	1.3080	0.6930	0.5728
84
0171	0.1439	0.9737	1.3970	0.6940	0.0502s	1.2846	0.6930	0.5680
85
0172	0.1372	0.9895	1.3773	0.7060	0.0503s	1.2511	0.6960	0.5530
86
0173	0.1462	0.9737	1.4371	0.7040	0.0513s	1.3051	0.6840	0.5503
87
0174	0.1957	0.9579	1.4895	0.7040	0.0504s	1.3862	0.6820	0.5553
88
0175	0.1725	0.9737	1.4612	0.7060	0.0503s	1.3750	0.6870	0.5624
89
0176	0.1692	0.9605	1.4463	0.7080	0.0502s	1.3320	0.6950	0.5778
90
0177	0.1597	0.9868	1.3975	0.7120	0.0506s	1.2581	0.7020	0.6025
91
0178	0.1464	0.9816	1.3287	0.7060	0.0503s	1.1851	0.6990	0.5901
92
0179	0.1501	0.9789	1.2947	0.7000	0.0502s	1.1907	0.6970	0.5873
93
0180	0.1834	0.9711	1.3383	0.7140	0.0502s	1.2587	0.6930	0.5866
94
0181	0.1496	0.9711	1.4676	0.7040	0.0515s	1.3905	0.6850	0.5841
95
0182	0.1843	0.9658	1.4551	0.7180	0.0501s	1.3573	0.6810	0.5774
96
0183	0.1731	0.9763	1.3779	0.7120	0.0503s	1.2675	0.6870	0.5779
97
0184	0.1547	0.9816	1.2879	0.7120	0.0503s	1.1681	0.7180	0.5871
98
0185	0.1570	0.9763	1.3256	0.6980	0.0502s	1.1762	0.7120	0.5855
99
0186	0.1477	0.9789	1.3911	0.7100	0.0513s	1.2306	0.7010	0.5753
100
0187	0.1600	0.9684	1.4127	0.7160	0.0502s	1.2557	0.6960	0.5721
101
0188	0.1652	0.9605	1.4034	0.7140	0.0503s	1.2480	0.7060	0.5731
102
0189	0.1484	0.9816	1.4482	0.7060	0.0504s	1.2948	0.6950	0.5664
103
0190	0.1601	0.9789	1.4703	0.7060	0.0513s	1.3275	0.6870	0.5662
104
0191	0.1415	0.9658	1.4870	0.7020	0.0503s	1.3584	0.6900	0.5706
105
0192	0.1329	0.9763	1.3956	0.7200	0.0504s	1.2859	0.6930	0.5846
106
0193	0.1501	0.9789	1.3535	0.6980	0.0505s	1.2495	0.7150	0.5982
107
0194	0.1734	0.9842	1.3632	0.7220	0.0503s	1.2430	0.7010	0.5868
108
0195	0.1504	0.9737	1.5296	0.7000	0.0512s	1.3799	0.6810	0.5669
109
0196	0.1772	0.9737	1.5047	0.7060	0.0506s	1.3637	0.6870	0.5738
110
0197	0.1583	0.9711	1.4058	0.7020	0.0506s	1.2699	0.7070	0.5955
111
0198	0.1375	0.9711	1.3500	0.7040	0.0504s	1.2230	0.7090	0.5938
112
0199	0.1631	0.9711	1.4727	0.7120	0.0519s	1.3386	0.6890	0.5864
113
0200	0.1720	0.9632	1.5810	0.7060	0.0507s	1.4415	0.6760	0.5729
114
0201	0.1853	0.9737	1.4712	0.6980	0.0503s	1.3364	0.6850	0.5657
115
0202	0.1554	0.9737	1.3622	0.7040	0.0504s	1.2431	0.7070	0.5719
116
0203	0.1687	0.9632	1.3673	0.7020	0.0515s	1.2539	0.6920	0.5679
117
0204	0.1389	0.9789	1.4395	0.7060	0.0510s	1.3239	0.6800	0.5674
118
0205	0.1641	0.9737	1.4557	0.6980	0.0505s	1.3259	0.6800	0.5741
119
0206	0.1613	0.9763	1.3295	0.7060	0.0505s	1.1790	0.7160	0.5888
120
0207	0.1418	0.9868	1.3841	0.7040	0.0504s	1.2170	0.7230	0.5869
121
0208	0.1600	0.9605	1.4892	0.6960	0.0515s	1.3056	0.6930	0.5665
122
0209	0.1586	0.9763	1.4973	0.7060	0.0502s	1.3409	0.6910	0.5862
123
0210	0.1347	0.9895	1.4479	0.7080	0.0501s	1.3223	0.6870	0.5855
124
0211	0.1561	0.9763	1.3399	0.7100	0.0504s	1.2267	0.6990	0.5945
125
0212	0.1575	0.9684	1.2658	0.7020	0.0502s	1.1578	0.7120	0.6017
126
0213	0.1698	0.9684	1.3062	0.7200	0.0502s	1.1696	0.7120	0.5983
127
0214	0.1377	0.9842	1.4183	0.7140	0.0506s	1.2791	0.6910	0.5815
128
0215	0.1564	0.9763	1.4780	0.7080	0.0501s	1.3301	0.6890	0.5866
129
0216	0.1686	0.9684	1.3516	0.7140	0.0516s	1.2243	0.6980	0.5919
130
0217	0.1416	0.9763	1.3531	0.7060	0.0503s	1.2374	0.7050	0.5926
131
0218	0.1671	0.9684	1.3325	0.6980	0.0504s	1.2129	0.7060	0.5957
132
0219	0.1420	0.9789	1.3663	0.6980	0.0503s	1.2300	0.7030	0.5933
133
0220	0.1741	0.9579	1.4284	0.6980	0.0499s	1.2895	0.6870	0.5811
134
0221	0.1731	0.9737	1.4551	0.6960	0.0532s	1.3138	0.6810	0.5597
135
0222	0.1605	0.9789	1.3471	0.7180	0.0504s	1.2023	0.7250	0.5925
136
0223	0.1520	0.9816	1.4234	0.6960	0.0501s	1.2528	0.7120	0.5992
137
0224	0.1519	0.9711	1.3909	0.7040	0.0503s	1.2265	0.7050	0.5805
138
0225	0.1482	0.9684	1.4499	0.7080	0.0509s	1.2951	0.6890	0.5760
139
0226	0.1779	0.9684	1.3657	0.7040	0.0503s	1.2438	0.6960	0.5768
140
0227	0.1649	0.9763	1.3177	0.6980	0.0504s	1.2272	0.7100	0.5971
141
0228	0.1698	0.9711	1.3674	0.7140	0.0501s	1.2675	0.7080	0.5961
142
0229	0.1478	0.9816	1.3678	0.7200	0.0505s	1.2560	0.7070	0.5972
143
0230	0.1565	0.9684	1.3757	0.7120	0.0502s	1.2408	0.6980	0.5967
144
0231	0.1187	0.9842	1.3655	0.7060	0.0503s	1.2198	0.6970	0.5973
145
0232	0.1623	0.9579	1.3223	0.7260	0.0502s	1.1791	0.7040	0.6014
146
0233	0.1543	0.9789	1.3812	0.7100	0.0507s	1.2298	0.7140	0.6107
147
0234	0.1538	0.9684	1.4114	0.7060	0.0503s	1.2818	0.6990	0.5953
148
0235	0.1264	0.9895	1.4479	0.7260	0.0502s	1.3182	0.6880	0.5834
149
0236	0.1610	0.9684	1.4904	0.7100	0.0504s	1.3714	0.6760	0.5714
150
0237	0.1707	0.9684	1.3941	0.7080	0.0503s	1.3000	0.6900	0.5905
151
0238	0.1645	0.9763	1.3714	0.7060	0.0501s	1.2564	0.6920	0.5883
152
0239	0.1569	0.9711	1.4167	0.7040	0.0503s	1.2511	0.6940	0.5758
153
0240	0.1317	0.9763	1.5079	0.7020	0.0504s	1.3095	0.7000	0.5797
154
0241	0.1592	0.9684	1.4329	0.7120	0.0761s	1.2603	0.6990	0.5742
155
0242	0.1440	0.9763	1.4821	0.7080	0.0608s	1.3361	0.6860	0.5611
156
0243	0.1433	0.9684	1.4562	0.7000	0.0578s	1.3280	0.6880	0.5586
157
0244	0.1524	0.9711	1.4193	0.7100	0.0578s	1.3004	0.6920	0.5660
158
0245	0.1524	0.9711	1.4457	0.7180	0.0580s	1.3276	0.6880	0.5676
159
0246	0.1920	0.9553	1.5325	0.6940	0.0581s	1.4034	0.6870	0.5761
160
0247	0.1939	0.9737	1.3893	0.7020	0.0580s	1.2534	0.7050	0.5828
161
0248	0.1728	0.9737	1.4105	0.7080	0.0577s	1.2369	0.6960	0.5965
162
0249	0.1760	0.9684	1.4201	0.7180	0.0580s	1.2274	0.7000	0.5961
163
0250	0.1447	0.9711	1.4485	0.7140	0.0579s	1.2607	0.7030	0.5996
164
0251	0.1726	0.9658	1.3750	0.7060	0.0581s	1.2398	0.7060	0.5969
165
0252	0.1349	0.9868	1.3466	0.7120	0.0581s	1.2384	0.6960	0.5829
166
0253	0.1379	0.9711	1.3859	0.7120	0.0569s	1.2794	0.6870	0.5766
167
0254	0.1527	0.9763	1.3787	0.7060	0.0530s	1.2787	0.6900	0.5816
168
0255	0.1482	0.9816	1.3747	0.7200	0.0514s	1.2712	0.6980	0.5911
169
0256	0.1520	0.9763	1.4056	0.7060	0.0516s	1.2778	0.7050	0.5985
170
0257	0.1451	0.9711	1.3463	0.7120	0.0507s	1.1972	0.7090	0.6020
171
0258	0.1529	0.9789	1.4843	0.7000	0.0509s	1.3010	0.6960	0.5755
172
0259	0.1743	0.9579	1.4915	0.7080	0.0515s	1.3106	0.6900	0.5726
173
0260	0.1285	0.9921	1.5340	0.6900	0.0504s	1.3502	0.6920	0.5719
174
0261	0.1692	0.9632	1.4361	0.7040	0.0505s	1.2847	0.7070	0.5781
175
0262	0.1250	0.9816	1.4282	0.7000	0.0509s	1.3073	0.7150	0.5881
176
0263	0.1654	0.9632	1.3420	0.7160	0.0514s	1.2322	0.6920	0.5739
177
0264	0.1398	0.9763	1.4624	0.7140	0.0517s	1.3358	0.6820	0.5674
178
0265	0.1925	0.9553	1.3800	0.7120	0.0514s	1.2639	0.6920	0.5673
179
0266	0.1290	0.9842	1.4583	0.6980	0.0673s	1.3443	0.7010	0.5820
180
0267	0.1526	0.9737	1.3402	0.7100	0.0593s	1.2090	0.7140	0.5853
181
0268	0.1311	0.9921	1.4009	0.7140	0.0592s	1.2402	0.7020	0.5782
182
0269	0.1524	0.9658	1.4778	0.7200	0.0597s	1.3379	0.6850	0.5740
183
0270	0.1585	0.9711	1.4732	0.7160	0.0594s	1.3610	0.6800	0.5736
184
0271	0.1728	0.9605	1.3283	0.7140	0.0594s	1.2244	0.7070	0.5839
185
0272	0.1618	0.9684	1.3386	0.7080	0.0594s	1.2089	0.7090	0.5785
186
0273	0.1730	0.9684	1.4102	0.7160	0.0593s	1.2841	0.6910	0.5637
187
0274	0.1424	0.9868	1.4565	0.7140	0.0596s	1.3669	0.6830	0.5927
188
0275	0.1698	0.9658	1.4308	0.7120	0.0594s	1.3662	0.6850	0.5877
189
0276	0.1589	0.9737	1.3056	0.7160	0.0595s	1.2340	0.6960	0.5878
190
0277	0.1306	0.9868	1.2830	0.7180	0.0592s	1.1845	0.7050	0.5963
191
0278	0.1545	0.9658	1.4153	0.7240	0.0594s	1.2728	0.6940	0.5739
192
0279	0.1568	0.9763	1.4556	0.7140	0.0597s	1.3171	0.6950	0.5803
193
0280	0.1110	0.9868	1.4306	0.7180	0.0594s	1.3097	0.6910	0.5745
194
0281	0.1514	0.9763	1.3758	0.7120	0.0594s	1.2610	0.6980	0.5779
195
0282	0.1396	0.9684	1.2921	0.7260	0.0592s	1.1776	0.7110	0.5986
196
0283	0.1573	0.9763	1.3258	0.7100	0.0569s	1.1916	0.6960	0.5715
197
0284	0.1441	0.9711	1.4543	0.7080	0.0522s	1.3068	0.6870	0.5936
198
0285	0.1578	0.9711	1.5213	0.7000	0.0508s	1.3693	0.6950	0.6052
199
Early stop! Min loss:1.2339155673980713,  Max accuracy:0.732
Early stop model validation loss:1.2339155673980713,  accuracy:0.708
Optimization Finished!
Total time elapsed: 15.3206s
test max acc:0.7250
Loading 81th epoch
stru_node_to_hop attention:tensor([[0.2436, 0.2513, 0.2525, 0.2526],
        [0.2480, 0.2499, 0.2509, 0.2511],
        [0.2388, 0.2543, 0.2536, 0.2533],
        [0.2446, 0.2500, 0.2524, 0.2529],
        [0.2351, 0.2572, 0.2537, 0.2540],
        [0.2470, 0.2507, 0.2512, 0.2510],
        [0.2422, 0.2522, 0.2528, 0.2528],
        [0.2469, 0.2513, 0.2507, 0.2511],
        [0.2451, 0.2509, 0.2519, 0.2521],
        [0.2460, 0.2517, 0.2511, 0.2512],
        [0.2468, 0.2507, 0.2511, 0.2514],
        [0.2439, 0.2501, 0.2531, 0.2529],
        [0.2456, 0.2502, 0.2527, 0.2515],
        [0.2146, 0.2474, 0.2687, 0.2693],
        [0.2232, 0.2377, 0.2710, 0.2682],
        [0.2501, 0.2500, 0.2500, 0.2500],
        [0.2500, 0.2500, 0.2500, 0.2500],
        [0.2501, 0.2500, 0.2500, 0.2500],
        [0.2486, 0.2492, 0.2511, 0.2511],
        [0.2498, 0.2500, 0.2501, 0.2501],
        [0.2440, 0.2512, 0.2524, 0.2524],
        [0.2489, 0.2503, 0.2504, 0.2503],
        [0.2498, 0.2500, 0.2501, 0.2501],
        [0.2500, 0.2500, 0.2500, 0.2500],
        [0.2448, 0.2501, 0.2524, 0.2527],
        [0.2500, 0.2500, 0.2500, 0.2500],
        [0.2501, 0.2499, 0.2500, 0.2500],
        [0.2500, 0.2500, 0.2500, 0.2500],
        [0.2500, 0.2500, 0.2500, 0.2500],
        [0.2500, 0.2500, 0.2500, 0.2500],
        [0.2419, 0.2526, 0.2524, 0.2531],
        [0.2500, 0.2500, 0.2500, 0.2500],
        [0.2493, 0.2507, 0.2499, 0.2501],
        [0.2475, 0.2503, 0.2510, 0.2513],
        [0.2463, 0.2505, 0.2513, 0.2519],
        [0.2495, 0.2501, 0.2502, 0.2502],
        [0.2495, 0.2498, 0.2503, 0.2504],
        [0.2472, 0.2506, 0.2510, 0.2511],
        [0.2500, 0.2500, 0.2500, 0.2500],
        [0.2505, 0.2500, 0.2498, 0.2497],
        [0.2481, 0.2504, 0.2507, 0.2508],
        [0.2488, 0.2503, 0.2504, 0.2505],
        [0.2500, 0.2498, 0.2501, 0.2501],
        [0.2501, 0.2500, 0.2500, 0.2500],
        [0.2465, 0.2502, 0.2515, 0.2518],
        [0.1554, 0.4117, 0.2348, 0.1981],
        [0.2501, 0.2500, 0.2500, 0.2500],
        [0.2434, 0.2528, 0.2521, 0.2517],
        [0.2500, 0.2500, 0.2500, 0.2500],
        [0.2615, 0.2728, 0.2332, 0.2325],
        [0.2500, 0.2500, 0.2500, 0.2500],
        [0.2501, 0.2500, 0.2500, 0.2500],
        [0.2498, 0.2501, 0.2501, 0.2500],
        [0.2501, 0.2484, 0.2510, 0.2505],
        [0.2511, 0.2496, 0.2496, 0.2496],
        [0.2501, 0.2483, 0.2503, 0.2513],
        [0.2654, 0.2201, 0.2540, 0.2605],
        [0.2491, 0.2502, 0.2503, 0.2503],
        [0.2500, 0.2500, 0.2500, 0.2500],
        [0.2500, 0.2500, 0.2500, 0.2500],
        [0.2485, 0.2499, 0.2506, 0.2509],
        [0.2500, 0.2500, 0.2500, 0.2500],
        [0.2500, 0.2500, 0.2500, 0.2500],
        [0.2499, 0.2500, 0.2501, 0.2501],
        [0.2501, 0.2500, 0.2500, 0.2500],
        [0.2340, 0.2446, 0.2596, 0.2618],
        [0.2500, 0.2500, 0.2500, 0.2500],
        [0.2489, 0.2502, 0.2505, 0.2505],
        [0.2501, 0.2496, 0.2502, 0.2500],
        [0.2501, 0.2500, 0.2500, 0.2500],
        [0.2502, 0.2499, 0.2499, 0.2499],
        [0.2439, 0.2515, 0.2523, 0.2523],
        [0.2474, 0.2501, 0.2512, 0.2513],
        [0.2500, 0.2500, 0.2500, 0.2500],
        [0.2499, 0.2500, 0.2500, 0.2500],
        [0.2500, 0.2500, 0.2500, 0.2500],
        [0.2500, 0.2500, 0.2500, 0.2500],
        [0.2460, 0.2506, 0.2514, 0.2520],
        [0.2500, 0.2500, 0.2500, 0.2500],
        [0.2490, 0.2505, 0.2502, 0.2504],
        [0.2423, 0.2530, 0.2521, 0.2526],
        [0.2488, 0.2498, 0.2507, 0.2507],
        [0.2495, 0.2498, 0.2502, 0.2504],
        [0.2500, 0.2500, 0.2500, 0.2500],
        [0.2467, 0.2498, 0.2513, 0.2521],
        [0.2411, 0.2522, 0.2532, 0.2535],
        [0.2477, 0.2524, 0.2501, 0.2498],
        [0.2500, 0.2500, 0.2500, 0.2500],
        [0.2501, 0.2500, 0.2500, 0.2500],
        [0.2500, 0.2500, 0.2500, 0.2500],
        [0.2499, 0.2500, 0.2500, 0.2500],
        [0.2500, 0.2500, 0.2500, 0.2500],
        [0.2499, 0.2500, 0.2501, 0.2501],
        [0.2500, 0.2500, 0.2500, 0.2500],
        [0.2501, 0.2500, 0.2500, 0.2500],
        [0.2499, 0.2500, 0.2500, 0.2501],
        [0.2425, 0.2539, 0.2516, 0.2519],
        [0.2491, 0.2505, 0.2503, 0.2501],
        [0.2499, 0.2500, 0.2500, 0.2500],
        [0.2448, 0.2516, 0.2518, 0.2518]], device='cuda:1')
fea_node_to_hop attention:tensor([[0.1392, 0.1430, 0.1433, 0.1435, 0.1437, 0.1436, 0.1437],
        [0.1417, 0.1432, 0.1430, 0.1430, 0.1430, 0.1430, 0.1430],
        [0.1395, 0.1436, 0.1436, 0.1435, 0.1434, 0.1433, 0.1432],
        [0.1423, 0.1427, 0.1429, 0.1429, 0.1430, 0.1430, 0.1431],
        [0.1346, 0.1476, 0.1455, 0.1444, 0.1434, 0.1426, 0.1419],
        [0.1415, 0.1432, 0.1431, 0.1431, 0.1431, 0.1430, 0.1430],
        [0.1402, 0.1434, 0.1433, 0.1433, 0.1433, 0.1433, 0.1432],
        [0.1400, 0.1434, 0.1432, 0.1434, 0.1433, 0.1434, 0.1433],
        [0.1410, 0.1427, 0.1432, 0.1433, 0.1433, 0.1433, 0.1433],
        [0.1401, 0.1425, 0.1433, 0.1434, 0.1435, 0.1435, 0.1435],
        [0.1418, 0.1429, 0.1429, 0.1430, 0.1431, 0.1431, 0.1431],
        [0.1411, 0.1424, 0.1429, 0.1431, 0.1433, 0.1435, 0.1437],
        [0.1394, 0.1434, 0.1436, 0.1435, 0.1434, 0.1434, 0.1433],
        [0.1335, 0.1415, 0.1414, 0.1442, 0.1455, 0.1465, 0.1473],
        [0.1213, 0.1370, 0.1477, 0.1487, 0.1487, 0.1485, 0.1481],
        [0.1429, 0.1428, 0.1429, 0.1428, 0.1428, 0.1428, 0.1428],
        [0.1429, 0.1429, 0.1429, 0.1429, 0.1429, 0.1429, 0.1429],
        [0.1429, 0.1429, 0.1429, 0.1429, 0.1429, 0.1429, 0.1429],
        [0.1419, 0.1427, 0.1429, 0.1431, 0.1432, 0.1432, 0.1431],
        [0.1429, 0.1429, 0.1429, 0.1429, 0.1429, 0.1429, 0.1429],
        [0.1402, 0.1430, 0.1434, 0.1434, 0.1434, 0.1433, 0.1433],
        [0.1424, 0.1429, 0.1430, 0.1430, 0.1429, 0.1429, 0.1429],
        [0.1427, 0.1429, 0.1429, 0.1429, 0.1429, 0.1429, 0.1429],
        [0.1429, 0.1429, 0.1429, 0.1429, 0.1429, 0.1429, 0.1429],
        [0.1402, 0.1429, 0.1431, 0.1433, 0.1434, 0.1435, 0.1435],
        [0.1429, 0.1428, 0.1429, 0.1429, 0.1429, 0.1429, 0.1429],
        [0.1429, 0.1429, 0.1429, 0.1429, 0.1429, 0.1429, 0.1428],
        [0.1428, 0.1429, 0.1429, 0.1429, 0.1429, 0.1429, 0.1429],
        [0.1429, 0.1429, 0.1429, 0.1429, 0.1429, 0.1429, 0.1429],
        [0.1429, 0.1429, 0.1429, 0.1429, 0.1429, 0.1429, 0.1429],
        [0.1392, 0.1429, 0.1434, 0.1435, 0.1436, 0.1436, 0.1437],
        [0.1429, 0.1429, 0.1429, 0.1429, 0.1429, 0.1429, 0.1429],
        [0.1430, 0.1428, 0.1429, 0.1431, 0.1429, 0.1427, 0.1426],
        [0.1409, 0.1433, 0.1435, 0.1432, 0.1431, 0.1431, 0.1430],
        [0.1406, 0.1431, 0.1431, 0.1432, 0.1433, 0.1433, 0.1434],
        [0.1426, 0.1429, 0.1429, 0.1429, 0.1429, 0.1429, 0.1429],
        [0.1422, 0.1430, 0.1430, 0.1430, 0.1430, 0.1430, 0.1430],
        [0.1413, 0.1430, 0.1431, 0.1431, 0.1431, 0.1431, 0.1431],
        [0.1427, 0.1428, 0.1429, 0.1429, 0.1429, 0.1429, 0.1429],
        [0.1433, 0.1429, 0.1428, 0.1428, 0.1428, 0.1427, 0.1427],
        [0.1413, 0.1429, 0.1431, 0.1432, 0.1432, 0.1432, 0.1432],
        [0.1418, 0.1430, 0.1431, 0.1431, 0.1430, 0.1430, 0.1430],
        [0.1427, 0.1429, 0.1429, 0.1429, 0.1429, 0.1429, 0.1429],
        [0.1429, 0.1429, 0.1429, 0.1429, 0.1429, 0.1429, 0.1429],
        [0.1405, 0.1434, 0.1433, 0.1433, 0.1432, 0.1431, 0.1431],
        [0.1262, 0.1468, 0.1455, 0.1470, 0.1454, 0.1450, 0.1441],
        [0.1429, 0.1429, 0.1429, 0.1429, 0.1429, 0.1429, 0.1429],
        [0.1407, 0.1431, 0.1433, 0.1432, 0.1433, 0.1432, 0.1432],
        [0.1429, 0.1429, 0.1429, 0.1429, 0.1429, 0.1429, 0.1429],
        [0.1481, 0.1538, 0.1461, 0.1415, 0.1388, 0.1367, 0.1351],
        [0.1428, 0.1429, 0.1429, 0.1429, 0.1429, 0.1429, 0.1429],
        [0.1429, 0.1429, 0.1429, 0.1429, 0.1429, 0.1429, 0.1429],
        [0.1429, 0.1429, 0.1429, 0.1429, 0.1429, 0.1429, 0.1429],
        [0.1395, 0.1425, 0.1435, 0.1436, 0.1436, 0.1436, 0.1436],
        [0.1433, 0.1428, 0.1428, 0.1428, 0.1428, 0.1428, 0.1428],
        [0.1374, 0.1422, 0.1442, 0.1443, 0.1442, 0.1440, 0.1437],
        [0.1380, 0.1296, 0.1446, 0.1455, 0.1471, 0.1475, 0.1478],
        [0.1426, 0.1429, 0.1429, 0.1429, 0.1429, 0.1429, 0.1429],
        [0.1429, 0.1429, 0.1429, 0.1429, 0.1429, 0.1429, 0.1429],
        [0.1429, 0.1429, 0.1429, 0.1429, 0.1429, 0.1429, 0.1429],
        [0.1422, 0.1427, 0.1430, 0.1430, 0.1430, 0.1430, 0.1430],
        [0.1428, 0.1429, 0.1429, 0.1429, 0.1429, 0.1429, 0.1429],
        [0.1429, 0.1429, 0.1429, 0.1429, 0.1429, 0.1429, 0.1429],
        [0.1429, 0.1429, 0.1429, 0.1429, 0.1429, 0.1429, 0.1429],
        [0.1429, 0.1429, 0.1429, 0.1429, 0.1429, 0.1429, 0.1429],
        [0.1324, 0.1456, 0.1446, 0.1447, 0.1445, 0.1443, 0.1441],
        [0.1429, 0.1429, 0.1429, 0.1429, 0.1429, 0.1429, 0.1429],
        [0.1423, 0.1430, 0.1429, 0.1429, 0.1429, 0.1429, 0.1429],
        [0.1428, 0.1428, 0.1429, 0.1428, 0.1429, 0.1429, 0.1429],
        [0.1429, 0.1429, 0.1429, 0.1429, 0.1429, 0.1429, 0.1429],
        [0.1429, 0.1428, 0.1428, 0.1428, 0.1428, 0.1428, 0.1428],
        [0.1403, 0.1428, 0.1431, 0.1434, 0.1434, 0.1435, 0.1435],
        [0.1423, 0.1427, 0.1430, 0.1430, 0.1430, 0.1430, 0.1430],
        [0.1429, 0.1429, 0.1429, 0.1429, 0.1429, 0.1429, 0.1429],
        [0.1428, 0.1429, 0.1429, 0.1429, 0.1429, 0.1429, 0.1429],
        [0.1429, 0.1429, 0.1429, 0.1429, 0.1429, 0.1429, 0.1429],
        [0.1429, 0.1429, 0.1429, 0.1429, 0.1429, 0.1429, 0.1429],
        [0.1409, 0.1429, 0.1432, 0.1432, 0.1433, 0.1433, 0.1433],
        [0.1428, 0.1429, 0.1429, 0.1429, 0.1429, 0.1429, 0.1429],
        [0.1424, 0.1429, 0.1429, 0.1429, 0.1429, 0.1429, 0.1429],
        [0.1398, 0.1430, 0.1433, 0.1434, 0.1435, 0.1435, 0.1435],
        [0.1410, 0.1428, 0.1432, 0.1432, 0.1432, 0.1433, 0.1433],
        [0.1425, 0.1429, 0.1429, 0.1429, 0.1429, 0.1429, 0.1429],
        [0.1429, 0.1429, 0.1429, 0.1429, 0.1429, 0.1429, 0.1429],
        [0.1421, 0.1425, 0.1431, 0.1431, 0.1431, 0.1431, 0.1431],
        [0.1389, 0.1430, 0.1434, 0.1436, 0.1437, 0.1437, 0.1437],
        [0.1424, 0.1426, 0.1428, 0.1429, 0.1430, 0.1431, 0.1432],
        [0.1429, 0.1429, 0.1429, 0.1429, 0.1429, 0.1429, 0.1429],
        [0.1429, 0.1429, 0.1429, 0.1429, 0.1429, 0.1429, 0.1429],
        [0.1429, 0.1429, 0.1429, 0.1429, 0.1429, 0.1429, 0.1429],
        [0.1428, 0.1429, 0.1429, 0.1429, 0.1429, 0.1429, 0.1429],
        [0.1428, 0.1429, 0.1429, 0.1429, 0.1429, 0.1429, 0.1429],
        [0.1428, 0.1429, 0.1429, 0.1429, 0.1429, 0.1429, 0.1429],
        [0.1429, 0.1428, 0.1429, 0.1429, 0.1429, 0.1429, 0.1429],
        [0.1429, 0.1429, 0.1428, 0.1428, 0.1428, 0.1428, 0.1428],
        [0.1428, 0.1429, 0.1429, 0.1429, 0.1429, 0.1429, 0.1429],
        [0.1431, 0.1432, 0.1430, 0.1428, 0.1427, 0.1426, 0.1425],
        [0.1419, 0.1429, 0.1431, 0.1431, 0.1430, 0.1430, 0.1430],
        [0.1429, 0.1429, 0.1429, 0.1429, 0.1429, 0.1429, 0.1429],
        [0.1423, 0.1427, 0.1428, 0.1429, 0.1430, 0.1431, 0.1431]],
       device='cuda:1')
perception attention:tensor([0.4777, 0.5223], device='cuda:1')
Test set results: loss= 1.1491 accuracy= 0.7160 F1_score= 0.5762
