# epoch	loss_train	acc_train	loss_val	acc_val	time	acc_test	f1_test
0001	2.9082	0.1184	6.7781	0.1800	0.0501s	6.3496	0.1970	0.0552
0
0002	6.9302	0.2026	6.0348	0.1420	0.0506s	5.7229	0.1370	0.0240
0
0003	6.2996	0.1211	3.5995	0.2440	0.0500s	3.4064	0.2560	0.1466
0
0004	3.6208	0.2474	2.9248	0.2920	0.0504s	2.7957	0.3200	0.1324
0
0005	2.8289	0.3263	2.5179	0.3380	0.0502s	2.4302	0.3810	0.1881
0
0006	2.3925	0.3947	2.2598	0.3380	0.0502s	2.1728	0.3680	0.1629
0
0007	2.0963	0.3974	2.0857	0.3520	0.0504s	1.9564	0.3800	0.2055
0
0008	1.9290	0.3842	1.8679	0.4040	0.0502s	1.7650	0.4410	0.2769
0
0009	1.7506	0.4500	1.7304	0.5260	0.0530s	1.6225	0.5410	0.3504
0
0010	1.5963	0.5316	1.7068	0.5380	0.0506s	1.5637	0.5690	0.3856
0
0011	1.4621	0.5474	1.6737	0.5500	0.0502s	1.5127	0.5800	0.4345
0
0012	1.3477	0.5947	1.6280	0.5360	0.0503s	1.4900	0.5640	0.4199
0
0013	1.3071	0.5789	1.5414	0.5680	0.0501s	1.4044	0.5870	0.4359
0
0014	1.1948	0.6132	1.5290	0.5700	0.0501s	1.3717	0.6100	0.4483
0
0015	1.1301	0.6316	1.5109	0.5860	0.0508s	1.3460	0.6330	0.4721
0
0016	1.0637	0.6737	1.4666	0.6300	0.0506s	1.2991	0.6640	0.4874
0
0017	0.9861	0.6816	1.4475	0.6220	0.0503s	1.2877	0.6520	0.4887
0
0018	0.9279	0.7000	1.4387	0.6080	0.0504s	1.3022	0.6400	0.4988
0
0019	0.8928	0.7263	1.3810	0.6120	0.0506s	1.2639	0.6520	0.5219
0
0020	0.8296	0.7474	1.3056	0.6400	0.0504s	1.2047	0.6610	0.5259
0
0021	0.8030	0.7395	1.2884	0.6440	0.0507s	1.1929	0.6640	0.5330
0
0022	0.7226	0.7816	1.3044	0.6500	0.0506s	1.2102	0.6720	0.5461
0
0023	0.7078	0.7658	1.3345	0.6500	0.0507s	1.2274	0.6650	0.5459
0
0024	0.6752	0.7974	1.2937	0.6600	0.0523s	1.1707	0.6740	0.5473
0
0025	0.6372	0.7816	1.2473	0.6760	0.0503s	1.1513	0.6820	0.5457
0
0026	0.5727	0.8316	1.2741	0.6760	0.0505s	1.2004	0.6740	0.5526
0
0027	0.5596	0.8211	1.2676	0.6760	0.0501s	1.1888	0.6660	0.5346
0
0028	0.5202	0.8763	1.2985	0.6640	0.0503s	1.2206	0.6690	0.5382
0
0029	0.4968	0.8632	1.3324	0.6700	0.0502s	1.2577	0.6750	0.5411
1
0030	0.4739	0.8737	1.2715	0.6980	0.0500s	1.2066	0.6820	0.5497
2
0031	0.4470	0.8737	1.2922	0.6900	0.0506s	1.2044	0.6930	0.5789
0
0032	0.4349	0.9053	1.2915	0.6960	0.0503s	1.1924	0.6900	0.5783
1
0033	0.4013	0.9000	1.2506	0.6940	0.0507s	1.1817	0.6950	0.5814
2
0034	0.3604	0.9316	1.3462	0.6800	0.0502s	1.2892	0.6750	0.5604
3
0035	0.3825	0.8842	1.4103	0.6740	0.0502s	1.3485	0.6770	0.5589
4
0036	0.3569	0.9105	1.3204	0.6980	0.0502s	1.2648	0.6850	0.5760
5
0037	0.3368	0.9289	1.3414	0.6860	0.0503s	1.2815	0.6800	0.5763
0
0038	0.3097	0.9289	1.3008	0.7040	0.0503s	1.2524	0.6950	0.5783
1
0039	0.3117	0.9342	1.2658	0.7080	0.0502s	1.2243	0.7010	0.5818
0
0040	0.3134	0.9289	1.2713	0.7020	0.0501s	1.2152	0.6910	0.5701
0
0041	0.2932	0.9395	1.3513	0.6960	0.0502s	1.2816	0.7010	0.5879
1
0042	0.2680	0.9447	1.4259	0.6940	0.0501s	1.3626	0.6900	0.5756
2
0043	0.2858	0.9395	1.4001	0.6940	0.0503s	1.3397	0.6870	0.5731
3
0044	0.2558	0.9368	1.4419	0.6820	0.0509s	1.3581	0.6770	0.5698
4
0045	0.2865	0.9553	1.4193	0.6900	0.0533s	1.3579	0.6790	0.5641
5
0046	0.2659	0.9342	1.4122	0.7160	0.0513s	1.3633	0.6880	0.5615
6
0047	0.2931	0.9316	1.5158	0.6880	0.0694s	1.4268	0.6750	0.5493
0
0048	0.2713	0.9263	1.4531	0.6920	0.0595s	1.3543	0.6800	0.5629
1
0049	0.2699	0.9158	1.4791	0.6740	0.0591s	1.3818	0.6790	0.5543
2
0050	0.3089	0.9263	1.6911	0.6280	0.0593s	1.5658	0.6620	0.5775
3
0051	0.2795	0.9237	1.5545	0.6640	0.0594s	1.4684	0.6820	0.5756
4
0052	0.2830	0.9105	1.4109	0.7000	0.0591s	1.3639	0.7030	0.5970
5
0053	0.2472	0.9368	1.4355	0.6880	0.0592s	1.3591	0.6980	0.5891
6
0054	0.2597	0.9158	1.3818	0.6920	0.0593s	1.2830	0.6780	0.5648
7
0055	0.2414	0.9526	1.5436	0.6420	0.0593s	1.4229	0.6800	0.5675
8
0056	0.2656	0.9211	1.5311	0.6760	0.0573s	1.4205	0.6820	0.5731
9
0057	0.2270	0.9447	1.4540	0.6900	0.0520s	1.3748	0.6910	0.5744
10
0058	0.2526	0.9395	1.3961	0.6820	0.0504s	1.3183	0.6970	0.5746
11
0059	0.2670	0.9289	1.3253	0.6900	0.0504s	1.2486	0.6880	0.5638
12
0060	0.2399	0.9342	1.4403	0.6620	0.0502s	1.3399	0.6790	0.5695
13
0061	0.2584	0.9447	1.5212	0.6640	0.0503s	1.4122	0.6640	0.5795
14
0062	0.2267	0.9474	1.4940	0.6900	0.0503s	1.4027	0.6940	0.6154
15
0063	0.2401	0.9316	1.4055	0.7040	0.0502s	1.3188	0.6940	0.5744
16
0064	0.2539	0.9342	1.3144	0.7200	0.0508s	1.2291	0.7080	0.5798
17
0065	0.2295	0.9579	1.3803	0.6740	0.0502s	1.2712	0.6830	0.5641
0
0066	0.2212	0.9553	1.4660	0.6740	0.0502s	1.3391	0.6880	0.5530
1
0067	0.2276	0.9500	1.4052	0.6840	0.0504s	1.3000	0.6960	0.5711
2
0068	0.2006	0.9789	1.3209	0.7060	0.0500s	1.2408	0.6950	0.5739
3
0069	0.2164	0.9526	1.2994	0.7200	0.0501s	1.2271	0.7090	0.5887
4
0070	0.2256	0.9553	1.3596	0.7000	0.0505s	1.2854	0.6940	0.5813
0
0071	0.2191	0.9474	1.5028	0.6800	0.0502s	1.4100	0.6700	0.5587
1
0072	0.2102	0.9447	1.5479	0.6700	0.0501s	1.4441	0.6660	0.5623
2
0073	0.2018	0.9658	1.4565	0.6860	0.0513s	1.3507	0.6750	0.5534
3
0074	0.2006	0.9605	1.3187	0.7020	0.0503s	1.2140	0.7030	0.5717
4
0075	0.1878	0.9632	1.2417	0.7140	0.0500s	1.1319	0.7220	0.5901
5
0076	0.2207	0.9605	1.3955	0.6940	0.0505s	1.2618	0.6990	0.5888
0
0077	0.2178	0.9526	1.4433	0.6960	0.0502s	1.3193	0.6880	0.5917
1
0078	0.1932	0.9684	1.3784	0.6980	0.0502s	1.2958	0.6930	0.5892
2
0079	0.1947	0.9658	1.3584	0.7040	0.0552s	1.3030	0.6880	0.5624
3
0080	0.1989	0.9421	1.3580	0.6860	0.0525s	1.3128	0.6790	0.5561
4
0081	0.2134	0.9579	1.4178	0.6920	0.0507s	1.3495	0.6690	0.5525
5
0082	0.1983	0.9474	1.4272	0.6960	0.0502s	1.3373	0.6820	0.5691
6
0083	0.1913	0.9632	1.3291	0.6940	0.0504s	1.2336	0.6960	0.5682
7
0084	0.1822	0.9684	1.2305	0.7020	0.0510s	1.1289	0.7190	0.5931
8
0085	0.1929	0.9711	1.2583	0.7020	0.0507s	1.1411	0.7110	0.5886
0
0086	0.2049	0.9553	1.5047	0.6820	0.0505s	1.3811	0.6790	0.5826
1
0087	0.2045	0.9526	1.6597	0.6640	0.0503s	1.5497	0.6590	0.5792
2
0088	0.2086	0.9474	1.5270	0.6880	0.0504s	1.4526	0.6650	0.5493
3
0089	0.2092	0.9526	1.3723	0.6800	0.0506s	1.3345	0.6850	0.5608
4
0090	0.2223	0.9368	1.2819	0.6960	0.0507s	1.2198	0.6910	0.5697
5
0091	0.2013	0.9500	1.3234	0.7040	0.0502s	1.2077	0.7000	0.5906
6
0092	0.1971	0.9605	1.4246	0.6860	0.0504s	1.2726	0.6890	0.5982
7
0093	0.1907	0.9658	1.3937	0.6940	0.0502s	1.2567	0.6950	0.5868
8
0094	0.1871	0.9684	1.3652	0.6880	0.0521s	1.2518	0.6970	0.5713
9
0095	0.1853	0.9789	1.4007	0.6900	0.0507s	1.3017	0.6850	0.5622
10
0096	0.1948	0.9553	1.4204	0.7040	0.0502s	1.3283	0.6750	0.5625
11
0097	0.1950	0.9684	1.4344	0.6960	0.0504s	1.3391	0.6740	0.5657
12
0098	0.1766	0.9632	1.3299	0.7200	0.0504s	1.2289	0.7050	0.5865
13
0099	0.1863	0.9605	1.3861	0.6980	0.0505s	1.2729	0.7050	0.5928
0
0100	0.1875	0.9553	1.4553	0.6840	0.0505s	1.3244	0.6900	0.5813
1
0101	0.1731	0.9763	1.3592	0.7060	0.0504s	1.2464	0.6960	0.5765
2
0102	0.1773	0.9711	1.3338	0.7100	0.0502s	1.2317	0.6930	0.5705
3
0103	0.1640	0.9789	1.3927	0.7100	0.0503s	1.2744	0.6870	0.5686
4
0104	0.2079	0.9605	1.4826	0.7000	0.0515s	1.3480	0.6790	0.5630
5
0105	0.1797	0.9579	1.4310	0.7020	0.0507s	1.3134	0.7030	0.5820
6
0106	0.1897	0.9579	1.3696	0.6980	0.0501s	1.2716	0.7040	0.5847
7
0107	0.1842	0.9684	1.3676	0.7080	0.0504s	1.2647	0.6910	0.5808
8
0108	0.1768	0.9658	1.3961	0.6980	0.0503s	1.2908	0.6730	0.5611
9
0109	0.2061	0.9553	1.3991	0.6920	0.0507s	1.3009	0.7040	0.5869
10
0110	0.2065	0.9684	1.3308	0.6900	0.0502s	1.2257	0.7100	0.5760
11
0111	0.1919	0.9632	1.3810	0.7080	0.0504s	1.2554	0.6990	0.5759
12
0112	0.1754	0.9632	1.5232	0.6820	0.0501s	1.3987	0.6720	0.5682
13
0113	0.2264	0.9632	1.3834	0.6960	0.0506s	1.2609	0.7000	0.5780
14
0114	0.1670	0.9789	1.3684	0.6940	0.0518s	1.2742	0.7060	0.5820
15
0115	0.2130	0.9553	1.4242	0.6880	0.0507s	1.3363	0.6880	0.5740
16
0116	0.1716	0.9763	1.4279	0.6860	0.0502s	1.3343	0.6770	0.5635
17
0117	0.1664	0.9789	1.3618	0.7060	0.0503s	1.2725	0.6800	0.5660
18
0118	0.1855	0.9737	1.2794	0.6980	0.0500s	1.1982	0.7080	0.5821
19
0119	0.1596	0.9737	1.3200	0.6920	0.0505s	1.2320	0.7130	0.5854
20
0120	0.1792	0.9579	1.3829	0.6940	0.0502s	1.2648	0.7070	0.5916
21
0121	0.1618	0.9868	1.4955	0.6900	0.0502s	1.3574	0.6820	0.5775
22
0122	0.1715	0.9658	1.4834	0.6820	0.0503s	1.3448	0.6740	0.5673
23
0123	0.2022	0.9579	1.3251	0.7040	0.0504s	1.2244	0.7160	0.5859
24
0124	0.1846	0.9684	1.3722	0.6820	0.0504s	1.2702	0.7120	0.5939
25
0125	0.1865	0.9526	1.4024	0.6960	0.0508s	1.2654	0.6930	0.5857
26
0126	0.1633	0.9711	1.4604	0.6960	0.0505s	1.3033	0.6890	0.5766
27
0127	0.1926	0.9711	1.4462	0.6940	0.0502s	1.2918	0.6940	0.5751
28
0128	0.1697	0.9789	1.4084	0.7020	0.0502s	1.2789	0.7040	0.5781
29
0129	0.1858	0.9684	1.4707	0.6760	0.0501s	1.3396	0.6940	0.5830
30
0130	0.2007	0.9658	1.4122	0.7000	0.0508s	1.2710	0.6920	0.5790
31
0131	0.1509	0.9789	1.4481	0.7060	0.0503s	1.3073	0.6920	0.5705
32
0132	0.2039	0.9500	1.4414	0.7120	0.0502s	1.3097	0.6870	0.5725
33
0133	0.1661	0.9763	1.3321	0.7100	0.0504s	1.2253	0.7100	0.5837
34
0134	0.1858	0.9737	1.4234	0.6740	0.0504s	1.2927	0.6950	0.5751
35
0135	0.2001	0.9474	1.5499	0.6900	0.0506s	1.4239	0.6740	0.5738
36
0136	0.1737	0.9474	1.4927	0.7120	0.0513s	1.3800	0.6920	0.5946
37
0137	0.1907	0.9553	1.3888	0.7140	0.0504s	1.2630	0.7020	0.5835
38
0138	0.1694	0.9737	1.4116	0.6820	0.0505s	1.3149	0.7030	0.5774
39
0139	0.2199	0.9526	1.6680	0.6520	0.0501s	1.5018	0.6760	0.5682
40
0140	0.1868	0.9553	1.5512	0.6840	0.0503s	1.4195	0.6870	0.5818
41
0141	0.2283	0.9500	1.3493	0.7080	0.0502s	1.2125	0.7000	0.5876
42
0142	0.1749	0.9632	1.3203	0.6940	0.0501s	1.1836	0.7200	0.5982
43
0143	0.1978	0.9605	1.5307	0.6760	0.0504s	1.3754	0.6910	0.5848
44
0144	0.1916	0.9526	1.4246	0.6920	0.0503s	1.2857	0.6900	0.5781
45
0145	0.1795	0.9711	1.4578	0.6880	0.0502s	1.3077	0.6890	0.5716
46
0146	0.1911	0.9579	1.4744	0.6900	0.0504s	1.3250	0.6870	0.5783
47
0147	0.1724	0.9711	1.4541	0.6840	0.0513s	1.3119	0.6920	0.5776
48
0148	0.1689	0.9711	1.3997	0.6860	0.0504s	1.2683	0.7050	0.5950
49
0149	0.1729	0.9605	1.3580	0.7000	0.0507s	1.2349	0.7100	0.5958
50
0150	0.1721	0.9711	1.3603	0.7100	0.0504s	1.2143	0.7010	0.5921
51
0151	0.1722	0.9658	1.4445	0.6880	0.0504s	1.2922	0.6830	0.5688
52
0152	0.1668	0.9711	1.4954	0.6820	0.0503s	1.3581	0.6880	0.5719
53
0153	0.1478	0.9763	1.5855	0.6800	0.0507s	1.4479	0.6780	0.5637
54
0154	0.1751	0.9658	1.5336	0.6900	0.0501s	1.3925	0.6870	0.5711
55
0155	0.1659	0.9816	1.4366	0.6860	0.0503s	1.2813	0.7000	0.5744
56
0156	0.1657	0.9711	1.3981	0.7000	0.0503s	1.2394	0.7000	0.5774
57
0157	0.1540	0.9789	1.3591	0.7040	0.0504s	1.2081	0.7010	0.5845
58
0158	0.1696	0.9711	1.4553	0.6980	0.0502s	1.2976	0.6940	0.5804
59
0159	0.1592	0.9632	1.4359	0.6900	0.0502s	1.2888	0.6940	0.5939
60
0160	0.1686	0.9605	1.4214	0.6920	0.0506s	1.2855	0.6970	0.5906
61
0161	0.1538	0.9816	1.4694	0.7020	0.0503s	1.3238	0.6850	0.5757
62
0162	0.1512	0.9632	1.5066	0.6880	0.0506s	1.3975	0.6790	0.5885
63
0163	0.1732	0.9658	1.3995	0.6940	0.0503s	1.2946	0.6980	0.5778
64
0164	0.1823	0.9553	1.2944	0.6980	0.0503s	1.1796	0.7250	0.5975
65
0165	0.1759	0.9579	1.5901	0.6780	0.0502s	1.4202	0.6920	0.5758
66
0166	0.1769	0.9684	1.8188	0.6620	0.0502s	1.6286	0.6680	0.5944
67
0167	0.2057	0.9500	1.4845	0.7000	0.0503s	1.3404	0.6860	0.5737
68
0168	0.1731	0.9658	1.3472	0.6920	0.0503s	1.2472	0.6890	0.5696
69
0169	0.1755	0.9658	1.3975	0.6680	0.0502s	1.2871	0.6850	0.5636
70
0170	0.1971	0.9553	1.5631	0.6740	0.0505s	1.4036	0.6860	0.5825
71
0171	0.1968	0.9500	1.5532	0.6960	0.0504s	1.3892	0.6960	0.5965
72
0172	0.1756	0.9684	1.6022	0.6920	0.0500s	1.4151	0.6930	0.5848
73
0173	0.2563	0.9526	1.4712	0.6700	0.0501s	1.3073	0.6810	0.5630
74
0174	0.1711	0.9605	1.5532	0.6540	0.0509s	1.4085	0.6930	0.5889
75
0175	0.2414	0.9368	1.4116	0.6940	0.0506s	1.2930	0.6940	0.5981
76
0176	0.1900	0.9553	1.4806	0.7060	0.0503s	1.3287	0.6900	0.5784
77
0177	0.1732	0.9579	1.5144	0.7080	0.0509s	1.3198	0.6960	0.5725
78
0178	0.1648	0.9868	1.5527	0.6660	0.0504s	1.3457	0.6790	0.5491
79
0179	0.2138	0.9421	1.3947	0.6900	0.0507s	1.2443	0.6960	0.5972
80
0180	0.1921	0.9553	1.3894	0.6780	0.0504s	1.2692	0.6960	0.5954
81
0181	0.1610	0.9737	1.4280	0.6780	0.0504s	1.3314	0.6820	0.5812
82
0182	0.1990	0.9526	1.4185	0.6840	0.0503s	1.2886	0.6870	0.5657
83
0183	0.1669	0.9763	1.5077	0.6760	0.0503s	1.3503	0.6670	0.5522
84
0184	0.1755	0.9553	1.4216	0.6980	0.0503s	1.2372	0.6970	0.5799
85
0185	0.1658	0.9632	1.4843	0.6880	0.0509s	1.3049	0.6880	0.5827
86
0186	0.1818	0.9658	1.4938	0.6800	0.0500s	1.3269	0.6960	0.5682
87
0187	0.1649	0.9632	1.3827	0.6960	0.0504s	1.2343	0.7100	0.5789
88
0188	0.1763	0.9658	1.3803	0.7020	0.0505s	1.2156	0.7100	0.5805
89
0189	0.1900	0.9711	1.4736	0.7020	0.0510s	1.3056	0.6900	0.5875
90
0190	0.1734	0.9816	1.7069	0.6580	0.0506s	1.5273	0.6670	0.5861
91
0191	0.1792	0.9658	1.5012	0.6760	0.0501s	1.3436	0.6750	0.5597
92
0192	0.1826	0.9816	1.2931	0.7180	0.0502s	1.1534	0.7090	0.5748
93
0193	0.1922	0.9605	1.3083	0.7140	0.0504s	1.1612	0.7240	0.5988
94
0194	0.2025	0.9579	1.5291	0.6900	0.0504s	1.3653	0.7000	0.5792
95
0195	0.1758	0.9658	1.7508	0.6760	0.0501s	1.5433	0.6830	0.5855
96
0196	0.2145	0.9605	1.5277	0.6840	0.0504s	1.3209	0.6910	0.5742
97
0197	0.1738	0.9684	1.4242	0.6940	0.0502s	1.2273	0.7120	0.5766
98
0198	0.2215	0.9605	1.3622	0.7060	0.0501s	1.2055	0.7110	0.5804
99
0199	0.1625	0.9763	1.5201	0.6880	0.0502s	1.3673	0.6960	0.5892
100
0200	0.1742	0.9658	1.5988	0.6840	0.0503s	1.4504	0.6740	0.6038
101
0201	0.1700	0.9737	1.3297	0.7140	0.0502s	1.2022	0.6910	0.5723
102
0202	0.1482	0.9868	1.2604	0.7180	0.0503s	1.1312	0.7000	0.5760
103
0203	0.1578	0.9684	1.3017	0.7160	0.0502s	1.1471	0.7090	0.5833
104
0204	0.1696	0.9737	1.3925	0.7020	0.0506s	1.2292	0.7050	0.5815
105
0205	0.1634	0.9658	1.5249	0.6840	0.0508s	1.3466	0.6920	0.5795
106
0206	0.1687	0.9553	1.5530	0.6860	0.0503s	1.3668	0.6910	0.5810
107
0207	0.1641	0.9658	1.3845	0.7020	0.0504s	1.2079	0.7100	0.5944
108
0208	0.1894	0.9500	1.3018	0.7120	0.0501s	1.1296	0.7160	0.6029
109
0209	0.1686	0.9658	1.2898	0.6980	0.0505s	1.1424	0.7000	0.6039
110
0210	0.1656	0.9737	1.3390	0.6880	0.0503s	1.1991	0.6940	0.5968
111
0211	0.1540	0.9711	1.4209	0.6980	0.0502s	1.2884	0.6820	0.5921
112
0212	0.1655	0.9632	1.4649	0.6980	0.0503s	1.3375	0.6940	0.5816
113
0213	0.1812	0.9605	1.4358	0.6940	0.0503s	1.2985	0.7000	0.5739
114
0214	0.1478	0.9684	1.3639	0.6860	0.0504s	1.2113	0.7040	0.5725
115
0215	0.1532	0.9684	1.3210	0.7060	0.0502s	1.1656	0.7030	0.5781
116
0216	0.1496	0.9737	1.3400	0.7100	0.0506s	1.1962	0.6940	0.5799
117
0217	0.1537	0.9684	1.3867	0.7200	0.0503s	1.2473	0.6910	0.6014
118
0218	0.1416	0.9816	1.4690	0.7040	0.0504s	1.3199	0.7020	0.6111
0
0219	0.1437	0.9737	1.4757	0.7040	0.0503s	1.3200	0.7000	0.5965
1
0220	0.1412	0.9816	1.4232	0.6940	0.0503s	1.2682	0.7030	0.5868
2
0221	0.1380	0.9816	1.4456	0.6900	0.0503s	1.2802	0.6910	0.5747
3
0222	0.1607	0.9816	1.4659	0.7040	0.0502s	1.3023	0.6960	0.5827
4
0223	0.1451	0.9816	1.4513	0.7120	0.0503s	1.2991	0.7020	0.5864
5
0224	0.1557	0.9632	1.4598	0.7040	0.0504s	1.3044	0.7000	0.5826
6
0225	0.1402	0.9737	1.4504	0.6920	0.0501s	1.2971	0.7040	0.5688
7
0226	0.1699	0.9684	1.3779	0.7060	0.0502s	1.2270	0.7140	0.5798
8
0227	0.1499	0.9763	1.4184	0.7080	0.0503s	1.2693	0.7050	0.5793
9
0228	0.1447	0.9763	1.5493	0.6940	0.0504s	1.3731	0.6940	0.5958
10
0229	0.1458	0.9737	1.6006	0.6880	0.0503s	1.4082	0.6840	0.5880
11
0230	0.1684	0.9763	1.3837	0.7120	0.0503s	1.2074	0.7110	0.5942
12
0231	0.1377	0.9816	1.3904	0.6960	0.0504s	1.2425	0.7110	0.5916
13
0232	0.1631	0.9789	1.4980	0.6840	0.0501s	1.3419	0.6900	0.5866
14
0233	0.1533	0.9763	1.4777	0.7060	0.0504s	1.3191	0.6930	0.5821
15
0234	0.1603	0.9737	1.5249	0.6980	0.0502s	1.3630	0.6830	0.5679
16
0235	0.1327	0.9816	1.4611	0.7060	0.0503s	1.3003	0.6870	0.5701
17
0236	0.1342	0.9947	1.3699	0.7180	0.0502s	1.2193	0.7100	0.5910
18
0237	0.1416	0.9763	1.3948	0.6940	0.0518s	1.2577	0.6990	0.6033
19
0238	0.1398	0.9842	1.4397	0.6920	0.0503s	1.3171	0.6960	0.5835
20
0239	0.1527	0.9789	1.4377	0.7140	0.0520s	1.2977	0.6940	0.5800
21
0240	0.1398	0.9842	1.4457	0.7020	0.0518s	1.2816	0.7010	0.5772
22
0241	0.1446	0.9763	1.5070	0.6980	0.0517s	1.3295	0.6940	0.5717
23
0242	0.1633	0.9711	1.5051	0.6900	0.0527s	1.3313	0.6980	0.5898
24
0243	0.1248	0.9816	1.4871	0.6940	0.0538s	1.3292	0.6860	0.5794
25
0244	0.1464	0.9684	1.4058	0.7140	0.0535s	1.2752	0.6910	0.5793
26
0245	0.1508	0.9711	1.3881	0.7160	0.0519s	1.2686	0.6950	0.5786
27
0246	0.1439	0.9763	1.4767	0.7100	0.0505s	1.3386	0.6920	0.5751
28
0247	0.1415	0.9789	1.4767	0.6860	0.0501s	1.3206	0.7020	0.5803
29
0248	0.1537	0.9684	1.4523	0.6840	0.0503s	1.2889	0.6940	0.5746
30
0249	0.1726	0.9658	1.4343	0.6920	0.0503s	1.2659	0.6930	0.5743
31
0250	0.1407	0.9763	1.4796	0.6940	0.0503s	1.3144	0.6870	0.5614
32
0251	0.1538	0.9789	1.4047	0.7020	0.0502s	1.2684	0.6980	0.5716
33
0252	0.1440	0.9868	1.3632	0.7060	0.0502s	1.2387	0.7040	0.5844
34
0253	0.1603	0.9684	1.3324	0.7000	0.0502s	1.2177	0.7050	0.5963
35
0254	0.1489	0.9711	1.4820	0.6840	0.0512s	1.3634	0.6820	0.5876
36
0255	0.1510	0.9658	1.4452	0.7040	0.0503s	1.3365	0.6930	0.6059
37
0256	0.1549	0.9842	1.4625	0.7000	0.0504s	1.3310	0.7070	0.6128
38
0257	0.1735	0.9605	1.4646	0.7040	0.0502s	1.2904	0.7000	0.5828
39
0258	0.1409	0.9737	1.5757	0.6740	0.0502s	1.3808	0.6820	0.5702
40
0259	0.1667	0.9658	1.5444	0.6960	0.0503s	1.3646	0.6870	0.5803
41
0260	0.1617	0.9632	1.4616	0.7140	0.0503s	1.3120	0.7000	0.5748
42
0261	0.1661	0.9684	1.4896	0.7080	0.0504s	1.3403	0.6940	0.5665
43
0262	0.1543	0.9711	1.5882	0.6700	0.0504s	1.4273	0.6840	0.5503
44
0263	0.1638	0.9684	1.4676	0.6980	0.0503s	1.3165	0.6930	0.5710
45
0264	0.1748	0.9711	1.4535	0.7120	0.0504s	1.2899	0.6950	0.5743
46
0265	0.1425	0.9763	1.6284	0.6820	0.0503s	1.4583	0.6750	0.5802
47
0266	0.2041	0.9579	1.5489	0.6940	0.0505s	1.3690	0.6860	0.5879
48
0267	0.1631	0.9658	1.5806	0.6880	0.0503s	1.3955	0.6820	0.5688
49
0268	0.1970	0.9368	1.4012	0.6840	0.0503s	1.2582	0.7030	0.5734
50
0269	0.1811	0.9605	1.4301	0.6860	0.0500s	1.2895	0.6980	0.5739
51
0270	0.2288	0.9447	1.6228	0.6760	0.0505s	1.4406	0.6900	0.5917
52
0271	0.1877	0.9684	1.5282	0.6880	0.0501s	1.3471	0.6910	0.5784
53
0272	0.1650	0.9632	1.2962	0.7200	0.0512s	1.1437	0.7150	0.5894
54
0273	0.1645	0.9711	1.3031	0.7200	0.0505s	1.1560	0.7020	0.5809
0
0274	0.1611	0.9605	1.3722	0.7060	0.0503s	1.2101	0.6830	0.5641
0
0275	0.1758	0.9605	1.5203	0.6840	0.0504s	1.3395	0.6700	0.5467
1
0276	0.1349	0.9789	1.5611	0.6820	0.0504s	1.3745	0.6880	0.5650
2
0277	0.1459	0.9842	1.4544	0.6940	0.0502s	1.2806	0.7060	0.5746
3
0278	0.1358	0.9789	1.3610	0.7040	0.0501s	1.1900	0.7130	0.5889
4
0279	0.1723	0.9711	1.3703	0.6960	0.0502s	1.1965	0.6930	0.5764
5
0280	0.1673	0.9526	1.3974	0.7060	0.0500s	1.2198	0.6980	0.5714
6
0281	0.1769	0.9632	1.5584	0.6840	0.0508s	1.3657	0.6860	0.5741
7
0282	0.1623	0.9579	1.5229	0.6860	0.0502s	1.3165	0.6960	0.5872
8
0283	0.1557	0.9763	1.4536	0.6940	0.0503s	1.2539	0.6980	0.5693
9
0284	0.1625	0.9737	1.4175	0.7060	0.0504s	1.2354	0.6930	0.5814
10
0285	0.1415	0.9684	1.4424	0.7000	0.0501s	1.2829	0.6950	0.5902
11
0286	0.1372	0.9816	1.4712	0.6940	0.0502s	1.3166	0.6870	0.5895
12
0287	0.1500	0.9763	1.4267	0.7020	0.0503s	1.2630	0.6930	0.5888
13
0288	0.1391	0.9789	1.4079	0.7000	0.0505s	1.2182	0.7050	0.5872
14
0289	0.1605	0.9711	1.5002	0.7120	0.0505s	1.2945	0.6960	0.5895
15
0290	0.1566	0.9763	1.6535	0.6840	0.0504s	1.4440	0.6900	0.6020
16
0291	0.1745	0.9579	1.6571	0.6760	0.0504s	1.4838	0.6690	0.5668
17
0292	0.1674	0.9605	1.4803	0.6960	0.0503s	1.3726	0.6850	0.5661
18
0293	0.1627	0.9632	1.4160	0.7140	0.0501s	1.3212	0.6950	0.5743
19
0294	0.1730	0.9711	1.4873	0.7140	0.0502s	1.3289	0.6870	0.5689
20
0295	0.1329	0.9737	1.6410	0.6840	0.0506s	1.4498	0.7000	0.6173
21
0296	0.1944	0.9474	1.5090	0.7060	0.0503s	1.2971	0.7060	0.5881
22
0297	0.1478	0.9816	1.4644	0.7020	0.0502s	1.2650	0.7180	0.5963
23
0298	0.1436	0.9684	1.4675	0.7000	0.0503s	1.2901	0.7110	0.5857
24
0299	0.1795	0.9500	1.5276	0.7180	0.0501s	1.3633	0.6880	0.5673
25
0300	0.1631	0.9711	1.6034	0.6980	0.0503s	1.4548	0.6840	0.5830
26
0301	0.1713	0.9658	1.5050	0.7000	0.0500s	1.3604	0.6920	0.5942
27
0302	0.1345	0.9816	1.4923	0.6880	0.0502s	1.3284	0.6900	0.5846
28
0303	0.1455	0.9789	1.4695	0.6840	0.0502s	1.3008	0.6980	0.5797
29
0304	0.1848	0.9711	1.4417	0.7080	0.0503s	1.2977	0.6990	0.5858
30
0305	0.1383	0.9816	1.4813	0.7000	0.0502s	1.3131	0.6980	0.5828
31
0306	0.1737	0.9526	1.5519	0.6900	0.0533s	1.3610	0.6870	0.5602
32
0307	0.1277	0.9921	1.5928	0.6700	0.0507s	1.3877	0.6910	0.5802
33
0308	0.1630	0.9658	1.4327	0.7180	0.0497s	1.2665	0.7020	0.5974
34
0309	0.1500	0.9789	1.3946	0.7040	0.0501s	1.2684	0.7090	0.6066
35
0310	0.1604	0.9789	1.4230	0.6920	0.0504s	1.3100	0.6900	0.5908
36
0311	0.1490	0.9684	1.4586	0.6940	0.0504s	1.3214	0.6900	0.5711
37
0312	0.1610	0.9789	1.4776	0.6880	0.0501s	1.3361	0.6800	0.5574
38
0313	0.1431	0.9789	1.4345	0.6960	0.0507s	1.2986	0.6870	0.5752
39
0314	0.1232	0.9816	1.4139	0.7060	0.0502s	1.2889	0.6960	0.5718
40
0315	0.1492	0.9632	1.4768	0.7120	0.0504s	1.3326	0.7020	0.5760
41
0316	0.1443	0.9789	1.5539	0.6880	0.0506s	1.3809	0.6960	0.5746
42
0317	0.1452	0.9684	1.5932	0.6860	0.0501s	1.4031	0.6930	0.5621
43
0318	0.1377	0.9684	1.5479	0.6980	0.0502s	1.3690	0.6910	0.5648
44
0319	0.1620	0.9684	1.4085	0.7080	0.0504s	1.2513	0.7060	0.5873
45
0320	0.1617	0.9658	1.3660	0.7120	0.0505s	1.2332	0.7000	0.5768
46
0321	0.1494	0.9737	1.3993	0.7100	0.0501s	1.2702	0.7000	0.5818
47
0322	0.1312	0.9684	1.4594	0.7220	0.0504s	1.3159	0.6950	0.5910
48
0323	0.1243	0.9816	1.5020	0.7260	0.0503s	1.3434	0.6950	0.5847
0
0324	0.1466	0.9737	1.4515	0.7160	0.0520s	1.2779	0.6980	0.5729
0
0325	0.1481	0.9763	1.3768	0.7080	0.0505s	1.2103	0.7100	0.5802
1
0326	0.1705	0.9632	1.4377	0.7160	0.0502s	1.2780	0.6990	0.5750
2
0327	0.1209	0.9868	1.5792	0.6920	0.0502s	1.4198	0.6820	0.5730
3
0328	0.1563	0.9658	1.6952	0.6700	0.0503s	1.5243	0.6760	0.5506
4
0329	0.1726	0.9474	1.4374	0.7080	0.0502s	1.2728	0.7040	0.5772
5
0330	0.1442	0.9763	1.4075	0.7100	0.0501s	1.2447	0.7000	0.5624
6
0331	0.1786	0.9500	1.5640	0.7060	0.0501s	1.4213	0.6790	0.5571
7
0332	0.1495	0.9684	1.8400	0.6680	0.0503s	1.6828	0.6630	0.5620
8
0333	0.2036	0.9447	1.4995	0.7180	0.0505s	1.3523	0.6850	0.5698
9
0334	0.1774	0.9684	1.4081	0.7120	0.0502s	1.2651	0.7120	0.5796
10
0335	0.1880	0.9684	1.4521	0.6820	0.0502s	1.3129	0.6990	0.5751
11
0336	0.1651	0.9658	1.7222	0.6580	0.0504s	1.5326	0.6740	0.5769
12
0337	0.1787	0.9684	1.6213	0.6800	0.0502s	1.4501	0.6830	0.5824
13
0338	0.1640	0.9816	1.4395	0.7100	0.0501s	1.2647	0.7030	0.5806
14
0339	0.1523	0.9737	1.4543	0.7120	0.0502s	1.2956	0.7130	0.5744
15
0340	0.2371	0.9395	1.6598	0.7000	0.0503s	1.5135	0.6770	0.5791
16
0341	0.1644	0.9763	1.9291	0.6720	0.0514s	1.7696	0.6670	0.5981
17
0342	0.2511	0.9447	1.5394	0.6820	0.0504s	1.3886	0.6850	0.5755
18
0343	0.1614	0.9816	1.3544	0.6880	0.0502s	1.2007	0.6970	0.5710
19
0344	0.2019	0.9500	1.3014	0.7100	0.0509s	1.1387	0.7110	0.5758
20
0345	0.1665	0.9737	1.3770	0.7120	0.0503s	1.2092	0.6980	0.5716
21
0346	0.1654	0.9632	1.4689	0.6900	0.0502s	1.3089	0.6870	0.5734
22
0347	0.1467	0.9658	1.5918	0.6800	0.0504s	1.4161	0.6780	0.5659
23
0348	0.1893	0.9553	1.3775	0.7020	0.0520s	1.2274	0.6970	0.5656
24
0349	0.1966	0.9553	1.2833	0.6920	0.0520s	1.1810	0.7080	0.5793
25
0350	0.1676	0.9789	1.2720	0.7000	0.0512s	1.1503	0.7220	0.5937
26
0351	0.1810	0.9605	1.3029	0.7020	0.0503s	1.1542	0.7130	0.5923
27
0352	0.1562	0.9842	1.4266	0.6840	0.0502s	1.2623	0.6870	0.5827
28
0353	0.1402	0.9737	1.4941	0.6840	0.0502s	1.3364	0.6790	0.5763
29
0354	0.1418	0.9711	1.4879	0.7020	0.0515s	1.3455	0.6840	0.5972
30
0355	0.1328	0.9789	1.4811	0.7060	0.0513s	1.3501	0.6980	0.6083
31
0356	0.1497	0.9737	1.4178	0.7140	0.0505s	1.2887	0.6960	0.5865
32
0357	0.1548	0.9763	1.3327	0.7020	0.0502s	1.1977	0.7130	0.5793
33
0358	0.1703	0.9763	1.4142	0.7060	0.0519s	1.2537	0.7070	0.5781
34
0359	0.1342	0.9868	1.5287	0.6940	0.0510s	1.3632	0.6980	0.5735
35
0360	0.1649	0.9711	1.5271	0.6980	0.0509s	1.3615	0.6970	0.5743
36
0361	0.1498	0.9632	1.5126	0.6960	0.0503s	1.3720	0.6940	0.5691
37
0362	0.1402	0.9658	1.5165	0.7120	0.0502s	1.3913	0.6910	0.5627
38
0363	0.1303	0.9737	1.5059	0.7000	0.0504s	1.4040	0.6860	0.5642
39
0364	0.1496	0.9632	1.4471	0.7080	0.0502s	1.3084	0.6960	0.5740
40
0365	0.1297	0.9789	1.4051	0.6980	0.0502s	1.2490	0.7050	0.5784
41
0366	0.1255	0.9711	1.4298	0.6940	0.0506s	1.2603	0.7000	0.5735
42
0367	0.1245	0.9763	1.4998	0.6880	0.0502s	1.3176	0.6970	0.5872
43
0368	0.1301	0.9763	1.5626	0.6920	0.0503s	1.3829	0.6950	0.5938
44
0369	0.1453	0.9711	1.5428	0.7000	0.0503s	1.3811	0.6860	0.5731
45
0370	0.1281	0.9842	1.5098	0.7000	0.0505s	1.3749	0.6900	0.5710
46
0371	0.1520	0.9684	1.5238	0.7120	0.0504s	1.3654	0.6880	0.5707
47
0372	0.1149	0.9816	1.5698	0.6980	0.0505s	1.3893	0.6880	0.5702
48
0373	0.1150	0.9842	1.5744	0.6960	0.0502s	1.3719	0.6940	0.5954
49
0374	0.1605	0.9684	1.5384	0.6980	0.0501s	1.3489	0.7030	0.5816
50
0375	0.1289	0.9868	1.5782	0.6980	0.0502s	1.4055	0.6980	0.5742
51
0376	0.1357	0.9711	1.5863	0.7060	0.0506s	1.4235	0.6880	0.5738
52
0377	0.1436	0.9737	1.5828	0.7000	0.0503s	1.4163	0.6840	0.5731
53
0378	0.1484	0.9763	1.5099	0.6980	0.0504s	1.3493	0.6930	0.5781
54
0379	0.1452	0.9684	1.4687	0.7080	0.0503s	1.3231	0.7040	0.5784
55
0380	0.1514	0.9711	1.4957	0.7000	0.0503s	1.3434	0.7170	0.6046
56
0381	0.1606	0.9737	1.4853	0.7040	0.0504s	1.2911	0.7100	0.6003
57
0382	0.1424	0.9737	1.5488	0.6960	0.0502s	1.3239	0.7020	0.5881
58
0383	0.1387	0.9763	1.6093	0.6820	0.0502s	1.3794	0.6960	0.5828
59
0384	0.1325	0.9868	1.5865	0.6880	0.0500s	1.3758	0.6950	0.5833
60
0385	0.1481	0.9684	1.4654	0.7040	0.0504s	1.3080	0.6940	0.5728
61
0386	0.1383	0.9789	1.4083	0.7060	0.0504s	1.2780	0.7060	0.5984
62
0387	0.1720	0.9553	1.4426	0.7160	0.0502s	1.3054	0.7080	0.6038
63
0388	0.1435	0.9763	1.5393	0.6960	0.0505s	1.3784	0.6960	0.5879
64
0389	0.1537	0.9737	1.6141	0.7020	0.0504s	1.4304	0.6840	0.5633
65
0390	0.1379	0.9711	1.6158	0.7040	0.0502s	1.4323	0.6850	0.5631
66
0391	0.1579	0.9737	1.6437	0.6960	0.0503s	1.4618	0.6790	0.5879
67
0392	0.1615	0.9763	1.5379	0.7120	0.0501s	1.3549	0.6980	0.5909
68
0393	0.1276	0.9895	1.6023	0.6860	0.0503s	1.4159	0.6850	0.5528
69
0394	0.1707	0.9737	1.4576	0.6980	0.0510s	1.3116	0.6940	0.5660
70
0395	0.1460	0.9684	1.4296	0.7120	0.0505s	1.2940	0.6990	0.5870
71
0396	0.1417	0.9737	1.4423	0.7020	0.0501s	1.3011	0.6970	0.5895
72
0397	0.1386	0.9789	1.5052	0.7000	0.0501s	1.3475	0.6960	0.5920
73
0398	0.1298	0.9921	1.6076	0.6720	0.0501s	1.4596	0.6710	0.5760
74
0399	0.1687	0.9684	1.4768	0.7180	0.0503s	1.2903	0.6910	0.5697
75
0400	0.1552	0.9737	1.4965	0.6960	0.0502s	1.2973	0.6980	0.5678
76
0401	0.1825	0.9632	1.4072	0.6880	0.0503s	1.2662	0.7060	0.6005
77
0402	0.1349	0.9711	1.6213	0.6760	0.0503s	1.4724	0.6820	0.5604
78
0403	0.1726	0.9447	1.5085	0.7040	0.0503s	1.3431	0.6970	0.5729
79
0404	0.1519	0.9684	1.5571	0.7000	0.0502s	1.3878	0.6870	0.5752
80
0405	0.1492	0.9711	1.5035	0.7020	0.0502s	1.3663	0.6940	0.5658
81
0406	0.1309	0.9816	1.5280	0.6860	0.0503s	1.4099	0.6900	0.5663
82
0407	0.1275	0.9842	1.5433	0.6700	0.0503s	1.4181	0.6910	0.5814
83
0408	0.1470	0.9816	1.4261	0.7000	0.0503s	1.2791	0.7020	0.5895
84
0409	0.1514	0.9658	1.4397	0.7020	0.0502s	1.2590	0.6980	0.5835
85
0410	0.1360	0.9737	1.4395	0.7020	0.0503s	1.2687	0.7070	0.5870
86
0411	0.1444	0.9684	1.5220	0.6820	0.0502s	1.3685	0.6970	0.5817
87
0412	0.1700	0.9737	1.5696	0.6740	0.0502s	1.4040	0.6920	0.5843
88
0413	0.1470	0.9684	1.5705	0.6900	0.0502s	1.3827	0.7020	0.5816
89
0414	0.1239	0.9842	1.5479	0.7100	0.0501s	1.3502	0.6940	0.5736
90
0415	0.1492	0.9737	1.4633	0.7060	0.0502s	1.2759	0.7020	0.5783
91
0416	0.1518	0.9711	1.5199	0.6940	0.0503s	1.3512	0.6980	0.5863
92
0417	0.1436	0.9868	1.5877	0.6840	0.0503s	1.3888	0.6860	0.5804
93
0418	0.1427	0.9737	1.6122	0.6860	0.0502s	1.4053	0.6900	0.5732
94
0419	0.1248	0.9816	1.6479	0.6820	0.0502s	1.4470	0.6810	0.5685
95
0420	0.1622	0.9711	1.4675	0.7140	0.0503s	1.2910	0.6960	0.5932
96
0421	0.1264	0.9632	1.4994	0.6840	0.0502s	1.3420	0.6890	0.5811
97
0422	0.1696	0.9632	1.5300	0.6780	0.0502s	1.3798	0.6870	0.5856
98
0423	0.1584	0.9579	1.6128	0.6900	0.0507s	1.4300	0.6960	0.6084
99
0424	0.1420	0.9711	1.5947	0.7040	0.0537s	1.3956	0.6770	0.5641
100
0425	0.1498	0.9658	1.5523	0.7000	0.0528s	1.3482	0.6830	0.5656
101
0426	0.1487	0.9632	1.4888	0.7280	0.0519s	1.3107	0.6890	0.5709
102
0427	0.1463	0.9763	1.5045	0.7080	0.0652s	1.3573	0.6870	0.5732
0
0428	0.1397	0.9737	1.6014	0.6840	0.0591s	1.4487	0.6880	0.5834
1
0429	0.1467	0.9632	1.5386	0.6920	0.0591s	1.3803	0.6940	0.5866
2
0430	0.1477	0.9658	1.4258	0.7100	0.0595s	1.2448	0.6990	0.5700
3
0431	0.1285	0.9868	1.3974	0.7160	0.0590s	1.2253	0.7030	0.5764
4
0432	0.1470	0.9684	1.4410	0.7060	0.0591s	1.2692	0.7020	0.5762
5
0433	0.1638	0.9605	1.4996	0.7020	0.0591s	1.3126	0.6970	0.5771
6
0434	0.1332	0.9842	1.5853	0.6880	0.0592s	1.3903	0.6890	0.5633
7
0435	0.1426	0.9816	1.5412	0.7020	0.0606s	1.3488	0.6910	0.5860
8
0436	0.1337	0.9737	1.4403	0.7120	0.0600s	1.2609	0.7040	0.5807
9
0437	0.1252	0.9737	1.4473	0.6980	0.0593s	1.2859	0.7100	0.5899
10
0438	0.1385	0.9658	1.4972	0.7040	0.0599s	1.3172	0.6990	0.5843
11
0439	0.1320	0.9842	1.6077	0.6920	0.0593s	1.3917	0.6950	0.5894
12
0440	0.1252	0.9763	1.6223	0.6920	0.0591s	1.4021	0.7020	0.5916
13
0441	0.1355	0.9711	1.4975	0.7020	0.0593s	1.3092	0.7080	0.5919
14
0442	0.1398	0.9789	1.4492	0.7200	0.0590s	1.2888	0.7110	0.5911
15
0443	0.1627	0.9605	1.5007	0.7120	0.0606s	1.3474	0.7020	0.5736
16
0444	0.1405	0.9658	1.5664	0.6860	0.0591s	1.3833	0.7030	0.5895
17
0445	0.1472	0.9684	1.5318	0.6960	0.0550s	1.3505	0.7010	0.5880
18
0446	0.1580	0.9711	1.4336	0.6900	0.0521s	1.2820	0.7000	0.6037
19
0447	0.1263	0.9789	1.4119	0.7080	0.0509s	1.2748	0.7030	0.5955
20
0448	0.1453	0.9789	1.4585	0.7080	0.0508s	1.2996	0.7090	0.6064
21
0449	0.1521	0.9763	1.5393	0.7160	0.0511s	1.3622	0.7020	0.5948
22
0450	0.1494	0.9737	1.5947	0.6940	0.0505s	1.3966	0.6980	0.5863
23
0451	0.1251	0.9842	1.6203	0.6880	0.0506s	1.4358	0.6920	0.5962
24
0452	0.1683	0.9658	1.4698	0.6980	0.0521s	1.2918	0.7080	0.5873
25
0453	0.1274	0.9868	1.4254	0.7020	0.0510s	1.2527	0.6960	0.5733
26
0454	0.1481	0.9684	1.4990	0.6780	0.0502s	1.3480	0.6990	0.5785
27
0455	0.1448	0.9737	1.6192	0.6880	0.0523s	1.4691	0.6890	0.5750
28
0456	0.1510	0.9684	1.5001	0.7100	0.0507s	1.3463	0.6970	0.5812
29
0457	0.1195	0.9868	1.4601	0.7120	0.0508s	1.2811	0.7060	0.6043
30
0458	0.1729	0.9737	1.3922	0.7100	0.0516s	1.2193	0.7070	0.5958
31
0459	0.1446	0.9737	1.4518	0.7060	0.0507s	1.2742	0.7040	0.5816
32
0460	0.1327	0.9789	1.6322	0.6720	0.0510s	1.4518	0.6940	0.5707
33
0461	0.1518	0.9684	1.5892	0.6780	0.0521s	1.4078	0.6930	0.5811
34
0462	0.1387	0.9895	1.4466	0.6900	0.0502s	1.2757	0.7060	0.6004
35
0463	0.1334	0.9737	1.4099	0.6980	0.0508s	1.2584	0.7010	0.5970
36
0464	0.1643	0.9605	1.3993	0.7160	0.0523s	1.2555	0.6990	0.5963
37
0465	0.1266	0.9842	1.4821	0.7000	0.0504s	1.3284	0.6960	0.5887
38
0466	0.1461	0.9789	1.5225	0.7060	0.0504s	1.3312	0.7020	0.6099
39
0467	0.1129	0.9842	1.5410	0.7000	0.0510s	1.3290	0.7040	0.5953
40
0468	0.1321	0.9842	1.5042	0.6920	0.0509s	1.2897	0.7020	0.5858
41
0469	0.1468	0.9684	1.5071	0.6900	0.0506s	1.2992	0.6960	0.5889
42
0470	0.1164	0.9842	1.5216	0.7140	0.0547s	1.3240	0.7070	0.5974
43
0471	0.1274	0.9789	1.5176	0.7140	0.0510s	1.3157	0.6990	0.5836
44
0472	0.1294	0.9711	1.4994	0.7160	0.0508s	1.2919	0.7060	0.5829
45
0473	0.1338	0.9763	1.5359	0.6980	0.0513s	1.3513	0.6900	0.5713
46
0474	0.1303	0.9658	1.6534	0.6820	0.0528s	1.4621	0.6800	0.5583
47
0475	0.1557	0.9684	1.5479	0.7120	0.0514s	1.3626	0.6950	0.5727
48
0476	0.1406	0.9684	1.6055	0.7060	0.0509s	1.3897	0.6910	0.5849
49
0477	0.1398	0.9763	1.6013	0.7120	0.0505s	1.3954	0.6960	0.5906
50
0478	0.1521	0.9632	1.5616	0.6960	0.0807s	1.3629	0.6970	0.5880
51
0479	0.1443	0.9711	1.5344	0.6940	0.0612s	1.3611	0.6970	0.5949
52
0480	0.1375	0.9711	1.4553	0.7080	0.0552s	1.3022	0.7070	0.5885
53
0481	0.1676	0.9763	1.4432	0.7160	0.0532s	1.2792	0.7000	0.5937
54
0482	0.1360	0.9737	1.5350	0.7140	0.0519s	1.3587	0.6970	0.5869
55
0483	0.1405	0.9711	1.6186	0.7040	0.0555s	1.4402	0.6960	0.5764
56
0484	0.1265	0.9763	1.5942	0.6980	0.0513s	1.4235	0.6970	0.5846
57
0485	0.1260	0.9895	1.5503	0.6840	0.0505s	1.3700	0.6990	0.6015
58
0486	0.1303	0.9763	1.5068	0.6980	0.0503s	1.3232	0.7070	0.6116
59
0487	0.1459	0.9632	1.5367	0.7140	0.0503s	1.3425	0.6970	0.5929
60
0488	0.1461	0.9605	1.5494	0.6980	0.0503s	1.3508	0.7040	0.5836
61
0489	0.1379	0.9895	1.7200	0.6840	0.0501s	1.5310	0.6840	0.5735
62
0490	0.1504	0.9789	1.6197	0.6960	0.0501s	1.4519	0.6910	0.5751
63
0491	0.1485	0.9711	1.5174	0.7120	0.0517s	1.3594	0.6970	0.5950
64
0492	0.1215	0.9737	1.4616	0.6960	0.0502s	1.3105	0.6940	0.5914
65
0493	0.1387	0.9842	1.5297	0.6980	0.0502s	1.3825	0.7050	0.5743
66
0494	0.1314	0.9763	1.5693	0.7080	0.0518s	1.4163	0.6950	0.5699
67
0495	0.1631	0.9605	1.6317	0.7160	0.0500s	1.4231	0.6930	0.5750
68
0496	0.1450	0.9711	1.6021	0.7020	0.0500s	1.3746	0.7040	0.5702
69
0497	0.1530	0.9763	1.4960	0.7060	0.0514s	1.3077	0.7020	0.5707
70
0498	0.1237	0.9763	1.5201	0.6940	0.0503s	1.3735	0.6950	0.5799
71
0499	0.1256	0.9789	1.4737	0.7100	0.0502s	1.3359	0.6980	0.5841
72
0500	0.1471	0.9684	1.5107	0.7140	0.0518s	1.3450	0.6980	0.5937
73
0501	0.1388	0.9763	1.6838	0.6980	0.0504s	1.4959	0.6850	0.5770
74
0502	0.1747	0.9789	1.6188	0.7100	0.0503s	1.4423	0.6910	0.5862
75
0503	0.1383	0.9816	1.4852	0.7140	0.0503s	1.3221	0.7030	0.5789
76
0504	0.1648	0.9789	1.4035	0.7060	0.0502s	1.2393	0.7110	0.6055
77
0505	0.1418	0.9632	1.5234	0.7040	0.0503s	1.3316	0.6910	0.5787
78
0506	0.1461	0.9763	1.5152	0.7080	0.0525s	1.3111	0.6910	0.5949
79
0507	0.1378	0.9684	1.4876	0.7100	0.0505s	1.2861	0.6980	0.5828
80
0508	0.1217	0.9842	1.5004	0.7060	0.0503s	1.3135	0.7010	0.5838
81
0509	0.1536	0.9737	1.4464	0.7060	0.0553s	1.2599	0.7110	0.5936
82
0510	0.1382	0.9789	1.4981	0.7020	0.0504s	1.2969	0.6960	0.5826
83
0511	0.1476	0.9553	1.6512	0.6880	0.0500s	1.4508	0.6840	0.5617
84
0512	0.1325	0.9895	1.6613	0.6960	0.0504s	1.4784	0.6820	0.5575
85
0513	0.1412	0.9763	1.4750	0.6980	0.0502s	1.3183	0.6950	0.5613
86
0514	0.1491	0.9711	1.3828	0.6960	0.0506s	1.2445	0.7110	0.6043
87
0515	0.1273	0.9763	1.4036	0.6880	0.0502s	1.2565	0.7080	0.6092
88
0516	0.1361	0.9842	1.4543	0.6880	0.0504s	1.2972	0.7060	0.6170
89
0517	0.1542	0.9579	1.5078	0.7080	0.0532s	1.3499	0.6850	0.5902
90
0518	0.1475	0.9711	1.5704	0.6980	0.0503s	1.4154	0.6880	0.5764
91
0519	0.1188	0.9842	1.6106	0.6900	0.0502s	1.4393	0.6790	0.5691
92
0520	0.1758	0.9447	1.5425	0.7020	0.0499s	1.3750	0.6900	0.5840
93
0521	0.1424	0.9737	1.4690	0.7080	0.0501s	1.3167	0.6940	0.5946
94
0522	0.1521	0.9711	1.4308	0.7020	0.0500s	1.2804	0.7010	0.5974
95
0523	0.1320	0.9737	1.4295	0.7040	0.0499s	1.2690	0.7030	0.6021
96
0524	0.1276	0.9842	1.4335	0.7100	0.0500s	1.2842	0.6960	0.6040
97
0525	0.1345	0.9816	1.4540	0.7180	0.0512s	1.2926	0.6940	0.5740
98
0526	0.1348	0.9763	1.4933	0.7080	0.0499s	1.3248	0.6980	0.5718
99
0527	0.1552	0.9868	1.4921	0.7040	0.0499s	1.3111	0.7010	0.5797
100
0528	0.1209	0.9763	1.4988	0.6860	0.0505s	1.2955	0.6990	0.6093
101
0529	0.1550	0.9684	1.4886	0.6940	0.0511s	1.2935	0.6990	0.5941
102
0530	0.1384	0.9895	1.4401	0.7020	0.0498s	1.2534	0.7010	0.5889
103
0531	0.1440	0.9789	1.4115	0.7080	0.0502s	1.2524	0.7110	0.5809
104
0532	0.1115	0.9789	1.4428	0.7080	0.0511s	1.3005	0.7060	0.5753
105
0533	0.1491	0.9684	1.4563	0.7100	0.0503s	1.3156	0.7000	0.5900
106
0534	0.1444	0.9711	1.5319	0.7040	0.0499s	1.3860	0.6910	0.5829
107
0535	0.1555	0.9816	1.4966	0.7100	0.0513s	1.3506	0.6910	0.5898
108
0536	0.1345	0.9763	1.4547	0.7060	0.0498s	1.3048	0.6990	0.5741
109
0537	0.1201	0.9895	1.4871	0.6960	0.0504s	1.3298	0.7020	0.5840
110
0538	0.1356	0.9711	1.5031	0.7000	0.0501s	1.3213	0.7000	0.5894
111
0539	0.1282	0.9842	1.5631	0.6860	0.0502s	1.3755	0.6950	0.5913
112
0540	0.1388	0.9711	1.4708	0.7020	0.0502s	1.3028	0.6990	0.5883
113
0541	0.1196	0.9816	1.4306	0.7040	0.0502s	1.2830	0.7010	0.5797
114
0542	0.1423	0.9737	1.4323	0.7020	0.0551s	1.2955	0.7120	0.5832
115
0543	0.1574	0.9684	1.4345	0.7140	0.0503s	1.2838	0.7010	0.5767
116
0544	0.1294	0.9711	1.5077	0.7020	0.0502s	1.3487	0.6910	0.5755
117
0545	0.1450	0.9789	1.5188	0.7060	0.0573s	1.3587	0.6870	0.5873
118
0546	0.1292	0.9763	1.5102	0.7020	0.0503s	1.3401	0.6920	0.5701
119
0547	0.1447	0.9763	1.6207	0.6780	0.0501s	1.4091	0.6930	0.5740
120
0548	0.1388	0.9737	1.7082	0.7000	0.0500s	1.5447	0.6830	0.5689
121
0549	0.1969	0.9500	1.5952	0.7060	0.0516s	1.4222	0.6850	0.5738
122
0550	0.1397	0.9737	1.5361	0.6860	0.0501s	1.3605	0.7020	0.6040
123
0551	0.1766	0.9789	1.4025	0.7080	0.0501s	1.2748	0.6990	0.5801
124
0552	0.1330	0.9895	1.5004	0.6940	0.0502s	1.3747	0.6940	0.5783
125
0553	0.1216	0.9895	1.6080	0.6920	0.0530s	1.4733	0.6900	0.5889
126
0554	0.1475	0.9816	1.5596	0.6920	0.0501s	1.3948	0.7020	0.5985
127
0555	0.1165	0.9842	1.5234	0.7000	0.0499s	1.3204	0.6990	0.5823
128
0556	0.1335	0.9763	1.4350	0.7120	0.0503s	1.2515	0.7060	0.5771
129
0557	0.1346	0.9737	1.5033	0.6960	0.0513s	1.3465	0.6980	0.5729
130
0558	0.1451	0.9684	1.6312	0.6900	0.0505s	1.4791	0.6910	0.5671
131
0559	0.1371	0.9763	1.5446	0.7060	0.0504s	1.3680	0.6960	0.5729
132
0560	0.1326	0.9737	1.5095	0.6920	0.0502s	1.3259	0.6880	0.5661
133
0561	0.1566	0.9816	1.4098	0.6960	0.0502s	1.2420	0.6980	0.5747
134
0562	0.1270	0.9842	1.3936	0.6960	0.0607s	1.2512	0.7080	0.6015
135
0563	0.1273	0.9763	1.4657	0.7020	0.0586s	1.3265	0.6960	0.5983
136
0564	0.1589	0.9684	1.5502	0.7040	0.0551s	1.4026	0.6990	0.6040
137
0565	0.1198	0.9789	1.5990	0.7140	0.0631s	1.4380	0.6890	0.5761
138
0566	0.1612	0.9684	1.5311	0.7040	0.0597s	1.3298	0.6950	0.5751
139
0567	0.1609	0.9816	1.5503	0.6860	0.0663s	1.3252	0.6980	0.5707
140
0568	0.1765	0.9684	1.5504	0.6880	0.0769s	1.3418	0.7040	0.5736
141
0569	0.1306	0.9763	1.5761	0.7000	0.0592s	1.3760	0.7030	0.5814
142
0570	0.1384	0.9763	1.5781	0.7020	0.0559s	1.3752	0.7000	0.5788
143
0571	0.1279	0.9737	1.5341	0.7100	0.0542s	1.3524	0.6910	0.5783
144
0572	0.1554	0.9763	1.5600	0.6940	0.0501s	1.3941	0.6880	0.5662
145
0573	0.1270	0.9789	1.5720	0.6840	0.0504s	1.3875	0.6850	0.5585
146
0574	0.1556	0.9763	1.5226	0.7100	0.0552s	1.3046	0.7040	0.5755
147
0575	0.1246	0.9842	1.6056	0.7020	0.0514s	1.3665	0.6950	0.5706
148
0576	0.1775	0.9632	1.5402	0.6960	0.0504s	1.3326	0.7050	0.5813
149
0577	0.1288	0.9842	1.5851	0.6820	0.0502s	1.3951	0.6960	0.5917
150
0578	0.1405	0.9711	1.4423	0.7060	0.0503s	1.2651	0.7130	0.5956
151
0579	0.1576	0.9737	1.4841	0.7140	0.0502s	1.3095	0.7070	0.5880
152
0580	0.1400	0.9789	1.6218	0.6860	0.0510s	1.4643	0.6920	0.5766
153
0581	0.1812	0.9658	1.6088	0.6940	0.0503s	1.4420	0.6890	0.5845
154
0582	0.1238	0.9868	1.6152	0.6800	0.0504s	1.4257	0.6930	0.6015
155
0583	0.1393	0.9789	1.4228	0.6980	0.0504s	1.2342	0.7100	0.5891
156
0584	0.1348	0.9842	1.4029	0.7000	0.0502s	1.1874	0.7160	0.5922
157
0585	0.1391	0.9895	1.6626	0.6980	0.0514s	1.4379	0.6870	0.5844
158
0586	0.1586	0.9711	1.7388	0.6800	0.0503s	1.5377	0.6910	0.6073
159
0587	0.1632	0.9500	1.5647	0.6780	0.0502s	1.3993	0.6950	0.5931
160
0588	0.1287	0.9842	1.4435	0.6840	0.0503s	1.2968	0.7040	0.5818
161
0589	0.1646	0.9763	1.3686	0.6960	0.0503s	1.2221	0.7160	0.5960
162
0590	0.1555	0.9684	1.4757	0.7020	0.0512s	1.2833	0.7040	0.5789
163
0591	0.1361	0.9789	1.6493	0.7000	0.0502s	1.4306	0.7000	0.5773
164
0592	0.1333	0.9842	1.6838	0.7060	0.0501s	1.4783	0.6920	0.5681
165
0593	0.1739	0.9605	1.4809	0.7100	0.0502s	1.3092	0.7050	0.5752
166
0594	0.1272	0.9842	1.4154	0.7020	0.0503s	1.2820	0.7130	0.5747
167
0595	0.1743	0.9605	1.3786	0.7120	0.0502s	1.2468	0.7150	0.6092
168
0596	0.1471	0.9711	1.3897	0.7220	0.0502s	1.2380	0.7060	0.5860
169
0597	0.1460	0.9763	1.4383	0.7260	0.0502s	1.2943	0.6980	0.5613
170
0598	0.1329	0.9789	1.4913	0.7100	0.0501s	1.3655	0.6940	0.5812
171
0599	0.1532	0.9763	1.4820	0.7100	0.0502s	1.3479	0.7000	0.5895
172
0600	0.1399	0.9842	1.5025	0.7100	0.0500s	1.3231	0.7080	0.5765
173
0601	0.1527	0.9553	1.4500	0.7060	0.0513s	1.2904	0.7040	0.5701
174
0602	0.1554	0.9711	1.4301	0.7100	0.0502s	1.2913	0.7080	0.5891
175
0603	0.1186	0.9763	1.5426	0.6980	0.0503s	1.3878	0.7050	0.5954
176
0604	0.1251	0.9868	1.4692	0.6980	0.0501s	1.3101	0.7120	0.5959
177
0605	0.1263	0.9789	1.4955	0.6960	0.0502s	1.3148	0.7070	0.5756
178
0606	0.1240	0.9789	1.5713	0.6860	0.0504s	1.3884	0.6850	0.5620
179
0607	0.1166	0.9737	1.6004	0.6920	0.0505s	1.4223	0.6880	0.5682
180
0608	0.1498	0.9711	1.6016	0.6940	0.0500s	1.4264	0.6910	0.5768
181
0609	0.1067	0.9921	1.7046	0.6920	0.0505s	1.5250	0.6890	0.5889
182
0610	0.1335	0.9737	1.6554	0.6980	0.0502s	1.4656	0.7040	0.6014
183
0611	0.1528	0.9632	1.6299	0.6940	0.0530s	1.4438	0.6980	0.5957
184
0612	0.1332	0.9763	1.6212	0.6860	0.0504s	1.4317	0.6910	0.5920
185
0613	0.1124	0.9842	1.6734	0.6880	0.0591s	1.4619	0.6910	0.5791
186
0614	0.1443	0.9684	1.6454	0.6940	0.0549s	1.4325	0.6890	0.5751
187
0615	0.1459	0.9579	1.5904	0.7040	0.0512s	1.3793	0.7110	0.5855
188
0616	0.1609	0.9763	1.5891	0.7100	0.0507s	1.3956	0.7060	0.5837
189
0617	0.1099	0.9921	1.6097	0.7160	0.0504s	1.4323	0.6990	0.5799
190
0618	0.1313	0.9789	1.6074	0.6940	0.0500s	1.4203	0.7000	0.5858
191
0619	0.1393	0.9842	1.6862	0.6800	0.0503s	1.4633	0.6970	0.5791
192
0620	0.1196	0.9868	1.6788	0.6860	0.0505s	1.4411	0.6940	0.5718
193
0621	0.1527	0.9763	1.6886	0.6860	0.0502s	1.4491	0.6900	0.5740
194
0622	0.1406	0.9816	1.6340	0.7100	0.0501s	1.4012	0.7040	0.5863
195
0623	0.1398	0.9711	1.5990	0.7100	0.0516s	1.4155	0.7010	0.6026
196
0624	0.1527	0.9737	1.5897	0.6980	0.0529s	1.4044	0.7010	0.5825
197
0625	0.1398	0.9658	1.5713	0.6920	0.0529s	1.3977	0.6910	0.5744
198
0626	0.1343	0.9789	1.5123	0.6980	0.0522s	1.3325	0.7000	0.5831
199
Early stop! Min loss:1.230542778968811,  Max accuracy:0.728
Early stop model validation loss:1.230542778968811,  accuracy:0.7020000000000001
Optimization Finished!
Total time elapsed: 32.5692s
test max acc:0.7250
Loading 83th epoch
stru_node_to_hop attention:tensor([[0.2393, 0.2534, 0.2535, 0.2538],
        [0.2476, 0.2500, 0.2511, 0.2513],
        [0.2496, 0.2495, 0.2504, 0.2506],
        [0.2511, 0.2493, 0.2497, 0.2498],
        [0.2355, 0.2602, 0.2552, 0.2490],
        [0.2445, 0.2521, 0.2518, 0.2516],
        [0.2464, 0.2514, 0.2510, 0.2511],
        [0.2484, 0.2508, 0.2504, 0.2504],
        [0.2463, 0.2515, 0.2511, 0.2511],
        [0.2458, 0.2509, 0.2516, 0.2518],
        [0.2458, 0.2507, 0.2516, 0.2519],
        [0.2420, 0.2524, 0.2527, 0.2529],
        [0.2488, 0.2500, 0.2505, 0.2506],
        [0.1972, 0.2506, 0.2755, 0.2767],
        [0.2296, 0.2426, 0.2659, 0.2619],
        [0.2500, 0.2500, 0.2500, 0.2500],
        [0.2500, 0.2500, 0.2500, 0.2500],
        [0.2501, 0.2500, 0.2500, 0.2500],
        [0.2489, 0.2501, 0.2502, 0.2508],
        [0.2503, 0.2499, 0.2499, 0.2499],
        [0.2485, 0.2507, 0.2504, 0.2505],
        [0.2496, 0.2501, 0.2502, 0.2502],
        [0.2499, 0.2500, 0.2500, 0.2500],
        [0.2500, 0.2500, 0.2500, 0.2500],
        [0.2504, 0.2498, 0.2499, 0.2499],
        [0.2500, 0.2500, 0.2500, 0.2500],
        [0.2495, 0.2501, 0.2503, 0.2502],
        [0.2501, 0.2499, 0.2500, 0.2500],
        [0.2500, 0.2500, 0.2500, 0.2500],
        [0.2500, 0.2500, 0.2500, 0.2500],
        [0.2425, 0.2513, 0.2528, 0.2533],
        [0.2500, 0.2500, 0.2500, 0.2500],
        [0.2509, 0.2496, 0.2495, 0.2500],
        [0.2429, 0.2505, 0.2529, 0.2537],
        [0.2511, 0.2492, 0.2498, 0.2499],
        [0.2500, 0.2500, 0.2500, 0.2500],
        [0.2497, 0.2499, 0.2502, 0.2503],
        [0.2525, 0.2495, 0.2491, 0.2489],
        [0.2500, 0.2500, 0.2500, 0.2500],
        [0.2494, 0.2500, 0.2503, 0.2503],
        [0.2501, 0.2500, 0.2500, 0.2500],
        [0.2438, 0.2518, 0.2521, 0.2523],
        [0.2500, 0.2500, 0.2500, 0.2500],
        [0.2501, 0.2500, 0.2500, 0.2500],
        [0.2494, 0.2495, 0.2506, 0.2506],
        [0.1641, 0.3960, 0.2356, 0.2043],
        [0.2500, 0.2500, 0.2500, 0.2500],
        [0.2376, 0.2530, 0.2550, 0.2544],
        [0.2500, 0.2500, 0.2500, 0.2500],
        [0.2607, 0.2653, 0.2365, 0.2375],
        [0.2496, 0.2500, 0.2502, 0.2502],
        [0.2500, 0.2500, 0.2500, 0.2500],
        [0.2495, 0.2501, 0.2502, 0.2501],
        [0.2498, 0.2513, 0.2495, 0.2494],
        [0.2510, 0.2498, 0.2497, 0.2495],
        [0.2488, 0.2484, 0.2501, 0.2528],
        [0.2436, 0.2142, 0.2692, 0.2729],
        [0.2500, 0.2500, 0.2500, 0.2500],
        [0.2500, 0.2500, 0.2500, 0.2500],
        [0.2500, 0.2500, 0.2500, 0.2500],
        [0.2487, 0.2496, 0.2505, 0.2511],
        [0.2500, 0.2500, 0.2500, 0.2500],
        [0.2500, 0.2500, 0.2500, 0.2500],
        [0.2497, 0.2500, 0.2501, 0.2501],
        [0.2500, 0.2500, 0.2500, 0.2500],
        [0.2487, 0.2495, 0.2504, 0.2514],
        [0.2500, 0.2500, 0.2500, 0.2500],
        [0.2455, 0.2506, 0.2519, 0.2520],
        [0.2509, 0.2488, 0.2501, 0.2502],
        [0.2500, 0.2500, 0.2500, 0.2500],
        [0.2500, 0.2500, 0.2500, 0.2500],
        [0.2455, 0.2506, 0.2519, 0.2519],
        [0.2471, 0.2499, 0.2515, 0.2515],
        [0.2501, 0.2500, 0.2500, 0.2500],
        [0.2500, 0.2500, 0.2500, 0.2500],
        [0.2500, 0.2500, 0.2500, 0.2500],
        [0.2500, 0.2500, 0.2500, 0.2500],
        [0.2457, 0.2500, 0.2519, 0.2525],
        [0.2500, 0.2500, 0.2500, 0.2500],
        [0.2504, 0.2499, 0.2499, 0.2499],
        [0.2450, 0.2517, 0.2516, 0.2517],
        [0.2436, 0.2492, 0.2531, 0.2541],
        [0.2498, 0.2500, 0.2501, 0.2501],
        [0.2501, 0.2499, 0.2500, 0.2500],
        [0.2462, 0.2500, 0.2515, 0.2523],
        [0.2446, 0.2520, 0.2515, 0.2519],
        [0.2457, 0.2518, 0.2513, 0.2513],
        [0.2502, 0.2499, 0.2500, 0.2500],
        [0.2503, 0.2499, 0.2499, 0.2499],
        [0.2500, 0.2500, 0.2500, 0.2500],
        [0.2500, 0.2500, 0.2500, 0.2500],
        [0.2500, 0.2500, 0.2500, 0.2500],
        [0.2500, 0.2500, 0.2500, 0.2500],
        [0.2499, 0.2499, 0.2501, 0.2501],
        [0.2500, 0.2500, 0.2500, 0.2500],
        [0.2499, 0.2500, 0.2501, 0.2501],
        [0.2468, 0.2513, 0.2510, 0.2509],
        [0.2349, 0.2572, 0.2541, 0.2537],
        [0.2501, 0.2501, 0.2499, 0.2499],
        [0.2472, 0.2505, 0.2512, 0.2511]], device='cuda:1')
fea_node_to_hop attention:tensor([[0.1374, 0.1443, 0.1437, 0.1438, 0.1437, 0.1436, 0.1435],
        [0.1425, 0.1427, 0.1429, 0.1430, 0.1430, 0.1430, 0.1430],
        [0.1422, 0.1429, 0.1430, 0.1430, 0.1430, 0.1430, 0.1430],
        [0.1425, 0.1430, 0.1430, 0.1429, 0.1429, 0.1429, 0.1429],
        [0.1315, 0.1493, 0.1483, 0.1461, 0.1436, 0.1415, 0.1397],
        [0.1404, 0.1435, 0.1433, 0.1433, 0.1432, 0.1432, 0.1432],
        [0.1414, 0.1432, 0.1431, 0.1431, 0.1431, 0.1430, 0.1430],
        [0.1415, 0.1432, 0.1432, 0.1431, 0.1430, 0.1430, 0.1430],
        [0.1415, 0.1430, 0.1431, 0.1431, 0.1431, 0.1431, 0.1431],
        [0.1411, 0.1429, 0.1431, 0.1432, 0.1432, 0.1432, 0.1432],
        [0.1414, 0.1433, 0.1431, 0.1431, 0.1431, 0.1431, 0.1430],
        [0.1405, 0.1433, 0.1433, 0.1433, 0.1433, 0.1432, 0.1432],
        [0.1425, 0.1429, 0.1429, 0.1429, 0.1429, 0.1429, 0.1429],
        [0.1251, 0.1414, 0.1415, 0.1462, 0.1478, 0.1487, 0.1492],
        [0.1301, 0.1417, 0.1455, 0.1458, 0.1459, 0.1456, 0.1454],
        [0.1429, 0.1429, 0.1429, 0.1429, 0.1429, 0.1429, 0.1429],
        [0.1429, 0.1429, 0.1429, 0.1429, 0.1429, 0.1429, 0.1429],
        [0.1429, 0.1428, 0.1428, 0.1429, 0.1429, 0.1429, 0.1429],
        [0.1428, 0.1428, 0.1427, 0.1428, 0.1430, 0.1430, 0.1430],
        [0.1430, 0.1428, 0.1428, 0.1428, 0.1428, 0.1428, 0.1428],
        [0.1417, 0.1430, 0.1431, 0.1431, 0.1431, 0.1431, 0.1430],
        [0.1426, 0.1429, 0.1429, 0.1429, 0.1429, 0.1429, 0.1429],
        [0.1428, 0.1429, 0.1429, 0.1429, 0.1429, 0.1429, 0.1429],
        [0.1429, 0.1429, 0.1429, 0.1429, 0.1429, 0.1429, 0.1429],
        [0.1429, 0.1429, 0.1429, 0.1428, 0.1428, 0.1428, 0.1428],
        [0.1429, 0.1429, 0.1429, 0.1429, 0.1429, 0.1429, 0.1429],
        [0.1423, 0.1431, 0.1429, 0.1429, 0.1429, 0.1429, 0.1429],
        [0.1429, 0.1429, 0.1428, 0.1428, 0.1428, 0.1428, 0.1428],
        [0.1428, 0.1429, 0.1429, 0.1429, 0.1429, 0.1429, 0.1429],
        [0.1429, 0.1429, 0.1429, 0.1429, 0.1429, 0.1429, 0.1429],
        [0.1401, 0.1429, 0.1434, 0.1434, 0.1434, 0.1434, 0.1434],
        [0.1429, 0.1429, 0.1429, 0.1429, 0.1429, 0.1429, 0.1429],
        [0.1428, 0.1429, 0.1429, 0.1429, 0.1430, 0.1429, 0.1427],
        [0.1397, 0.1439, 0.1432, 0.1432, 0.1433, 0.1434, 0.1434],
        [0.1429, 0.1432, 0.1429, 0.1428, 0.1428, 0.1427, 0.1427],
        [0.1428, 0.1429, 0.1429, 0.1429, 0.1429, 0.1429, 0.1429],
        [0.1424, 0.1429, 0.1430, 0.1429, 0.1429, 0.1429, 0.1429],
        [0.1442, 0.1428, 0.1426, 0.1426, 0.1426, 0.1426, 0.1426],
        [0.1429, 0.1429, 0.1429, 0.1429, 0.1429, 0.1429, 0.1429],
        [0.1426, 0.1430, 0.1429, 0.1429, 0.1429, 0.1429, 0.1429],
        [0.1430, 0.1428, 0.1428, 0.1428, 0.1428, 0.1428, 0.1428],
        [0.1403, 0.1432, 0.1433, 0.1433, 0.1433, 0.1433, 0.1433],
        [0.1423, 0.1430, 0.1429, 0.1430, 0.1430, 0.1430, 0.1430],
        [0.1429, 0.1429, 0.1429, 0.1429, 0.1429, 0.1429, 0.1429],
        [0.1415, 0.1428, 0.1431, 0.1431, 0.1432, 0.1431, 0.1431],
        [0.1217, 0.1476, 0.1434, 0.1485, 0.1465, 0.1466, 0.1456],
        [0.1428, 0.1429, 0.1429, 0.1429, 0.1429, 0.1429, 0.1429],
        [0.1403, 0.1434, 0.1434, 0.1433, 0.1433, 0.1432, 0.1432],
        [0.1429, 0.1429, 0.1429, 0.1429, 0.1429, 0.1429, 0.1429],
        [0.1524, 0.1620, 0.1464, 0.1397, 0.1359, 0.1329, 0.1307],
        [0.1426, 0.1429, 0.1429, 0.1429, 0.1429, 0.1429, 0.1429],
        [0.1429, 0.1429, 0.1429, 0.1429, 0.1429, 0.1429, 0.1429],
        [0.1428, 0.1429, 0.1429, 0.1429, 0.1429, 0.1429, 0.1429],
        [0.1422, 0.1427, 0.1430, 0.1432, 0.1431, 0.1430, 0.1428],
        [0.1428, 0.1429, 0.1429, 0.1429, 0.1429, 0.1429, 0.1429],
        [0.1380, 0.1443, 0.1439, 0.1437, 0.1436, 0.1433, 0.1431],
        [0.1321, 0.1215, 0.1477, 0.1485, 0.1504, 0.1501, 0.1497],
        [0.1429, 0.1429, 0.1429, 0.1429, 0.1429, 0.1429, 0.1429],
        [0.1429, 0.1429, 0.1429, 0.1429, 0.1429, 0.1429, 0.1429],
        [0.1429, 0.1429, 0.1429, 0.1429, 0.1429, 0.1429, 0.1429],
        [0.1421, 0.1429, 0.1430, 0.1430, 0.1430, 0.1430, 0.1430],
        [0.1429, 0.1429, 0.1429, 0.1429, 0.1429, 0.1429, 0.1429],
        [0.1429, 0.1429, 0.1429, 0.1429, 0.1429, 0.1429, 0.1429],
        [0.1428, 0.1429, 0.1429, 0.1429, 0.1429, 0.1429, 0.1429],
        [0.1429, 0.1429, 0.1429, 0.1429, 0.1429, 0.1429, 0.1429],
        [0.1416, 0.1435, 0.1431, 0.1430, 0.1430, 0.1429, 0.1429],
        [0.1429, 0.1429, 0.1429, 0.1429, 0.1429, 0.1429, 0.1429],
        [0.1406, 0.1430, 0.1432, 0.1433, 0.1433, 0.1433, 0.1433],
        [0.1428, 0.1429, 0.1428, 0.1429, 0.1429, 0.1429, 0.1429],
        [0.1429, 0.1429, 0.1429, 0.1429, 0.1429, 0.1429, 0.1429],
        [0.1429, 0.1429, 0.1429, 0.1429, 0.1429, 0.1429, 0.1429],
        [0.1410, 0.1431, 0.1431, 0.1432, 0.1432, 0.1432, 0.1432],
        [0.1425, 0.1429, 0.1429, 0.1429, 0.1429, 0.1429, 0.1429],
        [0.1429, 0.1429, 0.1429, 0.1429, 0.1429, 0.1429, 0.1429],
        [0.1429, 0.1429, 0.1428, 0.1428, 0.1428, 0.1428, 0.1429],
        [0.1429, 0.1429, 0.1429, 0.1429, 0.1429, 0.1429, 0.1429],
        [0.1429, 0.1429, 0.1429, 0.1429, 0.1429, 0.1429, 0.1429],
        [0.1409, 0.1431, 0.1432, 0.1433, 0.1432, 0.1432, 0.1432],
        [0.1429, 0.1429, 0.1429, 0.1429, 0.1429, 0.1429, 0.1429],
        [0.1429, 0.1429, 0.1428, 0.1428, 0.1428, 0.1428, 0.1428],
        [0.1401, 0.1433, 0.1433, 0.1433, 0.1433, 0.1433, 0.1433],
        [0.1397, 0.1421, 0.1433, 0.1436, 0.1437, 0.1438, 0.1438],
        [0.1426, 0.1428, 0.1429, 0.1429, 0.1429, 0.1429, 0.1429],
        [0.1429, 0.1428, 0.1429, 0.1429, 0.1429, 0.1429, 0.1429],
        [0.1410, 0.1425, 0.1432, 0.1433, 0.1433, 0.1433, 0.1433],
        [0.1399, 0.1433, 0.1432, 0.1434, 0.1434, 0.1434, 0.1434],
        [0.1427, 0.1423, 0.1428, 0.1429, 0.1430, 0.1431, 0.1432],
        [0.1429, 0.1428, 0.1428, 0.1428, 0.1428, 0.1428, 0.1428],
        [0.1430, 0.1428, 0.1428, 0.1428, 0.1428, 0.1428, 0.1428],
        [0.1429, 0.1429, 0.1429, 0.1429, 0.1429, 0.1429, 0.1429],
        [0.1429, 0.1429, 0.1429, 0.1429, 0.1429, 0.1429, 0.1429],
        [0.1429, 0.1429, 0.1429, 0.1429, 0.1429, 0.1429, 0.1429],
        [0.1429, 0.1429, 0.1429, 0.1429, 0.1429, 0.1429, 0.1429],
        [0.1428, 0.1429, 0.1429, 0.1429, 0.1429, 0.1429, 0.1429],
        [0.1429, 0.1429, 0.1429, 0.1429, 0.1429, 0.1429, 0.1429],
        [0.1428, 0.1429, 0.1429, 0.1429, 0.1429, 0.1429, 0.1429],
        [0.1406, 0.1441, 0.1433, 0.1432, 0.1430, 0.1429, 0.1428],
        [0.1372, 0.1435, 0.1439, 0.1440, 0.1439, 0.1438, 0.1437],
        [0.1429, 0.1428, 0.1428, 0.1428, 0.1428, 0.1429, 0.1429],
        [0.1425, 0.1429, 0.1429, 0.1429, 0.1429, 0.1430, 0.1430]],
       device='cuda:1')
perception attention:tensor([0.4749, 0.5251], device='cuda:1')
Test set results: loss= 1.1289 accuracy= 0.7190 F1_score= 0.5931
