# epoch	loss_train	acc_train	loss_val	acc_val	time	acc_test	f1_test
0001	2.9527	0.0474	5.9850	0.1900	0.0512s	5.5951	0.1850	0.0359
0
0002	6.1989	0.1763	7.2315	0.1300	0.0503s	6.7247	0.1500	0.0242
0
0003	7.2103	0.1316	4.3184	0.1440	0.0500s	4.1273	0.1320	0.0558
1
0004	4.3109	0.1447	3.0242	0.2040	0.0508s	2.9416	0.2190	0.1333
0
0005	2.9956	0.2079	2.5734	0.3660	0.0541s	2.5382	0.3900	0.1987
0
0006	2.4951	0.3816	2.3493	0.3460	0.0539s	2.3023	0.3650	0.1967
0
0007	2.2874	0.3500	2.1724	0.3580	0.0540s	2.0932	0.4010	0.2004
0
0008	2.1327	0.3526	2.0688	0.3140	0.0522s	1.9846	0.3260	0.1575
0
0009	2.0110	0.3184	1.8670	0.4960	0.0506s	1.7790	0.5310	0.3512
0
0010	1.7963	0.5316	1.7244	0.5260	0.0539s	1.6353	0.5450	0.3561
0
0011	1.6314	0.5289	1.6468	0.5000	0.0503s	1.5468	0.5350	0.3530
0
0012	1.5452	0.5368	1.5802	0.5260	0.0503s	1.4580	0.5730	0.3906
0
0013	1.4412	0.5605	1.5322	0.5720	0.0504s	1.3978	0.6000	0.4133
0
0014	1.3045	0.5895	1.5230	0.5700	0.0507s	1.3842	0.6190	0.4427
0
0015	1.2447	0.6053	1.4926	0.5960	0.0506s	1.3496	0.6370	0.4727
0
0016	1.1456	0.6421	1.4667	0.5940	0.0503s	1.3081	0.6520	0.4679
0
0017	1.0932	0.6421	1.4475	0.5960	0.0510s	1.2837	0.6400	0.4623
0
0018	1.0263	0.6500	1.4366	0.6100	0.0503s	1.2636	0.6560	0.4809
0
0019	0.9523	0.6947	1.4565	0.6220	0.0503s	1.2672	0.6540	0.5065
0
0020	0.9327	0.7053	1.4088	0.6160	0.0525s	1.2323	0.6610	0.4987
0
0021	0.8551	0.7342	1.3680	0.6260	0.0505s	1.2141	0.6690	0.5235
0
0022	0.7966	0.7289	1.3886	0.6300	0.0507s	1.2474	0.6680	0.5310
0
0023	0.7679	0.7737	1.3038	0.6580	0.0504s	1.2018	0.6760	0.5464
0
0024	0.6975	0.7763	1.2709	0.6420	0.0509s	1.2042	0.6630	0.5297
0
0025	0.7052	0.7632	1.3139	0.6560	0.0504s	1.2144	0.6660	0.5451
0
0026	0.6645	0.7737	1.3266	0.6620	0.0504s	1.2249	0.6810	0.5621
1
0027	0.6099	0.8263	1.2329	0.6800	0.0516s	1.1562	0.6890	0.5534
0
0028	0.5687	0.8184	1.2646	0.6600	0.0507s	1.2013	0.6840	0.5446
0
0029	0.5566	0.8316	1.3374	0.6760	0.0504s	1.2327	0.6760	0.5492
1
0030	0.4716	0.8842	1.4516	0.6640	0.0502s	1.3384	0.6560	0.5376
2
0031	0.5286	0.8553	1.3175	0.6900	0.0503s	1.2291	0.6790	0.5622
3
0032	0.4667	0.8579	1.2406	0.6960	0.0508s	1.1815	0.7020	0.5628
0
0033	0.4728	0.8500	1.2223	0.6960	0.0504s	1.1567	0.7010	0.5732
0
0034	0.4181	0.8868	1.3246	0.6920	0.0519s	1.2437	0.6840	0.5630
0
0035	0.4123	0.8711	1.3223	0.6940	0.0503s	1.2439	0.6850	0.5495
1
0036	0.4272	0.8816	1.2786	0.6840	0.0507s	1.2232	0.6960	0.5528
2
0037	0.3597	0.9079	1.2450	0.6880	0.0504s	1.2281	0.6910	0.5683
3
0038	0.3668	0.9079	1.2455	0.6980	0.0504s	1.2213	0.6850	0.5632
4
0039	0.3590	0.9079	1.2621	0.7160	0.0503s	1.2326	0.6870	0.5718
0
0040	0.3131	0.9184	1.2769	0.7080	0.0508s	1.2360	0.6840	0.5562
0
0041	0.3123	0.9368	1.2845	0.6960	0.0502s	1.2455	0.6970	0.5585
1
0042	0.2929	0.9263	1.2958	0.6900	0.0501s	1.2618	0.6930	0.5510
2
0043	0.3360	0.9105	1.2999	0.7100	0.0505s	1.2664	0.6890	0.5527
3
0044	0.2923	0.9105	1.3645	0.7160	0.0509s	1.3396	0.6850	0.5633
4
0045	0.3147	0.9237	1.3190	0.7120	0.0506s	1.2774	0.6880	0.5763
0
0046	0.2977	0.9237	1.2600	0.7040	0.0505s	1.2329	0.7020	0.5702
1
0047	0.2802	0.9342	1.2537	0.6940	0.0502s	1.2477	0.6990	0.5716
2
0048	0.2973	0.9289	1.2957	0.7100	0.0506s	1.2877	0.6890	0.5700
3
0049	0.2531	0.9474	1.4268	0.7080	0.0514s	1.3957	0.6750	0.5751
4
0050	0.2682	0.9368	1.4018	0.7040	0.0505s	1.3546	0.6690	0.5552
5
0051	0.2782	0.9342	1.3019	0.6960	0.0504s	1.2628	0.6920	0.5561
6
0052	0.2513	0.9395	1.3073	0.7040	0.0503s	1.2839	0.7030	0.5741
7
0053	0.2686	0.9263	1.3433	0.7000	0.0506s	1.2915	0.7030	0.5713
8
0054	0.2411	0.9395	1.3769	0.7020	0.0505s	1.3271	0.6860	0.5661
9
0055	0.2180	0.9500	1.3880	0.7020	0.0502s	1.3362	0.6760	0.5645
10
0056	0.2393	0.9605	1.3050	0.7180	0.0514s	1.2591	0.6910	0.5716
11
0057	0.2581	0.9395	1.2790	0.6980	0.0503s	1.2415	0.7050	0.5766
0
0058	0.2371	0.9395	1.2884	0.7080	0.0505s	1.2602	0.7030	0.5725
1
0059	0.2187	0.9553	1.3093	0.7180	0.0507s	1.2766	0.7040	0.5770
2
0060	0.2377	0.9474	1.3983	0.6960	0.0502s	1.3609	0.6720	0.5735
0
0061	0.2339	0.9500	1.3865	0.6980	0.0505s	1.3285	0.6640	0.5502
1
0062	0.2236	0.9526	1.3813	0.6940	0.0503s	1.3143	0.6850	0.5582
2
0063	0.2363	0.9447	1.3020	0.6940	0.0516s	1.2464	0.6960	0.5667
3
0064	0.2230	0.9553	1.2546	0.7060	0.0794s	1.1957	0.7170	0.5812
4
0065	0.2252	0.9553	1.3255	0.6940	0.0626s	1.2531	0.7080	0.5836
5
0066	0.2380	0.9447	1.3142	0.7040	0.0582s	1.2614	0.7060	0.5788
6
0067	0.2305	0.9579	1.3679	0.7060	0.0579s	1.3213	0.6870	0.5687
7
0068	0.2196	0.9579	1.3981	0.7040	0.0576s	1.3501	0.6790	0.5646
8
0069	0.2133	0.9658	1.3488	0.7020	0.0592s	1.3005	0.6780	0.5560
9
0070	0.2263	0.9526	1.3335	0.7020	0.0579s	1.2779	0.6880	0.5706
10
0071	0.2494	0.9447	1.2924	0.7200	0.0580s	1.2204	0.7110	0.5887
11
0072	0.2106	0.9605	1.3721	0.7060	0.0579s	1.2938	0.7000	0.5988
0
0073	0.2297	0.9500	1.3145	0.7020	0.0577s	1.2265	0.7070	0.5793
1
0074	0.2036	0.9632	1.3272	0.6980	0.0581s	1.2351	0.6990	0.5698
2
0075	0.2123	0.9711	1.3256	0.7040	0.0589s	1.2532	0.7070	0.5706
3
0076	0.2125	0.9632	1.3196	0.7080	0.0839s	1.2488	0.7030	0.5684
4
0077	0.2007	0.9658	1.3688	0.7020	0.0712s	1.2956	0.6940	0.5702
5
0078	0.2206	0.9500	1.3334	0.7200	0.0714s	1.2592	0.6970	0.5694
6
0079	0.2052	0.9500	1.3553	0.7040	0.0715s	1.2807	0.6980	0.5697
0
0080	0.2173	0.9632	1.3864	0.7020	0.0731s	1.3259	0.6950	0.5664
1
0081	0.2025	0.9658	1.3863	0.7000	0.0714s	1.3173	0.6880	0.5571
2
0082	0.1879	0.9632	1.3714	0.7100	0.0756s	1.2976	0.6930	0.5684
3
0083	0.2038	0.9553	1.3242	0.7240	0.0717s	1.2289	0.7130	0.5759
4
0084	0.2253	0.9395	1.3236	0.7140	0.0712s	1.2255	0.7190	0.5778
0
0085	0.2063	0.9632	1.3105	0.7100	0.0717s	1.2497	0.7030	0.5726
1
0086	0.2082	0.9553	1.2649	0.7140	0.0715s	1.2289	0.7020	0.5731
2
0087	0.1872	0.9684	1.3498	0.7020	0.0713s	1.3238	0.6900	0.5711
3
0088	0.2292	0.9421	1.3462	0.7100	0.0723s	1.3134	0.6870	0.5719
4
0089	0.2077	0.9500	1.3369	0.6980	0.0616s	1.2890	0.7020	0.5746
5
0090	0.1964	0.9684	1.3039	0.7220	0.0585s	1.2498	0.7120	0.5800
6
0091	0.1854	0.9684	1.2939	0.7140	0.0597s	1.2282	0.7040	0.5844
7
0092	0.2061	0.9632	1.3183	0.7060	0.0583s	1.2531	0.6950	0.5804
8
0093	0.1990	0.9658	1.3806	0.7000	0.0586s	1.3057	0.6770	0.5598
9
0094	0.2324	0.9421	1.3676	0.7020	0.0584s	1.2854	0.6950	0.5736
10
0095	0.1959	0.9605	1.4999	0.6760	0.0596s	1.4313	0.6780	0.5610
11
0096	0.2113	0.9526	1.4110	0.6980	0.0582s	1.3217	0.7020	0.5784
12
0097	0.1940	0.9658	1.3432	0.7080	0.0583s	1.2460	0.6900	0.5706
13
0098	0.2324	0.9368	1.3718	0.7080	0.0593s	1.2943	0.6790	0.5693
14
0099	0.2222	0.9553	1.4784	0.6680	0.0583s	1.3893	0.6880	0.5653
15
0100	0.2508	0.9237	1.3842	0.7040	0.0586s	1.2987	0.7020	0.5700
16
0101	0.1901	0.9632	1.4969	0.6880	0.0584s	1.3589	0.6860	0.5548
17
0102	0.2076	0.9474	1.4437	0.7000	0.0592s	1.2968	0.6870	0.5611
18
0103	0.2094	0.9632	1.2891	0.7100	0.0585s	1.2038	0.7030	0.5863
19
0104	0.1903	0.9658	1.2949	0.6880	0.0585s	1.2514	0.7010	0.5783
20
0105	0.2312	0.9447	1.3285	0.6880	0.0594s	1.2803	0.6990	0.5737
21
0106	0.1983	0.9500	1.4057	0.7000	0.0583s	1.3362	0.6860	0.5653
22
0107	0.2036	0.9605	1.4867	0.6820	0.0587s	1.3930	0.6890	0.5664
23
0108	0.2148	0.9553	1.3702	0.7040	0.0582s	1.2663	0.7000	0.5656
24
0109	0.1928	0.9605	1.2593	0.7220	0.0582s	1.1736	0.7060	0.5729
25
0110	0.2017	0.9737	1.2929	0.7060	0.0590s	1.2159	0.6930	0.5705
26
0111	0.2139	0.9605	1.2809	0.7060	0.0586s	1.2188	0.6900	0.5722
27
0112	0.1947	0.9684	1.3393	0.7000	0.0600s	1.2731	0.7010	0.5764
28
0113	0.2165	0.9684	1.3776	0.7060	0.0584s	1.2870	0.6910	0.5695
29
0114	0.1826	0.9816	1.4893	0.6760	0.0591s	1.3849	0.6800	0.5604
30
0115	0.2030	0.9605	1.3566	0.7020	0.0581s	1.2641	0.6930	0.5713
31
0116	0.1759	0.9684	1.2527	0.7160	0.0598s	1.1907	0.7050	0.5946
32
0117	0.1985	0.9605	1.2811	0.7240	0.0588s	1.2190	0.6980	0.5981
33
0118	0.1756	0.9737	1.4181	0.6860	0.0585s	1.3207	0.6850	0.5705
0
0119	0.2018	0.9474	1.2902	0.7100	0.0603s	1.1974	0.7140	0.5657
1
0120	0.1724	0.9816	1.3448	0.6960	0.0591s	1.2327	0.7090	0.5591
2
0121	0.2382	0.9342	1.3495	0.7000	0.0585s	1.2463	0.7030	0.5587
3
0122	0.2000	0.9605	1.4883	0.6820	0.0621s	1.3744	0.6730	0.5676
4
0123	0.2050	0.9447	1.3043	0.7160	0.0592s	1.2299	0.6950	0.5913
5
0124	0.1789	0.9658	1.2869	0.7060	0.0597s	1.2204	0.7010	0.5930
6
0125	0.1660	0.9737	1.2876	0.7180	0.0581s	1.2231	0.7050	0.5958
7
0126	0.1950	0.9737	1.2755	0.7380	0.0587s	1.2004	0.7070	0.5973
8
0127	0.1671	0.9737	1.3998	0.6960	0.0589s	1.3058	0.6910	0.5837
0
0128	0.1680	0.9658	1.3578	0.6980	0.0582s	1.2645	0.6940	0.5600
1
0129	0.1713	0.9632	1.3182	0.7040	0.0588s	1.2324	0.7090	0.5722
2
0130	0.1794	0.9737	1.3260	0.7000	0.0582s	1.2418	0.7070	0.5738
3
0131	0.1910	0.9763	1.2646	0.7180	0.0581s	1.1959	0.6980	0.5751
4
0132	0.1433	0.9816	1.3218	0.7080	0.0604s	1.2464	0.6940	0.5695
5
0133	0.1655	0.9711	1.3122	0.7240	0.0583s	1.2268	0.7100	0.5697
6
0134	0.1680	0.9684	1.4131	0.7100	0.0586s	1.3216	0.6960	0.5609
7
0135	0.2030	0.9658	1.3829	0.7040	0.0583s	1.3077	0.6900	0.5556
8
0136	0.1990	0.9421	1.3436	0.6940	0.0586s	1.2739	0.7020	0.5753
9
0137	0.1988	0.9658	1.4247	0.6920	0.0599s	1.3300	0.6920	0.5733
10
0138	0.1666	0.9816	1.3412	0.7120	0.0584s	1.2559	0.7050	0.5907
11
0139	0.1813	0.9632	1.2798	0.7080	0.0583s	1.2009	0.7230	0.5977
12
0140	0.2051	0.9500	1.2847	0.7200	0.0584s	1.2295	0.6890	0.5792
13
0141	0.1539	0.9789	1.4194	0.6880	0.0582s	1.3532	0.6780	0.5666
14
0142	0.1713	0.9737	1.3905	0.7020	0.0582s	1.3375	0.6850	0.5657
15
0143	0.1775	0.9684	1.3437	0.7220	0.0584s	1.2717	0.6970	0.5794
16
0144	0.1494	0.9763	1.3907	0.7120	0.0586s	1.2944	0.7030	0.5793
17
0145	0.2186	0.9579	1.3804	0.7120	0.0582s	1.3090	0.6890	0.5886
18
0146	0.1666	0.9632	1.6239	0.6620	0.0581s	1.5301	0.6660	0.5613
19
0147	0.2302	0.9211	1.3500	0.7060	0.0585s	1.2571	0.6930	0.5726
20
0148	0.1960	0.9500	1.5555	0.6860	0.0595s	1.4277	0.6960	0.5426
21
0149	0.2965	0.9289	1.4940	0.7040	0.0583s	1.3588	0.6900	0.5544
22
0150	0.1763	0.9711	1.6985	0.6680	0.0582s	1.5767	0.6740	0.5734
23
0151	0.2417	0.9237	1.4516	0.6940	0.0583s	1.3471	0.6810	0.5640
24
0152	0.2132	0.9447	1.2652	0.7000	0.0581s	1.1796	0.7120	0.5870
25
0153	0.1918	0.9684	1.2669	0.7060	0.0593s	1.1660	0.7120	0.5893
26
0154	0.2605	0.9395	1.3184	0.7200	0.0588s	1.1912	0.7070	0.5835
27
0155	0.1527	0.9737	1.5894	0.6880	0.0581s	1.4476	0.6780	0.5619
28
0156	0.2340	0.9421	1.4517	0.7080	0.0582s	1.3414	0.6870	0.5705
29
0157	0.2133	0.9526	1.2540	0.7060	0.0586s	1.1814	0.7080	0.5745
30
0158	0.1957	0.9632	1.2431	0.6940	0.0597s	1.1975	0.6980	0.5698
31
0159	0.2350	0.9395	1.2190	0.7100	0.0582s	1.1473	0.7030	0.5725
32
0160	0.1727	0.9684	1.3360	0.7120	0.0587s	1.2336	0.6890	0.5738
0
0161	0.1597	0.9711	1.4340	0.6980	0.0583s	1.3102	0.6860	0.5764
1
0162	0.1862	0.9763	1.4031	0.6960	0.0581s	1.2850	0.6870	0.5722
2
0163	0.1699	0.9684	1.2884	0.7040	0.0592s	1.1851	0.7080	0.5758
3
0164	0.1631	0.9763	1.2468	0.7240	0.0583s	1.1426	0.7150	0.5817
4
0165	0.1758	0.9579	1.2745	0.7220	0.0582s	1.1777	0.6990	0.5702
5
0166	0.1735	0.9658	1.2841	0.7140	0.0582s	1.2120	0.6810	0.5591
6
0167	0.1593	0.9579	1.3071	0.6980	0.0582s	1.2392	0.6850	0.5611
7
0168	0.1655	0.9684	1.3246	0.6940	0.0582s	1.2513	0.6910	0.5674
8
0169	0.1526	0.9947	1.3229	0.7020	0.0596s	1.2341	0.6980	0.5751
9
0170	0.1484	0.9789	1.3185	0.7180	0.0581s	1.2045	0.7040	0.5819
10
0171	0.1606	0.9711	1.3240	0.7140	0.0583s	1.2050	0.7100	0.5840
11
0172	0.2229	0.9447	1.2811	0.7160	0.0582s	1.1629	0.7030	0.5760
12
0173	0.1472	0.9816	1.3583	0.6980	0.0582s	1.2659	0.6950	0.5714
13
0174	0.1500	0.9711	1.3542	0.7040	0.0591s	1.2773	0.6950	0.5696
14
0175	0.1663	0.9737	1.3447	0.7100	0.0624s	1.2569	0.7020	0.5721
15
0176	0.1655	0.9632	1.3646	0.7160	0.0594s	1.2549	0.7050	0.5759
16
0177	0.1536	0.9763	1.3798	0.7120	0.0619s	1.2591	0.6950	0.5708
17
0178	0.1545	0.9684	1.3748	0.7060	0.0630s	1.2522	0.7030	0.5800
18
0179	0.1563	0.9684	1.3690	0.7180	0.0615s	1.2645	0.6910	0.5761
19
0180	0.1421	0.9737	1.4373	0.7100	0.0593s	1.3259	0.7010	0.5777
20
0181	0.1818	0.9605	1.2984	0.7120	0.0583s	1.1919	0.7080	0.5776
21
0182	0.1624	0.9895	1.3244	0.7160	0.0582s	1.2231	0.6980	0.5735
22
0183	0.1485	0.9789	1.4159	0.7040	0.0585s	1.3169	0.6950	0.5690
23
0184	0.1713	0.9605	1.5337	0.6880	0.0623s	1.4146	0.6790	0.5664
24
0185	0.1583	0.9763	1.5141	0.6940	0.0582s	1.3914	0.6870	0.5708
25
0186	0.1610	0.9763	1.3542	0.7060	0.0583s	1.2401	0.6960	0.5755
26
0187	0.1576	0.9711	1.2885	0.7040	0.0583s	1.1794	0.7180	0.5865
27
0188	0.1397	0.9816	1.3760	0.6940	0.0586s	1.2508	0.7160	0.5907
28
0189	0.1948	0.9421	1.5531	0.6960	0.0583s	1.4308	0.6800	0.5604
29
0190	0.1557	0.9737	1.6449	0.6880	0.0582s	1.5357	0.6700	0.5623
30
0191	0.1967	0.9553	1.4762	0.7000	0.0590s	1.3707	0.6850	0.5674
31
0192	0.1529	0.9763	1.4126	0.6980	0.0582s	1.2921	0.6890	0.5638
32
0193	0.1883	0.9632	1.4019	0.7020	0.0582s	1.2980	0.6930	0.5697
33
0194	0.1982	0.9658	1.4773	0.6940	0.0587s	1.3416	0.6870	0.5708
34
0195	0.1541	0.9711	1.5938	0.6860	0.0582s	1.4611	0.6740	0.5781
35
0196	0.1759	0.9816	1.4832	0.6920	0.0585s	1.3529	0.6830	0.5834
36
0197	0.1799	0.9684	1.3662	0.7040	0.0584s	1.2327	0.6990	0.5762
37
0198	0.1567	0.9605	1.3764	0.7100	0.0603s	1.2706	0.6980	0.5753
38
0199	0.1897	0.9579	1.3938	0.7040	0.0584s	1.2582	0.7000	0.5663
39
0200	0.1544	0.9711	1.5002	0.6920	0.0591s	1.3548	0.6880	0.5614
40
0201	0.1447	0.9711	1.4413	0.6860	0.0587s	1.3187	0.6930	0.5806
41
0202	0.1580	0.9737	1.3328	0.6980	0.0582s	1.2064	0.7040	0.5875
42
0203	0.1613	0.9684	1.3418	0.7040	0.0583s	1.1898	0.6990	0.5901
43
0204	0.1753	0.9579	1.3372	0.7140	0.0582s	1.1834	0.7170	0.5911
44
0205	0.1563	0.9737	1.3605	0.7160	0.0585s	1.2120	0.7170	0.5903
45
0206	0.1639	0.9763	1.4585	0.7120	0.0598s	1.3105	0.6970	0.5816
46
0207	0.1586	0.9711	1.4919	0.6960	0.0583s	1.3621	0.6880	0.5716
47
0208	0.1618	0.9737	1.3985	0.7040	0.0583s	1.2803	0.6870	0.5550
48
0209	0.1642	0.9763	1.4156	0.6880	0.0582s	1.2784	0.6950	0.5560
49
0210	0.1548	0.9737	1.2956	0.6980	0.0589s	1.1708	0.7170	0.5893
50
0211	0.1723	0.9605	1.2925	0.7080	0.0586s	1.1637	0.7200	0.5979
51
0212	0.1702	0.9711	1.4341	0.7040	0.0582s	1.3080	0.7030	0.5896
52
0213	0.1465	0.9737	1.5346	0.6920	0.0586s	1.4131	0.6970	0.6032
53
0214	0.1579	0.9684	1.4628	0.7060	0.0586s	1.3397	0.6950	0.5895
54
0215	0.1499	0.9658	1.3701	0.7120	0.0581s	1.2514	0.7060	0.5971
55
0216	0.1432	0.9789	1.3190	0.7040	0.0582s	1.2189	0.7000	0.5830
56
0217	0.1465	0.9842	1.3185	0.7020	0.0587s	1.2191	0.7060	0.5864
57
0218	0.1563	0.9684	1.3727	0.7140	0.0581s	1.2560	0.6890	0.5807
58
0219	0.1320	0.9737	1.4767	0.7000	0.0581s	1.3319	0.6880	0.5828
59
0220	0.1592	0.9711	1.4513	0.7100	0.0585s	1.2893	0.7000	0.5685
60
0221	0.1387	0.9816	1.4241	0.7040	0.0583s	1.2703	0.7140	0.5872
61
0222	0.1598	0.9605	1.4048	0.7060	0.0581s	1.2597	0.7060	0.5764
62
0223	0.1837	0.9579	1.4981	0.7080	0.0593s	1.3438	0.6870	0.5642
63
0224	0.1544	0.9816	1.5434	0.7000	0.0583s	1.3814	0.6790	0.5645
64
0225	0.1726	0.9684	1.5475	0.6940	0.0584s	1.3726	0.6910	0.5705
65
0226	0.1395	0.9763	1.4176	0.6940	0.0582s	1.2567	0.6960	0.5707
66
0227	0.1583	0.9737	1.3422	0.6980	0.0586s	1.2118	0.7040	0.5699
67
0228	0.1397	0.9842	1.3926	0.6940	0.0582s	1.2540	0.7060	0.5785
68
0229	0.1576	0.9684	1.4101	0.7060	0.0582s	1.2852	0.6950	0.5731
69
0230	0.1489	0.9658	1.6090	0.6740	0.0582s	1.4833	0.6670	0.5604
70
0231	0.1877	0.9526	1.5328	0.6720	0.0593s	1.4416	0.6730	0.5638
71
0232	0.1588	0.9711	1.3405	0.7100	0.0584s	1.2538	0.7070	0.5819
72
0233	0.1589	0.9605	1.3448	0.7100	0.0582s	1.2276	0.6970	0.5729
73
0234	0.1821	0.9526	1.3808	0.7020	0.0592s	1.2632	0.6940	0.5734
74
0235	0.1479	0.9737	1.4934	0.6880	0.0584s	1.3575	0.6860	0.5858
75
0236	0.1835	0.9684	1.4035	0.7040	0.0582s	1.2756	0.6930	0.5698
76
0237	0.1261	0.9816	1.3958	0.6980	0.0584s	1.2704	0.6950	0.5682
77
0238	0.1468	0.9842	1.4505	0.6980	0.0583s	1.3211	0.6900	0.5579
78
0239	0.1747	0.9605	1.4423	0.7060	0.0582s	1.3137	0.6990	0.5783
79
0240	0.1801	0.9605	1.4614	0.6900	0.0582s	1.3404	0.6880	0.5718
80
0241	0.1553	0.9658	1.4214	0.7020	0.0587s	1.3225	0.6910	0.5750
81
0242	0.1544	0.9737	1.3756	0.7000	0.0582s	1.2639	0.6980	0.5694
82
0243	0.1427	0.9737	1.3136	0.7200	0.0583s	1.1911	0.7090	0.5770
83
0244	0.1375	0.9737	1.3609	0.7080	0.0587s	1.2172	0.7020	0.5656
84
0245	0.1435	0.9789	1.4609	0.6920	0.0583s	1.3156	0.6900	0.5634
85
0246	0.1494	0.9737	1.4856	0.6880	0.0582s	1.3361	0.6930	0.5656
86
0247	0.1562	0.9737	1.4272	0.7100	0.0594s	1.2958	0.6930	0.5705
87
0248	0.1385	0.9789	1.3067	0.7120	0.0582s	1.2082	0.7020	0.5757
88
0249	0.1239	0.9921	1.3023	0.7080	0.0581s	1.2086	0.7120	0.5831
89
0250	0.1739	0.9553	1.3048	0.7040	0.0582s	1.1900	0.7130	0.5819
90
0251	0.1302	0.9816	1.3982	0.7000	0.0589s	1.2578	0.7070	0.5784
91
0252	0.1578	0.9763	1.4160	0.6960	0.0583s	1.2658	0.7030	0.5745
92
0253	0.1431	0.9763	1.3959	0.7120	0.0582s	1.2500	0.7060	0.5762
93
0254	0.1402	0.9816	1.3759	0.7080	0.0586s	1.2404	0.7040	0.5815
94
0255	0.1243	0.9816	1.3966	0.7180	0.0596s	1.2655	0.7050	0.5880
95
0256	0.1453	0.9684	1.3942	0.7220	0.0584s	1.2570	0.7050	0.5845
96
0257	0.1346	0.9789	1.4115	0.7100	0.0582s	1.2743	0.7040	0.5715
97
0258	0.1341	0.9684	1.4427	0.7100	0.0589s	1.3219	0.6990	0.5630
98
0259	0.1287	0.9789	1.4057	0.7120	0.0582s	1.3103	0.6950	0.5660
99
0260	0.1593	0.9684	1.3867	0.7180	0.0581s	1.2807	0.6900	0.5639
100
0261	0.1682	0.9684	1.4127	0.7040	0.0590s	1.2658	0.6970	0.5772
101
0262	0.1617	0.9763	1.4066	0.7000	0.0582s	1.2331	0.7060	0.5828
102
0263	0.1492	0.9632	1.4051	0.7100	0.0590s	1.2591	0.7080	0.5848
103
0264	0.1468	0.9947	1.4759	0.7020	0.0584s	1.3466	0.7000	0.5794
104
0265	0.1543	0.9684	1.4704	0.7000	0.0581s	1.3288	0.6980	0.5760
105
0266	0.1417	0.9789	1.4881	0.6960	0.0581s	1.3366	0.6940	0.5710
106
0267	0.1387	0.9737	1.4324	0.7040	0.0582s	1.2901	0.7020	0.5781
107
0268	0.1349	0.9842	1.3851	0.7120	0.0589s	1.2597	0.6980	0.5768
108
0269	0.1382	0.9763	1.3777	0.7080	0.0582s	1.2696	0.7110	0.5893
109
0270	0.1463	0.9842	1.3365	0.7140	0.0582s	1.2281	0.7220	0.5900
110
0271	0.1463	0.9737	1.4057	0.7060	0.0596s	1.2570	0.7040	0.5768
111
0272	0.1440	0.9816	1.5368	0.7020	0.0584s	1.3655	0.6970	0.5764
112
0273	0.1518	0.9605	1.4764	0.7120	0.0584s	1.3356	0.6970	0.5860
113
0274	0.1288	0.9763	1.4736	0.7060	0.0582s	1.3554	0.6960	0.5880
114
0275	0.1521	0.9737	1.3812	0.7180	0.0583s	1.2653	0.7050	0.5980
115
0276	0.1277	0.9789	1.4159	0.7080	0.0583s	1.2656	0.7050	0.5702
116
0277	0.1594	0.9658	1.4059	0.7080	0.0581s	1.2561	0.7110	0.5734
117
0278	0.1539	0.9789	1.4283	0.7080	0.0583s	1.2831	0.6990	0.5636
118
0279	0.1627	0.9579	1.4630	0.7160	0.0621s	1.3586	0.6950	0.5588
119
0280	0.1440	0.9737	1.4655	0.7040	0.0584s	1.3755	0.6930	0.5725
120
0281	0.1511	0.9711	1.4073	0.7080	0.0583s	1.2988	0.6920	0.5712
121
0282	0.1448	0.9842	1.4029	0.7060	0.0583s	1.2793	0.6910	0.5749
122
0283	0.1978	0.9526	1.4472	0.7120	0.0581s	1.3180	0.6920	0.5725
123
0284	0.1684	0.9737	1.5536	0.7020	0.0582s	1.4741	0.6910	0.5787
124
0285	0.1961	0.9553	1.3939	0.6960	0.0583s	1.2683	0.7050	0.5783
125
0286	0.1589	0.9763	1.5167	0.6720	0.0580s	1.4032	0.6750	0.5508
126
0287	0.2440	0.9395	1.5364	0.7000	0.0582s	1.4322	0.6750	0.5647
127
0288	0.1590	0.9684	1.6623	0.7000	0.0583s	1.5961	0.6780	0.5666
128
0289	0.2293	0.9395	1.4596	0.7120	0.0585s	1.3725	0.7020	0.5771
129
0290	0.1827	0.9632	1.3372	0.6960	0.0584s	1.2279	0.7100	0.5770
130
0291	0.1587	0.9632	1.3488	0.6980	0.0582s	1.2279	0.6890	0.5625
131
0292	0.1833	0.9658	1.4572	0.6980	0.0588s	1.3216	0.6870	0.5650
132
0293	0.1594	0.9711	1.5130	0.6900	0.0583s	1.4016	0.6810	0.5637
133
0294	0.1527	0.9737	1.4128	0.7120	0.0584s	1.3162	0.7020	0.5798
134
0295	0.1497	0.9789	1.3505	0.7120	0.0582s	1.2397	0.7080	0.5876
135
0296	0.1625	0.9711	1.3288	0.7040	0.0581s	1.1929	0.7000	0.5782
136
0297	0.1483	0.9711	1.2538	0.7060	0.0582s	1.1176	0.7170	0.5834
137
0298	0.1316	0.9816	1.3281	0.6820	0.0583s	1.1793	0.7100	0.5789
138
0299	0.1348	0.9842	1.3991	0.7000	0.0585s	1.2438	0.6980	0.5708
139
0300	0.1565	0.9842	1.4361	0.6960	0.0583s	1.2935	0.6860	0.5673
140
0301	0.1499	0.9684	1.4290	0.6960	0.0603s	1.2908	0.6880	0.5674
141
0302	0.1498	0.9895	1.3574	0.7040	0.0600s	1.2225	0.7120	0.5801
142
0303	0.1709	0.9684	1.3337	0.7180	0.0592s	1.2178	0.7130	0.5816
143
0304	0.1467	0.9711	1.3932	0.7060	0.0582s	1.2795	0.6980	0.5738
144
0305	0.1509	0.9763	1.4494	0.6940	0.0584s	1.3212	0.7030	0.5805
145
0306	0.1625	0.9684	1.4293	0.6920	0.0583s	1.2835	0.6960	0.5624
146
0307	0.1266	0.9842	1.5021	0.6960	0.0581s	1.3329	0.6960	0.5632
147
0308	0.1561	0.9789	1.5046	0.7120	0.0582s	1.3202	0.6950	0.5680
148
0309	0.1679	0.9658	1.4053	0.7080	0.0592s	1.2570	0.6980	0.5680
149
0310	0.1341	0.9763	1.4091	0.7040	0.0641s	1.2632	0.7070	0.5826
150
0311	0.1648	0.9737	1.5297	0.6900	0.0579s	1.3813	0.6940	0.5838
151
0312	0.1562	0.9816	1.5644	0.7020	0.0585s	1.4279	0.6840	0.5754
152
0313	0.1368	0.9737	1.5429	0.7180	0.0584s	1.4237	0.6890	0.5675
153
0314	0.1741	0.9658	1.4302	0.7120	0.0583s	1.3113	0.7090	0.5797
154
0315	0.1378	0.9763	1.4026	0.6920	0.0582s	1.3143	0.7000	0.5737
155
0316	0.1329	0.9816	1.4274	0.6820	0.0586s	1.3067	0.7050	0.5776
156
0317	0.1642	0.9658	1.5103	0.6960	0.0582s	1.3636	0.6880	0.5753
157
0318	0.1308	0.9763	1.6182	0.7080	0.0584s	1.4484	0.6900	0.5776
158
0319	0.1539	0.9684	1.5731	0.7040	0.0582s	1.4080	0.6960	0.5739
159
0320	0.1429	0.9658	1.4587	0.7040	0.0582s	1.3376	0.7020	0.5708
160
0321	0.1285	0.9737	1.4960	0.6800	0.0583s	1.3885	0.6930	0.5629
161
0322	0.1589	0.9711	1.4642	0.6980	0.0582s	1.3368	0.7020	0.5744
162
0323	0.1390	0.9737	1.5200	0.7020	0.0584s	1.3949	0.6920	0.5736
163
0324	0.1350	0.9763	1.5418	0.6960	0.0584s	1.4037	0.6850	0.5746
164
0325	0.1647	0.9658	1.4571	0.7140	0.0583s	1.3022	0.7030	0.5791
165
0326	0.1248	0.9816	1.5504	0.6900	0.0599s	1.4133	0.6960	0.5745
166
0327	0.1606	0.9816	1.4875	0.6860	0.0581s	1.3209	0.7030	0.5724
167
0328	0.1406	0.9789	1.5443	0.6940	0.0583s	1.3791	0.6950	0.5667
168
0329	0.1483	0.9658	1.5145	0.7000	0.0584s	1.3785	0.6840	0.5649
169
0330	0.1663	0.9684	1.4286	0.7020	0.0581s	1.2851	0.6970	0.5727
170
0331	0.1529	0.9789	1.4164	0.7040	0.0582s	1.2844	0.7060	0.5819
171
0332	0.1517	0.9658	1.5437	0.6960	0.0584s	1.4016	0.7010	0.5774
172
0333	0.1491	0.9789	1.6341	0.7040	0.0583s	1.4716	0.6920	0.5867
173
0334	0.1681	0.9658	1.6403	0.6860	0.0582s	1.4647	0.6790	0.5819
174
0335	0.1789	0.9658	1.4100	0.6960	0.0582s	1.2783	0.6980	0.5803
175
0336	0.1362	0.9789	1.3102	0.6980	0.0586s	1.1989	0.7060	0.5718
176
0337	0.1380	0.9684	1.3171	0.6920	0.0584s	1.1986	0.7090	0.5777
177
0338	0.1461	0.9658	1.3918	0.6940	0.0582s	1.2603	0.6990	0.5753
178
0339	0.1333	0.9842	1.4941	0.7020	0.0594s	1.3425	0.6940	0.5747
179
0340	0.1405	0.9789	1.6173	0.6960	0.0593s	1.4387	0.6770	0.5620
180
0341	0.1261	0.9789	1.5933	0.7060	0.0585s	1.4135	0.6850	0.5715
181
0342	0.1565	0.9816	1.4074	0.7020	0.0582s	1.2321	0.6960	0.5724
182
0343	0.1361	0.9816	1.3439	0.6980	0.0594s	1.1880	0.7010	0.5778
183
0344	0.1248	0.9816	1.3441	0.6980	0.0623s	1.2072	0.7100	0.5879
184
0345	0.1311	0.9789	1.4246	0.6980	0.0635s	1.2884	0.6930	0.5753
185
0346	0.1568	0.9632	1.5669	0.6960	0.0612s	1.4151	0.6800	0.5655
186
0347	0.1447	0.9658	1.5819	0.7000	0.0611s	1.4272	0.6820	0.5613
187
0348	0.1334	0.9842	1.5245	0.7020	0.0608s	1.3528	0.6840	0.5617
188
0349	0.1653	0.9605	1.4300	0.7020	0.0605s	1.2991	0.6920	0.5702
189
0350	0.1266	0.9842	1.5376	0.6740	0.0592s	1.3888	0.6900	0.5741
190
0351	0.1520	0.9579	1.4751	0.6920	0.0584s	1.3346	0.6970	0.5793
191
0352	0.1474	0.9658	1.4686	0.7060	0.0590s	1.3091	0.7030	0.5848
192
0353	0.1336	0.9711	1.5658	0.6960	0.0603s	1.3656	0.6930	0.5790
193
0354	0.1714	0.9684	1.5015	0.6820	0.0581s	1.3040	0.7080	0.5852
194
0355	0.1196	0.9763	1.5290	0.6740	0.0582s	1.3485	0.6850	0.5609
195
0356	0.1486	0.9632	1.4977	0.6840	0.0603s	1.3425	0.6940	0.5643
196
0357	0.1366	0.9763	1.4609	0.6920	0.0590s	1.3126	0.6970	0.5727
197
0358	0.1314	0.9789	1.4672	0.7120	0.0582s	1.3042	0.7080	0.5873
198
0359	0.1332	0.9737	1.5121	0.7180	0.0583s	1.3359	0.7010	0.5837
199
Early stop! Min loss:1.2189908027648926,  Max accuracy:0.738
Early stop model validation loss:1.2189908027648926,  accuracy:0.71
Optimization Finished!
Total time elapsed: 21.1745s
test max acc:0.7230
Loading 158th epoch
stru_node_to_hop attention:tensor([[0.2441, 0.2517, 0.2520, 0.2522],
        [0.2494, 0.2501, 0.2502, 0.2502],
        [0.2468, 0.2517, 0.2509, 0.2507],
        [0.2477, 0.2496, 0.2511, 0.2516],
        [0.2281, 0.2621, 0.2571, 0.2527],
        [0.2490, 0.2502, 0.2506, 0.2503],
        [0.2488, 0.2504, 0.2505, 0.2503],
        [0.2389, 0.2560, 0.2527, 0.2524],
        [0.2440, 0.2516, 0.2520, 0.2524],
        [0.2433, 0.2516, 0.2524, 0.2527],
        [0.2469, 0.2504, 0.2513, 0.2514],
        [0.2427, 0.2515, 0.2528, 0.2530],
        [0.2468, 0.2517, 0.2512, 0.2503],
        [0.2195, 0.2539, 0.2641, 0.2625],
        [0.2395, 0.2449, 0.2593, 0.2562],
        [0.2500, 0.2500, 0.2500, 0.2500],
        [0.2500, 0.2500, 0.2500, 0.2500],
        [0.2500, 0.2500, 0.2500, 0.2500],
        [0.2504, 0.2493, 0.2502, 0.2500],
        [0.2499, 0.2500, 0.2500, 0.2500],
        [0.2422, 0.2508, 0.2532, 0.2538],
        [0.2499, 0.2499, 0.2501, 0.2501],
        [0.2500, 0.2500, 0.2500, 0.2500],
        [0.2500, 0.2500, 0.2500, 0.2500],
        [0.2485, 0.2506, 0.2504, 0.2504],
        [0.2500, 0.2500, 0.2500, 0.2500],
        [0.2502, 0.2499, 0.2499, 0.2499],
        [0.2499, 0.2500, 0.2501, 0.2501],
        [0.2500, 0.2500, 0.2500, 0.2500],
        [0.2499, 0.2500, 0.2500, 0.2500],
        [0.2357, 0.2529, 0.2553, 0.2560],
        [0.2470, 0.2505, 0.2512, 0.2513],
        [0.2499, 0.2501, 0.2500, 0.2500],
        [0.2453, 0.2504, 0.2523, 0.2519],
        [0.2505, 0.2486, 0.2500, 0.2509],
        [0.2499, 0.2500, 0.2500, 0.2501],
        [0.2495, 0.2499, 0.2503, 0.2503],
        [0.2486, 0.2498, 0.2506, 0.2510],
        [0.2495, 0.2501, 0.2502, 0.2502],
        [0.2502, 0.2499, 0.2500, 0.2499],
        [0.2492, 0.2501, 0.2503, 0.2505],
        [0.2469, 0.2507, 0.2513, 0.2511],
        [0.2470, 0.2496, 0.2514, 0.2521],
        [0.2500, 0.2500, 0.2500, 0.2500],
        [0.2504, 0.2498, 0.2499, 0.2500],
        [0.1640, 0.3643, 0.2545, 0.2173],
        [0.2499, 0.2500, 0.2501, 0.2500],
        [0.2484, 0.2498, 0.2508, 0.2511],
        [0.2500, 0.2500, 0.2500, 0.2500],
        [0.2953, 0.2494, 0.2283, 0.2269],
        [0.2497, 0.2501, 0.2501, 0.2501],
        [0.2500, 0.2500, 0.2500, 0.2500],
        [0.2499, 0.2501, 0.2500, 0.2500],
        [0.2383, 0.2457, 0.2588, 0.2572],
        [0.2493, 0.2500, 0.2503, 0.2504],
        [0.2448, 0.2455, 0.2543, 0.2554],
        [0.2472, 0.2288, 0.2601, 0.2639],
        [0.2500, 0.2500, 0.2500, 0.2500],
        [0.2500, 0.2500, 0.2500, 0.2500],
        [0.2500, 0.2500, 0.2500, 0.2500],
        [0.2482, 0.2505, 0.2506, 0.2507],
        [0.2497, 0.2501, 0.2501, 0.2501],
        [0.2500, 0.2500, 0.2500, 0.2500],
        [0.2499, 0.2500, 0.2500, 0.2500],
        [0.2481, 0.2505, 0.2507, 0.2507],
        [0.2501, 0.2472, 0.2515, 0.2512],
        [0.2499, 0.2500, 0.2500, 0.2500],
        [0.2496, 0.2500, 0.2502, 0.2502],
        [0.2510, 0.2491, 0.2499, 0.2500],
        [0.2500, 0.2500, 0.2500, 0.2500],
        [0.2500, 0.2500, 0.2500, 0.2500],
        [0.2421, 0.2514, 0.2533, 0.2533],
        [0.2436, 0.2506, 0.2531, 0.2527],
        [0.2500, 0.2500, 0.2500, 0.2500],
        [0.2499, 0.2500, 0.2500, 0.2500],
        [0.2500, 0.2500, 0.2500, 0.2500],
        [0.2499, 0.2500, 0.2500, 0.2500],
        [0.2392, 0.2500, 0.2545, 0.2563],
        [0.2500, 0.2500, 0.2500, 0.2500],
        [0.2494, 0.2503, 0.2501, 0.2502],
        [0.2346, 0.2562, 0.2542, 0.2550],
        [0.2478, 0.2510, 0.2507, 0.2505],
        [0.2498, 0.2499, 0.2501, 0.2501],
        [0.2500, 0.2500, 0.2500, 0.2500],
        [0.2493, 0.2493, 0.2506, 0.2508],
        [0.2473, 0.2504, 0.2513, 0.2510],
        [0.2488, 0.2519, 0.2496, 0.2498],
        [0.2500, 0.2500, 0.2500, 0.2500],
        [0.2500, 0.2500, 0.2500, 0.2500],
        [0.2500, 0.2500, 0.2500, 0.2500],
        [0.2501, 0.2500, 0.2500, 0.2500],
        [0.2500, 0.2500, 0.2500, 0.2500],
        [0.2500, 0.2500, 0.2500, 0.2500],
        [0.2497, 0.2500, 0.2501, 0.2501],
        [0.2491, 0.2502, 0.2504, 0.2503],
        [0.2498, 0.2500, 0.2501, 0.2501],
        [0.2479, 0.2500, 0.2512, 0.2510],
        [0.2437, 0.2521, 0.2521, 0.2521],
        [0.2500, 0.2500, 0.2500, 0.2500],
        [0.2506, 0.2504, 0.2495, 0.2495]], device='cuda:1')
fea_node_to_hop attention:tensor([[0.1421, 0.1429, 0.1432, 0.1429, 0.1431, 0.1430, 0.1429],
        [0.1430, 0.1430, 0.1430, 0.1429, 0.1428, 0.1427, 0.1427],
        [0.1407, 0.1431, 0.1433, 0.1433, 0.1432, 0.1432, 0.1431],
        [0.1421, 0.1428, 0.1430, 0.1430, 0.1430, 0.1430, 0.1430],
        [0.1301, 0.1488, 0.1480, 0.1459, 0.1439, 0.1423, 0.1410],
        [0.1426, 0.1426, 0.1429, 0.1430, 0.1430, 0.1429, 0.1429],
        [0.1417, 0.1429, 0.1431, 0.1431, 0.1431, 0.1431, 0.1431],
        [0.1383, 0.1443, 0.1433, 0.1435, 0.1435, 0.1435, 0.1435],
        [0.1400, 0.1427, 0.1433, 0.1435, 0.1435, 0.1435, 0.1435],
        [0.1406, 0.1430, 0.1432, 0.1433, 0.1433, 0.1433, 0.1433],
        [0.1411, 0.1430, 0.1431, 0.1432, 0.1432, 0.1432, 0.1432],
        [0.1401, 0.1433, 0.1434, 0.1434, 0.1433, 0.1433, 0.1432],
        [0.1407, 0.1436, 0.1435, 0.1433, 0.1431, 0.1430, 0.1428],
        [0.1313, 0.1424, 0.1446, 0.1453, 0.1453, 0.1455, 0.1456],
        [0.1354, 0.1401, 0.1445, 0.1449, 0.1451, 0.1451, 0.1449],
        [0.1429, 0.1429, 0.1429, 0.1429, 0.1429, 0.1429, 0.1429],
        [0.1429, 0.1429, 0.1429, 0.1429, 0.1429, 0.1429, 0.1429],
        [0.1429, 0.1429, 0.1429, 0.1429, 0.1429, 0.1429, 0.1429],
        [0.1424, 0.1427, 0.1430, 0.1430, 0.1430, 0.1430, 0.1429],
        [0.1427, 0.1429, 0.1429, 0.1429, 0.1429, 0.1429, 0.1429],
        [0.1393, 0.1435, 0.1435, 0.1435, 0.1434, 0.1434, 0.1434],
        [0.1428, 0.1429, 0.1429, 0.1429, 0.1429, 0.1429, 0.1429],
        [0.1428, 0.1429, 0.1429, 0.1429, 0.1429, 0.1429, 0.1429],
        [0.1429, 0.1429, 0.1429, 0.1429, 0.1429, 0.1429, 0.1429],
        [0.1418, 0.1430, 0.1431, 0.1430, 0.1430, 0.1430, 0.1430],
        [0.1428, 0.1429, 0.1429, 0.1429, 0.1429, 0.1429, 0.1429],
        [0.1430, 0.1428, 0.1428, 0.1428, 0.1428, 0.1428, 0.1428],
        [0.1428, 0.1429, 0.1429, 0.1429, 0.1429, 0.1429, 0.1429],
        [0.1428, 0.1429, 0.1429, 0.1429, 0.1429, 0.1429, 0.1429],
        [0.1428, 0.1429, 0.1429, 0.1429, 0.1429, 0.1429, 0.1429],
        [0.1359, 0.1431, 0.1439, 0.1442, 0.1443, 0.1443, 0.1443],
        [0.1400, 0.1432, 0.1432, 0.1434, 0.1434, 0.1434, 0.1434],
        [0.1428, 0.1429, 0.1429, 0.1429, 0.1429, 0.1429, 0.1429],
        [0.1392, 0.1428, 0.1440, 0.1437, 0.1436, 0.1434, 0.1432],
        [0.1411, 0.1433, 0.1433, 0.1432, 0.1431, 0.1430, 0.1430],
        [0.1428, 0.1429, 0.1429, 0.1429, 0.1429, 0.1429, 0.1429],
        [0.1426, 0.1428, 0.1429, 0.1429, 0.1429, 0.1429, 0.1429],
        [0.1388, 0.1433, 0.1434, 0.1436, 0.1436, 0.1437, 0.1437],
        [0.1426, 0.1429, 0.1429, 0.1429, 0.1429, 0.1429, 0.1429],
        [0.1429, 0.1428, 0.1428, 0.1428, 0.1429, 0.1429, 0.1429],
        [0.1423, 0.1428, 0.1429, 0.1430, 0.1430, 0.1430, 0.1430],
        [0.1418, 0.1433, 0.1431, 0.1430, 0.1430, 0.1429, 0.1429],
        [0.1400, 0.1429, 0.1432, 0.1434, 0.1435, 0.1435, 0.1435],
        [0.1428, 0.1429, 0.1429, 0.1429, 0.1429, 0.1429, 0.1429],
        [0.1421, 0.1425, 0.1431, 0.1431, 0.1431, 0.1431, 0.1431],
        [0.1282, 0.1515, 0.1454, 0.1463, 0.1435, 0.1429, 0.1421],
        [0.1427, 0.1429, 0.1429, 0.1429, 0.1429, 0.1429, 0.1429],
        [0.1417, 0.1434, 0.1430, 0.1430, 0.1430, 0.1430, 0.1430],
        [0.1429, 0.1429, 0.1429, 0.1429, 0.1429, 0.1429, 0.1429],
        [0.1655, 0.1612, 0.1500, 0.1381, 0.1322, 0.1279, 0.1251],
        [0.1426, 0.1429, 0.1429, 0.1429, 0.1429, 0.1429, 0.1429],
        [0.1428, 0.1429, 0.1429, 0.1429, 0.1429, 0.1429, 0.1429],
        [0.1429, 0.1429, 0.1429, 0.1429, 0.1429, 0.1429, 0.1429],
        [0.1327, 0.1414, 0.1443, 0.1453, 0.1455, 0.1455, 0.1453],
        [0.1424, 0.1429, 0.1430, 0.1430, 0.1429, 0.1429, 0.1429],
        [0.1306, 0.1430, 0.1448, 0.1458, 0.1457, 0.1453, 0.1448],
        [0.1403, 0.1349, 0.1453, 0.1452, 0.1454, 0.1448, 0.1443],
        [0.1428, 0.1429, 0.1429, 0.1429, 0.1429, 0.1429, 0.1429],
        [0.1428, 0.1429, 0.1429, 0.1429, 0.1429, 0.1429, 0.1429],
        [0.1428, 0.1429, 0.1429, 0.1429, 0.1429, 0.1429, 0.1429],
        [0.1420, 0.1430, 0.1430, 0.1430, 0.1430, 0.1430, 0.1429],
        [0.1427, 0.1429, 0.1429, 0.1429, 0.1429, 0.1429, 0.1429],
        [0.1429, 0.1429, 0.1429, 0.1429, 0.1429, 0.1429, 0.1429],
        [0.1428, 0.1429, 0.1429, 0.1429, 0.1429, 0.1429, 0.1429],
        [0.1421, 0.1430, 0.1430, 0.1430, 0.1430, 0.1430, 0.1430],
        [0.1398, 0.1424, 0.1435, 0.1436, 0.1436, 0.1436, 0.1435],
        [0.1428, 0.1429, 0.1429, 0.1429, 0.1429, 0.1429, 0.1429],
        [0.1430, 0.1427, 0.1428, 0.1429, 0.1429, 0.1429, 0.1429],
        [0.1428, 0.1429, 0.1429, 0.1429, 0.1429, 0.1429, 0.1429],
        [0.1429, 0.1429, 0.1429, 0.1429, 0.1429, 0.1429, 0.1429],
        [0.1429, 0.1429, 0.1429, 0.1429, 0.1429, 0.1429, 0.1429],
        [0.1393, 0.1431, 0.1433, 0.1436, 0.1436, 0.1436, 0.1436],
        [0.1396, 0.1429, 0.1434, 0.1435, 0.1435, 0.1435, 0.1436],
        [0.1429, 0.1429, 0.1429, 0.1429, 0.1429, 0.1429, 0.1429],
        [0.1428, 0.1429, 0.1429, 0.1429, 0.1429, 0.1429, 0.1429],
        [0.1429, 0.1429, 0.1429, 0.1429, 0.1429, 0.1429, 0.1429],
        [0.1428, 0.1429, 0.1429, 0.1429, 0.1429, 0.1429, 0.1429],
        [0.1373, 0.1439, 0.1441, 0.1439, 0.1437, 0.1436, 0.1435],
        [0.1429, 0.1428, 0.1428, 0.1428, 0.1428, 0.1428, 0.1428],
        [0.1425, 0.1429, 0.1429, 0.1429, 0.1429, 0.1429, 0.1429],
        [0.1335, 0.1451, 0.1440, 0.1444, 0.1443, 0.1443, 0.1443],
        [0.1402, 0.1435, 0.1434, 0.1433, 0.1432, 0.1432, 0.1432],
        [0.1427, 0.1429, 0.1429, 0.1429, 0.1429, 0.1429, 0.1429],
        [0.1428, 0.1429, 0.1429, 0.1429, 0.1429, 0.1429, 0.1429],
        [0.1416, 0.1429, 0.1431, 0.1431, 0.1431, 0.1431, 0.1431],
        [0.1411, 0.1426, 0.1430, 0.1432, 0.1433, 0.1434, 0.1434],
        [0.1424, 0.1425, 0.1429, 0.1430, 0.1431, 0.1431, 0.1432],
        [0.1429, 0.1429, 0.1429, 0.1429, 0.1429, 0.1429, 0.1429],
        [0.1428, 0.1429, 0.1429, 0.1429, 0.1429, 0.1429, 0.1429],
        [0.1429, 0.1429, 0.1429, 0.1429, 0.1429, 0.1429, 0.1429],
        [0.1429, 0.1429, 0.1429, 0.1429, 0.1429, 0.1429, 0.1429],
        [0.1429, 0.1429, 0.1429, 0.1429, 0.1429, 0.1429, 0.1429],
        [0.1428, 0.1429, 0.1429, 0.1429, 0.1429, 0.1429, 0.1429],
        [0.1428, 0.1429, 0.1429, 0.1429, 0.1429, 0.1429, 0.1429],
        [0.1424, 0.1429, 0.1430, 0.1429, 0.1429, 0.1429, 0.1429],
        [0.1427, 0.1429, 0.1429, 0.1429, 0.1429, 0.1429, 0.1429],
        [0.1414, 0.1424, 0.1425, 0.1432, 0.1434, 0.1435, 0.1435],
        [0.1392, 0.1433, 0.1435, 0.1435, 0.1435, 0.1435, 0.1435],
        [0.1429, 0.1429, 0.1429, 0.1429, 0.1429, 0.1429, 0.1429],
        [0.1440, 0.1430, 0.1427, 0.1426, 0.1426, 0.1426, 0.1425]],
       device='cuda:1')
perception attention:tensor([0.4681, 0.5319], device='cuda:1')
Test set results: loss= 1.1473 accuracy= 0.7030 F1_score= 0.5725
