# epoch	loss_train	acc_train	loss_val	acc_val	time	acc_test	f1_test
0001	2.9506	0.0579	6.4061	0.1200	0.0499s	6.1104	0.1270	0.0228
0
0002	6.4809	0.1368	5.9680	0.2520	0.0503s	5.5846	0.2820	0.0654
0
0003	6.2427	0.2395	4.4762	0.1800	0.0503s	4.2479	0.1860	0.0320
0
0004	4.4966	0.1553	2.9586	0.1200	0.0505s	2.8556	0.1300	0.0986
0
0005	2.8734	0.1474	2.5913	0.2720	0.0584s	2.5369	0.2860	0.1773
0
0006	2.4867	0.3158	2.3997	0.3720	0.0521s	2.3543	0.3820	0.1991
0
0007	2.3038	0.3842	2.2100	0.4120	0.0698s	2.1473	0.4700	0.2881
0
0008	2.1343	0.4447	2.0431	0.4560	0.0583s	1.9575	0.4720	0.3133
0
0009	1.9743	0.4368	1.9342	0.4160	0.0750s	1.8381	0.4450	0.2850
0
0010	1.8307	0.4342	1.7636	0.5080	0.0601s	1.6780	0.5250	0.3460
0
0011	1.6436	0.5263	1.6876	0.5240	0.0593s	1.6090	0.5330	0.3668
0
0012	1.5468	0.5079	1.6114	0.5500	0.0598s	1.4952	0.6120	0.4461
0
0013	1.4139	0.5868	1.6040	0.5180	0.0594s	1.4342	0.5810	0.4095
0
0014	1.3196	0.5816	1.6193	0.5040	0.0755s	1.4407	0.5760	0.4040
0
0015	1.2650	0.5684	1.5837	0.5280	0.0618s	1.4086	0.5960	0.4367
1
0016	1.1756	0.6289	1.5299	0.5840	0.0596s	1.3437	0.6400	0.4752
0
0017	1.0971	0.6553	1.4844	0.6060	0.0593s	1.3088	0.6510	0.4734
0
0018	1.0582	0.6711	1.4428	0.6080	0.0594s	1.2851	0.6640	0.4976
0
0019	0.9930	0.6711	1.4595	0.5880	0.0595s	1.2949	0.6460	0.4838
0
0020	0.9102	0.7158	1.4351	0.5980	0.0592s	1.2749	0.6640	0.4910
1
0021	0.8846	0.7132	1.4091	0.6280	0.0604s	1.2687	0.6570	0.5005
0
0022	0.8112	0.7421	1.3570	0.6360	0.0602s	1.2303	0.6840	0.5425
0
0023	0.7705	0.7500	1.3414	0.6300	0.0606s	1.2108	0.6930	0.5438
0
0024	0.7349	0.7921	1.3955	0.6200	0.0605s	1.2735	0.6490	0.5200
0
0025	0.7164	0.7421	1.3208	0.6460	0.0602s	1.2241	0.6690	0.5343
1
0026	0.6368	0.7974	1.3344	0.6540	0.0587s	1.2247	0.6620	0.5036
0
0027	0.6073	0.8211	1.3578	0.6520	0.0541s	1.2428	0.6640	0.5186
0
0028	0.5606	0.8053	1.3334	0.6800	0.0514s	1.2258	0.6800	0.5553
1
0029	0.5374	0.8526	1.3175	0.6700	0.0795s	1.2074	0.6860	0.5507
0
0030	0.5093	0.8289	1.2874	0.6840	0.0599s	1.1790	0.6830	0.5518
0
0031	0.4809	0.8763	1.3324	0.6680	0.0587s	1.2339	0.6900	0.5621
0
0032	0.4633	0.9079	1.3977	0.6620	0.0588s	1.2919	0.6740	0.5585
1
0033	0.4524	0.8737	1.3522	0.6660	0.0586s	1.2467	0.6700	0.5542
2
0034	0.4099	0.8868	1.2733	0.6920	0.0584s	1.1767	0.6960	0.5663
3
0035	0.4106	0.9000	1.3059	0.6980	0.0899s	1.1939	0.6970	0.5700
0
0036	0.3853	0.9026	1.3888	0.7000	0.0725s	1.2694	0.6900	0.5792
0
0037	0.3875	0.9026	1.3612	0.6940	0.0718s	1.2659	0.6890	0.5837
0
0038	0.3401	0.9000	1.2907	0.7040	0.0719s	1.2242	0.6920	0.5881
1
0039	0.3592	0.9053	1.3628	0.6680	0.0731s	1.2739	0.6740	0.5590
0
0040	0.3182	0.9237	1.3867	0.6780	0.0718s	1.2976	0.6820	0.5602
1
0041	0.2924	0.9447	1.3922	0.6900	0.0732s	1.3346	0.6860	0.5746
2
0042	0.3727	0.9105	1.3940	0.6760	0.0735s	1.2943	0.6810	0.5575
3
0043	0.2897	0.9316	1.3821	0.6800	0.0723s	1.2639	0.6930	0.5706
4
0044	0.3140	0.9368	1.3740	0.7020	0.0733s	1.2491	0.7050	0.5715
5
0045	0.2835	0.9237	1.4256	0.6960	0.0724s	1.3004	0.6870	0.5638
6
0046	0.3099	0.9342	1.3991	0.6820	0.0721s	1.2657	0.6890	0.5621
7
0047	0.2760	0.9447	1.4091	0.6860	0.0725s	1.2902	0.6840	0.5645
8
0048	0.2776	0.9289	1.4447	0.7040	0.0722s	1.3549	0.6910	0.5705
9
0049	0.2914	0.9316	1.4494	0.6960	0.0723s	1.3757	0.6870	0.5919
0
0050	0.2870	0.9500	1.4097	0.6820	0.0714s	1.3112	0.6860	0.5743
1
0051	0.2585	0.9474	1.4072	0.6800	0.0635s	1.2980	0.6800	0.5496
2
0052	0.2964	0.9158	1.4056	0.7040	0.0598s	1.2830	0.6970	0.5536
3
0053	0.2572	0.9474	1.4286	0.7140	0.0622s	1.3115	0.7030	0.5762
0
0054	0.2698	0.9289	1.5249	0.6960	0.0598s	1.4005	0.6920	0.5744
0
0055	0.2757	0.9263	1.4333	0.6880	0.0594s	1.3156	0.6770	0.5545
1
0056	0.2227	0.9605	1.4169	0.6960	0.0599s	1.2966	0.6840	0.5552
2
0057	0.2579	0.9316	1.3699	0.6980	0.0590s	1.2543	0.6900	0.5598
3
0058	0.2402	0.9632	1.3716	0.7060	0.0591s	1.2607	0.6980	0.5776
4
0059	0.2413	0.9421	1.4701	0.6840	0.0592s	1.3467	0.6940	0.5835
5
0060	0.2509	0.9316	1.4431	0.6960	0.0591s	1.3305	0.6930	0.5739
6
0061	0.2318	0.9500	1.4317	0.7040	0.0590s	1.3171	0.6880	0.5680
7
0062	0.2422	0.9342	1.3476	0.7060	0.0588s	1.2411	0.7010	0.5652
8
0063	0.2197	0.9632	1.3185	0.7100	0.0598s	1.2276	0.7070	0.5779
9
0064	0.2622	0.9316	1.3837	0.7040	0.0584s	1.2805	0.6960	0.5692
10
0065	0.2352	0.9500	1.4836	0.6960	0.0581s	1.3647	0.6840	0.5631
11
0066	0.2171	0.9500	1.4954	0.6920	0.0584s	1.3815	0.6800	0.5634
12
0067	0.2537	0.9500	1.3497	0.7040	0.0599s	1.2512	0.7040	0.5775
13
0068	0.2162	0.9526	1.2658	0.7100	0.0581s	1.1796	0.7100	0.5756
14
0069	0.2413	0.9447	1.4215	0.6940	0.0588s	1.3346	0.6870	0.5728
0
0070	0.2375	0.9526	1.5869	0.6880	0.0582s	1.4793	0.6790	0.5730
1
0071	0.2513	0.9553	1.5032	0.6860	0.0583s	1.3978	0.6780	0.5745
2
0072	0.2123	0.9579	1.2941	0.7040	0.0582s	1.2178	0.7050	0.5786
3
0073	0.2091	0.9421	1.2712	0.7060	0.0583s	1.2105	0.7040	0.5761
4
0074	0.2345	0.9553	1.3390	0.7080	0.0583s	1.2581	0.6980	0.5690
5
0075	0.2220	0.9579	1.4310	0.7000	0.0582s	1.3329	0.6900	0.5821
6
0076	0.2044	0.9684	1.4764	0.6880	0.0581s	1.3523	0.6870	0.5704
7
0077	0.2266	0.9579	1.3502	0.7100	0.0582s	1.2362	0.7030	0.5773
8
0078	0.2128	0.9579	1.2880	0.7160	0.0582s	1.1831	0.7220	0.5890
9
0079	0.2138	0.9526	1.2782	0.7240	0.0584s	1.1821	0.7100	0.5804
0
0080	0.2013	0.9763	1.3335	0.7100	0.0582s	1.2502	0.6930	0.5797
0
0081	0.1991	0.9737	1.4461	0.6860	0.0583s	1.3488	0.6820	0.5541
1
0082	0.2198	0.9553	1.3932	0.6980	0.0584s	1.2929	0.6960	0.5593
2
0083	0.2145	0.9421	1.3671	0.7120	0.0583s	1.2604	0.7010	0.5768
3
0084	0.2138	0.9763	1.3630	0.7100	0.0583s	1.2520	0.7020	0.5706
4
0085	0.2316	0.9711	1.3178	0.7200	0.0593s	1.2231	0.7020	0.5958
5
0086	0.2140	0.9553	1.3936	0.7020	0.0583s	1.2870	0.7010	0.5986
6
0087	0.2220	0.9421	1.3572	0.7140	0.0582s	1.2525	0.6960	0.5818
7
0088	0.2127	0.9579	1.4411	0.6900	0.0581s	1.3272	0.6810	0.5590
8
0089	0.2142	0.9605	1.2957	0.7080	0.0592s	1.2051	0.7010	0.5689
9
0090	0.2268	0.9526	1.3474	0.6880	0.0582s	1.2622	0.6890	0.5674
10
0091	0.2276	0.9553	1.4208	0.7000	0.0582s	1.3211	0.6840	0.5706
11
0092	0.1950	0.9632	1.4216	0.7080	0.0596s	1.3162	0.6910	0.5679
12
0093	0.1966	0.9789	1.4536	0.6980	0.0584s	1.3338	0.6840	0.5621
13
0094	0.2180	0.9526	1.3586	0.6960	0.0582s	1.2505	0.6980	0.5647
14
0095	0.2316	0.9342	1.2785	0.6980	0.0581s	1.1801	0.7070	0.5855
15
0096	0.1876	0.9579	1.2807	0.7080	0.0611s	1.1845	0.7140	0.5863
16
0097	0.1790	0.9737	1.3560	0.6980	0.0583s	1.2482	0.6860	0.5627
17
0098	0.1915	0.9684	1.3645	0.7040	0.0582s	1.2505	0.7000	0.5748
18
0099	0.1972	0.9632	1.3780	0.7000	0.0588s	1.2709	0.7060	0.5842
19
0100	0.1884	0.9684	1.3560	0.7040	0.0581s	1.2579	0.7050	0.5868
20
0101	0.2066	0.9684	1.3317	0.7260	0.0584s	1.2668	0.6980	0.5746
21
0102	0.1935	0.9605	1.3500	0.7240	0.0582s	1.2722	0.6980	0.5765
0
0103	0.1969	0.9763	1.4301	0.6880	0.0581s	1.3028	0.7040	0.5756
1
0104	0.2023	0.9658	1.3867	0.7020	0.0582s	1.2490	0.7170	0.5873
2
0105	0.2004	0.9579	1.3354	0.7040	0.0581s	1.2053	0.7050	0.5718
3
0106	0.1908	0.9632	1.3432	0.7080	0.0586s	1.2332	0.7100	0.5889
4
0107	0.2103	0.9447	1.3073	0.7060	0.0583s	1.2069	0.7050	0.5757
5
0108	0.1733	0.9711	1.3339	0.7060	0.0584s	1.2275	0.6990	0.5774
6
0109	0.1825	0.9684	1.3626	0.7140	0.0584s	1.2466	0.7100	0.5852
7
0110	0.1769	0.9711	1.4245	0.6940	0.0585s	1.2929	0.6920	0.5746
8
0111	0.1877	0.9842	1.4315	0.6920	0.0596s	1.3051	0.6900	0.5753
9
0112	0.2024	0.9605	1.4199	0.6860	0.0583s	1.2747	0.6990	0.5802
10
0113	0.1751	0.9632	1.3526	0.6960	0.0585s	1.2150	0.7050	0.5812
11
0114	0.1772	0.9605	1.4345	0.6940	0.0583s	1.2906	0.6940	0.5682
12
0115	0.1921	0.9632	1.4724	0.6940	0.0582s	1.3532	0.6830	0.5682
13
0116	0.2070	0.9632	1.3837	0.7020	0.0582s	1.2762	0.6810	0.5657
14
0117	0.1614	0.9658	1.3097	0.6960	0.0628s	1.2015	0.7000	0.5834
15
0118	0.1902	0.9526	1.2726	0.7100	0.0650s	1.1463	0.7270	0.5945
16
0119	0.2035	0.9605	1.4554	0.7080	0.0619s	1.3149	0.6870	0.5633
17
0120	0.1665	0.9684	1.6564	0.6640	0.0623s	1.4904	0.6850	0.5659
18
0121	0.2185	0.9395	1.4080	0.7020	0.0598s	1.2721	0.6980	0.5700
19
0122	0.1697	0.9684	1.3196	0.7080	0.0607s	1.2068	0.7050	0.5673
20
0123	0.2012	0.9684	1.2922	0.7040	0.0585s	1.1908	0.7060	0.5735
21
0124	0.1924	0.9605	1.4357	0.6940	0.0582s	1.3195	0.6880	0.5769
22
0125	0.1679	0.9737	1.6108	0.6720	0.0587s	1.4553	0.6780	0.5692
23
0126	0.2318	0.9553	1.4121	0.7100	0.0585s	1.2605	0.7040	0.5731
24
0127	0.1735	0.9684	1.3582	0.7040	0.0581s	1.2109	0.7150	0.5748
25
0128	0.2452	0.9605	1.3009	0.7060	0.0593s	1.1736	0.7060	0.5799
26
0129	0.1922	0.9684	1.4692	0.6840	0.0582s	1.3451	0.6820	0.5578
27
0130	0.1824	0.9526	1.4310	0.6960	0.0583s	1.2739	0.7000	0.5770
28
0131	0.2001	0.9579	1.4129	0.6980	0.0581s	1.2577	0.7090	0.5757
29
0132	0.2090	0.9605	1.3283	0.7020	0.0581s	1.1960	0.7180	0.5834
30
0133	0.1908	0.9737	1.3780	0.6980	0.0595s	1.2484	0.6980	0.5800
31
0134	0.1844	0.9684	1.4641	0.7000	0.0582s	1.3593	0.6820	0.5638
32
0135	0.1784	0.9684	1.4321	0.7000	0.0583s	1.3219	0.6860	0.5625
33
0136	0.2087	0.9526	1.3152	0.6960	0.0583s	1.1950	0.7150	0.5864
34
0137	0.1809	0.9684	1.3263	0.6960	0.0581s	1.1881	0.7200	0.5801
35
0138	0.2004	0.9684	1.4009	0.7020	0.0583s	1.2609	0.6930	0.5603
36
0139	0.1592	0.9737	1.4665	0.6800	0.0593s	1.3382	0.6900	0.5693
37
0140	0.1607	0.9737	1.5296	0.6760	0.0583s	1.3948	0.6770	0.5614
38
0141	0.1797	0.9632	1.4152	0.7000	0.0582s	1.2868	0.6960	0.5660
39
0142	0.1478	0.9816	1.3448	0.7000	0.0582s	1.2260	0.7050	0.5685
40
0143	0.1715	0.9895	1.3423	0.7040	0.0582s	1.2156	0.7010	0.5801
41
0144	0.1926	0.9632	1.3279	0.7100	0.0584s	1.2031	0.7080	0.5871
42
0145	0.1884	0.9711	1.4008	0.7040	0.0582s	1.2630	0.6970	0.5780
43
0146	0.1769	0.9684	1.3521	0.7020	0.0583s	1.2214	0.7040	0.5696
44
0147	0.1507	0.9763	1.3362	0.7180	0.0585s	1.2240	0.6970	0.5655
45
0148	0.1553	0.9816	1.3785	0.7080	0.0584s	1.2859	0.6900	0.5687
46
0149	0.1678	0.9816	1.4247	0.7020	0.0582s	1.3310	0.6870	0.5698
47
0150	0.1551	0.9737	1.4194	0.6960	0.0592s	1.3065	0.6900	0.5648
48
0151	0.1661	0.9684	1.3515	0.7120	0.0584s	1.2290	0.7040	0.5688
49
0152	0.1622	0.9737	1.3660	0.7080	0.0582s	1.2340	0.7060	0.5794
50
0153	0.1700	0.9763	1.4348	0.7020	0.0583s	1.2963	0.6910	0.5734
51
0154	0.1629	0.9605	1.4474	0.6980	0.0583s	1.3084	0.6970	0.5809
52
0155	0.1542	0.9711	1.3962	0.7120	0.0598s	1.2705	0.6930	0.5750
53
0156	0.1562	0.9763	1.3772	0.7140	0.0584s	1.2541	0.7020	0.5642
54
0157	0.1762	0.9579	1.3844	0.7080	0.0582s	1.2614	0.7000	0.5644
55
0158	0.1776	0.9658	1.4299	0.6940	0.0582s	1.2943	0.6930	0.5652
56
0159	0.1625	0.9789	1.4094	0.7020	0.0582s	1.2754	0.6810	0.5635
57
0160	0.1730	0.9684	1.4363	0.7120	0.0582s	1.3154	0.6980	0.5711
58
0161	0.1721	0.9632	1.4617	0.7100	0.0615s	1.3342	0.6930	0.5732
59
0162	0.1577	0.9789	1.4524	0.6880	0.0585s	1.2989	0.6900	0.5704
60
0163	0.1725	0.9711	1.4548	0.6920	0.0584s	1.3076	0.6780	0.5471
61
0164	0.1790	0.9684	1.3718	0.7040	0.0584s	1.2302	0.7070	0.5742
62
0165	0.1507	0.9789	1.4118	0.6980	0.0581s	1.2905	0.7000	0.5711
63
0166	0.1886	0.9684	1.4923	0.6900	0.0591s	1.3648	0.6930	0.5814
64
0167	0.2172	0.9526	1.4014	0.7060	0.0589s	1.2627	0.6900	0.5741
65
0168	0.1691	0.9763	1.3853	0.7120	0.0585s	1.2540	0.6920	0.5689
66
0169	0.1756	0.9684	1.4031	0.7160	0.0582s	1.2460	0.7040	0.5722
67
0170	0.1760	0.9737	1.5623	0.6800	0.0583s	1.4002	0.6910	0.5658
68
0171	0.1766	0.9711	1.5945	0.6820	0.0583s	1.4565	0.6760	0.5664
69
0172	0.2049	0.9395	1.3704	0.7140	0.0584s	1.2557	0.6910	0.5714
70
0173	0.1834	0.9632	1.3521	0.6900	0.0583s	1.2657	0.6910	0.5685
71
0174	0.1999	0.9658	1.3252	0.6980	0.0588s	1.2043	0.7220	0.5935
72
0175	0.1538	0.9632	1.5635	0.7000	0.0582s	1.4321	0.6840	0.5636
73
0176	0.2178	0.9500	1.5902	0.6780	0.0589s	1.4518	0.6800	0.5667
74
0177	0.2019	0.9632	1.5351	0.6740	0.0583s	1.4280	0.6630	0.5614
75
0178	0.1929	0.9711	1.3887	0.7040	0.0585s	1.2865	0.6970	0.5854
76
0179	0.1941	0.9605	1.2952	0.7120	0.0584s	1.1717	0.7200	0.5825
77
0180	0.1555	0.9816	1.4352	0.6920	0.0585s	1.2889	0.7070	0.5888
78
0181	0.2081	0.9658	1.5212	0.6880	0.0587s	1.3708	0.6820	0.5710
79
0182	0.2046	0.9316	1.4992	0.7000	0.0585s	1.3321	0.6860	0.5678
80
0183	0.2232	0.9526	1.3576	0.7180	0.0583s	1.2042	0.6990	0.5707
81
0184	0.1684	0.9632	1.4067	0.6880	0.0596s	1.2594	0.6900	0.5599
82
0185	0.2091	0.9711	1.5014	0.6800	0.0583s	1.3274	0.6940	0.5639
83
0186	0.1628	0.9737	1.6421	0.6820	0.0582s	1.4777	0.6740	0.5531
84
0187	0.1992	0.9658	1.4778	0.7080	0.0584s	1.3382	0.6890	0.5645
85
0188	0.1731	0.9684	1.3385	0.7020	0.0582s	1.2264	0.7120	0.5708
86
0189	0.1828	0.9737	1.3391	0.6920	0.0587s	1.2376	0.7080	0.5607
87
0190	0.2146	0.9579	1.5312	0.6900	0.0582s	1.4103	0.6800	0.5593
88
0191	0.1884	0.9526	1.6758	0.6720	0.0585s	1.5304	0.6640	0.5360
89
0192	0.1943	0.9579	1.5671	0.6860	0.0583s	1.4019	0.6710	0.5404
90
0193	0.1542	0.9763	1.4035	0.6900	0.0891s	1.2461	0.6990	0.5698
91
0194	0.1564	0.9737	1.3431	0.7060	0.0717s	1.2250	0.7140	0.5879
92
0195	0.2024	0.9684	1.3251	0.7120	0.0599s	1.1670	0.7190	0.5873
93
0196	0.1539	0.9737	1.4234	0.7000	0.0593s	1.2550	0.6870	0.5667
94
0197	0.1614	0.9763	1.4852	0.6920	0.0592s	1.3249	0.6820	0.5618
95
0198	0.1847	0.9658	1.4318	0.7000	0.0590s	1.2758	0.6920	0.5695
96
0199	0.1461	0.9658	1.4239	0.6880	0.0591s	1.2767	0.7030	0.5740
97
0200	0.1890	0.9632	1.4263	0.6800	0.0591s	1.2779	0.7040	0.5762
98
0201	0.1642	0.9763	1.4774	0.6780	0.0596s	1.3102	0.7000	0.5705
99
0202	0.1641	0.9737	1.4149	0.7060	0.0591s	1.2435	0.7010	0.5692
100
0203	0.1483	0.9816	1.4158	0.7060	0.0601s	1.2606	0.7040	0.5758
101
0204	0.1905	0.9474	1.3834	0.6920	0.0593s	1.2388	0.7010	0.5795
102
0205	0.1643	0.9579	1.4224	0.6900	0.0605s	1.2478	0.6980	0.5826
103
0206	0.1618	0.9711	1.5089	0.6760	0.0595s	1.3181	0.7070	0.5893
104
0207	0.1334	0.9711	1.5540	0.6900	0.0592s	1.3601	0.6960	0.5731
105
0208	0.1551	0.9842	1.4951	0.7080	0.0603s	1.3149	0.6980	0.5721
106
0209	0.1480	0.9763	1.4447	0.7100	0.0561s	1.2798	0.7020	0.5730
107
0210	0.1571	0.9816	1.4028	0.7040	0.0514s	1.2573	0.6940	0.5671
108
0211	0.1584	0.9632	1.4368	0.6960	0.0506s	1.2809	0.6940	0.5685
109
0212	0.1284	0.9737	1.4506	0.7040	0.0501s	1.2741	0.7010	0.5758
110
0213	0.1477	0.9816	1.4661	0.7100	0.0503s	1.2755	0.7070	0.5789
111
0214	0.1327	0.9921	1.5251	0.7100	0.0512s	1.3316	0.7010	0.5767
112
0215	0.1602	0.9737	1.4942	0.6960	0.0505s	1.3200	0.7000	0.5775
113
0216	0.1625	0.9684	1.5330	0.6860	0.0518s	1.3656	0.6880	0.5737
114
0217	0.1466	0.9737	1.4983	0.6980	0.0505s	1.3124	0.6840	0.5564
115
0218	0.1457	0.9868	1.5596	0.7080	0.0501s	1.3360	0.6930	0.5586
116
0219	0.1883	0.9737	1.5380	0.7000	0.0527s	1.3434	0.6980	0.5649
117
0220	0.1674	0.9816	1.7144	0.6720	0.0505s	1.5191	0.6730	0.5508
118
0221	0.2194	0.9553	1.5489	0.6820	0.0503s	1.3614	0.6940	0.5786
119
0222	0.1577	0.9684	1.5165	0.6880	0.0502s	1.3133	0.7020	0.5743
120
0223	0.1797	0.9684	1.3997	0.7080	0.0513s	1.2142	0.7120	0.5851
121
0224	0.1553	0.9684	1.5374	0.6880	0.0505s	1.3547	0.6980	0.5740
122
0225	0.1733	0.9605	1.5222	0.6900	0.0501s	1.3254	0.6830	0.5677
123
0226	0.1671	0.9605	1.5659	0.6760	0.0503s	1.3579	0.6900	0.5561
124
0227	0.1869	0.9579	1.4734	0.6920	0.0522s	1.2961	0.6970	0.5606
125
0228	0.1354	0.9895	1.4187	0.6980	0.0508s	1.2786	0.7000	0.5703
126
0229	0.1536	0.9711	1.4218	0.7000	0.0503s	1.2999	0.7040	0.5836
127
0230	0.1516	0.9711	1.4358	0.7020	0.0501s	1.3176	0.6870	0.5643
128
0231	0.1871	0.9500	1.4829	0.6980	0.0503s	1.3081	0.6890	0.5591
129
0232	0.1740	0.9658	1.5686	0.6960	0.0502s	1.3595	0.6940	0.5640
130
0233	0.1584	0.9816	1.5734	0.6840	0.0504s	1.3532	0.6940	0.5574
131
0234	0.1470	0.9842	1.6035	0.6800	0.0503s	1.3988	0.6850	0.5571
132
0235	0.1853	0.9632	1.4527	0.7000	0.0501s	1.2969	0.6920	0.5715
133
0236	0.1459	0.9789	1.4129	0.7060	0.0517s	1.2970	0.6770	0.5680
134
0237	0.1835	0.9711	1.3996	0.6980	0.0503s	1.2686	0.6830	0.5637
135
0238	0.1936	0.9737	1.3948	0.7140	0.0502s	1.2298	0.7030	0.5779
136
0239	0.1567	0.9763	1.4383	0.7060	0.0503s	1.2622	0.7040	0.5734
137
0240	0.1336	0.9842	1.5251	0.6800	0.0503s	1.3293	0.7000	0.5777
138
0241	0.1681	0.9658	1.4061	0.6900	0.0511s	1.2081	0.7040	0.5751
139
0242	0.1359	0.9816	1.3951	0.6840	0.0504s	1.2062	0.6980	0.5665
140
0243	0.1457	0.9684	1.4520	0.6920	0.0502s	1.2576	0.6930	0.5631
141
0244	0.1441	0.9711	1.5315	0.6920	0.0503s	1.3240	0.6930	0.5671
142
0245	0.1390	0.9895	1.5516	0.6940	0.0502s	1.3529	0.6880	0.5651
143
0246	0.1595	0.9789	1.4431	0.7020	0.0505s	1.2482	0.7030	0.5757
144
0247	0.1522	0.9711	1.4694	0.6940	0.0504s	1.2658	0.6950	0.5713
145
0248	0.1769	0.9579	1.4241	0.6900	0.0503s	1.2369	0.6930	0.5751
146
0249	0.1475	0.9737	1.4268	0.6960	0.0514s	1.2666	0.6920	0.5713
147
0250	0.1333	0.9816	1.4575	0.7000	0.0505s	1.2988	0.6920	0.5733
148
0251	0.1445	0.9763	1.5098	0.6980	0.0504s	1.3169	0.7060	0.5833
149
0252	0.1495	0.9737	1.5210	0.6800	0.0503s	1.3026	0.7100	0.5853
150
0253	0.1791	0.9711	1.6442	0.6980	0.0503s	1.4073	0.6940	0.5740
151
0254	0.1881	0.9684	1.6174	0.6940	0.0515s	1.4112	0.6940	0.5733
152
0255	0.1767	0.9605	1.5308	0.6940	0.0503s	1.3884	0.6740	0.5582
153
0256	0.1607	0.9737	1.5037	0.6640	0.0503s	1.3850	0.6850	0.5596
154
0257	0.1829	0.9526	1.4396	0.6980	0.0501s	1.2713	0.7010	0.5646
155
0258	0.1418	0.9763	1.6756	0.6880	0.0503s	1.4529	0.6720	0.5421
156
0259	0.2069	0.9605	1.5532	0.7120	0.0502s	1.3649	0.6880	0.5698
157
0260	0.1657	0.9684	1.4599	0.6880	0.0503s	1.3285	0.6920	0.5794
158
0261	0.1519	0.9579	1.4449	0.6840	0.0501s	1.3199	0.6910	0.5745
159
0262	0.1846	0.9632	1.4530	0.6900	0.0502s	1.2846	0.6800	0.5655
160
0263	0.1810	0.9632	1.5994	0.6860	0.0513s	1.3969	0.6820	0.5591
161
0264	0.1556	0.9789	1.6288	0.6840	0.0504s	1.4398	0.6740	0.5831
162
0265	0.1620	0.9632	1.4970	0.6920	0.0503s	1.3372	0.6940	0.5828
163
0266	0.1679	0.9553	1.4353	0.6840	0.0501s	1.2784	0.6960	0.5844
164
0267	0.1531	0.9789	1.4185	0.6820	0.0517s	1.2774	0.6900	0.5730
165
0268	0.1790	0.9711	1.3978	0.7000	0.0506s	1.2520	0.6950	0.5793
166
0269	0.1727	0.9658	1.5199	0.6960	0.0504s	1.3456	0.6830	0.5610
167
0270	0.1516	0.9684	1.6387	0.6900	0.0502s	1.4372	0.6820	0.5516
168
0271	0.1530	0.9789	1.5544	0.6940	0.0503s	1.3678	0.6870	0.5414
169
0272	0.1523	0.9763	1.4599	0.6820	0.0506s	1.2786	0.6960	0.5548
170
0273	0.1526	0.9632	1.3962	0.6980	0.0503s	1.2271	0.6960	0.5647
171
0274	0.1693	0.9500	1.4807	0.6900	0.0513s	1.2913	0.6960	0.5800
172
0275	0.1341	0.9816	1.4716	0.7060	0.0509s	1.2752	0.6960	0.5775
173
0276	0.1446	0.9763	1.4997	0.7120	0.0503s	1.2839	0.6920	0.5710
174
0277	0.1217	0.9816	1.5326	0.6940	0.0506s	1.3149	0.6880	0.5696
175
0278	0.1427	0.9632	1.4777	0.6940	0.0503s	1.2859	0.7020	0.5831
176
0279	0.1302	0.9763	1.4681	0.6860	0.0503s	1.2960	0.6970	0.5730
177
0280	0.1660	0.9579	1.5571	0.6740	0.0502s	1.3709	0.6840	0.5599
178
0281	0.1402	0.9658	1.5493	0.6960	0.0504s	1.3554	0.6900	0.5752
179
0282	0.1655	0.9737	1.4928	0.7000	0.0502s	1.2982	0.6970	0.5843
180
0283	0.1497	0.9737	1.4395	0.7080	0.0520s	1.2499	0.7070	0.5837
181
0284	0.1573	0.9684	1.3881	0.7040	0.0504s	1.2339	0.7100	0.5805
182
0285	0.1369	0.9711	1.5688	0.6800	0.0503s	1.4161	0.6860	0.5728
183
0286	0.1570	0.9684	1.5872	0.6780	0.0503s	1.4246	0.6850	0.5752
184
0287	0.1521	0.9632	1.4655	0.7140	0.0504s	1.2814	0.6830	0.5666
185
0288	0.1460	0.9789	1.4938	0.7160	0.0795s	1.2836	0.6940	0.5689
186
0289	0.1517	0.9789	1.5088	0.7100	0.0636s	1.3263	0.6930	0.5690
187
0290	0.1387	0.9684	1.5618	0.6900	0.0583s	1.3927	0.6840	0.5759
188
0291	0.1525	0.9711	1.4518	0.7000	0.0578s	1.2789	0.6960	0.5828
189
0292	0.1421	0.9789	1.3874	0.7120	0.0578s	1.2077	0.6950	0.5742
190
0293	0.1356	0.9789	1.4538	0.7060	0.0576s	1.2445	0.6950	0.5646
191
0294	0.1445	0.9553	1.5242	0.6980	0.0602s	1.3012	0.6950	0.5564
192
0295	0.1494	0.9737	1.5375	0.6980	0.0621s	1.3424	0.6880	0.5576
193
0296	0.1472	0.9711	1.5031	0.6980	0.0593s	1.3304	0.6840	0.5588
194
0297	0.1411	0.9711	1.4522	0.7060	0.0595s	1.2810	0.6890	0.5758
195
0298	0.1360	0.9816	1.4669	0.7040	0.0607s	1.3022	0.6930	0.5691
196
0299	0.1433	0.9763	1.5316	0.6960	0.0593s	1.3725	0.6940	0.5704
197
0300	0.1543	0.9711	1.4522	0.7120	0.0604s	1.2666	0.6950	0.5690
198
0301	0.1455	0.9763	1.4825	0.6940	0.0589s	1.2784	0.6860	0.5606
199
Early stop! Min loss:1.2658114433288574,  Max accuracy:0.726
Early stop model validation loss:1.2658114433288574,  accuracy:0.71
Optimization Finished!
Total time elapsed: 18.1132s
test max acc:0.7270
Loading 67th epoch
stru_node_to_hop attention:tensor([[0.2392, 0.2540, 0.2533, 0.2534],
        [0.2480, 0.2504, 0.2506, 0.2510],
        [0.2435, 0.2519, 0.2524, 0.2521],
        [0.2445, 0.2520, 0.2516, 0.2519],
        [0.2508, 0.2612, 0.2473, 0.2407],
        [0.2477, 0.2506, 0.2509, 0.2508],
        [0.2480, 0.2506, 0.2508, 0.2507],
        [0.2436, 0.2525, 0.2517, 0.2523],
        [0.2444, 0.2524, 0.2516, 0.2517],
        [0.2440, 0.2519, 0.2519, 0.2522],
        [0.2491, 0.2497, 0.2505, 0.2506],
        [0.2441, 0.2524, 0.2516, 0.2519],
        [0.2461, 0.2495, 0.2520, 0.2523],
        [0.2232, 0.2464, 0.2648, 0.2656],
        [0.2243, 0.2389, 0.2709, 0.2659],
        [0.2499, 0.2500, 0.2500, 0.2500],
        [0.2500, 0.2500, 0.2500, 0.2500],
        [0.2499, 0.2500, 0.2500, 0.2500],
        [0.2470, 0.2494, 0.2518, 0.2518],
        [0.2502, 0.2500, 0.2499, 0.2499],
        [0.2444, 0.2506, 0.2524, 0.2526],
        [0.2497, 0.2500, 0.2501, 0.2501],
        [0.2501, 0.2500, 0.2500, 0.2499],
        [0.2500, 0.2500, 0.2500, 0.2500],
        [0.2512, 0.2495, 0.2497, 0.2497],
        [0.2500, 0.2500, 0.2500, 0.2500],
        [0.2496, 0.2501, 0.2502, 0.2502],
        [0.2503, 0.2504, 0.2497, 0.2496],
        [0.2500, 0.2500, 0.2500, 0.2500],
        [0.2500, 0.2500, 0.2500, 0.2500],
        [0.2381, 0.2518, 0.2546, 0.2555],
        [0.2499, 0.2500, 0.2500, 0.2500],
        [0.2487, 0.2505, 0.2505, 0.2503],
        [0.2453, 0.2506, 0.2519, 0.2522],
        [0.2476, 0.2490, 0.2510, 0.2524],
        [0.2478, 0.2505, 0.2507, 0.2510],
        [0.2471, 0.2486, 0.2519, 0.2524],
        [0.2479, 0.2505, 0.2508, 0.2509],
        [0.2496, 0.2500, 0.2502, 0.2502],
        [0.2500, 0.2501, 0.2500, 0.2499],
        [0.2471, 0.2508, 0.2510, 0.2511],
        [0.2473, 0.2502, 0.2511, 0.2513],
        [0.2440, 0.2488, 0.2528, 0.2543],
        [0.2507, 0.2499, 0.2497, 0.2497],
        [0.2451, 0.2525, 0.2512, 0.2512],
        [0.1597, 0.3972, 0.2460, 0.1971],
        [0.2498, 0.2500, 0.2501, 0.2501],
        [0.2448, 0.2521, 0.2517, 0.2515],
        [0.2499, 0.2500, 0.2500, 0.2500],
        [0.3080, 0.2514, 0.2183, 0.2223],
        [0.2500, 0.2500, 0.2500, 0.2500],
        [0.2500, 0.2500, 0.2500, 0.2500],
        [0.2494, 0.2504, 0.2501, 0.2501],
        [0.2420, 0.2482, 0.2551, 0.2547],
        [0.2511, 0.2500, 0.2495, 0.2494],
        [0.2462, 0.2436, 0.2544, 0.2558],
        [0.2540, 0.2024, 0.2699, 0.2738],
        [0.2500, 0.2500, 0.2500, 0.2500],
        [0.2498, 0.2501, 0.2501, 0.2501],
        [0.2500, 0.2500, 0.2500, 0.2500],
        [0.2484, 0.2501, 0.2507, 0.2509],
        [0.2500, 0.2500, 0.2500, 0.2500],
        [0.2500, 0.2500, 0.2500, 0.2500],
        [0.2502, 0.2500, 0.2499, 0.2499],
        [0.2499, 0.2500, 0.2500, 0.2500],
        [0.2304, 0.2473, 0.2604, 0.2619],
        [0.2499, 0.2500, 0.2500, 0.2500],
        [0.2501, 0.2499, 0.2500, 0.2500],
        [0.2500, 0.2498, 0.2502, 0.2501],
        [0.2498, 0.2501, 0.2500, 0.2500],
        [0.2499, 0.2500, 0.2500, 0.2500],
        [0.2505, 0.2499, 0.2498, 0.2498],
        [0.2479, 0.2509, 0.2506, 0.2505],
        [0.2499, 0.2500, 0.2500, 0.2500],
        [0.2499, 0.2500, 0.2500, 0.2500],
        [0.2499, 0.2500, 0.2500, 0.2500],
        [0.2499, 0.2500, 0.2500, 0.2500],
        [0.2468, 0.2503, 0.2513, 0.2516],
        [0.2499, 0.2500, 0.2500, 0.2500],
        [0.2479, 0.2510, 0.2504, 0.2506],
        [0.2403, 0.2536, 0.2528, 0.2533],
        [0.2432, 0.2516, 0.2524, 0.2527],
        [0.2504, 0.2501, 0.2498, 0.2497],
        [0.2500, 0.2500, 0.2500, 0.2500],
        [0.2470, 0.2497, 0.2513, 0.2521],
        [0.2478, 0.2508, 0.2507, 0.2507],
        [0.2446, 0.2515, 0.2517, 0.2522],
        [0.2485, 0.2506, 0.2504, 0.2505],
        [0.2497, 0.2501, 0.2501, 0.2501],
        [0.2500, 0.2500, 0.2500, 0.2500],
        [0.2500, 0.2500, 0.2500, 0.2500],
        [0.2490, 0.2503, 0.2504, 0.2504],
        [0.2475, 0.2500, 0.2512, 0.2512],
        [0.2499, 0.2500, 0.2501, 0.2500],
        [0.2498, 0.2499, 0.2502, 0.2501],
        [0.2499, 0.2500, 0.2500, 0.2500],
        [0.2537, 0.2488, 0.2494, 0.2481],
        [0.2453, 0.2514, 0.2515, 0.2518],
        [0.2512, 0.2497, 0.2496, 0.2495],
        [0.2464, 0.2508, 0.2517, 0.2511]], device='cuda:1')
fea_node_to_hop attention:tensor([[0.1407, 0.1448, 0.1438, 0.1432, 0.1428, 0.1425, 0.1423],
        [0.1425, 0.1428, 0.1430, 0.1430, 0.1429, 0.1429, 0.1429],
        [0.1404, 0.1434, 0.1434, 0.1433, 0.1432, 0.1432, 0.1431],
        [0.1404, 0.1437, 0.1432, 0.1432, 0.1432, 0.1432, 0.1431],
        [0.1367, 0.1485, 0.1458, 0.1443, 0.1428, 0.1415, 0.1404],
        [0.1423, 0.1429, 0.1430, 0.1430, 0.1430, 0.1429, 0.1429],
        [0.1424, 0.1430, 0.1430, 0.1429, 0.1429, 0.1429, 0.1429],
        [0.1396, 0.1433, 0.1434, 0.1434, 0.1434, 0.1434, 0.1434],
        [0.1414, 0.1430, 0.1431, 0.1431, 0.1431, 0.1431, 0.1431],
        [0.1403, 0.1429, 0.1432, 0.1433, 0.1434, 0.1434, 0.1434],
        [0.1425, 0.1428, 0.1429, 0.1429, 0.1429, 0.1429, 0.1430],
        [0.1416, 0.1432, 0.1431, 0.1431, 0.1430, 0.1430, 0.1430],
        [0.1417, 0.1431, 0.1433, 0.1432, 0.1431, 0.1429, 0.1427],
        [0.1321, 0.1434, 0.1415, 0.1455, 0.1456, 0.1458, 0.1462],
        [0.1284, 0.1421, 0.1442, 0.1452, 0.1461, 0.1467, 0.1472],
        [0.1428, 0.1429, 0.1429, 0.1429, 0.1429, 0.1429, 0.1429],
        [0.1428, 0.1429, 0.1429, 0.1429, 0.1429, 0.1429, 0.1429],
        [0.1428, 0.1429, 0.1429, 0.1429, 0.1429, 0.1429, 0.1429],
        [0.1424, 0.1431, 0.1431, 0.1430, 0.1429, 0.1428, 0.1426],
        [0.1429, 0.1428, 0.1428, 0.1429, 0.1429, 0.1429, 0.1429],
        [0.1407, 0.1430, 0.1433, 0.1433, 0.1433, 0.1433, 0.1433],
        [0.1428, 0.1428, 0.1429, 0.1429, 0.1429, 0.1429, 0.1429],
        [0.1429, 0.1428, 0.1429, 0.1428, 0.1429, 0.1429, 0.1429],
        [0.1428, 0.1429, 0.1429, 0.1429, 0.1429, 0.1429, 0.1429],
        [0.1431, 0.1428, 0.1428, 0.1428, 0.1428, 0.1428, 0.1429],
        [0.1428, 0.1429, 0.1429, 0.1429, 0.1429, 0.1429, 0.1429],
        [0.1427, 0.1429, 0.1429, 0.1429, 0.1429, 0.1429, 0.1429],
        [0.1431, 0.1429, 0.1429, 0.1428, 0.1428, 0.1428, 0.1428],
        [0.1428, 0.1429, 0.1429, 0.1429, 0.1429, 0.1429, 0.1429],
        [0.1428, 0.1429, 0.1429, 0.1429, 0.1429, 0.1429, 0.1429],
        [0.1392, 0.1434, 0.1432, 0.1435, 0.1435, 0.1436, 0.1436],
        [0.1428, 0.1429, 0.1429, 0.1429, 0.1429, 0.1429, 0.1429],
        [0.1419, 0.1430, 0.1431, 0.1428, 0.1427, 0.1430, 0.1434],
        [0.1413, 0.1432, 0.1430, 0.1431, 0.1431, 0.1432, 0.1431],
        [0.1423, 0.1430, 0.1431, 0.1429, 0.1429, 0.1429, 0.1429],
        [0.1421, 0.1428, 0.1430, 0.1430, 0.1430, 0.1430, 0.1430],
        [0.1411, 0.1426, 0.1431, 0.1432, 0.1433, 0.1434, 0.1434],
        [0.1418, 0.1429, 0.1430, 0.1430, 0.1431, 0.1431, 0.1431],
        [0.1424, 0.1428, 0.1429, 0.1429, 0.1430, 0.1430, 0.1430],
        [0.1428, 0.1429, 0.1429, 0.1429, 0.1429, 0.1429, 0.1429],
        [0.1411, 0.1432, 0.1432, 0.1432, 0.1431, 0.1431, 0.1431],
        [0.1419, 0.1430, 0.1430, 0.1430, 0.1430, 0.1430, 0.1430],
        [0.1390, 0.1437, 0.1435, 0.1436, 0.1435, 0.1434, 0.1433],
        [0.1431, 0.1428, 0.1428, 0.1428, 0.1428, 0.1428, 0.1428],
        [0.1423, 0.1429, 0.1430, 0.1430, 0.1429, 0.1429, 0.1429],
        [0.1262, 0.1473, 0.1441, 0.1479, 0.1456, 0.1451, 0.1439],
        [0.1427, 0.1429, 0.1429, 0.1429, 0.1429, 0.1429, 0.1429],
        [0.1415, 0.1429, 0.1431, 0.1431, 0.1431, 0.1431, 0.1431],
        [0.1428, 0.1429, 0.1429, 0.1429, 0.1429, 0.1429, 0.1429],
        [0.1602, 0.1543, 0.1452, 0.1390, 0.1360, 0.1335, 0.1317],
        [0.1428, 0.1429, 0.1429, 0.1429, 0.1429, 0.1429, 0.1429],
        [0.1428, 0.1429, 0.1429, 0.1429, 0.1429, 0.1429, 0.1429],
        [0.1428, 0.1429, 0.1429, 0.1429, 0.1429, 0.1429, 0.1429],
        [0.1398, 0.1431, 0.1437, 0.1436, 0.1434, 0.1432, 0.1431],
        [0.1432, 0.1429, 0.1428, 0.1428, 0.1428, 0.1428, 0.1428],
        [0.1404, 0.1404, 0.1444, 0.1441, 0.1438, 0.1435, 0.1433],
        [0.1376, 0.1279, 0.1440, 0.1453, 0.1478, 0.1485, 0.1489],
        [0.1429, 0.1429, 0.1429, 0.1429, 0.1429, 0.1429, 0.1429],
        [0.1428, 0.1429, 0.1429, 0.1429, 0.1429, 0.1429, 0.1429],
        [0.1428, 0.1429, 0.1429, 0.1429, 0.1429, 0.1429, 0.1429],
        [0.1425, 0.1429, 0.1429, 0.1429, 0.1429, 0.1429, 0.1430],
        [0.1429, 0.1429, 0.1429, 0.1429, 0.1429, 0.1429, 0.1429],
        [0.1428, 0.1429, 0.1429, 0.1429, 0.1429, 0.1429, 0.1429],
        [0.1429, 0.1428, 0.1428, 0.1428, 0.1428, 0.1428, 0.1429],
        [0.1428, 0.1429, 0.1429, 0.1429, 0.1429, 0.1429, 0.1429],
        [0.1379, 0.1419, 0.1443, 0.1442, 0.1441, 0.1439, 0.1437],
        [0.1428, 0.1429, 0.1429, 0.1429, 0.1429, 0.1429, 0.1429],
        [0.1428, 0.1429, 0.1429, 0.1429, 0.1429, 0.1429, 0.1429],
        [0.1429, 0.1429, 0.1428, 0.1429, 0.1428, 0.1429, 0.1429],
        [0.1428, 0.1429, 0.1429, 0.1429, 0.1429, 0.1429, 0.1429],
        [0.1428, 0.1429, 0.1429, 0.1429, 0.1429, 0.1429, 0.1429],
        [0.1430, 0.1428, 0.1428, 0.1428, 0.1428, 0.1428, 0.1428],
        [0.1418, 0.1429, 0.1430, 0.1430, 0.1431, 0.1431, 0.1431],
        [0.1428, 0.1429, 0.1429, 0.1429, 0.1429, 0.1429, 0.1429],
        [0.1428, 0.1429, 0.1429, 0.1429, 0.1429, 0.1429, 0.1429],
        [0.1428, 0.1429, 0.1429, 0.1429, 0.1429, 0.1429, 0.1429],
        [0.1428, 0.1429, 0.1429, 0.1429, 0.1429, 0.1429, 0.1429],
        [0.1416, 0.1435, 0.1430, 0.1431, 0.1430, 0.1430, 0.1429],
        [0.1428, 0.1429, 0.1429, 0.1429, 0.1429, 0.1429, 0.1429],
        [0.1424, 0.1429, 0.1429, 0.1429, 0.1429, 0.1429, 0.1429],
        [0.1375, 0.1440, 0.1435, 0.1437, 0.1437, 0.1438, 0.1438],
        [0.1419, 0.1427, 0.1431, 0.1431, 0.1431, 0.1431, 0.1431],
        [0.1431, 0.1429, 0.1428, 0.1428, 0.1428, 0.1428, 0.1428],
        [0.1428, 0.1429, 0.1429, 0.1429, 0.1429, 0.1429, 0.1429],
        [0.1414, 0.1427, 0.1432, 0.1432, 0.1432, 0.1432, 0.1432],
        [0.1402, 0.1428, 0.1434, 0.1434, 0.1434, 0.1434, 0.1434],
        [0.1425, 0.1424, 0.1427, 0.1429, 0.1431, 0.1432, 0.1433],
        [0.1424, 0.1429, 0.1429, 0.1429, 0.1429, 0.1429, 0.1429],
        [0.1428, 0.1429, 0.1429, 0.1429, 0.1429, 0.1429, 0.1429],
        [0.1428, 0.1429, 0.1429, 0.1429, 0.1429, 0.1429, 0.1429],
        [0.1428, 0.1429, 0.1429, 0.1429, 0.1429, 0.1429, 0.1429],
        [0.1426, 0.1429, 0.1429, 0.1429, 0.1429, 0.1429, 0.1429],
        [0.1419, 0.1430, 0.1430, 0.1430, 0.1430, 0.1430, 0.1430],
        [0.1428, 0.1429, 0.1429, 0.1429, 0.1429, 0.1429, 0.1429],
        [0.1428, 0.1428, 0.1429, 0.1429, 0.1429, 0.1429, 0.1429],
        [0.1428, 0.1429, 0.1429, 0.1429, 0.1429, 0.1429, 0.1429],
        [0.1432, 0.1445, 0.1435, 0.1427, 0.1423, 0.1420, 0.1418],
        [0.1409, 0.1430, 0.1432, 0.1432, 0.1432, 0.1432, 0.1432],
        [0.1436, 0.1427, 0.1427, 0.1427, 0.1427, 0.1428, 0.1428],
        [0.1422, 0.1432, 0.1429, 0.1429, 0.1429, 0.1429, 0.1430]],
       device='cuda:1')
perception attention:tensor([0.5205, 0.4795], device='cuda:1')
Test set results: loss= 1.1796 accuracy= 0.7100 F1_score= 0.5756
