# epoch	loss_train	acc_train	loss_val	acc_val	time	acc_test	f1_test
0001	2.9452	0.0974	5.6900	0.1780	0.0500s	5.4056	0.1800	0.0296
0
0002	5.8519	0.1711	7.1610	0.1800	0.0503s	6.8470	0.2080	0.0538
0
0003	7.0923	0.1658	5.2401	0.1420	0.0522s	5.1342	0.1270	0.0345
0
0004	5.0971	0.1395	3.0206	0.1920	0.0502s	2.9380	0.2120	0.1522
0
0005	2.8387	0.2342	2.5702	0.2880	0.0502s	2.5015	0.3340	0.2091
0
0006	2.3992	0.3447	2.4043	0.2880	0.0502s	2.3263	0.3280	0.2026
0
0007	2.2617	0.3526	2.2612	0.3020	0.0506s	2.1699	0.3530	0.1965
0
0008	2.1444	0.3342	2.0431	0.4400	0.0502s	1.9416	0.4920	0.2920
0
0009	1.9513	0.4500	1.9175	0.4720	0.0505s	1.7933	0.5020	0.3355
0
0010	1.8192	0.4711	1.8510	0.4840	0.0506s	1.7017	0.5380	0.3494
0
0011	1.6866	0.5263	1.7529	0.5300	0.0513s	1.5963	0.5810	0.3843
0
0012	1.5378	0.5605	1.6593	0.5160	0.0503s	1.5223	0.5550	0.3721
0
0013	1.4349	0.5632	1.6159	0.5780	0.0507s	1.4832	0.5850	0.4258
0
0014	1.3533	0.5895	1.5751	0.5820	0.0505s	1.4154	0.6080	0.4557
0
0015	1.2777	0.6211	1.5573	0.5540	0.0505s	1.3677	0.6010	0.4305
0
0016	1.1901	0.6000	1.5479	0.5720	0.0503s	1.3538	0.6280	0.4400
0
0017	1.1213	0.6500	1.5434	0.5820	0.0503s	1.3592	0.6490	0.4725
0
0018	1.1095	0.6526	1.5038	0.6000	0.0514s	1.3242	0.6560	0.4857
0
0019	1.0107	0.7053	1.4500	0.6040	0.0504s	1.2662	0.6620	0.4938
0
0020	0.9219	0.7026	1.4041	0.6180	0.0503s	1.2281	0.6650	0.4934
0
0021	0.8860	0.7053	1.3728	0.6240	0.0516s	1.2298	0.6610	0.4790
0
0022	0.8596	0.7237	1.3849	0.6120	0.0504s	1.2573	0.6570	0.4984
0
0023	0.7993	0.7395	1.3847	0.6140	0.0501s	1.2722	0.6620	0.5230
1
0024	0.7477	0.7658	1.3645	0.6340	0.0511s	1.2629	0.6670	0.5277
2
0025	0.7461	0.7895	1.2951	0.6740	0.0502s	1.1924	0.6910	0.5457
0
0026	0.6586	0.7842	1.2765	0.6540	0.0517s	1.1743	0.6820	0.5213
0
0027	0.6281	0.7842	1.2739	0.6460	0.0502s	1.1951	0.6830	0.5134
0
0028	0.6362	0.8132	1.3211	0.6800	0.0502s	1.2170	0.6730	0.5326
0
0029	0.5790	0.8211	1.3522	0.6780	0.0508s	1.2676	0.6720	0.5529
0
0030	0.5402	0.8421	1.3120	0.6740	0.0502s	1.2587	0.6700	0.5311
1
0031	0.5134	0.8553	1.3329	0.6600	0.0503s	1.2556	0.6700	0.5371
2
0032	0.5053	0.8632	1.3033	0.6920	0.0502s	1.2271	0.6910	0.5562
3
0033	0.4608	0.8658	1.3003	0.7000	0.0505s	1.2240	0.6920	0.5729
0
0034	0.4431	0.8789	1.3004	0.6940	0.0503s	1.2432	0.6880	0.5598
0
0035	0.4193	0.8711	1.2836	0.6920	0.0506s	1.2228	0.6870	0.5548
1
0036	0.3853	0.9158	1.2869	0.6960	0.0522s	1.2086	0.6890	0.5670
2
0037	0.3970	0.8789	1.2684	0.6960	0.0506s	1.2068	0.6880	0.5792
3
0038	0.3820	0.9053	1.3263	0.6960	0.0503s	1.2546	0.6950	0.5746
0
0039	0.3613	0.9079	1.3249	0.6880	0.0501s	1.2813	0.6870	0.5713
1
0040	0.3388	0.9132	1.3229	0.7100	0.0502s	1.2904	0.6790	0.5597
2
0041	0.3409	0.9132	1.3414	0.7100	0.0503s	1.2998	0.6820	0.5843
0
0042	0.3241	0.9263	1.3843	0.6920	0.0502s	1.3111	0.6810	0.5688
0
0043	0.3331	0.9079	1.3214	0.7100	0.0505s	1.2569	0.6960	0.5714
1
0044	0.3363	0.9211	1.3032	0.7040	0.0502s	1.2536	0.6920	0.5665
0
0045	0.3114	0.9053	1.3193	0.7060	0.0516s	1.2536	0.7020	0.5677
1
0046	0.2896	0.9158	1.4062	0.6740	0.0507s	1.3094	0.6890	0.5623
2
0047	0.3072	0.9289	1.3218	0.6960	0.0503s	1.2394	0.7050	0.5782
3
0048	0.2710	0.9526	1.2938	0.7180	0.0502s	1.2214	0.6990	0.5613
4
0049	0.2701	0.9395	1.2599	0.7120	0.0503s	1.1877	0.7160	0.6053
0
0050	0.2682	0.9447	1.3028	0.7220	0.0502s	1.2280	0.6910	0.5773
0
0051	0.2521	0.9658	1.2981	0.7160	0.0501s	1.2393	0.7130	0.5811
0
0052	0.2666	0.9316	1.3764	0.6940	0.0503s	1.3096	0.6930	0.5595
1
0053	0.2534	0.9395	1.4191	0.6940	0.0502s	1.3419	0.6900	0.5558
2
0054	0.2487	0.9474	1.3773	0.7060	0.0512s	1.2996	0.6890	0.5639
3
0055	0.2425	0.9553	1.3152	0.7140	0.0502s	1.2440	0.6990	0.5712
4
0056	0.2690	0.9263	1.2910	0.7020	0.0502s	1.2149	0.7050	0.5703
5
0057	0.2217	0.9632	1.3559	0.6820	0.0502s	1.2715	0.7010	0.5851
6
0058	0.2739	0.9368	1.2367	0.7100	0.0513s	1.1771	0.7170	0.5832
7
0059	0.2381	0.9447	1.2529	0.7140	0.0502s	1.1983	0.7110	0.5927
0
0060	0.2624	0.9368	1.3133	0.7220	0.0502s	1.2560	0.7010	0.6011
1
0061	0.2269	0.9553	1.3731	0.7080	0.0502s	1.3255	0.6830	0.5864
0
0062	0.2375	0.9500	1.3855	0.6960	0.0503s	1.3423	0.6870	0.5744
1
0063	0.2386	0.9395	1.3817	0.6980	0.0519s	1.3248	0.6910	0.5766
2
0064	0.2178	0.9632	1.3821	0.7080	0.0514s	1.3077	0.6910	0.5609
3
0065	0.2103	0.9579	1.3931	0.7080	0.0533s	1.3085	0.6960	0.5671
4
0066	0.2546	0.9316	1.2925	0.7160	0.0528s	1.2121	0.7060	0.5617
5
0067	0.2174	0.9632	1.2579	0.7040	0.0527s	1.2021	0.7130	0.5665
6
0068	0.2459	0.9526	1.3253	0.6940	0.0516s	1.2636	0.6950	0.5615
7
0069	0.2228	0.9553	1.3129	0.7080	0.0509s	1.2543	0.7000	0.5889
8
0070	0.2047	0.9553	1.3145	0.7120	0.0503s	1.2564	0.7060	0.6181
9
0071	0.2183	0.9447	1.3330	0.7100	0.0514s	1.2738	0.6940	0.5813
10
0072	0.2080	0.9737	1.3805	0.6920	0.0504s	1.3073	0.6830	0.5772
11
0073	0.2329	0.9553	1.3274	0.7180	0.0502s	1.2572	0.6920	0.5821
12
0074	0.2102	0.9526	1.3273	0.7280	0.0503s	1.2504	0.7090	0.5999
13
0075	0.2265	0.9421	1.2720	0.7140	0.0517s	1.1894	0.7130	0.5839
0
0076	0.2150	0.9605	1.2931	0.7020	0.0505s	1.2144	0.7070	0.5740
1
0077	0.2277	0.9474	1.3155	0.6960	0.0503s	1.2421	0.7090	0.5827
2
0078	0.2283	0.9553	1.3850	0.7060	0.0509s	1.3205	0.6910	0.5576
3
0079	0.2251	0.9421	1.3318	0.7160	0.0505s	1.2652	0.6950	0.5720
4
0080	0.2078	0.9605	1.3075	0.7180	0.0509s	1.2359	0.7030	0.5804
5
0081	0.1930	0.9684	1.2914	0.7120	0.0505s	1.2291	0.7100	0.6049
6
0082	0.2103	0.9711	1.2904	0.7300	0.0504s	1.2222	0.7040	0.6075
7
0083	0.1925	0.9658	1.3439	0.7180	0.0503s	1.2811	0.6830	0.5965
0
0084	0.2140	0.9447	1.3506	0.7100	0.0503s	1.2838	0.6890	0.5931
1
0085	0.2040	0.9553	1.3302	0.7060	0.0506s	1.2716	0.6940	0.5793
2
0086	0.2197	0.9605	1.3130	0.7080	0.0505s	1.2635	0.7020	0.5679
3
0087	0.2461	0.9500	1.3098	0.7240	0.0504s	1.2429	0.7090	0.5799
4
0088	0.1890	0.9737	1.3811	0.7220	0.0503s	1.3093	0.6800	0.5680
5
0089	0.2026	0.9658	1.3554	0.7140	0.0508s	1.2881	0.6800	0.5685
6
0090	0.1980	0.9605	1.2852	0.7120	0.0504s	1.2229	0.7060	0.5787
7
0091	0.2097	0.9526	1.2598	0.7240	0.0522s	1.1913	0.7170	0.5914
8
0092	0.2155	0.9605	1.3835	0.6960	0.0505s	1.2895	0.6890	0.5748
9
0093	0.2281	0.9474	1.3752	0.7000	0.0507s	1.2855	0.6910	0.5680
10
0094	0.1998	0.9684	1.3336	0.7020	0.0503s	1.2625	0.6990	0.5775
11
0095	0.1826	0.9737	1.3196	0.7040	0.0502s	1.2376	0.6990	0.5645
12
0096	0.1958	0.9737	1.3126	0.7200	0.0503s	1.2318	0.6990	0.5865
13
0097	0.1848	0.9658	1.3484	0.7120	0.0505s	1.2801	0.6870	0.5751
14
0098	0.2027	0.9553	1.3353	0.7240	0.0515s	1.2847	0.6960	0.5676
15
0099	0.2028	0.9553	1.3180	0.7160	0.0504s	1.2576	0.7020	0.5932
16
0100	0.1966	0.9632	1.3419	0.7000	0.0501s	1.2811	0.6930	0.5604
17
0101	0.1908	0.9579	1.4405	0.6820	0.0507s	1.3685	0.6940	0.5798
18
0102	0.2516	0.9395	1.4070	0.7120	0.0503s	1.3697	0.6820	0.5721
19
0103	0.2197	0.9421	1.4997	0.6920	0.0505s	1.4442	0.6760	0.5778
20
0104	0.2885	0.9053	1.3634	0.6840	0.0502s	1.2687	0.7030	0.5941
21
0105	0.2245	0.9553	1.4520	0.6780	0.0517s	1.3348	0.6830	0.5605
22
0106	0.2117	0.9658	1.3789	0.6940	0.0503s	1.2823	0.6840	0.5659
23
0107	0.1989	0.9763	1.4355	0.6980	0.0503s	1.3544	0.6840	0.5797
24
0108	0.2844	0.9316	1.3709	0.7040	0.0501s	1.2768	0.6850	0.5740
25
0109	0.1995	0.9632	1.3969	0.6920	0.0503s	1.2819	0.6860	0.5587
26
0110	0.2061	0.9553	1.3221	0.6980	0.0502s	1.2287	0.7020	0.5562
27
0111	0.2108	0.9605	1.3733	0.7040	0.0503s	1.2705	0.6850	0.5455
28
0112	0.2418	0.9474	1.4318	0.6940	0.0503s	1.3271	0.6770	0.5564
29
0113	0.2011	0.9789	1.4412	0.6960	0.0505s	1.3275	0.6780	0.5664
30
0114	0.2028	0.9553	1.3750	0.6920	0.0503s	1.2693	0.6810	0.5666
31
0115	0.2147	0.9632	1.2480	0.7160	0.0505s	1.1448	0.7080	0.5774
32
0116	0.2005	0.9605	1.2506	0.7020	0.0504s	1.1305	0.7140	0.5745
33
0117	0.1976	0.9711	1.2680	0.7100	0.0504s	1.1425	0.7120	0.5806
34
0118	0.1790	0.9789	1.3343	0.7040	0.0505s	1.2223	0.6990	0.5949
35
0119	0.1762	0.9711	1.4027	0.6960	0.0505s	1.3092	0.6850	0.5932
36
0120	0.1896	0.9632	1.3166	0.7040	0.0504s	1.2241	0.6910	0.5826
37
0121	0.1730	0.9711	1.2745	0.7100	0.0503s	1.1858	0.7050	0.5917
38
0122	0.1747	0.9684	1.2811	0.7180	0.0505s	1.1820	0.7030	0.5927
39
0123	0.1687	0.9684	1.3574	0.7140	0.0503s	1.2494	0.6880	0.5819
40
0124	0.1963	0.9632	1.4195	0.7060	0.0507s	1.3111	0.6860	0.5845
41
0125	0.1897	0.9737	1.3345	0.7040	0.0503s	1.2342	0.6860	0.5715
42
0126	0.2073	0.9711	1.3347	0.6960	0.0503s	1.2271	0.7070	0.5701
43
0127	0.1825	0.9579	1.3051	0.7080	0.0503s	1.2069	0.7040	0.5837
44
0128	0.1547	0.9684	1.4193	0.7020	0.0503s	1.3050	0.6880	0.5652
45
0129	0.1775	0.9763	1.4611	0.7000	0.0509s	1.3447	0.6810	0.5742
46
0130	0.1846	0.9605	1.3424	0.7140	0.0503s	1.2373	0.6910	0.5835
47
0131	0.1863	0.9553	1.2709	0.7080	0.0504s	1.1893	0.7090	0.5824
48
0132	0.1915	0.9684	1.2631	0.7140	0.0504s	1.1701	0.7140	0.5852
49
0133	0.1752	0.9737	1.4260	0.7060	0.0503s	1.3125	0.6840	0.5890
50
0134	0.1638	0.9763	1.5983	0.6840	0.0504s	1.4755	0.6720	0.5662
51
0135	0.2082	0.9711	1.4002	0.7140	0.0503s	1.3117	0.6920	0.5654
52
0136	0.1513	0.9763	1.3780	0.6960	0.0509s	1.3069	0.7040	0.5742
53
0137	0.2265	0.9658	1.3285	0.7200	0.0503s	1.2273	0.6990	0.5686
54
0138	0.1695	0.9763	1.4341	0.6920	0.0518s	1.3031	0.6900	0.5713
55
0139	0.2202	0.9500	1.3366	0.7040	0.0503s	1.2327	0.6920	0.5691
56
0140	0.1709	0.9684	1.3724	0.6880	0.0501s	1.2905	0.6930	0.5585
57
0141	0.1838	0.9684	1.3804	0.7060	0.0502s	1.3036	0.6930	0.5772
58
0142	0.1826	0.9737	1.4426	0.7180	0.0504s	1.3184	0.6890	0.5724
59
0143	0.1757	0.9684	1.5028	0.7000	0.0508s	1.3548	0.6820	0.5745
60
0144	0.2082	0.9474	1.3761	0.7180	0.0503s	1.2693	0.6930	0.5768
61
0145	0.1736	0.9737	1.3831	0.7020	0.0512s	1.3014	0.6930	0.5749
62
0146	0.2276	0.9368	1.3944	0.6900	0.0504s	1.3168	0.6930	0.5683
63
0147	0.2136	0.9368	1.3784	0.7040	0.0503s	1.2650	0.6930	0.5768
64
0148	0.1813	0.9684	1.4271	0.7180	0.0506s	1.2928	0.6900	0.5796
65
0149	0.1769	0.9763	1.4326	0.7080	0.0502s	1.2992	0.6930	0.5604
66
0150	0.2039	0.9632	1.3343	0.7280	0.0502s	1.2194	0.6960	0.5774
67
0151	0.1679	0.9684	1.3887	0.6920	0.0517s	1.2993	0.7000	0.5651
68
0152	0.1750	0.9816	1.3937	0.7000	0.0505s	1.2887	0.7020	0.5798
69
0153	0.1922	0.9605	1.4538	0.7000	0.0501s	1.3308	0.6890	0.5600
70
0154	0.2150	0.9500	1.4578	0.7020	0.0502s	1.3218	0.6850	0.5696
71
0155	0.1881	0.9658	1.3211	0.7240	0.0503s	1.1726	0.7050	0.5822
72
0156	0.1746	0.9579	1.2754	0.7200	0.0504s	1.1599	0.7270	0.5919
73
0157	0.1871	0.9553	1.2876	0.7100	0.0498s	1.1873	0.7030	0.5848
74
0158	0.1703	0.9632	1.3357	0.7140	0.0537s	1.2278	0.6870	0.5752
75
0159	0.1619	0.9737	1.4481	0.7020	0.0506s	1.3245	0.6820	0.5855
76
0160	0.1801	0.9711	1.4538	0.6900	0.0503s	1.3213	0.6790	0.5838
77
0161	0.1652	0.9868	1.3786	0.7060	0.0503s	1.2436	0.6920	0.5726
78
0162	0.1898	0.9526	1.3454	0.7080	0.0502s	1.2047	0.7060	0.5772
79
0163	0.1668	0.9711	1.3505	0.7120	0.0503s	1.2049	0.7090	0.5838
80
0164	0.1923	0.9605	1.3570	0.7180	0.0503s	1.2133	0.7060	0.5903
81
0165	0.1549	0.9842	1.4155	0.7060	0.0502s	1.2703	0.6970	0.5798
82
0166	0.1758	0.9789	1.3980	0.7100	0.0505s	1.2626	0.7000	0.5806
83
0167	0.1544	0.9868	1.4728	0.7060	0.0503s	1.3410	0.6850	0.5674
84
0168	0.1601	0.9684	1.4563	0.7080	0.0503s	1.3385	0.6870	0.5601
85
0169	0.1717	0.9684	1.4250	0.6980	0.0502s	1.3001	0.6980	0.5736
86
0170	0.1578	0.9763	1.3740	0.7120	0.0502s	1.2295	0.7020	0.5811
87
0171	0.1775	0.9789	1.3601	0.7180	0.0504s	1.1923	0.7110	0.5883
88
0172	0.1371	0.9737	1.3797	0.7220	0.0503s	1.2022	0.7160	0.5949
89
0173	0.1681	0.9737	1.4303	0.7200	0.0503s	1.2478	0.7120	0.5991
90
0174	0.1512	0.9763	1.4652	0.7020	0.0504s	1.2806	0.7020	0.5914
91
0175	0.1486	0.9816	1.4221	0.7060	0.0502s	1.2586	0.6940	0.5698
92
0176	0.1600	0.9711	1.4183	0.7060	0.0523s	1.2788	0.7020	0.5800
93
0177	0.1643	0.9737	1.3951	0.7120	0.0505s	1.2694	0.7030	0.5773
94
0178	0.1574	0.9816	1.4226	0.7120	0.0507s	1.2966	0.6940	0.5726
95
0179	0.1569	0.9763	1.4693	0.7060	0.0503s	1.3213	0.6970	0.5909
96
0180	0.1548	0.9763	1.3495	0.7260	0.0503s	1.1978	0.7130	0.5892
97
0181	0.1717	0.9579	1.3648	0.7200	0.0502s	1.2205	0.7090	0.5911
98
0182	0.1580	0.9658	1.5521	0.6800	0.0505s	1.3903	0.6820	0.5668
99
0183	0.2186	0.9579	1.3698	0.7080	0.0503s	1.2344	0.6960	0.5705
100
0184	0.1590	0.9684	1.3706	0.7020	0.0503s	1.2420	0.7020	0.5815
101
0185	0.1824	0.9684	1.3254	0.7120	0.0503s	1.1987	0.7140	0.5924
102
0186	0.1432	0.9684	1.4332	0.7080	0.0504s	1.2960	0.6910	0.5772
103
0187	0.1823	0.9684	1.4877	0.7040	0.0517s	1.3310	0.6960	0.5821
104
0188	0.1681	0.9684	1.4172	0.7140	0.0503s	1.2551	0.7060	0.5873
105
0189	0.1650	0.9816	1.4127	0.7100	0.0503s	1.2475	0.6920	0.5697
106
0190	0.1764	0.9579	1.3799	0.7200	0.0502s	1.2255	0.7000	0.5980
107
0191	0.1733	0.9711	1.4002	0.7040	0.0507s	1.2650	0.7000	0.5974
108
0192	0.1527	0.9763	1.4206	0.6980	0.0505s	1.2800	0.6960	0.5804
109
0193	0.1473	0.9789	1.3905	0.7120	0.0503s	1.2220	0.7070	0.5795
110
0194	0.1560	0.9816	1.3800	0.7000	0.0501s	1.1950	0.7090	0.5750
111
0195	0.1546	0.9868	1.4637	0.6940	0.0504s	1.2899	0.6900	0.5717
112
0196	0.1713	0.9711	1.4328	0.7120	0.0501s	1.2672	0.7050	0.5858
113
0197	0.1637	0.9632	1.4489	0.7020	0.0502s	1.3078	0.6960	0.5789
114
0198	0.2179	0.9579	1.4093	0.6960	0.0503s	1.2639	0.6930	0.5764
115
0199	0.1419	0.9737	1.4018	0.7080	0.0501s	1.2477	0.6970	0.5799
116
0200	0.1796	0.9763	1.3878	0.7160	0.0504s	1.2379	0.6960	0.5701
117
0201	0.1599	0.9684	1.4277	0.7160	0.0501s	1.2775	0.6960	0.5818
118
0202	0.1775	0.9711	1.3730	0.7140	0.0503s	1.2275	0.6990	0.5780
119
0203	0.1462	0.9737	1.3847	0.6940	0.0506s	1.2366	0.6930	0.5748
120
0204	0.1763	0.9737	1.4066	0.6920	0.0503s	1.2615	0.6970	0.5730
121
0205	0.1579	0.9763	1.4534	0.7020	0.0502s	1.2926	0.6970	0.5714
122
0206	0.1654	0.9711	1.3955	0.7060	0.0503s	1.2399	0.6960	0.5614
123
0207	0.1535	0.9842	1.3080	0.7100	0.0505s	1.1638	0.7140	0.5865
124
0208	0.1592	0.9763	1.3183	0.7100	0.0500s	1.1854	0.7110	0.6025
125
0209	0.1504	0.9763	1.3469	0.7180	0.0502s	1.2245	0.7030	0.5997
126
0210	0.1316	0.9737	1.4385	0.7040	0.0508s	1.3156	0.6940	0.5926
127
0211	0.1562	0.9658	1.4258	0.7160	0.0503s	1.2785	0.6910	0.5852
128
0212	0.1334	0.9921	1.4059	0.7040	0.0502s	1.2456	0.6960	0.5879
129
0213	0.1536	0.9658	1.3859	0.6980	0.0504s	1.2210	0.6950	0.5719
130
0214	0.1480	0.9842	1.3680	0.7020	0.0507s	1.2011	0.7020	0.5817
131
0215	0.1601	0.9737	1.3471	0.7080	0.0503s	1.1992	0.7110	0.5948
132
0216	0.1577	0.9816	1.4668	0.6980	0.0507s	1.3365	0.6830	0.5760
133
0217	0.1754	0.9684	1.4610	0.6960	0.0503s	1.3106	0.6940	0.5753
134
0218	0.1359	0.9842	1.4538	0.6960	0.0501s	1.3043	0.6830	0.5656
135
0219	0.1587	0.9737	1.3937	0.7000	0.0504s	1.2499	0.7080	0.5792
136
0220	0.1614	0.9684	1.4429	0.7000	0.0501s	1.3094	0.6960	0.5844
137
0221	0.1546	0.9737	1.4266	0.7040	0.0513s	1.2987	0.6920	0.5774
138
0222	0.1415	0.9895	1.4944	0.6820	0.0504s	1.3554	0.6880	0.5798
139
0223	0.1843	0.9632	1.3150	0.7160	0.0501s	1.1719	0.7120	0.5984
140
0224	0.1754	0.9632	1.5013	0.7000	0.0505s	1.3495	0.7010	0.6174
141
0225	0.1972	0.9684	1.5217	0.7060	0.0503s	1.3731	0.6910	0.5994
142
0226	0.1456	0.9711	1.4370	0.7120	0.0511s	1.3107	0.6810	0.5672
143
0227	0.1697	0.9579	1.3934	0.6920	0.0529s	1.2820	0.6880	0.5564
144
0228	0.1663	0.9763	1.3995	0.6840	0.0508s	1.2874	0.7000	0.5609
145
0229	0.1588	0.9711	1.4434	0.6940	0.0503s	1.2987	0.7100	0.5730
146
0230	0.1811	0.9579	1.4380	0.7080	0.0503s	1.2616	0.6990	0.5678
147
0231	0.1428	0.9632	1.5433	0.6980	0.0513s	1.3624	0.6770	0.5514
148
0232	0.1829	0.9684	1.4877	0.6920	0.0503s	1.3139	0.6810	0.5600
149
0233	0.1649	0.9816	1.4424	0.7020	0.0503s	1.2886	0.6880	0.5886
150
0234	0.1436	0.9868	1.4396	0.6980	0.0515s	1.2984	0.7000	0.6084
151
0235	0.1674	0.9711	1.3720	0.6980	0.0505s	1.2237	0.7100	0.6111
152
0236	0.1547	0.9816	1.3699	0.6960	0.0501s	1.2136	0.6980	0.5745
153
0237	0.1711	0.9737	1.4283	0.6860	0.0502s	1.2599	0.6920	0.5628
154
0238	0.1585	0.9684	1.3950	0.7060	0.0594s	1.2143	0.7010	0.5733
155
0239	0.1742	0.9684	1.4907	0.6980	0.0537s	1.2963	0.7050	0.5868
156
0240	0.1359	0.9711	1.5316	0.7060	0.0513s	1.3328	0.6970	0.5782
157
0241	0.1474	0.9789	1.5456	0.6980	0.0507s	1.3452	0.6900	0.5699
158
0242	0.1457	0.9763	1.4115	0.7040	0.0515s	1.2273	0.7030	0.5819
159
0243	0.1416	0.9868	1.3461	0.7000	0.0503s	1.2095	0.7020	0.5794
160
0244	0.1823	0.9711	1.3766	0.7060	0.0503s	1.2506	0.6960	0.5735
161
0245	0.1414	0.9895	1.4795	0.7080	0.0503s	1.3469	0.6850	0.5707
162
0246	0.1457	0.9789	1.5041	0.6980	0.0502s	1.3502	0.6910	0.5735
163
0247	0.1641	0.9711	1.4166	0.7040	0.0503s	1.2632	0.6960	0.5663
164
0248	0.1398	0.9684	1.3531	0.7100	0.0503s	1.2229	0.7120	0.5969
165
0249	0.1503	0.9737	1.3731	0.7140	0.0503s	1.2423	0.6950	0.5857
166
0250	0.1312	0.9737	1.4267	0.7140	0.0502s	1.2902	0.6880	0.5699
167
0251	0.1868	0.9632	1.4088	0.6980	0.0503s	1.2417	0.7020	0.5765
168
0252	0.1653	0.9658	1.3951	0.6980	0.0502s	1.2152	0.7070	0.5707
169
0253	0.1414	0.9868	1.3831	0.6980	0.0517s	1.2293	0.7050	0.5709
170
0254	0.1413	0.9789	1.4494	0.7100	0.0504s	1.2936	0.6990	0.5698
171
0255	0.1592	0.9684	1.5677	0.6940	0.0502s	1.4279	0.6760	0.5686
172
0256	0.2042	0.9500	1.4933	0.7000	0.0505s	1.3503	0.6820	0.5729
173
0257	0.1531	0.9658	1.3096	0.7020	0.0503s	1.1797	0.7040	0.5747
174
0258	0.1404	0.9895	1.2989	0.7020	0.0502s	1.1750	0.7170	0.5841
175
0259	0.1722	0.9605	1.3353	0.7140	0.0520s	1.1899	0.7110	0.5919
176
0260	0.1377	0.9789	1.4703	0.7040	0.0528s	1.3325	0.6890	0.5831
177
0261	0.1333	0.9895	1.6271	0.6800	0.0541s	1.4763	0.6760	0.5765
178
0262	0.1566	0.9711	1.4996	0.6880	0.0543s	1.3591	0.6870	0.5808
179
0263	0.1597	0.9763	1.3384	0.7080	0.0539s	1.2004	0.7080	0.5968
180
0264	0.1638	0.9737	1.3472	0.7120	0.0537s	1.1891	0.7290	0.6185
181
0265	0.1713	0.9658	1.4184	0.7140	0.0512s	1.2607	0.7090	0.5999
182
0266	0.1574	0.9816	1.5166	0.7040	0.0504s	1.3603	0.6800	0.5665
183
0267	0.1568	0.9684	1.5365	0.6900	0.0503s	1.3984	0.6750	0.5475
184
0268	0.1344	0.9632	1.4996	0.6920	0.0503s	1.3771	0.6810	0.5647
185
0269	0.1378	0.9816	1.4592	0.6900	0.0503s	1.3171	0.6900	0.5632
186
0270	0.1648	0.9737	1.4046	0.7020	0.0505s	1.2420	0.7010	0.5659
187
0271	0.1670	0.9632	1.3763	0.7120	0.0504s	1.2217	0.7000	0.5834
188
0272	0.1681	0.9737	1.5380	0.6860	0.0502s	1.3585	0.6910	0.5964
189
0273	0.1455	0.9789	1.5330	0.6880	0.0502s	1.3615	0.6860	0.5835
190
0274	0.1551	0.9789	1.5125	0.7020	0.0518s	1.3498	0.6830	0.5568
191
0275	0.1475	0.9658	1.4690	0.7040	0.0505s	1.3140	0.6890	0.5649
192
0276	0.1836	0.9711	1.5728	0.6760	0.0502s	1.4127	0.6850	0.5664
193
0277	0.1787	0.9605	1.3672	0.7180	0.0503s	1.2024	0.7170	0.5850
194
0278	0.1524	0.9579	1.4542	0.7080	0.0504s	1.2832	0.6980	0.5731
195
0279	0.1631	0.9632	1.5766	0.6980	0.0503s	1.4071	0.6880	0.5612
196
0280	0.1553	0.9921	1.6279	0.6920	0.0503s	1.4618	0.6760	0.5570
197
0281	0.1926	0.9658	1.4511	0.7080	0.0504s	1.3028	0.6880	0.5599
198
0282	0.1740	0.9658	1.4375	0.7060	0.0502s	1.2678	0.6940	0.5566
199
Early stop! Min loss:1.2366502285003662,  Max accuracy:0.73
Early stop model validation loss:1.2366502285003662,  accuracy:0.71
Optimization Finished!
Total time elapsed: 14.6428s
test max acc:0.7290
Loading 57th epoch
stru_node_to_hop attention:tensor([[0.2390, 0.2539, 0.2534, 0.2537],
        [0.2484, 0.2501, 0.2507, 0.2508],
        [0.2456, 0.2519, 0.2512, 0.2512],
        [0.2446, 0.2514, 0.2516, 0.2523],
        [0.2561, 0.2578, 0.2462, 0.2398],
        [0.2457, 0.2516, 0.2515, 0.2513],
        [0.2477, 0.2506, 0.2509, 0.2508],
        [0.2412, 0.2525, 0.2526, 0.2537],
        [0.2403, 0.2532, 0.2531, 0.2534],
        [0.2482, 0.2499, 0.2510, 0.2510],
        [0.2452, 0.2511, 0.2518, 0.2519],
        [0.2460, 0.2511, 0.2513, 0.2516],
        [0.2471, 0.2498, 0.2521, 0.2510],
        [0.2256, 0.2496, 0.2626, 0.2622],
        [0.2413, 0.2386, 0.2589, 0.2612],
        [0.2500, 0.2500, 0.2500, 0.2500],
        [0.2500, 0.2500, 0.2500, 0.2500],
        [0.2468, 0.2506, 0.2512, 0.2514],
        [0.2663, 0.2464, 0.2444, 0.2429],
        [0.2499, 0.2499, 0.2501, 0.2501],
        [0.2468, 0.2506, 0.2513, 0.2514],
        [0.2498, 0.2500, 0.2501, 0.2501],
        [0.2500, 0.2500, 0.2500, 0.2500],
        [0.2500, 0.2500, 0.2500, 0.2500],
        [0.2461, 0.2499, 0.2517, 0.2523],
        [0.2500, 0.2500, 0.2500, 0.2500],
        [0.2503, 0.2499, 0.2499, 0.2499],
        [0.2501, 0.2500, 0.2500, 0.2500],
        [0.2500, 0.2500, 0.2500, 0.2500],
        [0.2500, 0.2500, 0.2500, 0.2500],
        [0.2436, 0.2523, 0.2521, 0.2520],
        [0.2500, 0.2500, 0.2500, 0.2500],
        [0.2598, 0.2462, 0.2472, 0.2469],
        [0.2680, 0.2434, 0.2457, 0.2429],
        [0.2496, 0.2500, 0.2501, 0.2503],
        [0.2498, 0.2501, 0.2501, 0.2501],
        [0.2481, 0.2495, 0.2511, 0.2513],
        [0.2495, 0.2501, 0.2502, 0.2502],
        [0.2502, 0.2499, 0.2499, 0.2499],
        [0.2494, 0.2500, 0.2503, 0.2503],
        [0.2485, 0.2503, 0.2505, 0.2506],
        [0.2471, 0.2505, 0.2512, 0.2512],
        [0.2483, 0.2495, 0.2508, 0.2513],
        [0.2495, 0.2501, 0.2502, 0.2502],
        [0.2453, 0.2508, 0.2519, 0.2519],
        [0.1863, 0.3442, 0.2557, 0.2138],
        [0.2500, 0.2500, 0.2500, 0.2500],
        [0.2457, 0.2518, 0.2514, 0.2511],
        [0.2500, 0.2500, 0.2500, 0.2500],
        [0.2808, 0.2547, 0.2300, 0.2345],
        [0.2500, 0.2500, 0.2500, 0.2500],
        [0.2501, 0.2500, 0.2500, 0.2500],
        [0.2499, 0.2500, 0.2501, 0.2500],
        [0.2479, 0.2474, 0.2520, 0.2527],
        [0.2499, 0.2500, 0.2501, 0.2501],
        [0.2530, 0.2400, 0.2536, 0.2534],
        [0.2635, 0.2112, 0.2613, 0.2640],
        [0.2500, 0.2500, 0.2500, 0.2500],
        [0.2500, 0.2500, 0.2500, 0.2500],
        [0.2498, 0.2500, 0.2501, 0.2501],
        [0.2493, 0.2498, 0.2503, 0.2506],
        [0.2502, 0.2500, 0.2499, 0.2499],
        [0.2500, 0.2500, 0.2500, 0.2500],
        [0.2497, 0.2500, 0.2502, 0.2502],
        [0.2501, 0.2500, 0.2500, 0.2500],
        [0.2516, 0.2453, 0.2527, 0.2504],
        [0.2500, 0.2500, 0.2500, 0.2500],
        [0.2496, 0.2501, 0.2501, 0.2501],
        [0.2505, 0.2495, 0.2499, 0.2500],
        [0.2500, 0.2500, 0.2500, 0.2500],
        [0.2499, 0.2500, 0.2500, 0.2500],
        [0.2498, 0.2500, 0.2501, 0.2501],
        [0.2467, 0.2497, 0.2517, 0.2518],
        [0.2500, 0.2500, 0.2500, 0.2500],
        [0.2497, 0.2500, 0.2501, 0.2502],
        [0.2500, 0.2500, 0.2500, 0.2500],
        [0.2500, 0.2500, 0.2500, 0.2500],
        [0.2488, 0.2498, 0.2506, 0.2508],
        [0.2499, 0.2501, 0.2500, 0.2500],
        [0.2497, 0.2501, 0.2501, 0.2501],
        [0.2399, 0.2546, 0.2523, 0.2533],
        [0.2475, 0.2508, 0.2508, 0.2509],
        [0.2500, 0.2500, 0.2500, 0.2500],
        [0.2500, 0.2500, 0.2500, 0.2500],
        [0.2447, 0.2508, 0.2519, 0.2526],
        [0.2422, 0.2524, 0.2525, 0.2528],
        [0.2428, 0.2536, 0.2518, 0.2517],
        [0.2500, 0.2500, 0.2500, 0.2500],
        [0.2502, 0.2500, 0.2499, 0.2499],
        [0.2500, 0.2500, 0.2500, 0.2500],
        [0.2500, 0.2500, 0.2500, 0.2500],
        [0.2500, 0.2500, 0.2500, 0.2500],
        [0.2501, 0.2500, 0.2499, 0.2499],
        [0.2497, 0.2499, 0.2502, 0.2502],
        [0.2493, 0.2500, 0.2504, 0.2503],
        [0.2500, 0.2500, 0.2500, 0.2500],
        [0.2466, 0.2505, 0.2517, 0.2512],
        [0.2429, 0.2527, 0.2521, 0.2523],
        [0.2500, 0.2500, 0.2500, 0.2500],
        [0.2501, 0.2500, 0.2500, 0.2499]], device='cuda:1')
fea_node_to_hop attention:tensor([[0.1398, 0.1437, 0.1432, 0.1434, 0.1433, 0.1433, 0.1433],
        [0.1419, 0.1428, 0.1429, 0.1430, 0.1431, 0.1431, 0.1431],
        [0.1411, 0.1434, 0.1433, 0.1432, 0.1431, 0.1430, 0.1430],
        [0.1413, 0.1434, 0.1431, 0.1431, 0.1430, 0.1430, 0.1430],
        [0.1453, 0.1512, 0.1437, 0.1419, 0.1404, 0.1392, 0.1382],
        [0.1416, 0.1432, 0.1432, 0.1431, 0.1430, 0.1430, 0.1429],
        [0.1419, 0.1433, 0.1431, 0.1430, 0.1429, 0.1429, 0.1428],
        [0.1411, 0.1429, 0.1431, 0.1432, 0.1432, 0.1433, 0.1433],
        [0.1391, 0.1432, 0.1434, 0.1435, 0.1436, 0.1436, 0.1436],
        [0.1420, 0.1429, 0.1430, 0.1430, 0.1430, 0.1431, 0.1431],
        [0.1417, 0.1428, 0.1430, 0.1431, 0.1431, 0.1432, 0.1432],
        [0.1419, 0.1430, 0.1431, 0.1431, 0.1430, 0.1430, 0.1430],
        [0.1400, 0.1439, 0.1432, 0.1431, 0.1431, 0.1433, 0.1435],
        [0.1406, 0.1414, 0.1428, 0.1430, 0.1432, 0.1441, 0.1449],
        [0.1275, 0.1367, 0.1453, 0.1467, 0.1477, 0.1480, 0.1481],
        [0.1429, 0.1429, 0.1429, 0.1429, 0.1429, 0.1429, 0.1429],
        [0.1428, 0.1429, 0.1429, 0.1429, 0.1429, 0.1429, 0.1429],
        [0.1418, 0.1430, 0.1430, 0.1430, 0.1430, 0.1430, 0.1430],
        [0.1437, 0.1424, 0.1424, 0.1428, 0.1430, 0.1429, 0.1428],
        [0.1426, 0.1429, 0.1429, 0.1429, 0.1429, 0.1429, 0.1429],
        [0.1419, 0.1429, 0.1431, 0.1431, 0.1430, 0.1430, 0.1430],
        [0.1428, 0.1428, 0.1429, 0.1429, 0.1429, 0.1429, 0.1429],
        [0.1429, 0.1428, 0.1429, 0.1429, 0.1429, 0.1429, 0.1429],
        [0.1428, 0.1429, 0.1429, 0.1429, 0.1429, 0.1429, 0.1429],
        [0.1410, 0.1429, 0.1431, 0.1432, 0.1432, 0.1433, 0.1433],
        [0.1428, 0.1429, 0.1429, 0.1429, 0.1429, 0.1429, 0.1429],
        [0.1430, 0.1428, 0.1428, 0.1428, 0.1428, 0.1428, 0.1428],
        [0.1429, 0.1429, 0.1428, 0.1428, 0.1428, 0.1428, 0.1429],
        [0.1428, 0.1429, 0.1429, 0.1429, 0.1429, 0.1429, 0.1429],
        [0.1428, 0.1429, 0.1429, 0.1429, 0.1429, 0.1429, 0.1429],
        [0.1392, 0.1434, 0.1435, 0.1435, 0.1435, 0.1435, 0.1435],
        [0.1428, 0.1429, 0.1429, 0.1429, 0.1429, 0.1429, 0.1429],
        [0.1395, 0.1428, 0.1438, 0.1430, 0.1432, 0.1437, 0.1439],
        [0.1423, 0.1431, 0.1422, 0.1427, 0.1430, 0.1432, 0.1434],
        [0.1425, 0.1431, 0.1430, 0.1429, 0.1429, 0.1428, 0.1428],
        [0.1428, 0.1429, 0.1429, 0.1429, 0.1429, 0.1429, 0.1429],
        [0.1413, 0.1429, 0.1431, 0.1432, 0.1432, 0.1432, 0.1432],
        [0.1426, 0.1429, 0.1429, 0.1429, 0.1429, 0.1429, 0.1429],
        [0.1431, 0.1428, 0.1428, 0.1428, 0.1428, 0.1428, 0.1428],
        [0.1420, 0.1430, 0.1430, 0.1430, 0.1430, 0.1430, 0.1430],
        [0.1421, 0.1429, 0.1430, 0.1430, 0.1430, 0.1430, 0.1430],
        [0.1416, 0.1432, 0.1431, 0.1431, 0.1430, 0.1430, 0.1430],
        [0.1420, 0.1429, 0.1430, 0.1430, 0.1430, 0.1430, 0.1430],
        [0.1425, 0.1429, 0.1429, 0.1429, 0.1429, 0.1429, 0.1429],
        [0.1413, 0.1430, 0.1432, 0.1432, 0.1431, 0.1431, 0.1431],
        [0.1346, 0.1323, 0.1432, 0.1476, 0.1471, 0.1477, 0.1475],
        [0.1428, 0.1429, 0.1429, 0.1429, 0.1429, 0.1429, 0.1429],
        [0.1418, 0.1432, 0.1431, 0.1430, 0.1430, 0.1430, 0.1430],
        [0.1428, 0.1429, 0.1429, 0.1429, 0.1429, 0.1429, 0.1429],
        [0.1527, 0.1537, 0.1440, 0.1410, 0.1389, 0.1362, 0.1335],
        [0.1428, 0.1429, 0.1429, 0.1429, 0.1429, 0.1429, 0.1429],
        [0.1429, 0.1429, 0.1429, 0.1429, 0.1429, 0.1429, 0.1429],
        [0.1429, 0.1429, 0.1429, 0.1429, 0.1429, 0.1429, 0.1429],
        [0.1363, 0.1423, 0.1433, 0.1443, 0.1446, 0.1447, 0.1446],
        [0.1427, 0.1429, 0.1429, 0.1429, 0.1429, 0.1429, 0.1429],
        [0.1354, 0.1390, 0.1449, 0.1448, 0.1452, 0.1454, 0.1453],
        [0.1413, 0.1241, 0.1423, 0.1461, 0.1486, 0.1489, 0.1487],
        [0.1429, 0.1429, 0.1429, 0.1429, 0.1429, 0.1429, 0.1429],
        [0.1428, 0.1429, 0.1429, 0.1429, 0.1429, 0.1429, 0.1429],
        [0.1428, 0.1429, 0.1429, 0.1429, 0.1429, 0.1429, 0.1429],
        [0.1425, 0.1429, 0.1429, 0.1429, 0.1429, 0.1429, 0.1429],
        [0.1429, 0.1428, 0.1429, 0.1429, 0.1429, 0.1429, 0.1429],
        [0.1428, 0.1429, 0.1429, 0.1429, 0.1429, 0.1429, 0.1429],
        [0.1426, 0.1429, 0.1429, 0.1429, 0.1429, 0.1429, 0.1429],
        [0.1429, 0.1429, 0.1429, 0.1429, 0.1429, 0.1429, 0.1429],
        [0.1363, 0.1428, 0.1437, 0.1438, 0.1442, 0.1445, 0.1447],
        [0.1429, 0.1429, 0.1429, 0.1429, 0.1429, 0.1429, 0.1429],
        [0.1426, 0.1429, 0.1429, 0.1429, 0.1429, 0.1429, 0.1429],
        [0.1429, 0.1428, 0.1429, 0.1428, 0.1429, 0.1428, 0.1429],
        [0.1429, 0.1429, 0.1429, 0.1429, 0.1429, 0.1429, 0.1429],
        [0.1428, 0.1429, 0.1429, 0.1429, 0.1429, 0.1429, 0.1429],
        [0.1428, 0.1429, 0.1429, 0.1429, 0.1429, 0.1429, 0.1429],
        [0.1414, 0.1428, 0.1431, 0.1431, 0.1432, 0.1432, 0.1432],
        [0.1429, 0.1429, 0.1429, 0.1429, 0.1429, 0.1429, 0.1429],
        [0.1426, 0.1429, 0.1429, 0.1429, 0.1429, 0.1429, 0.1429],
        [0.1429, 0.1429, 0.1429, 0.1429, 0.1429, 0.1429, 0.1429],
        [0.1428, 0.1429, 0.1429, 0.1429, 0.1429, 0.1429, 0.1429],
        [0.1413, 0.1433, 0.1432, 0.1431, 0.1430, 0.1430, 0.1429],
        [0.1428, 0.1429, 0.1429, 0.1429, 0.1429, 0.1429, 0.1429],
        [0.1427, 0.1429, 0.1429, 0.1429, 0.1429, 0.1429, 0.1429],
        [0.1379, 0.1435, 0.1435, 0.1437, 0.1438, 0.1438, 0.1438],
        [0.1417, 0.1430, 0.1431, 0.1431, 0.1431, 0.1431, 0.1431],
        [0.1428, 0.1429, 0.1429, 0.1429, 0.1429, 0.1429, 0.1429],
        [0.1429, 0.1429, 0.1429, 0.1429, 0.1429, 0.1429, 0.1429],
        [0.1409, 0.1427, 0.1431, 0.1433, 0.1433, 0.1433, 0.1433],
        [0.1397, 0.1432, 0.1433, 0.1434, 0.1434, 0.1435, 0.1435],
        [0.1424, 0.1420, 0.1426, 0.1429, 0.1432, 0.1434, 0.1436],
        [0.1429, 0.1429, 0.1429, 0.1429, 0.1429, 0.1429, 0.1429],
        [0.1430, 0.1428, 0.1428, 0.1428, 0.1428, 0.1428, 0.1428],
        [0.1429, 0.1429, 0.1429, 0.1429, 0.1429, 0.1429, 0.1429],
        [0.1429, 0.1429, 0.1429, 0.1429, 0.1429, 0.1429, 0.1429],
        [0.1429, 0.1429, 0.1429, 0.1429, 0.1429, 0.1429, 0.1429],
        [0.1428, 0.1429, 0.1429, 0.1429, 0.1429, 0.1429, 0.1429],
        [0.1428, 0.1429, 0.1429, 0.1429, 0.1429, 0.1429, 0.1429],
        [0.1424, 0.1429, 0.1429, 0.1429, 0.1429, 0.1429, 0.1429],
        [0.1428, 0.1429, 0.1429, 0.1429, 0.1429, 0.1429, 0.1429],
        [0.1428, 0.1436, 0.1431, 0.1428, 0.1426, 0.1425, 0.1425],
        [0.1410, 0.1432, 0.1432, 0.1432, 0.1432, 0.1431, 0.1431],
        [0.1429, 0.1429, 0.1429, 0.1429, 0.1429, 0.1429, 0.1429],
        [0.1431, 0.1429, 0.1428, 0.1428, 0.1428, 0.1428, 0.1428]],
       device='cuda:1')
perception attention:tensor([0.4807, 0.5193], device='cuda:1')
Test set results: loss= 1.1771 accuracy= 0.7170 F1_score= 0.5832
