# epoch	loss_train	acc_train	loss_val	acc_val	time	acc_test	f1_test
0001	2.9943	0.0316	4.9633	0.2620	0.0504s	4.6071	0.2730	0.0864
0
0002	5.0973	0.2553	4.9041	0.0740	0.0501s	4.6967	0.0720	0.0071
0
0003	4.8091	0.0763	3.4682	0.2760	0.0501s	3.3256	0.3030	0.1288
0
0004	3.3948	0.3053	2.7272	0.3240	0.0505s	2.6195	0.3530	0.1835
0
0005	2.6111	0.3421	2.5362	0.3200	0.0502s	2.4414	0.3600	0.1976
0
0006	2.3781	0.3658	2.3265	0.3520	0.0503s	2.2257	0.3820	0.2509
0
0007	2.1843	0.3789	2.0915	0.4240	0.0503s	2.0013	0.4870	0.2862
0
0008	1.9740	0.4737	1.9314	0.4540	0.0506s	1.8554	0.4680	0.3022
0
0009	1.8204	0.4842	1.7715	0.5140	0.0502s	1.6844	0.5400	0.3501
0
0010	1.6270	0.5342	1.6771	0.5340	0.0502s	1.5629	0.5540	0.3508
0
0011	1.4667	0.5579	1.5706	0.5500	0.0510s	1.4483	0.6150	0.4093
0
0012	1.3311	0.6053	1.5542	0.5360	0.0515s	1.4263	0.5900	0.4264
0
0013	1.2689	0.6132	1.5410	0.5500	0.0509s	1.4078	0.5900	0.4371
0
0014	1.1995	0.6237	1.4899	0.5860	0.0504s	1.3403	0.6190	0.4606
0
0015	1.0970	0.6632	1.4725	0.5740	0.0503s	1.2905	0.6260	0.4078
0
0016	1.0512	0.6500	1.4800	0.5860	0.0504s	1.2956	0.6280	0.4377
0
0017	1.0134	0.6526	1.4635	0.5940	0.0510s	1.2930	0.6300	0.4590
0
0018	0.9667	0.6763	1.4747	0.5780	0.0509s	1.3214	0.6230	0.4637
0
0019	0.8819	0.7184	1.4120	0.6000	0.0505s	1.2701	0.6290	0.4804
1
0020	0.8318	0.7368	1.3613	0.6080	0.0502s	1.2121	0.6540	0.4971
0
0021	0.8082	0.7395	1.3271	0.6340	0.0507s	1.1966	0.6710	0.5098
0
0022	0.7563	0.7474	1.3019	0.6400	0.0501s	1.1859	0.6850	0.5295
0
0023	0.7080	0.7816	1.3069	0.6480	0.0503s	1.1860	0.6750	0.5321
0
0024	0.6959	0.7711	1.3178	0.6320	0.0502s	1.2118	0.6540	0.5073
0
0025	0.6636	0.8053	1.3147	0.6280	0.0505s	1.2174	0.6600	0.5155
1
0026	0.6085	0.8184	1.3184	0.6640	0.0502s	1.2200	0.6710	0.5301
2
0027	0.5603	0.8158	1.2932	0.6760	0.0502s	1.1845	0.6990	0.5565
0
0028	0.5330	0.8368	1.2914	0.6800	0.0502s	1.1653	0.6970	0.5517
0
0029	0.5096	0.8632	1.2888	0.6840	0.0500s	1.1549	0.6990	0.5572
0
0030	0.4878	0.8605	1.3123	0.6880	0.0503s	1.1837	0.6940	0.5538
0
0031	0.4332	0.8816	1.3565	0.6860	0.0502s	1.2314	0.6860	0.5722
0
0032	0.4478	0.8658	1.3829	0.6580	0.0504s	1.2864	0.6710	0.5520
1
0033	0.4701	0.8447	1.3467	0.6780	0.0504s	1.2351	0.6770	0.5619
2
0034	0.4191	0.8974	1.3630	0.6860	0.0501s	1.2546	0.6840	0.5643
3
0035	0.4028	0.8816	1.4242	0.6720	0.0502s	1.3347	0.6670	0.5516
4
0036	0.3915	0.8737	1.2873	0.6940	0.0501s	1.2075	0.7070	0.5650
5
0037	0.3814	0.8921	1.3393	0.6840	0.0502s	1.2279	0.6830	0.5812
0
0038	0.3992	0.9026	1.3215	0.6840	0.0500s	1.2050	0.6980	0.5709
1
0039	0.3379	0.9184	1.4233	0.6840	0.0502s	1.3130	0.6810	0.5635
2
0040	0.3326	0.9132	1.3259	0.7140	0.0501s	1.2127	0.7110	0.5916
3
0041	0.3261	0.9158	1.3284	0.6940	0.0503s	1.2143	0.6940	0.5754
0
0042	0.3165	0.9026	1.3525	0.6840	0.0503s	1.2552	0.6790	0.5620
1
0043	0.2976	0.9368	1.3150	0.6900	0.0504s	1.2347	0.6950	0.5644
2
0044	0.2899	0.9237	1.3959	0.6640	0.0502s	1.2959	0.6910	0.5554
3
0045	0.2987	0.9211	1.4207	0.6880	0.0500s	1.2995	0.6910	0.5622
4
0046	0.2873	0.9211	1.3518	0.6940	0.0501s	1.2464	0.6920	0.5651
5
0047	0.3024	0.9184	1.2990	0.7020	0.0501s	1.2232	0.7040	0.5751
6
0048	0.3023	0.9158	1.3139	0.7140	0.0502s	1.2246	0.7090	0.5770
7
0049	0.2575	0.9500	1.3971	0.7060	0.0504s	1.2958	0.7080	0.6060
0
0050	0.2895	0.9263	1.2910	0.6860	0.0504s	1.2019	0.7120	0.5771
1
0051	0.2547	0.9421	1.3007	0.6920	0.0505s	1.2092	0.6990	0.5668
2
0052	0.2703	0.9553	1.3187	0.6920	0.0502s	1.2262	0.6930	0.5654
3
0053	0.2544	0.9447	1.4097	0.6900	0.0505s	1.3098	0.6700	0.5602
4
0054	0.2826	0.9184	1.3374	0.7100	0.0505s	1.2338	0.6940	0.5655
5
0055	0.2440	0.9526	1.3575	0.7080	0.0502s	1.2523	0.6870	0.5646
6
0056	0.2576	0.9500	1.3393	0.7120	0.0507s	1.2352	0.6980	0.5729
7
0057	0.2129	0.9632	1.3405	0.7100	0.0503s	1.2254	0.6990	0.5763
8
0058	0.2377	0.9553	1.3694	0.7060	0.0504s	1.2574	0.6880	0.5590
9
0059	0.2346	0.9447	1.3392	0.7100	0.0506s	1.2317	0.6970	0.5712
10
0060	0.2170	0.9579	1.3281	0.7000	0.0509s	1.2192	0.7170	0.5745
11
0061	0.2291	0.9474	1.2918	0.7060	0.0503s	1.1892	0.7180	0.5733
12
0062	0.2300	0.9474	1.3398	0.7180	0.0502s	1.2248	0.6900	0.5626
13
0063	0.2040	0.9763	1.4366	0.7040	0.0505s	1.3167	0.6760	0.5733
0
0064	0.2257	0.9526	1.3737	0.7140	0.0506s	1.2788	0.6880	0.5647
1
0065	0.2142	0.9421	1.3226	0.7080	0.0503s	1.2300	0.7040	0.5692
2
0066	0.2086	0.9579	1.3154	0.6960	0.0502s	1.2035	0.6960	0.5676
3
0067	0.2229	0.9579	1.3715	0.7000	0.0504s	1.2388	0.7000	0.5755
4
0068	0.2087	0.9658	1.4589	0.6980	0.0505s	1.3282	0.6980	0.5809
5
0069	0.2025	0.9579	1.3472	0.7000	0.0503s	1.2446	0.6990	0.5754
6
0070	0.2161	0.9579	1.2579	0.7040	0.0507s	1.1840	0.7130	0.5770
7
0071	0.2320	0.9474	1.3059	0.7120	0.0502s	1.2206	0.6980	0.5611
0
0072	0.2321	0.9368	1.4832	0.6980	0.0510s	1.3837	0.6800	0.5518
1
0073	0.2148	0.9500	1.5523	0.7000	0.0503s	1.4548	0.6850	0.5786
2
0074	0.2548	0.9342	1.2942	0.7040	0.0506s	1.2120	0.7100	0.5784
3
0075	0.2158	0.9553	1.2686	0.6960	0.0505s	1.2209	0.7000	0.5620
4
0076	0.2615	0.9263	1.4304	0.6960	0.0514s	1.3376	0.6900	0.5724
5
0077	0.2278	0.9447	1.5299	0.6900	0.0510s	1.4181	0.6840	0.5919
6
0078	0.2559	0.9316	1.3389	0.7020	0.0504s	1.2403	0.7100	0.5772
7
0079	0.2241	0.9553	1.2751	0.7020	0.0508s	1.2065	0.7130	0.5759
8
0080	0.2494	0.9447	1.2660	0.7060	0.0507s	1.1945	0.7040	0.5696
9
0081	0.1927	0.9658	1.3885	0.7020	0.0505s	1.3091	0.6800	0.5688
10
0082	0.2187	0.9526	1.4288	0.6920	0.0503s	1.3463	0.6830	0.5688
11
0083	0.2349	0.9632	1.3163	0.7100	0.0504s	1.2278	0.7000	0.5706
12
0084	0.2059	0.9684	1.2575	0.7040	0.0517s	1.1651	0.7220	0.5842
13
0085	0.1924	0.9684	1.2473	0.7160	0.0526s	1.1563	0.7110	0.5827
0
0086	0.2116	0.9605	1.3468	0.7100	0.0508s	1.2343	0.6930	0.5798
0
0087	0.2042	0.9658	1.3899	0.7060	0.0510s	1.2874	0.6880	0.5627
1
0088	0.1797	0.9737	1.3800	0.7060	0.0524s	1.2857	0.6890	0.5741
2
0089	0.2175	0.9526	1.2828	0.7140	0.0519s	1.2037	0.6920	0.5650
3
0090	0.1915	0.9711	1.2632	0.7140	0.0520s	1.1756	0.6960	0.5627
4
0091	0.2170	0.9553	1.3019	0.6980	0.0525s	1.2099	0.6920	0.5628
5
0092	0.2091	0.9553	1.2954	0.7120	0.0515s	1.2001	0.7000	0.5711
6
0093	0.2028	0.9737	1.3338	0.7160	0.0510s	1.2391	0.6930	0.5671
7
0094	0.1999	0.9632	1.3660	0.7080	0.0509s	1.2576	0.6830	0.5552
8
0095	0.2087	0.9447	1.3838	0.6920	0.0516s	1.2588	0.6790	0.5574
9
0096	0.1926	0.9553	1.3538	0.6880	0.0502s	1.2301	0.6980	0.5708
10
0097	0.1857	0.9711	1.3123	0.7200	0.0503s	1.1946	0.7040	0.5713
11
0098	0.1886	0.9658	1.3241	0.7160	0.0517s	1.2081	0.6940	0.5732
0
0099	0.1918	0.9789	1.3202	0.7020	0.0512s	1.2239	0.7020	0.5791
1
0100	0.2056	0.9605	1.3571	0.7080	0.0509s	1.2586	0.6940	0.5728
2
0101	0.2281	0.9553	1.4162	0.6900	0.0501s	1.2787	0.6850	0.5635
3
0102	0.2000	0.9684	1.4465	0.6900	0.0507s	1.2875	0.6850	0.5599
4
0103	0.1981	0.9737	1.3910	0.7100	0.0507s	1.2469	0.7070	0.5716
5
0104	0.1876	0.9605	1.3415	0.7160	0.0508s	1.2141	0.7120	0.5759
6
0105	0.1845	0.9605	1.2848	0.7200	0.0505s	1.1652	0.7120	0.5822
7
0106	0.1932	0.9684	1.3491	0.7000	0.0519s	1.2266	0.6960	0.5772
0
0107	0.1763	0.9684	1.4145	0.7020	0.0520s	1.2841	0.6830	0.5623
1
0108	0.1726	0.9737	1.3850	0.7200	0.0504s	1.2682	0.6960	0.5666
2
0109	0.1826	0.9684	1.3655	0.7120	0.0509s	1.2520	0.7040	0.5784
0
0110	0.1919	0.9684	1.3213	0.7100	0.0512s	1.2026	0.7000	0.5726
1
0111	0.1867	0.9684	1.3723	0.6940	0.0503s	1.2501	0.7080	0.5872
2
0112	0.2032	0.9526	1.3749	0.7040	0.0501s	1.2462	0.7040	0.5751
3
0113	0.1678	0.9842	1.4602	0.7000	0.0506s	1.3210	0.6970	0.5572
4
0114	0.2037	0.9737	1.3705	0.7120	0.0502s	1.2475	0.6990	0.5760
5
0115	0.1683	0.9658	1.3593	0.6880	0.0507s	1.2570	0.7060	0.5781
6
0116	0.1902	0.9658	1.3753	0.6940	0.0515s	1.2798	0.6920	0.5662
7
0117	0.1866	0.9605	1.4159	0.7000	0.0505s	1.3035	0.6810	0.5657
8
0118	0.1682	0.9921	1.4439	0.7060	0.0507s	1.3259	0.6800	0.5770
9
0119	0.1934	0.9632	1.3799	0.7040	0.0507s	1.2745	0.7060	0.5835
10
0120	0.1913	0.9500	1.3348	0.6800	0.0513s	1.2358	0.7050	0.5820
11
0121	0.2125	0.9553	1.3091	0.7060	0.0502s	1.1961	0.7200	0.5892
12
0122	0.1886	0.9684	1.3819	0.7020	0.0511s	1.2390	0.7040	0.5784
13
0123	0.1995	0.9579	1.4606	0.6920	0.0505s	1.3184	0.7020	0.5785
14
0124	0.1951	0.9605	1.4469	0.6780	0.0507s	1.3086	0.6900	0.5669
15
0125	0.2005	0.9579	1.3438	0.7180	0.0512s	1.2457	0.6900	0.5692
16
0126	0.1776	0.9711	1.3874	0.7060	0.0504s	1.3023	0.6830	0.5636
17
0127	0.1911	0.9605	1.3635	0.7060	0.0504s	1.2669	0.7000	0.5713
18
0128	0.2235	0.9605	1.4187	0.6860	0.0505s	1.2636	0.7050	0.5743
19
0129	0.1976	0.9605	1.4168	0.6960	0.0504s	1.2634	0.6970	0.5749
20
0130	0.1792	0.9684	1.4542	0.6980	0.0503s	1.3068	0.6950	0.5811
21
0131	0.2050	0.9632	1.4126	0.7120	0.0507s	1.2734	0.6930	0.5783
22
0132	0.2116	0.9526	1.3654	0.7160	0.0504s	1.2294	0.7030	0.5758
23
0133	0.1590	0.9711	1.4394	0.6940	0.0506s	1.2987	0.6960	0.5784
24
0134	0.1865	0.9632	1.4039	0.7100	0.0507s	1.2864	0.7020	0.5824
25
0135	0.1650	0.9789	1.3900	0.7060	0.0503s	1.2823	0.6930	0.5692
26
0136	0.1693	0.9711	1.3366	0.7000	0.0503s	1.2319	0.7030	0.5754
27
0137	0.1662	0.9763	1.3035	0.7080	0.0502s	1.1935	0.7070	0.5793
28
0138	0.1919	0.9526	1.4095	0.7100	0.0509s	1.2767	0.7010	0.5815
29
0139	0.1813	0.9632	1.4334	0.7040	0.0502s	1.2874	0.7010	0.5658
30
0140	0.1715	0.9579	1.3257	0.7140	0.0503s	1.1746	0.7100	0.5821
31
0141	0.1747	0.9789	1.2945	0.7160	0.0505s	1.1599	0.7010	0.5796
32
0142	0.1798	0.9605	1.4279	0.7020	0.0505s	1.3027	0.6790	0.5692
33
0143	0.1685	0.9684	1.4830	0.6860	0.0503s	1.3663	0.6770	0.5645
34
0144	0.1775	0.9763	1.3419	0.7080	0.0503s	1.2429	0.7010	0.5709
35
0145	0.2027	0.9553	1.3677	0.6800	0.0507s	1.2367	0.7020	0.5769
36
0146	0.1862	0.9658	1.3584	0.7100	0.0505s	1.2328	0.6970	0.5672
37
0147	0.1836	0.9684	1.4554	0.6980	0.0502s	1.3077	0.6910	0.5805
38
0148	0.1944	0.9763	1.4668	0.6960	0.0505s	1.3076	0.6890	0.5809
39
0149	0.1905	0.9553	1.3729	0.7060	0.0501s	1.2112	0.6970	0.5732
40
0150	0.1727	0.9684	1.3256	0.7080	0.0501s	1.1778	0.7250	0.5813
41
0151	0.1739	0.9684	1.3541	0.7080	0.0501s	1.2260	0.7010	0.5756
42
0152	0.1468	0.9789	1.4400	0.7040	0.0502s	1.3112	0.6790	0.5518
43
0153	0.1854	0.9605	1.3794	0.7060	0.0503s	1.2511	0.6920	0.5656
44
0154	0.1738	0.9737	1.3447	0.6900	0.0501s	1.2127	0.7080	0.5676
45
0155	0.1760	0.9632	1.3617	0.7000	0.0503s	1.2195	0.7090	0.5704
46
0156	0.1706	0.9658	1.4273	0.7060	0.0504s	1.2878	0.6990	0.5750
47
0157	0.1628	0.9711	1.4350	0.7000	0.0503s	1.2805	0.6980	0.5765
48
0158	0.1618	0.9605	1.4057	0.6940	0.0502s	1.2509	0.7030	0.5732
49
0159	0.1783	0.9684	1.3734	0.7060	0.0500s	1.2131	0.7080	0.5761
50
0160	0.1770	0.9526	1.4260	0.7020	0.0516s	1.2730	0.6990	0.5692
51
0161	0.1656	0.9789	1.4722	0.6860	0.0507s	1.3407	0.6890	0.5749
52
0162	0.1778	0.9658	1.4943	0.6760	0.0501s	1.3622	0.6880	0.5660
53
0163	0.1868	0.9632	1.3511	0.7180	0.0502s	1.2235	0.7020	0.5706
54
0164	0.1832	0.9684	1.4148	0.7000	0.0504s	1.2706	0.6990	0.5692
55
0165	0.1937	0.9474	1.4344	0.6980	0.0502s	1.2893	0.6900	0.5742
56
0166	0.1908	0.9500	1.5310	0.6760	0.0503s	1.3933	0.6920	0.5701
57
0167	0.2169	0.9421	1.4344	0.6940	0.0500s	1.2761	0.7040	0.5666
58
0168	0.1830	0.9684	1.5012	0.6840	0.0504s	1.3426	0.6900	0.5397
59
0169	0.2167	0.9395	1.4491	0.7020	0.0505s	1.3100	0.6850	0.5665
60
0170	0.1879	0.9605	1.6056	0.6800	0.0504s	1.4812	0.6760	0.5681
61
0171	0.1812	0.9658	1.4801	0.6900	0.0503s	1.3765	0.6830	0.5636
62
0172	0.2034	0.9526	1.3534	0.7160	0.0518s	1.2163	0.6940	0.5670
63
0173	0.1678	0.9605	1.4689	0.6860	0.0521s	1.3141	0.6870	0.5667
64
0174	0.1812	0.9632	1.4019	0.7000	0.0509s	1.2592	0.6950	0.5633
65
0175	0.1807	0.9553	1.4564	0.6800	0.0504s	1.3140	0.6950	0.5633
66
0176	0.1794	0.9632	1.4418	0.6940	0.0522s	1.3177	0.6890	0.5670
67
0177	0.1742	0.9684	1.3922	0.7140	0.0510s	1.2445	0.6960	0.5817
68
0178	0.1618	0.9789	1.5253	0.6920	0.0505s	1.3512	0.6820	0.5685
69
0179	0.1992	0.9553	1.4571	0.7000	0.0515s	1.2934	0.6970	0.5769
70
0180	0.1623	0.9711	1.4249	0.7000	0.0524s	1.2621	0.6980	0.5659
71
0181	0.1556	0.9842	1.5016	0.6780	0.0513s	1.3298	0.6930	0.5677
72
0182	0.1986	0.9526	1.4585	0.6960	0.0511s	1.2942	0.6960	0.5719
73
0183	0.1876	0.9632	1.4094	0.7100	0.0510s	1.2596	0.7000	0.5766
74
0184	0.1709	0.9684	1.4721	0.7040	0.0510s	1.3203	0.6980	0.5690
75
0185	0.2191	0.9553	1.4026	0.6980	0.0512s	1.2612	0.7020	0.5783
76
0186	0.1563	0.9684	1.4400	0.6880	0.0515s	1.3083	0.6840	0.5654
77
0187	0.1779	0.9737	1.4886	0.6800	0.0507s	1.3291	0.6910	0.5696
78
0188	0.1567	0.9816	1.4957	0.7000	0.0505s	1.3246	0.6850	0.5674
79
0189	0.1701	0.9605	1.4461	0.7020	0.0505s	1.2762	0.6970	0.5848
80
0190	0.1664	0.9737	1.3815	0.6940	0.0513s	1.2208	0.7110	0.5797
81
0191	0.1888	0.9632	1.3492	0.7060	0.0511s	1.2034	0.7090	0.5864
82
0192	0.1628	0.9711	1.4250	0.7020	0.0531s	1.2830	0.6860	0.5700
83
0193	0.1503	0.9711	1.4619	0.7020	0.0553s	1.3223	0.6820	0.5673
84
0194	0.1450	0.9763	1.3893	0.7200	0.0527s	1.2449	0.7060	0.5806
85
0195	0.1455	0.9816	1.3689	0.6980	0.0527s	1.2170	0.7030	0.5704
0
0196	0.1693	0.9632	1.3788	0.6860	0.0520s	1.1998	0.7000	0.5672
1
0197	0.1541	0.9711	1.4147	0.6960	0.0524s	1.2384	0.6890	0.5662
2
0198	0.1543	0.9711	1.4791	0.6960	0.0526s	1.3284	0.6860	0.5834
3
0199	0.1806	0.9421	1.4729	0.7020	0.0520s	1.3347	0.6770	0.5679
4
0200	0.1684	0.9789	1.5138	0.6900	0.0569s	1.3713	0.6800	0.5729
5
0201	0.1935	0.9474	1.4662	0.7040	0.0521s	1.3272	0.6940	0.5793
6
0202	0.1558	0.9658	1.3974	0.7120	0.0524s	1.2290	0.7070	0.5727
7
0203	0.1551	0.9789	1.4075	0.7060	0.0519s	1.2237	0.7070	0.5771
8
0204	0.1685	0.9711	1.3977	0.7060	0.0517s	1.2160	0.7020	0.5752
9
0205	0.1419	0.9789	1.4239	0.6980	0.0510s	1.2669	0.6950	0.5777
10
0206	0.1552	0.9658	1.3778	0.7020	0.0516s	1.2519	0.7070	0.5805
11
0207	0.1536	0.9684	1.3582	0.7160	0.0513s	1.2476	0.7050	0.5758
12
0208	0.1642	0.9632	1.3957	0.6960	0.0504s	1.2666	0.7030	0.5777
13
0209	0.1653	0.9658	1.5190	0.7040	0.0503s	1.3789	0.6830	0.5718
14
0210	0.1487	0.9842	1.4822	0.7160	0.0518s	1.3497	0.6910	0.5714
15
0211	0.1618	0.9711	1.4057	0.7140	0.0506s	1.2768	0.7110	0.5827
16
0212	0.1592	0.9684	1.3685	0.6880	0.0501s	1.2506	0.7250	0.5959
17
0213	0.2046	0.9553	1.4945	0.6920	0.0502s	1.3290	0.6910	0.5766
18
0214	0.1776	0.9632	1.6449	0.6840	0.0509s	1.4657	0.6730	0.5716
19
0215	0.1871	0.9684	1.4206	0.7080	0.0503s	1.2833	0.7000	0.5741
20
0216	0.1724	0.9605	1.3273	0.7060	0.0502s	1.2352	0.7100	0.5806
21
0217	0.1652	0.9658	1.3929	0.6920	0.0502s	1.2890	0.6960	0.5731
22
0218	0.1585	0.9789	1.4407	0.7160	0.0503s	1.3172	0.6810	0.5634
23
0219	0.1832	0.9658	1.4704	0.7020	0.0505s	1.3245	0.6790	0.5697
24
0220	0.1415	0.9632	1.5563	0.6820	0.0500s	1.3838	0.6810	0.5683
25
0221	0.1696	0.9737	1.4405	0.6880	0.0504s	1.2775	0.6930	0.5706
26
0222	0.1783	0.9737	1.3904	0.7040	0.0503s	1.2193	0.7020	0.5849
27
0223	0.1673	0.9632	1.3635	0.7080	0.0502s	1.2057	0.7070	0.5877
28
0224	0.1546	0.9842	1.4663	0.7040	0.0501s	1.3169	0.6830	0.5683
29
0225	0.1828	0.9684	1.4622	0.7060	0.0503s	1.3218	0.6790	0.5603
30
0226	0.1542	0.9763	1.4242	0.7140	0.0503s	1.2913	0.6750	0.5591
31
0227	0.1470	0.9737	1.4349	0.7020	0.0500s	1.3008	0.6800	0.5604
32
0228	0.1324	0.9921	1.4294	0.6880	0.0504s	1.2989	0.6880	0.5609
33
0229	0.1640	0.9711	1.4373	0.7080	0.0504s	1.2809	0.6910	0.5645
34
0230	0.1466	0.9789	1.4715	0.7040	0.0503s	1.2831	0.6850	0.5655
35
0231	0.1559	0.9658	1.4062	0.7040	0.0502s	1.2299	0.6940	0.5793
36
0232	0.1371	0.9842	1.3539	0.7040	0.0506s	1.2174	0.7030	0.5981
37
0233	0.1464	0.9737	1.4031	0.6980	0.0502s	1.2831	0.6980	0.5773
38
0234	0.1611	0.9711	1.4186	0.7040	0.0506s	1.2812	0.7030	0.5789
39
0235	0.1735	0.9553	1.4228	0.7140	0.0503s	1.2584	0.6950	0.5738
40
0236	0.1544	0.9763	1.4297	0.7000	0.0502s	1.2587	0.6890	0.5779
41
0237	0.1387	0.9789	1.3861	0.7100	0.0504s	1.2252	0.6910	0.5732
42
0238	0.1285	0.9868	1.4041	0.7040	0.0508s	1.2640	0.7030	0.5779
43
0239	0.1521	0.9947	1.4026	0.6960	0.0502s	1.2596	0.7010	0.5738
44
0240	0.1349	0.9789	1.3959	0.7060	0.0503s	1.2286	0.6980	0.5738
45
0241	0.1382	0.9737	1.5340	0.7000	0.0504s	1.3317	0.6910	0.5721
46
0242	0.1666	0.9842	1.6199	0.6900	0.0504s	1.4351	0.6860	0.5704
47
0243	0.1632	0.9579	1.5328	0.6920	0.0506s	1.3720	0.6970	0.5778
48
0244	0.1626	0.9763	1.4464	0.7020	0.0502s	1.2812	0.7050	0.5905
49
0245	0.1376	0.9737	1.4048	0.7100	0.0502s	1.2253	0.7000	0.5872
50
0246	0.1546	0.9763	1.4613	0.7040	0.0504s	1.2964	0.6920	0.5861
51
0247	0.1582	0.9789	1.5614	0.6960	0.0506s	1.3950	0.6900	0.5737
52
0248	0.1515	0.9816	1.5458	0.7020	0.0502s	1.3905	0.6960	0.5740
53
0249	0.1659	0.9763	1.3889	0.7080	0.0504s	1.2404	0.7100	0.5808
54
0250	0.1654	0.9737	1.4313	0.6980	0.0514s	1.2717	0.6900	0.5666
55
0251	0.1665	0.9658	1.4521	0.6960	0.0503s	1.2892	0.6920	0.5736
56
0252	0.1539	0.9789	1.4712	0.6980	0.0507s	1.3262	0.7000	0.5809
57
0253	0.1420	0.9789	1.5077	0.7040	0.0503s	1.3809	0.6870	0.5728
58
0254	0.1562	0.9632	1.4868	0.7060	0.0505s	1.3341	0.7060	0.5802
59
0255	0.1441	0.9763	1.4676	0.7120	0.0504s	1.3101	0.6910	0.5673
60
0256	0.1596	0.9711	1.4427	0.7080	0.0501s	1.3016	0.6870	0.5741
61
0257	0.1341	0.9842	1.5220	0.7060	0.0503s	1.3857	0.6780	0.5670
62
0258	0.1613	0.9737	1.5143	0.7040	0.0504s	1.3841	0.6770	0.5658
63
0259	0.1714	0.9658	1.4165	0.6980	0.0513s	1.2651	0.7090	0.5775
64
0260	0.1587	0.9737	1.3818	0.7080	0.0505s	1.2466	0.7010	0.5708
65
0261	0.1504	0.9737	1.5080	0.7220	0.0504s	1.3742	0.6780	0.5586
66
0262	0.1443	0.9789	1.5885	0.7200	0.0509s	1.4679	0.6720	0.5548
0
0263	0.1682	0.9658	1.4246	0.7180	0.0503s	1.3317	0.6860	0.5643
1
0264	0.1342	0.9816	1.3834	0.7040	0.0503s	1.2875	0.7030	0.5739
2
0265	0.1699	0.9737	1.5012	0.7020	0.0505s	1.3421	0.6900	0.5724
3
0266	0.1672	0.9605	1.5698	0.6900	0.0504s	1.4086	0.6850	0.5658
4
0267	0.1503	0.9789	1.4302	0.6940	0.0502s	1.2736	0.6950	0.5696
5
0268	0.1399	0.9789	1.3553	0.7020	0.0504s	1.2198	0.7020	0.5749
6
0269	0.1438	0.9789	1.3834	0.7020	0.0503s	1.2604	0.6950	0.5722
7
0270	0.1682	0.9737	1.4134	0.7160	0.0503s	1.2714	0.6980	0.5764
8
0271	0.1565	0.9763	1.5492	0.7040	0.0502s	1.3585	0.6910	0.5662
9
0272	0.1405	0.9842	1.6345	0.6860	0.0510s	1.4374	0.6740	0.5572
10
0273	0.1456	0.9789	1.4007	0.7020	0.0505s	1.2363	0.7040	0.5772
11
0274	0.1428	0.9684	1.3514	0.7020	0.0502s	1.1919	0.6970	0.5775
12
0275	0.1450	0.9789	1.3824	0.6980	0.0504s	1.2240	0.6920	0.5721
13
0276	0.1771	0.9684	1.4188	0.7100	0.0828s	1.2672	0.6960	0.5697
14
0277	0.1520	0.9711	1.5410	0.6960	0.0656s	1.3919	0.6940	0.5857
15
0278	0.1569	0.9658	1.4495	0.7100	0.0595s	1.2821	0.6950	0.5888
16
0279	0.1456	0.9816	1.3716	0.7060	0.0593s	1.1993	0.6980	0.5746
17
0280	0.1409	0.9684	1.3903	0.7080	0.0596s	1.2133	0.6920	0.5765
18
0281	0.1392	0.9684	1.4111	0.6940	0.0594s	1.2306	0.7030	0.5772
19
0282	0.1436	0.9684	1.4782	0.6960	0.0590s	1.2977	0.6950	0.5671
20
0283	0.1459	0.9763	1.5571	0.6840	0.0593s	1.3641	0.6900	0.5694
21
0284	0.1597	0.9658	1.5435	0.7000	0.0593s	1.3307	0.6870	0.5691
22
0285	0.1311	0.9711	1.5135	0.7020	0.0611s	1.3016	0.6940	0.5837
23
0286	0.1773	0.9632	1.4762	0.7040	0.0588s	1.3006	0.6830	0.5631
24
0287	0.1909	0.9658	1.5118	0.6980	0.0593s	1.3463	0.6720	0.5522
25
0288	0.1594	0.9605	1.4971	0.7060	0.0593s	1.2827	0.6950	0.5761
26
0289	0.1373	0.9789	1.6695	0.6760	0.0592s	1.4296	0.6800	0.5525
27
0290	0.2730	0.9395	1.5695	0.6880	0.0593s	1.3828	0.6810	0.5670
28
0291	0.1987	0.9579	1.6416	0.6740	0.0593s	1.4720	0.6610	0.5716
29
0292	0.1999	0.9447	1.4947	0.6920	0.0581s	1.3087	0.6920	0.5736
30
0293	0.1459	0.9711	1.7043	0.6740	0.0528s	1.4800	0.6830	0.5708
31
0294	0.2576	0.9211	1.3630	0.7100	0.0508s	1.1902	0.7040	0.5742
32
0295	0.1401	0.9763	1.5403	0.6880	0.0508s	1.3746	0.6670	0.5591
33
0296	0.2226	0.9447	1.4396	0.6880	0.0504s	1.3026	0.6780	0.5615
34
0297	0.1699	0.9684	1.3780	0.6960	0.0505s	1.2483	0.6880	0.5677
35
0298	0.1364	0.9789	1.4913	0.6880	0.0504s	1.3355	0.6810	0.5720
36
0299	0.1557	0.9763	1.4838	0.6880	0.0504s	1.3169	0.6890	0.5729
37
0300	0.1708	0.9684	1.3803	0.7180	0.0509s	1.2176	0.6980	0.5918
38
0301	0.1453	0.9789	1.3688	0.7080	0.0508s	1.1968	0.7010	0.5947
39
0302	0.1425	0.9789	1.4389	0.7020	0.0512s	1.2536	0.7000	0.5970
40
0303	0.1911	0.9658	1.3824	0.7020	0.0509s	1.1821	0.7110	0.5875
41
0304	0.1509	0.9737	1.3936	0.7020	0.0507s	1.1895	0.6980	0.5753
42
0305	0.1338	0.9868	1.4289	0.6960	0.0508s	1.2305	0.6960	0.5748
43
0306	0.1333	0.9684	1.4386	0.6980	0.0509s	1.2491	0.6920	0.5715
44
0307	0.1505	0.9737	1.4181	0.6860	0.0512s	1.2363	0.6900	0.5705
45
0308	0.1327	0.9711	1.4269	0.6980	0.0507s	1.2564	0.6920	0.5707
46
0309	0.1371	0.9711	1.4435	0.7060	0.0506s	1.2864	0.6900	0.5685
47
0310	0.1408	0.9737	1.4394	0.6960	0.0511s	1.2815	0.7030	0.5833
48
0311	0.1460	0.9711	1.4133	0.7040	0.0508s	1.2333	0.6980	0.5759
49
0312	0.1332	0.9763	1.5158	0.6920	0.0510s	1.3180	0.6910	0.5747
50
0313	0.1651	0.9579	1.5313	0.6980	0.0511s	1.3510	0.6840	0.5682
51
0314	0.1435	0.9711	1.5141	0.6920	0.0509s	1.3424	0.6800	0.5614
52
0315	0.1370	0.9895	1.4774	0.6960	0.0505s	1.3074	0.7050	0.5801
53
0316	0.1381	0.9605	1.4595	0.7040	0.0509s	1.2689	0.7040	0.5859
54
0317	0.1475	0.9737	1.5020	0.7020	0.0510s	1.3074	0.6970	0.5796
55
0318	0.1313	0.9684	1.5172	0.6980	0.0503s	1.3361	0.6970	0.5809
56
0319	0.1511	0.9684	1.5375	0.7000	0.0513s	1.3465	0.6990	0.5608
57
0320	0.1165	0.9895	1.5922	0.6880	0.0508s	1.3720	0.7040	0.5549
58
0321	0.1367	0.9737	1.5632	0.6940	0.0509s	1.3293	0.7060	0.5709
59
0322	0.1404	0.9658	1.4827	0.7020	0.0505s	1.2706	0.7020	0.5752
60
0323	0.1423	0.9684	1.4549	0.7020	0.0505s	1.2690	0.6990	0.5779
61
0324	0.1383	0.9684	1.4689	0.6980	0.0512s	1.2884	0.6990	0.5777
62
0325	0.1378	0.9789	1.4854	0.7080	0.0505s	1.3153	0.7140	0.5859
63
0326	0.1611	0.9632	1.4522	0.7100	0.0512s	1.2770	0.7100	0.5798
64
0327	0.1441	0.9658	1.4971	0.7040	0.0507s	1.3278	0.6950	0.5717
65
0328	0.1316	0.9763	1.5870	0.6800	0.0501s	1.3955	0.6830	0.5748
66
0329	0.1496	0.9947	1.5557	0.6820	0.0503s	1.3581	0.6960	0.5664
67
0330	0.1286	0.9763	1.4787	0.6840	0.0507s	1.2905	0.7110	0.5797
68
0331	0.1727	0.9658	1.4558	0.7120	0.0507s	1.2570	0.7150	0.5835
69
0332	0.1428	0.9763	1.5310	0.7060	0.0506s	1.3398	0.6940	0.5776
70
0333	0.1603	0.9711	1.6007	0.7000	0.0504s	1.4514	0.6820	0.5537
71
0334	0.1838	0.9526	1.5719	0.6960	0.0508s	1.4394	0.6800	0.5549
72
0335	0.1753	0.9684	1.4131	0.7040	0.0506s	1.2720	0.6980	0.5723
73
0336	0.1308	0.9842	1.3715	0.7080	0.0504s	1.2144	0.7040	0.5777
74
0337	0.1475	0.9737	1.3992	0.7100	0.0502s	1.2282	0.7110	0.5852
75
0338	0.1674	0.9763	1.4977	0.6860	0.0509s	1.3507	0.6890	0.5799
76
0339	0.1418	0.9737	1.4985	0.7040	0.0504s	1.3625	0.6930	0.5815
77
0340	0.1721	0.9737	1.3850	0.7100	0.0503s	1.2361	0.7010	0.5762
78
0341	0.1490	0.9737	1.3318	0.7180	0.0510s	1.1878	0.7010	0.5727
79
0342	0.1628	0.9763	1.4188	0.7040	0.0509s	1.2783	0.6900	0.5750
80
0343	0.1289	0.9789	1.4486	0.7120	0.0504s	1.2972	0.6950	0.5890
81
0344	0.1549	0.9632	1.4249	0.7180	0.0505s	1.2647	0.7040	0.5760
82
0345	0.1536	0.9763	1.3538	0.7140	0.0502s	1.1999	0.7080	0.5859
83
0346	0.1416	0.9763	1.3365	0.7160	0.0505s	1.1696	0.7250	0.5939
84
0347	0.1421	0.9763	1.3817	0.6960	0.0503s	1.2123	0.7090	0.5865
85
0348	0.1295	0.9684	1.4214	0.7000	0.0506s	1.2596	0.7010	0.5792
86
0349	0.1351	0.9763	1.4043	0.7040	0.0504s	1.2470	0.7120	0.5869
87
0350	0.1385	0.9763	1.4043	0.7100	0.0503s	1.2552	0.6980	0.5668
88
0351	0.1164	0.9947	1.4264	0.7080	0.0502s	1.2826	0.6950	0.5820
89
0352	0.1418	0.9684	1.4141	0.7200	0.0505s	1.2619	0.7020	0.5992
90
0353	0.1579	0.9711	1.4031	0.7100	0.0503s	1.2333	0.7190	0.5862
91
0354	0.1371	0.9816	1.4936	0.6940	0.0513s	1.2944	0.7180	0.5838
92
0355	0.1457	0.9789	1.4883	0.7020	0.0511s	1.2765	0.7120	0.5820
93
0356	0.1374	0.9789	1.4570	0.6940	0.0507s	1.2658	0.6980	0.5777
94
0357	0.1494	0.9632	1.4503	0.7040	0.0504s	1.3008	0.6860	0.5728
95
0358	0.1721	0.9632	1.4794	0.6980	0.0509s	1.3578	0.6830	0.5678
96
0359	0.1649	0.9632	1.4256	0.7120	0.0505s	1.3094	0.7030	0.5799
97
0360	0.1505	0.9711	1.4584	0.7040	0.0507s	1.3062	0.7070	0.5814
98
0361	0.1292	0.9816	1.4926	0.7100	0.0503s	1.3060	0.7090	0.5840
99
0362	0.1214	0.9816	1.4796	0.7020	0.0506s	1.2751	0.7050	0.5843
100
0363	0.1531	0.9684	1.5043	0.7080	0.0507s	1.3264	0.7050	0.5909
101
0364	0.1424	0.9684	1.4703	0.6980	0.0511s	1.3134	0.7010	0.5797
102
0365	0.1304	0.9789	1.5003	0.7020	0.0506s	1.3519	0.6940	0.5735
103
0366	0.1357	0.9684	1.5263	0.7160	0.0508s	1.3765	0.6910	0.5721
104
0367	0.1330	0.9816	1.4936	0.7140	0.0504s	1.3719	0.6910	0.5905
105
0368	0.1440	0.9842	1.3828	0.7120	0.0511s	1.2763	0.7020	0.5851
106
0369	0.1422	0.9632	1.3587	0.7140	0.0505s	1.2200	0.7060	0.5898
107
0370	0.1295	0.9737	1.4132	0.7060	0.0517s	1.2402	0.7130	0.5867
108
0371	0.1522	0.9684	1.5230	0.6940	0.0515s	1.3569	0.6960	0.5757
109
0372	0.1465	0.9789	1.4750	0.7140	0.0512s	1.3349	0.7020	0.5709
110
0373	0.1325	0.9684	1.3910	0.7160	0.0513s	1.2566	0.7070	0.5937
111
0374	0.1610	0.9711	1.4020	0.7120	0.0505s	1.2685	0.6920	0.5829
112
0375	0.1319	0.9763	1.4827	0.7020	0.0504s	1.3594	0.6880	0.5707
113
0376	0.1123	0.9921	1.4981	0.7000	0.0504s	1.3627	0.6890	0.5714
114
0377	0.1350	0.9842	1.4741	0.7040	0.0505s	1.3060	0.6970	0.5736
115
0378	0.1189	0.9895	1.4923	0.6940	0.0506s	1.3038	0.7100	0.5837
116
0379	0.1334	0.9816	1.4803	0.7000	0.0503s	1.2794	0.7190	0.5923
117
0380	0.1508	0.9711	1.4842	0.7100	0.0503s	1.2979	0.7130	0.5830
118
0381	0.1339	0.9895	1.5352	0.6980	0.0503s	1.3867	0.6930	0.5674
119
0382	0.1479	0.9789	1.5289	0.7100	0.0505s	1.4201	0.6760	0.5614
120
0383	0.1410	0.9711	1.4455	0.7220	0.0503s	1.3338	0.6880	0.5744
121
0384	0.1228	0.9868	1.4652	0.7140	0.0504s	1.3350	0.7020	0.5800
0
0385	0.1478	0.9737	1.4377	0.7000	0.0800s	1.3037	0.7050	0.5812
1
0386	0.1340	0.9789	1.3872	0.6960	0.0653s	1.2539	0.7090	0.5807
2
0387	0.1198	0.9842	1.4662	0.7020	0.0592s	1.3327	0.6980	0.5750
3
0388	0.1381	0.9658	1.5021	0.7020	0.0593s	1.3658	0.6960	0.5713
4
0389	0.1485	0.9632	1.5064	0.7000	0.0591s	1.3567	0.6930	0.5602
5
0390	0.1273	0.9737	1.4722	0.7020	0.0592s	1.3135	0.7050	0.5793
6
0391	0.1467	0.9711	1.4506	0.7100	0.0593s	1.3157	0.7080	0.5839
7
0392	0.1293	0.9763	1.4281	0.7100	0.0591s	1.3165	0.7090	0.5881
8
0393	0.1490	0.9605	1.3734	0.7160	0.0594s	1.2526	0.7090	0.5925
9
0394	0.1853	0.9500	1.3776	0.7120	0.0591s	1.2565	0.7050	0.5793
10
0395	0.1775	0.9605	1.4829	0.7000	0.0593s	1.3544	0.6980	0.5802
11
0396	0.1362	0.9763	1.5202	0.7020	0.0590s	1.3629	0.6980	0.5960
12
0397	0.1285	0.9711	1.5376	0.7020	0.0575s	1.3588	0.6950	0.5785
13
0398	0.1623	0.9737	1.4685	0.7060	0.0529s	1.2847	0.7150	0.5736
14
0399	0.1583	0.9632	1.4952	0.7100	0.0515s	1.3364	0.7000	0.5670
15
0400	0.1421	0.9842	1.5476	0.7020	0.0504s	1.3991	0.6940	0.5598
16
0401	0.1604	0.9789	1.4621	0.7080	0.0510s	1.3232	0.6930	0.5571
17
0402	0.1417	0.9711	1.4519	0.6960	0.0507s	1.3164	0.6880	0.5545
18
0403	0.1638	0.9737	1.4584	0.7060	0.0513s	1.3130	0.6920	0.5697
19
0404	0.1475	0.9711	1.5815	0.6900	0.0503s	1.4288	0.6950	0.5817
20
0405	0.2030	0.9579	1.4705	0.7060	0.0502s	1.2640	0.7070	0.5761
21
0406	0.1489	0.9632	1.4595	0.7000	0.0504s	1.2628	0.6990	0.5718
22
0407	0.1557	0.9789	1.4511	0.6960	0.0502s	1.2936	0.6880	0.5693
23
0408	0.1461	0.9711	1.5060	0.6900	0.0502s	1.3863	0.6790	0.5811
24
0409	0.1759	0.9605	1.4449	0.7080	0.0501s	1.3077	0.7020	0.6035
25
0410	0.1425	0.9868	1.4658	0.7100	0.0504s	1.2707	0.7060	0.5919
26
0411	0.1512	0.9737	1.4995	0.6940	0.0502s	1.2942	0.6970	0.5830
27
0412	0.1678	0.9632	1.5378	0.6760	0.0503s	1.3642	0.6860	0.5738
28
0413	0.1653	0.9763	1.5467	0.6960	0.0502s	1.3831	0.6840	0.5609
29
0414	0.1537	0.9658	1.6125	0.6860	0.0506s	1.4308	0.6800	0.5581
30
0415	0.1935	0.9711	1.3951	0.7160	0.0502s	1.2260	0.7080	0.5778
31
0416	0.1402	0.9737	1.4940	0.6840	0.0504s	1.3184	0.6980	0.5838
32
0417	0.1842	0.9605	1.4628	0.6980	0.0505s	1.2630	0.7010	0.5761
33
0418	0.1338	0.9763	1.6138	0.6800	0.0532s	1.3974	0.6830	0.5699
34
0419	0.1674	0.9658	1.5153	0.6980	0.0503s	1.3058	0.6940	0.5711
35
0420	0.1322	0.9684	1.5222	0.6820	0.0499s	1.3251	0.6860	0.5661
36
0421	0.1509	0.9711	1.4653	0.6880	0.0500s	1.2890	0.6870	0.5719
37
0422	0.1436	0.9816	1.3610	0.7140	0.0501s	1.2040	0.7090	0.5868
38
0423	0.1467	0.9632	1.3889	0.7020	0.0503s	1.2578	0.7010	0.5801
39
0424	0.1444	0.9816	1.4828	0.6900	0.0498s	1.3595	0.6880	0.5641
40
0425	0.1678	0.9763	1.4672	0.7000	0.0502s	1.3147	0.6930	0.5857
41
0426	0.1221	0.9789	1.5040	0.6900	0.0501s	1.3134	0.6960	0.5877
42
0427	0.1458	0.9789	1.6019	0.6640	0.0500s	1.3914	0.6790	0.5600
43
0428	0.1338	0.9789	1.6093	0.6680	0.0502s	1.4062	0.6810	0.5654
44
0429	0.1629	0.9579	1.4559	0.7080	0.0501s	1.2758	0.7000	0.5939
45
0430	0.1323	0.9711	1.4794	0.7060	0.0503s	1.3539	0.6790	0.5863
46
0431	0.1527	0.9763	1.4556	0.7040	0.0502s	1.3480	0.6830	0.5747
47
0432	0.1396	0.9737	1.3938	0.7160	0.0503s	1.2712	0.6980	0.5913
48
0433	0.1381	0.9737	1.4278	0.6940	0.0503s	1.2710	0.7040	0.5775
49
0434	0.1605	0.9711	1.5932	0.6860	0.0499s	1.3926	0.6790	0.5842
50
0435	0.1468	0.9632	1.6102	0.6920	0.0503s	1.3713	0.6950	0.5883
51
0436	0.1562	0.9711	1.5624	0.6900	0.0505s	1.3712	0.6840	0.5687
52
0437	0.1662	0.9447	1.4707	0.6840	0.0503s	1.3260	0.6920	0.5690
53
0438	0.1732	0.9605	1.4318	0.6920	0.0504s	1.3002	0.6990	0.5741
54
0439	0.1373	0.9711	1.5468	0.7000	0.0564s	1.3961	0.6810	0.5651
55
0440	0.1540	0.9658	1.6856	0.6800	0.0501s	1.5596	0.6600	0.5413
56
0441	0.1689	0.9684	1.4046	0.7040	0.0502s	1.2975	0.6920	0.5591
57
0442	0.1521	0.9842	1.3867	0.7060	0.0501s	1.3014	0.6970	0.5674
58
0443	0.1528	0.9711	1.4548	0.6820	0.0505s	1.3403	0.7030	0.5907
59
0444	0.1811	0.9526	1.4817	0.6900	0.0502s	1.3361	0.6920	0.5817
60
0445	0.1384	0.9816	1.5239	0.7040	0.0505s	1.3316	0.6910	0.5879
61
0446	0.1396	0.9711	1.5448	0.6880	0.0504s	1.3575	0.6840	0.5687
62
0447	0.1404	0.9711	1.4940	0.7060	0.0502s	1.3350	0.6970	0.5759
63
0448	0.1467	0.9763	1.4245	0.7020	0.0509s	1.3041	0.6870	0.5914
64
0449	0.1546	0.9684	1.4110	0.6980	0.0501s	1.2806	0.6980	0.5801
65
0450	0.1571	0.9632	1.3626	0.7020	0.0506s	1.2168	0.6910	0.5697
66
0451	0.1200	0.9921	1.4093	0.7000	0.0501s	1.2552	0.6920	0.5716
67
0452	0.1580	0.9789	1.3927	0.7080	0.0503s	1.2675	0.6980	0.5868
68
0453	0.1238	0.9868	1.4760	0.6880	0.0505s	1.3485	0.6900	0.5940
69
0454	0.1308	0.9737	1.4586	0.6980	0.0503s	1.3278	0.6890	0.5827
70
0455	0.1402	0.9842	1.4166	0.7160	0.0502s	1.2633	0.6950	0.5798
71
0456	0.1352	0.9711	1.4275	0.7060	0.0501s	1.2473	0.6990	0.5795
72
0457	0.1340	0.9658	1.4807	0.7040	0.0502s	1.2879	0.6950	0.5641
73
0458	0.1332	0.9711	1.5179	0.7160	0.0502s	1.3391	0.6980	0.5625
74
0459	0.1232	0.9763	1.5223	0.7020	0.0501s	1.3526	0.6990	0.5632
75
0460	0.1342	0.9789	1.4500	0.7040	0.0501s	1.2732	0.7030	0.5712
76
0461	0.1473	0.9737	1.4036	0.7140	0.0504s	1.2306	0.7100	0.5755
77
0462	0.1526	0.9789	1.4872	0.7080	0.0503s	1.3086	0.6930	0.5657
78
0463	0.1131	0.9895	1.6739	0.6920	0.0501s	1.4898	0.6900	0.5785
79
0464	0.1621	0.9658	1.5203	0.7140	0.0501s	1.3372	0.7020	0.5810
80
0465	0.1438	0.9684	1.4100	0.7120	0.0517s	1.2537	0.7100	0.5907
81
0466	0.1270	0.9763	1.4573	0.7060	0.0508s	1.3087	0.7000	0.5815
82
0467	0.1338	0.9895	1.5172	0.6960	0.0514s	1.3569	0.6960	0.5867
83
0468	0.1320	0.9763	1.4928	0.7120	0.0509s	1.3429	0.6980	0.5749
84
0469	0.1321	0.9737	1.4883	0.7120	0.0514s	1.3488	0.6860	0.5600
85
0470	0.1147	0.9842	1.4550	0.7140	0.0507s	1.3223	0.6960	0.5685
86
0471	0.1289	0.9842	1.4144	0.7240	0.0502s	1.2879	0.6990	0.5940
87
0472	0.1238	0.9684	1.4441	0.7020	0.0503s	1.3064	0.6970	0.5949
0
0473	0.1288	0.9842	1.4893	0.7020	0.0503s	1.3385	0.7030	0.6025
1
0474	0.1252	0.9789	1.4602	0.7140	0.0518s	1.2946	0.7100	0.5889
2
0475	0.1202	0.9842	1.4524	0.7120	0.0523s	1.2847	0.7110	0.5850
3
0476	0.1552	0.9711	1.4610	0.7180	0.0519s	1.3067	0.7030	0.5656
4
0477	0.1111	0.9921	1.4998	0.6980	0.0518s	1.3536	0.6880	0.5540
5
0478	0.1553	0.9789	1.4209	0.7140	0.0533s	1.2664	0.7030	0.5767
6
0479	0.1228	0.9816	1.4119	0.7180	0.0529s	1.2318	0.7140	0.5881
7
0480	0.1474	0.9868	1.4560	0.7140	0.0522s	1.2600	0.7200	0.5920
8
0481	0.1316	0.9737	1.6022	0.6920	0.0518s	1.4039	0.7000	0.5832
9
0482	0.1371	0.9789	1.6072	0.6860	0.0516s	1.4293	0.6840	0.5706
10
0483	0.1298	0.9632	1.4699	0.7120	0.0513s	1.3037	0.6900	0.5713
11
0484	0.1464	0.9842	1.3877	0.7080	0.0503s	1.2228	0.7040	0.5787
12
0485	0.1313	0.9868	1.3891	0.7200	0.0502s	1.2171	0.7190	0.5863
13
0486	0.1219	0.9711	1.6203	0.6880	0.0503s	1.4316	0.6990	0.5929
14
0487	0.1329	0.9763	1.6666	0.6900	0.0502s	1.4488	0.6860	0.5774
15
0488	0.1765	0.9737	1.3959	0.7060	0.0506s	1.2374	0.7100	0.5845
16
0489	0.1347	0.9763	1.4078	0.7100	0.0506s	1.2696	0.6970	0.5684
17
0490	0.1613	0.9632	1.5103	0.7200	0.0511s	1.3277	0.6960	0.5780
18
0491	0.1343	0.9763	1.7540	0.6860	0.0504s	1.5674	0.6780	0.5542
19
0492	0.1891	0.9553	1.5362	0.7080	0.0508s	1.3672	0.6940	0.5607
20
0493	0.1203	0.9789	1.3687	0.7160	0.0502s	1.2121	0.7110	0.5723
21
0494	0.1430	0.9789	1.3002	0.7140	0.0501s	1.1668	0.7110	0.5732
22
0495	0.1668	0.9816	1.3380	0.7060	0.0503s	1.1932	0.7170	0.5909
23
0496	0.1211	0.9737	1.4556	0.7220	0.0501s	1.2990	0.7040	0.5988
24
0497	0.1293	0.9816	1.6332	0.6980	0.0507s	1.4768	0.6760	0.5614
25
0498	0.1800	0.9632	1.5428	0.7020	0.0499s	1.3887	0.6850	0.5819
26
0499	0.1826	0.9500	1.4329	0.6980	0.0514s	1.2691	0.7070	0.5865
27
0500	0.1468	0.9737	1.4910	0.6840	0.0502s	1.2974	0.7040	0.5797
28
0501	0.1995	0.9632	1.5522	0.7020	0.0503s	1.3796	0.6890	0.5797
29
0502	0.1609	0.9711	1.7126	0.6920	0.0503s	1.5762	0.6640	0.5618
30
0503	0.2223	0.9316	1.5271	0.7120	0.0501s	1.4171	0.6840	0.5763
31
0504	0.1525	0.9711	1.4772	0.7000	0.0512s	1.3503	0.6930	0.5859
32
0505	0.1679	0.9605	1.4018	0.7040	0.0508s	1.2439	0.7020	0.5793
33
0506	0.1415	0.9711	1.3613	0.7200	0.0500s	1.2028	0.7100	0.5748
34
0507	0.1577	0.9842	1.3878	0.7100	0.0502s	1.2589	0.7050	0.5893
35
0508	0.1572	0.9553	1.4178	0.7140	0.0517s	1.2911	0.7020	0.5881
36
0509	0.1414	0.9684	1.3953	0.7060	0.0502s	1.2681	0.6940	0.5932
37
0510	0.1493	0.9711	1.3636	0.7060	0.0501s	1.2355	0.6880	0.5778
38
0511	0.1515	0.9684	1.3460	0.7020	0.0503s	1.2100	0.7000	0.5695
39
0512	0.1647	0.9763	1.3287	0.7080	0.0507s	1.2135	0.6920	0.5723
40
0513	0.1377	0.9711	1.3882	0.7100	0.0504s	1.2748	0.6880	0.5739
41
0514	0.1298	0.9763	1.4813	0.7040	0.0505s	1.3522	0.6830	0.5737
42
0515	0.1462	0.9737	1.4763	0.7060	0.0504s	1.3309	0.6930	0.5861
43
0516	0.1476	0.9816	1.3641	0.7080	0.0503s	1.2070	0.7010	0.5765
44
0517	0.1324	0.9737	1.3224	0.7040	0.0505s	1.1612	0.7130	0.5842
45
0518	0.1193	0.9789	1.3497	0.7080	0.0502s	1.1817	0.7100	0.5903
46
0519	0.1679	0.9579	1.4097	0.7220	0.0504s	1.2437	0.7080	0.5888
47
0520	0.1636	0.9474	1.5016	0.7100	0.0502s	1.3457	0.6920	0.5808
48
0521	0.1373	0.9868	1.4925	0.7160	0.0502s	1.3476	0.6850	0.5738
49
0522	0.1323	0.9816	1.4403	0.7160	0.0504s	1.3061	0.6880	0.5873
50
0523	0.1386	0.9763	1.4055	0.7100	0.0503s	1.2836	0.6940	0.5866
51
0524	0.1064	0.9947	1.4378	0.6980	0.0504s	1.2931	0.7070	0.5941
52
0525	0.1361	0.9789	1.4791	0.7080	0.0501s	1.2868	0.7070	0.5950
53
0526	0.1194	0.9816	1.5011	0.7120	0.0501s	1.2974	0.7010	0.5775
54
0527	0.1574	0.9711	1.4732	0.7160	0.0505s	1.2969	0.7150	0.6111
55
0528	0.1399	0.9711	1.4320	0.7180	0.0503s	1.2788	0.7120	0.6118
56
0529	0.1242	0.9789	1.4385	0.7140	0.0501s	1.2748	0.7030	0.5886
57
0530	0.1316	0.9579	1.4935	0.6980	0.0506s	1.3224	0.6990	0.5856
58
0531	0.1330	0.9737	1.4950	0.7140	0.0503s	1.3290	0.6910	0.5748
59
0532	0.1244	0.9895	1.5559	0.7000	0.0505s	1.3808	0.6960	0.5814
60
0533	0.1155	0.9895	1.6094	0.6960	0.0505s	1.4233	0.6980	0.5882
61
0534	0.1488	0.9711	1.5030	0.7080	0.0502s	1.2981	0.6910	0.5700
62
0535	0.1344	0.9711	1.4815	0.7000	0.0500s	1.2534	0.6950	0.5773
63
0536	0.1468	0.9789	1.5436	0.6920	0.0499s	1.3195	0.7030	0.5881
64
0537	0.1402	0.9868	1.6007	0.6860	0.0502s	1.4083	0.6910	0.5788
65
0538	0.1447	0.9711	1.4791	0.7120	0.0501s	1.3061	0.7060	0.5839
66
0539	0.1567	0.9684	1.5328	0.7080	0.0503s	1.3664	0.6940	0.5898
67
0540	0.1560	0.9632	1.4944	0.7180	0.0500s	1.3709	0.6730	0.5866
68
0541	0.1468	0.9763	1.6155	0.6840	0.0507s	1.4681	0.6790	0.5987
69
0542	0.1482	0.9711	1.4220	0.7080	0.0500s	1.2322	0.7120	0.5946
70
0543	0.1506	0.9684	1.4945	0.7040	0.0502s	1.2617	0.7190	0.6049
71
0544	0.1379	0.9737	1.4989	0.7020	0.0501s	1.2768	0.7080	0.6013
72
0545	0.1317	0.9711	1.5012	0.7140	0.0501s	1.3055	0.7000	0.6015
73
0546	0.1119	0.9842	1.4877	0.7120	0.0506s	1.3316	0.6880	0.5933
74
0547	0.1515	0.9711	1.3886	0.7200	0.0501s	1.2368	0.7040	0.6005
75
0548	0.1126	0.9842	1.3825	0.7160	0.0502s	1.2269	0.7080	0.5937
76
0549	0.1326	0.9816	1.4074	0.7140	0.0507s	1.2343	0.7120	0.5944
77
0550	0.1236	0.9763	1.4448	0.7120	0.0503s	1.2435	0.6970	0.5867
78
0551	0.1173	0.9895	1.4661	0.7160	0.0504s	1.2640	0.6950	0.5922
79
0552	0.1210	0.9789	1.4846	0.7020	0.0503s	1.3111	0.6930	0.5953
80
0553	0.1344	0.9789	1.4682	0.7020	0.0504s	1.3095	0.7040	0.6042
81
0554	0.1224	0.9816	1.4161	0.7100	0.0502s	1.2556	0.7110	0.6040
82
0555	0.1159	0.9816	1.3966	0.7120	0.0505s	1.2323	0.7100	0.6057
83
0556	0.1509	0.9658	1.4039	0.7040	0.0499s	1.2602	0.7110	0.6070
84
0557	0.1323	0.9711	1.4973	0.7000	0.0502s	1.3635	0.7030	0.5803
85
0558	0.1343	0.9789	1.4879	0.7060	0.0603s	1.3180	0.6990	0.5795
86
0559	0.1226	0.9711	1.4735	0.7060	0.0545s	1.2839	0.7080	0.5891
87
0560	0.1041	0.9737	1.4965	0.7020	0.0550s	1.3069	0.7130	0.6097
88
0561	0.1168	0.9842	1.5107	0.6980	0.0519s	1.3267	0.7060	0.6020
89
0562	0.1155	0.9895	1.5223	0.7020	0.0501s	1.3540	0.7010	0.5831
90
0563	0.1258	0.9789	1.4974	0.7040	0.0501s	1.3364	0.7000	0.5839
91
0564	0.1245	0.9763	1.4086	0.7180	0.0501s	1.2561	0.7080	0.5950
92
0565	0.1137	0.9868	1.3861	0.7160	0.0504s	1.2384	0.7160	0.6032
93
0566	0.1180	0.9868	1.4280	0.7160	0.0505s	1.2877	0.7130	0.5951
94
0567	0.1136	0.9763	1.5079	0.7100	0.0504s	1.3627	0.6940	0.5883
95
0568	0.1332	0.9895	1.4788	0.7100	0.0504s	1.3297	0.7120	0.6027
96
0569	0.1152	0.9789	1.5003	0.7160	0.0506s	1.3085	0.7060	0.6037
97
0570	0.1239	0.9868	1.5259	0.7180	0.0503s	1.3240	0.7000	0.5836
98
0571	0.1244	0.9895	1.5133	0.7020	0.0500s	1.3226	0.7070	0.6066
99
0572	0.1368	0.9789	1.4492	0.7020	0.0500s	1.2678	0.7110	0.6088
100
0573	0.1264	0.9789	1.4362	0.7100	0.0508s	1.2825	0.7000	0.5982
101
0574	0.1336	0.9763	1.4267	0.7100	0.0500s	1.3132	0.7060	0.5760
102
0575	0.1481	0.9816	1.4934	0.7080	0.0505s	1.3568	0.6960	0.5691
103
0576	0.1320	0.9868	1.5495	0.7000	0.0503s	1.3870	0.6870	0.5825
104
0577	0.1283	0.9816	1.4937	0.7020	0.0508s	1.3182	0.7020	0.5825
105
0578	0.1201	0.9763	1.4676	0.7100	0.0501s	1.2964	0.7200	0.6108
106
0579	0.1393	0.9763	1.4881	0.7100	0.0508s	1.2944	0.7000	0.5765
107
0580	0.1316	0.9684	1.5191	0.7120	0.0503s	1.3229	0.6990	0.5793
108
0581	0.1387	0.9763	1.5636	0.6900	0.0510s	1.4146	0.6820	0.5798
109
0582	0.1600	0.9684	1.5053	0.7120	0.0506s	1.3519	0.7000	0.5800
110
0583	0.1397	0.9842	1.5108	0.7020	0.0510s	1.3080	0.7100	0.5810
111
0584	0.1186	0.9842	1.5323	0.6960	0.0506s	1.3120	0.7020	0.5772
112
0585	0.1218	0.9789	1.5057	0.7140	0.0514s	1.2955	0.7090	0.5758
113
0586	0.1401	0.9816	1.5747	0.6940	0.0511s	1.3899	0.6960	0.5798
114
0587	0.1654	0.9579	1.5545	0.7140	0.0507s	1.3582	0.6960	0.5768
115
0588	0.1227	0.9737	1.5737	0.7040	0.0502s	1.3714	0.6940	0.5532
116
0589	0.1527	0.9605	1.6291	0.6900	0.0515s	1.4401	0.6880	0.5590
117
0590	0.1855	0.9711	1.6471	0.6940	0.0503s	1.4930	0.6980	0.5918
118
0591	0.1547	0.9526	1.5085	0.7020	0.0499s	1.3413	0.7140	0.6096
119
0592	0.1603	0.9737	1.5045	0.6960	0.0501s	1.3180	0.6850	0.5879
120
0593	0.1798	0.9658	1.4724	0.7060	0.0505s	1.2826	0.7030	0.6043
121
0594	0.1537	0.9711	1.4455	0.7080	0.0515s	1.3135	0.7070	0.6030
122
0595	0.1495	0.9605	1.5805	0.6980	0.0507s	1.4722	0.6750	0.5609
123
0596	0.1974	0.9658	1.4888	0.7000	0.0500s	1.3403	0.6900	0.5905
124
0597	0.1365	0.9763	1.5908	0.6700	0.0505s	1.4554	0.6550	0.5744
125
0598	0.1784	0.9579	1.5032	0.6920	0.0504s	1.3213	0.6810	0.5738
126
0599	0.1627	0.9605	1.4767	0.6920	0.0502s	1.3052	0.6960	0.5740
127
0600	0.1539	0.9711	1.3739	0.7040	0.0502s	1.2386	0.6980	0.5756
128
0601	0.1511	0.9684	1.3164	0.7100	0.0504s	1.1904	0.7120	0.5835
129
0602	0.1460	0.9684	1.4181	0.6940	0.0503s	1.2770	0.6700	0.5506
130
0603	0.1642	0.9605	1.4439	0.7020	0.0505s	1.3096	0.6730	0.5621
131
0604	0.1352	0.9711	1.3958	0.7020	0.0503s	1.2707	0.6900	0.5810
132
0605	0.1362	0.9868	1.3738	0.6960	0.0500s	1.2240	0.7070	0.5844
133
0606	0.1305	0.9658	1.3562	0.7080	0.0502s	1.1740	0.7090	0.5848
134
0607	0.1418	0.9684	1.3907	0.7060	0.0501s	1.2017	0.7100	0.5849
135
0608	0.1241	0.9763	1.4257	0.7000	0.0510s	1.2491	0.7100	0.5864
136
0609	0.1347	0.9816	1.4398	0.7040	0.0507s	1.2896	0.6900	0.5701
137
0610	0.1289	0.9763	1.4561	0.7080	0.0503s	1.3225	0.6820	0.5623
138
0611	0.1539	0.9684	1.4505	0.7060	0.0503s	1.3203	0.6890	0.5699
139
0612	0.1154	0.9895	1.3980	0.6980	0.0503s	1.2489	0.7070	0.5862
140
0613	0.1350	0.9658	1.3438	0.7140	0.0512s	1.1973	0.7190	0.5951
141
0614	0.1144	0.9842	1.3453	0.7140	0.0507s	1.2122	0.7140	0.5928
142
0615	0.1308	0.9816	1.4138	0.7120	0.0515s	1.2923	0.6940	0.5810
143
0616	0.1246	0.9763	1.4631	0.7080	0.0510s	1.3379	0.6800	0.5665
144
0617	0.1212	0.9868	1.4932	0.7060	0.0503s	1.3627	0.6760	0.5615
145
0618	0.1224	0.9842	1.4170	0.7180	0.0505s	1.2980	0.6970	0.5877
146
0619	0.1358	0.9737	1.4421	0.7160	0.0502s	1.3161	0.7030	0.5966
147
0620	0.1227	0.9816	1.4455	0.7080	0.0506s	1.2923	0.7200	0.6044
148
0621	0.1368	0.9737	1.4556	0.7040	0.0514s	1.2869	0.7070	0.5858
149
0622	0.1202	0.9842	1.5632	0.7060	0.0505s	1.3989	0.6850	0.5733
150
0623	0.1539	0.9737	1.4829	0.7180	0.0514s	1.3505	0.6870	0.5759
151
0624	0.1308	0.9816	1.4903	0.7060	0.0514s	1.3842	0.6890	0.5771
152
0625	0.1314	0.9605	1.4818	0.7140	0.0505s	1.3659	0.6900	0.5734
153
0626	0.1308	0.9816	1.4664	0.7140	0.0510s	1.3195	0.6860	0.5640
154
0627	0.1331	0.9816	1.5272	0.7040	0.0504s	1.3556	0.7010	0.5776
155
0628	0.1343	0.9763	1.6009	0.7020	0.0511s	1.4039	0.6900	0.5715
156
0629	0.1284	0.9868	1.5551	0.6980	0.0508s	1.3795	0.6900	0.5610
157
0630	0.1277	0.9921	1.5115	0.7020	0.0504s	1.3597	0.6920	0.5650
158
0631	0.1392	0.9789	1.4857	0.7080	0.0503s	1.3337	0.7030	0.5820
159
0632	0.1171	0.9816	1.5148	0.7040	0.0511s	1.3460	0.6920	0.5772
160
0633	0.1244	0.9763	1.5496	0.7080	0.0510s	1.3725	0.6970	0.5823
161
0634	0.1403	0.9737	1.5280	0.7180	0.0504s	1.3710	0.6950	0.5829
162
0635	0.1072	0.9895	1.4747	0.7180	0.0505s	1.3400	0.6980	0.5803
163
0636	0.1176	0.9974	1.3891	0.7180	0.0516s	1.2656	0.7130	0.5871
164
0637	0.1106	0.9789	1.4407	0.7120	0.0513s	1.3181	0.7000	0.5769
165
0638	0.1515	0.9605	1.4616	0.7260	0.0504s	1.3193	0.6950	0.5872
166
0639	0.1122	0.9816	1.5712	0.7100	0.0504s	1.4198	0.6940	0.5876
0
0640	0.1194	0.9763	1.6030	0.7020	0.0516s	1.4369	0.7090	0.5976
1
0641	0.1426	0.9711	1.5116	0.7080	0.0516s	1.3194	0.7110	0.5990
2
0642	0.1283	0.9684	1.4788	0.7080	0.0508s	1.2931	0.6980	0.5964
3
0643	0.1192	0.9789	1.4623	0.7120	0.0501s	1.2880	0.6910	0.5951
4
0644	0.1383	0.9763	1.4716	0.7100	0.0507s	1.3013	0.7040	0.6010
5
0645	0.1033	0.9868	1.5329	0.7180	0.0509s	1.3835	0.7050	0.5822
6
0646	0.1557	0.9842	1.5032	0.7200	0.0506s	1.3485	0.7100	0.5864
7
0647	0.1349	0.9711	1.4329	0.7280	0.0503s	1.2813	0.7110	0.5870
8
0648	0.1333	0.9737	1.3969	0.7280	0.0529s	1.2683	0.6940	0.5770
0
0649	0.1564	0.9684	1.4593	0.7160	0.0506s	1.3079	0.6980	0.5801
0
0650	0.1107	0.9842	1.4625	0.7180	0.0501s	1.3026	0.7060	0.5839
1
0651	0.1331	0.9842	1.4431	0.7160	0.0507s	1.2571	0.7050	0.5837
2
0652	0.1422	0.9684	1.4026	0.7100	0.0501s	1.2104	0.7090	0.5857
3
0653	0.1329	0.9763	1.4345	0.7140	0.0500s	1.2615	0.7090	0.5985
4
0654	0.1439	0.9711	1.3769	0.7200	0.0785s	1.2261	0.7070	0.6004
5
0655	0.1200	0.9816	1.4531	0.7260	0.0625s	1.3081	0.6910	0.5877
6
0656	0.1315	0.9789	1.4609	0.7240	0.0580s	1.3244	0.6970	0.5777
7
0657	0.1363	0.9842	1.4278	0.7060	0.0580s	1.2864	0.6990	0.5669
8
0658	0.1266	0.9895	1.4116	0.7020	0.0579s	1.2624	0.7080	0.5783
9
0659	0.1545	0.9658	1.3859	0.7160	0.0577s	1.2213	0.7030	0.6036
10
0660	0.1345	0.9763	1.4604	0.7120	0.0578s	1.3115	0.6980	0.6013
11
0661	0.1547	0.9711	1.4709	0.7200	0.0579s	1.3365	0.7000	0.5947
12
0662	0.1214	0.9789	1.4516	0.7200	0.0578s	1.3211	0.6930	0.5896
13
0663	0.1372	0.9763	1.4382	0.7080	0.0578s	1.3019	0.6920	0.5653
14
0664	0.1128	0.9842	1.4131	0.7040	0.0576s	1.2886	0.6870	0.5660
15
0665	0.1521	0.9684	1.3224	0.7180	0.0582s	1.1909	0.7130	0.5850
16
0666	0.1420	0.9895	1.4328	0.7060	0.0598s	1.3010	0.7060	0.5986
17
0667	0.1435	0.9789	1.4201	0.7180	0.0807s	1.2807	0.6980	0.5797
18
0668	0.1221	0.9789	1.4122	0.7160	0.0714s	1.2653	0.7000	0.5998
19
0669	0.1166	0.9842	1.4535	0.7140	0.0594s	1.2823	0.7210	0.6104
20
0670	0.1353	0.9816	1.4821	0.7060	0.0597s	1.3062	0.7160	0.5917
21
0671	0.1236	0.9789	1.5167	0.6980	0.0675s	1.3414	0.7040	0.5847
22
0672	0.1119	0.9816	1.5154	0.7060	0.0772s	1.3328	0.7000	0.5827
23
0673	0.1221	0.9842	1.5366	0.7140	0.0612s	1.3672	0.6960	0.5691
24
0674	0.1305	0.9763	1.5009	0.7120	0.0591s	1.3182	0.7030	0.5855
25
0675	0.1233	0.9789	1.4484	0.7180	0.0592s	1.2830	0.7130	0.5879
26
0676	0.1359	0.9658	1.5018	0.7040	0.0590s	1.3137	0.7040	0.5779
27
0677	0.1148	0.9763	1.5942	0.7120	0.0592s	1.4011	0.6960	0.5821
28
0678	0.1280	0.9711	1.5069	0.7120	0.0593s	1.3362	0.6940	0.5771
29
0679	0.1315	0.9711	1.5190	0.7020	0.0590s	1.3863	0.6890	0.5684
30
0680	0.1374	0.9474	1.4970	0.7120	0.0592s	1.3397	0.6920	0.5737
31
0681	0.1166	0.9842	1.5212	0.7040	0.0594s	1.3253	0.6970	0.5787
32
0682	0.1134	0.9842	1.5003	0.7060	0.0590s	1.2799	0.7060	0.5746
33
0683	0.1540	0.9737	1.4297	0.7200	0.0593s	1.2458	0.7170	0.5857
34
0684	0.1264	0.9868	1.5059	0.7080	0.0594s	1.3547	0.7080	0.5868
35
0685	0.1232	0.9816	1.5362	0.6980	0.0588s	1.3645	0.6910	0.5822
36
0686	0.1244	0.9816	1.5445	0.7100	0.0539s	1.3545	0.6930	0.5814
37
0687	0.1234	0.9816	1.5265	0.7240	0.0511s	1.3162	0.7130	0.5983
38
0688	0.1549	0.9605	1.4374	0.7180	0.0509s	1.2323	0.7290	0.6137
39
0689	0.1122	0.9816	1.4098	0.7240	0.0505s	1.2068	0.7110	0.6027
40
0690	0.1316	0.9763	1.4603	0.7100	0.0503s	1.2602	0.7090	0.5841
41
0691	0.1421	0.9763	1.5947	0.7180	0.0503s	1.4276	0.6930	0.6028
42
0692	0.1283	0.9789	1.6949	0.7060	0.0504s	1.5352	0.6880	0.5830
43
0693	0.1763	0.9474	1.4229	0.7240	0.0501s	1.2621	0.7100	0.5868
44
0694	0.1239	0.9868	1.4024	0.7100	0.0503s	1.2691	0.7070	0.6089
45
0695	0.1577	0.9526	1.4978	0.7100	0.0501s	1.3190	0.6970	0.6006
46
0696	0.1462	0.9789	1.5607	0.7140	0.0502s	1.3568	0.7020	0.6015
47
0697	0.1499	0.9658	1.5414	0.7140	0.0503s	1.3411	0.7030	0.5978
48
0698	0.1336	0.9842	1.4471	0.7160	0.0502s	1.2887	0.7200	0.5891
49
0699	0.1277	0.9842	1.4548	0.6960	0.0502s	1.3182	0.7110	0.5836
50
0700	0.1447	0.9737	1.3726	0.7100	0.0506s	1.2370	0.7160	0.6087
51
0701	0.1538	0.9737	1.4008	0.7160	0.0502s	1.2269	0.7050	0.5879
52
0702	0.1258	0.9842	1.5447	0.7020	0.0504s	1.3597	0.6970	0.5837
53
0703	0.1746	0.9605	1.5377	0.6980	0.0503s	1.3593	0.6930	0.5788
54
0704	0.1471	0.9684	1.4085	0.7020	0.0506s	1.2577	0.7190	0.5897
55
0705	0.1380	0.9816	1.3787	0.7020	0.0503s	1.2332	0.6920	0.5690
56
0706	0.1526	0.9947	1.3731	0.7120	0.0504s	1.2038	0.7030	0.5932
57
0707	0.1320	0.9868	1.5136	0.7000	0.0503s	1.3248	0.6970	0.5965
58
0708	0.1372	0.9711	1.6110	0.6960	0.0504s	1.4270	0.6930	0.5927
59
0709	0.1270	0.9789	1.5193	0.7080	0.0504s	1.3506	0.7080	0.6027
60
0710	0.1192	0.9816	1.4020	0.7140	0.0503s	1.2561	0.7230	0.6054
61
0711	0.1131	0.9816	1.3745	0.7080	0.0502s	1.2419	0.7120	0.6008
62
0712	0.1061	0.9868	1.4236	0.7060	0.0503s	1.2812	0.7010	0.5801
63
0713	0.1121	0.9816	1.5055	0.7120	0.0501s	1.3507	0.6960	0.5827
64
0714	0.0999	0.9789	1.5602	0.7100	0.0503s	1.3712	0.6920	0.5883
65
0715	0.1375	0.9684	1.5739	0.7120	0.0502s	1.3663	0.7020	0.5935
66
0716	0.1515	0.9711	1.5722	0.7040	0.0503s	1.4087	0.7040	0.5803
67
0717	0.1327	0.9789	1.4717	0.7060	0.0503s	1.2981	0.7030	0.5802
68
0718	0.1147	0.9737	1.4733	0.7120	0.0504s	1.2823	0.6980	0.5819
69
0719	0.1451	0.9684	1.4106	0.7220	0.0504s	1.2158	0.7190	0.5931
70
0720	0.1445	0.9789	1.5002	0.7180	0.0502s	1.3524	0.7090	0.5927
71
0721	0.1311	0.9737	1.5872	0.6980	0.0503s	1.4477	0.6970	0.5856
72
0722	0.1395	0.9842	1.5492	0.7000	0.0503s	1.3967	0.7010	0.5948
73
0723	0.1247	0.9789	1.5171	0.7080	0.0507s	1.3204	0.7060	0.5758
74
0724	0.1455	0.9737	1.4391	0.7160	0.0504s	1.2628	0.7230	0.6101
75
0725	0.1399	0.9763	1.5269	0.6980	0.0504s	1.3732	0.7110	0.5910
76
0726	0.1190	0.9921	1.5977	0.6960	0.0503s	1.4296	0.7000	0.6062
77
0727	0.1370	0.9684	1.5042	0.7240	0.0505s	1.3306	0.7070	0.5981
78
0728	0.1316	0.9816	1.5171	0.7120	0.0503s	1.3509	0.7000	0.5749
79
0729	0.1353	0.9684	1.4384	0.7060	0.0504s	1.2902	0.7030	0.5727
80
0730	0.1486	0.9816	1.4366	0.6980	0.0502s	1.3001	0.7100	0.5786
81
0731	0.1272	0.9816	1.4311	0.7040	0.0508s	1.2841	0.7120	0.5912
82
0732	0.1345	0.9711	1.4162	0.7080	0.0517s	1.2327	0.7120	0.5941
83
0733	0.1334	0.9737	1.5394	0.7140	0.0503s	1.3637	0.6930	0.5808
84
0734	0.1410	0.9763	1.4016	0.7200	0.0503s	1.2585	0.7070	0.5993
85
0735	0.1252	0.9842	1.3438	0.7180	0.0508s	1.2347	0.7110	0.5954
86
0736	0.1431	0.9763	1.3090	0.7260	0.0502s	1.1833	0.7160	0.6002
87
0737	0.1304	0.9763	1.3804	0.7180	0.0505s	1.2275	0.7150	0.6031
88
0738	0.1316	0.9763	1.5859	0.6980	0.0505s	1.3994	0.6890	0.6034
89
0739	0.1502	0.9684	1.4306	0.7180	0.0505s	1.2695	0.7060	0.6149
90
0740	0.1249	0.9868	1.4780	0.6980	0.0503s	1.3287	0.7020	0.6013
91
0741	0.1500	0.9711	1.4235	0.7180	0.0516s	1.2611	0.7030	0.5908
92
0742	0.1167	0.9842	1.5702	0.7000	0.0504s	1.3846	0.6820	0.5667
93
0743	0.1937	0.9711	1.6909	0.7040	0.0509s	1.4873	0.6920	0.5902
94
0744	0.1465	0.9789	1.7299	0.6860	0.0514s	1.5214	0.6850	0.5731
95
0745	0.1394	0.9684	1.4749	0.7060	0.0503s	1.2699	0.7100	0.5933
96
0746	0.1446	0.9658	1.4775	0.7040	0.0503s	1.2658	0.7080	0.5775
97
0747	0.1705	0.9658	1.4737	0.7060	0.0516s	1.2955	0.6980	0.5786
98
0748	0.1450	0.9763	1.6954	0.6780	0.0504s	1.5199	0.6890	0.5734
99
0749	0.1720	0.9632	1.5900	0.7040	0.0503s	1.3832	0.6810	0.5596
100
0750	0.1359	0.9789	1.6108	0.6920	0.0503s	1.3645	0.6940	0.5688
101
0751	0.2141	0.9474	1.5568	0.7000	0.0506s	1.3274	0.6990	0.5888
102
0752	0.1652	0.9579	1.6471	0.6800	0.0503s	1.4539	0.6880	0.6046
103
0753	0.2041	0.9500	1.5041	0.6920	0.0502s	1.3017	0.6980	0.6000
104
0754	0.1759	0.9605	1.5271	0.6820	0.0506s	1.3348	0.6810	0.5783
105
0755	0.1600	0.9737	1.4427	0.7060	0.0507s	1.3042	0.6880	0.5621
106
0756	0.1516	0.9658	1.4750	0.6900	0.0506s	1.3421	0.6890	0.5929
107
0757	0.1579	0.9632	1.3598	0.7040	0.0533s	1.2227	0.6990	0.5952
108
0758	0.1340	0.9789	1.3422	0.7180	0.0506s	1.1799	0.7020	0.5979
109
0759	0.1322	0.9789	1.3464	0.7180	0.0506s	1.1827	0.7080	0.6081
110
0760	0.1370	0.9711	1.3282	0.7160	0.0506s	1.1554	0.7100	0.6114
111
0761	0.1410	0.9684	1.3890	0.7060	0.0505s	1.2109	0.7020	0.5880
112
0762	0.1286	0.9789	1.4276	0.7040	0.0507s	1.2441	0.7070	0.5862
113
0763	0.1585	0.9605	1.3954	0.7040	0.0503s	1.2149	0.7120	0.5868
114
0764	0.1300	0.9737	1.3704	0.6980	0.0503s	1.2137	0.7140	0.5845
115
0765	0.1457	0.9632	1.3463	0.7040	0.0502s	1.1959	0.7110	0.5864
116
0766	0.1280	0.9816	1.3688	0.7060	0.0503s	1.2009	0.7070	0.5837
117
0767	0.1393	0.9816	1.4339	0.7000	0.0504s	1.2550	0.6920	0.5725
118
0768	0.1497	0.9711	1.4230	0.7040	0.0502s	1.2442	0.6910	0.5676
119
0769	0.1306	0.9868	1.4662	0.7180	0.0518s	1.2733	0.6980	0.5693
120
0770	0.1312	0.9868	1.4770	0.7140	0.0505s	1.2918	0.7020	0.5764
121
0771	0.1465	0.9816	1.4737	0.7020	0.0502s	1.2959	0.7020	0.5688
122
0772	0.1149	0.9816	1.4650	0.6980	0.0503s	1.2996	0.7000	0.5735
123
0773	0.1350	0.9737	1.3994	0.7000	0.0502s	1.2452	0.7100	0.5855
124
0774	0.1252	0.9737	1.4090	0.7200	0.0505s	1.2755	0.7030	0.5887
125
0775	0.1322	0.9789	1.4069	0.7100	0.0506s	1.2781	0.7060	0.5951
126
0776	0.1394	0.9789	1.4130	0.7160	0.0504s	1.2857	0.7030	0.6049
127
0777	0.1321	0.9816	1.4477	0.7200	0.0504s	1.3025	0.7030	0.6005
128
0778	0.1199	0.9763	1.4543	0.7160	0.0514s	1.3106	0.6930	0.5826
129
0779	0.1085	0.9842	1.4397	0.7180	0.0505s	1.3087	0.6940	0.5930
130
0780	0.1361	0.9711	1.4411	0.7140	0.0504s	1.3167	0.6790	0.5708
131
0781	0.1365	0.9711	1.4534	0.7040	0.0503s	1.3177	0.6880	0.5805
132
0782	0.1221	0.9789	1.4630	0.7080	0.0514s	1.3169	0.6930	0.5913
133
0783	0.1321	0.9684	1.4041	0.7040	0.0515s	1.2608	0.7030	0.6002
134
0784	0.1146	0.9816	1.3752	0.7160	0.0507s	1.2744	0.6880	0.5900
135
0785	0.1505	0.9632	1.4900	0.7060	0.0503s	1.3409	0.6970	0.5939
136
0786	0.1389	0.9711	1.5178	0.7080	0.0507s	1.3567	0.6900	0.5714
137
0787	0.1326	0.9684	1.3887	0.7180	0.0504s	1.2503	0.6990	0.5727
138
0788	0.1339	0.9921	1.4053	0.7160	0.0502s	1.2908	0.6880	0.5744
139
0789	0.1460	0.9816	1.3653	0.7160	0.0506s	1.2457	0.6990	0.5758
140
0790	0.1340	0.9816	1.4369	0.7100	0.0501s	1.2837	0.6950	0.5727
141
0791	0.1268	0.9868	1.4851	0.7140	0.0513s	1.2991	0.7010	0.5706
142
0792	0.1347	0.9789	1.5104	0.7100	0.0504s	1.3301	0.7070	0.5787
143
0793	0.1260	0.9895	1.5057	0.7160	0.0505s	1.3233	0.6980	0.5928
144
0794	0.1211	0.9842	1.4425	0.7120	0.0503s	1.2741	0.7020	0.5968
145
0795	0.1143	0.9763	1.4098	0.7080	0.0501s	1.2595	0.6980	0.5864
146
0796	0.1145	0.9842	1.4409	0.7060	0.0514s	1.2783	0.7050	0.5879
147
0797	0.1180	0.9737	1.4809	0.7140	0.0502s	1.2949	0.7070	0.5970
148
0798	0.1194	0.9789	1.5693	0.7080	0.0503s	1.3663	0.7010	0.5810
149
0799	0.1525	0.9605	1.4714	0.7080	0.0500s	1.2741	0.7060	0.5929
150
0800	0.1295	0.9868	1.3969	0.7040	0.0512s	1.2298	0.7000	0.5924
151
0801	0.1436	0.9763	1.4525	0.7100	0.0510s	1.3202	0.6960	0.6074
152
0802	0.1198	0.9789	1.4683	0.7020	0.0507s	1.3215	0.6940	0.5891
153
0803	0.1048	0.9842	1.4036	0.7100	0.0501s	1.2407	0.7090	0.5912
154
0804	0.1309	0.9789	1.3991	0.7100	0.0519s	1.2218	0.7080	0.5828
155
0805	0.1238	0.9763	1.4400	0.7060	0.0504s	1.2529	0.7080	0.5862
156
0806	0.1100	0.9895	1.4634	0.7100	0.0503s	1.2821	0.6970	0.5799
157
0807	0.1092	0.9895	1.5147	0.6960	0.0502s	1.3365	0.6940	0.5817
158
0808	0.1231	0.9789	1.5028	0.7100	0.0508s	1.3082	0.7040	0.5806
159
0809	0.1477	0.9763	1.6170	0.7080	0.0534s	1.4393	0.6930	0.5788
160
0810	0.1462	0.9605	1.6531	0.7000	0.0506s	1.4720	0.6910	0.5787
161
0811	0.1148	0.9842	1.5410	0.7000	0.0505s	1.3655	0.7020	0.6033
162
0812	0.1317	0.9711	1.4025	0.7080	0.0503s	1.2635	0.7100	0.6074
163
0813	0.1295	0.9868	1.3917	0.7140	0.0503s	1.2468	0.7110	0.6059
164
0814	0.1477	0.9763	1.5611	0.7120	0.0517s	1.4015	0.6900	0.5673
165
0815	0.1384	0.9684	1.6198	0.7000	0.0503s	1.4535	0.6780	0.5621
166
0816	0.1560	0.9737	1.5489	0.6960	0.0506s	1.3975	0.6870	0.5659
167
0817	0.1518	0.9711	1.3872	0.7180	0.0506s	1.2288	0.7110	0.5870
168
0818	0.1155	0.9842	1.5602	0.7020	0.0502s	1.3725	0.6920	0.5780
169
0819	0.1558	0.9632	1.5305	0.6980	0.0503s	1.3601	0.6880	0.5699
170
0820	0.1316	0.9737	1.5677	0.6880	0.0525s	1.4184	0.6810	0.5717
171
0821	0.1723	0.9632	1.5875	0.6800	0.0507s	1.4642	0.6660	0.5483
172
0822	0.1897	0.9658	1.4873	0.6980	0.0502s	1.3535	0.6920	0.5590
173
0823	0.1425	0.9711	1.4122	0.7100	0.0504s	1.2695	0.7050	0.5809
174
0824	0.1226	0.9789	1.4692	0.7000	0.0504s	1.3067	0.7130	0.6078
175
0825	0.1485	0.9737	1.4920	0.6880	0.0503s	1.3251	0.7110	0.5962
176
0826	0.1498	0.9737	1.4042	0.7040	0.0501s	1.2195	0.7020	0.5956
177
0827	0.1449	0.9816	1.5538	0.6760	0.0517s	1.3632	0.6910	0.5774
178
0828	0.1783	0.9553	1.4752	0.7080	0.0506s	1.3189	0.6880	0.5668
179
0829	0.1326	0.9737	1.5514	0.6900	0.0502s	1.4203	0.6840	0.5768
180
0830	0.1673	0.9737	1.5590	0.6760	0.0501s	1.4201	0.6820	0.5472
181
0831	0.1717	0.9632	1.3739	0.7000	0.0504s	1.2341	0.7110	0.5821
182
0832	0.1235	0.9763	1.3702	0.7120	0.0503s	1.1985	0.7060	0.5898
183
0833	0.1566	0.9711	1.3910	0.7100	0.0503s	1.2030	0.7050	0.5905
184
0834	0.1298	0.9737	1.4358	0.7040	0.0516s	1.2632	0.6930	0.6011
185
0835	0.1594	0.9605	1.4471	0.7000	0.0513s	1.3008	0.7030	0.5892
186
0836	0.1239	0.9737	1.4814	0.6940	0.0502s	1.3498	0.6930	0.5748
187
0837	0.1327	0.9763	1.4089	0.7020	0.0509s	1.2867	0.7070	0.5869
188
0838	0.1285	0.9711	1.3574	0.7040	0.0505s	1.2331	0.6940	0.5868
189
0839	0.1404	0.9763	1.3235	0.7040	0.0502s	1.2123	0.6930	0.5719
190
0840	0.1349	0.9737	1.4511	0.6980	0.0508s	1.3255	0.6990	0.5924
191
0841	0.1136	0.9789	1.3407	0.7080	0.0504s	1.2082	0.7120	0.5953
192
0842	0.1189	0.9816	1.3660	0.7140	0.0503s	1.2248	0.7190	0.6003
193
0843	0.1180	0.9868	1.4342	0.7140	0.0504s	1.2777	0.7120	0.6077
194
0844	0.1380	0.9684	1.4590	0.7120	0.0505s	1.3532	0.7010	0.5901
195
0845	0.1471	0.9737	1.4805	0.6960	0.0503s	1.3678	0.6830	0.5601
196
0846	0.1122	0.9842	1.4464	0.6960	0.0502s	1.3245	0.6890	0.5669
197
0847	0.1190	0.9921	1.3896	0.7020	0.0509s	1.2442	0.7000	0.5698
198
0848	0.1226	0.9737	1.3977	0.7120	0.0505s	1.2199	0.7130	0.5977
199
Early stop! Min loss:1.2472758293151855,  Max accuracy:0.728
Early stop model validation loss:1.2472758293151855,  accuracy:0.716
Optimization Finished!
Total time elapsed: 44.2069s
test max acc:0.7290
Loading 84th epoch
stru_node_to_hop attention:tensor([[0.2376, 0.2563, 0.2533, 0.2528],
        [0.2482, 0.2505, 0.2506, 0.2507],
        [0.2450, 0.2518, 0.2515, 0.2517],
        [0.2505, 0.2488, 0.2503, 0.2505],
        [0.2297, 0.2625, 0.2540, 0.2538],
        [0.2495, 0.2502, 0.2502, 0.2501],
        [0.2489, 0.2506, 0.2503, 0.2503],
        [0.2480, 0.2510, 0.2504, 0.2505],
        [0.2458, 0.2515, 0.2513, 0.2514],
        [0.2439, 0.2524, 0.2518, 0.2520],
        [0.2483, 0.2505, 0.2505, 0.2507],
        [0.2472, 0.2507, 0.2510, 0.2511],
        [0.2471, 0.2521, 0.2511, 0.2498],
        [0.2074, 0.2488, 0.2718, 0.2720],
        [0.2228, 0.2364, 0.2729, 0.2679],
        [0.2499, 0.2500, 0.2500, 0.2500],
        [0.2495, 0.2502, 0.2502, 0.2502],
        [0.2500, 0.2500, 0.2500, 0.2500],
        [0.2473, 0.2498, 0.2515, 0.2514],
        [0.2495, 0.2500, 0.2502, 0.2503],
        [0.2467, 0.2506, 0.2513, 0.2514],
        [0.2500, 0.2499, 0.2500, 0.2500],
        [0.2496, 0.2500, 0.2502, 0.2502],
        [0.2500, 0.2500, 0.2500, 0.2500],
        [0.2452, 0.2511, 0.2517, 0.2520],
        [0.2497, 0.2500, 0.2502, 0.2501],
        [0.2500, 0.2500, 0.2500, 0.2500],
        [0.2490, 0.2503, 0.2503, 0.2503],
        [0.2500, 0.2500, 0.2500, 0.2500],
        [0.2498, 0.2499, 0.2501, 0.2501],
        [0.2404, 0.2529, 0.2532, 0.2536],
        [0.2499, 0.2500, 0.2500, 0.2500],
        [0.2498, 0.2502, 0.2500, 0.2501],
        [0.2493, 0.2498, 0.2508, 0.2501],
        [0.2483, 0.2490, 0.2509, 0.2518],
        [0.2500, 0.2500, 0.2500, 0.2500],
        [0.2500, 0.2500, 0.2500, 0.2500],
        [0.2491, 0.2500, 0.2503, 0.2505],
        [0.2485, 0.2504, 0.2505, 0.2505],
        [0.2469, 0.2505, 0.2513, 0.2513],
        [0.2481, 0.2508, 0.2506, 0.2505],
        [0.2467, 0.2509, 0.2511, 0.2513],
        [0.2507, 0.2496, 0.2499, 0.2497],
        [0.2501, 0.2500, 0.2499, 0.2499],
        [0.2437, 0.2513, 0.2524, 0.2526],
        [0.1579, 0.4286, 0.2245, 0.1891],
        [0.2498, 0.2500, 0.2501, 0.2501],
        [0.2431, 0.2530, 0.2517, 0.2522],
        [0.2500, 0.2500, 0.2500, 0.2500],
        [0.2902, 0.2385, 0.2299, 0.2414],
        [0.2474, 0.2504, 0.2511, 0.2511],
        [0.2500, 0.2500, 0.2500, 0.2500],
        [0.2500, 0.2500, 0.2500, 0.2500],
        [0.2471, 0.2490, 0.2522, 0.2517],
        [0.2495, 0.2500, 0.2502, 0.2502],
        [0.2475, 0.2475, 0.2514, 0.2536],
        [0.2492, 0.2146, 0.2643, 0.2718],
        [0.2497, 0.2500, 0.2501, 0.2501],
        [0.2500, 0.2500, 0.2500, 0.2500],
        [0.2500, 0.2500, 0.2500, 0.2500],
        [0.2494, 0.2495, 0.2504, 0.2507],
        [0.2501, 0.2500, 0.2499, 0.2499],
        [0.2500, 0.2500, 0.2500, 0.2500],
        [0.2490, 0.2503, 0.2503, 0.2503],
        [0.2500, 0.2500, 0.2500, 0.2500],
        [0.2487, 0.2478, 0.2514, 0.2521],
        [0.2499, 0.2500, 0.2500, 0.2500],
        [0.2472, 0.2507, 0.2511, 0.2511],
        [0.2514, 0.2485, 0.2498, 0.2503],
        [0.2500, 0.2500, 0.2500, 0.2500],
        [0.2500, 0.2500, 0.2500, 0.2500],
        [0.2496, 0.2500, 0.2503, 0.2501],
        [0.2487, 0.2502, 0.2506, 0.2505],
        [0.2500, 0.2500, 0.2500, 0.2500],
        [0.2500, 0.2500, 0.2500, 0.2500],
        [0.2500, 0.2500, 0.2500, 0.2500],
        [0.2501, 0.2500, 0.2500, 0.2500],
        [0.2468, 0.2505, 0.2512, 0.2516],
        [0.2496, 0.2501, 0.2501, 0.2502],
        [0.2494, 0.2502, 0.2501, 0.2503],
        [0.2453, 0.2514, 0.2514, 0.2518],
        [0.2408, 0.2518, 0.2534, 0.2539],
        [0.2482, 0.2501, 0.2507, 0.2510],
        [0.2500, 0.2500, 0.2500, 0.2500],
        [0.2431, 0.2504, 0.2527, 0.2538],
        [0.2399, 0.2526, 0.2537, 0.2539],
        [0.2506, 0.2493, 0.2500, 0.2502],
        [0.2472, 0.2509, 0.2509, 0.2510],
        [0.2477, 0.2506, 0.2508, 0.2509],
        [0.2500, 0.2500, 0.2500, 0.2500],
        [0.2499, 0.2500, 0.2500, 0.2500],
        [0.2500, 0.2500, 0.2500, 0.2500],
        [0.2500, 0.2500, 0.2500, 0.2500],
        [0.2430, 0.2512, 0.2529, 0.2530],
        [0.2500, 0.2500, 0.2500, 0.2500],
        [0.2490, 0.2501, 0.2505, 0.2505],
        [0.2441, 0.2527, 0.2518, 0.2513],
        [0.2407, 0.2538, 0.2528, 0.2527],
        [0.2499, 0.2500, 0.2500, 0.2500],
        [0.2410, 0.2528, 0.2534, 0.2528]], device='cuda:1')
fea_node_to_hop attention:tensor([[0.1408, 0.1412, 0.1429, 0.1433, 0.1438, 0.1440, 0.1441],
        [0.1419, 0.1430, 0.1430, 0.1430, 0.1430, 0.1430, 0.1430],
        [0.1398, 0.1437, 0.1434, 0.1434, 0.1433, 0.1432, 0.1432],
        [0.1422, 0.1429, 0.1430, 0.1429, 0.1430, 0.1430, 0.1430],
        [0.1371, 0.1445, 0.1452, 0.1445, 0.1438, 0.1429, 0.1421],
        [0.1424, 0.1431, 0.1430, 0.1430, 0.1429, 0.1428, 0.1428],
        [0.1426, 0.1428, 0.1429, 0.1429, 0.1429, 0.1429, 0.1429],
        [0.1423, 0.1429, 0.1428, 0.1429, 0.1430, 0.1430, 0.1431],
        [0.1411, 0.1431, 0.1431, 0.1432, 0.1432, 0.1432, 0.1432],
        [0.1423, 0.1430, 0.1429, 0.1430, 0.1429, 0.1429, 0.1429],
        [0.1418, 0.1426, 0.1429, 0.1431, 0.1432, 0.1432, 0.1433],
        [0.1415, 0.1429, 0.1430, 0.1431, 0.1431, 0.1432, 0.1432],
        [0.1399, 0.1430, 0.1434, 0.1435, 0.1435, 0.1434, 0.1433],
        [0.1292, 0.1406, 0.1437, 0.1454, 0.1465, 0.1472, 0.1474],
        [0.1218, 0.1409, 0.1473, 0.1484, 0.1480, 0.1472, 0.1463],
        [0.1428, 0.1429, 0.1429, 0.1429, 0.1429, 0.1429, 0.1429],
        [0.1426, 0.1429, 0.1429, 0.1429, 0.1429, 0.1429, 0.1429],
        [0.1429, 0.1429, 0.1429, 0.1429, 0.1429, 0.1429, 0.1429],
        [0.1393, 0.1431, 0.1434, 0.1436, 0.1436, 0.1436, 0.1434],
        [0.1425, 0.1428, 0.1429, 0.1429, 0.1429, 0.1429, 0.1429],
        [0.1400, 0.1433, 0.1434, 0.1434, 0.1434, 0.1433, 0.1433],
        [0.1428, 0.1429, 0.1429, 0.1429, 0.1429, 0.1429, 0.1429],
        [0.1427, 0.1429, 0.1429, 0.1429, 0.1429, 0.1429, 0.1429],
        [0.1429, 0.1429, 0.1429, 0.1429, 0.1429, 0.1429, 0.1429],
        [0.1412, 0.1427, 0.1432, 0.1432, 0.1432, 0.1432, 0.1432],
        [0.1427, 0.1429, 0.1429, 0.1429, 0.1429, 0.1429, 0.1429],
        [0.1429, 0.1429, 0.1429, 0.1429, 0.1429, 0.1429, 0.1429],
        [0.1426, 0.1429, 0.1429, 0.1429, 0.1429, 0.1429, 0.1429],
        [0.1428, 0.1429, 0.1429, 0.1429, 0.1429, 0.1429, 0.1429],
        [0.1427, 0.1429, 0.1429, 0.1429, 0.1429, 0.1429, 0.1429],
        [0.1383, 0.1431, 0.1435, 0.1437, 0.1437, 0.1438, 0.1438],
        [0.1428, 0.1429, 0.1429, 0.1429, 0.1429, 0.1429, 0.1429],
        [0.1427, 0.1428, 0.1429, 0.1431, 0.1430, 0.1428, 0.1427],
        [0.1410, 0.1436, 0.1433, 0.1431, 0.1431, 0.1430, 0.1429],
        [0.1416, 0.1434, 0.1430, 0.1430, 0.1430, 0.1430, 0.1430],
        [0.1429, 0.1428, 0.1428, 0.1428, 0.1428, 0.1428, 0.1428],
        [0.1429, 0.1429, 0.1428, 0.1428, 0.1428, 0.1428, 0.1428],
        [0.1427, 0.1428, 0.1429, 0.1429, 0.1429, 0.1429, 0.1429],
        [0.1422, 0.1430, 0.1429, 0.1430, 0.1430, 0.1430, 0.1430],
        [0.1416, 0.1429, 0.1430, 0.1431, 0.1431, 0.1431, 0.1431],
        [0.1423, 0.1429, 0.1429, 0.1430, 0.1430, 0.1430, 0.1430],
        [0.1410, 0.1429, 0.1433, 0.1432, 0.1432, 0.1432, 0.1432],
        [0.1429, 0.1429, 0.1429, 0.1429, 0.1429, 0.1429, 0.1428],
        [0.1429, 0.1428, 0.1428, 0.1428, 0.1428, 0.1428, 0.1428],
        [0.1398, 0.1428, 0.1434, 0.1435, 0.1435, 0.1435, 0.1435],
        [0.1294, 0.1482, 0.1456, 0.1460, 0.1438, 0.1436, 0.1433],
        [0.1428, 0.1428, 0.1429, 0.1429, 0.1429, 0.1429, 0.1429],
        [0.1386, 0.1431, 0.1435, 0.1437, 0.1437, 0.1437, 0.1437],
        [0.1429, 0.1429, 0.1429, 0.1429, 0.1429, 0.1429, 0.1429],
        [0.1597, 0.1534, 0.1448, 0.1392, 0.1362, 0.1341, 0.1326],
        [0.1417, 0.1430, 0.1430, 0.1431, 0.1431, 0.1431, 0.1431],
        [0.1429, 0.1429, 0.1429, 0.1429, 0.1429, 0.1429, 0.1429],
        [0.1429, 0.1429, 0.1429, 0.1429, 0.1429, 0.1429, 0.1429],
        [0.1382, 0.1429, 0.1437, 0.1440, 0.1440, 0.1437, 0.1434],
        [0.1425, 0.1429, 0.1429, 0.1429, 0.1429, 0.1429, 0.1429],
        [0.1374, 0.1429, 0.1442, 0.1445, 0.1442, 0.1437, 0.1431],
        [0.1379, 0.1267, 0.1453, 0.1470, 0.1483, 0.1477, 0.1471],
        [0.1427, 0.1429, 0.1429, 0.1429, 0.1429, 0.1429, 0.1429],
        [0.1428, 0.1429, 0.1429, 0.1429, 0.1429, 0.1429, 0.1429],
        [0.1429, 0.1429, 0.1429, 0.1429, 0.1429, 0.1429, 0.1429],
        [0.1425, 0.1428, 0.1429, 0.1430, 0.1430, 0.1429, 0.1429],
        [0.1431, 0.1428, 0.1428, 0.1428, 0.1428, 0.1428, 0.1428],
        [0.1428, 0.1429, 0.1429, 0.1429, 0.1429, 0.1429, 0.1429],
        [0.1426, 0.1429, 0.1429, 0.1429, 0.1429, 0.1429, 0.1429],
        [0.1429, 0.1429, 0.1429, 0.1429, 0.1429, 0.1429, 0.1429],
        [0.1349, 0.1433, 0.1445, 0.1444, 0.1444, 0.1443, 0.1442],
        [0.1428, 0.1429, 0.1429, 0.1429, 0.1429, 0.1429, 0.1429],
        [0.1418, 0.1430, 0.1430, 0.1430, 0.1430, 0.1430, 0.1430],
        [0.1427, 0.1429, 0.1429, 0.1429, 0.1429, 0.1429, 0.1429],
        [0.1429, 0.1429, 0.1429, 0.1429, 0.1429, 0.1429, 0.1429],
        [0.1429, 0.1429, 0.1429, 0.1429, 0.1429, 0.1429, 0.1429],
        [0.1423, 0.1429, 0.1429, 0.1430, 0.1430, 0.1429, 0.1429],
        [0.1425, 0.1427, 0.1430, 0.1429, 0.1430, 0.1430, 0.1430],
        [0.1428, 0.1429, 0.1429, 0.1429, 0.1429, 0.1429, 0.1429],
        [0.1428, 0.1429, 0.1429, 0.1429, 0.1429, 0.1429, 0.1429],
        [0.1429, 0.1429, 0.1429, 0.1429, 0.1429, 0.1429, 0.1429],
        [0.1429, 0.1429, 0.1429, 0.1429, 0.1428, 0.1428, 0.1429],
        [0.1387, 0.1430, 0.1434, 0.1436, 0.1437, 0.1438, 0.1438],
        [0.1426, 0.1429, 0.1429, 0.1429, 0.1429, 0.1429, 0.1429],
        [0.1427, 0.1428, 0.1429, 0.1429, 0.1429, 0.1429, 0.1429],
        [0.1402, 0.1429, 0.1433, 0.1434, 0.1434, 0.1434, 0.1434],
        [0.1388, 0.1428, 0.1435, 0.1436, 0.1437, 0.1438, 0.1438],
        [0.1418, 0.1427, 0.1430, 0.1431, 0.1431, 0.1432, 0.1432],
        [0.1429, 0.1429, 0.1429, 0.1429, 0.1429, 0.1429, 0.1429],
        [0.1398, 0.1426, 0.1433, 0.1435, 0.1436, 0.1436, 0.1436],
        [0.1408, 0.1431, 0.1432, 0.1433, 0.1432, 0.1432, 0.1432],
        [0.1425, 0.1430, 0.1430, 0.1429, 0.1429, 0.1428, 0.1428],
        [0.1413, 0.1432, 0.1431, 0.1431, 0.1431, 0.1431, 0.1431],
        [0.1418, 0.1430, 0.1430, 0.1430, 0.1430, 0.1430, 0.1430],
        [0.1429, 0.1429, 0.1429, 0.1429, 0.1429, 0.1429, 0.1429],
        [0.1429, 0.1429, 0.1429, 0.1429, 0.1429, 0.1429, 0.1429],
        [0.1429, 0.1429, 0.1429, 0.1429, 0.1429, 0.1429, 0.1429],
        [0.1429, 0.1429, 0.1428, 0.1428, 0.1428, 0.1428, 0.1428],
        [0.1401, 0.1433, 0.1432, 0.1434, 0.1434, 0.1433, 0.1433],
        [0.1429, 0.1429, 0.1429, 0.1429, 0.1429, 0.1429, 0.1429],
        [0.1422, 0.1429, 0.1429, 0.1430, 0.1430, 0.1430, 0.1430],
        [0.1418, 0.1440, 0.1434, 0.1430, 0.1428, 0.1426, 0.1424],
        [0.1372, 0.1436, 0.1438, 0.1439, 0.1439, 0.1439, 0.1438],
        [0.1428, 0.1429, 0.1429, 0.1429, 0.1429, 0.1429, 0.1429],
        [0.1399, 0.1436, 0.1432, 0.1432, 0.1433, 0.1433, 0.1434]],
       device='cuda:1')
perception attention:tensor([0.4724, 0.5276], device='cuda:1')
Test set results: loss= 1.1563 accuracy= 0.7110 F1_score= 0.5827
