# epoch	loss_train	acc_train	loss_val	acc_val	time	acc_test	f1_test
0001	2.9720	0.0447	5.2444	0.2040	0.0503s	4.9851	0.1950	0.0365
0
0002	5.4614	0.2000	4.6804	0.1080	0.0503s	4.4916	0.1200	0.0154
0
0003	4.7954	0.1000	3.1711	0.1820	0.0515s	3.0550	0.1960	0.0686
0
0004	3.0854	0.2079	2.7599	0.3100	0.0504s	2.6898	0.3300	0.2136
0
0005	2.6209	0.3526	2.4603	0.3600	0.0503s	2.4234	0.3900	0.2304
0
0006	2.3397	0.4263	2.2386	0.3520	0.0502s	2.2068	0.3640	0.2148
0
0007	2.1370	0.3711	2.0585	0.3840	0.0512s	1.9940	0.4380	0.2475
0
0008	1.9138	0.4316	1.8927	0.4360	0.0538s	1.7957	0.4670	0.3098
0
0009	1.7212	0.4842	1.7425	0.5420	0.0521s	1.6263	0.5900	0.4035
0
0010	1.5649	0.5763	1.7187	0.4940	0.0517s	1.5624	0.5450	0.3845
0
0011	1.4772	0.5342	1.6404	0.5340	0.0542s	1.4688	0.5680	0.3946
0
0012	1.3527	0.5711	1.6107	0.5600	0.0517s	1.4533	0.5870	0.4284
0
0013	1.2358	0.5868	1.6051	0.5300	0.0508s	1.4573	0.5570	0.4131
0
0014	1.1660	0.6053	1.5839	0.5420	0.0515s	1.4241	0.5910	0.4446
0
0015	1.1255	0.6263	1.5114	0.5780	0.0503s	1.3388	0.6330	0.4616
0
0016	1.0161	0.6553	1.5080	0.5800	0.0504s	1.3241	0.6320	0.4538
0
0017	0.9888	0.6895	1.4529	0.6100	0.0505s	1.2774	0.6630	0.5004
0
0018	0.9058	0.7263	1.4388	0.6060	0.0503s	1.2792	0.6550	0.5225
0
0019	0.8427	0.7368	1.4415	0.6080	0.0506s	1.3004	0.6260	0.4850
0
0020	0.8137	0.7079	1.3931	0.6200	0.0504s	1.2723	0.6490	0.5311
1
0021	0.7766	0.7579	1.3480	0.6500	0.0505s	1.2307	0.6670	0.5364
0
0022	0.7072	0.7579	1.3273	0.6340	0.0502s	1.2040	0.6720	0.5434
0
0023	0.7012	0.7605	1.3353	0.6440	0.0502s	1.2101	0.6830	0.5510
0
0024	0.6503	0.7895	1.3446	0.6640	0.0502s	1.2294	0.6700	0.5402
1
0025	0.6005	0.8132	1.3273	0.6680	0.0522s	1.2312	0.6770	0.5496
0
0026	0.5703	0.8237	1.2940	0.6920	0.0509s	1.2056	0.6890	0.5604
0
0027	0.5473	0.8158	1.3476	0.6760	0.0500s	1.2278	0.6660	0.5528
0
0028	0.5023	0.8579	1.3529	0.6800	0.0503s	1.2267	0.6710	0.5531
1
0029	0.4754	0.8605	1.3147	0.6820	0.0812s	1.2121	0.6700	0.5476
2
0030	0.4669	0.8421	1.3250	0.6940	0.0634s	1.2287	0.6810	0.5571
3
0031	0.4053	0.9158	1.3811	0.6980	0.0598s	1.2854	0.6810	0.5667
0
0032	0.4608	0.8921	1.3444	0.6840	0.0592s	1.2572	0.6770	0.5573
0
0033	0.4253	0.8842	1.3184	0.6640	0.0591s	1.2534	0.6790	0.5551
1
0034	0.4395	0.8737	1.2914	0.6920	0.0589s	1.2209	0.6930	0.5667
2
0035	0.3903	0.9079	1.3360	0.7060	0.0592s	1.2513	0.6890	0.5682
0
0036	0.3640	0.9184	1.3109	0.7000	0.0594s	1.2319	0.6920	0.5729
0
0037	0.3612	0.9053	1.3090	0.6960	0.0595s	1.2413	0.6870	0.5573
1
0038	0.3356	0.9184	1.4368	0.6840	0.0592s	1.3465	0.6760	0.5459
2
0039	0.3663	0.9000	1.4433	0.6880	0.0592s	1.3425	0.6800	0.5607
3
0040	0.3263	0.9263	1.4173	0.6780	0.0595s	1.3241	0.6830	0.5738
4
0041	0.3349	0.9158	1.2571	0.7060	0.0593s	1.1910	0.7010	0.5719
5
0042	0.2812	0.9184	1.2832	0.7120	0.0562s	1.1971	0.7050	0.5805
0
0043	0.2693	0.9289	1.3795	0.6960	0.0512s	1.2744	0.6870	0.5652
0
0044	0.2736	0.9447	1.3851	0.6880	0.0506s	1.2790	0.6770	0.5564
1
0045	0.2600	0.9474	1.3965	0.6860	0.0531s	1.3127	0.6820	0.5604
2
0046	0.2876	0.9368	1.3384	0.6980	0.0512s	1.2925	0.6930	0.5783
3
0047	0.2581	0.9421	1.3450	0.6900	0.0510s	1.2950	0.6830	0.5534
4
0048	0.2516	0.9500	1.3556	0.7020	0.0505s	1.2895	0.6860	0.5578
5
0049	0.2605	0.9184	1.3662	0.7100	0.0506s	1.2866	0.6800	0.5560
6
0050	0.2486	0.9526	1.3065	0.7040	0.0502s	1.2289	0.6900	0.5685
7
0051	0.2398	0.9395	1.3237	0.6940	0.0503s	1.2359	0.7050	0.5839
8
0052	0.2278	0.9316	1.3496	0.6900	0.0502s	1.2462	0.7060	0.5793
9
0053	0.2339	0.9395	1.3703	0.7060	0.0503s	1.2851	0.6740	0.5584
10
0054	0.2535	0.9421	1.3673	0.7080	0.0504s	1.2913	0.6860	0.5591
11
0055	0.2242	0.9605	1.4627	0.7020	0.0517s	1.3877	0.6720	0.5506
12
0056	0.2218	0.9684	1.4191	0.7000	0.0509s	1.3535	0.6830	0.5620
13
0057	0.2608	0.9421	1.3044	0.6960	0.0503s	1.2460	0.6980	0.5755
14
0058	0.2332	0.9474	1.3679	0.6880	0.0503s	1.3081	0.6740	0.5613
15
0059	0.2839	0.9316	1.2812	0.7000	0.0502s	1.2172	0.6970	0.5755
16
0060	0.2232	0.9553	1.3537	0.7120	0.0502s	1.2757	0.6980	0.5735
17
0061	0.2277	0.9500	1.4261	0.7040	0.0503s	1.3417	0.6910	0.5709
0
0062	0.2482	0.9316	1.3609	0.7100	0.0503s	1.2810	0.6870	0.5464
1
0063	0.2227	0.9579	1.3285	0.7040	0.0506s	1.2547	0.6860	0.5459
2
0064	0.2299	0.9447	1.3961	0.6820	0.0503s	1.3159	0.6810	0.5615
3
0065	0.2290	0.9263	1.3826	0.6940	0.0503s	1.3006	0.6850	0.5617
4
0066	0.2118	0.9605	1.3096	0.7060	0.0516s	1.2347	0.6990	0.5696
5
0067	0.2117	0.9789	1.3041	0.7120	0.0505s	1.2184	0.7030	0.5719
6
0068	0.2330	0.9553	1.3320	0.7020	0.0501s	1.2512	0.6910	0.5609
0
0069	0.1992	0.9553	1.4117	0.6780	0.0502s	1.3180	0.6860	0.5584
1
0070	0.2196	0.9526	1.3883	0.6960	0.0501s	1.2935	0.6760	0.5582
2
0071	0.2065	0.9500	1.3209	0.7040	0.0497s	1.2321	0.6920	0.5670
3
0072	0.2395	0.9474	1.2822	0.7220	0.0500s	1.1876	0.7080	0.5787
4
0073	0.1805	0.9789	1.4060	0.6880	0.0503s	1.2935	0.7030	0.5770
0
0074	0.2335	0.9421	1.3157	0.7200	0.0502s	1.2183	0.7080	0.5733
1
0075	0.1861	0.9658	1.3371	0.6980	0.0508s	1.2491	0.6920	0.5589
2
0076	0.2167	0.9553	1.3146	0.7100	0.0504s	1.2475	0.6930	0.5611
3
0077	0.2062	0.9474	1.3583	0.6880	0.0503s	1.2960	0.6890	0.5615
4
0078	0.2032	0.9737	1.3700	0.6780	0.0504s	1.2978	0.6920	0.5625
5
0079	0.2294	0.9500	1.3141	0.7000	0.0507s	1.2404	0.6920	0.5687
6
0080	0.2069	0.9579	1.3318	0.7020	0.0505s	1.2291	0.7090	0.5673
7
0081	0.1958	0.9737	1.3678	0.6980	0.0501s	1.2647	0.6890	0.5616
8
0082	0.1829	0.9789	1.5588	0.6620	0.0504s	1.4279	0.6670	0.5571
9
0083	0.2332	0.9605	1.2959	0.7040	0.0502s	1.2110	0.7090	0.5749
10
0084	0.2137	0.9579	1.3630	0.6840	0.0502s	1.2606	0.6970	0.5721
11
0085	0.2163	0.9579	1.2784	0.7140	0.0503s	1.2047	0.7030	0.5706
12
0086	0.1798	0.9763	1.4760	0.6760	0.0502s	1.3827	0.6840	0.5582
13
0087	0.2114	0.9553	1.3704	0.7040	0.0503s	1.2859	0.6990	0.5698
14
0088	0.1811	0.9605	1.3027	0.7080	0.0505s	1.2321	0.6920	0.5659
15
0089	0.2125	0.9632	1.3722	0.7020	0.0501s	1.2670	0.6920	0.5697
16
0090	0.2175	0.9421	1.3901	0.7180	0.0504s	1.2816	0.6830	0.5653
17
0091	0.1984	0.9526	1.3386	0.6900	0.0502s	1.2296	0.7030	0.5721
18
0092	0.2119	0.9632	1.3599	0.6780	0.0501s	1.2981	0.7000	0.5741
19
0093	0.2356	0.9579	1.2919	0.7100	0.0502s	1.1991	0.7050	0.5663
20
0094	0.1951	0.9658	1.3876	0.7100	0.0501s	1.2871	0.6820	0.5764
21
0095	0.2342	0.9526	1.3607	0.7080	0.0501s	1.2631	0.6930	0.5673
22
0096	0.1969	0.9553	1.2695	0.7120	0.0501s	1.1884	0.7050	0.5782
23
0097	0.1770	0.9737	1.3384	0.6720	0.0503s	1.2710	0.7010	0.5716
24
0098	0.2155	0.9605	1.2828	0.7180	0.0503s	1.1864	0.6970	0.5762
25
0099	0.1726	0.9789	1.4294	0.7000	0.0502s	1.3065	0.6830	0.5646
26
0100	0.2202	0.9526	1.4058	0.7060	0.0503s	1.2962	0.6860	0.5649
27
0101	0.1962	0.9605	1.3604	0.7040	0.0504s	1.2563	0.6960	0.5638
28
0102	0.1929	0.9632	1.3179	0.6880	0.0503s	1.2429	0.7010	0.5627
29
0103	0.2154	0.9632	1.2811	0.7100	0.0502s	1.2127	0.7050	0.5683
30
0104	0.1737	0.9789	1.3096	0.6980	0.0503s	1.2402	0.6850	0.5630
31
0105	0.1918	0.9526	1.3257	0.7100	0.0502s	1.2388	0.6780	0.5605
32
0106	0.1823	0.9684	1.3129	0.7100	0.0502s	1.1925	0.6990	0.5663
33
0107	0.1928	0.9632	1.3848	0.7000	0.0503s	1.2572	0.6900	0.5593
34
0108	0.2272	0.9553	1.4360	0.7000	0.0504s	1.3029	0.6970	0.5687
35
0109	0.2032	0.9579	1.3746	0.6900	0.0501s	1.2738	0.6890	0.5622
36
0110	0.1892	0.9658	1.2631	0.7020	0.0505s	1.1833	0.6990	0.5691
37
0111	0.2135	0.9553	1.2870	0.7060	0.0500s	1.2038	0.6990	0.5622
38
0112	0.1911	0.9684	1.3305	0.7120	0.0504s	1.2300	0.7090	0.5733
39
0113	0.1788	0.9789	1.3216	0.7060	0.0501s	1.2050	0.7100	0.5772
40
0114	0.1767	0.9711	1.3062	0.7060	0.0501s	1.1861	0.7010	0.5701
41
0115	0.1963	0.9579	1.3207	0.7180	0.0505s	1.1921	0.6940	0.5650
42
0116	0.1777	0.9632	1.4191	0.7120	0.0502s	1.2779	0.6820	0.5586
43
0117	0.1817	0.9658	1.3868	0.7160	0.0501s	1.2702	0.6900	0.5681
44
0118	0.1951	0.9632	1.2968	0.7120	0.0502s	1.2079	0.7130	0.5818
45
0119	0.1915	0.9632	1.3311	0.6920	0.0502s	1.2322	0.7100	0.5700
46
0120	0.1884	0.9605	1.3388	0.7000	0.0508s	1.2314	0.6980	0.5735
47
0121	0.1760	0.9737	1.3151	0.7120	0.0503s	1.2052	0.6960	0.5672
48
0122	0.1804	0.9816	1.3519	0.7060	0.0506s	1.2245	0.6970	0.5696
49
0123	0.1878	0.9605	1.4082	0.7020	0.0502s	1.2704	0.6940	0.5640
50
0124	0.1796	0.9632	1.4727	0.6980	0.0501s	1.3244	0.6900	0.5609
51
0125	0.1877	0.9737	1.3756	0.7260	0.0500s	1.2679	0.6990	0.5816
52
0126	0.2099	0.9632	1.3107	0.7020	0.0505s	1.2245	0.6980	0.5745
0
0127	0.1675	0.9684	1.2280	0.7040	0.0501s	1.1687	0.7060	0.5582
1
0128	0.2071	0.9500	1.3898	0.6900	0.0501s	1.3202	0.6870	0.5578
0
0129	0.1837	0.9711	1.4702	0.6940	0.0504s	1.3886	0.6830	0.5699
1
0130	0.1805	0.9632	1.3665	0.7160	0.0501s	1.2824	0.6980	0.5888
2
0131	0.2065	0.9553	1.2596	0.7220	0.0502s	1.1606	0.7120	0.6011
3
0132	0.1836	0.9658	1.3332	0.7100	0.0502s	1.2196	0.6970	0.5946
4
0133	0.1658	0.9763	1.3552	0.7060	0.0502s	1.2284	0.6970	0.5970
5
0134	0.1800	0.9711	1.3173	0.7180	0.0503s	1.2081	0.7020	0.5800
6
0135	0.1716	0.9789	1.2803	0.7180	0.0504s	1.1907	0.7020	0.5765
7
0136	0.1697	0.9605	1.2780	0.7240	0.0502s	1.1916	0.7000	0.5734
8
0137	0.1469	0.9842	1.3476	0.7140	0.0506s	1.2510	0.6920	0.5667
9
0138	0.1511	0.9789	1.4456	0.6940	0.0503s	1.3447	0.6850	0.5623
10
0139	0.1882	0.9605	1.3759	0.7100	0.0500s	1.2879	0.6820	0.5612
11
0140	0.1527	0.9711	1.3814	0.7020	0.0504s	1.2864	0.6880	0.5700
12
0141	0.1935	0.9526	1.4244	0.7040	0.0501s	1.2936	0.6930	0.5655
13
0142	0.1655	0.9763	1.4589	0.7060	0.0503s	1.3102	0.6950	0.5709
14
0143	0.1681	0.9553	1.3522	0.7120	0.0502s	1.2049	0.7020	0.5743
15
0144	0.1756	0.9842	1.3140	0.7080	0.0503s	1.2059	0.6960	0.5751
16
0145	0.1921	0.9711	1.3426	0.7120	0.0504s	1.2685	0.6930	0.5771
17
0146	0.1716	0.9868	1.4661	0.7040	0.0500s	1.4008	0.6800	0.5715
18
0147	0.1893	0.9526	1.4264	0.7000	0.0504s	1.3307	0.6960	0.5840
19
0148	0.1921	0.9658	1.3549	0.6880	0.0504s	1.2386	0.7020	0.5750
20
0149	0.1936	0.9711	1.3644	0.7100	0.0501s	1.2292	0.7010	0.5701
21
0150	0.1652	0.9684	1.4680	0.6920	0.0503s	1.3223	0.6940	0.5791
22
0151	0.2157	0.9289	1.5177	0.6780	0.0521s	1.3762	0.6820	0.5990
23
0152	0.1589	0.9868	1.5528	0.6740	0.0514s	1.4161	0.6850	0.5840
24
0153	0.2249	0.9474	1.3751	0.7060	0.0504s	1.2408	0.7000	0.5893
25
0154	0.1824	0.9658	1.4112	0.6900	0.0503s	1.2638	0.6970	0.5707
26
0155	0.1975	0.9368	1.3492	0.7120	0.0506s	1.2322	0.6860	0.5712
27
0156	0.2029	0.9632	1.5253	0.6640	0.0503s	1.3802	0.6900	0.5654
28
0157	0.2085	0.9368	1.3222	0.7060	0.0503s	1.1890	0.7130	0.5825
29
0158	0.1868	0.9605	1.4523	0.6940	0.0501s	1.2728	0.6990	0.5578
30
0159	0.2086	0.9447	1.4572	0.7020	0.0504s	1.2788	0.6990	0.5543
31
0160	0.1950	0.9526	1.4858	0.6820	0.0503s	1.3408	0.6830	0.5578
32
0161	0.1796	0.9684	1.5417	0.6720	0.0505s	1.3968	0.6860	0.5781
33
0162	0.1901	0.9474	1.3095	0.7120	0.0503s	1.1929	0.7140	0.5826
34
0163	0.1644	0.9579	1.2845	0.7100	0.0506s	1.1543	0.7170	0.5824
35
0164	0.2036	0.9500	1.4928	0.6980	0.0500s	1.3531	0.6850	0.5697
36
0165	0.1832	0.9658	1.6600	0.6700	0.0513s	1.5073	0.6690	0.5661
37
0166	0.1987	0.9658	1.4481	0.6900	0.0504s	1.3043	0.7010	0.5896
38
0167	0.1717	0.9711	1.3032	0.6960	0.0502s	1.1954	0.7070	0.5921
39
0168	0.1975	0.9711	1.3035	0.7000	0.0501s	1.1978	0.7010	0.5894
40
0169	0.1640	0.9658	1.4396	0.6980	0.0503s	1.3169	0.6870	0.5818
41
0170	0.1879	0.9711	1.4687	0.6940	0.0502s	1.3269	0.6870	0.5680
42
0171	0.1801	0.9684	1.3326	0.7160	0.0506s	1.2040	0.7090	0.5882
43
0172	0.1543	0.9684	1.3564	0.7180	0.0504s	1.2548	0.7020	0.5865
44
0173	0.1711	0.9605	1.3758	0.7060	0.0505s	1.2753	0.7020	0.5867
45
0174	0.1866	0.9605	1.4552	0.6960	0.0504s	1.3102	0.6900	0.5648
46
0175	0.1376	0.9789	1.6147	0.6580	0.0503s	1.4513	0.6670	0.5372
47
0176	0.1832	0.9763	1.4550	0.6980	0.0507s	1.3209	0.6850	0.5608
48
0177	0.1537	0.9763	1.3537	0.7040	0.0502s	1.2610	0.6920	0.5823
49
0178	0.1610	0.9711	1.3141	0.6900	0.0503s	1.2253	0.7130	0.5956
50
0179	0.1966	0.9579	1.4037	0.6920	0.0505s	1.2910	0.6860	0.5691
51
0180	0.1870	0.9632	1.4025	0.6980	0.0503s	1.2801	0.6880	0.5717
52
0181	0.1544	0.9763	1.4424	0.6960	0.0502s	1.2926	0.6780	0.5529
53
0182	0.1853	0.9526	1.4304	0.6980	0.0504s	1.2941	0.6840	0.5582
54
0183	0.1636	0.9658	1.3879	0.7080	0.0504s	1.2796	0.7000	0.5692
55
0184	0.1704	0.9789	1.4273	0.6980	0.0502s	1.3297	0.6900	0.5665
56
0185	0.1860	0.9421	1.3462	0.7100	0.0502s	1.2428	0.6960	0.5726
57
0186	0.1501	0.9711	1.2968	0.7140	0.0513s	1.1666	0.7120	0.5846
58
0187	0.1846	0.9632	1.3047	0.7040	0.0505s	1.1663	0.7160	0.5809
59
0188	0.1608	0.9737	1.3652	0.6980	0.0503s	1.2319	0.7060	0.5786
60
0189	0.1625	0.9605	1.4039	0.6880	0.0504s	1.2760	0.7040	0.5825
61
0190	0.1617	0.9763	1.4486	0.6880	0.0500s	1.3163	0.6850	0.5714
62
0191	0.1616	0.9868	1.4616	0.7020	0.0505s	1.3042	0.6940	0.5737
63
0192	0.1424	0.9789	1.3830	0.7200	0.0502s	1.2318	0.7010	0.5837
64
0193	0.1689	0.9658	1.2922	0.7180	0.0504s	1.1671	0.7130	0.5766
65
0194	0.1449	0.9789	1.2678	0.7120	0.0506s	1.1699	0.7090	0.5783
66
0195	0.1474	0.9763	1.4179	0.6880	0.0507s	1.3075	0.7010	0.5705
67
0196	0.1566	0.9737	1.5170	0.6800	0.0518s	1.3971	0.6920	0.5664
68
0197	0.1668	0.9684	1.4615	0.6900	0.0506s	1.3348	0.6880	0.5634
69
0198	0.1585	0.9737	1.3854	0.6920	0.0527s	1.2523	0.6980	0.5698
70
0199	0.1795	0.9500	1.4000	0.7020	0.0537s	1.2543	0.7050	0.5776
71
0200	0.1513	0.9737	1.5034	0.6880	0.0522s	1.3534	0.6980	0.5926
72
0201	0.1692	0.9526	1.3887	0.7120	0.0516s	1.2613	0.6980	0.5894
73
0202	0.1533	0.9921	1.4199	0.6880	0.0518s	1.2762	0.6940	0.5711
74
0203	0.2045	0.9553	1.4324	0.6920	0.0513s	1.2917	0.6890	0.5657
75
0204	0.1872	0.9684	1.6471	0.6620	0.0503s	1.4849	0.6750	0.5727
76
0205	0.1710	0.9711	1.4935	0.6860	0.0509s	1.3478	0.6970	0.5668
77
0206	0.1618	0.9842	1.3755	0.6980	0.0532s	1.2588	0.6960	0.5670
78
0207	0.1693	0.9711	1.4004	0.6960	0.0503s	1.2811	0.6940	0.5768
79
0208	0.1674	0.9579	1.3448	0.7160	0.0504s	1.2383	0.7050	0.5793
80
0209	0.1434	0.9842	1.4291	0.6940	0.0502s	1.2932	0.7000	0.5817
81
0210	0.1553	0.9789	1.4840	0.6900	0.0506s	1.3383	0.7000	0.5702
82
0211	0.1321	0.9763	1.4738	0.6940	0.0502s	1.3231	0.7010	0.5643
83
0212	0.1546	0.9684	1.4411	0.6980	0.0502s	1.2889	0.7040	0.5681
84
0213	0.1580	0.9789	1.4039	0.7100	0.0503s	1.2781	0.7020	0.5720
85
0214	0.1487	0.9816	1.3845	0.7100	0.0505s	1.2741	0.7050	0.5794
86
0215	0.1680	0.9684	1.4356	0.7000	0.0504s	1.3207	0.7000	0.5848
87
0216	0.1458	0.9737	1.4390	0.6840	0.0502s	1.3253	0.7060	0.5997
88
0217	0.1746	0.9684	1.3338	0.7020	0.0503s	1.2113	0.7190	0.5832
89
0218	0.1526	0.9789	1.3911	0.6960	0.0509s	1.2532	0.7000	0.5755
90
0219	0.1868	0.9605	1.4642	0.7040	0.0503s	1.3276	0.6970	0.5624
91
0220	0.1622	0.9632	1.5021	0.6980	0.0505s	1.3745	0.6900	0.5901
92
0221	0.1756	0.9553	1.3684	0.7140	0.0500s	1.2638	0.6950	0.5811
93
0222	0.1575	0.9737	1.3314	0.7200	0.0503s	1.2389	0.7000	0.5907
94
0223	0.1353	0.9868	1.3824	0.7080	0.0503s	1.2633	0.6940	0.5736
95
0224	0.1602	0.9816	1.3740	0.7200	0.0502s	1.2462	0.7040	0.5753
96
0225	0.1602	0.9763	1.4163	0.6980	0.0512s	1.2951	0.7080	0.5908
97
0226	0.1817	0.9711	1.4173	0.6920	0.0505s	1.2925	0.6970	0.5696
98
0227	0.1572	0.9816	1.3012	0.7040	0.0505s	1.1922	0.7050	0.5832
99
0228	0.1413	0.9789	1.3869	0.7020	0.0501s	1.2675	0.6970	0.5670
100
0229	0.1546	0.9789	1.3826	0.7140	0.0502s	1.2549	0.7030	0.5741
101
0230	0.1620	0.9605	1.3648	0.7280	0.0505s	1.2422	0.7080	0.5967
102
0231	0.1688	0.9737	1.4503	0.7000	0.0502s	1.3167	0.6860	0.5644
0
0232	0.1714	0.9605	1.3820	0.7100	0.0505s	1.2705	0.7000	0.5754
1
0233	0.1732	0.9605	1.3816	0.6960	0.0522s	1.2746	0.6940	0.5694
2
0234	0.1869	0.9605	1.3142	0.7100	0.0505s	1.2024	0.7020	0.5742
3
0235	0.1507	0.9605	1.3579	0.7020	0.0502s	1.2324	0.7010	0.5874
4
0236	0.1466	0.9658	1.4079	0.7000	0.0503s	1.2752	0.6970	0.5717
5
0237	0.1648	0.9632	1.4008	0.7100	0.0503s	1.2700	0.7130	0.5952
6
0238	0.1410	0.9868	1.4189	0.7060	0.0505s	1.3025	0.6890	0.5823
7
0239	0.1506	0.9789	1.4165	0.7120	0.0502s	1.2996	0.6920	0.5881
8
0240	0.1649	0.9605	1.4961	0.6940	0.0503s	1.3722	0.6810	0.5863
9
0241	0.1494	0.9763	1.4608	0.6960	0.0502s	1.3377	0.6930	0.5824
10
0242	0.1703	0.9763	1.3187	0.7100	0.0506s	1.2170	0.7030	0.5914
11
0243	0.1534	0.9711	1.3512	0.7020	0.0503s	1.2679	0.6880	0.5879
12
0244	0.1998	0.9553	1.3593	0.7080	0.0504s	1.2582	0.6950	0.5883
13
0245	0.1582	0.9763	1.5274	0.6980	0.0502s	1.3841	0.6720	0.5718
14
0246	0.1506	0.9868	1.5712	0.6900	0.0503s	1.4206	0.6700	0.5543
15
0247	0.1754	0.9737	1.4642	0.7000	0.0504s	1.3127	0.6960	0.5721
16
0248	0.1376	0.9763	1.4479	0.7140	0.0503s	1.3045	0.6960	0.5792
17
0249	0.1331	0.9895	1.4172	0.7060	0.0506s	1.2875	0.7000	0.5813
18
0250	0.1884	0.9711	1.4492	0.6960	0.0518s	1.3105	0.7060	0.5807
19
0251	0.1621	0.9658	1.5303	0.6900	0.0504s	1.3635	0.7000	0.5704
20
0252	0.1701	0.9500	1.5745	0.6920	0.0503s	1.4016	0.6780	0.5549
21
0253	0.1560	0.9763	1.4753	0.7060	0.0503s	1.3067	0.6910	0.5667
22
0254	0.1658	0.9658	1.3616	0.7100	0.0503s	1.2155	0.7030	0.5775
23
0255	0.1443	0.9737	1.3973	0.6840	0.0502s	1.2684	0.7070	0.5806
24
0256	0.1674	0.9711	1.5264	0.6840	0.0510s	1.3864	0.6900	0.5883
25
0257	0.1985	0.9474	1.4568	0.7140	0.0507s	1.3058	0.6960	0.5714
26
0258	0.1600	0.9763	1.4969	0.7140	0.0504s	1.3470	0.6900	0.5726
27
0259	0.1702	0.9632	1.4190	0.7220	0.0500s	1.2997	0.6980	0.5841
28
0260	0.1521	0.9763	1.6622	0.6720	0.0502s	1.5293	0.6790	0.5629
29
0261	0.1860	0.9632	1.3753	0.7040	0.0502s	1.2638	0.6940	0.5713
30
0262	0.1453	0.9868	1.3515	0.7000	0.0504s	1.2194	0.7030	0.5632
31
0263	0.1675	0.9632	1.4328	0.7140	0.0516s	1.2934	0.7000	0.5652
32
0264	0.1776	0.9579	1.5852	0.6920	0.0509s	1.4503	0.6730	0.5505
33
0265	0.1768	0.9579	1.6287	0.6920	0.0503s	1.4781	0.6710	0.5489
34
0266	0.1652	0.9684	1.4344	0.7120	0.0516s	1.3026	0.6900	0.5758
35
0267	0.1556	0.9763	1.3353	0.7080	0.0506s	1.2224	0.6970	0.5690
36
0268	0.1333	0.9842	1.3136	0.7040	0.0507s	1.1894	0.7120	0.5745
37
0269	0.1561	0.9763	1.4093	0.7100	0.0504s	1.2759	0.7020	0.5893
38
0270	0.1470	0.9711	1.4874	0.7160	0.0505s	1.3530	0.6910	0.5797
39
0271	0.1710	0.9842	1.4547	0.7120	0.0501s	1.3279	0.6890	0.5633
40
0272	0.1482	0.9711	1.4934	0.6840	0.0502s	1.3864	0.6860	0.5621
41
0273	0.2059	0.9605	1.4461	0.7160	0.0503s	1.2918	0.6910	0.5626
42
0274	0.1531	0.9816	1.4937	0.7160	0.0507s	1.3077	0.7030	0.5790
43
0275	0.1648	0.9579	1.4737	0.7140	0.0505s	1.2867	0.7040	0.5718
44
0276	0.1671	0.9684	1.3994	0.7000	0.0504s	1.2525	0.7080	0.5706
45
0277	0.1498	0.9737	1.4302	0.6860	0.0507s	1.2891	0.7070	0.5807
46
0278	0.1401	0.9816	1.5195	0.6900	0.0502s	1.3869	0.6930	0.5704
47
0279	0.1495	0.9789	1.5252	0.6960	0.0502s	1.4011	0.6880	0.5630
48
0280	0.1342	0.9816	1.4375	0.7220	0.0505s	1.3172	0.6920	0.5583
49
0281	0.1369	0.9868	1.4101	0.7160	0.0506s	1.2928	0.6950	0.5852
50
0282	0.1343	0.9868	1.4031	0.7060	0.0501s	1.2969	0.7030	0.5966
51
0283	0.1399	0.9684	1.3655	0.7100	0.0513s	1.2548	0.7100	0.5954
52
0284	0.1597	0.9579	1.4147	0.7060	0.0503s	1.2861	0.6880	0.5657
53
0285	0.1248	0.9789	1.4980	0.6900	0.0502s	1.3371	0.6920	0.5744
54
0286	0.1630	0.9711	1.5130	0.6960	0.0503s	1.3463	0.6920	0.5684
55
0287	0.1597	0.9711	1.5338	0.7060	0.0502s	1.3735	0.6960	0.5751
56
0288	0.1672	0.9789	1.5388	0.7060	0.0502s	1.4052	0.6880	0.5665
57
0289	0.1658	0.9711	1.5383	0.6920	0.0503s	1.4467	0.6800	0.5601
58
0290	0.1588	0.9711	1.3938	0.7080	0.0498s	1.3205	0.6910	0.5578
59
0291	0.1751	0.9763	1.3884	0.7120	0.0507s	1.3086	0.6860	0.5612
60
0292	0.1469	0.9658	1.4048	0.7120	0.0504s	1.2883	0.7030	0.5716
61
0293	0.1359	0.9816	1.6309	0.6780	0.0502s	1.5179	0.6690	0.5531
62
0294	0.1446	0.9737	1.6082	0.6840	0.0502s	1.4775	0.6810	0.5619
63
0295	0.1569	0.9737	1.4729	0.7100	0.0503s	1.3649	0.6910	0.5690
64
0296	0.1416	0.9763	1.4002	0.7060	0.0501s	1.2954	0.7020	0.5753
65
0297	0.1522	0.9763	1.3619	0.7200	0.0507s	1.2442	0.7000	0.5681
66
0298	0.1238	0.9842	1.4096	0.7140	0.0502s	1.2735	0.7130	0.5951
67
0299	0.1316	0.9842	1.5096	0.6980	0.0513s	1.3690	0.7020	0.5912
68
0300	0.1621	0.9658	1.4708	0.7040	0.0501s	1.3307	0.6990	0.5762
69
0301	0.1454	0.9711	1.4141	0.7060	0.0502s	1.2755	0.7030	0.5768
70
0302	0.1275	0.9737	1.4293	0.6980	0.0504s	1.2927	0.6950	0.5654
71
0303	0.1298	0.9789	1.5621	0.6800	0.0502s	1.4327	0.6880	0.5814
72
0304	0.1546	0.9789	1.4081	0.7120	0.0503s	1.2760	0.6930	0.5639
73
0305	0.1406	0.9789	1.3743	0.7080	0.0506s	1.2251	0.7160	0.5788
74
0306	0.1763	0.9684	1.4207	0.7220	0.0503s	1.2695	0.7090	0.5766
75
0307	0.1484	0.9737	1.5898	0.6780	0.0502s	1.4480	0.6830	0.5842
76
0308	0.1826	0.9711	1.4785	0.7060	0.0503s	1.3468	0.6960	0.5832
77
0309	0.1302	0.9868	1.4496	0.7140	0.0505s	1.3243	0.6880	0.5751
78
0310	0.1526	0.9737	1.3840	0.7040	0.0502s	1.2625	0.7000	0.5777
79
0311	0.1414	0.9842	1.4548	0.6960	0.0504s	1.3346	0.6990	0.5875
80
0312	0.1558	0.9658	1.3991	0.7040	0.0502s	1.2816	0.7020	0.5757
81
0313	0.1538	0.9711	1.4266	0.7220	0.0508s	1.2964	0.6950	0.5736
82
0314	0.1385	0.9789	1.4871	0.7120	0.0508s	1.3419	0.6960	0.5736
83
0315	0.1418	0.9658	1.4404	0.7180	0.0516s	1.2918	0.7180	0.5809
84
0316	0.1283	0.9789	1.4007	0.7120	0.0512s	1.2384	0.7150	0.5776
85
0317	0.1348	0.9763	1.3970	0.7060	0.0502s	1.2332	0.7130	0.5826
86
0318	0.1247	0.9737	1.4195	0.6980	0.0503s	1.2477	0.7060	0.5841
87
0319	0.1522	0.9711	1.3869	0.7100	0.0509s	1.2310	0.7200	0.5975
88
0320	0.1481	0.9711	1.4032	0.7220	0.0508s	1.2718	0.7120	0.5913
89
0321	0.1504	0.9816	1.4825	0.7120	0.0507s	1.3759	0.6950	0.5706
90
0322	0.1450	0.9711	1.5759	0.7040	0.0503s	1.4771	0.6770	0.5517
91
0323	0.1819	0.9605	1.3864	0.7180	0.0506s	1.2622	0.6970	0.5653
92
0324	0.1438	0.9605	1.3652	0.7020	0.0504s	1.2323	0.7080	0.5781
93
0325	0.1811	0.9658	1.4859	0.6880	0.0505s	1.3527	0.7050	0.5873
94
0326	0.1651	0.9789	1.5167	0.7080	0.0504s	1.3740	0.6990	0.5631
95
0327	0.1710	0.9579	1.5138	0.7160	0.0502s	1.3705	0.6920	0.5681
96
0328	0.1744	0.9632	1.4858	0.6940	0.0502s	1.3905	0.6910	0.5735
97
0329	0.1766	0.9684	1.5277	0.6960	0.0502s	1.4493	0.6810	0.5749
98
0330	0.1802	0.9605	1.4973	0.7100	0.0503s	1.4042	0.6940	0.6055
99
0331	0.1474	0.9789	1.4452	0.7140	0.0507s	1.3071	0.7020	0.5663
100
0332	0.1809	0.9526	1.3936	0.7160	0.0504s	1.2321	0.7060	0.5723
101
0333	0.1535	0.9763	1.3708	0.7160	0.0503s	1.2610	0.6950	0.5689
102
0334	0.1490	0.9763	1.4220	0.6820	0.0503s	1.3474	0.6900	0.5666
103
0335	0.1560	0.9789	1.4110	0.6960	0.0501s	1.3687	0.6970	0.5803
104
0336	0.1369	0.9789	1.3381	0.7260	0.0503s	1.2636	0.6890	0.5782
105
0337	0.1619	0.9579	1.3744	0.7280	0.0502s	1.2544	0.7020	0.5855
106
0338	0.1375	0.9842	1.4189	0.7220	0.0503s	1.2747	0.7110	0.5858
0
0339	0.1601	0.9763	1.5129	0.7020	0.0503s	1.3806	0.6940	0.5705
1
0340	0.1631	0.9684	1.5548	0.6780	0.0504s	1.4372	0.6860	0.5690
2
0341	0.1679	0.9658	1.4793	0.6920	0.0503s	1.3885	0.6790	0.5618
3
0342	0.1616	0.9789	1.3601	0.7180	0.0503s	1.2610	0.6940	0.5746
4
0343	0.1415	0.9711	1.3528	0.7180	0.0502s	1.2597	0.7030	0.6103
5
0344	0.1483	0.9658	1.3983	0.6980	0.0501s	1.3026	0.6940	0.5851
6
0345	0.1565	0.9711	1.4147	0.7060	0.0501s	1.3185	0.6930	0.5845
7
0346	0.1293	0.9789	1.4132	0.7060	0.0502s	1.2966	0.6910	0.5640
8
0347	0.1606	0.9763	1.5137	0.7000	0.0501s	1.3614	0.6890	0.5539
9
0348	0.1481	0.9711	1.5126	0.7020	0.0515s	1.3567	0.6860	0.5624
10
0349	0.1486	0.9842	1.4111	0.7080	0.0501s	1.2812	0.7040	0.5884
11
0350	0.1326	0.9763	1.3723	0.7080	0.0501s	1.2653	0.7120	0.5937
12
0351	0.1537	0.9658	1.3536	0.7120	0.0501s	1.2614	0.7100	0.5768
13
0352	0.1631	0.9711	1.3271	0.7160	0.0501s	1.2340	0.7220	0.5809
14
0353	0.1303	0.9816	1.4605	0.7000	0.0501s	1.3580	0.6960	0.5526
15
0354	0.1359	0.9816	1.5656	0.6820	0.0502s	1.4615	0.6820	0.5608
16
0355	0.1764	0.9737	1.4174	0.7060	0.0502s	1.2995	0.6950	0.5666
17
0356	0.1504	0.9553	1.4401	0.7000	0.0502s	1.3334	0.6910	0.5723
18
0357	0.1607	0.9789	1.3962	0.7000	0.0500s	1.3004	0.7010	0.5813
19
0358	0.1488	0.9737	1.4828	0.6920	0.0502s	1.3548	0.6980	0.5949
20
0359	0.1377	0.9737	1.4615	0.6960	0.0503s	1.3310	0.6990	0.5789
21
0360	0.1614	0.9737	1.4449	0.7020	0.0501s	1.3115	0.6920	0.5718
22
0361	0.1196	0.9789	1.4382	0.7020	0.0503s	1.3000	0.6930	0.5723
23
0362	0.1466	0.9737	1.4259	0.7080	0.0501s	1.3219	0.6890	0.5654
24
0363	0.1458	0.9868	1.4867	0.6900	0.0501s	1.3689	0.6940	0.5755
25
0364	0.1372	0.9842	1.4721	0.6780	0.0503s	1.3313	0.7050	0.5841
26
0365	0.1411	0.9763	1.3385	0.7080	0.0512s	1.1893	0.7130	0.6061
27
0366	0.1312	0.9842	1.4390	0.6960	0.0503s	1.2712	0.6980	0.5787
28
0367	0.1270	0.9842	1.5402	0.6940	0.0500s	1.3782	0.6880	0.5670
29
0368	0.1499	0.9605	1.5065	0.6960	0.0504s	1.3708	0.6940	0.5670
30
0369	0.1327	0.9789	1.5376	0.6840	0.0502s	1.4108	0.6930	0.5634
31
0370	0.1439	0.9658	1.4309	0.6940	0.0504s	1.3128	0.7010	0.5735
32
0371	0.1289	0.9842	1.3798	0.7160	0.0500s	1.2424	0.7090	0.5846
33
0372	0.1327	0.9842	1.4137	0.7180	0.0508s	1.2752	0.6960	0.5789
34
0373	0.1493	0.9763	1.4274	0.7100	0.0501s	1.2968	0.6970	0.5836
35
0374	0.1553	0.9605	1.4971	0.7000	0.0503s	1.3593	0.6940	0.5774
36
0375	0.1351	0.9737	1.5554	0.6920	0.0500s	1.4127	0.6810	0.5605
37
0376	0.1440	0.9658	1.4505	0.7240	0.0503s	1.2955	0.6970	0.5688
38
0377	0.1490	0.9605	1.4337	0.7140	0.0506s	1.2846	0.6990	0.5711
39
0378	0.1306	0.9737	1.4720	0.7100	0.0504s	1.3412	0.6950	0.5711
40
0379	0.1395	0.9789	1.4474	0.7060	0.0504s	1.3344	0.7000	0.5734
41
0380	0.1320	0.9816	1.4303	0.7020	0.0520s	1.3007	0.7060	0.5805
42
0381	0.1353	0.9789	1.4450	0.6900	0.0516s	1.3022	0.7000	0.5741
43
0382	0.1555	0.9816	1.4237	0.7060	0.0506s	1.2799	0.7020	0.5770
44
0383	0.1235	0.9789	1.5215	0.7100	0.0505s	1.3875	0.6900	0.5686
45
0384	0.1390	0.9711	1.4828	0.7080	0.0504s	1.3750	0.6880	0.5702
46
0385	0.1359	0.9816	1.4029	0.7100	0.0503s	1.3141	0.6970	0.5739
47
0386	0.1234	0.9842	1.4841	0.6940	0.0502s	1.3810	0.7000	0.5957
48
0387	0.1657	0.9579	1.3978	0.7120	0.0504s	1.2780	0.7000	0.5911
49
0388	0.1403	0.9737	1.3759	0.7180	0.0504s	1.2297	0.7050	0.5793
50
0389	0.1485	0.9632	1.4006	0.7120	0.0504s	1.2646	0.7100	0.6088
51
0390	0.1565	0.9737	1.5279	0.7060	0.0503s	1.4111	0.7010	0.6078
52
0391	0.1502	0.9684	1.4282	0.7060	0.0504s	1.3064	0.6980	0.5737
53
0392	0.1291	0.9868	1.4068	0.7080	0.0500s	1.2656	0.6860	0.5688
54
0393	0.1494	0.9605	1.4148	0.7060	0.0505s	1.2883	0.6930	0.5675
55
0394	0.1396	0.9711	1.4649	0.6980	0.0506s	1.3304	0.6970	0.5846
56
0395	0.1206	0.9868	1.4613	0.7060	0.0531s	1.3259	0.7030	0.5841
57
0396	0.1274	0.9789	1.4239	0.6980	0.0522s	1.2870	0.7020	0.5757
58
0397	0.1482	0.9658	1.3569	0.6940	0.0570s	1.2471	0.6990	0.5730
59
0398	0.1278	0.9842	1.3651	0.7000	0.0523s	1.2659	0.6940	0.5681
60
0399	0.1239	0.9763	1.3983	0.7080	0.0518s	1.2856	0.6920	0.5675
61
0400	0.1146	0.9842	1.4971	0.6900	0.0512s	1.3564	0.6900	0.5694
62
0401	0.1348	0.9763	1.5203	0.7100	0.0515s	1.3729	0.6990	0.5757
63
0402	0.1374	0.9789	1.5132	0.7120	0.0508s	1.3464	0.7040	0.5811
64
0403	0.1361	0.9816	1.4043	0.7160	0.0506s	1.2597	0.7020	0.5804
65
0404	0.1296	0.9868	1.3477	0.7040	0.0504s	1.2492	0.7040	0.5676
66
0405	0.1330	0.9763	1.3560	0.6940	0.0508s	1.2758	0.7000	0.5752
67
0406	0.1516	0.9737	1.3757	0.7020	0.0502s	1.2751	0.7030	0.5750
68
0407	0.1303	0.9868	1.4377	0.7220	0.0505s	1.3066	0.7020	0.5734
69
0408	0.1304	0.9711	1.4587	0.7200	0.0502s	1.3162	0.6960	0.5886
70
0409	0.1246	0.9868	1.4367	0.7140	0.0502s	1.2894	0.7010	0.5759
71
0410	0.1384	0.9789	1.4605	0.7080	0.0508s	1.3346	0.6960	0.5726
72
0411	0.1422	0.9737	1.4631	0.7040	0.0505s	1.3436	0.7030	0.5848
73
0412	0.1380	0.9763	1.3646	0.7080	0.0507s	1.2528	0.7180	0.5866
74
0413	0.1326	0.9763	1.3478	0.7080	0.0501s	1.2288	0.7160	0.5870
75
0414	0.1301	0.9816	1.4160	0.7220	0.0511s	1.2971	0.7070	0.5848
76
0415	0.1292	0.9816	1.4567	0.7120	0.0506s	1.3291	0.6930	0.5774
77
0416	0.1262	0.9737	1.4546	0.7100	0.0501s	1.3006	0.7060	0.5810
78
0417	0.1443	0.9737	1.4936	0.7060	0.0514s	1.3366	0.7000	0.5749
79
0418	0.1543	0.9737	1.4999	0.6940	0.0506s	1.3447	0.6940	0.5768
80
0419	0.1401	0.9789	1.5395	0.6820	0.0507s	1.3960	0.6780	0.5769
81
0420	0.1631	0.9658	1.3683	0.7200	0.0502s	1.2420	0.6990	0.5767
82
0421	0.1279	0.9868	1.3968	0.7100	0.0503s	1.2951	0.7050	0.5811
83
0422	0.1721	0.9553	1.4173	0.7040	0.0507s	1.3317	0.6950	0.5816
84
0423	0.1502	0.9737	1.4229	0.7080	0.0507s	1.2959	0.7040	0.5799
85
0424	0.1315	0.9711	1.4938	0.6840	0.0504s	1.3457	0.6880	0.5653
86
0425	0.1651	0.9789	1.4098	0.7000	0.0503s	1.2342	0.7040	0.5749
87
0426	0.1381	0.9816	1.4250	0.7040	0.0500s	1.3287	0.6970	0.5846
88
0427	0.1576	0.9789	1.5568	0.6900	0.0506s	1.4631	0.6740	0.5666
89
0428	0.2023	0.9368	1.4784	0.6860	0.0501s	1.3444	0.6960	0.5714
90
0429	0.1933	0.9579	1.5329	0.6820	0.0509s	1.3589	0.6840	0.5619
91
0430	0.1634	0.9579	1.5039	0.6960	0.0502s	1.3697	0.6920	0.6031
92
0431	0.1517	0.9632	1.6295	0.6760	0.0504s	1.4629	0.6780	0.6075
93
0432	0.1643	0.9553	1.3547	0.7020	0.0503s	1.1931	0.7110	0.6012
94
0433	0.1444	0.9763	1.3610	0.6960	0.0502s	1.1768	0.7160	0.6065
95
0434	0.1485	0.9737	1.5310	0.6900	0.0505s	1.3344	0.6870	0.5891
96
0435	0.1594	0.9842	1.5319	0.7040	0.0501s	1.3497	0.6860	0.5820
97
0436	0.1512	0.9737	1.6057	0.6780	0.0504s	1.4547	0.6740	0.5512
98
0437	0.1915	0.9579	1.4213	0.6960	0.0503s	1.2983	0.6990	0.5700
99
0438	0.1604	0.9789	1.3517	0.7040	0.0502s	1.2453	0.7040	0.5849
100
0439	0.1572	0.9711	1.2939	0.7100	0.0503s	1.1661	0.7100	0.5905
101
0440	0.1521	0.9711	1.3430	0.7160	0.0506s	1.1977	0.7060	0.5765
102
0441	0.1477	0.9684	1.3665	0.7080	0.0508s	1.2077	0.7070	0.5707
103
0442	0.1252	0.9816	1.3875	0.7060	0.0504s	1.2176	0.7100	0.5827
104
0443	0.1434	0.9763	1.4054	0.7040	0.0505s	1.2325	0.7060	0.5928
105
0444	0.1338	0.9789	1.3709	0.7080	0.0502s	1.2009	0.7010	0.5794
106
0445	0.1264	0.9789	1.3778	0.6980	0.0502s	1.2080	0.6940	0.5714
107
0446	0.1429	0.9763	1.3521	0.7100	0.0503s	1.1871	0.7070	0.5931
108
0447	0.1238	0.9789	1.3869	0.6980	0.0509s	1.2418	0.7040	0.6056
109
0448	0.1500	0.9737	1.3589	0.6940	0.0501s	1.2145	0.7070	0.5772
110
0449	0.1369	0.9816	1.3589	0.7040	0.0504s	1.1927	0.7050	0.5783
111
0450	0.1502	0.9737	1.3616	0.7080	0.0501s	1.1915	0.7120	0.5899
112
0451	0.1322	0.9842	1.4160	0.7080	0.0505s	1.2364	0.7070	0.5879
113
0452	0.1220	0.9816	1.4799	0.7180	0.0502s	1.3054	0.6950	0.5834
114
0453	0.1131	0.9921	1.4528	0.7140	0.0501s	1.2810	0.7020	0.5879
115
0454	0.1287	0.9632	1.4254	0.7040	0.0503s	1.2627	0.7110	0.6100
116
0455	0.1413	0.9684	1.3519	0.7120	0.0502s	1.1847	0.7150	0.6059
117
0456	0.1210	0.9789	1.4173	0.7100	0.0504s	1.2323	0.7050	0.5943
118
0457	0.1509	0.9763	1.4201	0.7180	0.0504s	1.2475	0.7110	0.5941
119
0458	0.1350	0.9763	1.6071	0.6860	0.0570s	1.4413	0.6900	0.5955
120
0459	0.1405	0.9711	1.5241	0.6920	0.0503s	1.3729	0.7000	0.5906
121
0460	0.1380	0.9789	1.4760	0.7080	0.0503s	1.3304	0.7040	0.5942
122
0461	0.1390	0.9711	1.4152	0.7180	0.0502s	1.2500	0.7060	0.5827
123
0462	0.1342	0.9763	1.4011	0.7060	0.0503s	1.2574	0.7050	0.5848
124
0463	0.1340	0.9737	1.6253	0.6860	0.0503s	1.4633	0.6850	0.5626
125
0464	0.1697	0.9711	1.5414	0.7000	0.0502s	1.4085	0.6890	0.5721
126
0465	0.1838	0.9605	1.5453	0.7100	0.0505s	1.3920	0.6860	0.5872
127
0466	0.1532	0.9605	1.5966	0.7120	0.0503s	1.4283	0.7000	0.5787
128
0467	0.1478	0.9684	1.5970	0.6960	0.0503s	1.4257	0.6830	0.5658
129
0468	0.1805	0.9553	1.4165	0.7040	0.0520s	1.2874	0.7010	0.5770
130
0469	0.1437	0.9842	1.4537	0.7020	0.0502s	1.3494	0.6830	0.5708
131
0470	0.2124	0.9500	1.4040	0.7100	0.0503s	1.2783	0.6990	0.5719
132
0471	0.1459	0.9737	1.5340	0.6960	0.0503s	1.3862	0.6900	0.5556
133
0472	0.1536	0.9816	1.4657	0.7100	0.0502s	1.3141	0.6930	0.5842
134
0473	0.1472	0.9658	1.4355	0.7040	0.0502s	1.3087	0.7000	0.5988
135
0474	0.1690	0.9579	1.3894	0.7180	0.0503s	1.2677	0.7040	0.6010
136
0475	0.1529	0.9737	1.3365	0.7200	0.0503s	1.1941	0.7090	0.5859
137
0476	0.1372	0.9763	1.4096	0.7100	0.0502s	1.2683	0.6950	0.5712
138
0477	0.1315	0.9737	1.4542	0.6920	0.0502s	1.3133	0.7000	0.5732
139
0478	0.1690	0.9632	1.4015	0.6940	0.0513s	1.2861	0.7010	0.5711
140
0479	0.1266	0.9842	1.3902	0.7040	0.0509s	1.2807	0.6950	0.5688
141
0480	0.1449	0.9711	1.4409	0.7120	0.0507s	1.3117	0.6830	0.5630
142
0481	0.1554	0.9711	1.4734	0.7160	0.0507s	1.3313	0.6880	0.5702
143
0482	0.1294	0.9763	1.5150	0.6920	0.0498s	1.3417	0.6940	0.5772
144
0483	0.1490	0.9711	1.4203	0.6960	0.0507s	1.2542	0.7170	0.5872
145
0484	0.1563	0.9789	1.3974	0.7020	0.0505s	1.2351	0.7000	0.5740
146
0485	0.1254	0.9868	1.5264	0.7080	0.0505s	1.3768	0.6790	0.5605
147
0486	0.1395	0.9842	1.5464	0.7080	0.0506s	1.4038	0.6750	0.5611
148
0487	0.1569	0.9711	1.4465	0.7060	0.0502s	1.3181	0.6950	0.5662
149
0488	0.1209	0.9974	1.5266	0.6780	0.0507s	1.4113	0.6900	0.5684
150
0489	0.1572	0.9684	1.4239	0.7120	0.0504s	1.2820	0.7050	0.5822
151
0490	0.1478	0.9763	1.4305	0.7160	0.0523s	1.2898	0.6920	0.5784
152
0491	0.1532	0.9684	1.3656	0.7060	0.0740s	1.2313	0.7040	0.5837
153
0492	0.1238	0.9842	1.3483	0.6920	0.0607s	1.1983	0.7020	0.5758
154
0493	0.1619	0.9579	1.3826	0.6960	0.0593s	1.2221	0.7080	0.5916
155
0494	0.1244	0.9737	1.5390	0.7060	0.0592s	1.3584	0.6930	0.5670
156
0495	0.1278	0.9868	1.6004	0.7020	0.0603s	1.4352	0.6890	0.5674
157
0496	0.1684	0.9711	1.4661	0.7060	0.0594s	1.3257	0.7010	0.5755
158
0497	0.1358	0.9658	1.3993	0.7080	0.0604s	1.2552	0.6990	0.5726
159
0498	0.1319	0.9816	1.3362	0.7140	0.0594s	1.1755	0.7080	0.5769
160
0499	0.1343	0.9711	1.3800	0.7020	0.0591s	1.2020	0.7060	0.5793
161
0500	0.1215	0.9763	1.4472	0.7020	0.0592s	1.2636	0.7020	0.5758
162
0501	0.1340	0.9737	1.4832	0.7080	0.0596s	1.3041	0.6940	0.5587
163
0502	0.1209	0.9816	1.4833	0.7160	0.0605s	1.3132	0.7020	0.5794
164
0503	0.1393	0.9763	1.5094	0.7040	0.0593s	1.3642	0.6910	0.5764
165
0504	0.1377	0.9816	1.5305	0.6980	0.0595s	1.3800	0.6880	0.5661
166
0505	0.1532	0.9711	1.4470	0.7060	0.0602s	1.2992	0.7010	0.5720
167
0506	0.1601	0.9789	1.4155	0.7060	0.0592s	1.2724	0.7040	0.5780
168
0507	0.1302	0.9737	1.4255	0.7060	0.0610s	1.2809	0.7080	0.5802
169
0508	0.1251	0.9816	1.4225	0.7000	0.0587s	1.2675	0.7120	0.5815
170
0509	0.1222	0.9921	1.4339	0.6880	0.0537s	1.2628	0.7020	0.5734
171
0510	0.1562	0.9500	1.4492	0.7220	0.0541s	1.2582	0.7130	0.5864
172
0511	0.1370	0.9816	1.5036	0.7080	0.0504s	1.3116	0.7020	0.5799
173
0512	0.1339	0.9842	1.4662	0.7040	0.0504s	1.2863	0.7120	0.5878
174
0513	0.1314	0.9842	1.4285	0.7060	0.0502s	1.2627	0.7070	0.5792
175
0514	0.1403	0.9816	1.4357	0.7080	0.0516s	1.2734	0.6970	0.5676
176
0515	0.1437	0.9789	1.4730	0.6920	0.0503s	1.3045	0.6930	0.5825
177
0516	0.1335	0.9789	1.5165	0.7000	0.0502s	1.3342	0.6910	0.5865
178
0517	0.1407	0.9868	1.4947	0.7120	0.0503s	1.3173	0.7030	0.5830
179
0518	0.1214	0.9868	1.4596	0.7080	0.0532s	1.2920	0.7070	0.5899
180
0519	0.1374	0.9868	1.4457	0.7020	0.0503s	1.2927	0.7030	0.5872
181
0520	0.1329	0.9763	1.4128	0.6980	0.0502s	1.2555	0.7040	0.5843
182
0521	0.1210	0.9868	1.4522	0.7020	0.0506s	1.2854	0.7020	0.5714
183
0522	0.1256	0.9789	1.5325	0.7020	0.0521s	1.3577	0.6990	0.5749
184
0523	0.1243	0.9868	1.5553	0.7020	0.0505s	1.3914	0.7000	0.5772
185
0524	0.1435	0.9711	1.5488	0.7080	0.0504s	1.3826	0.6980	0.5806
186
0525	0.1651	0.9658	1.5137	0.7020	0.0502s	1.3403	0.6970	0.5832
187
0526	0.1099	0.9868	1.4349	0.7100	0.0502s	1.2698	0.6980	0.5846
188
0527	0.1468	0.9763	1.3934	0.7160	0.0514s	1.2422	0.7040	0.5871
189
0528	0.1286	0.9789	1.4662	0.7040	0.0502s	1.3309	0.7000	0.6003
190
0529	0.1417	0.9684	1.4935	0.6960	0.0504s	1.3532	0.6970	0.5733
191
0530	0.1287	0.9711	1.5347	0.6980	0.0502s	1.3596	0.6930	0.5610
192
0531	0.1400	0.9816	1.5675	0.6980	0.0501s	1.3816	0.6870	0.5742
193
0532	0.1480	0.9684	1.5318	0.6960	0.0504s	1.3511	0.6990	0.5799
194
0533	0.1210	0.9868	1.4535	0.6980	0.0503s	1.2843	0.6990	0.5678
195
0534	0.1217	0.9842	1.4365	0.7040	0.0518s	1.2764	0.7090	0.5814
196
0535	0.1315	0.9658	1.4947	0.7000	0.0508s	1.3065	0.7120	0.5869
197
0536	0.1359	0.9816	1.4722	0.7040	0.0511s	1.2819	0.7100	0.5847
198
0537	0.1328	0.9684	1.4647	0.7060	0.0503s	1.3013	0.7050	0.5860
199
Early stop! Min loss:1.228030800819397,  Max accuracy:0.728
Early stop model validation loss:1.228030800819397,  accuracy:0.704
Optimization Finished!
Total time elapsed: 27.9066s
test max acc:0.7220
Loading 126th epoch
stru_node_to_hop attention:tensor([[0.2479, 0.2508, 0.2506, 0.2508],
        [0.2473, 0.2508, 0.2509, 0.2510],
        [0.2473, 0.2507, 0.2510, 0.2511],
        [0.2427, 0.2524, 0.2519, 0.2530],
        [0.2314, 0.2589, 0.2562, 0.2534],
        [0.2445, 0.2513, 0.2522, 0.2521],
        [0.2468, 0.2513, 0.2510, 0.2508],
        [0.2442, 0.2527, 0.2514, 0.2517],
        [0.2450, 0.2519, 0.2516, 0.2515],
        [0.2498, 0.2496, 0.2504, 0.2503],
        [0.2496, 0.2501, 0.2502, 0.2501],
        [0.2448, 0.2515, 0.2519, 0.2518],
        [0.2469, 0.2503, 0.2517, 0.2511],
        [0.2177, 0.2498, 0.2666, 0.2659],
        [0.2351, 0.2458, 0.2609, 0.2582],
        [0.2500, 0.2500, 0.2500, 0.2500],
        [0.2500, 0.2500, 0.2500, 0.2500],
        [0.2501, 0.2500, 0.2500, 0.2500],
        [0.2482, 0.2502, 0.2509, 0.2508],
        [0.2496, 0.2501, 0.2501, 0.2501],
        [0.2441, 0.2502, 0.2526, 0.2532],
        [0.2500, 0.2501, 0.2500, 0.2500],
        [0.2496, 0.2501, 0.2501, 0.2502],
        [0.2500, 0.2500, 0.2500, 0.2500],
        [0.2452, 0.2513, 0.2517, 0.2518],
        [0.2500, 0.2500, 0.2500, 0.2500],
        [0.2496, 0.2501, 0.2501, 0.2501],
        [0.2490, 0.2503, 0.2503, 0.2504],
        [0.2499, 0.2500, 0.2500, 0.2500],
        [0.2500, 0.2500, 0.2500, 0.2500],
        [0.2416, 0.2527, 0.2528, 0.2528],
        [0.2446, 0.2523, 0.2515, 0.2516],
        [0.2490, 0.2505, 0.2504, 0.2501],
        [0.2456, 0.2508, 0.2518, 0.2519],
        [0.2476, 0.2491, 0.2511, 0.2522],
        [0.2499, 0.2501, 0.2500, 0.2501],
        [0.2500, 0.2500, 0.2500, 0.2500],
        [0.2474, 0.2504, 0.2510, 0.2512],
        [0.2493, 0.2500, 0.2503, 0.2504],
        [0.2463, 0.2503, 0.2516, 0.2518],
        [0.2460, 0.2506, 0.2514, 0.2520],
        [0.2447, 0.2508, 0.2522, 0.2523],
        [0.2492, 0.2498, 0.2504, 0.2506],
        [0.2500, 0.2500, 0.2500, 0.2500],
        [0.2454, 0.2501, 0.2522, 0.2523],
        [0.1634, 0.3807, 0.2486, 0.2073],
        [0.2501, 0.2500, 0.2500, 0.2500],
        [0.2430, 0.2526, 0.2522, 0.2523],
        [0.2500, 0.2500, 0.2500, 0.2500],
        [0.2844, 0.2463, 0.2356, 0.2337],
        [0.2500, 0.2500, 0.2500, 0.2500],
        [0.2496, 0.2500, 0.2502, 0.2502],
        [0.2500, 0.2500, 0.2500, 0.2500],
        [0.2421, 0.2504, 0.2540, 0.2535],
        [0.2500, 0.2500, 0.2500, 0.2500],
        [0.2497, 0.2495, 0.2499, 0.2510],
        [0.2648, 0.2288, 0.2521, 0.2543],
        [0.2500, 0.2500, 0.2500, 0.2500],
        [0.2500, 0.2500, 0.2500, 0.2500],
        [0.2500, 0.2500, 0.2500, 0.2500],
        [0.2491, 0.2496, 0.2504, 0.2509],
        [0.2500, 0.2500, 0.2500, 0.2500],
        [0.2500, 0.2500, 0.2500, 0.2500],
        [0.2498, 0.2500, 0.2501, 0.2501],
        [0.2499, 0.2500, 0.2500, 0.2500],
        [0.2439, 0.2506, 0.2521, 0.2534],
        [0.2499, 0.2500, 0.2500, 0.2500],
        [0.2467, 0.2508, 0.2513, 0.2512],
        [0.2504, 0.2494, 0.2501, 0.2501],
        [0.2500, 0.2500, 0.2500, 0.2500],
        [0.2500, 0.2500, 0.2500, 0.2500],
        [0.2499, 0.2501, 0.2500, 0.2500],
        [0.2508, 0.2503, 0.2494, 0.2494],
        [0.2500, 0.2500, 0.2500, 0.2500],
        [0.2500, 0.2500, 0.2500, 0.2500],
        [0.2500, 0.2500, 0.2500, 0.2500],
        [0.2500, 0.2500, 0.2500, 0.2500],
        [0.2481, 0.2500, 0.2509, 0.2510],
        [0.2493, 0.2502, 0.2502, 0.2503],
        [0.2486, 0.2508, 0.2503, 0.2504],
        [0.2393, 0.2533, 0.2529, 0.2545],
        [0.2475, 0.2507, 0.2508, 0.2511],
        [0.2501, 0.2500, 0.2500, 0.2500],
        [0.2500, 0.2500, 0.2500, 0.2500],
        [0.2473, 0.2499, 0.2511, 0.2516],
        [0.2431, 0.2519, 0.2525, 0.2526],
        [0.2502, 0.2483, 0.2505, 0.2510],
        [0.2500, 0.2500, 0.2500, 0.2500],
        [0.2500, 0.2500, 0.2500, 0.2500],
        [0.2500, 0.2500, 0.2500, 0.2500],
        [0.2499, 0.2500, 0.2500, 0.2500],
        [0.2500, 0.2500, 0.2500, 0.2500],
        [0.2485, 0.2500, 0.2507, 0.2508],
        [0.2500, 0.2500, 0.2500, 0.2500],
        [0.2501, 0.2500, 0.2499, 0.2499],
        [0.2491, 0.2500, 0.2504, 0.2505],
        [0.2447, 0.2537, 0.2518, 0.2498],
        [0.2448, 0.2518, 0.2516, 0.2519],
        [0.2499, 0.2500, 0.2500, 0.2500],
        [0.2492, 0.2504, 0.2503, 0.2501]], device='cuda:1')
fea_node_to_hop attention:tensor([[0.1402, 0.1433, 0.1430, 0.1434, 0.1433, 0.1434, 0.1434],
        [0.1401, 0.1428, 0.1435, 0.1434, 0.1434, 0.1434, 0.1433],
        [0.1418, 0.1428, 0.1430, 0.1431, 0.1431, 0.1431, 0.1431],
        [0.1383, 0.1435, 0.1436, 0.1436, 0.1437, 0.1437, 0.1437],
        [0.1338, 0.1490, 0.1463, 0.1449, 0.1432, 0.1419, 0.1409],
        [0.1403, 0.1435, 0.1433, 0.1433, 0.1432, 0.1432, 0.1432],
        [0.1422, 0.1432, 0.1429, 0.1429, 0.1429, 0.1429, 0.1429],
        [0.1372, 0.1436, 0.1436, 0.1439, 0.1439, 0.1439, 0.1439],
        [0.1402, 0.1429, 0.1433, 0.1434, 0.1434, 0.1434, 0.1435],
        [0.1421, 0.1422, 0.1430, 0.1431, 0.1432, 0.1432, 0.1432],
        [0.1435, 0.1428, 0.1427, 0.1427, 0.1428, 0.1428, 0.1428],
        [0.1416, 0.1430, 0.1430, 0.1431, 0.1431, 0.1431, 0.1431],
        [0.1397, 0.1430, 0.1436, 0.1436, 0.1435, 0.1434, 0.1432],
        [0.1327, 0.1428, 0.1432, 0.1436, 0.1446, 0.1460, 0.1470],
        [0.1300, 0.1428, 0.1447, 0.1453, 0.1457, 0.1457, 0.1457],
        [0.1429, 0.1429, 0.1429, 0.1429, 0.1429, 0.1429, 0.1429],
        [0.1429, 0.1429, 0.1429, 0.1429, 0.1429, 0.1429, 0.1429],
        [0.1429, 0.1429, 0.1429, 0.1429, 0.1429, 0.1429, 0.1429],
        [0.1417, 0.1429, 0.1430, 0.1430, 0.1431, 0.1432, 0.1432],
        [0.1427, 0.1429, 0.1429, 0.1429, 0.1429, 0.1429, 0.1429],
        [0.1421, 0.1428, 0.1431, 0.1430, 0.1430, 0.1430, 0.1430],
        [0.1429, 0.1429, 0.1429, 0.1429, 0.1428, 0.1428, 0.1428],
        [0.1426, 0.1429, 0.1429, 0.1429, 0.1429, 0.1429, 0.1429],
        [0.1429, 0.1429, 0.1429, 0.1429, 0.1429, 0.1429, 0.1429],
        [0.1405, 0.1431, 0.1432, 0.1433, 0.1433, 0.1433, 0.1433],
        [0.1429, 0.1429, 0.1429, 0.1429, 0.1429, 0.1429, 0.1429],
        [0.1428, 0.1429, 0.1429, 0.1429, 0.1429, 0.1429, 0.1429],
        [0.1423, 0.1429, 0.1429, 0.1430, 0.1430, 0.1430, 0.1430],
        [0.1428, 0.1429, 0.1429, 0.1429, 0.1429, 0.1429, 0.1429],
        [0.1429, 0.1429, 0.1429, 0.1429, 0.1429, 0.1429, 0.1429],
        [0.1411, 0.1433, 0.1430, 0.1432, 0.1431, 0.1431, 0.1431],
        [0.1398, 0.1431, 0.1433, 0.1434, 0.1435, 0.1435, 0.1435],
        [0.1429, 0.1429, 0.1428, 0.1429, 0.1429, 0.1429, 0.1428],
        [0.1406, 0.1434, 0.1433, 0.1433, 0.1432, 0.1431, 0.1430],
        [0.1400, 0.1431, 0.1432, 0.1434, 0.1434, 0.1434, 0.1434],
        [0.1429, 0.1428, 0.1429, 0.1429, 0.1429, 0.1429, 0.1429],
        [0.1428, 0.1428, 0.1429, 0.1429, 0.1429, 0.1429, 0.1429],
        [0.1406, 0.1429, 0.1431, 0.1433, 0.1433, 0.1433, 0.1434],
        [0.1423, 0.1429, 0.1429, 0.1430, 0.1430, 0.1430, 0.1430],
        [0.1404, 0.1432, 0.1432, 0.1433, 0.1433, 0.1433, 0.1433],
        [0.1406, 0.1431, 0.1431, 0.1433, 0.1433, 0.1433, 0.1433],
        [0.1410, 0.1438, 0.1432, 0.1432, 0.1430, 0.1429, 0.1428],
        [0.1418, 0.1431, 0.1430, 0.1430, 0.1430, 0.1430, 0.1430],
        [0.1429, 0.1429, 0.1429, 0.1429, 0.1429, 0.1429, 0.1429],
        [0.1401, 0.1436, 0.1434, 0.1433, 0.1432, 0.1432, 0.1431],
        [0.1310, 0.1417, 0.1440, 0.1472, 0.1456, 0.1455, 0.1450],
        [0.1429, 0.1428, 0.1428, 0.1428, 0.1428, 0.1428, 0.1428],
        [0.1401, 0.1428, 0.1432, 0.1435, 0.1434, 0.1435, 0.1435],
        [0.1429, 0.1429, 0.1429, 0.1429, 0.1429, 0.1429, 0.1429],
        [0.1541, 0.1565, 0.1450, 0.1404, 0.1371, 0.1345, 0.1324],
        [0.1428, 0.1429, 0.1429, 0.1429, 0.1429, 0.1429, 0.1429],
        [0.1427, 0.1429, 0.1429, 0.1429, 0.1429, 0.1429, 0.1429],
        [0.1428, 0.1429, 0.1429, 0.1429, 0.1429, 0.1429, 0.1429],
        [0.1347, 0.1422, 0.1444, 0.1447, 0.1447, 0.1447, 0.1446],
        [0.1429, 0.1428, 0.1429, 0.1428, 0.1429, 0.1429, 0.1429],
        [0.1382, 0.1443, 0.1434, 0.1436, 0.1435, 0.1435, 0.1434],
        [0.1465, 0.1311, 0.1443, 0.1440, 0.1445, 0.1447, 0.1449],
        [0.1429, 0.1429, 0.1429, 0.1429, 0.1429, 0.1429, 0.1429],
        [0.1429, 0.1429, 0.1429, 0.1429, 0.1429, 0.1429, 0.1429],
        [0.1428, 0.1429, 0.1429, 0.1429, 0.1429, 0.1429, 0.1429],
        [0.1425, 0.1427, 0.1429, 0.1430, 0.1430, 0.1430, 0.1430],
        [0.1428, 0.1429, 0.1429, 0.1429, 0.1429, 0.1429, 0.1429],
        [0.1429, 0.1429, 0.1429, 0.1429, 0.1429, 0.1429, 0.1429],
        [0.1428, 0.1428, 0.1429, 0.1429, 0.1429, 0.1429, 0.1429],
        [0.1428, 0.1429, 0.1429, 0.1429, 0.1429, 0.1429, 0.1429],
        [0.1378, 0.1448, 0.1436, 0.1437, 0.1435, 0.1434, 0.1433],
        [0.1428, 0.1429, 0.1429, 0.1429, 0.1429, 0.1429, 0.1429],
        [0.1403, 0.1430, 0.1433, 0.1433, 0.1433, 0.1433, 0.1433],
        [0.1429, 0.1428, 0.1429, 0.1428, 0.1429, 0.1428, 0.1429],
        [0.1429, 0.1429, 0.1429, 0.1429, 0.1429, 0.1429, 0.1429],
        [0.1429, 0.1429, 0.1429, 0.1429, 0.1429, 0.1429, 0.1429],
        [0.1427, 0.1429, 0.1428, 0.1429, 0.1429, 0.1429, 0.1429],
        [0.1439, 0.1428, 0.1427, 0.1427, 0.1426, 0.1426, 0.1426],
        [0.1429, 0.1429, 0.1429, 0.1429, 0.1429, 0.1429, 0.1429],
        [0.1428, 0.1429, 0.1429, 0.1429, 0.1429, 0.1429, 0.1429],
        [0.1429, 0.1429, 0.1429, 0.1429, 0.1429, 0.1429, 0.1429],
        [0.1429, 0.1429, 0.1429, 0.1429, 0.1429, 0.1429, 0.1429],
        [0.1409, 0.1431, 0.1434, 0.1432, 0.1432, 0.1432, 0.1431],
        [0.1424, 0.1429, 0.1429, 0.1429, 0.1429, 0.1429, 0.1429],
        [0.1421, 0.1427, 0.1430, 0.1430, 0.1431, 0.1431, 0.1431],
        [0.1344, 0.1437, 0.1440, 0.1443, 0.1445, 0.1445, 0.1446],
        [0.1425, 0.1423, 0.1429, 0.1430, 0.1430, 0.1431, 0.1431],
        [0.1429, 0.1428, 0.1428, 0.1428, 0.1428, 0.1428, 0.1428],
        [0.1429, 0.1429, 0.1429, 0.1429, 0.1429, 0.1429, 0.1429],
        [0.1419, 0.1430, 0.1429, 0.1430, 0.1430, 0.1430, 0.1430],
        [0.1419, 0.1425, 0.1431, 0.1431, 0.1432, 0.1432, 0.1432],
        [0.1419, 0.1429, 0.1430, 0.1430, 0.1430, 0.1430, 0.1430],
        [0.1429, 0.1429, 0.1429, 0.1429, 0.1429, 0.1429, 0.1429],
        [0.1429, 0.1429, 0.1429, 0.1429, 0.1429, 0.1429, 0.1429],
        [0.1429, 0.1429, 0.1429, 0.1429, 0.1429, 0.1429, 0.1429],
        [0.1428, 0.1429, 0.1429, 0.1429, 0.1429, 0.1429, 0.1429],
        [0.1429, 0.1429, 0.1429, 0.1429, 0.1429, 0.1429, 0.1429],
        [0.1420, 0.1430, 0.1430, 0.1430, 0.1430, 0.1430, 0.1430],
        [0.1428, 0.1429, 0.1429, 0.1429, 0.1429, 0.1429, 0.1429],
        [0.1429, 0.1429, 0.1428, 0.1429, 0.1429, 0.1429, 0.1429],
        [0.1422, 0.1429, 0.1429, 0.1430, 0.1430, 0.1430, 0.1430],
        [0.1400, 0.1454, 0.1440, 0.1431, 0.1428, 0.1425, 0.1423],
        [0.1405, 0.1434, 0.1432, 0.1432, 0.1432, 0.1432, 0.1432],
        [0.1428, 0.1429, 0.1429, 0.1429, 0.1429, 0.1429, 0.1429],
        [0.1421, 0.1430, 0.1430, 0.1430, 0.1430, 0.1430, 0.1430]],
       device='cuda:1')
perception attention:tensor([0.4625, 0.5375], device='cuda:1')
Test set results: loss= 1.1687 accuracy= 0.7060 F1_score= 0.5582
