# epoch	loss_train	acc_train	loss_val	acc_val	time	acc_test	f1_test
0001	2.9543	0.0342	5.9991	0.1560	0.0580s	5.5192	0.1590	0.0179
0
0002	6.0392	0.1526	6.8699	0.1800	0.0585s	6.3805	0.2230	0.0397
0
0003	6.7180	0.1632	4.6537	0.0880	0.0581s	4.5456	0.0840	0.0257
0
0004	4.5469	0.1132	3.2528	0.1940	0.0583s	3.2563	0.1870	0.0630
0
0005	3.1181	0.2000	2.8268	0.1640	0.0581s	2.8205	0.1690	0.0947
0
0006	2.6805	0.2316	2.5648	0.1600	0.0583s	2.5231	0.1970	0.1302
0
0007	2.4255	0.2474	2.2879	0.2680	0.0583s	2.2014	0.3090	0.1864
0
0008	2.1804	0.3158	2.1125	0.4040	0.0583s	1.9956	0.4330	0.2675
0
0009	2.0492	0.4184	1.9184	0.4840	0.0586s	1.8067	0.5310	0.3295
0
0010	1.8487	0.4789	1.8169	0.4980	0.0585s	1.7202	0.5040	0.3226
0
0011	1.7041	0.5053	1.7345	0.5140	0.0584s	1.6225	0.5040	0.3415
0
0012	1.5663	0.5000	1.6124	0.5680	0.0583s	1.4819	0.6100	0.4273
0
0013	1.3998	0.6026	1.5642	0.5680	0.0583s	1.4225	0.6160	0.4331
0
0014	1.3227	0.6053	1.5088	0.5680	0.0584s	1.3596	0.6170	0.4486
0
0015	1.2549	0.6105	1.4251	0.6000	0.0583s	1.2797	0.6310	0.4524
0
0016	1.1518	0.6158	1.3595	0.6160	0.0762s	1.2393	0.6540	0.4590
0
0017	1.0818	0.6395	1.3714	0.6420	0.0596s	1.2727	0.6840	0.5109
0
0018	1.0352	0.6658	1.3863	0.6360	0.0579s	1.2767	0.6630	0.4944
0
0019	0.9550	0.6947	1.3555	0.6320	0.0577s	1.2429	0.6600	0.4881
1
0020	0.9185	0.6921	1.3195	0.6640	0.0592s	1.2059	0.6700	0.5382
0
0021	0.8597	0.7184	1.3058	0.6460	0.0602s	1.1895	0.6790	0.5344
0
0022	0.7751	0.7316	1.2957	0.6680	0.0599s	1.1739	0.6750	0.5088
0
0023	0.7490	0.7474	1.2695	0.6540	0.0602s	1.1472	0.6670	0.5267
0
0024	0.6878	0.7789	1.2772	0.6620	0.0602s	1.1607	0.6840	0.5468
0
0025	0.6674	0.7947	1.2890	0.6540	0.0601s	1.1881	0.6760	0.5460
1
0026	0.6351	0.8079	1.2645	0.6680	0.0604s	1.1733	0.6870	0.5509
2
0027	0.5687	0.8395	1.3140	0.6620	0.0605s	1.2347	0.6680	0.5404
0
0028	0.6068	0.8105	1.3846	0.6720	0.0604s	1.2597	0.6750	0.5679
1
0029	0.5501	0.8184	1.3034	0.6880	0.0603s	1.1933	0.6890	0.5681
0
0030	0.5104	0.8658	1.3122	0.6740	0.0603s	1.2458	0.6930	0.5558
0
0031	0.4936	0.8579	1.2834	0.6920	0.0603s	1.2032	0.6980	0.5606
1
0032	0.4585	0.8632	1.3984	0.6560	0.0606s	1.2809	0.6840	0.5582
0
0033	0.4810	0.8605	1.2365	0.6920	0.0597s	1.1500	0.7100	0.5658
1
0034	0.4121	0.8895	1.2613	0.7020	0.0599s	1.2006	0.7040	0.5654
0
0035	0.4301	0.8737	1.3146	0.6940	0.0587s	1.2291	0.7010	0.5784
0
0036	0.4078	0.8868	1.3927	0.6600	0.0537s	1.2747	0.6830	0.5595
1
0037	0.3823	0.9105	1.2688	0.7020	0.0513s	1.1917	0.7010	0.5763
2
0038	0.3619	0.9079	1.2744	0.7020	0.0504s	1.2305	0.7010	0.5982
0
0039	0.3626	0.8974	1.2543	0.7140	0.0642s	1.2174	0.6950	0.5897
0
0040	0.3498	0.9053	1.2514	0.7040	0.0598s	1.1838	0.7160	0.5661
0
0041	0.3140	0.9316	1.3047	0.6900	0.0579s	1.2128	0.6930	0.5605
1
0042	0.3199	0.9158	1.3626	0.6840	0.0582s	1.2706	0.6790	0.5534
2
0043	0.3346	0.9211	1.3148	0.7020	0.0592s	1.2309	0.6940	0.5610
3
0044	0.2881	0.9158	1.2976	0.6980	0.0580s	1.1991	0.7050	0.5695
4
0045	0.2738	0.9368	1.3588	0.6900	0.0583s	1.2444	0.7100	0.5709
5
0046	0.3056	0.9237	1.3567	0.7040	0.0581s	1.2465	0.6960	0.5760
6
0047	0.2673	0.9368	1.3826	0.7020	0.0580s	1.2902	0.6870	0.5759
7
0048	0.2542	0.9316	1.3065	0.7100	0.0596s	1.2412	0.6950	0.5746
8
0049	0.2581	0.9526	1.3097	0.7000	0.0580s	1.2626	0.6860	0.5705
9
0050	0.2664	0.9289	1.3327	0.7020	0.0578s	1.2654	0.6870	0.5514
10
0051	0.2390	0.9658	1.4707	0.6820	0.0592s	1.3942	0.6790	0.5644
11
0052	0.2568	0.9526	1.3992	0.6940	0.0579s	1.3325	0.6910	0.5838
12
0053	0.2565	0.9237	1.2748	0.7100	0.0595s	1.2282	0.7070	0.5937
13
0054	0.2166	0.9553	1.3198	0.6860	0.0579s	1.2688	0.7030	0.5656
14
0055	0.2634	0.9368	1.3528	0.6940	0.0580s	1.2844	0.6890	0.5604
15
0056	0.2226	0.9553	1.3917	0.7020	0.0677s	1.3009	0.6960	0.5775
16
0057	0.2383	0.9474	1.5080	0.6840	0.0716s	1.4058	0.6830	0.5757
17
0058	0.2514	0.9237	1.4216	0.6960	0.0728s	1.3477	0.6870	0.5620
18
0059	0.2402	0.9342	1.3092	0.7000	0.0715s	1.2864	0.6970	0.5632
19
0060	0.2280	0.9632	1.3524	0.6900	0.0748s	1.3445	0.6780	0.5549
20
0061	0.2292	0.9474	1.4697	0.6640	0.0716s	1.4298	0.6700	0.5509
21
0062	0.2155	0.9447	1.3642	0.6920	0.0711s	1.3104	0.6880	0.5649
22
0063	0.2483	0.9447	1.3234	0.6980	0.0725s	1.2304	0.6960	0.5739
23
0064	0.2336	0.9500	1.3372	0.7080	0.0716s	1.2395	0.7140	0.5898
24
0065	0.2321	0.9500	1.4056	0.7080	0.0735s	1.3126	0.7000	0.5822
25
0066	0.2198	0.9632	1.4251	0.6980	0.0652s	1.3227	0.6930	0.5811
26
0067	0.2265	0.9526	1.3928	0.7040	0.0599s	1.3092	0.6860	0.5788
27
0068	0.2279	0.9526	1.3552	0.6820	0.0595s	1.2785	0.6980	0.5748
28
0069	0.2376	0.9342	1.3737	0.6820	0.0587s	1.3069	0.7050	0.5660
29
0070	0.2446	0.9395	1.3239	0.7020	0.0582s	1.2795	0.6990	0.5899
30
0071	0.2330	0.9447	1.4167	0.6820	0.0582s	1.3763	0.6870	0.5899
31
0072	0.2120	0.9500	1.3465	0.7040	0.0597s	1.2980	0.6830	0.5664
32
0073	0.2152	0.9579	1.2973	0.7100	0.0582s	1.2289	0.7040	0.5852
33
0074	0.2017	0.9658	1.3393	0.7080	0.0582s	1.2417	0.7110	0.5877
34
0075	0.2463	0.9474	1.3465	0.7160	0.0582s	1.2329	0.7070	0.5828
35
0076	0.2000	0.9553	1.4687	0.6920	0.0582s	1.3584	0.6950	0.5825
0
0077	0.2479	0.9526	1.3647	0.7000	0.0581s	1.2783	0.6940	0.5693
1
0078	0.2260	0.9395	1.4189	0.6880	0.0583s	1.3198	0.6930	0.5685
2
0079	0.2402	0.9605	1.3488	0.6980	0.0597s	1.2606	0.6950	0.5740
3
0080	0.2059	0.9553	1.2951	0.7040	0.0581s	1.2056	0.7160	0.5891
4
0081	0.2078	0.9526	1.3267	0.7060	0.0584s	1.2486	0.7100	0.5899
5
0082	0.2058	0.9579	1.2526	0.7260	0.0583s	1.1857	0.7070	0.5839
6
0083	0.2196	0.9500	1.3059	0.7040	0.0600s	1.2427	0.6950	0.5794
0
0084	0.2151	0.9526	1.3080	0.7000	0.0587s	1.2587	0.7000	0.5807
1
0085	0.2272	0.9658	1.3087	0.7120	0.0582s	1.2548	0.7050	0.5835
2
0086	0.1973	0.9684	1.3740	0.7100	0.0597s	1.3163	0.6940	0.5911
3
0087	0.2290	0.9474	1.3367	0.7120	0.0581s	1.2561	0.6990	0.5789
4
0088	0.2283	0.9632	1.3460	0.6980	0.0582s	1.2492	0.6980	0.5797
5
0089	0.1946	0.9526	1.2990	0.7100	0.0582s	1.2077	0.7090	0.5926
6
0090	0.1834	0.9816	1.3725	0.6940	0.0597s	1.2728	0.6960	0.5841
7
0091	0.2411	0.9368	1.2862	0.7060	0.0583s	1.1911	0.7160	0.5913
8
0092	0.2193	0.9421	1.4495	0.6820	0.0583s	1.3365	0.6880	0.5711
9
0093	0.2516	0.9421	1.3078	0.7140	0.0583s	1.2281	0.7070	0.5779
10
0094	0.1775	0.9763	1.3995	0.6920	0.0581s	1.3286	0.6960	0.5732
11
0095	0.2003	0.9605	1.3678	0.6940	0.0582s	1.2973	0.7010	0.5774
12
0096	0.2044	0.9632	1.3117	0.7020	0.0582s	1.2224	0.6970	0.5746
13
0097	0.1858	0.9684	1.4421	0.6940	0.0585s	1.3166	0.6880	0.5719
14
0098	0.2404	0.9421	1.3510	0.7120	0.0584s	1.2361	0.7110	0.5863
15
0099	0.1795	0.9737	1.3865	0.6900	0.0582s	1.2740	0.7090	0.5901
16
0100	0.2101	0.9421	1.3488	0.7000	0.0617s	1.2686	0.7130	0.5899
17
0101	0.2266	0.9500	1.4967	0.6780	0.0584s	1.4099	0.6730	0.5713
18
0102	0.2334	0.9474	1.3864	0.7000	0.0582s	1.3085	0.6900	0.5676
19
0103	0.1777	0.9684	1.3700	0.6980	0.0585s	1.3307	0.6690	0.5503
20
0104	0.2379	0.9395	1.3457	0.7100	0.0582s	1.2897	0.6890	0.5652
21
0105	0.2152	0.9579	1.3472	0.7180	0.0584s	1.2670	0.6950	0.5717
22
0106	0.1947	0.9658	1.5504	0.6860	0.0583s	1.4435	0.6710	0.5697
23
0107	0.2563	0.9342	1.2702	0.7040	0.0582s	1.1822	0.7170	0.5890
24
0108	0.1812	0.9763	1.3176	0.7080	0.0582s	1.2269	0.7010	0.5818
25
0109	0.2284	0.9289	1.3779	0.7040	0.0602s	1.2578	0.7070	0.5797
26
0110	0.1968	0.9658	1.5483	0.6800	0.0583s	1.4250	0.6830	0.5605
27
0111	0.1995	0.9632	1.5886	0.6800	0.0582s	1.4856	0.6730	0.5644
28
0112	0.2115	0.9447	1.3646	0.7100	0.0583s	1.2807	0.6980	0.5817
29
0113	0.2133	0.9342	1.2523	0.7100	0.0583s	1.1772	0.7170	0.5752
30
0114	0.1927	0.9553	1.2897	0.7060	0.0583s	1.1970	0.7100	0.5833
31
0115	0.1910	0.9684	1.5355	0.6780	0.0583s	1.4132	0.6850	0.5827
32
0116	0.2199	0.9500	1.4033	0.7000	0.0582s	1.2873	0.6900	0.5808
33
0117	0.1715	0.9711	1.4374	0.6820	0.0584s	1.3008	0.6850	0.5552
34
0118	0.2234	0.9263	1.3237	0.7020	0.0582s	1.2097	0.7050	0.5753
35
0119	0.2115	0.9553	1.3151	0.7040	0.0583s	1.2037	0.7090	0.5787
36
0120	0.1780	0.9658	1.3829	0.6940	0.0598s	1.2633	0.6970	0.5840
37
0121	0.1973	0.9605	1.3480	0.7140	0.0582s	1.2310	0.6990	0.5900
38
0122	0.1757	0.9763	1.3551	0.7160	0.0582s	1.2342	0.7000	0.5779
39
0123	0.1727	0.9711	1.3290	0.7040	0.0586s	1.2231	0.7030	0.5744
40
0124	0.1507	0.9737	1.3250	0.6960	0.0586s	1.2271	0.7030	0.5780
41
0125	0.1865	0.9605	1.3618	0.6900	0.0599s	1.2519	0.7000	0.5792
42
0126	0.2011	0.9447	1.4190	0.6940	0.0610s	1.2825	0.7000	0.5759
43
0127	0.1627	0.9632	1.3909	0.7040	0.0622s	1.2510	0.7090	0.5831
44
0128	0.1527	0.9842	1.3265	0.7120	0.0622s	1.2083	0.7150	0.5849
45
0129	0.1779	0.9553	1.3021	0.7100	0.0617s	1.2061	0.7240	0.5794
46
0130	0.1946	0.9605	1.4584	0.7040	0.0612s	1.3385	0.6860	0.5619
47
0131	0.1794	0.9658	1.5848	0.6980	0.0604s	1.4423	0.6700	0.5575
48
0132	0.1957	0.9605	1.4434	0.7020	0.0584s	1.3113	0.7080	0.5735
49
0133	0.1779	0.9737	1.3569	0.6980	0.0584s	1.2449	0.7030	0.5784
50
0134	0.1993	0.9395	1.3051	0.6900	0.0582s	1.1891	0.7080	0.5803
51
0135	0.2203	0.9421	1.3982	0.7120	0.0595s	1.2774	0.6910	0.5827
52
0136	0.2011	0.9579	1.4373	0.6900	0.0581s	1.3134	0.6920	0.6041
53
0137	0.1837	0.9711	1.3576	0.7140	0.0583s	1.2451	0.7090	0.5818
54
0138	0.1974	0.9605	1.3165	0.7080	0.0583s	1.2122	0.7120	0.5792
55
0139	0.1746	0.9632	1.3647	0.7080	0.0582s	1.2713	0.6900	0.5720
56
0140	0.1850	0.9737	1.4316	0.7120	0.0583s	1.3413	0.6870	0.5701
57
0141	0.1746	0.9632	1.4138	0.7080	0.0583s	1.3095	0.7010	0.5746
58
0142	0.1650	0.9816	1.3292	0.7100	0.0580s	1.2280	0.7100	0.5695
59
0143	0.1719	0.9684	1.3079	0.7080	0.0584s	1.1898	0.7180	0.5776
60
0144	0.1764	0.9526	1.3659	0.7200	0.0582s	1.2370	0.7000	0.5791
61
0145	0.1885	0.9447	1.4079	0.7140	0.0583s	1.2934	0.6900	0.5704
62
0146	0.1596	0.9763	1.4319	0.7020	0.0594s	1.3163	0.6860	0.5651
63
0147	0.1509	0.9711	1.4049	0.6960	0.0585s	1.2987	0.7000	0.5711
64
0148	0.1739	0.9684	1.3558	0.7080	0.0582s	1.2495	0.7010	0.5763
65
0149	0.1829	0.9711	1.4046	0.7100	0.0582s	1.2675	0.6980	0.5784
66
0150	0.1726	0.9763	1.4330	0.7060	0.0583s	1.2844	0.7050	0.5859
67
0151	0.1613	0.9816	1.4154	0.7080	0.0593s	1.2808	0.7040	0.5916
68
0152	0.1500	0.9737	1.3586	0.7160	0.0796s	1.2430	0.7050	0.5894
69
0153	0.1958	0.9763	1.3349	0.7040	0.0632s	1.2278	0.7070	0.5884
70
0154	0.1957	0.9553	1.3847	0.7000	0.0593s	1.2974	0.6990	0.5784
71
0155	0.1666	0.9763	1.4408	0.7060	0.0593s	1.3469	0.6940	0.5776
72
0156	0.1884	0.9763	1.3093	0.7100	0.0594s	1.2141	0.7150	0.5740
73
0157	0.1610	0.9737	1.3712	0.6880	0.0594s	1.2769	0.6950	0.5669
74
0158	0.1982	0.9632	1.4740	0.7100	0.0595s	1.3650	0.6830	0.5689
75
0159	0.1785	0.9763	1.5903	0.6960	0.0592s	1.4482	0.6890	0.5767
76
0160	0.1875	0.9579	1.4799	0.7020	0.0593s	1.3160	0.7000	0.5771
77
0161	0.1592	0.9684	1.3729	0.7160	0.0627s	1.2251	0.7280	0.6080
78
0162	0.2033	0.9658	1.4041	0.6880	0.0595s	1.2660	0.7190	0.6075
79
0163	0.1728	0.9658	1.4031	0.7060	0.0592s	1.2893	0.6930	0.5719
80
0164	0.1572	0.9684	1.4678	0.6960	0.0549s	1.3533	0.6870	0.5639
81
0165	0.1752	0.9684	1.4233	0.7040	0.0513s	1.2934	0.6930	0.5720
82
0166	0.1623	0.9632	1.5060	0.6800	0.0501s	1.3470	0.6900	0.5676
83
0167	0.1771	0.9605	1.4981	0.6960	0.0516s	1.3171	0.7050	0.5811
84
0168	0.1863	0.9500	1.4620	0.7060	0.0506s	1.2698	0.7030	0.5792
85
0169	0.1768	0.9737	1.5123	0.7040	0.0503s	1.3164	0.6960	0.5775
86
0170	0.1745	0.9763	1.4508	0.7060	0.0502s	1.2788	0.6960	0.5774
87
0171	0.1528	0.9711	1.4972	0.6880	0.0500s	1.3327	0.6970	0.5779
88
0172	0.1873	0.9500	1.3722	0.7120	0.0500s	1.2479	0.7070	0.5771
89
0173	0.1586	0.9711	1.3905	0.7120	0.0504s	1.2490	0.7090	0.5758
90
0174	0.1679	0.9579	1.4488	0.7060	0.0503s	1.2906	0.6920	0.5588
91
0175	0.1925	0.9553	1.3545	0.7120	0.0507s	1.2403	0.7040	0.5828
92
0176	0.1630	0.9684	1.4155	0.6920	0.0583s	1.2988	0.7140	0.5963
93
0177	0.1569	0.9632	1.4161	0.6920	0.0538s	1.2899	0.7020	0.5879
94
0178	0.1669	0.9553	1.4181	0.6860	0.0513s	1.2880	0.6870	0.5764
95
0179	0.1669	0.9605	1.3573	0.7200	0.0503s	1.2261	0.7040	0.5764
96
0180	0.1759	0.9632	1.4380	0.7140	0.0499s	1.3005	0.7000	0.5725
97
0181	0.1740	0.9789	1.3641	0.7160	0.0503s	1.2592	0.7100	0.5841
98
0182	0.1564	0.9816	1.3140	0.7120	0.0503s	1.2437	0.7010	0.5799
99
0183	0.1722	0.9632	1.3453	0.7000	0.0789s	1.2673	0.6980	0.5835
100
0184	0.1253	0.9895	1.3800	0.7040	0.0628s	1.2890	0.6970	0.5799
101
0185	0.1481	0.9789	1.3967	0.6960	0.0596s	1.2774	0.6940	0.5811
102
0186	0.1708	0.9579	1.3990	0.7040	0.0580s	1.2564	0.7020	0.5817
103
0187	0.1581	0.9763	1.3806	0.7060	0.0578s	1.2367	0.7150	0.5871
104
0188	0.1821	0.9684	1.4169	0.7180	0.0580s	1.2881	0.7000	0.5765
105
0189	0.1671	0.9711	1.4951	0.7060	0.0577s	1.3990	0.6820	0.5734
106
0190	0.1862	0.9605	1.3870	0.7080	0.0579s	1.2895	0.6870	0.5748
107
0191	0.1468	0.9789	1.3364	0.7060	0.0575s	1.2266	0.7060	0.5785
108
0192	0.1389	0.9816	1.3414	0.7040	0.0579s	1.2248	0.7190	0.5833
109
0193	0.1768	0.9605	1.4403	0.7080	0.0768s	1.3160	0.6990	0.5825
110
0194	0.1812	0.9526	1.4666	0.7060	0.0823s	1.3322	0.6850	0.5741
111
0195	0.1669	0.9763	1.3584	0.7020	0.0715s	1.2369	0.6920	0.5692
112
0196	0.1606	0.9816	1.3692	0.7080	0.0715s	1.2480	0.7020	0.5772
113
0197	0.1575	0.9605	1.3483	0.7160	0.0715s	1.2273	0.7150	0.5849
114
0198	0.1781	0.9632	1.4327	0.7140	0.0714s	1.3024	0.6930	0.5677
115
0199	0.1617	0.9763	1.5933	0.6940	0.0712s	1.4611	0.6730	0.5600
116
0200	0.1734	0.9737	1.4364	0.7100	0.0714s	1.3135	0.6850	0.5610
117
0201	0.1722	0.9579	1.3523	0.7180	0.0715s	1.2357	0.7180	0.5728
118
0202	0.1548	0.9816	1.3475	0.7200	0.0712s	1.2320	0.7150	0.5717
119
0203	0.1582	0.9789	1.4473	0.7080	0.0689s	1.3038	0.6930	0.5704
120
0204	0.1506	0.9684	1.5609	0.6960	0.0601s	1.4175	0.6840	0.5784
121
0205	0.1978	0.9553	1.3797	0.7060	0.0581s	1.2370	0.6980	0.5801
122
0206	0.1687	0.9711	1.3503	0.6940	0.0593s	1.2230	0.7020	0.5703
123
0207	0.2062	0.9553	1.4175	0.7000	0.0582s	1.2795	0.7010	0.5698
124
0208	0.1831	0.9711	1.5557	0.7080	0.0595s	1.4178	0.6830	0.5605
125
0209	0.1630	0.9658	1.4265	0.7040	0.0583s	1.2975	0.6950	0.5774
126
0210	0.1622	0.9684	1.3680	0.7060	0.0582s	1.2517	0.7030	0.5693
127
0211	0.1858	0.9553	1.4389	0.7000	0.0591s	1.3050	0.6930	0.5724
128
0212	0.1471	0.9868	1.6180	0.6880	0.0583s	1.4550	0.6880	0.5701
129
0213	0.1919	0.9711	1.4510	0.7000	0.0599s	1.2882	0.6980	0.5756
130
0214	0.1687	0.9737	1.4604	0.6940	0.0584s	1.2710	0.6940	0.5705
131
0215	0.2013	0.9658	1.3418	0.7120	0.0584s	1.1988	0.7070	0.5840
132
0216	0.1444	0.9789	1.4391	0.7000	0.0590s	1.3135	0.6920	0.5800
133
0217	0.1655	0.9711	1.4755	0.6980	0.0582s	1.3593	0.6890	0.5733
134
0218	0.1734	0.9658	1.4698	0.7100	0.0582s	1.3557	0.6780	0.5518
135
0219	0.1792	0.9395	1.5134	0.7000	0.0590s	1.3616	0.6810	0.5527
136
0220	0.2032	0.9579	1.3425	0.7100	0.0582s	1.1996	0.7060	0.5750
137
0221	0.1428	0.9842	1.5287	0.6820	0.0584s	1.3927	0.7050	0.5991
138
0222	0.2263	0.9605	1.3958	0.7020	0.0603s	1.2645	0.7000	0.5759
139
0223	0.1451	0.9658	1.5439	0.6840	0.0583s	1.3853	0.6830	0.5754
140
0224	0.2162	0.9500	1.3543	0.7100	0.0582s	1.2081	0.7190	0.5786
141
0225	0.1713	0.9605	1.4090	0.7100	0.0598s	1.2516	0.7060	0.5716
142
0226	0.1568	0.9895	1.4061	0.7220	0.0583s	1.2471	0.7080	0.5776
143
0227	0.1523	0.9789	1.4137	0.7040	0.0585s	1.2696	0.7040	0.5813
144
0228	0.1521	0.9711	1.3828	0.7160	0.0582s	1.2600	0.6950	0.5806
145
0229	0.1510	0.9684	1.4510	0.7080	0.0583s	1.3387	0.6840	0.5612
146
0230	0.1516	0.9684	1.4721	0.7040	0.0584s	1.3633	0.6900	0.5575
147
0231	0.1545	0.9658	1.4176	0.7160	0.0582s	1.3009	0.6950	0.5651
148
0232	0.1736	0.9684	1.3983	0.7180	0.0594s	1.2774	0.6940	0.5703
149
0233	0.1624	0.9868	1.4609	0.6980	0.0582s	1.3191	0.6970	0.5794
150
0234	0.1463	0.9658	1.4311	0.7060	0.0582s	1.2791	0.7070	0.5897
151
0235	0.1503	0.9895	1.4175	0.7140	0.0596s	1.2829	0.7200	0.5957
152
0236	0.1645	0.9711	1.4151	0.7080	0.0582s	1.2822	0.7110	0.5899
153
0237	0.1744	0.9711	1.4320	0.7020	0.0582s	1.2937	0.6900	0.5739
154
0238	0.1394	0.9868	1.5368	0.6920	0.0594s	1.4097	0.6720	0.5569
155
0239	0.2111	0.9553	1.4381	0.7080	0.0583s	1.3216	0.6940	0.5692
156
0240	0.1563	0.9684	1.4900	0.7080	0.0582s	1.3917	0.7040	0.5775
157
0241	0.1913	0.9658	1.4142	0.7020	0.0582s	1.2985	0.7060	0.5835
158
0242	0.1662	0.9632	1.4275	0.7020	0.0582s	1.2705	0.6910	0.5751
159
0243	0.1531	0.9763	1.4207	0.7140	0.0582s	1.2719	0.7010	0.5810
160
0244	0.1742	0.9605	1.3617	0.7120	0.0596s	1.2100	0.7110	0.5838
161
0245	0.1729	0.9658	1.4167	0.7080	0.0583s	1.2634	0.7130	0.5833
162
0246	0.1496	0.9658	1.5447	0.7040	0.0582s	1.3830	0.6900	0.5698
163
0247	0.1777	0.9526	1.4370	0.7080	0.0582s	1.2768	0.7020	0.5798
164
0248	0.1474	0.9632	1.4574	0.7220	0.0592s	1.3133	0.6980	0.5815
165
0249	0.1595	0.9684	1.4201	0.7060	0.0582s	1.3031	0.6940	0.5808
166
0250	0.1815	0.9553	1.3205	0.7140	0.0582s	1.1906	0.7090	0.5958
167
0251	0.1454	0.9658	1.3922	0.6960	0.0586s	1.2350	0.7070	0.5929
168
0252	0.1645	0.9684	1.4978	0.7040	0.0585s	1.3288	0.7000	0.5872
169
0253	0.1654	0.9605	1.4642	0.7140	0.0581s	1.2999	0.7040	0.5807
170
0254	0.1495	0.9658	1.4113	0.7140	0.0617s	1.2386	0.7060	0.5817
171
0255	0.1599	0.9789	1.4197	0.7060	0.0583s	1.2483	0.7050	0.5835
172
0256	0.1632	0.9711	1.3967	0.7080	0.0583s	1.2268	0.7030	0.5875
173
0257	0.1873	0.9579	1.4130	0.7100	0.0582s	1.2647	0.7080	0.5940
174
0258	0.1409	0.9842	1.4736	0.7100	0.0592s	1.3431	0.7000	0.5844
175
0259	0.1692	0.9789	1.4069	0.7060	0.0584s	1.2625	0.7040	0.5682
176
0260	0.1639	0.9579	1.4127	0.6940	0.0584s	1.2607	0.7010	0.5618
177
0261	0.1611	0.9684	1.3939	0.7020	0.0582s	1.2539	0.6900	0.5621
178
0262	0.1470	0.9789	1.4183	0.7060	0.0583s	1.2750	0.6950	0.5886
179
0263	0.1469	0.9711	1.4312	0.7060	0.0584s	1.2733	0.7040	0.5921
180
0264	0.1265	0.9921	1.4957	0.7000	0.0583s	1.3190	0.7010	0.5888
181
0265	0.1587	0.9658	1.4719	0.7000	0.0581s	1.2944	0.7120	0.5940
182
0266	0.1320	0.9842	1.4117	0.7120	0.0583s	1.2438	0.7200	0.5909
183
0267	0.1584	0.9763	1.4765	0.7140	0.0582s	1.3010	0.6910	0.5709
184
0268	0.1450	0.9789	1.5296	0.6940	0.0583s	1.3689	0.6850	0.5631
185
0269	0.1476	0.9711	1.5323	0.7020	0.0582s	1.3681	0.6890	0.5602
186
0270	0.1575	0.9711	1.4281	0.7000	0.0588s	1.2778	0.7020	0.5760
187
0271	0.1343	0.9842	1.4297	0.7000	0.0582s	1.2800	0.7110	0.5786
188
0272	0.1552	0.9632	1.4788	0.7020	0.0581s	1.3078	0.7070	0.5824
189
0273	0.1558	0.9684	1.5659	0.7080	0.0595s	1.3939	0.6960	0.5768
190
0274	0.1446	0.9816	1.5502	0.6960	0.0579s	1.3811	0.6980	0.5720
191
0275	0.1384	0.9789	1.4152	0.7020	0.0581s	1.2662	0.7000	0.5750
192
0276	0.1621	0.9789	1.4211	0.7060	0.0580s	1.2681	0.7040	0.5800
193
0277	0.1412	0.9711	1.4471	0.7260	0.0579s	1.2957	0.7010	0.5755
194
0278	0.1272	0.9895	1.4382	0.7200	0.0592s	1.2819	0.7030	0.5730
0
0279	0.1232	0.9868	1.4321	0.7240	0.0583s	1.2798	0.7070	0.5768
1
0280	0.1360	0.9789	1.4517	0.7340	0.0582s	1.3014	0.7010	0.5780
2
0281	0.1318	0.9789	1.4981	0.7080	0.0586s	1.3481	0.6930	0.5709
0
0282	0.1538	0.9553	1.4622	0.6980	0.0584s	1.3069	0.6990	0.5786
1
0283	0.1406	0.9763	1.4370	0.7120	0.0592s	1.2848	0.7140	0.5852
2
0284	0.1523	0.9789	1.4670	0.7060	0.0582s	1.3010	0.7150	0.5839
3
0285	0.1684	0.9711	1.4495	0.7180	0.0586s	1.2842	0.7020	0.5787
4
0286	0.1313	0.9842	1.5293	0.7000	0.0590s	1.3791	0.6890	0.5774
5
0287	0.1872	0.9658	1.3609	0.7180	0.0594s	1.2228	0.7200	0.5961
6
0288	0.1145	0.9842	1.4397	0.6960	0.0588s	1.2935	0.7300	0.5978
7
0289	0.1723	0.9711	1.5557	0.6740	0.0582s	1.3968	0.6920	0.5715
8
0290	0.1470	0.9684	1.4856	0.6980	0.0583s	1.3427	0.6850	0.5624
9
0291	0.1548	0.9789	1.4787	0.7040	0.0583s	1.3543	0.6820	0.5578
10
0292	0.1741	0.9711	1.4570	0.7060	0.0582s	1.3154	0.7010	0.5676
11
0293	0.1389	0.9658	1.4750	0.7040	0.0593s	1.3025	0.7110	0.5820
12
0294	0.1513	0.9789	1.4918	0.6860	0.0595s	1.2991	0.7050	0.5816
13
0295	0.1642	0.9737	1.4151	0.6980	0.0618s	1.2332	0.7100	0.5830
14
0296	0.1415	0.9711	1.5655	0.6760	0.0617s	1.3835	0.6900	0.5775
15
0297	0.1715	0.9474	1.4581	0.7080	0.0639s	1.3258	0.6890	0.5705
16
0298	0.1377	0.9763	1.5490	0.6920	0.0633s	1.4290	0.6810	0.5637
17
0299	0.1755	0.9632	1.4240	0.6920	0.0619s	1.3020	0.6920	0.5593
18
0300	0.1793	0.9605	1.4592	0.7020	0.0602s	1.3533	0.6910	0.5819
19
0301	0.1702	0.9789	1.4973	0.7060	0.0589s	1.3991	0.6920	0.5884
20
0302	0.1742	0.9684	1.4390	0.7040	0.0810s	1.3202	0.6970	0.5783
21
0303	0.1490	0.9763	1.3891	0.7000	0.0633s	1.2639	0.6980	0.5811
22
0304	0.1749	0.9553	1.3577	0.7120	0.0593s	1.2551	0.7100	0.6035
23
0305	0.1619	0.9763	1.3713	0.7060	0.0593s	1.2483	0.7060	0.5794
24
0306	0.1705	0.9711	1.3500	0.7020	0.0592s	1.2429	0.7100	0.5808
25
0307	0.1927	0.9605	1.4466	0.6940	0.0598s	1.3268	0.6960	0.5813
26
0308	0.1792	0.9711	1.5578	0.6880	0.0596s	1.4449	0.6840	0.5788
27
0309	0.1566	0.9711	1.3921	0.7040	0.0593s	1.2673	0.7120	0.5924
28
0310	0.1743	0.9711	1.3239	0.6880	0.0595s	1.1936	0.7070	0.5773
29
0311	0.1610	0.9684	1.3321	0.7000	0.0595s	1.2027	0.7020	0.5784
30
0312	0.1519	0.9816	1.3889	0.6980	0.0599s	1.2635	0.6900	0.5790
31
0313	0.1563	0.9684	1.4513	0.7060	0.0593s	1.3096	0.6910	0.5715
32
0314	0.1494	0.9632	1.5278	0.7120	0.0559s	1.3511	0.6870	0.5652
33
0315	0.1793	0.9579	1.4461	0.7020	0.0516s	1.2524	0.6950	0.5642
34
0316	0.1554	0.9684	1.4059	0.7040	0.0504s	1.2010	0.7060	0.5691
35
0317	0.1728	0.9579	1.4159	0.7040	0.0507s	1.2027	0.7160	0.5866
36
0318	0.1414	0.9763	1.4065	0.7040	0.0512s	1.2226	0.7090	0.5981
37
0319	0.1244	0.9895	1.3897	0.7060	0.0504s	1.2374	0.7020	0.5782
38
0320	0.1573	0.9763	1.3921	0.7060	0.0501s	1.2527	0.7020	0.5774
39
0321	0.1597	0.9763	1.4140	0.7040	0.0500s	1.2540	0.7000	0.5784
40
0322	0.1389	0.9763	1.4641	0.7160	0.0501s	1.2799	0.6950	0.5720
41
0323	0.1523	0.9684	1.4676	0.7080	0.0503s	1.2734	0.6960	0.5696
42
0324	0.1335	0.9921	1.4299	0.7220	0.0502s	1.2406	0.7120	0.5841
43
0325	0.1380	0.9868	1.4375	0.7180	0.0502s	1.2527	0.7180	0.5895
44
0326	0.1326	0.9868	1.4357	0.7040	0.0504s	1.2678	0.7070	0.5813
45
0327	0.1530	0.9737	1.4501	0.7080	0.0521s	1.2963	0.6950	0.5722
46
0328	0.1276	0.9737	1.4543	0.7120	0.0507s	1.3015	0.6910	0.5671
47
0329	0.1350	0.9737	1.4542	0.7120	0.0502s	1.2888	0.7080	0.5867
48
0330	0.1382	0.9895	1.4556	0.7160	0.0502s	1.2892	0.7160	0.5998
49
0331	0.1441	0.9632	1.4286	0.7100	0.0502s	1.2649	0.7130	0.5826
50
0332	0.1061	0.9947	1.4661	0.7160	0.0503s	1.3025	0.7000	0.5779
51
0333	0.1366	0.9816	1.4724	0.7080	0.0503s	1.3091	0.6950	0.6012
52
0334	0.1298	0.9895	1.4389	0.7180	0.0506s	1.2727	0.7060	0.5818
53
0335	0.1194	0.9868	1.4200	0.7100	0.0502s	1.2507	0.7140	0.5895
54
0336	0.1387	0.9605	1.4189	0.7160	0.0505s	1.2616	0.7140	0.6016
55
0337	0.1465	0.9605	1.4334	0.7140	0.0517s	1.2865	0.6960	0.5727
56
0338	0.1285	0.9763	1.3833	0.7040	0.0508s	1.2593	0.7020	0.5758
57
0339	0.1403	0.9816	1.3517	0.7140	0.0502s	1.2509	0.7130	0.5929
58
0340	0.1569	0.9763	1.3884	0.7160	0.0501s	1.2787	0.7150	0.5779
59
0341	0.1531	0.9789	1.4938	0.7100	0.0505s	1.3551	0.7010	0.5722
60
0342	0.1751	0.9579	1.4817	0.7020	0.0504s	1.3310	0.6950	0.5783
61
0343	0.1618	0.9711	1.3799	0.7140	0.0502s	1.2525	0.7140	0.5876
62
0344	0.1430	0.9763	1.4360	0.7080	0.0524s	1.3007	0.7080	0.5870
63
0345	0.1594	0.9658	1.4898	0.7140	0.0521s	1.3347	0.6990	0.6237
64
0346	0.1628	0.9737	1.4767	0.7100	0.0503s	1.2922	0.6950	0.5834
65
0347	0.1777	0.9526	1.3684	0.6960	0.0505s	1.2263	0.7130	0.5805
66
0348	0.1751	0.9447	1.3959	0.6980	0.0507s	1.2831	0.7050	0.5831
67
0349	0.1621	0.9605	1.4124	0.7100	0.0501s	1.3039	0.7050	0.5826
68
0350	0.1386	0.9711	1.4133	0.7100	0.0503s	1.2836	0.6980	0.5814
69
0351	0.1646	0.9605	1.3497	0.7160	0.0525s	1.2024	0.7120	0.5868
70
0352	0.1733	0.9658	1.4077	0.7180	0.0502s	1.2610	0.6960	0.5797
71
0353	0.1270	0.9868	1.6130	0.7000	0.0507s	1.4606	0.6870	0.5806
72
0354	0.1855	0.9658	1.4689	0.7080	0.0660s	1.3070	0.6940	0.5788
73
0355	0.1310	0.9895	1.3067	0.7100	0.0572s	1.1488	0.7090	0.5823
74
0356	0.1339	0.9895	1.3150	0.7060	0.0553s	1.1600	0.7090	0.5836
75
0357	0.1972	0.9526	1.4621	0.7140	0.0507s	1.2985	0.6980	0.5775
76
0358	0.1425	0.9763	1.7076	0.6780	0.0508s	1.5466	0.6760	0.5785
77
0359	0.1975	0.9500	1.4770	0.6760	0.0503s	1.3339	0.6780	0.5696
78
0360	0.2036	0.9342	1.4584	0.6980	0.0501s	1.3158	0.6850	0.5616
79
0361	0.2030	0.9447	1.5706	0.6840	0.0504s	1.3777	0.6900	0.5620
80
0362	0.1620	0.9711	1.7601	0.6740	0.0501s	1.5697	0.6840	0.6117
81
0363	0.2220	0.9474	1.6374	0.6780	0.0529s	1.4680	0.6680	0.5728
82
0364	0.2167	0.9447	1.3726	0.7020	0.0503s	1.2116	0.6950	0.5735
83
0365	0.1506	0.9868	1.4533	0.6660	0.0507s	1.3074	0.6810	0.5665
84
0366	0.2074	0.9605	1.4182	0.7060	0.0512s	1.2542	0.7120	0.5920
85
0367	0.1425	0.9658	1.5420	0.6980	0.0500s	1.3913	0.7010	0.5895
86
0368	0.1787	0.9579	1.5093	0.7020	0.0513s	1.3534	0.7050	0.5820
87
0369	0.1637	0.9684	1.3588	0.7040	0.0501s	1.2012	0.7070	0.5809
88
0370	0.1495	0.9737	1.3515	0.6880	0.0526s	1.2070	0.6820	0.5709
89
0371	0.1632	0.9711	1.3696	0.6960	0.0503s	1.2333	0.6820	0.5767
90
0372	0.1703	0.9658	1.3331	0.7040	0.0503s	1.1908	0.6990	0.5835
91
0373	0.1538	0.9711	1.4036	0.7060	0.0510s	1.2636	0.7050	0.5846
92
0374	0.1606	0.9684	1.4432	0.6920	0.0504s	1.3059	0.7050	0.5862
93
0375	0.1543	0.9684	1.4718	0.6980	0.0540s	1.3236	0.7020	0.5836
94
0376	0.1471	0.9658	1.4017	0.7080	0.0504s	1.2565	0.6980	0.5820
95
0377	0.1314	0.9842	1.3667	0.7060	0.0502s	1.2135	0.7000	0.5798
96
0378	0.1535	0.9737	1.4064	0.7000	0.0502s	1.2435	0.6970	0.5764
97
0379	0.1429	0.9658	1.4986	0.7000	0.0502s	1.3247	0.6790	0.5590
98
0380	0.1639	0.9632	1.5476	0.6800	0.0524s	1.3662	0.6800	0.5577
99
0381	0.1318	0.9711	1.4981	0.6980	0.0503s	1.3154	0.6990	0.5736
100
0382	0.1450	0.9737	1.4518	0.7020	0.0501s	1.2874	0.7030	0.5824
101
0383	0.1323	0.9921	1.5070	0.6960	0.0502s	1.3359	0.6970	0.5820
102
0384	0.1334	0.9868	1.4916	0.6980	0.0502s	1.3084	0.6970	0.5869
103
0385	0.1403	0.9789	1.3952	0.7080	0.0533s	1.2111	0.7120	0.5896
104
0386	0.1254	0.9842	1.4644	0.6840	0.0503s	1.2887	0.7010	0.5846
105
0387	0.1504	0.9658	1.4958	0.6980	0.0505s	1.3200	0.6910	0.5711
106
0388	0.1441	0.9711	1.5257	0.6940	0.0501s	1.3446	0.6950	0.5725
107
0389	0.1302	0.9789	1.5215	0.7060	0.0504s	1.3488	0.6980	0.5729
108
0390	0.1168	0.9816	1.5024	0.7120	0.0513s	1.3458	0.7020	0.5799
109
0391	0.1509	0.9605	1.4222	0.7080	0.0504s	1.2743	0.7200	0.5926
110
0392	0.1275	0.9658	1.4045	0.7120	0.0524s	1.2362	0.7300	0.5992
111
0393	0.1261	0.9868	1.4293	0.7120	0.0503s	1.2464	0.7140	0.5942
112
0394	0.1477	0.9737	1.4865	0.7080	0.0503s	1.3056	0.6940	0.5785
113
0395	0.1203	0.9868	1.5208	0.7060	0.0523s	1.3599	0.6930	0.5750
114
0396	0.1444	0.9842	1.4664	0.7180	0.0562s	1.3176	0.7030	0.5797
115
0397	0.1304	0.9763	1.3980	0.6980	0.0527s	1.2731	0.7150	0.5825
116
0398	0.1198	0.9737	1.3976	0.7100	0.0501s	1.2711	0.7080	0.5792
117
0399	0.1271	0.9842	1.4329	0.7080	0.0508s	1.2943	0.7040	0.5790
118
0400	0.1174	0.9895	1.5130	0.7140	0.0499s	1.3598	0.6990	0.5840
119
0401	0.1451	0.9763	1.5928	0.7120	0.0503s	1.4127	0.6930	0.5736
120
0402	0.1299	0.9763	1.5939	0.7080	0.0503s	1.4079	0.7010	0.5782
121
0403	0.1461	0.9895	1.4924	0.7060	0.0508s	1.3288	0.7120	0.5837
122
0404	0.1461	0.9868	1.4413	0.7040	0.0502s	1.2954	0.7020	0.5820
123
0405	0.1516	0.9816	1.4586	0.7060	0.0510s	1.3260	0.7080	0.5856
124
0406	0.1597	0.9632	1.4873	0.7080	0.0527s	1.3429	0.7050	0.5845
125
0407	0.1477	0.9737	1.5165	0.6980	0.0507s	1.3567	0.7070	0.5913
126
0408	0.1489	0.9763	1.4754	0.6960	0.0501s	1.3069	0.7060	0.5889
127
0409	0.1260	0.9737	1.4142	0.7100	0.0500s	1.2632	0.7080	0.5996
128
0410	0.1414	0.9684	1.4388	0.7060	0.0504s	1.2845	0.7110	0.5931
129
0411	0.1396	0.9816	1.4547	0.7120	0.0521s	1.3096	0.7020	0.5938
130
0412	0.1411	0.9684	1.4103	0.7180	0.0502s	1.2669	0.7030	0.5958
131
0413	0.1330	0.9737	1.4191	0.7120	0.0502s	1.2748	0.7060	0.5824
132
0414	0.1303	0.9737	1.4047	0.7080	0.0518s	1.2698	0.7020	0.5804
133
0415	0.1614	0.9632	1.4405	0.7200	0.0506s	1.3037	0.6990	0.5829
134
0416	0.1332	0.9868	1.4429	0.7140	0.0511s	1.2908	0.7170	0.5914
135
0417	0.1373	0.9711	1.4299	0.7060	0.0501s	1.2616	0.7120	0.5829
136
0418	0.1250	0.9868	1.4462	0.7080	0.0523s	1.2772	0.7110	0.5768
137
0419	0.1388	0.9711	1.4439	0.7100	0.0501s	1.2788	0.7080	0.5974
138
0420	0.1681	0.9684	1.4824	0.7100	0.0503s	1.3403	0.6970	0.5961
139
0421	0.1264	0.9842	1.4620	0.7020	0.0511s	1.3240	0.6990	0.5816
140
0422	0.1352	0.9789	1.4087	0.7100	0.0501s	1.2724	0.7050	0.5879
141
0423	0.1212	0.9842	1.4131	0.7060	0.0532s	1.2645	0.7160	0.5944
142
0424	0.1310	0.9763	1.4621	0.7080	0.0533s	1.2914	0.7060	0.5882
143
0425	0.1284	0.9816	1.4979	0.7080	0.0503s	1.3209	0.7000	0.5784
144
0426	0.1124	0.9842	1.4648	0.7020	0.0505s	1.3085	0.7030	0.5804
145
0427	0.1438	0.9816	1.4171	0.7000	0.0500s	1.2660	0.7030	0.5969
146
0428	0.1276	0.9763	1.4790	0.7020	0.0525s	1.3155	0.6920	0.5835
147
0429	0.1330	0.9816	1.4503	0.7040	0.0502s	1.2985	0.7010	0.5842
148
0430	0.1404	0.9816	1.4374	0.6960	0.0502s	1.2892	0.6980	0.5867
149
0431	0.1449	0.9658	1.4259	0.7140	0.0502s	1.2612	0.6980	0.5795
150
0432	0.1425	0.9789	1.4449	0.7080	0.0501s	1.2863	0.6970	0.5789
151
0433	0.1669	0.9789	1.5248	0.7100	0.0519s	1.3536	0.6930	0.5730
152
0434	0.1372	0.9789	1.5200	0.6980	0.0503s	1.3655	0.6910	0.5703
153
0435	0.1396	0.9737	1.4775	0.6940	0.0513s	1.3287	0.6870	0.5701
154
0436	0.1438	0.9737	1.4099	0.7040	0.0502s	1.2567	0.6900	0.5734
155
0437	0.1282	0.9789	1.3714	0.6960	0.0503s	1.2117	0.7130	0.5823
156
0438	0.1597	0.9684	1.5674	0.7060	0.0511s	1.4121	0.7020	0.5862
157
0439	0.1479	0.9684	1.8135	0.6860	0.0502s	1.6341	0.6830	0.5813
158
0440	0.1723	0.9658	1.5096	0.7060	0.0525s	1.3487	0.7000	0.5763
159
0441	0.1560	0.9500	1.4651	0.7040	0.0500s	1.3214	0.7110	0.5777
160
0442	0.1829	0.9553	1.4596	0.7040	0.0502s	1.3295	0.6910	0.5743
161
0443	0.1419	0.9842	1.6944	0.6780	0.0509s	1.5151	0.6860	0.5945
162
0444	0.1600	0.9789	1.6198	0.6880	0.0501s	1.4489	0.6870	0.5750
163
0445	0.1613	0.9605	1.4307	0.7140	0.0531s	1.2832	0.7120	0.5865
164
0446	0.1516	0.9789	1.5226	0.6980	0.0503s	1.3928	0.6840	0.5618
165
0447	0.1605	0.9763	1.5055	0.6980	0.0502s	1.3978	0.6830	0.5755
166
0448	0.1632	0.9605	1.4497	0.6920	0.0500s	1.3147	0.7010	0.5898
167
0449	0.1642	0.9632	1.3929	0.7060	0.0504s	1.2178	0.7140	0.5984
168
0450	0.1494	0.9658	1.5001	0.6860	0.0546s	1.3043	0.7010	0.5860
169
0451	0.1983	0.9553	1.3675	0.7020	0.0502s	1.2022	0.7050	0.5849
170
0452	0.1213	0.9868	1.4115	0.7160	0.0500s	1.3046	0.6800	0.5849
171
0453	0.1397	0.9816	1.5905	0.6880	0.0502s	1.4990	0.6660	0.5725
172
0454	0.1599	0.9579	1.5300	0.6800	0.0509s	1.4190	0.6830	0.5691
173
0455	0.1642	0.9737	1.3375	0.7040	0.0516s	1.2281	0.7160	0.6021
174
0456	0.1451	0.9789	1.3145	0.7120	0.0503s	1.1872	0.7110	0.5875
175
0457	0.1385	0.9789	1.3777	0.7020	0.0504s	1.2134	0.7030	0.5788
176
0458	0.1490	0.9789	1.5321	0.6880	0.0501s	1.3271	0.6920	0.5703
177
0459	0.1454	0.9868	1.5816	0.6900	0.0501s	1.3641	0.6820	0.5581
178
0460	0.1797	0.9711	1.3812	0.7120	0.0511s	1.1896	0.7030	0.5663
179
0461	0.1245	0.9921	1.3583	0.7020	0.0502s	1.2125	0.7100	0.5851
180
0462	0.1598	0.9632	1.3818	0.6980	0.0527s	1.2456	0.7050	0.5823
181
0463	0.1529	0.9789	1.4134	0.7000	0.0502s	1.2809	0.6940	0.5780
182
0464	0.1448	0.9789	1.4624	0.6980	0.0503s	1.3139	0.6960	0.5883
183
0465	0.1523	0.9737	1.4919	0.7060	0.0507s	1.3173	0.6910	0.5721
184
0466	0.1613	0.9763	1.4570	0.6960	0.0501s	1.2791	0.7020	0.5767
185
0467	0.1769	0.9632	1.5236	0.6980	0.0529s	1.3329	0.6880	0.5710
186
0468	0.1333	0.9763	1.4978	0.7020	0.0503s	1.3014	0.7000	0.5793
187
0469	0.1476	0.9789	1.4596	0.7140	0.0504s	1.2874	0.6870	0.5739
188
0470	0.1409	0.9816	1.4295	0.7080	0.0502s	1.2834	0.6960	0.5794
189
0471	0.1419	0.9763	1.3929	0.7040	0.0500s	1.2251	0.7070	0.5700
190
0472	0.1544	0.9684	1.3924	0.7060	0.0524s	1.2018	0.7100	0.5846
191
0473	0.1518	0.9684	1.4739	0.7000	0.0503s	1.2781	0.6980	0.5926
192
0474	0.1376	0.9816	1.5647	0.7000	0.0504s	1.3801	0.6910	0.5790
193
0475	0.1891	0.9526	1.4804	0.7040	0.0504s	1.2867	0.6990	0.5814
194
0476	0.1357	0.9763	1.4892	0.7000	0.0504s	1.2765	0.6990	0.6005
195
0477	0.1661	0.9632	1.4102	0.7120	0.0523s	1.2002	0.7140	0.6039
196
0478	0.1505	0.9711	1.4307	0.7140	0.0502s	1.2414	0.7040	0.5974
197
0479	0.1439	0.9737	1.3907	0.7020	0.0503s	1.2620	0.7040	0.5824
198
0480	0.1507	0.9658	1.4843	0.6780	0.0503s	1.3466	0.6930	0.5812
199
Early stop! Min loss:1.236495852470398,  Max accuracy:0.734
Early stop model validation loss:1.236495852470398,  accuracy:0.6920000000000001
Optimization Finished!
Total time elapsed: 27.6559s
test max acc:0.7300
Loading 32th epoch
stru_node_to_hop attention:tensor([[0.2381, 0.2548, 0.2538, 0.2534],
        [0.2485, 0.2503, 0.2505, 0.2507],
        [0.2480, 0.2505, 0.2507, 0.2508],
        [0.2477, 0.2504, 0.2509, 0.2509],
        [0.2593, 0.2593, 0.2434, 0.2380],
        [0.2494, 0.2501, 0.2503, 0.2503],
        [0.2470, 0.2509, 0.2510, 0.2511],
        [0.2465, 0.2506, 0.2513, 0.2516],
        [0.2477, 0.2508, 0.2507, 0.2508],
        [0.2481, 0.2506, 0.2506, 0.2507],
        [0.2486, 0.2504, 0.2505, 0.2505],
        [0.2473, 0.2505, 0.2511, 0.2511],
        [0.2439, 0.2608, 0.2488, 0.2465],
        [0.2147, 0.2572, 0.2651, 0.2630],
        [0.2592, 0.2595, 0.2408, 0.2405],
        [0.2497, 0.2501, 0.2501, 0.2501],
        [0.2499, 0.2500, 0.2500, 0.2500],
        [0.2499, 0.2500, 0.2500, 0.2500],
        [0.2725, 0.2467, 0.2407, 0.2401],
        [0.2499, 0.2499, 0.2501, 0.2501],
        [0.2494, 0.2501, 0.2502, 0.2503],
        [0.2493, 0.2502, 0.2503, 0.2503],
        [0.2500, 0.2500, 0.2500, 0.2500],
        [0.2499, 0.2500, 0.2500, 0.2500],
        [0.2465, 0.2507, 0.2513, 0.2515],
        [0.2498, 0.2500, 0.2501, 0.2501],
        [0.2471, 0.2509, 0.2509, 0.2511],
        [0.2481, 0.2505, 0.2507, 0.2508],
        [0.2499, 0.2500, 0.2501, 0.2501],
        [0.2498, 0.2500, 0.2501, 0.2501],
        [0.2457, 0.2515, 0.2514, 0.2515],
        [0.2500, 0.2500, 0.2500, 0.2500],
        [0.2729, 0.2473, 0.2398, 0.2401],
        [0.2739, 0.2421, 0.2422, 0.2419],
        [0.2484, 0.2498, 0.2506, 0.2512],
        [0.2499, 0.2500, 0.2500, 0.2501],
        [0.2492, 0.2499, 0.2504, 0.2504],
        [0.2493, 0.2501, 0.2503, 0.2504],
        [0.2497, 0.2500, 0.2501, 0.2501],
        [0.2477, 0.2502, 0.2510, 0.2511],
        [0.2498, 0.2500, 0.2501, 0.2501],
        [0.2477, 0.2503, 0.2509, 0.2511],
        [0.2496, 0.2499, 0.2502, 0.2502],
        [0.2500, 0.2500, 0.2500, 0.2500],
        [0.2476, 0.2503, 0.2510, 0.2511],
        [0.2371, 0.2862, 0.2447, 0.2319],
        [0.2498, 0.2500, 0.2501, 0.2501],
        [0.2480, 0.2503, 0.2508, 0.2509],
        [0.2498, 0.2501, 0.2501, 0.2501],
        [0.2546, 0.2520, 0.2435, 0.2499],
        [0.2496, 0.2501, 0.2502, 0.2502],
        [0.2499, 0.2500, 0.2500, 0.2500],
        [0.2500, 0.2499, 0.2501, 0.2501],
        [0.2532, 0.2645, 0.2410, 0.2413],
        [0.2474, 0.2502, 0.2511, 0.2514],
        [0.2761, 0.2463, 0.2389, 0.2387],
        [0.2884, 0.2462, 0.2331, 0.2322],
        [0.2499, 0.2500, 0.2500, 0.2500],
        [0.2499, 0.2500, 0.2500, 0.2500],
        [0.2500, 0.2500, 0.2500, 0.2500],
        [0.2499, 0.2499, 0.2501, 0.2502],
        [0.2496, 0.2499, 0.2502, 0.2502],
        [0.2499, 0.2500, 0.2500, 0.2501],
        [0.2493, 0.2501, 0.2503, 0.2503],
        [0.2496, 0.2501, 0.2501, 0.2501],
        [0.2552, 0.2552, 0.2452, 0.2445],
        [0.2500, 0.2500, 0.2500, 0.2500],
        [0.2491, 0.2501, 0.2504, 0.2504],
        [0.2500, 0.2499, 0.2500, 0.2501],
        [0.2497, 0.2502, 0.2501, 0.2501],
        [0.2495, 0.2501, 0.2502, 0.2502],
        [0.2500, 0.2500, 0.2500, 0.2500],
        [0.2435, 0.2514, 0.2524, 0.2526],
        [0.2499, 0.2500, 0.2500, 0.2500],
        [0.2497, 0.2500, 0.2502, 0.2502],
        [0.2492, 0.2499, 0.2504, 0.2505],
        [0.2497, 0.2501, 0.2501, 0.2501],
        [0.2458, 0.2504, 0.2517, 0.2521],
        [0.2500, 0.2500, 0.2500, 0.2500],
        [0.2496, 0.2501, 0.2501, 0.2502],
        [0.2484, 0.2506, 0.2504, 0.2506],
        [0.2402, 0.2521, 0.2536, 0.2542],
        [0.2497, 0.2500, 0.2501, 0.2502],
        [0.2499, 0.2500, 0.2500, 0.2501],
        [0.2481, 0.2504, 0.2507, 0.2508],
        [0.2464, 0.2507, 0.2513, 0.2515],
        [0.2488, 0.2504, 0.2503, 0.2505],
        [0.2499, 0.2500, 0.2500, 0.2500],
        [0.2485, 0.2505, 0.2505, 0.2505],
        [0.2498, 0.2501, 0.2501, 0.2501],
        [0.2493, 0.2501, 0.2503, 0.2503],
        [0.2500, 0.2500, 0.2500, 0.2500],
        [0.2500, 0.2500, 0.2500, 0.2500],
        [0.2496, 0.2500, 0.2502, 0.2502],
        [0.2498, 0.2500, 0.2501, 0.2501],
        [0.2498, 0.2500, 0.2501, 0.2501],
        [0.2429, 0.2522, 0.2521, 0.2528],
        [0.2476, 0.2507, 0.2509, 0.2508],
        [0.2498, 0.2501, 0.2501, 0.2501],
        [0.2460, 0.2514, 0.2513, 0.2513]], device='cuda:1')
fea_node_to_hop attention:tensor([[0.1408, 0.1438, 0.1439, 0.1432, 0.1431, 0.1427, 0.1425],
        [0.1424, 0.1429, 0.1429, 0.1429, 0.1430, 0.1430, 0.1430],
        [0.1423, 0.1429, 0.1430, 0.1430, 0.1430, 0.1430, 0.1430],
        [0.1418, 0.1432, 0.1430, 0.1430, 0.1430, 0.1430, 0.1430],
        [0.1509, 0.1591, 0.1500, 0.1423, 0.1362, 0.1322, 0.1294],
        [0.1424, 0.1429, 0.1429, 0.1429, 0.1429, 0.1429, 0.1429],
        [0.1416, 0.1431, 0.1431, 0.1431, 0.1431, 0.1430, 0.1430],
        [0.1411, 0.1431, 0.1431, 0.1432, 0.1432, 0.1432, 0.1432],
        [0.1421, 0.1429, 0.1430, 0.1430, 0.1430, 0.1430, 0.1430],
        [0.1419, 0.1429, 0.1430, 0.1430, 0.1430, 0.1430, 0.1431],
        [0.1424, 0.1429, 0.1429, 0.1429, 0.1430, 0.1430, 0.1430],
        [0.1420, 0.1429, 0.1430, 0.1430, 0.1430, 0.1431, 0.1431],
        [0.1519, 0.1421, 0.1423, 0.1416, 0.1411, 0.1407, 0.1403],
        [0.1345, 0.1492, 0.1419, 0.1446, 0.1439, 0.1435, 0.1424],
        [0.1407, 0.1470, 0.1435, 0.1445, 0.1429, 0.1413, 0.1401],
        [0.1429, 0.1429, 0.1429, 0.1429, 0.1429, 0.1429, 0.1429],
        [0.1428, 0.1429, 0.1429, 0.1429, 0.1429, 0.1429, 0.1429],
        [0.1428, 0.1429, 0.1429, 0.1429, 0.1429, 0.1429, 0.1429],
        [0.1545, 0.1410, 0.1421, 0.1415, 0.1408, 0.1402, 0.1398],
        [0.1426, 0.1429, 0.1429, 0.1429, 0.1429, 0.1429, 0.1429],
        [0.1425, 0.1429, 0.1429, 0.1429, 0.1429, 0.1429, 0.1429],
        [0.1425, 0.1429, 0.1429, 0.1429, 0.1429, 0.1429, 0.1429],
        [0.1428, 0.1429, 0.1429, 0.1429, 0.1429, 0.1429, 0.1429],
        [0.1428, 0.1429, 0.1429, 0.1429, 0.1429, 0.1429, 0.1429],
        [0.1418, 0.1429, 0.1431, 0.1431, 0.1431, 0.1430, 0.1430],
        [0.1428, 0.1429, 0.1429, 0.1429, 0.1429, 0.1429, 0.1429],
        [0.1418, 0.1430, 0.1430, 0.1430, 0.1430, 0.1430, 0.1430],
        [0.1423, 0.1429, 0.1429, 0.1430, 0.1430, 0.1430, 0.1430],
        [0.1428, 0.1429, 0.1429, 0.1429, 0.1429, 0.1429, 0.1429],
        [0.1427, 0.1429, 0.1429, 0.1429, 0.1429, 0.1429, 0.1429],
        [0.1416, 0.1429, 0.1431, 0.1431, 0.1431, 0.1431, 0.1431],
        [0.1428, 0.1429, 0.1429, 0.1429, 0.1429, 0.1429, 0.1429],
        [0.1446, 0.1436, 0.1431, 0.1447, 0.1426, 0.1411, 0.1404],
        [0.1429, 0.1446, 0.1438, 0.1430, 0.1425, 0.1419, 0.1413],
        [0.1422, 0.1429, 0.1430, 0.1430, 0.1430, 0.1430, 0.1430],
        [0.1428, 0.1429, 0.1429, 0.1429, 0.1429, 0.1429, 0.1429],
        [0.1423, 0.1429, 0.1429, 0.1430, 0.1430, 0.1430, 0.1430],
        [0.1426, 0.1429, 0.1429, 0.1429, 0.1429, 0.1429, 0.1429],
        [0.1427, 0.1429, 0.1429, 0.1429, 0.1429, 0.1429, 0.1429],
        [0.1420, 0.1429, 0.1430, 0.1430, 0.1430, 0.1431, 0.1431],
        [0.1428, 0.1429, 0.1429, 0.1429, 0.1429, 0.1429, 0.1429],
        [0.1421, 0.1430, 0.1430, 0.1430, 0.1430, 0.1430, 0.1430],
        [0.1426, 0.1429, 0.1429, 0.1429, 0.1429, 0.1429, 0.1429],
        [0.1428, 0.1429, 0.1429, 0.1429, 0.1429, 0.1429, 0.1429],
        [0.1415, 0.1429, 0.1431, 0.1431, 0.1431, 0.1431, 0.1431],
        [0.1505, 0.1344, 0.1396, 0.1437, 0.1437, 0.1441, 0.1441],
        [0.1427, 0.1429, 0.1429, 0.1429, 0.1429, 0.1429, 0.1429],
        [0.1419, 0.1429, 0.1430, 0.1430, 0.1430, 0.1430, 0.1430],
        [0.1429, 0.1429, 0.1429, 0.1429, 0.1429, 0.1429, 0.1429],
        [0.1386, 0.1561, 0.1507, 0.1447, 0.1402, 0.1363, 0.1334],
        [0.1428, 0.1429, 0.1429, 0.1429, 0.1429, 0.1429, 0.1429],
        [0.1428, 0.1429, 0.1429, 0.1429, 0.1429, 0.1429, 0.1429],
        [0.1428, 0.1429, 0.1429, 0.1429, 0.1429, 0.1429, 0.1429],
        [0.1446, 0.1439, 0.1433, 0.1428, 0.1423, 0.1418, 0.1412],
        [0.1419, 0.1430, 0.1430, 0.1430, 0.1430, 0.1430, 0.1430],
        [0.1437, 0.1422, 0.1443, 0.1438, 0.1431, 0.1420, 0.1409],
        [0.1489, 0.1382, 0.1471, 0.1437, 0.1425, 0.1405, 0.1390],
        [0.1429, 0.1429, 0.1429, 0.1429, 0.1429, 0.1429, 0.1429],
        [0.1429, 0.1429, 0.1429, 0.1429, 0.1429, 0.1429, 0.1429],
        [0.1428, 0.1429, 0.1429, 0.1429, 0.1429, 0.1429, 0.1429],
        [0.1428, 0.1428, 0.1429, 0.1429, 0.1429, 0.1429, 0.1429],
        [0.1426, 0.1429, 0.1429, 0.1429, 0.1429, 0.1429, 0.1429],
        [0.1428, 0.1429, 0.1429, 0.1429, 0.1429, 0.1429, 0.1429],
        [0.1426, 0.1429, 0.1429, 0.1429, 0.1429, 0.1429, 0.1429],
        [0.1428, 0.1429, 0.1429, 0.1429, 0.1429, 0.1429, 0.1429],
        [0.1457, 0.1443, 0.1444, 0.1429, 0.1419, 0.1409, 0.1400],
        [0.1428, 0.1429, 0.1429, 0.1429, 0.1429, 0.1429, 0.1429],
        [0.1426, 0.1429, 0.1429, 0.1429, 0.1429, 0.1429, 0.1429],
        [0.1429, 0.1429, 0.1429, 0.1429, 0.1429, 0.1429, 0.1429],
        [0.1428, 0.1429, 0.1429, 0.1429, 0.1429, 0.1429, 0.1429],
        [0.1427, 0.1429, 0.1429, 0.1429, 0.1429, 0.1429, 0.1429],
        [0.1428, 0.1429, 0.1429, 0.1429, 0.1429, 0.1429, 0.1429],
        [0.1420, 0.1428, 0.1430, 0.1430, 0.1430, 0.1431, 0.1431],
        [0.1428, 0.1429, 0.1429, 0.1429, 0.1429, 0.1429, 0.1429],
        [0.1427, 0.1429, 0.1429, 0.1429, 0.1429, 0.1429, 0.1429],
        [0.1425, 0.1429, 0.1429, 0.1429, 0.1429, 0.1429, 0.1429],
        [0.1428, 0.1428, 0.1429, 0.1429, 0.1429, 0.1429, 0.1429],
        [0.1414, 0.1429, 0.1431, 0.1431, 0.1431, 0.1432, 0.1432],
        [0.1428, 0.1429, 0.1429, 0.1429, 0.1429, 0.1429, 0.1429],
        [0.1428, 0.1429, 0.1429, 0.1429, 0.1429, 0.1429, 0.1429],
        [0.1418, 0.1429, 0.1430, 0.1430, 0.1431, 0.1431, 0.1431],
        [0.1395, 0.1430, 0.1434, 0.1435, 0.1435, 0.1435, 0.1436],
        [0.1427, 0.1429, 0.1429, 0.1429, 0.1429, 0.1429, 0.1429],
        [0.1428, 0.1429, 0.1429, 0.1429, 0.1429, 0.1429, 0.1429],
        [0.1421, 0.1429, 0.1430, 0.1430, 0.1430, 0.1430, 0.1430],
        [0.1416, 0.1429, 0.1431, 0.1431, 0.1431, 0.1431, 0.1431],
        [0.1427, 0.1427, 0.1428, 0.1429, 0.1429, 0.1430, 0.1430],
        [0.1428, 0.1429, 0.1429, 0.1429, 0.1429, 0.1429, 0.1429],
        [0.1422, 0.1429, 0.1430, 0.1430, 0.1430, 0.1430, 0.1430],
        [0.1428, 0.1429, 0.1429, 0.1429, 0.1429, 0.1429, 0.1429],
        [0.1429, 0.1429, 0.1428, 0.1428, 0.1428, 0.1428, 0.1428],
        [0.1428, 0.1429, 0.1429, 0.1429, 0.1429, 0.1429, 0.1429],
        [0.1428, 0.1429, 0.1429, 0.1429, 0.1429, 0.1429, 0.1429],
        [0.1426, 0.1429, 0.1429, 0.1429, 0.1429, 0.1429, 0.1429],
        [0.1428, 0.1429, 0.1429, 0.1429, 0.1429, 0.1429, 0.1429],
        [0.1427, 0.1429, 0.1429, 0.1429, 0.1429, 0.1429, 0.1429],
        [0.1402, 0.1430, 0.1432, 0.1433, 0.1434, 0.1434, 0.1435],
        [0.1424, 0.1429, 0.1429, 0.1430, 0.1429, 0.1429, 0.1429],
        [0.1428, 0.1429, 0.1429, 0.1429, 0.1429, 0.1429, 0.1429],
        [0.1416, 0.1430, 0.1430, 0.1431, 0.1431, 0.1431, 0.1431]],
       device='cuda:1')
perception attention:tensor([0.5122, 0.4878], device='cuda:1')
Test set results: loss= 1.1500 accuracy= 0.7100 F1_score= 0.5658
