# epoch	loss_train	acc_train	loss_val	acc_val	time	acc_test	f1_test
0001	2.9683	0.0289	5.5190	0.1980	0.0498s	5.1854	0.2190	0.0367
0
0002	5.5983	0.2079	7.2080	0.2000	0.0502s	6.7760	0.2150	0.0397
0
0003	7.1576	0.1816	4.1504	0.2100	0.0503s	4.0135	0.1930	0.1025
0
0004	4.0798	0.2053	2.6955	0.2020	0.0502s	2.6470	0.2010	0.1630
0
0005	2.6139	0.2500	2.4622	0.2900	0.0501s	2.4380	0.2940	0.1660
0
0006	2.3811	0.3105	2.3620	0.2440	0.0505s	2.3161	0.2570	0.1193
0
0007	2.3014	0.2921	2.1384	0.2980	0.0504s	2.0701	0.3010	0.1688
0
0008	2.0403	0.3763	1.9727	0.4580	0.0501s	1.8875	0.4960	0.3458
0
0009	1.8237	0.5079	1.8581	0.5160	0.0504s	1.7637	0.5390	0.3612
0
0010	1.7512	0.5132	1.6949	0.5640	0.0505s	1.5839	0.5800	0.3823
0
0011	1.5593	0.5658	1.6271	0.5480	0.0503s	1.5041	0.5820	0.3763
0
0012	1.4266	0.5658	1.6036	0.5680	0.0504s	1.4846	0.5940	0.4111
0
0013	1.3308	0.5789	1.5503	0.5700	0.0502s	1.4312	0.5860	0.4308
0
0014	1.2400	0.5974	1.5181	0.5800	0.0504s	1.3840	0.6350	0.4673
0
0015	1.1687	0.6395	1.5214	0.5760	0.0503s	1.3570	0.6180	0.4388
0
0016	1.1073	0.6447	1.4964	0.5820	0.0501s	1.3228	0.6400	0.4472
1
0017	1.0413	0.6711	1.5033	0.5980	0.0504s	1.3263	0.6400	0.4848
0
0018	0.9657	0.6974	1.5297	0.6020	0.0503s	1.3409	0.6500	0.4952
0
0019	0.9340	0.6895	1.4221	0.6060	0.0501s	1.2400	0.6650	0.5023
0
0020	0.8529	0.7000	1.4041	0.6040	0.0502s	1.2379	0.6570	0.4962
0
0021	0.8156	0.7579	1.4026	0.6360	0.0502s	1.2538	0.6580	0.5256
0
0022	0.7541	0.7605	1.4352	0.6280	0.0503s	1.3000	0.6560	0.5147
0
0023	0.7362	0.7763	1.3736	0.6340	0.0503s	1.2519	0.6660	0.5454
1
0024	0.6717	0.7921	1.3936	0.6420	0.0503s	1.2559	0.6620	0.5164
0
0025	0.6513	0.7921	1.3436	0.6500	0.0503s	1.2030	0.6850	0.5554
0
0026	0.6334	0.8184	1.3281	0.6800	0.0505s	1.1852	0.7000	0.5768
0
0027	0.5923	0.8132	1.3576	0.6760	0.0520s	1.2119	0.6900	0.5696
0
0028	0.5533	0.8289	1.4078	0.6540	0.0504s	1.2558	0.6700	0.5373
1
0029	0.5136	0.8474	1.4579	0.6500	0.0503s	1.3095	0.6640	0.5516
2
0030	0.5058	0.8553	1.4112	0.6780	0.0503s	1.2858	0.6750	0.5601
3
0031	0.4855	0.8632	1.3455	0.6940	0.0504s	1.2260	0.6950	0.5682
4
0032	0.4442	0.8868	1.3254	0.6820	0.0501s	1.2246	0.6940	0.5672
0
0033	0.4274	0.8947	1.3726	0.6880	0.0503s	1.2730	0.6730	0.5661
0
0034	0.4034	0.9000	1.4121	0.6740	0.0503s	1.3211	0.6690	0.5704
1
0035	0.3972	0.8868	1.3399	0.6960	0.0502s	1.2489	0.6930	0.5573
2
0036	0.3776	0.9105	1.3521	0.6900	0.0503s	1.2413	0.6990	0.5682
0
0037	0.3482	0.9184	1.3746	0.7040	0.0501s	1.2494	0.6950	0.5609
1
0038	0.3330	0.9158	1.3472	0.7160	0.0503s	1.2380	0.6940	0.5795
0
0039	0.3116	0.9316	1.3218	0.7060	0.0502s	1.2287	0.7040	0.5868
0
0040	0.3112	0.9237	1.3291	0.6980	0.0500s	1.2295	0.6970	0.5741
0
0041	0.3102	0.9237	1.4548	0.6840	0.0502s	1.3198	0.6860	0.5806
1
0042	0.3007	0.9368	1.4013	0.6980	0.0503s	1.2936	0.6920	0.5719
2
0043	0.2704	0.9474	1.3918	0.6980	0.0501s	1.2868	0.6970	0.5759
3
0044	0.3044	0.9000	1.4614	0.6820	0.0503s	1.3337	0.6930	0.5701
4
0045	0.2617	0.9421	1.4856	0.6780	0.0501s	1.3648	0.6850	0.5624
5
0046	0.2913	0.9342	1.3583	0.6980	0.0501s	1.2722	0.7100	0.5833
6
0047	0.2428	0.9553	1.3982	0.7000	0.0504s	1.3171	0.6980	0.5886
7
0048	0.2754	0.9342	1.4158	0.6880	0.0501s	1.3098	0.6990	0.5912
8
0049	0.2579	0.9421	1.4773	0.6840	0.0503s	1.3682	0.6860	0.5654
9
0050	0.2635	0.9368	1.4055	0.6980	0.0507s	1.3102	0.7060	0.5733
10
0051	0.2643	0.9263	1.3986	0.7060	0.0500s	1.3000	0.7000	0.5750
11
0052	0.2366	0.9474	1.4966	0.6880	0.0504s	1.3870	0.6870	0.5823
12
0053	0.2481	0.9368	1.4219	0.7020	0.0503s	1.3118	0.7030	0.5752
13
0054	0.2307	0.9605	1.4638	0.6940	0.0504s	1.3336	0.6930	0.5672
14
0055	0.2449	0.9368	1.4461	0.6920	0.0502s	1.3086	0.6910	0.5743
15
0056	0.2153	0.9526	1.4029	0.7060	0.0503s	1.2785	0.6950	0.5797
16
0057	0.2277	0.9447	1.3692	0.6960	0.0502s	1.2649	0.7000	0.5755
17
0058	0.2253	0.9526	1.3719	0.7020	0.0507s	1.2671	0.6990	0.5669
18
0059	0.2348	0.9421	1.4439	0.6980	0.0503s	1.3416	0.6880	0.5751
19
0060	0.2005	0.9658	1.4664	0.6900	0.0503s	1.3525	0.6920	0.5638
20
0061	0.2431	0.9553	1.4092	0.7040	0.0502s	1.2862	0.6950	0.5648
21
0062	0.2081	0.9605	1.4504	0.6940	0.0500s	1.3249	0.6950	0.5631
22
0063	0.2368	0.9474	1.3571	0.7020	0.0502s	1.2515	0.6980	0.5620
23
0064	0.2021	0.9711	1.3311	0.7080	0.0502s	1.2392	0.7020	0.5680
24
0065	0.2061	0.9658	1.3372	0.7080	0.0503s	1.2554	0.7000	0.5682
25
0066	0.2302	0.9421	1.3698	0.7120	0.0502s	1.2770	0.6960	0.5755
26
0067	0.2044	0.9579	1.4038	0.7060	0.0501s	1.3004	0.6940	0.5780
27
0068	0.2226	0.9579	1.3499	0.7040	0.0504s	1.2490	0.7050	0.5783
28
0069	0.2190	0.9500	1.3821	0.7040	0.0503s	1.2791	0.7010	0.5813
29
0070	0.1922	0.9632	1.4480	0.6960	0.0505s	1.3416	0.6930	0.5726
30
0071	0.2239	0.9526	1.4053	0.7100	0.0504s	1.3075	0.6990	0.5732
31
0072	0.2021	0.9553	1.3676	0.7020	0.0505s	1.2814	0.7100	0.5743
32
0073	0.2354	0.9553	1.4256	0.7040	0.0504s	1.3384	0.6860	0.5667
33
0074	0.2243	0.9474	1.4313	0.7080	0.0503s	1.3501	0.6840	0.5528
34
0075	0.2068	0.9579	1.2899	0.7160	0.0503s	1.2241	0.7080	0.5778
35
0076	0.1942	0.9658	1.3252	0.7080	0.0504s	1.2790	0.7020	0.5757
0
0077	0.2266	0.9632	1.3518	0.7080	0.0502s	1.2718	0.6990	0.5690
1
0078	0.2085	0.9632	1.4033	0.7080	0.0503s	1.3089	0.6970	0.5822
2
0079	0.2062	0.9658	1.3878	0.7100	0.0500s	1.2974	0.6960	0.5789
3
0080	0.2000	0.9658	1.3977	0.6980	0.0504s	1.2997	0.7090	0.5881
4
0081	0.2049	0.9737	1.3203	0.7180	0.0503s	1.2360	0.7060	0.5810
5
0082	0.2029	0.9632	1.3172	0.7180	0.0529s	1.2259	0.6990	0.5788
0
0083	0.2005	0.9553	1.3140	0.7180	0.0532s	1.2263	0.7060	0.5811
0
0084	0.2053	0.9658	1.4026	0.7020	0.0520s	1.2958	0.7010	0.5814
0
0085	0.2127	0.9579	1.3501	0.6980	0.0515s	1.2564	0.7110	0.5796
1
0086	0.1948	0.9579	1.3094	0.7200	0.0515s	1.2384	0.7110	0.5749
2
0087	0.2324	0.9632	1.5181	0.6800	0.0504s	1.4187	0.6740	0.5674
0
0088	0.2410	0.9316	1.4096	0.7060	0.0501s	1.3132	0.6960	0.5841
1
0089	0.1977	0.9658	1.4499	0.6940	0.0502s	1.3272	0.7030	0.5741
2
0090	0.1990	0.9763	1.4359	0.6820	0.0501s	1.3067	0.6950	0.5713
3
0091	0.2056	0.9474	1.3202	0.7120	0.0506s	1.1934	0.7080	0.5825
4
0092	0.1950	0.9658	1.3848	0.6980	0.0504s	1.2761	0.6990	0.5822
5
0093	0.2232	0.9474	1.3706	0.7080	0.0503s	1.2800	0.6940	0.5810
6
0094	0.1869	0.9737	1.4350	0.6960	0.0502s	1.3267	0.6970	0.5896
7
0095	0.2163	0.9526	1.3762	0.7120	0.0503s	1.2718	0.6910	0.5781
8
0096	0.1844	0.9711	1.3590	0.7080	0.0503s	1.2474	0.6930	0.5632
9
0097	0.1853	0.9658	1.3366	0.6980	0.0503s	1.2039	0.6980	0.5713
10
0098	0.1713	0.9711	1.3309	0.7060	0.0501s	1.1971	0.7240	0.5896
11
0099	0.1826	0.9711	1.3338	0.7100	0.0505s	1.2004	0.7220	0.5956
12
0100	0.1863	0.9658	1.3466	0.7180	0.0501s	1.2125	0.7080	0.5716
13
0101	0.2022	0.9605	1.3987	0.7120	0.0503s	1.2677	0.6960	0.5585
14
0102	0.1931	0.9579	1.3960	0.7120	0.0502s	1.2657	0.6900	0.5682
15
0103	0.1864	0.9632	1.4313	0.6960	0.0503s	1.2975	0.7040	0.5776
16
0104	0.2110	0.9711	1.3292	0.7100	0.0503s	1.2091	0.7150	0.5845
17
0105	0.2058	0.9632	1.4610	0.6960	0.0504s	1.3054	0.6890	0.5780
18
0106	0.2019	0.9658	1.4415	0.6980	0.0503s	1.3004	0.6980	0.5926
19
0107	0.2200	0.9579	1.4147	0.6960	0.0504s	1.2894	0.7030	0.5811
20
0108	0.1965	0.9579	1.4511	0.6760	0.0502s	1.3312	0.7010	0.5758
21
0109	0.2326	0.9447	1.4396	0.7100	0.0506s	1.3060	0.6920	0.5730
22
0110	0.1935	0.9605	1.4630	0.7020	0.0504s	1.3144	0.6970	0.5724
23
0111	0.1998	0.9632	1.4236	0.7100	0.0509s	1.2865	0.6940	0.5694
24
0112	0.1769	0.9737	1.5018	0.6760	0.0505s	1.3541	0.6960	0.5869
25
0113	0.2160	0.9447	1.3216	0.6920	0.0503s	1.2209	0.7040	0.5605
26
0114	0.2232	0.9553	1.4746	0.6860	0.0503s	1.3550	0.6800	0.5598
27
0115	0.2154	0.9553	1.6056	0.6920	0.0502s	1.4598	0.6820	0.5786
28
0116	0.2061	0.9526	1.5153	0.6920	0.0502s	1.3590	0.6960	0.5794
29
0117	0.2086	0.9553	1.2586	0.7120	0.0503s	1.1537	0.7280	0.5861
30
0118	0.2005	0.9632	1.3118	0.7060	0.0502s	1.2050	0.7000	0.5718
0
0119	0.2277	0.9447	1.4497	0.6920	0.0502s	1.3187	0.6790	0.5764
1
0120	0.1882	0.9474	1.4217	0.6860	0.0501s	1.2934	0.7070	0.5961
2
0121	0.1959	0.9605	1.3454	0.7080	0.0504s	1.2220	0.7030	0.5815
3
0122	0.2090	0.9658	1.3440	0.7100	0.0503s	1.1914	0.7060	0.5820
4
0123	0.1656	0.9684	1.4236	0.7000	0.0503s	1.2697	0.6910	0.5741
5
0124	0.1962	0.9526	1.3175	0.7100	0.0507s	1.1890	0.7060	0.5786
6
0125	0.1992	0.9711	1.3557	0.7020	0.0503s	1.2521	0.7160	0.5851
7
0126	0.2016	0.9553	1.4864	0.6900	0.0501s	1.3621	0.6920	0.5816
8
0127	0.1811	0.9684	1.4827	0.7160	0.0503s	1.3639	0.6770	0.5966
9
0128	0.2023	0.9658	1.3918	0.7080	0.0504s	1.2700	0.6860	0.5651
10
0129	0.1840	0.9711	1.2808	0.7040	0.0503s	1.1733	0.7130	0.5733
11
0130	0.1669	0.9711	1.3214	0.6980	0.0505s	1.2325	0.7100	0.5756
12
0131	0.2305	0.9605	1.4374	0.6900	0.0502s	1.3126	0.6940	0.5752
13
0132	0.1840	0.9605	1.4451	0.7120	0.0502s	1.3257	0.6770	0.5653
14
0133	0.1816	0.9579	1.4033	0.7060	0.0501s	1.2874	0.6880	0.5686
15
0134	0.1954	0.9526	1.3603	0.7100	0.0502s	1.2542	0.7020	0.5740
16
0135	0.1789	0.9658	1.4227	0.6820	0.0502s	1.2949	0.7020	0.5785
17
0136	0.1921	0.9526	1.4477	0.6820	0.0505s	1.3093	0.6990	0.5787
18
0137	0.1732	0.9579	1.3592	0.7140	0.0502s	1.2586	0.6890	0.5798
19
0138	0.1893	0.9737	1.3502	0.7080	0.0505s	1.2515	0.6950	0.5673
20
0139	0.1657	0.9658	1.3809	0.7240	0.0503s	1.2543	0.6950	0.5603
21
0140	0.1760	0.9789	1.5027	0.6980	0.0504s	1.3554	0.7020	0.5693
0
0141	0.1658	0.9605	1.5143	0.6940	0.0503s	1.3700	0.6910	0.5821
1
0142	0.1760	0.9711	1.4232	0.7020	0.0503s	1.2876	0.6960	0.5850
2
0143	0.2106	0.9263	1.3482	0.7060	0.0504s	1.2062	0.7010	0.5870
3
0144	0.1742	0.9763	1.4178	0.6820	0.0507s	1.2654	0.7060	0.5897
4
0145	0.2018	0.9658	1.3624	0.7060	0.0504s	1.2510	0.7110	0.5803
5
0146	0.1908	0.9605	1.4822	0.7060	0.0504s	1.3635	0.6910	0.5713
6
0147	0.2009	0.9605	1.5286	0.6940	0.0505s	1.3621	0.6850	0.5612
7
0148	0.1687	0.9789	1.4607	0.6960	0.0505s	1.2929	0.6880	0.5612
8
0149	0.1729	0.9711	1.3641	0.7060	0.0504s	1.2151	0.7050	0.5701
9
0150	0.1775	0.9605	1.3443	0.7060	0.0504s	1.2101	0.7110	0.5786
10
0151	0.1589	0.9763	1.3969	0.6980	0.0504s	1.2892	0.7000	0.5839
11
0152	0.1677	0.9684	1.3456	0.7100	0.0505s	1.2571	0.7070	0.5834
12
0153	0.1824	0.9658	1.2720	0.7020	0.0502s	1.1706	0.7170	0.5806
13
0154	0.1523	0.9842	1.3836	0.6800	0.0505s	1.2533	0.6960	0.5693
14
0155	0.1690	0.9763	1.4940	0.6820	0.0503s	1.3238	0.6930	0.5741
15
0156	0.2244	0.9474	1.4881	0.6940	0.0504s	1.3400	0.7010	0.5784
16
0157	0.1999	0.9526	1.5475	0.6800	0.0501s	1.4224	0.6830	0.5675
17
0158	0.2161	0.9395	1.3880	0.6980	0.0504s	1.2690	0.7050	0.5800
18
0159	0.1663	0.9684	1.5755	0.6680	0.0503s	1.4211	0.6910	0.5661
19
0160	0.2511	0.9237	1.4181	0.7060	0.0502s	1.2966	0.6850	0.5650
20
0161	0.1876	0.9658	1.4562	0.6900	0.0501s	1.3295	0.6870	0.5602
21
0162	0.2122	0.9500	1.3939	0.6920	0.0508s	1.2693	0.6940	0.5715
22
0163	0.1780	0.9553	1.4282	0.6820	0.0505s	1.2991	0.6990	0.5778
23
0164	0.1926	0.9632	1.4662	0.6780	0.0503s	1.3135	0.7000	0.5746
24
0165	0.1812	0.9553	1.4523	0.7080	0.0502s	1.2777	0.7030	0.5704
25
0166	0.1591	0.9816	1.4448	0.7060	0.0502s	1.2795	0.6890	0.5748
26
0167	0.1604	0.9842	1.4395	0.7080	0.0503s	1.2949	0.6930	0.5788
27
0168	0.1651	0.9684	1.3765	0.7160	0.0504s	1.2417	0.6930	0.5785
28
0169	0.1673	0.9763	1.3056	0.7100	0.0500s	1.1826	0.7140	0.5900
29
0170	0.1877	0.9553	1.3701	0.7020	0.0509s	1.2271	0.7060	0.5841
30
0171	0.1626	0.9605	1.4816	0.7000	0.0502s	1.3201	0.6970	0.5694
31
0172	0.1959	0.9605	1.4550	0.7080	0.0507s	1.3065	0.6810	0.5509
32
0173	0.1725	0.9711	1.4724	0.6980	0.0502s	1.3350	0.6810	0.5476
33
0174	0.1715	0.9632	1.4414	0.7040	0.0506s	1.3146	0.6870	0.5630
34
0175	0.1826	0.9737	1.4040	0.7080	0.0503s	1.2552	0.7090	0.5816
35
0176	0.1566	0.9605	1.4802	0.6860	0.0504s	1.2968	0.7090	0.5885
36
0177	0.2090	0.9605	1.3643	0.7100	0.0503s	1.1991	0.7120	0.5929
37
0178	0.1493	0.9789	1.2897	0.7220	0.0504s	1.1574	0.7120	0.5866
38
0179	0.1628	0.9632	1.3347	0.7120	0.0502s	1.2211	0.7020	0.5792
39
0180	0.1587	0.9763	1.3777	0.7200	0.0507s	1.2772	0.6960	0.5694
40
0181	0.1617	0.9684	1.4628	0.7000	0.0505s	1.3444	0.6930	0.5606
41
0182	0.1558	0.9711	1.4735	0.6780	0.0508s	1.3575	0.7050	0.5656
42
0183	0.1907	0.9500	1.4048	0.7120	0.0503s	1.2853	0.6990	0.5683
43
0184	0.1730	0.9632	1.4172	0.7120	0.0518s	1.3010	0.6870	0.5702
44
0185	0.1741	0.9605	1.3828	0.7160	0.0504s	1.2752	0.6910	0.5702
45
0186	0.1834	0.9553	1.3218	0.7160	0.0505s	1.2138	0.7050	0.5752
46
0187	0.1403	0.9816	1.3979	0.6920	0.0504s	1.2706	0.7070	0.5757
47
0188	0.1652	0.9684	1.4704	0.6960	0.0505s	1.3180	0.7020	0.5908
48
0189	0.1688	0.9658	1.4533	0.7120	0.0503s	1.3276	0.7040	0.5743
49
0190	0.1902	0.9658	1.3660	0.7140	0.0503s	1.2545	0.7100	0.5794
50
0191	0.1678	0.9737	1.3838	0.7100	0.0507s	1.2775	0.6980	0.5765
51
0192	0.1766	0.9816	1.4705	0.6940	0.0502s	1.3517	0.6890	0.5711
52
0193	0.1552	0.9842	1.4948	0.6960	0.0502s	1.3534	0.6920	0.5752
53
0194	0.1452	0.9842	1.4459	0.7160	0.0504s	1.2915	0.7070	0.5759
54
0195	0.1647	0.9816	1.4553	0.7140	0.0502s	1.2894	0.6990	0.5811
55
0196	0.1657	0.9684	1.3801	0.7100	0.0504s	1.2438	0.7020	0.5777
56
0197	0.1570	0.9868	1.4903	0.6900	0.0502s	1.3568	0.6790	0.5583
57
0198	0.1863	0.9711	1.5106	0.6920	0.0505s	1.3676	0.6790	0.5598
58
0199	0.1716	0.9684	1.5008	0.7040	0.0503s	1.3150	0.6950	0.5714
59
0200	0.1618	0.9763	1.5169	0.7040	0.0502s	1.3065	0.6910	0.5547
60
0201	0.1699	0.9684	1.4064	0.7000	0.0505s	1.2173	0.7110	0.5816
61
0202	0.1602	0.9711	1.4110	0.6960	0.0504s	1.2402	0.6950	0.5782
62
0203	0.1727	0.9789	1.4074	0.7020	0.0503s	1.2593	0.6910	0.5719
63
0204	0.1610	0.9816	1.4470	0.6980	0.0504s	1.3102	0.6880	0.5662
64
0205	0.1321	0.9816	1.4804	0.6920	0.0502s	1.3433	0.6960	0.5662
65
0206	0.1497	0.9684	1.4970	0.7000	0.0505s	1.3338	0.6990	0.5821
66
0207	0.1735	0.9605	1.4984	0.7000	0.0502s	1.3204	0.6950	0.5806
67
0208	0.1522	0.9789	1.3968	0.7100	0.0502s	1.2338	0.7040	0.5777
68
0209	0.1500	0.9789	1.3676	0.7000	0.0503s	1.2259	0.7150	0.5866
69
0210	0.1944	0.9658	1.4484	0.6980	0.0505s	1.2960	0.6860	0.5764
70
0211	0.1664	0.9605	1.5034	0.6840	0.0503s	1.3501	0.6800	0.5668
71
0212	0.1924	0.9684	1.4153	0.7140	0.0502s	1.3017	0.6960	0.5759
72
0213	0.1635	0.9684	1.3879	0.7040	0.0503s	1.2816	0.7070	0.5854
73
0214	0.2212	0.9289	1.3616	0.7080	0.0503s	1.2268	0.7030	0.5822
74
0215	0.1867	0.9632	1.4744	0.6860	0.0502s	1.3342	0.6810	0.5806
75
0216	0.1635	0.9632	1.3979	0.7020	0.0502s	1.2765	0.6910	0.5725
76
0217	0.1578	0.9658	1.3423	0.6980	0.0505s	1.2234	0.6980	0.5650
77
0218	0.1435	0.9816	1.4612	0.6980	0.0503s	1.3173	0.6850	0.5602
78
0219	0.1654	0.9658	1.5100	0.7020	0.0504s	1.3569	0.6810	0.5541
79
0220	0.1765	0.9684	1.4836	0.6900	0.0501s	1.3260	0.6910	0.5630
80
0221	0.1586	0.9711	1.3874	0.7040	0.0504s	1.2294	0.7030	0.5691
81
0222	0.1460	0.9763	1.3557	0.7080	0.0505s	1.2033	0.7070	0.5734
82
0223	0.1403	0.9816	1.3574	0.6960	0.0506s	1.2074	0.6970	0.5688
83
0224	0.1648	0.9711	1.4639	0.7020	0.0503s	1.3021	0.6900	0.5671
84
0225	0.1543	0.9684	1.5349	0.7020	0.0505s	1.3796	0.6830	0.5673
85
0226	0.1673	0.9684	1.4702	0.7040	0.0502s	1.3182	0.6920	0.5673
86
0227	0.1331	0.9763	1.3960	0.7160	0.0503s	1.2559	0.7060	0.5728
87
0228	0.1280	0.9842	1.3985	0.6980	0.0503s	1.2599	0.6980	0.5619
88
0229	0.1717	0.9658	1.4980	0.6800	0.0508s	1.3710	0.6860	0.5484
89
0230	0.1680	0.9737	1.5064	0.6900	0.0503s	1.3835	0.6850	0.5515
90
0231	0.1687	0.9763	1.3905	0.7040	0.0505s	1.2771	0.7080	0.5687
91
0232	0.1307	0.9763	1.3986	0.6960	0.0502s	1.2829	0.7120	0.5885
92
0233	0.1635	0.9684	1.4735	0.7100	0.0502s	1.3209	0.6970	0.5776
93
0234	0.1281	0.9895	1.5701	0.6860	0.0503s	1.3887	0.6890	0.5667
94
0235	0.1492	0.9737	1.5818	0.6860	0.0503s	1.4029	0.6780	0.5691
95
0236	0.1667	0.9684	1.4197	0.7060	0.0501s	1.2655	0.7020	0.5690
96
0237	0.1557	0.9711	1.3395	0.6920	0.0505s	1.1895	0.7160	0.5768
97
0238	0.1589	0.9658	1.3642	0.7000	0.0502s	1.2131	0.7250	0.5933
98
0239	0.1766	0.9737	1.6012	0.6900	0.0503s	1.4350	0.6900	0.5983
99
0240	0.1870	0.9421	1.4922	0.7040	0.0504s	1.3393	0.6930	0.5750
100
0241	0.1647	0.9737	1.4515	0.7020	0.0506s	1.2858	0.6930	0.5630
101
0242	0.1559	0.9711	1.5324	0.6840	0.0502s	1.3300	0.6870	0.5541
102
0243	0.2227	0.9553	1.6515	0.6760	0.0502s	1.4312	0.6820	0.5608
103
0244	0.1504	0.9947	1.6337	0.6840	0.0502s	1.4300	0.7000	0.5824
104
0245	0.1609	0.9684	1.4501	0.6960	0.0504s	1.2481	0.7150	0.5926
105
0246	0.1641	0.9816	1.3715	0.7100	0.0502s	1.1856	0.7210	0.5927
106
0247	0.1504	0.9684	1.4004	0.7000	0.0503s	1.2451	0.6990	0.5700
107
0248	0.1640	0.9684	1.5471	0.6900	0.0503s	1.4060	0.6800	0.5702
108
0249	0.1834	0.9711	1.4918	0.7100	0.0503s	1.3401	0.6880	0.5787
109
0250	0.1254	0.9895	1.4423	0.7220	0.0503s	1.2570	0.6950	0.5618
110
0251	0.1487	0.9711	1.4621	0.7060	0.0502s	1.2613	0.7060	0.5695
111
0252	0.1515	0.9789	1.4413	0.7040	0.0502s	1.2579	0.6980	0.5732
112
0253	0.1569	0.9737	1.4572	0.7000	0.0501s	1.2818	0.7000	0.5798
113
0254	0.1218	0.9921	1.5214	0.6800	0.0500s	1.3693	0.6870	0.5645
114
0255	0.1344	0.9789	1.4399	0.6940	0.0504s	1.2986	0.6990	0.5680
115
0256	0.1615	0.9737	1.3553	0.7160	0.0502s	1.2126	0.7020	0.5801
116
0257	0.1331	0.9868	1.3618	0.7160	0.0503s	1.2179	0.7120	0.5885
117
0258	0.1431	0.9816	1.4277	0.7140	0.0503s	1.2766	0.6970	0.5761
118
0259	0.1762	0.9711	1.5468	0.7040	0.0502s	1.3767	0.6860	0.5659
119
0260	0.1408	0.9816	1.6526	0.6800	0.0503s	1.4719	0.6820	0.5672
120
0261	0.1646	0.9763	1.5343	0.6900	0.0591s	1.3516	0.6820	0.5493
121
0262	0.1653	0.9763	1.4507	0.6900	0.0539s	1.2785	0.7080	0.5633
122
0263	0.1734	0.9632	1.3577	0.7100	0.0512s	1.2026	0.7090	0.5798
123
0264	0.1228	0.9816	1.5183	0.6920	0.0503s	1.3554	0.7040	0.6010
124
0265	0.1500	0.9737	1.5663	0.6960	0.0504s	1.4082	0.6970	0.5917
125
0266	0.1635	0.9605	1.5342	0.7040	0.0504s	1.3726	0.6950	0.5865
126
0267	0.1653	0.9711	1.4669	0.7140	0.0502s	1.2944	0.6930	0.5648
127
0268	0.1445	0.9763	1.4614	0.7020	0.0507s	1.2928	0.6840	0.5554
128
0269	0.1660	0.9737	1.4258	0.7000	0.0502s	1.2524	0.6940	0.5718
129
0270	0.1307	0.9789	1.5695	0.6800	0.0506s	1.3787	0.6930	0.5772
130
0271	0.1718	0.9632	1.5104	0.7020	0.0502s	1.3525	0.6890	0.5924
131
0272	0.1321	0.9842	1.4565	0.7080	0.0502s	1.3045	0.7010	0.5896
132
0273	0.1353	0.9895	1.4082	0.7160	0.0503s	1.2514	0.7070	0.5725
133
0274	0.1550	0.9605	1.4087	0.7100	0.0503s	1.2585	0.6920	0.5656
134
0275	0.1453	0.9737	1.4846	0.7060	0.0508s	1.3266	0.6880	0.5637
135
0276	0.1347	0.9868	1.5344	0.7020	0.0505s	1.3916	0.6870	0.5738
136
0277	0.1307	0.9842	1.4760	0.7060	0.0501s	1.3280	0.6970	0.5778
137
0278	0.1561	0.9737	1.3861	0.7060	0.0508s	1.2101	0.7230	0.5864
138
0279	0.1402	0.9789	1.4439	0.7040	0.0540s	1.2383	0.7170	0.5788
139
0280	0.1640	0.9816	1.3881	0.7060	0.0522s	1.2297	0.7060	0.5742
140
0281	0.1437	0.9816	1.4789	0.6940	0.0517s	1.3517	0.6900	0.5664
141
0282	0.1605	0.9789	1.5376	0.6960	0.0525s	1.3973	0.6970	0.5835
142
0283	0.1569	0.9684	1.5310	0.6900	0.0537s	1.3374	0.6980	0.5781
143
0284	0.1301	0.9842	1.5351	0.6920	0.0515s	1.3156	0.7080	0.5819
144
0285	0.1509	0.9711	1.4367	0.7040	0.0503s	1.2317	0.7140	0.5855
145
0286	0.1466	0.9658	1.3880	0.7080	0.0503s	1.2163	0.7050	0.5819
146
0287	0.1365	0.9895	1.4735	0.6940	0.0504s	1.3110	0.6910	0.5779
147
0288	0.1450	0.9737	1.5631	0.6860	0.0502s	1.3861	0.6900	0.5800
148
0289	0.1348	0.9789	1.4880	0.7020	0.0503s	1.3339	0.6950	0.5752
149
0290	0.1406	0.9816	1.5301	0.7000	0.0504s	1.3435	0.6900	0.5675
150
0291	0.1580	0.9684	1.4687	0.7060	0.0501s	1.2706	0.7050	0.5754
151
0292	0.1354	0.9816	1.5254	0.6900	0.0501s	1.3095	0.6890	0.5609
152
0293	0.1419	0.9763	1.4666	0.6860	0.0504s	1.2631	0.6980	0.5653
153
0294	0.1610	0.9658	1.3811	0.7000	0.0509s	1.2191	0.7020	0.5739
154
0295	0.1381	0.9789	1.4425	0.6960	0.0502s	1.2783	0.7060	0.5830
155
0296	0.1683	0.9579	1.5074	0.7060	0.0502s	1.3268	0.6910	0.5622
156
0297	0.1393	0.9816	1.4826	0.6960	0.0504s	1.3095	0.6970	0.5839
157
0298	0.1436	0.9763	1.4036	0.7100	0.0502s	1.2498	0.7110	0.5806
158
0299	0.1465	0.9895	1.4458	0.7000	0.0503s	1.3002	0.7030	0.5802
159
0300	0.1344	0.9816	1.4951	0.7000	0.0504s	1.3317	0.6950	0.5771
160
0301	0.1345	0.9763	1.5196	0.7020	0.0502s	1.3307	0.6930	0.5732
161
0302	0.1536	0.9763	1.5378	0.6980	0.0502s	1.3489	0.6910	0.5739
162
0303	0.1461	0.9763	1.4348	0.7000	0.0503s	1.2618	0.7040	0.5840
163
0304	0.1304	0.9711	1.3710	0.7040	0.0505s	1.2362	0.7120	0.5922
164
0305	0.1640	0.9737	1.4026	0.7020	0.0504s	1.2834	0.6950	0.5800
165
0306	0.1659	0.9632	1.4521	0.7080	0.0502s	1.2758	0.6980	0.5667
166
0307	0.1212	0.9842	1.5692	0.6940	0.0500s	1.3727	0.6850	0.5591
167
0308	0.1550	0.9711	1.3770	0.7100	0.0503s	1.2306	0.7140	0.5837
168
0309	0.1338	0.9816	1.4169	0.6980	0.0504s	1.3056	0.6930	0.5689
169
0310	0.1627	0.9658	1.4687	0.7000	0.0501s	1.3404	0.6860	0.5665
170
0311	0.1709	0.9605	1.5358	0.6900	0.0503s	1.3600	0.6850	0.5962
171
0312	0.1478	0.9789	1.4827	0.6920	0.0503s	1.3097	0.6900	0.5816
172
0313	0.1550	0.9711	1.4889	0.6840	0.0502s	1.3101	0.6930	0.5642
173
0314	0.1833	0.9605	1.5006	0.6860	0.0503s	1.3128	0.6860	0.5695
174
0315	0.1556	0.9789	1.5360	0.6840	0.0505s	1.3723	0.6850	0.5781
175
0316	0.1505	0.9684	1.4804	0.6800	0.0500s	1.3412	0.6870	0.5608
176
0317	0.1502	0.9789	1.3957	0.7000	0.0503s	1.2508	0.7080	0.5703
177
0318	0.1506	0.9684	1.4921	0.6880	0.0502s	1.2972	0.6900	0.5676
178
0319	0.1459	0.9789	1.7108	0.6800	0.0505s	1.4840	0.6730	0.5642
179
0320	0.1614	0.9579	1.5721	0.6820	0.0503s	1.3913	0.6810	0.5661
180
0321	0.1604	0.9658	1.4256	0.6960	0.0502s	1.2685	0.6940	0.5768
181
0322	0.1238	0.9842	1.3525	0.7020	0.0505s	1.2128	0.7110	0.5812
182
0323	0.1306	0.9868	1.3897	0.7140	0.0502s	1.2636	0.6920	0.5683
183
0324	0.1371	0.9789	1.4944	0.6880	0.0502s	1.3621	0.6890	0.5785
184
0325	0.1575	0.9737	1.5478	0.6800	0.0505s	1.3719	0.6880	0.5686
185
0326	0.1451	0.9816	1.5110	0.6900	0.0504s	1.2888	0.6980	0.5726
186
0327	0.1477	0.9789	1.4498	0.7060	0.0502s	1.2266	0.7150	0.5888
187
0328	0.1368	0.9737	1.4451	0.7000	0.0505s	1.2374	0.7100	0.5864
188
0329	0.1560	0.9684	1.4764	0.7000	0.0502s	1.2735	0.7050	0.5849
189
0330	0.1478	0.9789	1.5614	0.6960	0.0502s	1.3620	0.6870	0.5770
190
0331	0.1421	0.9658	1.4911	0.6940	0.0505s	1.3258	0.6910	0.5732
191
0332	0.1448	0.9684	1.4178	0.7100	0.0503s	1.2785	0.7050	0.5735
192
0333	0.1237	0.9868	1.3763	0.7020	0.0506s	1.2334	0.6960	0.5631
193
0334	0.1373	0.9737	1.3922	0.7040	0.0504s	1.2301	0.7070	0.5771
194
0335	0.1599	0.9658	1.4727	0.6880	0.0504s	1.2989	0.7040	0.5777
195
0336	0.1150	0.9842	1.5698	0.6940	0.0501s	1.3833	0.6920	0.5726
196
0337	0.1537	0.9737	1.5406	0.7060	0.0503s	1.3460	0.6920	0.5732
197
0338	0.1620	0.9553	1.4755	0.6980	0.0503s	1.2745	0.7010	0.5725
198
0339	0.1472	0.9763	1.3578	0.7080	0.0507s	1.1822	0.7090	0.5793
199
Early stop! Min loss:1.2585763931274414,  Max accuracy:0.724
Early stop model validation loss:1.2585763931274414,  accuracy:0.712
Optimization Finished!
Total time elapsed: 17.4438s
test max acc:0.7280
Loading 116th epoch
stru_node_to_hop attention:tensor([[0.2464, 0.2498, 0.2519, 0.2519],
        [0.2450, 0.2511, 0.2518, 0.2521],
        [0.2472, 0.2511, 0.2507, 0.2510],
        [0.2392, 0.2539, 0.2529, 0.2540],
        [0.2341, 0.2567, 0.2551, 0.2542],
        [0.2455, 0.2514, 0.2516, 0.2515],
        [0.2485, 0.2506, 0.2505, 0.2504],
        [0.2364, 0.2555, 0.2538, 0.2543],
        [0.2457, 0.2512, 0.2515, 0.2516],
        [0.2458, 0.2507, 0.2516, 0.2518],
        [0.2454, 0.2521, 0.2512, 0.2513],
        [0.2433, 0.2516, 0.2526, 0.2525],
        [0.2479, 0.2506, 0.2510, 0.2504],
        [0.1967, 0.2606, 0.2704, 0.2723],
        [0.2352, 0.2443, 0.2625, 0.2581],
        [0.2500, 0.2500, 0.2500, 0.2500],
        [0.2497, 0.2501, 0.2501, 0.2501],
        [0.2500, 0.2500, 0.2500, 0.2500],
        [0.2487, 0.2501, 0.2507, 0.2505],
        [0.2500, 0.2500, 0.2500, 0.2500],
        [0.2486, 0.2507, 0.2504, 0.2504],
        [0.2501, 0.2499, 0.2500, 0.2500],
        [0.2499, 0.2500, 0.2501, 0.2501],
        [0.2500, 0.2500, 0.2500, 0.2500],
        [0.2525, 0.2498, 0.2490, 0.2488],
        [0.2500, 0.2500, 0.2500, 0.2500],
        [0.2491, 0.2502, 0.2503, 0.2504],
        [0.2482, 0.2506, 0.2506, 0.2506],
        [0.2500, 0.2500, 0.2500, 0.2500],
        [0.2500, 0.2500, 0.2500, 0.2500],
        [0.2401, 0.2533, 0.2532, 0.2534],
        [0.2500, 0.2500, 0.2500, 0.2500],
        [0.2526, 0.2490, 0.2491, 0.2493],
        [0.2494, 0.2496, 0.2505, 0.2505],
        [0.2479, 0.2497, 0.2509, 0.2516],
        [0.2496, 0.2501, 0.2501, 0.2502],
        [0.2491, 0.2500, 0.2504, 0.2505],
        [0.2468, 0.2508, 0.2511, 0.2513],
        [0.2497, 0.2501, 0.2501, 0.2501],
        [0.2502, 0.2505, 0.2497, 0.2496],
        [0.2497, 0.2497, 0.2502, 0.2504],
        [0.2459, 0.2509, 0.2515, 0.2517],
        [0.2494, 0.2498, 0.2503, 0.2505],
        [0.2500, 0.2500, 0.2500, 0.2500],
        [0.2431, 0.2515, 0.2527, 0.2528],
        [0.1653, 0.3756, 0.2493, 0.2098],
        [0.2505, 0.2499, 0.2498, 0.2498],
        [0.2424, 0.2518, 0.2530, 0.2529],
        [0.2500, 0.2500, 0.2500, 0.2500],
        [0.3043, 0.2417, 0.2270, 0.2270],
        [0.2500, 0.2500, 0.2500, 0.2500],
        [0.2500, 0.2500, 0.2500, 0.2500],
        [0.2499, 0.2500, 0.2501, 0.2501],
        [0.2412, 0.2505, 0.2545, 0.2538],
        [0.2502, 0.2500, 0.2499, 0.2499],
        [0.2436, 0.2473, 0.2523, 0.2568],
        [0.2410, 0.2195, 0.2662, 0.2733],
        [0.2500, 0.2500, 0.2500, 0.2500],
        [0.2498, 0.2501, 0.2501, 0.2501],
        [0.2500, 0.2500, 0.2500, 0.2500],
        [0.2499, 0.2489, 0.2504, 0.2509],
        [0.2500, 0.2500, 0.2500, 0.2500],
        [0.2500, 0.2500, 0.2500, 0.2500],
        [0.2488, 0.2502, 0.2505, 0.2505],
        [0.2500, 0.2500, 0.2500, 0.2500],
        [0.2268, 0.2478, 0.2628, 0.2626],
        [0.2500, 0.2500, 0.2500, 0.2500],
        [0.2476, 0.2507, 0.2509, 0.2509],
        [0.2503, 0.2501, 0.2498, 0.2498],
        [0.2500, 0.2500, 0.2500, 0.2500],
        [0.2515, 0.2495, 0.2495, 0.2496],
        [0.2498, 0.2501, 0.2500, 0.2500],
        [0.2465, 0.2505, 0.2515, 0.2516],
        [0.2500, 0.2500, 0.2500, 0.2500],
        [0.2500, 0.2500, 0.2500, 0.2500],
        [0.2500, 0.2500, 0.2500, 0.2500],
        [0.2499, 0.2500, 0.2500, 0.2500],
        [0.2452, 0.2495, 0.2523, 0.2530],
        [0.2500, 0.2500, 0.2500, 0.2500],
        [0.2494, 0.2502, 0.2501, 0.2503],
        [0.2439, 0.2522, 0.2516, 0.2522],
        [0.2406, 0.2500, 0.2541, 0.2554],
        [0.2499, 0.2500, 0.2501, 0.2501],
        [0.2500, 0.2500, 0.2500, 0.2500],
        [0.2501, 0.2497, 0.2499, 0.2503],
        [0.2459, 0.2520, 0.2510, 0.2512],
        [0.2498, 0.2506, 0.2495, 0.2501],
        [0.2500, 0.2500, 0.2500, 0.2500],
        [0.2500, 0.2500, 0.2500, 0.2500],
        [0.2500, 0.2500, 0.2500, 0.2500],
        [0.2500, 0.2500, 0.2500, 0.2500],
        [0.2499, 0.2500, 0.2500, 0.2500],
        [0.2500, 0.2500, 0.2500, 0.2500],
        [0.2494, 0.2500, 0.2503, 0.2503],
        [0.2499, 0.2500, 0.2501, 0.2501],
        [0.2501, 0.2501, 0.2499, 0.2499],
        [0.2413, 0.2532, 0.2522, 0.2533],
        [0.2450, 0.2529, 0.2510, 0.2510],
        [0.2500, 0.2500, 0.2500, 0.2500],
        [0.2422, 0.2523, 0.2528, 0.2527]], device='cuda:1')
fea_node_to_hop attention:tensor([[0.1408, 0.1442, 0.1433, 0.1433, 0.1430, 0.1428, 0.1427],
        [0.1409, 0.1431, 0.1431, 0.1432, 0.1432, 0.1433, 0.1433],
        [0.1410, 0.1433, 0.1432, 0.1432, 0.1431, 0.1431, 0.1431],
        [0.1400, 0.1438, 0.1434, 0.1433, 0.1432, 0.1431, 0.1431],
        [0.1374, 0.1468, 0.1450, 0.1440, 0.1430, 0.1422, 0.1415],
        [0.1412, 0.1431, 0.1432, 0.1432, 0.1432, 0.1431, 0.1431],
        [0.1420, 0.1431, 0.1431, 0.1430, 0.1430, 0.1429, 0.1429],
        [0.1378, 0.1431, 0.1435, 0.1438, 0.1439, 0.1439, 0.1440],
        [0.1406, 0.1426, 0.1432, 0.1433, 0.1434, 0.1434, 0.1434],
        [0.1395, 0.1428, 0.1433, 0.1435, 0.1436, 0.1436, 0.1436],
        [0.1405, 0.1431, 0.1431, 0.1433, 0.1433, 0.1434, 0.1434],
        [0.1405, 0.1428, 0.1430, 0.1432, 0.1434, 0.1435, 0.1436],
        [0.1417, 0.1429, 0.1429, 0.1432, 0.1432, 0.1431, 0.1430],
        [0.1208, 0.1457, 0.1440, 0.1458, 0.1468, 0.1481, 0.1489],
        [0.1319, 0.1416, 0.1453, 0.1453, 0.1454, 0.1453, 0.1451],
        [0.1429, 0.1429, 0.1429, 0.1429, 0.1429, 0.1429, 0.1429],
        [0.1428, 0.1429, 0.1429, 0.1429, 0.1429, 0.1429, 0.1429],
        [0.1428, 0.1429, 0.1429, 0.1429, 0.1429, 0.1429, 0.1429],
        [0.1422, 0.1429, 0.1430, 0.1429, 0.1430, 0.1430, 0.1430],
        [0.1428, 0.1429, 0.1429, 0.1429, 0.1429, 0.1429, 0.1429],
        [0.1417, 0.1431, 0.1431, 0.1431, 0.1430, 0.1430, 0.1429],
        [0.1426, 0.1429, 0.1429, 0.1429, 0.1429, 0.1429, 0.1429],
        [0.1427, 0.1429, 0.1429, 0.1429, 0.1429, 0.1429, 0.1429],
        [0.1429, 0.1429, 0.1429, 0.1429, 0.1429, 0.1429, 0.1429],
        [0.1440, 0.1426, 0.1427, 0.1427, 0.1427, 0.1427, 0.1427],
        [0.1429, 0.1429, 0.1429, 0.1429, 0.1429, 0.1429, 0.1429],
        [0.1425, 0.1429, 0.1429, 0.1429, 0.1429, 0.1429, 0.1429],
        [0.1421, 0.1430, 0.1430, 0.1430, 0.1430, 0.1430, 0.1430],
        [0.1429, 0.1429, 0.1429, 0.1429, 0.1429, 0.1429, 0.1429],
        [0.1428, 0.1429, 0.1429, 0.1429, 0.1429, 0.1429, 0.1429],
        [0.1381, 0.1433, 0.1436, 0.1437, 0.1437, 0.1437, 0.1437],
        [0.1429, 0.1429, 0.1429, 0.1429, 0.1429, 0.1429, 0.1429],
        [0.1426, 0.1430, 0.1430, 0.1430, 0.1428, 0.1428, 0.1428],
        [0.1419, 0.1430, 0.1430, 0.1430, 0.1430, 0.1431, 0.1430],
        [0.1419, 0.1434, 0.1430, 0.1429, 0.1429, 0.1429, 0.1429],
        [0.1426, 0.1429, 0.1429, 0.1429, 0.1429, 0.1429, 0.1429],
        [0.1416, 0.1429, 0.1431, 0.1431, 0.1431, 0.1431, 0.1431],
        [0.1400, 0.1429, 0.1432, 0.1434, 0.1435, 0.1435, 0.1435],
        [0.1427, 0.1429, 0.1429, 0.1429, 0.1429, 0.1429, 0.1429],
        [0.1439, 0.1426, 0.1427, 0.1427, 0.1427, 0.1427, 0.1427],
        [0.1418, 0.1428, 0.1430, 0.1431, 0.1431, 0.1431, 0.1431],
        [0.1408, 0.1427, 0.1433, 0.1433, 0.1433, 0.1433, 0.1433],
        [0.1420, 0.1429, 0.1429, 0.1430, 0.1430, 0.1431, 0.1431],
        [0.1429, 0.1429, 0.1429, 0.1429, 0.1429, 0.1429, 0.1429],
        [0.1389, 0.1428, 0.1436, 0.1437, 0.1437, 0.1437, 0.1437],
        [0.1234, 0.1494, 0.1456, 0.1476, 0.1454, 0.1448, 0.1438],
        [0.1433, 0.1428, 0.1428, 0.1428, 0.1428, 0.1428, 0.1428],
        [0.1396, 0.1436, 0.1434, 0.1434, 0.1434, 0.1433, 0.1433],
        [0.1429, 0.1429, 0.1429, 0.1429, 0.1429, 0.1429, 0.1429],
        [0.1579, 0.1620, 0.1468, 0.1387, 0.1343, 0.1312, 0.1291],
        [0.1428, 0.1429, 0.1429, 0.1429, 0.1429, 0.1429, 0.1429],
        [0.1429, 0.1429, 0.1429, 0.1429, 0.1429, 0.1429, 0.1429],
        [0.1429, 0.1429, 0.1429, 0.1429, 0.1429, 0.1429, 0.1429],
        [0.1372, 0.1441, 0.1436, 0.1437, 0.1438, 0.1438, 0.1439],
        [0.1429, 0.1428, 0.1429, 0.1429, 0.1429, 0.1428, 0.1428],
        [0.1324, 0.1444, 0.1453, 0.1450, 0.1446, 0.1443, 0.1440],
        [0.1328, 0.1316, 0.1457, 0.1473, 0.1478, 0.1476, 0.1471],
        [0.1429, 0.1429, 0.1429, 0.1429, 0.1429, 0.1429, 0.1429],
        [0.1426, 0.1429, 0.1429, 0.1429, 0.1429, 0.1429, 0.1429],
        [0.1429, 0.1429, 0.1429, 0.1429, 0.1429, 0.1429, 0.1429],
        [0.1428, 0.1428, 0.1430, 0.1429, 0.1429, 0.1429, 0.1428],
        [0.1429, 0.1429, 0.1429, 0.1429, 0.1429, 0.1429, 0.1429],
        [0.1428, 0.1429, 0.1429, 0.1429, 0.1429, 0.1429, 0.1429],
        [0.1421, 0.1429, 0.1430, 0.1430, 0.1430, 0.1430, 0.1430],
        [0.1428, 0.1429, 0.1429, 0.1429, 0.1429, 0.1429, 0.1429],
        [0.1230, 0.1456, 0.1465, 0.1466, 0.1463, 0.1461, 0.1458],
        [0.1429, 0.1429, 0.1429, 0.1429, 0.1429, 0.1429, 0.1429],
        [0.1411, 0.1429, 0.1431, 0.1432, 0.1432, 0.1432, 0.1432],
        [0.1428, 0.1429, 0.1429, 0.1429, 0.1429, 0.1429, 0.1429],
        [0.1428, 0.1429, 0.1429, 0.1429, 0.1429, 0.1429, 0.1429],
        [0.1433, 0.1429, 0.1428, 0.1428, 0.1428, 0.1428, 0.1428],
        [0.1430, 0.1428, 0.1428, 0.1428, 0.1428, 0.1428, 0.1428],
        [0.1417, 0.1430, 0.1429, 0.1431, 0.1431, 0.1431, 0.1431],
        [0.1429, 0.1429, 0.1429, 0.1429, 0.1429, 0.1429, 0.1429],
        [0.1428, 0.1429, 0.1429, 0.1429, 0.1429, 0.1429, 0.1429],
        [0.1429, 0.1429, 0.1429, 0.1429, 0.1429, 0.1429, 0.1429],
        [0.1428, 0.1429, 0.1429, 0.1429, 0.1429, 0.1429, 0.1429],
        [0.1396, 0.1437, 0.1435, 0.1435, 0.1433, 0.1432, 0.1432],
        [0.1428, 0.1429, 0.1429, 0.1429, 0.1429, 0.1429, 0.1429],
        [0.1426, 0.1428, 0.1429, 0.1429, 0.1429, 0.1429, 0.1429],
        [0.1343, 0.1438, 0.1439, 0.1444, 0.1445, 0.1445, 0.1446],
        [0.1411, 0.1428, 0.1431, 0.1431, 0.1432, 0.1433, 0.1433],
        [0.1427, 0.1429, 0.1429, 0.1429, 0.1429, 0.1429, 0.1429],
        [0.1429, 0.1429, 0.1429, 0.1429, 0.1429, 0.1429, 0.1429],
        [0.1411, 0.1426, 0.1432, 0.1433, 0.1433, 0.1433, 0.1433],
        [0.1415, 0.1432, 0.1430, 0.1431, 0.1431, 0.1431, 0.1430],
        [0.1419, 0.1428, 0.1431, 0.1431, 0.1431, 0.1430, 0.1430],
        [0.1429, 0.1429, 0.1429, 0.1429, 0.1429, 0.1429, 0.1429],
        [0.1428, 0.1429, 0.1429, 0.1429, 0.1429, 0.1429, 0.1429],
        [0.1429, 0.1429, 0.1429, 0.1429, 0.1429, 0.1429, 0.1429],
        [0.1429, 0.1429, 0.1429, 0.1429, 0.1429, 0.1429, 0.1429],
        [0.1428, 0.1429, 0.1429, 0.1429, 0.1429, 0.1429, 0.1429],
        [0.1428, 0.1429, 0.1429, 0.1429, 0.1429, 0.1429, 0.1429],
        [0.1426, 0.1429, 0.1429, 0.1429, 0.1429, 0.1429, 0.1429],
        [0.1428, 0.1429, 0.1429, 0.1429, 0.1429, 0.1429, 0.1429],
        [0.1430, 0.1429, 0.1428, 0.1428, 0.1428, 0.1428, 0.1428],
        [0.1393, 0.1419, 0.1431, 0.1436, 0.1439, 0.1440, 0.1442],
        [0.1418, 0.1433, 0.1431, 0.1430, 0.1429, 0.1429, 0.1429],
        [0.1430, 0.1428, 0.1428, 0.1428, 0.1428, 0.1428, 0.1428],
        [0.1409, 0.1433, 0.1431, 0.1432, 0.1431, 0.1431, 0.1431]],
       device='cuda:1')
perception attention:tensor([0.4669, 0.5331], device='cuda:1')
Test set results: loss= 1.1537 accuracy= 0.7280 F1_score= 0.5861
