# epoch	loss_train	acc_train	loss_val	acc_val	time	acc_test	f1_test
0001	2.9390	0.0868	5.8841	0.1460	0.0499s	5.5007	0.1500	0.0347
0
0002	6.0437	0.1500	7.3486	0.1480	0.0501s	7.0736	0.1570	0.0195
0
0003	7.3572	0.1526	4.9412	0.0900	0.0500s	4.7248	0.0760	0.0074
0
0004	4.9059	0.0737	3.2023	0.2460	0.0501s	3.0455	0.2390	0.1247
0
0005	3.1172	0.2500	2.6136	0.3640	0.0506s	2.5364	0.4060	0.2589
0
0006	2.4988	0.3947	2.4042	0.3580	0.0502s	2.3484	0.3790	0.2213
0
0007	2.2814	0.4105	2.2425	0.3480	0.0500s	2.1665	0.3720	0.2422
0
0008	2.1095	0.4053	2.1038	0.4060	0.0502s	2.0038	0.4190	0.2845
0
0009	1.9997	0.4105	1.8713	0.4800	0.0503s	1.7710	0.5350	0.3407
0
0010	1.7716	0.4895	1.7758	0.4800	0.0503s	1.6652	0.5030	0.3259
0
0011	1.6560	0.5105	1.6926	0.5180	0.0504s	1.5812	0.5590	0.3784
0
0012	1.5296	0.5395	1.6041	0.5440	0.0501s	1.5024	0.5610	0.3823
0
0013	1.4603	0.5316	1.5377	0.5580	0.0504s	1.4238	0.5970	0.4351
0
0014	1.3518	0.5553	1.5313	0.5520	0.0501s	1.3852	0.6130	0.4612
0
0015	1.2874	0.5737	1.5197	0.5480	0.0504s	1.3695	0.6270	0.4710
0
0016	1.2034	0.6158	1.5165	0.5600	0.0503s	1.3781	0.6230	0.4672
0
0017	1.1477	0.6421	1.4769	0.5980	0.0512s	1.3436	0.6430	0.4861
0
0018	1.0868	0.6368	1.4246	0.6100	0.0502s	1.2815	0.6500	0.4888
0
0019	0.9931	0.6816	1.4021	0.6100	0.0503s	1.2543	0.6520	0.4898
0
0020	0.9529	0.6737	1.3681	0.6020	0.0504s	1.2395	0.6550	0.4936
0
0021	0.8921	0.7211	1.3649	0.6080	0.0503s	1.2376	0.6680	0.5101
0
0022	0.8220	0.7184	1.3971	0.6140	0.0502s	1.2558	0.6600	0.4987
0
0023	0.7825	0.7263	1.3277	0.6200	0.0502s	1.2084	0.6780	0.5092
0
0024	0.7132	0.7737	1.3243	0.6320	0.0504s	1.2239	0.6880	0.5482
0
0025	0.6864	0.7947	1.3689	0.6520	0.0503s	1.2643	0.6680	0.5281
0
0026	0.6568	0.7605	1.2934	0.6560	0.0501s	1.2236	0.6740	0.5398
0
0027	0.6003	0.8026	1.2784	0.6540	0.0503s	1.2078	0.6810	0.5531
0
0028	0.5649	0.8289	1.3332	0.6500	0.0504s	1.2447	0.6820	0.5574
0
0029	0.5498	0.8395	1.3134	0.6780	0.0502s	1.2438	0.6970	0.5562
1
0030	0.5009	0.8789	1.2826	0.6760	0.0503s	1.2210	0.6990	0.5613
0
0031	0.4779	0.8579	1.3430	0.6900	0.0514s	1.2390	0.6940	0.5574
1
0032	0.4553	0.8658	1.3661	0.6780	0.0503s	1.2523	0.6870	0.5627
0
0033	0.4199	0.8816	1.3233	0.6940	0.0504s	1.2502	0.6960	0.5657
1
0034	0.3968	0.8868	1.3158	0.7080	0.0501s	1.2495	0.7020	0.5698
0
0035	0.3994	0.8947	1.3739	0.6900	0.0502s	1.2842	0.6910	0.5579
0
0036	0.3457	0.9211	1.3563	0.6900	0.0500s	1.2886	0.6880	0.5596
1
0037	0.3578	0.9053	1.3400	0.7000	0.0501s	1.3253	0.6940	0.5723
2
0038	0.3366	0.8974	1.3264	0.7000	0.0502s	1.3139	0.7030	0.5949
3
0039	0.3300	0.9184	1.3600	0.6920	0.0502s	1.2969	0.6870	0.5617
4
0040	0.3538	0.9237	1.3412	0.6940	0.0503s	1.2745	0.7030	0.5719
5
0041	0.2867	0.9395	1.3601	0.6900	0.0501s	1.3151	0.7000	0.5692
6
0042	0.3037	0.9211	1.3927	0.7060	0.0503s	1.3293	0.7020	0.5799
7
0043	0.3086	0.9132	1.3556	0.7180	0.0501s	1.2767	0.7190	0.5901
8
0044	0.2788	0.9447	1.3769	0.6980	0.0501s	1.3036	0.7030	0.5719
0
0045	0.2507	0.9579	1.3935	0.7040	0.0503s	1.3325	0.6920	0.5693
1
0046	0.2826	0.9289	1.3612	0.7080	0.0502s	1.3261	0.6880	0.5781
2
0047	0.2740	0.9132	1.3682	0.7080	0.0501s	1.3534	0.6920	0.5769
3
0048	0.2591	0.9368	1.3144	0.6940	0.0513s	1.3086	0.6970	0.5809
4
0049	0.2672	0.9500	1.3597	0.7040	0.0500s	1.3181	0.7060	0.5795
5
0050	0.2662	0.9474	1.3701	0.7140	0.0503s	1.3099	0.7100	0.6110
6
0051	0.2585	0.9421	1.3829	0.7040	0.0502s	1.3187	0.6980	0.5826
7
0052	0.2478	0.9421	1.4312	0.6920	0.0504s	1.3647	0.7000	0.5811
8
0053	0.2480	0.9474	1.3770	0.6920	0.0504s	1.3224	0.7070	0.5756
9
0054	0.2585	0.9474	1.3634	0.7180	0.0503s	1.2962	0.7030	0.5796
10
0055	0.2471	0.9368	1.3773	0.7120	0.0502s	1.3071	0.7080	0.5785
0
0056	0.2233	0.9711	1.3372	0.7180	0.0501s	1.2872	0.6960	0.5666
1
0057	0.2248	0.9500	1.3377	0.7020	0.0502s	1.3191	0.6860	0.5653
0
0058	0.2262	0.9632	1.4039	0.7020	0.0505s	1.3871	0.6900	0.5741
1
0059	0.2217	0.9447	1.4234	0.7180	0.0501s	1.3786	0.6830	0.5578
2
0060	0.2520	0.9474	1.3211	0.7080	0.0502s	1.2714	0.7150	0.5900
0
0061	0.2437	0.9553	1.3564	0.7040	0.0502s	1.3047	0.7090	0.5856
1
0062	0.2297	0.9579	1.3761	0.7100	0.0502s	1.2911	0.7050	0.5927
2
0063	0.2293	0.9579	1.3685	0.7140	0.0502s	1.2982	0.7080	0.5951
3
0064	0.2221	0.9605	1.3850	0.6920	0.0501s	1.3330	0.7090	0.5828
4
0065	0.2423	0.9368	1.4592	0.6820	0.0503s	1.4146	0.6810	0.5618
5
0066	0.2271	0.9553	1.4374	0.6880	0.0504s	1.4052	0.6880	0.5708
6
0067	0.2372	0.9474	1.3820	0.7060	0.0502s	1.3370	0.7020	0.5664
7
0068	0.2228	0.9474	1.3771	0.7020	0.0502s	1.3046	0.7050	0.5736
8
0069	0.2317	0.9526	1.4140	0.7060	0.0503s	1.3234	0.6940	0.5724
9
0070	0.2195	0.9474	1.3913	0.6880	0.0503s	1.3015	0.6990	0.5729
10
0071	0.2185	0.9711	1.3303	0.7000	0.0503s	1.3002	0.7080	0.5762
11
0072	0.2478	0.9395	1.4272	0.6980	0.0501s	1.3669	0.6920	0.5704
12
0073	0.2179	0.9526	1.5215	0.6880	0.0502s	1.4526	0.6690	0.5732
13
0074	0.2341	0.9553	1.4681	0.6860	0.0501s	1.3894	0.6820	0.5688
14
0075	0.2121	0.9553	1.4001	0.7040	0.0503s	1.3448	0.7010	0.5675
15
0076	0.2170	0.9395	1.3445	0.7120	0.0503s	1.2759	0.7130	0.5869
16
0077	0.2217	0.9500	1.3929	0.7040	0.0504s	1.3166	0.6930	0.5786
17
0078	0.2245	0.9447	1.4540	0.6880	0.0502s	1.3788	0.6810	0.5713
18
0079	0.2154	0.9684	1.3022	0.7060	0.0504s	1.2484	0.6990	0.5677
19
0080	0.1810	0.9763	1.2795	0.7040	0.0509s	1.2436	0.7140	0.5734
20
0081	0.2530	0.9447	1.3153	0.7040	0.0514s	1.2682	0.6960	0.5682
21
0082	0.2130	0.9605	1.4099	0.6980	0.0502s	1.3519	0.6750	0.5728
22
0083	0.2249	0.9658	1.3650	0.7160	0.0504s	1.3133	0.6850	0.5687
23
0084	0.2065	0.9684	1.3060	0.7120	0.0504s	1.2637	0.7070	0.5769
24
0085	0.2030	0.9605	1.3605	0.7020	0.0506s	1.3383	0.7000	0.5745
25
0086	0.2274	0.9421	1.3673	0.7080	0.0503s	1.2967	0.7010	0.5771
26
0087	0.1893	0.9684	1.4330	0.7100	0.0506s	1.3552	0.6920	0.5849
27
0088	0.2259	0.9447	1.4358	0.7040	0.0506s	1.3606	0.6900	0.5730
28
0089	0.1816	0.9684	1.3615	0.6960	0.0505s	1.3058	0.7000	0.5801
29
0090	0.1804	0.9711	1.2991	0.7100	0.0505s	1.2709	0.7070	0.5845
30
0091	0.1763	0.9579	1.2784	0.7060	0.0504s	1.2116	0.7220	0.5936
31
0092	0.1941	0.9605	1.3595	0.7200	0.0502s	1.2599	0.6900	0.5784
32
0093	0.1957	0.9553	1.4388	0.7040	0.0506s	1.3392	0.6910	0.5744
0
0094	0.1971	0.9711	1.4121	0.7140	0.0503s	1.3310	0.6880	0.5645
1
0095	0.1957	0.9605	1.3471	0.7020	0.0502s	1.2923	0.6850	0.5669
2
0096	0.1972	0.9658	1.3856	0.6740	0.0503s	1.3467	0.6830	0.5595
3
0097	0.1954	0.9526	1.3151	0.7160	0.0518s	1.2726	0.7020	0.5750
4
0098	0.1715	0.9658	1.3334	0.7200	0.0506s	1.2749	0.7030	0.5918
5
0099	0.1664	0.9684	1.3286	0.7200	0.0504s	1.2571	0.6990	0.5789
0
0100	0.1941	0.9579	1.3478	0.6960	0.0506s	1.2626	0.7000	0.5831
0
0101	0.1881	0.9553	1.3298	0.7140	0.0503s	1.2798	0.7060	0.5889
1
0102	0.1956	0.9605	1.3474	0.7100	0.0502s	1.2964	0.7110	0.5853
2
0103	0.1776	0.9789	1.3512	0.7060	0.0503s	1.2796	0.6940	0.5682
3
0104	0.1688	0.9632	1.4024	0.7040	0.0509s	1.3058	0.6860	0.5671
4
0105	0.2050	0.9632	1.3237	0.7060	0.0503s	1.2344	0.7090	0.5792
5
0106	0.1918	0.9711	1.3289	0.7220	0.0504s	1.2610	0.7120	0.5886
6
0107	0.1924	0.9632	1.3889	0.6980	0.0505s	1.3384	0.6990	0.5782
0
0108	0.1878	0.9711	1.4261	0.6900	0.0503s	1.3557	0.6770	0.5641
1
0109	0.1796	0.9737	1.5134	0.6800	0.0503s	1.4181	0.6650	0.5507
2
0110	0.1995	0.9579	1.3808	0.7240	0.0503s	1.2852	0.7090	0.5804
3
0111	0.2022	0.9632	1.4105	0.7160	0.0502s	1.3027	0.7120	0.5866
0
0112	0.2481	0.9395	1.4306	0.6840	0.0529s	1.3196	0.6920	0.5719
1
0113	0.1922	0.9553	1.3996	0.6940	0.0566s	1.3009	0.6830	0.5680
2
0114	0.2253	0.9474	1.3097	0.7120	0.0546s	1.2197	0.7110	0.5800
3
0115	0.1871	0.9605	1.3588	0.7160	0.0548s	1.2630	0.7010	0.5783
4
0116	0.1923	0.9605	1.4442	0.7040	0.0533s	1.3333	0.6960	0.5843
5
0117	0.1910	0.9737	1.4019	0.7020	0.0514s	1.3042	0.6890	0.5849
6
0118	0.1604	0.9842	1.2636	0.7100	0.0504s	1.1974	0.7020	0.5800
7
0119	0.1636	0.9632	1.2589	0.7140	0.0506s	1.2043	0.7140	0.5899
0
0120	0.2030	0.9553	1.3390	0.7080	0.0504s	1.2606	0.6940	0.5756
0
0121	0.1725	0.9763	1.4064	0.7000	0.0502s	1.3087	0.6870	0.5713
1
0122	0.1960	0.9605	1.3839	0.7060	0.0501s	1.2793	0.6960	0.5775
2
0123	0.1966	0.9474	1.3287	0.7120	0.0501s	1.2321	0.7160	0.5860
3
0124	0.1817	0.9763	1.3286	0.6840	0.0504s	1.2549	0.7110	0.5872
4
0125	0.1773	0.9658	1.2695	0.7120	0.0501s	1.1929	0.7050	0.5788
5
0126	0.1935	0.9658	1.3301	0.7100	0.0503s	1.2334	0.6940	0.5746
6
0127	0.1959	0.9605	1.3850	0.7140	0.0503s	1.2787	0.6990	0.5825
7
0128	0.1817	0.9789	1.4449	0.7000	0.0503s	1.3286	0.7010	0.6026
8
0129	0.1962	0.9632	1.3440	0.7100	0.0501s	1.2248	0.7150	0.5798
9
0130	0.2078	0.9553	1.3790	0.7060	0.0505s	1.2531	0.6940	0.5680
10
0131	0.1759	0.9684	1.4725	0.6800	0.0506s	1.3490	0.6830	0.5757
11
0132	0.1786	0.9658	1.5431	0.6580	0.0504s	1.4042	0.6930	0.5681
12
0133	0.2209	0.9474	1.3102	0.7140	0.0503s	1.1932	0.7220	0.5924
13
0134	0.1886	0.9553	1.3766	0.7100	0.0504s	1.2463	0.7150	0.5830
14
0135	0.2244	0.9263	1.3505	0.7080	0.0501s	1.2778	0.6860	0.5729
15
0136	0.1695	0.9632	1.5419	0.6480	0.0504s	1.4471	0.6680	0.5608
16
0137	0.2214	0.9395	1.3670	0.7000	0.0504s	1.2909	0.6920	0.5638
17
0138	0.1776	0.9684	1.3327	0.7120	0.0503s	1.2285	0.7050	0.5786
18
0139	0.1829	0.9658	1.3366	0.7220	0.0502s	1.2154	0.7120	0.5863
19
0140	0.1918	0.9711	1.3363	0.7120	0.0503s	1.2208	0.7000	0.5940
20
0141	0.1710	0.9579	1.3567	0.7160	0.0502s	1.2564	0.6930	0.5800
21
0142	0.1937	0.9711	1.3381	0.7220	0.0503s	1.2490	0.6990	0.5771
22
0143	0.1637	0.9632	1.3621	0.7120	0.0505s	1.2694	0.7010	0.5757
23
0144	0.1596	0.9711	1.4132	0.7060	0.0503s	1.2975	0.6870	0.5687
24
0145	0.1624	0.9816	1.4234	0.7000	0.0501s	1.3028	0.6950	0.5719
25
0146	0.1641	0.9842	1.3412	0.7120	0.0506s	1.2361	0.7000	0.5704
26
0147	0.1550	0.9789	1.3137	0.7080	0.0502s	1.2238	0.6980	0.5630
27
0148	0.1667	0.9632	1.3542	0.7060	0.0501s	1.2667	0.6950	0.5717
28
0149	0.1508	0.9868	1.3867	0.7120	0.0503s	1.2749	0.6920	0.5670
29
0150	0.1605	0.9658	1.4255	0.7240	0.0501s	1.2975	0.6900	0.5650
30
0151	0.1733	0.9737	1.4564	0.7080	0.0502s	1.3257	0.7010	0.5966
0
0152	0.1593	0.9737	1.4118	0.7060	0.0505s	1.2901	0.7050	0.6028
1
0153	0.1631	0.9737	1.2974	0.7260	0.0504s	1.1811	0.7190	0.6020
2
0154	0.1703	0.9632	1.3229	0.7140	0.0507s	1.2186	0.6940	0.5860
0
0155	0.1636	0.9684	1.4186	0.7100	0.0523s	1.3196	0.6930	0.5714
1
0156	0.1537	0.9737	1.5133	0.6800	0.0503s	1.4140	0.6900	0.5637
2
0157	0.1628	0.9737	1.5165	0.6920	0.0502s	1.4077	0.6850	0.5567
3
0158	0.1676	0.9526	1.4147	0.7060	0.0502s	1.2958	0.7030	0.5788
4
0159	0.1447	0.9763	1.3380	0.7160	0.0502s	1.2125	0.7100	0.5881
5
0160	0.1583	0.9868	1.2996	0.7200	0.0499s	1.1943	0.7100	0.5901
6
0161	0.1764	0.9605	1.3332	0.7220	0.0502s	1.2214	0.6990	0.5754
7
0162	0.1581	0.9737	1.4854	0.7160	0.0505s	1.3699	0.6930	0.5763
8
0163	0.1679	0.9684	1.5219	0.7040	0.0501s	1.4038	0.6970	0.5721
9
0164	0.1650	0.9684	1.4501	0.7040	0.0501s	1.3229	0.6840	0.5606
10
0165	0.1525	0.9789	1.3429	0.7160	0.0504s	1.2569	0.6890	0.5729
11
0166	0.1715	0.9632	1.2778	0.7020	0.0499s	1.2093	0.7120	0.5888
12
0167	0.1602	0.9658	1.3267	0.6980	0.0502s	1.2558	0.7130	0.5917
13
0168	0.1687	0.9789	1.3549	0.7140	0.0504s	1.2454	0.7030	0.5795
14
0169	0.1582	0.9711	1.5005	0.7020	0.0504s	1.3552	0.6740	0.5558
15
0170	0.1684	0.9816	1.4550	0.7060	0.0505s	1.3364	0.6800	0.5581
16
0171	0.1480	0.9737	1.4433	0.6920	0.0502s	1.3467	0.6990	0.5764
17
0172	0.1888	0.9395	1.3874	0.7140	0.0503s	1.2929	0.7000	0.5767
18
0173	0.1628	0.9789	1.4867	0.7140	0.0502s	1.3446	0.6840	0.5646
19
0174	0.1979	0.9658	1.4350	0.7040	0.0501s	1.3066	0.6930	0.5689
20
0175	0.1763	0.9605	1.4691	0.6900	0.0505s	1.3478	0.6970	0.5648
21
0176	0.1884	0.9816	1.4292	0.7000	0.0504s	1.3249	0.7010	0.5715
22
0177	0.1826	0.9658	1.4487	0.7040	0.0502s	1.3072	0.6900	0.5686
23
0178	0.1461	0.9737	1.5550	0.7240	0.0501s	1.3599	0.6940	0.5748
24
0179	0.1958	0.9684	1.4187	0.7140	0.0503s	1.2571	0.7150	0.5933
25
0180	0.1602	0.9684	1.4175	0.6840	0.0502s	1.3231	0.6920	0.5703
26
0181	0.2092	0.9526	1.5147	0.7000	0.0514s	1.3922	0.6900	0.5805
27
0182	0.1784	0.9711	1.5051	0.6940	0.0503s	1.3714	0.6920	0.5664
28
0183	0.1725	0.9711	1.4551	0.6840	0.0502s	1.3156	0.6950	0.5610
29
0184	0.1761	0.9658	1.4903	0.6820	0.0503s	1.3415	0.6880	0.5753
30
0185	0.2013	0.9579	1.3982	0.7160	0.0505s	1.2814	0.6940	0.5880
31
0186	0.1582	0.9684	1.4837	0.6960	0.0501s	1.3662	0.6990	0.5889
32
0187	0.2023	0.9605	1.3135	0.7020	0.0503s	1.2049	0.7070	0.5837
33
0188	0.1641	0.9632	1.4266	0.7060	0.0503s	1.2724	0.6970	0.5768
34
0189	0.1584	0.9579	1.4996	0.6900	0.0505s	1.3341	0.6920	0.5771
35
0190	0.1613	0.9737	1.5078	0.6980	0.0501s	1.3520	0.6870	0.5716
36
0191	0.1757	0.9711	1.4774	0.7000	0.0503s	1.3460	0.6840	0.5640
37
0192	0.1761	0.9711	1.3211	0.7000	0.0505s	1.2406	0.6990	0.5773
38
0193	0.1643	0.9737	1.3752	0.6800	0.0505s	1.2898	0.6870	0.5705
39
0194	0.1991	0.9579	1.3421	0.6880	0.0502s	1.2470	0.7060	0.5853
40
0195	0.1822	0.9737	1.4048	0.7000	0.0504s	1.2779	0.6960	0.5814
41
0196	0.1639	0.9737	1.4771	0.7040	0.0502s	1.3198	0.6970	0.5806
42
0197	0.1636	0.9684	1.4660	0.7000	0.0502s	1.3153	0.6970	0.5776
43
0198	0.1799	0.9579	1.4483	0.6980	0.0502s	1.3128	0.7020	0.5758
44
0199	0.1756	0.9605	1.4518	0.6800	0.0507s	1.3060	0.6960	0.5699
45
0200	0.1800	0.9658	1.3733	0.7040	0.0502s	1.2314	0.6930	0.5755
46
0201	0.1836	0.9447	1.3991	0.7100	0.0503s	1.2480	0.7020	0.5830
47
0202	0.1503	0.9737	1.4528	0.7060	0.0503s	1.3074	0.6970	0.5750
48
0203	0.1943	0.9789	1.3829	0.7080	0.0503s	1.2501	0.7070	0.5773
49
0204	0.1805	0.9789	1.4177	0.7000	0.0548s	1.2875	0.6980	0.5650
50
0205	0.1638	0.9526	1.4867	0.6820	0.0511s	1.3559	0.6850	0.5595
51
0206	0.1978	0.9553	1.4264	0.7080	0.0503s	1.2958	0.6860	0.5635
52
0207	0.1625	0.9737	1.4781	0.7020	0.0514s	1.3136	0.6900	0.5693
53
0208	0.1607	0.9737	1.4754	0.7080	0.0502s	1.3126	0.7020	0.5822
54
0209	0.1450	0.9895	1.4393	0.7000	0.0502s	1.2673	0.7050	0.5853
55
0210	0.1801	0.9658	1.3582	0.7020	0.0504s	1.1818	0.7190	0.5860
56
0211	0.1721	0.9684	1.3730	0.7100	0.0504s	1.2342	0.6820	0.5755
57
0212	0.1640	0.9737	1.4534	0.7000	0.0507s	1.3355	0.6880	0.5870
58
0213	0.1835	0.9553	1.4384	0.6900	0.0505s	1.3301	0.6830	0.5795
59
0214	0.1741	0.9632	1.5088	0.6880	0.0504s	1.3989	0.6820	0.5800
60
0215	0.2143	0.9737	1.4318	0.6980	0.0502s	1.2779	0.7070	0.5898
61
0216	0.1680	0.9553	1.4702	0.6980	0.0505s	1.2756	0.7100	0.6121
62
0217	0.1907	0.9684	1.4707	0.7060	0.0502s	1.2726	0.7100	0.6214
63
0218	0.1709	0.9526	1.5870	0.6760	0.0504s	1.4133	0.6770	0.5728
64
0219	0.2029	0.9526	1.4596	0.7000	0.0502s	1.3300	0.6900	0.5757
65
0220	0.1575	0.9789	1.4601	0.6940	0.0507s	1.3629	0.6900	0.5692
66
0221	0.2019	0.9421	1.4719	0.7020	0.0503s	1.3173	0.6990	0.5689
67
0222	0.1324	0.9711	1.5634	0.6860	0.0504s	1.3655	0.6900	0.5743
68
0223	0.1655	0.9684	1.5196	0.6900	0.0504s	1.3149	0.7050	0.5850
69
0224	0.1721	0.9684	1.4166	0.7060	0.0505s	1.2269	0.7110	0.5929
70
0225	0.1388	0.9711	1.3513	0.7040	0.0504s	1.1836	0.7140	0.5933
71
0226	0.1581	0.9763	1.3687	0.7000	0.0503s	1.2180	0.7050	0.5792
72
0227	0.1644	0.9763	1.5142	0.6920	0.0502s	1.3620	0.6850	0.5707
73
0228	0.1539	0.9763	1.6048	0.6900	0.0504s	1.4442	0.6810	0.5670
74
0229	0.1724	0.9711	1.5455	0.7020	0.0501s	1.3698	0.6860	0.5683
75
0230	0.1644	0.9711	1.4211	0.7000	0.0503s	1.2530	0.7140	0.5755
76
0231	0.1356	0.9789	1.3668	0.7000	0.0506s	1.2241	0.7130	0.5686
77
0232	0.1801	0.9447	1.4179	0.6900	0.0515s	1.2754	0.7160	0.5876
78
0233	0.1468	0.9789	1.6131	0.6800	0.0516s	1.4657	0.6750	0.5750
79
0234	0.1795	0.9632	1.4608	0.7080	0.0505s	1.3389	0.6920	0.5884
80
0235	0.1494	0.9684	1.4022	0.7200	0.0501s	1.2744	0.6980	0.5914
81
0236	0.1684	0.9474	1.4260	0.7060	0.0503s	1.2775	0.7080	0.5766
82
0237	0.1587	0.9763	1.5575	0.6860	0.0504s	1.3809	0.7070	0.5863
83
0238	0.1487	0.9684	1.5842	0.6920	0.0504s	1.4015	0.6980	0.5750
84
0239	0.1669	0.9632	1.4802	0.7100	0.0501s	1.3117	0.6930	0.5705
85
0240	0.1635	0.9684	1.3852	0.7080	0.0504s	1.2497	0.7000	0.5728
86
0241	0.1812	0.9763	1.3199	0.7060	0.0503s	1.2178	0.7060	0.5772
87
0242	0.1413	0.9816	1.5299	0.6600	0.0503s	1.4312	0.6850	0.5632
88
0243	0.1738	0.9553	1.4853	0.6900	0.0506s	1.3509	0.6900	0.5745
89
0244	0.1632	0.9684	1.5245	0.7120	0.0505s	1.3658	0.6910	0.5791
90
0245	0.1749	0.9579	1.4928	0.7200	0.0502s	1.3051	0.6980	0.5754
91
0246	0.1409	0.9737	1.3687	0.7140	0.0501s	1.2049	0.7080	0.5838
92
0247	0.1472	0.9684	1.3426	0.7080	0.0500s	1.1939	0.7060	0.5881
93
0248	0.1622	0.9789	1.4424	0.6860	0.0504s	1.2746	0.6970	0.5814
94
0249	0.1595	0.9711	1.4054	0.6980	0.0502s	1.2325	0.7080	0.5816
95
0250	0.1431	0.9684	1.4826	0.7020	0.0503s	1.2892	0.6990	0.5754
96
0251	0.1573	0.9684	1.4998	0.7020	0.0504s	1.3078	0.6980	0.5715
97
0252	0.1638	0.9763	1.4939	0.7020	0.0504s	1.3236	0.6920	0.5729
98
0253	0.1501	0.9658	1.4229	0.6940	0.0502s	1.2718	0.7000	0.5763
99
0254	0.1355	0.9868	1.4601	0.6900	0.0503s	1.3156	0.7060	0.5795
100
0255	0.1710	0.9632	1.3965	0.7040	0.0503s	1.2486	0.7090	0.5871
101
0256	0.1791	0.9711	1.4946	0.7040	0.0508s	1.3185	0.6840	0.5687
102
0257	0.1557	0.9711	1.5864	0.7000	0.0503s	1.4045	0.6750	0.5638
103
0258	0.1827	0.9711	1.5229	0.6880	0.0503s	1.3520	0.6820	0.5649
104
0259	0.1442	0.9711	1.5213	0.6720	0.0513s	1.3741	0.7030	0.5719
105
0260	0.1684	0.9658	1.3822	0.7060	0.0507s	1.2370	0.7080	0.5862
106
0261	0.1533	0.9737	1.6006	0.6900	0.0501s	1.4147	0.6770	0.5698
107
0262	0.2051	0.9500	1.5470	0.6980	0.0502s	1.3453	0.6940	0.5842
108
0263	0.1543	0.9816	1.6983	0.6680	0.0503s	1.4816	0.6770	0.5727
109
0264	0.1983	0.9737	1.4548	0.6960	0.0504s	1.2790	0.6890	0.5624
110
0265	0.1577	0.9763	1.4255	0.6920	0.0503s	1.2788	0.6860	0.5538
111
0266	0.1639	0.9737	1.6216	0.6840	0.0503s	1.4744	0.6600	0.5481
112
0267	0.1528	0.9711	1.4410	0.7040	0.0503s	1.2829	0.7060	0.5799
113
0268	0.1642	0.9579	1.4970	0.6960	0.0503s	1.2976	0.6970	0.5807
114
0269	0.1767	0.9632	1.5615	0.6800	0.0503s	1.3318	0.6870	0.5729
115
0270	0.1590	0.9763	1.5786	0.6880	0.0505s	1.3613	0.6850	0.5703
116
0271	0.1588	0.9789	1.4948	0.6980	0.0503s	1.3122	0.6910	0.5748
117
0272	0.1302	0.9842	1.4368	0.7040	0.0507s	1.2727	0.6970	0.5797
118
0273	0.1544	0.9684	1.3847	0.6980	0.0505s	1.2501	0.6980	0.5810
119
0274	0.1608	0.9658	1.3377	0.6940	0.0506s	1.2016	0.7040	0.5990
120
0275	0.1483	0.9711	1.3633	0.7060	0.0503s	1.2050	0.7060	0.6004
121
0276	0.1457	0.9816	1.4393	0.7080	0.0503s	1.2749	0.6860	0.5638
122
0277	0.1478	0.9921	1.5739	0.6960	0.0502s	1.4027	0.6710	0.5563
123
0278	0.1333	0.9868	1.5481	0.7000	0.0501s	1.3795	0.6930	0.5731
124
0279	0.1750	0.9474	1.4141	0.7080	0.0503s	1.2494	0.7000	0.5711
125
0280	0.1394	0.9842	1.3941	0.7040	0.0504s	1.2283	0.6930	0.5638
126
0281	0.1588	0.9605	1.4331	0.6880	0.0503s	1.2547	0.7020	0.5775
127
0282	0.1462	0.9789	1.4371	0.7020	0.0503s	1.2563	0.7040	0.5810
128
0283	0.1534	0.9658	1.4877	0.7080	0.0503s	1.3176	0.7060	0.5803
129
0284	0.1537	0.9737	1.5734	0.7000	0.0515s	1.4218	0.6940	0.5752
130
0285	0.1960	0.9395	1.5425	0.7000	0.0503s	1.3743	0.6910	0.5667
131
0286	0.1438	0.9684	1.5318	0.6880	0.0505s	1.3604	0.6910	0.5664
132
0287	0.1268	0.9947	1.5066	0.6860	0.0503s	1.3521	0.6920	0.5751
133
0288	0.1552	0.9737	1.4119	0.7180	0.0501s	1.2776	0.7040	0.5834
134
0289	0.1212	0.9895	1.4634	0.7120	0.0500s	1.3470	0.7010	0.5724
135
0290	0.1518	0.9711	1.6117	0.7020	0.0502s	1.4902	0.6810	0.5678
136
0291	0.1356	0.9789	1.6264	0.6940	0.0504s	1.4597	0.6930	0.5796
137
0292	0.1515	0.9526	1.4560	0.7140	0.0501s	1.2929	0.6920	0.5705
138
0293	0.1543	0.9605	1.4085	0.7140	0.0503s	1.2454	0.7070	0.5748
139
0294	0.1657	0.9816	1.3895	0.7180	0.0502s	1.2421	0.7060	0.5719
140
0295	0.1416	0.9816	1.5615	0.6820	0.0502s	1.4438	0.6910	0.5716
141
0296	0.1684	0.9684	1.4409	0.7060	0.0503s	1.3270	0.7010	0.5759
142
0297	0.1315	0.9632	1.3833	0.7120	0.0502s	1.2513	0.7100	0.5804
143
0298	0.1352	0.9816	1.4061	0.7140	0.0502s	1.2504	0.7090	0.5856
144
0299	0.1471	0.9842	1.4438	0.7200	0.0503s	1.2738	0.6990	0.5883
145
0300	0.1456	0.9711	1.5234	0.7060	0.0504s	1.3414	0.6970	0.5882
146
0301	0.1375	0.9895	1.5456	0.7020	0.0502s	1.3701	0.7000	0.5884
147
0302	0.1751	0.9553	1.5520	0.7120	0.0507s	1.3578	0.6920	0.5839
148
0303	0.1190	0.9816	1.5437	0.7040	0.0503s	1.3561	0.6990	0.5827
149
0304	0.1444	0.9737	1.4396	0.7160	0.0503s	1.2819	0.7030	0.5777
150
0305	0.1324	0.9789	1.4788	0.6960	0.0504s	1.3226	0.6960	0.5790
151
0306	0.1574	0.9789	1.4528	0.7120	0.0505s	1.2870	0.7000	0.5843
152
0307	0.1450	0.9711	1.4703	0.7100	0.0506s	1.3165	0.7130	0.5906
153
0308	0.1506	0.9658	1.4475	0.7160	0.0514s	1.2974	0.7090	0.5954
154
0309	0.1458	0.9737	1.4573	0.7100	0.0519s	1.3132	0.7030	0.5878
155
0310	0.1310	0.9842	1.4494	0.7120	0.0526s	1.2888	0.6930	0.5740
156
0311	0.1545	0.9632	1.4868	0.7080	0.0521s	1.3058	0.6980	0.5732
157
0312	0.1392	0.9789	1.3676	0.7140	0.0519s	1.2343	0.7170	0.5832
158
0313	0.1564	0.9763	1.4180	0.7100	0.0509s	1.3000	0.6970	0.5745
159
0314	0.1579	0.9763	1.5207	0.7040	0.0521s	1.3841	0.6860	0.5865
160
0315	0.1611	0.9763	1.4195	0.7260	0.0508s	1.2613	0.7040	0.5802
161
0316	0.1371	0.9763	1.5133	0.7020	0.0503s	1.3532	0.6970	0.5811
0
0317	0.1751	0.9658	1.3924	0.7200	0.0503s	1.2368	0.7180	0.5867
1
0318	0.1563	0.9658	1.4638	0.7140	0.0504s	1.2858	0.7070	0.5841
2
0319	0.1391	0.9789	1.5302	0.7100	0.0504s	1.3602	0.6870	0.5830
3
0320	0.1428	0.9789	1.5007	0.7180	0.0501s	1.3445	0.6950	0.5790
4
0321	0.1323	0.9789	1.4490	0.7020	0.0504s	1.3247	0.7050	0.5842
5
0322	0.1457	0.9816	1.3757	0.7100	0.0504s	1.2694	0.7090	0.5867
6
0323	0.1520	0.9868	1.3731	0.7220	0.0502s	1.2411	0.7030	0.5809
7
0324	0.1732	0.9789	1.4723	0.7080	0.0503s	1.3177	0.6840	0.5807
8
0325	0.1622	0.9684	1.6239	0.6980	0.0505s	1.4347	0.6870	0.5881
9
0326	0.1730	0.9474	1.4424	0.7220	0.0503s	1.2657	0.7090	0.5822
10
0327	0.1388	0.9763	1.4207	0.7000	0.0504s	1.3027	0.7020	0.5718
11
0328	0.1640	0.9737	1.4645	0.7180	0.0504s	1.3178	0.6930	0.5717
12
0329	0.1527	0.9816	1.5706	0.7040	0.0507s	1.4285	0.6890	0.5708
13
0330	0.1843	0.9658	1.4351	0.7160	0.0505s	1.3074	0.6980	0.5814
14
0331	0.1510	0.9737	1.3731	0.7140	0.0503s	1.2710	0.7120	0.5802
15
0332	0.1515	0.9763	1.3391	0.7160	0.0504s	1.2293	0.7100	0.5749
16
0333	0.1453	0.9816	1.3580	0.7200	0.0506s	1.2323	0.7010	0.5713
17
0334	0.1610	0.9737	1.4575	0.7020	0.0502s	1.3144	0.6860	0.5804
18
0335	0.1441	0.9789	1.4484	0.7060	0.0503s	1.3024	0.6890	0.5821
19
0336	0.1503	0.9684	1.4232	0.7080	0.0515s	1.2928	0.6880	0.5713
20
0337	0.1435	0.9789	1.3283	0.7180	0.0502s	1.2246	0.7190	0.5927
21
0338	0.1682	0.9658	1.2903	0.7240	0.0502s	1.1734	0.7210	0.5951
22
0339	0.1392	0.9763	1.3512	0.7180	0.0505s	1.2184	0.7070	0.5888
23
0340	0.1351	0.9816	1.4656	0.7080	0.0505s	1.3219	0.6980	0.5840
24
0341	0.1378	0.9816	1.5380	0.7020	0.0504s	1.3809	0.6850	0.5746
25
0342	0.1635	0.9684	1.4360	0.7160	0.0504s	1.2799	0.7090	0.5890
26
0343	0.1407	0.9895	1.3649	0.7160	0.0503s	1.2168	0.7210	0.5955
27
0344	0.1533	0.9737	1.3604	0.7100	0.0504s	1.2214	0.7130	0.5879
28
0345	0.1537	0.9789	1.3963	0.7120	0.0504s	1.2608	0.6920	0.5752
29
0346	0.1367	0.9842	1.5013	0.7100	0.0504s	1.3639	0.6950	0.5735
30
0347	0.1494	0.9737	1.5103	0.7160	0.0503s	1.3685	0.6950	0.5792
31
0348	0.1477	0.9816	1.4377	0.7080	0.0503s	1.2797	0.7120	0.5901
32
0349	0.1208	0.9816	1.3910	0.7100	0.0502s	1.2260	0.7220	0.5930
33
0350	0.1394	0.9816	1.3901	0.7060	0.0504s	1.2323	0.7140	0.5902
34
0351	0.1542	0.9658	1.3992	0.7140	0.0504s	1.2586	0.7110	0.5930
35
0352	0.1280	0.9895	1.4457	0.7120	0.0505s	1.3282	0.6970	0.5899
36
0353	0.1309	0.9868	1.4404	0.7180	0.0501s	1.3197	0.6920	0.5689
37
0354	0.1305	0.9763	1.4073	0.7120	0.0504s	1.2704	0.6990	0.5732
38
0355	0.1470	0.9658	1.4138	0.7120	0.0505s	1.2561	0.7180	0.5835
39
0356	0.1415	0.9842	1.4542	0.7120	0.0502s	1.2696	0.7160	0.5865
40
0357	0.1479	0.9711	1.4267	0.7160	0.0503s	1.2528	0.7190	0.5890
41
0358	0.1341	0.9789	1.4514	0.7160	0.0502s	1.3178	0.6980	0.5797
42
0359	0.1594	0.9658	1.4854	0.7080	0.0502s	1.3471	0.6880	0.5706
43
0360	0.1316	0.9816	1.4882	0.7200	0.0504s	1.3434	0.7010	0.5779
44
0361	0.1326	0.9737	1.4880	0.7240	0.0502s	1.3127	0.7130	0.5826
45
0362	0.1147	0.9868	1.5231	0.7100	0.0512s	1.3280	0.6980	0.5741
46
0363	0.1616	0.9579	1.5302	0.7040	0.0506s	1.3449	0.6960	0.5809
47
0364	0.1183	0.9816	1.5507	0.6880	0.0502s	1.3723	0.6870	0.5792
48
0365	0.1780	0.9579	1.3854	0.7200	0.0502s	1.2057	0.7160	0.5908
49
0366	0.1290	0.9763	1.4002	0.7200	0.0504s	1.2208	0.7110	0.5818
50
0367	0.1576	0.9711	1.5098	0.7060	0.0502s	1.3264	0.7090	0.5820
51
0368	0.1390	0.9895	1.7480	0.6760	0.0503s	1.5652	0.6750	0.5693
52
0369	0.1615	0.9632	1.4802	0.7040	0.0503s	1.3424	0.6920	0.5729
53
0370	0.1680	0.9632	1.3706	0.7200	0.0504s	1.2465	0.6950	0.5693
54
0371	0.1578	0.9737	1.4136	0.6980	0.0502s	1.2904	0.7050	0.5929
55
0372	0.1559	0.9711	1.5245	0.6860	0.0504s	1.3616	0.7070	0.5923
56
0373	0.1443	0.9895	1.5690	0.7080	0.0502s	1.3812	0.6920	0.5737
57
0374	0.1611	0.9789	1.4633	0.7080	0.0502s	1.2949	0.7040	0.5747
58
0375	0.1521	0.9763	1.4275	0.7080	0.0502s	1.3122	0.7000	0.5748
59
0376	0.1623	0.9632	1.4797	0.6960	0.0502s	1.3451	0.7040	0.5723
60
0377	0.1369	0.9737	1.5201	0.7060	0.0503s	1.3506	0.6940	0.5614
61
0378	0.1286	0.9816	1.6324	0.6860	0.0502s	1.4502	0.6770	0.5476
62
0379	0.1813	0.9684	1.4546	0.7120	0.0503s	1.2844	0.7190	0.5950
63
0380	0.1319	0.9842	1.4244	0.7100	0.0503s	1.2823	0.7160	0.5882
64
0381	0.1388	0.9658	1.4157	0.7140	0.0502s	1.2612	0.7080	0.5853
65
0382	0.1314	0.9842	1.4336	0.7060	0.0502s	1.2502	0.7010	0.5792
66
0383	0.1437	0.9763	1.4945	0.7120	0.0502s	1.2912	0.7120	0.5828
67
0384	0.1317	0.9921	1.5462	0.7020	0.0502s	1.3763	0.6900	0.5716
68
0385	0.1334	0.9842	1.4793	0.7100	0.0504s	1.3500	0.7040	0.5799
69
0386	0.1375	0.9789	1.3879	0.7200	0.0501s	1.2608	0.7060	0.5791
70
0387	0.1475	0.9789	1.4033	0.7100	0.0502s	1.2825	0.7040	0.5842
71
0388	0.1414	0.9763	1.4687	0.7000	0.0507s	1.3111	0.7030	0.5840
72
0389	0.1396	0.9711	1.4693	0.7100	0.0505s	1.2687	0.7160	0.5921
73
0390	0.1483	0.9737	1.4735	0.7080	0.0507s	1.2775	0.7170	0.5945
74
0391	0.1415	0.9816	1.4532	0.7200	0.0504s	1.2867	0.7070	0.5878
75
0392	0.1354	0.9763	1.4719	0.7020	0.0504s	1.3334	0.6960	0.5752
76
0393	0.1791	0.9684	1.4510	0.7160	0.0504s	1.3209	0.6900	0.5683
77
0394	0.1542	0.9789	1.4453	0.7160	0.0505s	1.2966	0.6970	0.5817
78
0395	0.1368	0.9711	1.4527	0.7100	0.0507s	1.3066	0.6910	0.5695
79
0396	0.1513	0.9842	1.4929	0.6880	0.0514s	1.3479	0.7080	0.5823
80
0397	0.1665	0.9737	1.3952	0.7200	0.0510s	1.2311	0.7150	0.5873
81
0398	0.1229	0.9816	1.4795	0.7040	0.0507s	1.2861	0.7010	0.5801
82
0399	0.1604	0.9632	1.5392	0.7100	0.0502s	1.3676	0.6920	0.5786
83
0400	0.1395	0.9763	1.6678	0.6860	0.0504s	1.4869	0.6780	0.5659
84
0401	0.1406	0.9763	1.4858	0.7020	0.0502s	1.3494	0.7040	0.5778
85
0402	0.1594	0.9658	1.4113	0.7000	0.0507s	1.2908	0.7130	0.5795
86
0403	0.1692	0.9632	1.4500	0.7100	0.0503s	1.3220	0.6840	0.5747
87
0404	0.1540	0.9737	1.5147	0.7060	0.0504s	1.3709	0.6870	0.5855
88
0405	0.1267	0.9816	1.6134	0.6860	0.0507s	1.4225	0.6850	0.5781
89
0406	0.1350	0.9737	1.5916	0.6940	0.0510s	1.3824	0.6990	0.5767
90
0407	0.1213	0.9921	1.5445	0.7040	0.0503s	1.3544	0.7090	0.5914
91
0408	0.1584	0.9737	1.4671	0.7120	0.0503s	1.2913	0.7090	0.5826
92
0409	0.1571	0.9658	1.4081	0.7140	0.0505s	1.2474	0.6990	0.5834
93
0410	0.1317	0.9816	1.5267	0.6820	0.0511s	1.3701	0.6890	0.5758
94
0411	0.1770	0.9421	1.5098	0.7160	0.0505s	1.3273	0.7050	0.5791
95
0412	0.1353	0.9737	1.5627	0.7040	0.0504s	1.3763	0.7010	0.5739
96
0413	0.1440	0.9763	1.5785	0.6960	0.0506s	1.3950	0.6860	0.5599
97
0414	0.1523	0.9789	1.5019	0.6960	0.0511s	1.3111	0.7070	0.5830
98
0415	0.1495	0.9789	1.4635	0.6960	0.0509s	1.2898	0.6960	0.5795
99
0416	0.1546	0.9763	1.4518	0.7100	0.0502s	1.2751	0.7060	0.5824
100
0417	0.1709	0.9658	1.4487	0.7100	0.0503s	1.2877	0.7130	0.5946
101
0418	0.1535	0.9763	1.5455	0.7020	0.0503s	1.4110	0.6950	0.5856
102
0419	0.1441	0.9842	1.5490	0.6940	0.0503s	1.4062	0.6960	0.5785
103
0420	0.1580	0.9737	1.4297	0.7000	0.0505s	1.2934	0.7030	0.5820
104
0421	0.1638	0.9605	1.3350	0.7160	0.0503s	1.1955	0.7180	0.5905
105
0422	0.1234	0.9842	1.3583	0.7140	0.0506s	1.2261	0.7130	0.5882
106
0423	0.1411	0.9658	1.4442	0.6980	0.0504s	1.3101	0.6990	0.5992
107
0424	0.1567	0.9737	1.4701	0.6920	0.0508s	1.3402	0.7050	0.6091
108
0425	0.1205	0.9947	1.4411	0.7100	0.0503s	1.3077	0.7020	0.5810
109
0426	0.1345	0.9895	1.5114	0.7060	0.0504s	1.3466	0.6920	0.5724
110
0427	0.1464	0.9737	1.5487	0.7120	0.0506s	1.3778	0.6960	0.5799
111
0428	0.1360	0.9711	1.5445	0.7020	0.0504s	1.3800	0.7020	0.5829
112
0429	0.1176	0.9921	1.4861	0.6980	0.0503s	1.3517	0.7020	0.5803
113
0430	0.1419	0.9711	1.3947	0.7060	0.0507s	1.2720	0.7080	0.5800
114
0431	0.1492	0.9868	1.4255	0.7140	0.0503s	1.3014	0.7030	0.5796
115
0432	0.1286	0.9868	1.4772	0.7100	0.0505s	1.3480	0.6920	0.5703
116
0433	0.1307	0.9842	1.5402	0.7040	0.0503s	1.4124	0.7010	0.5737
117
0434	0.1172	0.9921	1.6226	0.7040	0.0504s	1.4844	0.7000	0.5734
118
0435	0.1528	0.9711	1.6773	0.6940	0.0506s	1.4977	0.6970	0.5793
119
0436	0.1464	0.9737	1.5854	0.6780	0.0502s	1.3843	0.6970	0.5794
120
0437	0.1724	0.9579	1.3596	0.7120	0.0502s	1.2169	0.7150	0.5833
121
0438	0.1505	0.9763	1.4284	0.7060	0.0503s	1.3118	0.6920	0.5703
122
0439	0.1768	0.9474	1.4400	0.7100	0.0504s	1.3182	0.6960	0.5720
123
0440	0.1225	0.9895	1.6427	0.6880	0.0512s	1.4973	0.6780	0.5671
124
0441	0.1683	0.9763	1.6055	0.7060	0.0505s	1.4456	0.7010	0.5693
125
0442	0.1425	0.9711	1.5586	0.7080	0.0505s	1.3939	0.7020	0.5751
126
0443	0.1451	0.9632	1.4342	0.7120	0.0505s	1.2820	0.7070	0.5977
127
0444	0.1756	0.9500	1.4225	0.7000	0.0503s	1.2950	0.6870	0.5789
128
0445	0.1497	0.9737	1.5081	0.6940	0.0502s	1.3891	0.6870	0.5788
129
0446	0.1764	0.9526	1.3807	0.7020	0.0504s	1.2476	0.7220	0.6065
130
0447	0.1510	0.9737	1.4906	0.7140	0.0504s	1.3529	0.7030	0.5838
131
0448	0.1732	0.9737	1.5307	0.6940	0.0503s	1.4035	0.6840	0.5574
132
0449	0.1396	0.9816	1.4022	0.7120	0.0502s	1.3047	0.6910	0.5649
133
0450	0.1327	0.9658	1.3468	0.7040	0.0503s	1.2694	0.7030	0.5832
134
0451	0.1505	0.9711	1.3528	0.6900	0.0503s	1.2570	0.7080	0.5905
135
0452	0.1420	0.9763	1.3593	0.7020	0.0503s	1.2168	0.7220	0.5981
136
0453	0.1392	0.9711	1.4924	0.6960	0.0504s	1.2958	0.7030	0.5908
137
0454	0.1444	0.9789	1.6046	0.6780	0.0500s	1.3730	0.6930	0.5879
138
0455	0.1464	0.9711	1.4648	0.7020	0.0502s	1.2474	0.7080	0.5823
139
0456	0.1413	0.9842	1.3831	0.7120	0.0502s	1.2220	0.7100	0.5814
140
0457	0.1474	0.9789	1.4263	0.7140	0.0512s	1.3019	0.6960	0.5752
141
0458	0.1321	0.9789	1.4937	0.7080	0.0501s	1.3645	0.6850	0.5730
142
0459	0.1494	0.9842	1.4401	0.7120	0.0500s	1.3049	0.7010	0.5776
143
0460	0.1323	0.9816	1.3891	0.7060	0.0505s	1.2472	0.7170	0.5862
144
0461	0.1239	0.9816	1.4147	0.7020	0.0504s	1.2648	0.7180	0.5889
145
0462	0.1304	0.9816	1.4768	0.7000	0.0508s	1.2957	0.7090	0.5785
146
0463	0.1189	0.9895	1.5108	0.7100	0.0506s	1.3228	0.6960	0.5767
147
0464	0.1588	0.9711	1.4805	0.7200	0.0504s	1.2988	0.7120	0.5862
148
0465	0.1235	0.9868	1.4296	0.7240	0.0504s	1.2636	0.7180	0.5805
149
0466	0.1319	0.9763	1.4413	0.7240	0.0503s	1.2865	0.7070	0.5775
150
0467	0.1358	0.9737	1.4635	0.7180	0.0503s	1.3134	0.7020	0.5883
151
0468	0.1277	0.9789	1.5266	0.7100	0.0501s	1.3787	0.7000	0.5809
152
0469	0.1440	0.9789	1.5200	0.7120	0.0502s	1.3535	0.7050	0.5762
153
0470	0.1306	0.9842	1.4707	0.7240	0.0505s	1.2771	0.7140	0.5818
154
0471	0.1266	0.9816	1.4704	0.7120	0.0504s	1.2686	0.7080	0.5736
155
0472	0.1232	0.9763	1.5224	0.7040	0.0503s	1.3244	0.7020	0.5658
156
0473	0.1299	0.9816	1.6374	0.6900	0.0503s	1.4411	0.6900	0.5834
157
0474	0.1245	0.9763	1.4955	0.7120	0.0503s	1.3202	0.6910	0.5767
158
0475	0.1279	0.9684	1.4420	0.7200	0.0505s	1.2476	0.7160	0.5949
159
0476	0.1316	0.9737	1.4435	0.7100	0.0502s	1.2196	0.7210	0.5998
160
0477	0.1301	0.9763	1.4900	0.7080	0.0501s	1.2704	0.7130	0.5885
161
0478	0.1312	0.9711	1.5338	0.7080	0.0501s	1.3424	0.6960	0.5756
162
0479	0.0993	0.9868	1.5885	0.7080	0.0504s	1.4061	0.6870	0.5685
163
0480	0.1821	0.9684	1.4586	0.7180	0.0503s	1.2748	0.7080	0.5760
164
0481	0.1256	0.9789	1.4790	0.7120	0.0522s	1.3087	0.6780	0.5713
165
0482	0.1667	0.9684	1.4434	0.7120	0.0506s	1.2790	0.7100	0.5758
166
0483	0.1376	0.9816	1.5624	0.7080	0.0504s	1.4086	0.6980	0.5820
167
0484	0.1613	0.9684	1.4961	0.7060	0.0503s	1.3434	0.6990	0.5835
168
0485	0.1369	0.9763	1.3990	0.7220	0.0504s	1.2526	0.6990	0.5786
169
0486	0.1211	0.9737	1.4175	0.7140	0.0503s	1.2693	0.6840	0.5675
170
0487	0.1725	0.9684	1.4787	0.7080	0.0507s	1.2925	0.7070	0.5913
171
0488	0.1353	0.9737	1.7392	0.6740	0.0501s	1.5423	0.6870	0.5821
172
0489	0.1864	0.9526	1.4955	0.6940	0.0501s	1.3913	0.6960	0.5840
173
0490	0.1443	0.9789	1.3648	0.7040	0.0503s	1.3002	0.6980	0.5782
174
0491	0.1683	0.9789	1.3409	0.7020	0.0504s	1.2747	0.6980	0.5753
175
0492	0.1722	0.9632	1.5438	0.6960	0.0501s	1.4082	0.6790	0.5704
176
0493	0.1445	0.9684	1.5497	0.6860	0.0505s	1.3774	0.7060	0.5809
177
0494	0.1717	0.9632	1.4397	0.7120	0.0503s	1.2671	0.7180	0.5920
178
0495	0.1425	0.9737	1.4371	0.7040	0.0504s	1.2988	0.7010	0.5851
179
0496	0.1446	0.9842	1.4170	0.7080	0.0505s	1.3053	0.7000	0.5818
180
0497	0.1320	0.9816	1.4301	0.6860	0.0501s	1.3362	0.6970	0.5801
181
0498	0.1398	0.9737	1.3804	0.7120	0.0503s	1.2854	0.7060	0.5805
182
0499	0.1420	0.9868	1.4546	0.7160	0.0503s	1.3229	0.7000	0.5812
183
0500	0.1828	0.9658	1.5023	0.7020	0.0500s	1.3520	0.7030	0.5836
184
0501	0.1490	0.9789	1.5001	0.7020	0.0506s	1.3275	0.7020	0.5740
185
0502	0.1535	0.9684	1.4387	0.7000	0.0504s	1.2446	0.7120	0.5770
186
0503	0.1445	0.9789	1.3880	0.7060	0.0504s	1.2119	0.7130	0.5828
187
0504	0.1152	0.9974	1.3750	0.7060	0.0503s	1.2259	0.7090	0.5841
188
0505	0.1342	0.9789	1.4133	0.7020	0.0509s	1.2922	0.7110	0.5870
189
0506	0.1129	0.9868	1.4463	0.7040	0.0517s	1.3429	0.7070	0.5824
190
0507	0.1153	0.9921	1.4192	0.7020	0.0510s	1.3230	0.7090	0.5814
191
0508	0.1411	0.9737	1.4388	0.7120	0.0521s	1.3373	0.6930	0.5706
192
0509	0.1313	0.9816	1.4584	0.7100	0.0527s	1.3417	0.6860	0.5650
193
0510	0.1301	0.9868	1.4524	0.7020	0.0523s	1.3290	0.7120	0.5833
194
0511	0.1332	0.9789	1.4651	0.7020	0.0509s	1.3173	0.7110	0.5810
195
0512	0.1243	0.9842	1.5086	0.7000	0.0504s	1.3627	0.7130	0.5822
196
0513	0.1436	0.9658	1.5214	0.7080	0.0506s	1.3637	0.7070	0.5815
197
0514	0.1598	0.9737	1.4817	0.7100	0.0505s	1.3209	0.6980	0.5749
198
0515	0.1334	0.9737	1.5184	0.6900	0.0503s	1.3536	0.6930	0.5715
199
Early stop! Min loss:1.2588967084884644,  Max accuracy:0.726
Early stop model validation loss:1.2588967084884644,  accuracy:0.714
Optimization Finished!
Total time elapsed: 26.3782s
test max acc:0.7220
Loading 118th epoch
stru_node_to_hop attention:tensor([[0.2479, 0.2504, 0.2508, 0.2509],
        [0.2481, 0.2503, 0.2506, 0.2509],
        [0.2408, 0.2539, 0.2527, 0.2525],
        [0.2428, 0.2519, 0.2524, 0.2529],
        [0.2415, 0.2581, 0.2514, 0.2490],
        [0.2472, 0.2511, 0.2509, 0.2507],
        [0.2483, 0.2502, 0.2509, 0.2506],
        [0.2459, 0.2525, 0.2507, 0.2508],
        [0.2471, 0.2519, 0.2504, 0.2505],
        [0.2478, 0.2519, 0.2502, 0.2502],
        [0.2480, 0.2511, 0.2503, 0.2505],
        [0.2403, 0.2520, 0.2537, 0.2540],
        [0.2497, 0.2501, 0.2503, 0.2499],
        [0.2133, 0.2526, 0.2653, 0.2688],
        [0.2258, 0.2431, 0.2682, 0.2630],
        [0.2500, 0.2500, 0.2500, 0.2500],
        [0.2500, 0.2500, 0.2500, 0.2500],
        [0.2500, 0.2500, 0.2500, 0.2500],
        [0.2485, 0.2492, 0.2512, 0.2510],
        [0.2498, 0.2500, 0.2501, 0.2501],
        [0.2496, 0.2500, 0.2502, 0.2502],
        [0.2500, 0.2500, 0.2500, 0.2500],
        [0.2486, 0.2496, 0.2508, 0.2510],
        [0.2500, 0.2500, 0.2500, 0.2500],
        [0.2496, 0.2502, 0.2501, 0.2501],
        [0.2500, 0.2500, 0.2500, 0.2500],
        [0.2501, 0.2500, 0.2500, 0.2500],
        [0.2415, 0.2523, 0.2528, 0.2534],
        [0.2501, 0.2500, 0.2500, 0.2500],
        [0.2499, 0.2500, 0.2500, 0.2500],
        [0.2368, 0.2535, 0.2545, 0.2552],
        [0.2500, 0.2500, 0.2500, 0.2500],
        [0.2489, 0.2507, 0.2506, 0.2497],
        [0.2439, 0.2510, 0.2522, 0.2530],
        [0.2501, 0.2491, 0.2500, 0.2507],
        [0.2476, 0.2502, 0.2510, 0.2512],
        [0.2488, 0.2498, 0.2506, 0.2508],
        [0.2498, 0.2500, 0.2501, 0.2501],
        [0.2498, 0.2500, 0.2501, 0.2501],
        [0.2517, 0.2498, 0.2493, 0.2492],
        [0.2503, 0.2498, 0.2499, 0.2500],
        [0.2450, 0.2512, 0.2519, 0.2518],
        [0.2496, 0.2498, 0.2503, 0.2504],
        [0.2500, 0.2500, 0.2500, 0.2500],
        [0.2352, 0.2537, 0.2553, 0.2558],
        [0.1628, 0.3768, 0.2465, 0.2139],
        [0.2500, 0.2500, 0.2500, 0.2500],
        [0.2470, 0.2504, 0.2512, 0.2514],
        [0.2500, 0.2500, 0.2500, 0.2500],
        [0.2786, 0.2457, 0.2394, 0.2363],
        [0.2495, 0.2500, 0.2502, 0.2502],
        [0.2497, 0.2500, 0.2502, 0.2502],
        [0.2499, 0.2500, 0.2501, 0.2501],
        [0.2469, 0.2480, 0.2529, 0.2522],
        [0.2500, 0.2500, 0.2500, 0.2500],
        [0.2497, 0.2477, 0.2508, 0.2517],
        [0.2578, 0.2235, 0.2550, 0.2637],
        [0.2500, 0.2500, 0.2500, 0.2500],
        [0.2500, 0.2500, 0.2500, 0.2500],
        [0.2501, 0.2500, 0.2500, 0.2500],
        [0.2484, 0.2501, 0.2506, 0.2509],
        [0.2495, 0.2500, 0.2502, 0.2503],
        [0.2498, 0.2501, 0.2501, 0.2501],
        [0.2500, 0.2500, 0.2500, 0.2500],
        [0.2497, 0.2501, 0.2501, 0.2501],
        [0.2380, 0.2473, 0.2568, 0.2579],
        [0.2500, 0.2500, 0.2500, 0.2500],
        [0.2499, 0.2500, 0.2500, 0.2500],
        [0.2502, 0.2497, 0.2500, 0.2500],
        [0.2495, 0.2503, 0.2501, 0.2501],
        [0.2499, 0.2500, 0.2500, 0.2500],
        [0.2497, 0.2499, 0.2502, 0.2502],
        [0.2469, 0.2506, 0.2512, 0.2513],
        [0.2501, 0.2500, 0.2500, 0.2500],
        [0.2499, 0.2500, 0.2500, 0.2500],
        [0.2500, 0.2500, 0.2500, 0.2500],
        [0.2496, 0.2501, 0.2502, 0.2502],
        [0.2454, 0.2506, 0.2517, 0.2523],
        [0.2499, 0.2500, 0.2500, 0.2500],
        [0.2505, 0.2498, 0.2499, 0.2499],
        [0.2388, 0.2544, 0.2529, 0.2539],
        [0.2422, 0.2523, 0.2525, 0.2530],
        [0.2499, 0.2500, 0.2500, 0.2500],
        [0.2500, 0.2500, 0.2500, 0.2500],
        [0.2442, 0.2505, 0.2523, 0.2530],
        [0.2449, 0.2514, 0.2517, 0.2519],
        [0.2489, 0.2510, 0.2501, 0.2501],
        [0.2498, 0.2501, 0.2501, 0.2501],
        [0.2495, 0.2502, 0.2501, 0.2502],
        [0.2500, 0.2500, 0.2500, 0.2500],
        [0.2500, 0.2500, 0.2500, 0.2500],
        [0.2501, 0.2500, 0.2499, 0.2500],
        [0.2500, 0.2500, 0.2500, 0.2500],
        [0.2481, 0.2497, 0.2512, 0.2510],
        [0.2498, 0.2501, 0.2501, 0.2501],
        [0.2491, 0.2502, 0.2503, 0.2504],
        [0.2456, 0.2520, 0.2517, 0.2508],
        [0.2429, 0.2525, 0.2523, 0.2523],
        [0.2507, 0.2499, 0.2497, 0.2497],
        [0.2486, 0.2497, 0.2509, 0.2508]], device='cuda:1')
fea_node_to_hop attention:tensor([[0.1424, 0.1434, 0.1436, 0.1430, 0.1428, 0.1425, 0.1423],
        [0.1416, 0.1430, 0.1430, 0.1431, 0.1431, 0.1431, 0.1431],
        [0.1380, 0.1444, 0.1439, 0.1437, 0.1435, 0.1433, 0.1432],
        [0.1408, 0.1443, 0.1433, 0.1431, 0.1429, 0.1428, 0.1428],
        [0.1264, 0.1475, 0.1478, 0.1468, 0.1451, 0.1437, 0.1425],
        [0.1420, 0.1433, 0.1430, 0.1430, 0.1429, 0.1429, 0.1428],
        [0.1425, 0.1429, 0.1429, 0.1429, 0.1429, 0.1429, 0.1429],
        [0.1396, 0.1434, 0.1431, 0.1434, 0.1434, 0.1435, 0.1435],
        [0.1381, 0.1431, 0.1435, 0.1437, 0.1438, 0.1439, 0.1439],
        [0.1410, 0.1434, 0.1432, 0.1431, 0.1431, 0.1431, 0.1431],
        [0.1410, 0.1417, 0.1429, 0.1434, 0.1436, 0.1437, 0.1437],
        [0.1385, 0.1430, 0.1436, 0.1438, 0.1437, 0.1437, 0.1437],
        [0.1422, 0.1431, 0.1430, 0.1430, 0.1429, 0.1429, 0.1429],
        [0.1333, 0.1423, 0.1443, 0.1448, 0.1449, 0.1451, 0.1453],
        [0.1280, 0.1413, 0.1445, 0.1462, 0.1467, 0.1467, 0.1466],
        [0.1429, 0.1429, 0.1429, 0.1429, 0.1429, 0.1429, 0.1429],
        [0.1429, 0.1429, 0.1429, 0.1429, 0.1429, 0.1429, 0.1429],
        [0.1429, 0.1429, 0.1429, 0.1429, 0.1429, 0.1429, 0.1429],
        [0.1422, 0.1427, 0.1431, 0.1431, 0.1430, 0.1430, 0.1429],
        [0.1427, 0.1429, 0.1429, 0.1429, 0.1429, 0.1429, 0.1429],
        [0.1420, 0.1429, 0.1430, 0.1430, 0.1430, 0.1430, 0.1430],
        [0.1428, 0.1428, 0.1429, 0.1429, 0.1429, 0.1429, 0.1429],
        [0.1418, 0.1426, 0.1430, 0.1431, 0.1431, 0.1432, 0.1432],
        [0.1428, 0.1429, 0.1429, 0.1429, 0.1429, 0.1429, 0.1429],
        [0.1426, 0.1429, 0.1429, 0.1429, 0.1429, 0.1429, 0.1429],
        [0.1428, 0.1429, 0.1429, 0.1429, 0.1429, 0.1429, 0.1429],
        [0.1427, 0.1429, 0.1429, 0.1429, 0.1429, 0.1429, 0.1429],
        [0.1395, 0.1430, 0.1433, 0.1435, 0.1436, 0.1436, 0.1436],
        [0.1429, 0.1429, 0.1429, 0.1428, 0.1428, 0.1428, 0.1428],
        [0.1428, 0.1429, 0.1429, 0.1429, 0.1429, 0.1429, 0.1429],
        [0.1368, 0.1433, 0.1438, 0.1440, 0.1440, 0.1440, 0.1440],
        [0.1429, 0.1429, 0.1429, 0.1429, 0.1429, 0.1429, 0.1429],
        [0.1427, 0.1429, 0.1429, 0.1429, 0.1429, 0.1429, 0.1428],
        [0.1406, 0.1440, 0.1432, 0.1431, 0.1431, 0.1431, 0.1430],
        [0.1426, 0.1432, 0.1429, 0.1429, 0.1428, 0.1428, 0.1428],
        [0.1415, 0.1428, 0.1430, 0.1431, 0.1432, 0.1432, 0.1432],
        [0.1420, 0.1429, 0.1429, 0.1430, 0.1430, 0.1430, 0.1431],
        [0.1428, 0.1429, 0.1428, 0.1428, 0.1428, 0.1429, 0.1429],
        [0.1427, 0.1428, 0.1429, 0.1429, 0.1429, 0.1429, 0.1429],
        [0.1436, 0.1427, 0.1427, 0.1427, 0.1427, 0.1427, 0.1427],
        [0.1426, 0.1427, 0.1429, 0.1429, 0.1429, 0.1430, 0.1430],
        [0.1396, 0.1431, 0.1434, 0.1436, 0.1435, 0.1435, 0.1434],
        [0.1418, 0.1429, 0.1429, 0.1430, 0.1431, 0.1431, 0.1431],
        [0.1428, 0.1429, 0.1429, 0.1429, 0.1429, 0.1429, 0.1429],
        [0.1346, 0.1438, 0.1446, 0.1444, 0.1443, 0.1442, 0.1441],
        [0.1232, 0.1458, 0.1441, 0.1485, 0.1464, 0.1464, 0.1456],
        [0.1430, 0.1429, 0.1428, 0.1428, 0.1428, 0.1428, 0.1428],
        [0.1417, 0.1428, 0.1430, 0.1431, 0.1431, 0.1431, 0.1431],
        [0.1429, 0.1429, 0.1429, 0.1429, 0.1429, 0.1429, 0.1429],
        [0.1594, 0.1535, 0.1435, 0.1397, 0.1370, 0.1345, 0.1324],
        [0.1425, 0.1429, 0.1429, 0.1429, 0.1429, 0.1429, 0.1429],
        [0.1426, 0.1429, 0.1429, 0.1429, 0.1429, 0.1429, 0.1429],
        [0.1429, 0.1429, 0.1429, 0.1429, 0.1429, 0.1429, 0.1429],
        [0.1374, 0.1436, 0.1437, 0.1438, 0.1438, 0.1438, 0.1438],
        [0.1428, 0.1429, 0.1429, 0.1429, 0.1429, 0.1429, 0.1429],
        [0.1384, 0.1427, 0.1438, 0.1440, 0.1439, 0.1437, 0.1435],
        [0.1424, 0.1317, 0.1441, 0.1452, 0.1457, 0.1455, 0.1454],
        [0.1429, 0.1429, 0.1429, 0.1429, 0.1429, 0.1429, 0.1429],
        [0.1429, 0.1429, 0.1429, 0.1429, 0.1429, 0.1429, 0.1429],
        [0.1429, 0.1429, 0.1429, 0.1428, 0.1428, 0.1428, 0.1428],
        [0.1421, 0.1427, 0.1430, 0.1430, 0.1430, 0.1430, 0.1430],
        [0.1427, 0.1429, 0.1429, 0.1429, 0.1429, 0.1429, 0.1429],
        [0.1428, 0.1429, 0.1429, 0.1429, 0.1429, 0.1429, 0.1429],
        [0.1429, 0.1429, 0.1429, 0.1429, 0.1428, 0.1428, 0.1428],
        [0.1428, 0.1429, 0.1429, 0.1429, 0.1429, 0.1429, 0.1429],
        [0.1381, 0.1437, 0.1438, 0.1437, 0.1437, 0.1436, 0.1435],
        [0.1429, 0.1429, 0.1429, 0.1429, 0.1429, 0.1429, 0.1429],
        [0.1427, 0.1428, 0.1429, 0.1429, 0.1429, 0.1429, 0.1429],
        [0.1428, 0.1429, 0.1429, 0.1429, 0.1429, 0.1429, 0.1429],
        [0.1427, 0.1429, 0.1429, 0.1429, 0.1429, 0.1429, 0.1429],
        [0.1428, 0.1429, 0.1429, 0.1429, 0.1429, 0.1429, 0.1429],
        [0.1426, 0.1429, 0.1429, 0.1429, 0.1429, 0.1429, 0.1429],
        [0.1429, 0.1427, 0.1428, 0.1429, 0.1429, 0.1429, 0.1429],
        [0.1429, 0.1429, 0.1429, 0.1429, 0.1429, 0.1429, 0.1429],
        [0.1428, 0.1429, 0.1429, 0.1429, 0.1429, 0.1429, 0.1429],
        [0.1429, 0.1429, 0.1429, 0.1429, 0.1429, 0.1429, 0.1429],
        [0.1427, 0.1429, 0.1429, 0.1429, 0.1429, 0.1429, 0.1429],
        [0.1425, 0.1429, 0.1431, 0.1429, 0.1429, 0.1428, 0.1428],
        [0.1429, 0.1429, 0.1429, 0.1429, 0.1429, 0.1429, 0.1429],
        [0.1431, 0.1428, 0.1428, 0.1428, 0.1428, 0.1428, 0.1428],
        [0.1375, 0.1431, 0.1436, 0.1439, 0.1439, 0.1440, 0.1440],
        [0.1396, 0.1428, 0.1433, 0.1435, 0.1436, 0.1436, 0.1436],
        [0.1430, 0.1429, 0.1428, 0.1428, 0.1428, 0.1428, 0.1428],
        [0.1429, 0.1429, 0.1429, 0.1429, 0.1429, 0.1429, 0.1429],
        [0.1407, 0.1431, 0.1433, 0.1432, 0.1432, 0.1432, 0.1432],
        [0.1422, 0.1429, 0.1431, 0.1430, 0.1430, 0.1430, 0.1430],
        [0.1428, 0.1426, 0.1429, 0.1429, 0.1429, 0.1429, 0.1429],
        [0.1427, 0.1429, 0.1429, 0.1429, 0.1429, 0.1429, 0.1429],
        [0.1427, 0.1429, 0.1429, 0.1429, 0.1429, 0.1429, 0.1429],
        [0.1429, 0.1429, 0.1429, 0.1429, 0.1429, 0.1429, 0.1429],
        [0.1429, 0.1429, 0.1429, 0.1429, 0.1429, 0.1429, 0.1429],
        [0.1429, 0.1429, 0.1428, 0.1428, 0.1428, 0.1428, 0.1428],
        [0.1429, 0.1429, 0.1429, 0.1429, 0.1429, 0.1429, 0.1429],
        [0.1417, 0.1431, 0.1430, 0.1430, 0.1430, 0.1430, 0.1430],
        [0.1429, 0.1429, 0.1429, 0.1429, 0.1429, 0.1429, 0.1429],
        [0.1423, 0.1429, 0.1430, 0.1430, 0.1430, 0.1430, 0.1430],
        [0.1368, 0.1454, 0.1437, 0.1439, 0.1435, 0.1434, 0.1433],
        [0.1406, 0.1432, 0.1434, 0.1433, 0.1432, 0.1432, 0.1431],
        [0.1436, 0.1427, 0.1427, 0.1427, 0.1427, 0.1427, 0.1428],
        [0.1425, 0.1428, 0.1428, 0.1429, 0.1430, 0.1430, 0.1431]],
       device='cuda:1')
perception attention:tensor([0.4644, 0.5356], device='cuda:1')
Test set results: loss= 1.2043 accuracy= 0.7140 F1_score= 0.5899
