# epoch	loss_train	acc_train	loss_val	acc_val	time	acc_test	f1_test
0001	2.9613	0.0500	6.8164	0.1080	0.0501s	6.4645	0.1050	0.0100
0
0002	6.8401	0.1158	5.9350	0.2240	0.0504s	5.4638	0.2390	0.0599
0
0003	6.0888	0.2053	4.2346	0.2860	0.0510s	4.0474	0.2950	0.1242
0
0004	4.4253	0.2579	3.2215	0.2320	0.0528s	3.1403	0.2450	0.1551
0
0005	3.2068	0.2447	2.6745	0.2980	0.0637s	2.6291	0.3250	0.2329
0
0006	2.5715	0.3263	2.4064	0.2340	0.0746s	2.3603	0.2460	0.1442
0
0007	2.2723	0.2737	2.1550	0.3160	0.0596s	2.0930	0.3340	0.1802
0
0008	2.0652	0.3184	1.9581	0.4000	0.0753s	1.8713	0.4160	0.2638
0
0009	1.8646	0.4079	1.7913	0.4640	0.0600s	1.6858	0.5160	0.3382
0
0010	1.7238	0.4684	1.7104	0.4960	0.0594s	1.6004	0.5350	0.3408
0
0011	1.5916	0.5000	1.6786	0.4720	0.0597s	1.5762	0.5010	0.3460
0
0012	1.4960	0.5395	1.6389	0.4940	0.0594s	1.5279	0.5380	0.3923
0
0013	1.3603	0.5921	1.5815	0.5760	0.0594s	1.4483	0.6040	0.4696
0
0014	1.2619	0.6368	1.5437	0.5700	0.0611s	1.3892	0.6150	0.4659
0
0015	1.2008	0.6158	1.5393	0.5540	0.0597s	1.3977	0.6030	0.4392
0
0016	1.1863	0.6026	1.5148	0.5920	0.0593s	1.3716	0.6350	0.4783
0
0017	1.0861	0.6632	1.5432	0.5740	0.0594s	1.3839	0.6000	0.4549
0
0018	1.0545	0.6447	1.4843	0.5800	0.0593s	1.3285	0.6520	0.4854
1
0019	0.9679	0.6921	1.4799	0.6000	0.0594s	1.3384	0.6360	0.4823
0
0020	0.9086	0.7053	1.4350	0.6140	0.0552s	1.3074	0.6520	0.4995
0
0021	0.8508	0.7553	1.4027	0.6300	0.0513s	1.2788	0.6580	0.5015
0
0022	0.8151	0.7158	1.3808	0.6420	0.0505s	1.2628	0.6850	0.5512
0
0023	0.7969	0.7447	1.3921	0.6460	0.0505s	1.2848	0.6640	0.5391
0
0024	0.7425	0.7579	1.3923	0.6320	0.0502s	1.2897	0.6540	0.5299
0
0025	0.6775	0.7921	1.3305	0.6520	0.0502s	1.2417	0.6640	0.5011
1
0026	0.6292	0.7921	1.2960	0.6520	0.0509s	1.2076	0.6830	0.5346
0
0027	0.6024	0.8158	1.3387	0.6540	0.0503s	1.2298	0.6760	0.5574
0
0028	0.5787	0.8395	1.3980	0.6540	0.0504s	1.2771	0.6730	0.5483
0
0029	0.5390	0.8447	1.3736	0.6520	0.0503s	1.2495	0.6720	0.5324
0
0030	0.5179	0.8289	1.3283	0.6700	0.0502s	1.2229	0.6790	0.5481
1
0031	0.4718	0.8632	1.3367	0.6860	0.0502s	1.2360	0.6900	0.5607
0
0032	0.4642	0.8579	1.3511	0.6920	0.0507s	1.2444	0.6880	0.5655
0
0033	0.4455	0.8868	1.3251	0.6840	0.0503s	1.2279	0.6760	0.5494
0
0034	0.4203	0.9026	1.3034	0.6860	0.0516s	1.2374	0.6940	0.5569
1
0035	0.4241	0.8632	1.2988	0.7000	0.0504s	1.2300	0.6990	0.5938
2
0036	0.3440	0.9079	1.3750	0.6820	0.0503s	1.2893	0.6840	0.5650
0
0037	0.3818	0.8737	1.3099	0.6940	0.0503s	1.2437	0.6880	0.5703
1
0038	0.3795	0.8947	1.2937	0.7040	0.0504s	1.2596	0.7000	0.5626
2
0039	0.3469	0.9316	1.2957	0.7040	0.0504s	1.2388	0.6950	0.5693
0
0040	0.3115	0.9289	1.2963	0.7040	0.0503s	1.2354	0.6890	0.5714
0
0041	0.2827	0.9316	1.2814	0.6980	0.0502s	1.2335	0.7030	0.5775
0
0042	0.3256	0.9184	1.2447	0.7000	0.0513s	1.2080	0.7050	0.5780
0
0043	0.2792	0.9421	1.3440	0.6840	0.0502s	1.2990	0.6890	0.5724
0
0044	0.2987	0.9395	1.3420	0.7040	0.0504s	1.3011	0.6980	0.5880
1
0045	0.2863	0.9368	1.3084	0.7180	0.0501s	1.2654	0.6970	0.5790
0
0046	0.2736	0.9395	1.2871	0.7100	0.0501s	1.2386	0.6950	0.5721
0
0047	0.2706	0.9026	1.2759	0.7200	0.0505s	1.2196	0.7110	0.5862
1
0048	0.2297	0.9500	1.3035	0.7180	0.0502s	1.2448	0.7220	0.5874
0
0049	0.2350	0.9500	1.3049	0.7140	0.0503s	1.2538	0.7090	0.5767
1
0050	0.2257	0.9553	1.3416	0.7040	0.0532s	1.2949	0.6840	0.5961
2
0051	0.2608	0.9500	1.3275	0.7160	0.0513s	1.3024	0.6850	0.5926
3
0052	0.2100	0.9658	1.3472	0.7020	0.0504s	1.3319	0.6930	0.5940
4
0053	0.2505	0.9447	1.3170	0.7020	0.0502s	1.2871	0.7060	0.5772
5
0054	0.2420	0.9342	1.3094	0.7060	0.0503s	1.2529	0.6870	0.5702
6
0055	0.2412	0.9395	1.3775	0.7020	0.0503s	1.3091	0.6930	0.5674
7
0056	0.2323	0.9447	1.3805	0.7120	0.0500s	1.3115	0.6950	0.5639
8
0057	0.2242	0.9553	1.4222	0.7000	0.0503s	1.3396	0.6940	0.5682
9
0058	0.2050	0.9632	1.4607	0.6860	0.0514s	1.3880	0.6870	0.5718
10
0059	0.2644	0.9342	1.3369	0.6940	0.0507s	1.3011	0.6950	0.5792
11
0060	0.2337	0.9553	1.3159	0.7040	0.0504s	1.2798	0.6970	0.5871
12
0061	0.2578	0.9500	1.3066	0.7100	0.0505s	1.2708	0.6990	0.5994
13
0062	0.2122	0.9605	1.3613	0.7000	0.0502s	1.3200	0.6930	0.5808
14
0063	0.2338	0.9474	1.3672	0.7100	0.0506s	1.3250	0.6920	0.5698
15
0064	0.2194	0.9553	1.4017	0.6980	0.0502s	1.3404	0.6970	0.5742
16
0065	0.2505	0.9421	1.2882	0.7100	0.0517s	1.2270	0.7020	0.5763
17
0066	0.2095	0.9605	1.2909	0.7020	0.0506s	1.2227	0.7070	0.5942
18
0067	0.2271	0.9421	1.3242	0.7180	0.0504s	1.2638	0.6990	0.5932
19
0068	0.2298	0.9553	1.3296	0.7100	0.0503s	1.3117	0.7000	0.5817
20
0069	0.2451	0.9368	1.3451	0.7040	0.0502s	1.3598	0.6870	0.5721
21
0070	0.2181	0.9632	1.3097	0.6980	0.0501s	1.2978	0.6840	0.5717
22
0071	0.2112	0.9500	1.2665	0.7000	0.0505s	1.2296	0.6970	0.5768
23
0072	0.1996	0.9658	1.2757	0.6960	0.0504s	1.2170	0.7070	0.5762
24
0073	0.2193	0.9395	1.2709	0.7100	0.0503s	1.1995	0.7040	0.5606
25
0074	0.1837	0.9711	1.3381	0.7020	0.0505s	1.2607	0.6920	0.5599
26
0075	0.2238	0.9605	1.3019	0.7160	0.0504s	1.2279	0.6960	0.5577
27
0076	0.2012	0.9711	1.2877	0.7080	0.0500s	1.2306	0.7000	0.5626
28
0077	0.2123	0.9553	1.3133	0.7080	0.0502s	1.2598	0.6940	0.5892
29
0078	0.1891	0.9684	1.3083	0.7100	0.0503s	1.2594	0.6880	0.5866
30
0079	0.2033	0.9500	1.2474	0.7220	0.0502s	1.2043	0.6990	0.5877
31
0080	0.2251	0.9395	1.2811	0.7040	0.0508s	1.2353	0.7000	0.5634
0
0081	0.2146	0.9526	1.3105	0.7000	0.0504s	1.2479	0.6980	0.5610
1
0082	0.1971	0.9526	1.4136	0.6920	0.0511s	1.3195	0.6780	0.5582
2
0083	0.2191	0.9316	1.3393	0.7020	0.0504s	1.2484	0.6960	0.5714
3
0084	0.2008	0.9553	1.3150	0.7100	0.0503s	1.2363	0.7100	0.5703
4
0085	0.2364	0.9395	1.2885	0.7180	0.0507s	1.2084	0.7140	0.5716
5
0086	0.2144	0.9632	1.3154	0.7180	0.0502s	1.2429	0.7000	0.5654
6
0087	0.1880	0.9737	1.3605	0.7000	0.0504s	1.3076	0.6820	0.5557
7
0088	0.2101	0.9526	1.3482	0.7040	0.0503s	1.3103	0.6940	0.5867
8
0089	0.2038	0.9684	1.3992	0.7080	0.0503s	1.3483	0.6920	0.5838
9
0090	0.2029	0.9553	1.3125	0.7200	0.0503s	1.2691	0.6900	0.5853
10
0091	0.1931	0.9684	1.2532	0.7120	0.0503s	1.2074	0.6990	0.5905
11
0092	0.1990	0.9684	1.2176	0.7200	0.0499s	1.1733	0.7120	0.5971
12
0093	0.1928	0.9684	1.3460	0.7140	0.0504s	1.2986	0.7010	0.6084
0
0094	0.1940	0.9632	1.3390	0.7180	0.0506s	1.2935	0.7030	0.6038
1
0095	0.1947	0.9632	1.3170	0.7160	0.0522s	1.2523	0.6960	0.5763
2
0096	0.2192	0.9474	1.2534	0.6920	0.0508s	1.1985	0.7080	0.5878
3
0097	0.2126	0.9474	1.3779	0.7020	0.0502s	1.3048	0.6950	0.5847
4
0098	0.2472	0.9500	1.4518	0.6960	0.0504s	1.3827	0.6840	0.5913
5
0099	0.2139	0.9500	1.3691	0.7040	0.0502s	1.3228	0.6910	0.5624
6
0100	0.2421	0.9526	1.2241	0.7200	0.0506s	1.1808	0.7230	0.5952
7
0101	0.2086	0.9579	1.3717	0.7200	0.0501s	1.3193	0.6910	0.5864
8
0102	0.2251	0.9526	1.4550	0.6900	0.0503s	1.3990	0.6740	0.5901
9
0103	0.1776	0.9763	1.4084	0.6980	0.0504s	1.3608	0.6880	0.5872
10
0104	0.2252	0.9447	1.3045	0.7000	0.0505s	1.2773	0.7010	0.5872
11
0105	0.2034	0.9579	1.2842	0.7160	0.0502s	1.2330	0.7050	0.5913
12
0106	0.1865	0.9632	1.3126	0.7120	0.0503s	1.2513	0.6900	0.6018
13
0107	0.2141	0.9447	1.3831	0.6980	0.0502s	1.3047	0.6790	0.5724
14
0108	0.2237	0.9500	1.2825	0.7040	0.0514s	1.2018	0.7010	0.5732
15
0109	0.2011	0.9605	1.4185	0.6920	0.0505s	1.3327	0.6960	0.5612
16
0110	0.2148	0.9500	1.3915	0.7040	0.0504s	1.2953	0.6860	0.5519
17
0111	0.1913	0.9658	1.3510	0.7000	0.0502s	1.2624	0.6860	0.5494
18
0112	0.1718	0.9632	1.3642	0.7000	0.0502s	1.3025	0.6790	0.5649
19
0113	0.1937	0.9711	1.2656	0.7160	0.0503s	1.2116	0.6970	0.5704
20
0114	0.1738	0.9789	1.2571	0.7140	0.0514s	1.1871	0.7050	0.5826
21
0115	0.1703	0.9842	1.2899	0.7020	0.0503s	1.2124	0.7020	0.5811
22
0116	0.1831	0.9711	1.3375	0.7140	0.0502s	1.2707	0.7000	0.5748
23
0117	0.1947	0.9737	1.4585	0.6960	0.0509s	1.3667	0.6920	0.5706
24
0118	0.1960	0.9474	1.3693	0.7060	0.0502s	1.2923	0.6810	0.5485
25
0119	0.1821	0.9737	1.3867	0.7060	0.0502s	1.3017	0.6810	0.5473
26
0120	0.2016	0.9447	1.3367	0.7120	0.0504s	1.2389	0.7140	0.5735
27
0121	0.1821	0.9632	1.4303	0.7080	0.0503s	1.3640	0.6870	0.5634
28
0122	0.1909	0.9658	1.3342	0.7260	0.0517s	1.2769	0.6950	0.5925
29
0123	0.2011	0.9658	1.2878	0.7100	0.0524s	1.2384	0.6860	0.5885
0
0124	0.1584	0.9789	1.2872	0.7100	0.0530s	1.2500	0.6740	0.5735
1
0125	0.1809	0.9684	1.3196	0.7100	0.0522s	1.2431	0.6930	0.5793
2
0126	0.1974	0.9421	1.3974	0.7060	0.0519s	1.2916	0.7110	0.5968
3
0127	0.1749	0.9684	1.4930	0.7040	0.0536s	1.3978	0.6810	0.5670
4
0128	0.2029	0.9763	1.3544	0.7200	0.0517s	1.2747	0.6880	0.5715
5
0129	0.1856	0.9605	1.3171	0.7100	0.0507s	1.2834	0.6830	0.5713
6
0130	0.1737	0.9632	1.3253	0.7140	0.0507s	1.2992	0.6850	0.5670
7
0131	0.1634	0.9711	1.3190	0.7020	0.0501s	1.2763	0.6910	0.5710
8
0132	0.1846	0.9605	1.3217	0.7080	0.0503s	1.2521	0.7010	0.5730
9
0133	0.1763	0.9763	1.2935	0.7060	0.0507s	1.2015	0.7070	0.5731
10
0134	0.1867	0.9737	1.3545	0.6920	0.0504s	1.2438	0.6940	0.5641
11
0135	0.2037	0.9605	1.3576	0.6980	0.0515s	1.2520	0.6990	0.5769
12
0136	0.1866	0.9632	1.3657	0.7120	0.0502s	1.2611	0.7040	0.6031
13
0137	0.1767	0.9658	1.3133	0.7300	0.0504s	1.2369	0.7040	0.5704
14
0138	0.2111	0.9605	1.2545	0.7180	0.0503s	1.1962	0.6980	0.5674
0
0139	0.1784	0.9737	1.2887	0.7240	0.0502s	1.2271	0.6910	0.5606
1
0140	0.1695	0.9737	1.4029	0.6960	0.0505s	1.3274	0.7000	0.5594
2
0141	0.1828	0.9579	1.3355	0.7140	0.0505s	1.2756	0.6950	0.5518
3
0142	0.1702	0.9763	1.3018	0.7000	0.0503s	1.2466	0.6900	0.5551
4
0143	0.1812	0.9711	1.2470	0.7140	0.0502s	1.1898	0.7000	0.5768
5
0144	0.1933	0.9447	1.2670	0.7060	0.0505s	1.1860	0.7100	0.6019
6
0145	0.1929	0.9658	1.3657	0.7240	0.0509s	1.2920	0.6990	0.5962
7
0146	0.1760	0.9579	1.4333	0.7100	0.0504s	1.3591	0.6890	0.5861
8
0147	0.1749	0.9684	1.4294	0.6960	0.0501s	1.3472	0.6730	0.5459
9
0148	0.1562	0.9737	1.3714	0.6940	0.0512s	1.2904	0.6790	0.5569
10
0149	0.1764	0.9553	1.3354	0.7180	0.0507s	1.2539	0.6950	0.5593
11
0150	0.1417	0.9763	1.3466	0.7120	0.0504s	1.2786	0.7030	0.5863
12
0151	0.1950	0.9763	1.3379	0.7240	0.0501s	1.2762	0.6830	0.5672
13
0152	0.1436	0.9789	1.4896	0.6740	0.0503s	1.4045	0.6620	0.5457
14
0153	0.2414	0.9474	1.3672	0.6980	0.0505s	1.3052	0.6830	0.5651
15
0154	0.2375	0.9447	1.5930	0.6940	0.0505s	1.5098	0.6670	0.5669
16
0155	0.2509	0.9421	1.6214	0.6720	0.0503s	1.4931	0.6760	0.5696
17
0156	0.1958	0.9658	1.6151	0.6720	0.0503s	1.4974	0.6580	0.5514
18
0157	0.2427	0.9368	1.3872	0.6640	0.0506s	1.3102	0.6930	0.5595
19
0158	0.2746	0.9237	1.3769	0.6820	0.0502s	1.3460	0.6720	0.5540
20
0159	0.2868	0.9132	1.4788	0.6760	0.0502s	1.4050	0.6790	0.5686
21
0160	0.2216	0.9526	1.5900	0.6740	0.0504s	1.4839	0.6570	0.5359
22
0161	0.2428	0.9447	1.6135	0.6600	0.0518s	1.4761	0.6660	0.5377
23
0162	0.2459	0.9395	1.3306	0.6980	0.0503s	1.2444	0.6930	0.5530
24
0163	0.1932	0.9500	1.2786	0.7000	0.0509s	1.2173	0.6890	0.5709
25
0164	0.2053	0.9579	1.3681	0.6840	0.0503s	1.2957	0.6890	0.5880
26
0165	0.2244	0.9500	1.2472	0.7080	0.0503s	1.1691	0.6980	0.5980
27
0166	0.1864	0.9553	1.2168	0.7180	0.0503s	1.1287	0.7040	0.5798
28
0167	0.1797	0.9737	1.2711	0.7100	0.0505s	1.1811	0.6840	0.5528
0
0168	0.1760	0.9711	1.3655	0.6900	0.0503s	1.2731	0.6800	0.5480
1
0169	0.1981	0.9684	1.3906	0.6920	0.0504s	1.2953	0.6790	0.5506
2
0170	0.1903	0.9763	1.3996	0.7020	0.0502s	1.2777	0.6930	0.5632
3
0171	0.1767	0.9632	1.3998	0.7160	0.0502s	1.2609	0.6920	0.5617
4
0172	0.1664	0.9868	1.3912	0.7120	0.0505s	1.2413	0.6870	0.5556
5
0173	0.1811	0.9474	1.3192	0.7140	0.0502s	1.1748	0.7030	0.5774
6
0174	0.1774	0.9658	1.3086	0.6900	0.0510s	1.1982	0.6920	0.5714
7
0175	0.1645	0.9737	1.3227	0.7080	0.0502s	1.2266	0.6820	0.5750
8
0176	0.1693	0.9658	1.3360	0.7180	0.0504s	1.2464	0.6740	0.5654
9
0177	0.1708	0.9684	1.3799	0.7000	0.0500s	1.2968	0.6760	0.5620
10
0178	0.1573	0.9526	1.4176	0.6940	0.0501s	1.3194	0.6950	0.5656
11
0179	0.1673	0.9763	1.4324	0.6820	0.0502s	1.3173	0.7010	0.5671
12
0180	0.1867	0.9789	1.4491	0.7100	0.0499s	1.3133	0.6880	0.5652
13
0181	0.1530	0.9763	1.4929	0.7020	0.0502s	1.3603	0.6780	0.5544
14
0182	0.1878	0.9632	1.4090	0.7180	0.0502s	1.2950	0.6840	0.5686
15
0183	0.1536	0.9763	1.3226	0.7360	0.0507s	1.2197	0.7010	0.5807
16
0184	0.1650	0.9737	1.3293	0.7120	0.0504s	1.2423	0.7050	0.5970
0
0185	0.1408	0.9868	1.3365	0.7120	0.0503s	1.2555	0.6960	0.5666
1
0186	0.1698	0.9658	1.3372	0.7220	0.0503s	1.2491	0.6960	0.5640
2
0187	0.1465	0.9737	1.3945	0.7180	0.0500s	1.2916	0.7000	0.6026
3
0188	0.1865	0.9605	1.3573	0.7260	0.0520s	1.2576	0.6950	0.5989
4
0189	0.1444	0.9763	1.3317	0.7140	0.0504s	1.2288	0.6980	0.5895
5
0190	0.1602	0.9816	1.3123	0.7120	0.0502s	1.2128	0.7140	0.6036
6
0191	0.1536	0.9763	1.3353	0.7280	0.0504s	1.2164	0.7090	0.5856
7
0192	0.1370	0.9789	1.4348	0.7100	0.0507s	1.3004	0.7020	0.5682
8
0193	0.2032	0.9579	1.6023	0.6940	0.0503s	1.4703	0.6870	0.5626
9
0194	0.1797	0.9553	1.6618	0.6740	0.0504s	1.5215	0.6850	0.5564
10
0195	0.1669	0.9579	1.4157	0.6980	0.0501s	1.2912	0.6980	0.5631
11
0196	0.1520	0.9737	1.3516	0.6980	0.0511s	1.2360	0.7070	0.5697
12
0197	0.1916	0.9632	1.3327	0.7100	0.0524s	1.2097	0.7090	0.5771
13
0198	0.1426	0.9789	1.4033	0.7140	0.0505s	1.2744	0.7010	0.5981
14
0199	0.1477	0.9658	1.4708	0.7080	0.0503s	1.3465	0.6940	0.6046
15
0200	0.1838	0.9737	1.3314	0.7160	0.0503s	1.2292	0.7030	0.5937
16
0201	0.1928	0.9526	1.3278	0.7140	0.0512s	1.2137	0.7190	0.6014
17
0202	0.1879	0.9500	1.3758	0.7120	0.0502s	1.2417	0.6950	0.5701
18
0203	0.1256	0.9921	1.4667	0.7160	0.0502s	1.3373	0.6830	0.5640
19
0204	0.1726	0.9711	1.4252	0.7220	0.0506s	1.3053	0.7000	0.5754
20
0205	0.1373	0.9763	1.3368	0.7120	0.0503s	1.2418	0.7020	0.5742
21
0206	0.1330	0.9684	1.2860	0.7180	0.0502s	1.1914	0.7040	0.5808
22
0207	0.1550	0.9711	1.2842	0.7220	0.0503s	1.1772	0.6980	0.5777
23
0208	0.1571	0.9816	1.3478	0.7160	0.0504s	1.2258	0.6950	0.5712
24
0209	0.1574	0.9737	1.4255	0.7140	0.0504s	1.2778	0.6920	0.5776
25
0210	0.1281	0.9895	1.4433	0.7140	0.0504s	1.3023	0.6890	0.5630
26
0211	0.1407	0.9842	1.4421	0.7060	0.0503s	1.3093	0.6930	0.5637
27
0212	0.1732	0.9632	1.3842	0.7100	0.0504s	1.2608	0.7010	0.5711
28
0213	0.1643	0.9684	1.3406	0.7200	0.0505s	1.2268	0.6960	0.5872
29
0214	0.1398	0.9737	1.3155	0.7200	0.0517s	1.2165	0.7040	0.5848
30
0215	0.1742	0.9447	1.3487	0.7200	0.0504s	1.2539	0.7040	0.5813
31
0216	0.1511	0.9842	1.3567	0.7280	0.0504s	1.2805	0.7040	0.5794
32
0217	0.1772	0.9658	1.3274	0.7240	0.0503s	1.2533	0.6920	0.5693
33
0218	0.1367	0.9737	1.3498	0.7080	0.0503s	1.2759	0.6750	0.5579
34
0219	0.1649	0.9658	1.4132	0.7200	0.0503s	1.3057	0.6830	0.5730
35
0220	0.1610	0.9816	1.5395	0.7080	0.0503s	1.3962	0.6830	0.5623
36
0221	0.1557	0.9816	1.4943	0.7180	0.0502s	1.3495	0.6940	0.5652
37
0222	0.1613	0.9711	1.3653	0.7100	0.0503s	1.2597	0.6890	0.5675
38
0223	0.1522	0.9763	1.3539	0.7000	0.0503s	1.2742	0.6840	0.5677
39
0224	0.1958	0.9526	1.3838	0.7180	0.0502s	1.3234	0.6790	0.5923
40
0225	0.1401	0.9789	1.4996	0.7020	0.0504s	1.4200	0.6760	0.5931
41
0226	0.1760	0.9684	1.4533	0.7200	0.0501s	1.3489	0.6840	0.5848
42
0227	0.1557	0.9763	1.3912	0.7040	0.0502s	1.2781	0.6870	0.5657
43
0228	0.1641	0.9684	1.3977	0.6840	0.0509s	1.2878	0.6900	0.5579
44
0229	0.1700	0.9711	1.3779	0.7060	0.0506s	1.2601	0.7070	0.5716
45
0230	0.1590	0.9658	1.4748	0.7120	0.0503s	1.3418	0.6990	0.5701
46
0231	0.1663	0.9711	1.4904	0.7080	0.0504s	1.3634	0.6970	0.5752
47
0232	0.1625	0.9711	1.3595	0.7060	0.0503s	1.2750	0.6860	0.5647
48
0233	0.1567	0.9658	1.3994	0.6940	0.0500s	1.3258	0.6780	0.5545
49
0234	0.1579	0.9763	1.3489	0.7160	0.0504s	1.2576	0.6850	0.5619
50
0235	0.1373	0.9816	1.4077	0.7200	0.0502s	1.2987	0.6980	0.5787
51
0236	0.1489	0.9789	1.4896	0.7120	0.0503s	1.3697	0.6920	0.5793
52
0237	0.1695	0.9684	1.4012	0.7100	0.0499s	1.2750	0.7040	0.5812
53
0238	0.1427	0.9816	1.2863	0.7060	0.0503s	1.1713	0.7060	0.5831
54
0239	0.1636	0.9711	1.3056	0.6960	0.0503s	1.2054	0.7030	0.5686
55
0240	0.1464	0.9789	1.4148	0.7060	0.0505s	1.3047	0.6880	0.5553
56
0241	0.1498	0.9711	1.4578	0.7140	0.0503s	1.3318	0.6900	0.5695
57
0242	0.1534	0.9868	1.4489	0.7160	0.0514s	1.3168	0.6940	0.5705
58
0243	0.1451	0.9737	1.4050	0.7180	0.0504s	1.2836	0.6930	0.5696
59
0244	0.1551	0.9816	1.3592	0.7160	0.0504s	1.2516	0.7000	0.5784
60
0245	0.1453	0.9737	1.3226	0.7180	0.0502s	1.2228	0.7080	0.5846
61
0246	0.1505	0.9868	1.3085	0.7180	0.0503s	1.2000	0.7050	0.5836
62
0247	0.1569	0.9763	1.3412	0.7240	0.0507s	1.2246	0.7150	0.5895
63
0248	0.1405	0.9842	1.4125	0.7280	0.0504s	1.2716	0.7050	0.5771
64
0249	0.1502	0.9763	1.4670	0.7060	0.0502s	1.3291	0.6930	0.5574
65
0250	0.1600	0.9632	1.5003	0.6940	0.0504s	1.3618	0.6790	0.5538
66
0251	0.1542	0.9711	1.4176	0.7120	0.0505s	1.3065	0.6960	0.5754
67
0252	0.1383	0.9895	1.3875	0.7200	0.0505s	1.2848	0.6950	0.5739
68
0253	0.1533	0.9737	1.3563	0.7240	0.0505s	1.2435	0.7020	0.5844
69
0254	0.1631	0.9737	1.4416	0.6980	0.0503s	1.3359	0.6760	0.5652
70
0255	0.1523	0.9763	1.4372	0.7180	0.0503s	1.3174	0.6800	0.5649
71
0256	0.1544	0.9711	1.4837	0.7100	0.0502s	1.3696	0.6880	0.5663
72
0257	0.1755	0.9605	1.4793	0.7020	0.0503s	1.3768	0.6870	0.5663
73
0258	0.1596	0.9658	1.4011	0.7140	0.0503s	1.2995	0.6870	0.5654
74
0259	0.1535	0.9632	1.4699	0.6980	0.0505s	1.3683	0.6770	0.5607
75
0260	0.1629	0.9658	1.3919	0.7300	0.0504s	1.2906	0.6960	0.5682
76
0261	0.1471	0.9842	1.4282	0.7100	0.0508s	1.3478	0.6990	0.5812
77
0262	0.1488	0.9842	1.3795	0.7060	0.0522s	1.2979	0.7100	0.5872
78
0263	0.1510	0.9737	1.3256	0.7200	0.0505s	1.2269	0.6980	0.5734
79
0264	0.1424	0.9763	1.4086	0.7020	0.0503s	1.3089	0.6790	0.5673
80
0265	0.1757	0.9605	1.4323	0.7140	0.0502s	1.3175	0.6860	0.5753
81
0266	0.1542	0.9737	1.4233	0.7200	0.0503s	1.3044	0.7030	0.5811
82
0267	0.1508	0.9737	1.3412	0.7160	0.0503s	1.2539	0.7100	0.5725
83
0268	0.1849	0.9526	1.3691	0.7180	0.0503s	1.2789	0.7040	0.5749
84
0269	0.1393	0.9816	1.4316	0.7000	0.0503s	1.3446	0.6760	0.5583
85
0270	0.1495	0.9868	1.3669	0.7160	0.0503s	1.2690	0.6940	0.5765
86
0271	0.1411	0.9842	1.3018	0.7220	0.0507s	1.1845	0.7130	0.5853
87
0272	0.1392	0.9921	1.2983	0.7180	0.0504s	1.1714	0.7140	0.5792
88
0273	0.1387	0.9789	1.3524	0.7120	0.0503s	1.2537	0.6970	0.5849
89
0274	0.1318	0.9868	1.4228	0.7080	0.0501s	1.3313	0.6800	0.5686
90
0275	0.1640	0.9711	1.3599	0.7220	0.0503s	1.2531	0.7060	0.6092
91
0276	0.1488	0.9684	1.2758	0.7180	0.0508s	1.1491	0.7160	0.6103
92
0277	0.1615	0.9605	1.2910	0.7180	0.0502s	1.1600	0.7170	0.5954
93
0278	0.1432	0.9895	1.4160	0.6980	0.0502s	1.2867	0.7040	0.5888
94
0279	0.1438	0.9789	1.4185	0.7140	0.0505s	1.2821	0.6990	0.5632
95
0280	0.1588	0.9789	1.4211	0.7180	0.0503s	1.2643	0.7050	0.5599
96
0281	0.1537	0.9789	1.3914	0.7240	0.0508s	1.2346	0.6980	0.5589
97
0282	0.1393	0.9868	1.4558	0.7180	0.0503s	1.3067	0.6930	0.5874
98
0283	0.1295	0.9842	1.4609	0.7180	0.0517s	1.3257	0.6930	0.5742
99
0284	0.1460	0.9763	1.4252	0.7100	0.0504s	1.3068	0.6930	0.5696
100
0285	0.1638	0.9658	1.3678	0.7080	0.0500s	1.2327	0.7010	0.5818
101
0286	0.1270	0.9816	1.4043	0.7120	0.0504s	1.2636	0.7010	0.5755
102
0287	0.1592	0.9711	1.4527	0.7240	0.0504s	1.3392	0.6980	0.5714
103
0288	0.1372	0.9763	1.5288	0.7100	0.0504s	1.4208	0.6860	0.5706
104
0289	0.1489	0.9711	1.5265	0.7000	0.0504s	1.4219	0.6790	0.5664
105
0290	0.1446	0.9737	1.4209	0.7120	0.0503s	1.3233	0.6920	0.5717
106
0291	0.1897	0.9500	1.4548	0.7100	0.0503s	1.3489	0.6870	0.5680
107
0292	0.1522	0.9737	1.5897	0.6840	0.0504s	1.5012	0.6680	0.5579
108
0293	0.2441	0.9316	1.4036	0.7120	0.0504s	1.2840	0.7000	0.5828
109
0294	0.1566	0.9737	1.4045	0.7040	0.0503s	1.2669	0.6970	0.5967
110
0295	0.2037	0.9500	1.4229	0.7020	0.0504s	1.2857	0.6900	0.5753
111
0296	0.1588	0.9684	1.4586	0.7160	0.0507s	1.3308	0.6880	0.5634
112
0297	0.1532	0.9789	1.4308	0.7220	0.0501s	1.3310	0.6910	0.5608
113
0298	0.1478	0.9816	1.4356	0.6960	0.0506s	1.3575	0.6860	0.5547
114
0299	0.1636	0.9711	1.3720	0.7140	0.0501s	1.3054	0.6920	0.5530
115
0300	0.1609	0.9684	1.3705	0.7240	0.0504s	1.2875	0.6810	0.5491
116
0301	0.1370	0.9921	1.3964	0.7120	0.0508s	1.2877	0.6890	0.5659
117
0302	0.1491	0.9763	1.3902	0.7140	0.0504s	1.2874	0.6960	0.5885
118
0303	0.1416	0.9763	1.3453	0.7220	0.0502s	1.2550	0.7030	0.5828
119
0304	0.1489	0.9684	1.3157	0.7220	0.0515s	1.2194	0.6960	0.5677
120
0305	0.1783	0.9658	1.3841	0.7080	0.0502s	1.2661	0.6850	0.5764
121
0306	0.1677	0.9605	1.4254	0.7260	0.0504s	1.2979	0.6950	0.5668
122
0307	0.1294	0.9868	1.4550	0.7080	0.0501s	1.3131	0.6970	0.5601
123
0308	0.1468	0.9658	1.3692	0.7180	0.0505s	1.2442	0.7000	0.5620
124
0309	0.1509	0.9816	1.3896	0.7200	0.0501s	1.2789	0.6820	0.5670
125
0310	0.1371	0.9816	1.4269	0.7080	0.0505s	1.3026	0.6770	0.5643
126
0311	0.1610	0.9737	1.5043	0.7160	0.0503s	1.3676	0.6910	0.5775
127
0312	0.1401	0.9868	1.5439	0.7100	0.0501s	1.4003	0.6930	0.5782
128
0313	0.1513	0.9816	1.4757	0.6880	0.0504s	1.3252	0.7030	0.5740
129
0314	0.1467	0.9789	1.3715	0.7100	0.0510s	1.2247	0.7040	0.5632
130
0315	0.1251	0.9816	1.4378	0.6940	0.0502s	1.2914	0.6910	0.5601
131
0316	0.1462	0.9816	1.3962	0.7080	0.0502s	1.2628	0.7020	0.5672
132
0317	0.1191	0.9789	1.5501	0.6860	0.0501s	1.4223	0.6880	0.5638
133
0318	0.1667	0.9763	1.4096	0.7140	0.0503s	1.2543	0.7100	0.5759
134
0319	0.1367	0.9763	1.4119	0.7160	0.0500s	1.2462	0.7120	0.5782
135
0320	0.1501	0.9711	1.5096	0.7180	0.0517s	1.3403	0.6920	0.5746
136
0321	0.1366	0.9789	1.5437	0.7080	0.0508s	1.3882	0.6880	0.5896
137
0322	0.1341	0.9868	1.4768	0.7120	0.0528s	1.3425	0.6880	0.5845
138
0323	0.1312	0.9816	1.3676	0.7220	0.0527s	1.2520	0.7030	0.5959
139
0324	0.1506	0.9711	1.3666	0.7240	0.0529s	1.2410	0.6970	0.5848
140
0325	0.1463	0.9711	1.4389	0.7080	0.0527s	1.3102	0.6860	0.5720
141
0326	0.1426	0.9711	1.4153	0.7200	0.0511s	1.2898	0.7060	0.5824
142
0327	0.1289	0.9763	1.5278	0.7060	0.0503s	1.4187	0.6810	0.5680
143
0328	0.1870	0.9632	1.5185	0.7060	0.0502s	1.3965	0.6900	0.5736
144
0329	0.1209	0.9842	1.5931	0.6960	0.0504s	1.4576	0.6790	0.5586
145
0330	0.1594	0.9658	1.4421	0.7160	0.0510s	1.3077	0.6860	0.5592
146
0331	0.1263	0.9789	1.4307	0.7140	0.0507s	1.3059	0.6940	0.5695
147
0332	0.1431	0.9737	1.3799	0.7160	0.0537s	1.2592	0.7070	0.5822
148
0333	0.1487	0.9684	1.4148	0.7080	0.0547s	1.2871	0.7030	0.5837
149
0334	0.1613	0.9579	1.4849	0.7200	0.0513s	1.3852	0.6850	0.5760
150
0335	0.1425	0.9842	1.5606	0.7080	0.0503s	1.4477	0.6780	0.5631
151
0336	0.1506	0.9789	1.5202	0.7200	0.0503s	1.3871	0.6830	0.5655
152
0337	0.1375	0.9868	1.4241	0.7280	0.0502s	1.2906	0.6990	0.5766
153
0338	0.1406	0.9763	1.4248	0.7080	0.0504s	1.2764	0.7090	0.5831
154
0339	0.1431	0.9711	1.3766	0.7160	0.0504s	1.2348	0.7100	0.5853
155
0340	0.1602	0.9763	1.3671	0.7200	0.0503s	1.2313	0.7130	0.5905
156
0341	0.1299	0.9737	1.4266	0.7220	0.0501s	1.3104	0.7020	0.5765
157
0342	0.1563	0.9763	1.4285	0.7180	0.0504s	1.3079	0.6960	0.5628
158
0343	0.1462	0.9816	1.4552	0.7000	0.0501s	1.3131	0.6890	0.5529
159
0344	0.1719	0.9684	1.4323	0.7180	0.0500s	1.2974	0.6940	0.5588
160
0345	0.1443	0.9789	1.4095	0.7200	0.0502s	1.2823	0.6900	0.5585
161
0346	0.1249	0.9763	1.4157	0.7140	0.0513s	1.2931	0.6950	0.5737
162
0347	0.1310	0.9789	1.4147	0.7160	0.0501s	1.2894	0.7010	0.5753
163
0348	0.1399	0.9816	1.4011	0.7160	0.0502s	1.2609	0.7020	0.5780
164
0349	0.1235	0.9895	1.3829	0.7160	0.0505s	1.2475	0.6940	0.5677
165
0350	0.1529	0.9632	1.3982	0.7260	0.0503s	1.2890	0.7020	0.5900
166
0351	0.1458	0.9711	1.4682	0.7140	0.0503s	1.3762	0.6880	0.5875
167
0352	0.1632	0.9737	1.4160	0.7180	0.0506s	1.3233	0.6900	0.5624
168
0353	0.1385	0.9737	1.3830	0.7160	0.0506s	1.2786	0.6970	0.5705
169
0354	0.1238	0.9947	1.4279	0.7060	0.0503s	1.2947	0.7000	0.5744
170
0355	0.1270	0.9816	1.4149	0.7220	0.0502s	1.2616	0.7180	0.5869
171
0356	0.1487	0.9658	1.3942	0.7120	0.0504s	1.2399	0.7050	0.5864
172
0357	0.1743	0.9711	1.4166	0.7160	0.0504s	1.2968	0.6870	0.5743
173
0358	0.1539	0.9658	1.5605	0.6860	0.0503s	1.4265	0.6810	0.5561
174
0359	0.1919	0.9553	1.4486	0.7040	0.0503s	1.2795	0.6960	0.5600
175
0360	0.1495	0.9763	1.4520	0.7100	0.0502s	1.2659	0.7060	0.5630
176
0361	0.1678	0.9711	1.4613	0.7040	0.0503s	1.3264	0.6830	0.5630
177
0362	0.1221	0.9842	1.6491	0.6860	0.0501s	1.5051	0.6680	0.5497
178
0363	0.1565	0.9711	1.5228	0.7100	0.0502s	1.3592	0.6850	0.5617
179
0364	0.1476	0.9789	1.4695	0.7100	0.0505s	1.2502	0.7120	0.5862
180
0365	0.1396	0.9763	1.5008	0.6980	0.0503s	1.2668	0.7140	0.5824
181
0366	0.1586	0.9816	1.4765	0.6900	0.0503s	1.3094	0.6990	0.5742
182
0367	0.1408	0.9711	1.6224	0.6600	0.0502s	1.4573	0.6760	0.5596
183
0368	0.2209	0.9395	1.5072	0.6960	0.0504s	1.3267	0.6850	0.5640
184
0369	0.1580	0.9605	1.6684	0.6920	0.0501s	1.4897	0.6650	0.5744
185
0370	0.1890	0.9447	1.4876	0.7000	0.0503s	1.3121	0.6950	0.5756
186
0371	0.1712	0.9737	1.4178	0.7000	0.0506s	1.2929	0.6910	0.5635
187
0372	0.1574	0.9763	1.4792	0.6840	0.0501s	1.3694	0.6800	0.5612
188
0373	0.1711	0.9658	1.5601	0.6960	0.0505s	1.4109	0.6860	0.5649
189
0374	0.1374	0.9842	1.6656	0.6740	0.0504s	1.4665	0.6760	0.5566
190
0375	0.1503	0.9868	1.5446	0.6900	0.0504s	1.3378	0.6840	0.5608
191
0376	0.1501	0.9605	1.4580	0.7100	0.0506s	1.2561	0.7090	0.5750
192
0377	0.1518	0.9711	1.3819	0.7100	0.0506s	1.2524	0.7050	0.5714
193
0378	0.1561	0.9474	1.5199	0.6780	0.0503s	1.4503	0.6880	0.5668
194
0379	0.1672	0.9553	1.4405	0.6940	0.0502s	1.3787	0.6780	0.5507
195
0380	0.1650	0.9684	1.6951	0.6680	0.0504s	1.5227	0.6650	0.5375
196
0381	0.2128	0.9421	1.4258	0.6960	0.0501s	1.3338	0.6760	0.5598
197
0382	0.1456	0.9711	1.5134	0.6920	0.0505s	1.3811	0.6920	0.5656
198
0383	0.1779	0.9500	1.5492	0.6920	0.0503s	1.3951	0.7030	0.5844
199
Early stop! Min loss:1.2167948484420776,  Max accuracy:0.736
Early stop model validation loss:1.2167948484420776,  accuracy:0.718
Optimization Finished!
Total time elapsed: 20.3730s
test max acc:0.7230
Loading 165th epoch
stru_node_to_hop attention:tensor([[0.2539, 0.2487, 0.2488, 0.2486],
        [0.2489, 0.2505, 0.2503, 0.2503],
        [0.2458, 0.2521, 0.2512, 0.2509],
        [0.2469, 0.2503, 0.2513, 0.2516],
        [0.2314, 0.2621, 0.2534, 0.2531],
        [0.2431, 0.2524, 0.2523, 0.2523],
        [0.2475, 0.2510, 0.2508, 0.2507],
        [0.2478, 0.2510, 0.2505, 0.2508],
        [0.2460, 0.2519, 0.2510, 0.2511],
        [0.2475, 0.2512, 0.2507, 0.2506],
        [0.2464, 0.2516, 0.2509, 0.2510],
        [0.2443, 0.2522, 0.2516, 0.2519],
        [0.2477, 0.2499, 0.2515, 0.2509],
        [0.2047, 0.2516, 0.2733, 0.2704],
        [0.2379, 0.2406, 0.2629, 0.2585],
        [0.2500, 0.2500, 0.2500, 0.2500],
        [0.2500, 0.2500, 0.2500, 0.2500],
        [0.2503, 0.2499, 0.2499, 0.2499],
        [0.2465, 0.2496, 0.2524, 0.2515],
        [0.2500, 0.2500, 0.2500, 0.2500],
        [0.2406, 0.2517, 0.2538, 0.2539],
        [0.2496, 0.2500, 0.2502, 0.2502],
        [0.2498, 0.2500, 0.2501, 0.2501],
        [0.2500, 0.2500, 0.2500, 0.2500],
        [0.2492, 0.2503, 0.2502, 0.2503],
        [0.2500, 0.2500, 0.2500, 0.2500],
        [0.2496, 0.2501, 0.2501, 0.2502],
        [0.2483, 0.2504, 0.2507, 0.2506],
        [0.2500, 0.2500, 0.2500, 0.2500],
        [0.2500, 0.2500, 0.2500, 0.2500],
        [0.2435, 0.2535, 0.2514, 0.2516],
        [0.2500, 0.2500, 0.2500, 0.2500],
        [0.2495, 0.2504, 0.2501, 0.2500],
        [0.2326, 0.2583, 0.2555, 0.2536],
        [0.2485, 0.2504, 0.2505, 0.2506],
        [0.2497, 0.2500, 0.2501, 0.2501],
        [0.2500, 0.2500, 0.2500, 0.2500],
        [0.2494, 0.2501, 0.2502, 0.2503],
        [0.2473, 0.2506, 0.2510, 0.2511],
        [0.2470, 0.2502, 0.2514, 0.2514],
        [0.2484, 0.2503, 0.2506, 0.2507],
        [0.2444, 0.2516, 0.2519, 0.2521],
        [0.2482, 0.2498, 0.2507, 0.2514],
        [0.2509, 0.2497, 0.2497, 0.2497],
        [0.2449, 0.2506, 0.2520, 0.2524],
        [0.1747, 0.3774, 0.2433, 0.2045],
        [0.2500, 0.2500, 0.2500, 0.2500],
        [0.2453, 0.2506, 0.2519, 0.2522],
        [0.2500, 0.2500, 0.2500, 0.2500],
        [0.2786, 0.2421, 0.2410, 0.2383],
        [0.2499, 0.2500, 0.2500, 0.2500],
        [0.2498, 0.2500, 0.2501, 0.2501],
        [0.2499, 0.2502, 0.2500, 0.2500],
        [0.2365, 0.2454, 0.2599, 0.2581],
        [0.2498, 0.2501, 0.2501, 0.2501],
        [0.2409, 0.2439, 0.2568, 0.2584],
        [0.2549, 0.2194, 0.2603, 0.2654],
        [0.2500, 0.2500, 0.2500, 0.2500],
        [0.2500, 0.2500, 0.2500, 0.2500],
        [0.2500, 0.2500, 0.2500, 0.2500],
        [0.2496, 0.2495, 0.2503, 0.2506],
        [0.2500, 0.2500, 0.2500, 0.2500],
        [0.2500, 0.2500, 0.2500, 0.2500],
        [0.2499, 0.2500, 0.2500, 0.2500],
        [0.2500, 0.2500, 0.2500, 0.2500],
        [0.2495, 0.2502, 0.2500, 0.2503],
        [0.2500, 0.2500, 0.2500, 0.2500],
        [0.2486, 0.2502, 0.2506, 0.2506],
        [0.2500, 0.2502, 0.2499, 0.2499],
        [0.2501, 0.2500, 0.2500, 0.2500],
        [0.2500, 0.2500, 0.2500, 0.2500],
        [0.2455, 0.2506, 0.2520, 0.2519],
        [0.2481, 0.2501, 0.2510, 0.2508],
        [0.2500, 0.2500, 0.2500, 0.2500],
        [0.2500, 0.2500, 0.2500, 0.2500],
        [0.2500, 0.2500, 0.2500, 0.2500],
        [0.2500, 0.2500, 0.2500, 0.2500],
        [0.2457, 0.2501, 0.2519, 0.2523],
        [0.2502, 0.2500, 0.2499, 0.2499],
        [0.2493, 0.2503, 0.2502, 0.2503],
        [0.2432, 0.2511, 0.2524, 0.2533],
        [0.2423, 0.2496, 0.2535, 0.2547],
        [0.2499, 0.2500, 0.2501, 0.2501],
        [0.2500, 0.2500, 0.2500, 0.2500],
        [0.2434, 0.2503, 0.2528, 0.2535],
        [0.2452, 0.2515, 0.2514, 0.2518],
        [0.2470, 0.2513, 0.2505, 0.2512],
        [0.2500, 0.2500, 0.2500, 0.2500],
        [0.2501, 0.2500, 0.2500, 0.2500],
        [0.2500, 0.2500, 0.2500, 0.2500],
        [0.2500, 0.2500, 0.2500, 0.2500],
        [0.2500, 0.2500, 0.2500, 0.2500],
        [0.2499, 0.2500, 0.2500, 0.2500],
        [0.2499, 0.2499, 0.2501, 0.2501],
        [0.2497, 0.2500, 0.2502, 0.2501],
        [0.2500, 0.2500, 0.2500, 0.2500],
        [0.2341, 0.2570, 0.2538, 0.2552],
        [0.2413, 0.2531, 0.2526, 0.2530],
        [0.2490, 0.2502, 0.2504, 0.2504],
        [0.2475, 0.2508, 0.2511, 0.2506]], device='cuda:1')
fea_node_to_hop attention:tensor([[0.1429, 0.1443, 0.1427, 0.1427, 0.1425, 0.1425, 0.1425],
        [0.1420, 0.1427, 0.1429, 0.1431, 0.1431, 0.1431, 0.1431],
        [0.1400, 0.1435, 0.1435, 0.1434, 0.1433, 0.1432, 0.1431],
        [0.1409, 0.1428, 0.1431, 0.1432, 0.1433, 0.1433, 0.1433],
        [0.1360, 0.1524, 0.1497, 0.1457, 0.1419, 0.1385, 0.1359],
        [0.1396, 0.1430, 0.1434, 0.1435, 0.1435, 0.1435, 0.1435],
        [0.1422, 0.1431, 0.1430, 0.1430, 0.1429, 0.1429, 0.1429],
        [0.1438, 0.1428, 0.1426, 0.1427, 0.1427, 0.1427, 0.1428],
        [0.1407, 0.1429, 0.1432, 0.1433, 0.1433, 0.1433, 0.1433],
        [0.1411, 0.1435, 0.1432, 0.1431, 0.1431, 0.1430, 0.1430],
        [0.1407, 0.1432, 0.1431, 0.1432, 0.1432, 0.1433, 0.1433],
        [0.1403, 0.1431, 0.1434, 0.1434, 0.1433, 0.1433, 0.1432],
        [0.1417, 0.1437, 0.1432, 0.1430, 0.1429, 0.1428, 0.1427],
        [0.1263, 0.1422, 0.1425, 0.1453, 0.1468, 0.1481, 0.1488],
        [0.1309, 0.1398, 0.1460, 0.1462, 0.1461, 0.1457, 0.1453],
        [0.1429, 0.1429, 0.1429, 0.1429, 0.1429, 0.1429, 0.1429],
        [0.1429, 0.1429, 0.1429, 0.1429, 0.1429, 0.1429, 0.1429],
        [0.1430, 0.1428, 0.1428, 0.1428, 0.1428, 0.1428, 0.1428],
        [0.1402, 0.1433, 0.1435, 0.1434, 0.1433, 0.1432, 0.1431],
        [0.1429, 0.1429, 0.1429, 0.1429, 0.1429, 0.1429, 0.1428],
        [0.1381, 0.1434, 0.1438, 0.1438, 0.1437, 0.1437, 0.1436],
        [0.1428, 0.1428, 0.1429, 0.1429, 0.1429, 0.1429, 0.1429],
        [0.1427, 0.1429, 0.1429, 0.1429, 0.1429, 0.1429, 0.1429],
        [0.1428, 0.1429, 0.1429, 0.1429, 0.1429, 0.1429, 0.1429],
        [0.1426, 0.1428, 0.1429, 0.1429, 0.1429, 0.1429, 0.1429],
        [0.1428, 0.1429, 0.1429, 0.1429, 0.1429, 0.1429, 0.1429],
        [0.1428, 0.1429, 0.1429, 0.1429, 0.1429, 0.1429, 0.1429],
        [0.1422, 0.1429, 0.1429, 0.1430, 0.1430, 0.1430, 0.1430],
        [0.1428, 0.1429, 0.1429, 0.1429, 0.1429, 0.1429, 0.1429],
        [0.1428, 0.1429, 0.1429, 0.1429, 0.1429, 0.1429, 0.1429],
        [0.1389, 0.1437, 0.1434, 0.1436, 0.1435, 0.1435, 0.1435],
        [0.1429, 0.1429, 0.1429, 0.1429, 0.1429, 0.1429, 0.1429],
        [0.1427, 0.1429, 0.1429, 0.1429, 0.1429, 0.1429, 0.1428],
        [0.1312, 0.1452, 0.1451, 0.1452, 0.1448, 0.1444, 0.1441],
        [0.1410, 0.1431, 0.1431, 0.1432, 0.1432, 0.1432, 0.1432],
        [0.1426, 0.1429, 0.1429, 0.1429, 0.1429, 0.1429, 0.1429],
        [0.1428, 0.1429, 0.1429, 0.1429, 0.1429, 0.1429, 0.1429],
        [0.1425, 0.1429, 0.1429, 0.1429, 0.1429, 0.1429, 0.1429],
        [0.1413, 0.1431, 0.1431, 0.1431, 0.1431, 0.1431, 0.1431],
        [0.1409, 0.1426, 0.1430, 0.1432, 0.1434, 0.1435, 0.1435],
        [0.1407, 0.1429, 0.1432, 0.1433, 0.1433, 0.1433, 0.1433],
        [0.1402, 0.1430, 0.1433, 0.1434, 0.1434, 0.1434, 0.1433],
        [0.1402, 0.1432, 0.1432, 0.1433, 0.1434, 0.1434, 0.1434],
        [0.1433, 0.1428, 0.1428, 0.1428, 0.1428, 0.1428, 0.1428],
        [0.1390, 0.1428, 0.1436, 0.1437, 0.1437, 0.1436, 0.1436],
        [0.1300, 0.1411, 0.1468, 0.1489, 0.1457, 0.1446, 0.1430],
        [0.1429, 0.1429, 0.1429, 0.1429, 0.1429, 0.1429, 0.1429],
        [0.1389, 0.1430, 0.1435, 0.1436, 0.1437, 0.1437, 0.1437],
        [0.1428, 0.1429, 0.1429, 0.1429, 0.1429, 0.1429, 0.1429],
        [0.1563, 0.1633, 0.1449, 0.1385, 0.1347, 0.1321, 0.1302],
        [0.1428, 0.1429, 0.1429, 0.1429, 0.1429, 0.1429, 0.1429],
        [0.1427, 0.1429, 0.1429, 0.1429, 0.1429, 0.1429, 0.1429],
        [0.1428, 0.1429, 0.1429, 0.1429, 0.1429, 0.1429, 0.1429],
        [0.1331, 0.1420, 0.1437, 0.1449, 0.1453, 0.1455, 0.1455],
        [0.1426, 0.1429, 0.1429, 0.1429, 0.1429, 0.1429, 0.1429],
        [0.1327, 0.1423, 0.1444, 0.1454, 0.1454, 0.1451, 0.1447],
        [0.1388, 0.1295, 0.1467, 0.1459, 0.1467, 0.1464, 0.1460],
        [0.1429, 0.1428, 0.1429, 0.1429, 0.1429, 0.1429, 0.1429],
        [0.1428, 0.1429, 0.1429, 0.1429, 0.1429, 0.1429, 0.1429],
        [0.1428, 0.1429, 0.1429, 0.1429, 0.1429, 0.1429, 0.1429],
        [0.1424, 0.1431, 0.1429, 0.1429, 0.1429, 0.1429, 0.1429],
        [0.1428, 0.1429, 0.1429, 0.1429, 0.1429, 0.1429, 0.1429],
        [0.1429, 0.1429, 0.1429, 0.1429, 0.1429, 0.1429, 0.1429],
        [0.1428, 0.1429, 0.1429, 0.1429, 0.1429, 0.1429, 0.1429],
        [0.1429, 0.1429, 0.1429, 0.1429, 0.1429, 0.1429, 0.1429],
        [0.1412, 0.1436, 0.1432, 0.1431, 0.1431, 0.1430, 0.1429],
        [0.1428, 0.1429, 0.1429, 0.1429, 0.1429, 0.1429, 0.1429],
        [0.1424, 0.1429, 0.1429, 0.1429, 0.1430, 0.1430, 0.1430],
        [0.1425, 0.1429, 0.1429, 0.1429, 0.1429, 0.1429, 0.1429],
        [0.1429, 0.1429, 0.1429, 0.1429, 0.1429, 0.1429, 0.1429],
        [0.1429, 0.1429, 0.1429, 0.1429, 0.1429, 0.1429, 0.1429],
        [0.1405, 0.1432, 0.1432, 0.1433, 0.1433, 0.1433, 0.1433],
        [0.1416, 0.1431, 0.1430, 0.1431, 0.1431, 0.1431, 0.1431],
        [0.1429, 0.1429, 0.1429, 0.1429, 0.1429, 0.1429, 0.1429],
        [0.1429, 0.1429, 0.1429, 0.1429, 0.1429, 0.1429, 0.1429],
        [0.1429, 0.1429, 0.1429, 0.1429, 0.1429, 0.1429, 0.1429],
        [0.1429, 0.1429, 0.1429, 0.1429, 0.1429, 0.1429, 0.1429],
        [0.1432, 0.1429, 0.1430, 0.1428, 0.1428, 0.1427, 0.1427],
        [0.1430, 0.1429, 0.1428, 0.1428, 0.1428, 0.1428, 0.1428],
        [0.1426, 0.1429, 0.1429, 0.1429, 0.1429, 0.1429, 0.1429],
        [0.1402, 0.1436, 0.1432, 0.1432, 0.1432, 0.1432, 0.1432],
        [0.1389, 0.1424, 0.1434, 0.1436, 0.1438, 0.1439, 0.1440],
        [0.1426, 0.1429, 0.1429, 0.1429, 0.1429, 0.1429, 0.1429],
        [0.1429, 0.1429, 0.1429, 0.1429, 0.1429, 0.1429, 0.1429],
        [0.1401, 0.1429, 0.1433, 0.1434, 0.1434, 0.1435, 0.1435],
        [0.1428, 0.1426, 0.1429, 0.1429, 0.1429, 0.1429, 0.1429],
        [0.1424, 0.1425, 0.1426, 0.1428, 0.1431, 0.1432, 0.1434],
        [0.1429, 0.1429, 0.1429, 0.1429, 0.1429, 0.1429, 0.1429],
        [0.1428, 0.1429, 0.1429, 0.1429, 0.1429, 0.1429, 0.1429],
        [0.1429, 0.1429, 0.1429, 0.1429, 0.1429, 0.1429, 0.1429],
        [0.1429, 0.1429, 0.1429, 0.1429, 0.1429, 0.1429, 0.1429],
        [0.1428, 0.1429, 0.1429, 0.1429, 0.1429, 0.1429, 0.1429],
        [0.1428, 0.1429, 0.1429, 0.1429, 0.1429, 0.1429, 0.1429],
        [0.1427, 0.1429, 0.1429, 0.1429, 0.1429, 0.1429, 0.1429],
        [0.1427, 0.1429, 0.1429, 0.1429, 0.1429, 0.1429, 0.1429],
        [0.1428, 0.1429, 0.1429, 0.1429, 0.1429, 0.1429, 0.1429],
        [0.1367, 0.1445, 0.1433, 0.1439, 0.1438, 0.1439, 0.1438],
        [0.1405, 0.1423, 0.1433, 0.1434, 0.1435, 0.1435, 0.1435],
        [0.1423, 0.1430, 0.1429, 0.1430, 0.1430, 0.1430, 0.1430],
        [0.1425, 0.1429, 0.1429, 0.1429, 0.1429, 0.1429, 0.1429]],
       device='cuda:1')
perception attention:tensor([0.4571, 0.5429], device='cuda:1')
Test set results: loss= 1.1287 accuracy= 0.7040 F1_score= 0.5798
