# epoch	loss_train	acc_train	loss_val	acc_val	time	acc_test	f1_test
0001	2.9651	0.0368	5.7815	0.1860	0.0500s	5.4422	0.1970	0.0563
0
0002	5.9160	0.1947	5.5511	0.1560	0.0506s	5.3711	0.1550	0.0141
0
0003	5.7310	0.1474	3.7186	0.2500	0.0506s	3.6194	0.2270	0.0991
0
0004	3.6964	0.2211	2.8657	0.2600	0.0502s	2.7773	0.2700	0.1840
0
0005	2.7444	0.2842	2.4715	0.3120	0.0503s	2.4073	0.3570	0.1801
0
0006	2.3617	0.3474	2.2709	0.2420	0.0505s	2.2032	0.2500	0.1062
0
0007	2.1977	0.2789	2.1021	0.3360	0.0505s	2.0391	0.3340	0.1848
0
0008	2.0568	0.3421	1.9129	0.4760	0.0503s	1.8595	0.4840	0.3032
0
0009	1.8470	0.4868	1.7819	0.5440	0.0510s	1.7207	0.5600	0.3748
0
0010	1.6970	0.5263	1.7180	0.5160	0.0533s	1.6276	0.5320	0.3430
0
0011	1.6049	0.5211	1.6438	0.5500	0.0514s	1.5340	0.5740	0.4005
0
0012	1.4796	0.5605	1.5350	0.5740	0.0523s	1.4305	0.6120	0.4213
0
0013	1.3469	0.5868	1.5088	0.5660	0.0511s	1.4059	0.6100	0.4301
0
0014	1.2570	0.6000	1.4971	0.5800	0.0509s	1.3864	0.6320	0.4648
0
0015	1.2116	0.6184	1.5073	0.5760	0.0520s	1.3783	0.6300	0.4753
0
0016	1.1377	0.6605	1.4497	0.6060	0.0512s	1.3007	0.6500	0.4818
1
0017	1.0718	0.6421	1.4244	0.5980	0.0504s	1.2785	0.6570	0.4771
0
0018	1.0179	0.6553	1.4545	0.6120	0.0519s	1.3102	0.6550	0.4852
0
0019	0.9724	0.6711	1.4487	0.6220	0.0518s	1.3035	0.6570	0.4883
0
0020	0.9160	0.6921	1.4070	0.6220	0.0512s	1.2646	0.6600	0.5039
0
0021	0.8542	0.7447	1.3926	0.6380	0.0518s	1.2642	0.6620	0.5433
0
0022	0.8390	0.7421	1.3484	0.6480	0.0520s	1.2355	0.6610	0.5299
0
0023	0.7535	0.7526	1.3270	0.6420	0.0518s	1.2120	0.6710	0.5200
0
0024	0.7080	0.7632	1.3633	0.6280	0.0512s	1.2405	0.6630	0.4908
0
0025	0.6709	0.7974	1.3506	0.6380	0.0521s	1.2495	0.6750	0.5142
1
0026	0.6317	0.8184	1.3527	0.6560	0.0522s	1.2508	0.6730	0.5502
2
0027	0.6169	0.8053	1.3180	0.6740	0.0527s	1.2076	0.6810	0.5575
0
0028	0.5771	0.8211	1.3364	0.6780	0.0512s	1.2216	0.6850	0.5597
0
0029	0.5076	0.8632	1.3691	0.6680	0.0517s	1.2533	0.6810	0.5509
0
0030	0.5396	0.8158	1.3071	0.6840	0.0514s	1.2107	0.6880	0.5517
1
0031	0.4769	0.8711	1.2994	0.6740	0.0513s	1.2079	0.6980	0.5673
0
0032	0.4889	0.8711	1.2990	0.6940	0.0520s	1.2108	0.6900	0.5574
0
0033	0.4166	0.8868	1.3603	0.6980	0.0512s	1.2640	0.6910	0.5719
0
0034	0.4511	0.8684	1.3595	0.6940	0.0509s	1.2642	0.7010	0.5698
0
0035	0.4218	0.8842	1.2869	0.6960	0.0508s	1.2151	0.6900	0.5561
1
0036	0.3539	0.9132	1.3118	0.6800	0.0507s	1.2398	0.6920	0.5630
0
0037	0.3913	0.8816	1.3861	0.6920	0.0510s	1.3144	0.6750	0.5564
1
0038	0.3753	0.8974	1.3502	0.6920	0.0506s	1.3122	0.6860	0.5619
2
0039	0.3320	0.9368	1.2743	0.7000	0.0514s	1.2614	0.6950	0.5606
3
0040	0.3364	0.9158	1.3122	0.6880	0.0504s	1.2630	0.6840	0.5599
0
0041	0.3250	0.9079	1.3185	0.7060	0.0500s	1.2436	0.6920	0.5682
1
0042	0.3048	0.9368	1.3708	0.6780	0.0503s	1.2835	0.6810	0.5592
0
0043	0.3095	0.9263	1.3083	0.7020	0.0506s	1.2452	0.7070	0.5809
1
0044	0.2896	0.9395	1.2876	0.7120	0.0500s	1.2359	0.7010	0.5754
2
0045	0.2953	0.9184	1.3675	0.7000	0.0512s	1.3055	0.6720	0.5559
0
0046	0.2883	0.9184	1.4530	0.6880	0.0502s	1.3879	0.6730	0.5595
1
0047	0.2850	0.9316	1.3938	0.7020	0.0501s	1.3374	0.6800	0.5502
2
0048	0.2550	0.9474	1.3323	0.6960	0.0503s	1.2806	0.7000	0.5681
3
0049	0.2527	0.9553	1.2793	0.7120	0.0503s	1.2170	0.7130	0.5851
4
0050	0.2811	0.9447	1.3589	0.7100	0.0500s	1.2876	0.6880	0.5685
0
0051	0.2267	0.9500	1.4055	0.6880	0.0502s	1.3382	0.6840	0.5679
1
0052	0.2450	0.9447	1.3995	0.6900	0.0502s	1.3484	0.6910	0.5669
2
0053	0.2471	0.9605	1.3548	0.7140	0.0502s	1.3058	0.6840	0.5639
3
0054	0.2236	0.9500	1.3827	0.7140	0.0504s	1.3143	0.6940	0.5719
0
0055	0.2245	0.9632	1.3328	0.7140	0.0502s	1.2616	0.7060	0.5782
0
0056	0.2352	0.9474	1.3552	0.7080	0.0501s	1.2625	0.7030	0.5708
0
0057	0.2053	0.9605	1.4031	0.6980	0.0503s	1.2974	0.6900	0.5575
1
0058	0.2107	0.9658	1.4199	0.6940	0.0502s	1.3223	0.6900	0.5705
2
0059	0.2045	0.9711	1.3699	0.7040	0.0503s	1.3026	0.7000	0.5798
3
0060	0.2161	0.9658	1.3021	0.7160	0.0505s	1.2548	0.6980	0.5776
4
0061	0.2190	0.9579	1.3330	0.7120	0.0503s	1.2794	0.7060	0.5811
0
0062	0.2054	0.9763	1.4601	0.6900	0.0503s	1.4018	0.6830	0.5868
1
0063	0.2536	0.9211	1.4268	0.6940	0.0503s	1.3361	0.6920	0.5713
2
0064	0.2081	0.9711	1.3690	0.6940	0.0512s	1.2722	0.6940	0.5596
3
0065	0.2188	0.9605	1.3293	0.7120	0.0502s	1.2364	0.7040	0.5731
4
0066	0.2131	0.9658	1.3748	0.7160	0.0502s	1.2867	0.7030	0.5865
5
0067	0.2089	0.9526	1.3884	0.7080	0.0502s	1.3096	0.6930	0.5792
0
0068	0.2164	0.9474	1.3191	0.7100	0.0502s	1.2572	0.6900	0.5706
1
0069	0.2148	0.9763	1.3264	0.7040	0.0504s	1.2629	0.7060	0.5724
2
0070	0.2082	0.9763	1.4169	0.7060	0.0504s	1.3220	0.6900	0.5685
3
0071	0.1932	0.9711	1.4584	0.6980	0.0517s	1.3412	0.6900	0.5634
4
0072	0.2110	0.9474	1.3722	0.6960	0.0507s	1.2592	0.7000	0.5658
5
0073	0.2177	0.9553	1.3605	0.6940	0.0508s	1.2525	0.6970	0.5632
6
0074	0.2244	0.9579	1.3726	0.7140	0.0502s	1.2784	0.6950	0.5700
7
0075	0.2360	0.9605	1.4397	0.6960	0.0500s	1.3574	0.6920	0.5792
8
0076	0.2403	0.9474	1.3223	0.7020	0.0503s	1.2651	0.6890	0.5618
9
0077	0.2121	0.9605	1.4000	0.6940	0.0504s	1.3263	0.6940	0.5706
10
0078	0.2236	0.9447	1.4466	0.6920	0.0503s	1.3440	0.6720	0.5486
11
0079	0.2110	0.9737	1.4388	0.7040	0.0502s	1.3340	0.6850	0.5636
12
0080	0.2037	0.9711	1.3724	0.7100	0.0501s	1.2703	0.7040	0.5746
13
0081	0.2036	0.9658	1.3065	0.7060	0.0509s	1.2284	0.7110	0.5779
14
0082	0.2050	0.9632	1.3447	0.7040	0.0506s	1.2522	0.6970	0.5684
15
0083	0.2030	0.9368	1.4650	0.6880	0.0502s	1.3609	0.6840	0.5660
16
0084	0.2138	0.9553	1.5204	0.6800	0.0514s	1.4008	0.6690	0.5602
17
0085	0.2133	0.9474	1.3122	0.7100	0.0511s	1.2212	0.7060	0.5719
18
0086	0.2071	0.9711	1.3268	0.7060	0.0503s	1.2391	0.7050	0.5703
19
0087	0.2647	0.9342	1.3415	0.7200	0.0503s	1.2550	0.6930	0.5736
20
0088	0.2290	0.9526	1.5547	0.6780	0.0504s	1.4837	0.6640	0.5591
0
0089	0.2691	0.9421	1.3624	0.7000	0.0506s	1.2947	0.6840	0.5540
1
0090	0.1998	0.9684	1.3467	0.6880	0.0503s	1.2583	0.6950	0.5624
2
0091	0.2560	0.9289	1.2705	0.7100	0.0502s	1.1801	0.7090	0.5826
3
0092	0.2404	0.9553	1.3726	0.6920	0.0508s	1.2984	0.6860	0.5794
0
0093	0.2391	0.9316	1.3962	0.6980	0.0503s	1.3312	0.6790	0.5932
1
0094	0.2279	0.9447	1.2816	0.7260	0.0503s	1.2061	0.6920	0.5902
2
0095	0.1886	0.9789	1.2854	0.7120	0.0503s	1.1958	0.6960	0.5897
0
0096	0.2016	0.9658	1.3359	0.7120	0.0505s	1.2344	0.6910	0.5640
1
0097	0.2342	0.9605	1.3739	0.7060	0.0505s	1.2918	0.6850	0.5592
2
0098	0.1887	0.9737	1.4169	0.7020	0.0503s	1.3423	0.6820	0.5569
3
0099	0.2042	0.9658	1.3717	0.7040	0.0509s	1.2783	0.6790	0.5609
4
0100	0.2133	0.9579	1.2772	0.7080	0.0504s	1.1674	0.7150	0.5860
5
0101	0.1782	0.9684	1.2856	0.7140	0.0504s	1.1672	0.7090	0.5839
6
0102	0.1967	0.9500	1.3092	0.7220	0.0503s	1.1932	0.7170	0.5827
7
0103	0.1809	0.9579	1.4253	0.7160	0.0513s	1.3149	0.6810	0.5590
8
0104	0.1910	0.9632	1.4778	0.6940	0.0504s	1.3728	0.6790	0.5691
9
0105	0.2026	0.9605	1.4607	0.6940	0.0503s	1.3464	0.6750	0.5578
10
0106	0.2128	0.9447	1.3384	0.7000	0.0503s	1.2248	0.6990	0.5715
11
0107	0.2020	0.9500	1.3271	0.7060	0.0509s	1.2006	0.6930	0.5684
12
0108	0.1836	0.9632	1.3376	0.7040	0.0512s	1.1968	0.7040	0.5775
13
0109	0.2147	0.9526	1.4363	0.7040	0.0504s	1.3300	0.6790	0.5632
14
0110	0.2063	0.9395	1.5374	0.6860	0.0508s	1.4211	0.6730	0.5631
15
0111	0.1911	0.9605	1.4184	0.7020	0.0511s	1.3008	0.6890	0.5670
16
0112	0.1876	0.9658	1.2933	0.7100	0.0508s	1.1999	0.7080	0.5877
17
0113	0.1819	0.9737	1.2784	0.7020	0.0502s	1.2013	0.7090	0.5999
18
0114	0.1881	0.9684	1.2915	0.7240	0.0500s	1.2092	0.6990	0.5923
19
0115	0.1722	0.9737	1.4244	0.7120	0.0505s	1.3247	0.6780	0.5778
20
0116	0.1904	0.9711	1.3590	0.7160	0.0502s	1.2681	0.7080	0.5899
21
0117	0.1855	0.9632	1.4015	0.7040	0.0502s	1.2846	0.7050	0.5682
22
0118	0.1927	0.9632	1.3752	0.7100	0.0504s	1.2403	0.6970	0.5653
23
0119	0.1638	0.9842	1.4512	0.6960	0.0503s	1.3381	0.6730	0.5592
24
0120	0.2080	0.9500	1.3624	0.7200	0.0506s	1.2758	0.6890	0.5732
25
0121	0.1906	0.9632	1.3633	0.7220	0.0503s	1.3080	0.6940	0.5743
26
0122	0.1968	0.9579	1.3719	0.7080	0.0508s	1.3148	0.6990	0.5744
27
0123	0.1911	0.9684	1.3842	0.7060	0.0530s	1.2865	0.6930	0.5645
28
0124	0.1900	0.9711	1.4410	0.6920	0.0522s	1.3310	0.6710	0.5566
29
0125	0.2009	0.9632	1.3056	0.7100	0.0513s	1.2081	0.7110	0.5780
30
0126	0.1673	0.9711	1.3511	0.7000	0.0505s	1.2886	0.7010	0.5799
31
0127	0.2120	0.9605	1.3689	0.7180	0.0517s	1.2886	0.6930	0.5737
32
0128	0.1971	0.9579	1.5203	0.6980	0.0508s	1.4163	0.6790	0.5757
33
0129	0.2043	0.9553	1.4930	0.7000	0.0504s	1.3832	0.6700	0.5621
34
0130	0.2113	0.9605	1.3430	0.7040	0.0526s	1.2498	0.7080	0.5830
35
0131	0.1913	0.9526	1.3374	0.6860	0.0551s	1.2716	0.6980	0.5765
36
0132	0.1916	0.9526	1.3500	0.7100	0.0536s	1.2790	0.6930	0.5790
37
0133	0.1722	0.9684	1.4955	0.7120	0.0521s	1.4013	0.6730	0.5784
38
0134	0.2023	0.9632	1.4927	0.7000	0.0507s	1.3859	0.6720	0.5618
39
0135	0.2002	0.9526	1.3574	0.7040	0.0509s	1.2804	0.7030	0.5737
40
0136	0.1717	0.9711	1.3999	0.7020	0.0506s	1.3376	0.6880	0.5592
41
0137	0.2273	0.9368	1.3759	0.7120	0.0502s	1.2697	0.6980	0.5873
42
0138	0.1607	0.9842	1.4533	0.7200	0.0503s	1.3465	0.6700	0.5537
43
0139	0.2330	0.9658	1.4155	0.7200	0.0504s	1.3054	0.6830	0.5727
44
0140	0.1758	0.9684	1.3236	0.7180	0.0507s	1.2588	0.7020	0.5793
45
0141	0.1803	0.9711	1.3188	0.7000	0.0520s	1.2590	0.7000	0.5728
46
0142	0.2067	0.9553	1.3641	0.7040	0.0506s	1.2604	0.6960	0.5791
47
0143	0.1843	0.9711	1.4215	0.7040	0.0506s	1.3038	0.6790	0.5725
48
0144	0.2017	0.9553	1.4657	0.6940	0.0505s	1.3382	0.6810	0.5669
49
0145	0.2050	0.9526	1.3606	0.7200	0.0503s	1.2400	0.7090	0.5878
50
0146	0.1815	0.9579	1.3253	0.7080	0.0504s	1.2313	0.7110	0.5870
51
0147	0.1758	0.9789	1.3187	0.7060	0.0504s	1.2207	0.7170	0.5877
52
0148	0.1619	0.9632	1.3382	0.7080	0.0504s	1.2236	0.6940	0.5687
53
0149	0.1735	0.9842	1.3864	0.7080	0.0502s	1.2762	0.6880	0.5649
54
0150	0.1742	0.9816	1.4302	0.6960	0.0502s	1.3256	0.6750	0.5649
55
0151	0.1824	0.9526	1.3914	0.7000	0.0504s	1.2825	0.6900	0.5693
56
0152	0.1735	0.9789	1.3465	0.7020	0.0503s	1.2432	0.7010	0.5741
57
0153	0.1754	0.9632	1.3388	0.7080	0.0501s	1.2260	0.7070	0.5728
58
0154	0.1592	0.9711	1.3402	0.7260	0.0503s	1.2222	0.6960	0.5700
59
0155	0.2000	0.9579	1.3639	0.7040	0.0502s	1.2175	0.7060	0.5945
0
0156	0.1619	0.9711	1.3962	0.7040	0.0504s	1.2582	0.7000	0.5764
1
0157	0.1751	0.9737	1.3413	0.7240	0.0502s	1.2409	0.7080	0.5968
2
0158	0.1877	0.9553	1.3974	0.7080	0.0502s	1.2982	0.6950	0.5868
3
0159	0.1749	0.9579	1.3423	0.7200	0.0503s	1.2139	0.7050	0.5891
4
0160	0.1627	0.9789	1.3337	0.7080	0.0504s	1.1870	0.6940	0.5703
5
0161	0.1736	0.9737	1.3314	0.7040	0.0532s	1.1870	0.7050	0.5709
6
0162	0.1671	0.9632	1.3793	0.7160	0.0507s	1.2769	0.7040	0.5922
7
0163	0.1702	0.9737	1.3902	0.7140	0.0519s	1.3119	0.6900	0.5702
8
0164	0.1762	0.9711	1.3101	0.7240	0.0508s	1.2260	0.6940	0.5671
9
0165	0.1675	0.9789	1.3359	0.7140	0.0504s	1.2472	0.6830	0.5461
10
0166	0.1628	0.9816	1.3707	0.7100	0.0503s	1.2620	0.6830	0.5814
11
0167	0.1569	0.9737	1.4292	0.6980	0.0503s	1.3116	0.6860	0.5820
12
0168	0.1386	0.9921	1.4492	0.7020	0.0504s	1.3294	0.6970	0.5931
13
0169	0.1732	0.9711	1.3976	0.7120	0.0503s	1.2504	0.7120	0.6006
14
0170	0.1897	0.9684	1.3758	0.7160	0.0503s	1.2114	0.7080	0.5979
15
0171	0.1584	0.9684	1.4793	0.6880	0.0502s	1.3167	0.6990	0.5941
16
0172	0.2193	0.9447	1.4123	0.7160	0.0501s	1.2818	0.6950	0.5836
17
0173	0.1810	0.9474	1.5158	0.6940	0.0505s	1.4070	0.6760	0.5523
18
0174	0.2148	0.9553	1.5635	0.6740	0.0501s	1.4559	0.6750	0.5677
19
0175	0.2410	0.9474	1.4395	0.7000	0.0503s	1.3292	0.6900	0.5862
20
0176	0.1921	0.9474	1.3437	0.7180	0.0504s	1.2312	0.6970	0.6001
21
0177	0.1633	0.9684	1.3817	0.7040	0.0502s	1.2512	0.6980	0.5914
22
0178	0.2066	0.9474	1.3662	0.7040	0.0501s	1.2087	0.7040	0.5715
23
0179	0.1637	0.9711	1.5054	0.6780	0.0503s	1.3257	0.7000	0.5602
24
0180	0.2033	0.9553	1.4908	0.6820	0.0503s	1.3463	0.6770	0.5631
25
0181	0.1646	0.9737	1.3372	0.7260	0.0513s	1.2254	0.6980	0.5935
26
0182	0.1899	0.9553	1.3134	0.6960	0.0504s	1.2371	0.6930	0.5780
0
0183	0.1967	0.9474	1.2572	0.7000	0.0502s	1.1995	0.6990	0.5878
1
0184	0.1626	0.9816	1.2781	0.6880	0.0505s	1.2146	0.6860	0.5804
0
0185	0.1690	0.9605	1.3275	0.7020	0.0504s	1.2244	0.6900	0.5916
1
0186	0.1870	0.9605	1.3655	0.7020	0.0504s	1.2127	0.7100	0.5855
2
0187	0.1681	0.9711	1.5154	0.6820	0.0501s	1.3275	0.7010	0.5645
3
0188	0.1853	0.9579	1.4233	0.6880	0.0500s	1.2469	0.7040	0.5596
4
0189	0.1837	0.9684	1.3386	0.7180	0.0502s	1.2077	0.6960	0.5894
5
0190	0.1521	0.9842	1.4501	0.6880	0.0502s	1.3390	0.6810	0.5875
6
0191	0.1879	0.9684	1.2926	0.7060	0.0501s	1.2026	0.6980	0.5864
7
0192	0.1608	0.9789	1.3129	0.7060	0.0503s	1.2265	0.7150	0.5996
8
0193	0.2013	0.9605	1.3119	0.7160	0.0503s	1.1864	0.7040	0.5958
9
0194	0.1665	0.9737	1.4758	0.6840	0.0503s	1.3172	0.6780	0.5594
10
0195	0.1690	0.9684	1.5195	0.6700	0.0505s	1.3263	0.6960	0.5746
11
0196	0.1962	0.9632	1.4202	0.7020	0.0502s	1.2348	0.6990	0.5939
12
0197	0.1707	0.9684	1.4877	0.6880	0.0505s	1.2936	0.6920	0.5779
13
0198	0.1573	0.9711	1.4349	0.7060	0.0503s	1.2549	0.6990	0.5756
14
0199	0.2006	0.9632	1.4445	0.7120	0.0502s	1.2891	0.6920	0.5589
15
0200	0.1697	0.9553	1.5417	0.6960	0.0506s	1.4029	0.6870	0.5646
16
0201	0.1692	0.9763	1.5450	0.7080	0.0503s	1.4179	0.6780	0.5669
17
0202	0.1617	0.9711	1.4410	0.7060	0.0503s	1.3184	0.6910	0.5754
18
0203	0.1750	0.9684	1.4205	0.6860	0.0573s	1.2767	0.6940	0.5527
19
0204	0.2131	0.9605	1.3093	0.7080	0.0520s	1.1534	0.7170	0.5817
20
0205	0.1719	0.9737	1.4368	0.6960	0.0507s	1.2718	0.7010	0.5962
21
0206	0.1763	0.9684	1.5545	0.6900	0.0507s	1.3964	0.6930	0.6120
22
0207	0.1850	0.9553	1.4189	0.7140	0.0510s	1.2706	0.6960	0.5906
23
0208	0.1499	0.9789	1.3381	0.7060	0.0503s	1.1933	0.7080	0.5776
24
0209	0.1691	0.9658	1.3011	0.7040	0.0502s	1.1620	0.7070	0.5788
25
0210	0.1785	0.9553	1.3385	0.7180	0.0567s	1.1991	0.7080	0.5972
26
0211	0.1695	0.9737	1.4528	0.7080	0.0500s	1.3358	0.6870	0.5969
27
0212	0.1570	0.9737	1.4323	0.7060	0.0504s	1.3267	0.6770	0.5692
28
0213	0.1563	0.9816	1.3629	0.7100	0.0524s	1.2485	0.6980	0.5764
29
0214	0.1455	0.9658	1.3673	0.7100	0.0519s	1.2253	0.7030	0.5917
30
0215	0.1845	0.9711	1.3700	0.7200	0.0514s	1.2206	0.6960	0.5910
31
0216	0.1629	0.9763	1.3962	0.7140	0.0503s	1.2609	0.6940	0.5941
32
0217	0.1630	0.9711	1.5273	0.6880	0.0510s	1.3974	0.6800	0.5965
33
0218	0.1784	0.9605	1.4164	0.7180	0.0516s	1.2836	0.6900	0.5966
34
0219	0.1472	0.9789	1.3687	0.7180	0.0516s	1.2233	0.7060	0.5907
35
0220	0.1600	0.9763	1.3841	0.7080	0.0504s	1.2266	0.7140	0.5917
36
0221	0.1878	0.9605	1.3691	0.7100	0.0505s	1.2436	0.7040	0.5961
37
0222	0.1647	0.9632	1.5293	0.6940	0.0511s	1.4045	0.6820	0.5809
38
0223	0.1814	0.9658	1.4753	0.6940	0.0503s	1.3499	0.6770	0.5799
39
0224	0.1411	0.9868	1.4842	0.7000	0.0503s	1.3520	0.6740	0.5529
40
0225	0.1610	0.9605	1.3680	0.7160	0.0502s	1.2511	0.6950	0.5779
41
0226	0.1644	0.9658	1.3604	0.7080	0.0510s	1.2605	0.6960	0.5840
42
0227	0.1593	0.9711	1.3795	0.7120	0.0503s	1.2587	0.6920	0.5902
43
0228	0.1415	0.9737	1.3934	0.7120	0.0505s	1.2397	0.6940	0.5951
44
0229	0.1628	0.9632	1.3877	0.6960	0.0502s	1.2176	0.7100	0.6024
45
0230	0.1401	0.9737	1.4174	0.7100	0.0505s	1.2372	0.7150	0.6070
46
0231	0.1937	0.9500	1.4239	0.7200	0.0504s	1.2557	0.7050	0.5980
47
0232	0.1384	0.9842	1.4974	0.7060	0.0506s	1.3656	0.6760	0.5758
48
0233	0.1807	0.9553	1.4828	0.7040	0.0502s	1.3801	0.6730	0.5739
49
0234	0.1661	0.9842	1.4229	0.7140	0.0507s	1.3234	0.6880	0.5683
50
0235	0.1641	0.9737	1.4431	0.7140	0.0504s	1.3084	0.6960	0.5827
51
0236	0.1672	0.9684	1.4509	0.7000	0.0505s	1.2907	0.7020	0.5851
52
0237	0.1526	0.9842	1.3569	0.7060	0.0502s	1.2201	0.7050	0.5909
53
0238	0.1419	0.9842	1.4030	0.6820	0.0507s	1.2905	0.7060	0.6000
54
0239	0.1790	0.9737	1.4853	0.6880	0.0505s	1.3313	0.6840	0.5889
55
0240	0.1893	0.9684	1.4560	0.7040	0.0505s	1.2785	0.7080	0.5986
56
0241	0.1605	0.9579	1.5357	0.6800	0.0504s	1.3549	0.6980	0.5888
57
0242	0.2101	0.9579	1.5948	0.6960	0.0504s	1.4360	0.7020	0.6203
58
0243	0.1976	0.9553	1.4487	0.7100	0.0501s	1.3310	0.6920	0.5971
59
0244	0.1500	0.9711	1.4447	0.6920	0.0503s	1.3391	0.6810	0.5600
60
0245	0.1696	0.9632	1.5355	0.6660	0.0502s	1.4248	0.6790	0.5431
61
0246	0.2784	0.9316	1.4739	0.7100	0.0504s	1.3488	0.6870	0.5871
62
0247	0.1785	0.9684	1.7535	0.6800	0.0502s	1.5997	0.6870	0.5987
63
0248	0.2302	0.9474	1.4675	0.7000	0.0502s	1.3296	0.7020	0.6014
64
0249	0.1779	0.9579	1.3969	0.6960	0.0501s	1.2741	0.6930	0.5726
65
0250	0.1687	0.9711	1.5354	0.6820	0.0502s	1.3920	0.6810	0.5524
66
0251	0.1901	0.9395	1.4672	0.6840	0.0503s	1.3438	0.6780	0.5590
67
0252	0.1985	0.9526	1.3919	0.7100	0.0502s	1.2780	0.6950	0.5937
68
0253	0.1707	0.9711	1.4612	0.7020	0.0503s	1.3338	0.6960	0.5818
69
0254	0.2091	0.9579	1.4974	0.6980	0.0510s	1.3507	0.7030	0.5817
70
0255	0.1932	0.9553	1.4940	0.6940	0.0505s	1.3388	0.6880	0.5652
71
0256	0.1738	0.9684	1.3549	0.7080	0.0507s	1.2087	0.7000	0.5839
72
0257	0.1681	0.9816	1.3428	0.7000	0.0506s	1.2349	0.6940	0.5913
73
0258	0.1812	0.9632	1.3342	0.7020	0.0506s	1.2353	0.6810	0.5768
74
0259	0.1722	0.9632	1.3752	0.7080	0.0503s	1.2596	0.6820	0.5806
75
0260	0.1499	0.9684	1.3981	0.6980	0.0505s	1.2727	0.6830	0.5795
76
0261	0.1561	0.9737	1.3446	0.7120	0.0506s	1.2434	0.6960	0.5802
77
0262	0.1443	0.9763	1.3204	0.7180	0.0500s	1.2413	0.6960	0.5851
78
0263	0.1552	0.9737	1.3378	0.7100	0.0502s	1.2449	0.6990	0.5941
79
0264	0.1857	0.9553	1.3541	0.7180	0.0503s	1.2336	0.6920	0.5910
80
0265	0.1451	0.9789	1.3733	0.7040	0.0504s	1.2402	0.6850	0.5783
81
0266	0.1587	0.9789	1.3888	0.6940	0.0504s	1.2498	0.6910	0.5630
82
0267	0.1838	0.9763	1.3566	0.7060	0.0503s	1.2351	0.6930	0.5636
83
0268	0.1803	0.9553	1.3958	0.7120	0.0503s	1.2509	0.6970	0.5731
84
0269	0.1578	0.9684	1.4422	0.7040	0.0507s	1.2877	0.6970	0.5892
85
0270	0.1453	0.9868	1.4279	0.6960	0.0503s	1.2683	0.6960	0.5863
86
0271	0.1658	0.9605	1.3661	0.6980	0.0503s	1.2105	0.7110	0.5871
87
0272	0.1309	0.9816	1.4006	0.7140	0.0502s	1.2452	0.7070	0.5872
88
0273	0.1603	0.9711	1.4718	0.6960	0.0508s	1.2987	0.6990	0.5737
89
0274	0.1593	0.9658	1.5572	0.6940	0.0502s	1.3984	0.6770	0.5556
90
0275	0.1466	0.9684	1.5194	0.6980	0.0502s	1.3865	0.6780	0.5659
91
0276	0.1543	0.9711	1.4546	0.7040	0.0502s	1.3217	0.6870	0.5705
92
0277	0.1384	0.9868	1.3444	0.7040	0.0510s	1.2245	0.7110	0.6007
93
0278	0.1626	0.9711	1.3335	0.7160	0.0509s	1.1959	0.7210	0.6120
94
0279	0.1274	0.9763	1.4003	0.7040	0.0501s	1.2317	0.7040	0.6034
95
0280	0.1757	0.9737	1.4532	0.7000	0.0504s	1.3002	0.6930	0.5921
96
0281	0.1553	0.9816	1.4732	0.7020	0.0511s	1.3316	0.6850	0.5887
97
0282	0.1301	0.9842	1.5146	0.7020	0.0506s	1.3549	0.6890	0.5890
98
0283	0.1658	0.9711	1.4542	0.7100	0.0501s	1.3119	0.6970	0.5949
99
0284	0.1323	0.9684	1.4350	0.7100	0.0504s	1.2895	0.6900	0.5747
100
0285	0.1543	0.9711	1.4038	0.7000	0.0508s	1.2797	0.7040	0.5975
101
0286	0.1748	0.9737	1.3623	0.7120	0.0504s	1.2556	0.7010	0.5938
102
0287	0.1483	0.9763	1.4053	0.7080	0.0503s	1.2865	0.6930	0.5865
103
0288	0.1653	0.9658	1.4712	0.6940	0.0500s	1.3171	0.6970	0.5934
104
0289	0.1450	0.9868	1.5546	0.7140	0.0505s	1.3917	0.6930	0.5729
105
0290	0.1340	0.9868	1.5838	0.7080	0.0504s	1.4105	0.6910	0.5739
106
0291	0.1769	0.9632	1.4700	0.7100	0.0502s	1.2979	0.6930	0.5925
107
0292	0.1546	0.9737	1.3843	0.7180	0.0505s	1.2584	0.6990	0.6080
108
0293	0.1684	0.9789	1.3464	0.6920	0.0508s	1.2595	0.6990	0.6215
109
0294	0.1470	0.9658	1.3147	0.7140	0.0503s	1.2408	0.7020	0.5982
110
0295	0.1628	0.9658	1.3977	0.7000	0.0504s	1.2852	0.6920	0.5904
111
0296	0.1496	0.9763	1.5063	0.6980	0.0501s	1.3424	0.6900	0.5922
112
0297	0.1412	0.9816	1.6118	0.7040	0.0509s	1.4285	0.6820	0.5663
113
0298	0.1555	0.9658	1.4962	0.6960	0.0505s	1.3037	0.7020	0.5995
114
0299	0.1253	0.9842	1.4443	0.6920	0.0511s	1.2709	0.7010	0.5782
115
0300	0.1310	0.9842	1.4604	0.6980	0.0503s	1.2977	0.7000	0.5820
116
0301	0.1366	0.9789	1.4509	0.7140	0.0602s	1.3089	0.6940	0.5712
117
0302	0.1354	0.9868	1.4336	0.7240	0.0544s	1.2920	0.6950	0.5856
118
0303	0.1407	0.9816	1.4327	0.7060	0.0522s	1.3021	0.6960	0.5660
119
0304	0.1492	0.9711	1.4437	0.7040	0.0516s	1.3299	0.7080	0.5983
120
0305	0.1583	0.9658	1.4544	0.7100	0.0509s	1.3240	0.6890	0.5745
121
0306	0.1505	0.9763	1.5281	0.7100	0.0508s	1.3595	0.6890	0.5770
122
0307	0.1501	0.9737	1.4615	0.7060	0.0503s	1.2896	0.6990	0.5847
123
0308	0.1431	0.9763	1.3950	0.7020	0.0511s	1.2306	0.7250	0.6123
124
0309	0.1576	0.9684	1.3784	0.6980	0.0529s	1.2197	0.7150	0.6079
125
0310	0.1320	0.9789	1.4505	0.7080	0.0511s	1.2730	0.6950	0.5929
126
0311	0.1448	0.9605	1.5026	0.7000	0.0526s	1.3331	0.6780	0.5631
127
0312	0.1600	0.9632	1.5449	0.7020	0.0517s	1.3942	0.6830	0.5838
128
0313	0.1728	0.9711	1.4705	0.7100	0.0510s	1.3132	0.7070	0.5987
129
0314	0.1536	0.9684	1.4765	0.7000	0.0508s	1.3089	0.7070	0.5971
130
0315	0.1468	0.9711	1.3690	0.7080	0.0512s	1.2091	0.7120	0.5978
131
0316	0.1681	0.9658	1.3640	0.7000	0.0506s	1.2210	0.7090	0.6009
132
0317	0.1606	0.9816	1.4603	0.7040	0.0513s	1.3087	0.6810	0.5870
133
0318	0.1561	0.9605	1.4670	0.7140	0.0514s	1.3321	0.6780	0.5857
134
0319	0.1674	0.9553	1.4079	0.7260	0.0514s	1.2350	0.7150	0.5985
135
0320	0.1459	0.9711	1.4480	0.7160	0.0510s	1.2639	0.7130	0.5921
0
0321	0.1723	0.9711	1.4480	0.7180	0.0502s	1.2847	0.7040	0.6126
1
0322	0.1835	0.9632	1.4801	0.6980	0.0503s	1.3500	0.6860	0.6175
2
0323	0.1684	0.9579	1.3923	0.7040	0.0503s	1.2619	0.7040	0.5972
3
0324	0.1543	0.9632	1.3342	0.7080	0.0513s	1.1949	0.7150	0.6043
4
0325	0.1840	0.9684	1.3714	0.7240	0.0521s	1.2247	0.6990	0.5960
5
0326	0.1544	0.9711	1.5263	0.7020	0.0516s	1.3898	0.6900	0.5949
6
0327	0.1610	0.9658	1.5515	0.6960	0.0516s	1.4290	0.6870	0.6037
7
0328	0.1597	0.9711	1.4020	0.7000	0.0520s	1.2740	0.6970	0.5931
8
0329	0.1299	0.9816	1.3788	0.7000	0.0513s	1.2380	0.7000	0.5880
9
0330	0.1705	0.9711	1.3653	0.7000	0.0518s	1.2273	0.7010	0.5853
10
0331	0.1473	0.9737	1.4465	0.7140	0.0521s	1.3176	0.6940	0.5945
11
0332	0.1636	0.9684	1.4322	0.7140	0.0507s	1.3107	0.6880	0.5896
12
0333	0.1653	0.9605	1.3790	0.7020	0.0506s	1.2507	0.7020	0.6058
13
0334	0.1512	0.9684	1.3013	0.7160	0.0502s	1.1688	0.7060	0.6067
14
0335	0.1562	0.9737	1.3056	0.7060	0.0502s	1.1690	0.7190	0.6030
15
0336	0.1415	0.9684	1.3766	0.6960	0.0504s	1.2377	0.6930	0.5689
16
0337	0.1793	0.9579	1.3693	0.6900	0.0503s	1.2554	0.6890	0.5803
17
0338	0.1476	0.9684	1.4404	0.6860	0.0501s	1.3423	0.6950	0.5883
18
0339	0.1654	0.9711	1.4027	0.7040	0.0501s	1.2717	0.7070	0.5953
19
0340	0.1430	0.9842	1.4807	0.7080	0.0507s	1.2886	0.7010	0.5996
20
0341	0.1732	0.9632	1.5047	0.6980	0.0503s	1.3036	0.7030	0.6030
21
0342	0.1883	0.9605	1.5252	0.6900	0.0506s	1.3698	0.6950	0.5971
22
0343	0.1697	0.9684	1.4962	0.6780	0.0513s	1.3969	0.6970	0.5958
23
0344	0.1973	0.9553	1.3486	0.7100	0.0513s	1.2677	0.6820	0.5805
24
0345	0.1433	0.9763	1.4344	0.7060	0.0504s	1.3347	0.6950	0.6166
25
0346	0.1894	0.9711	1.3805	0.7180	0.0504s	1.2363	0.6980	0.5891
26
0347	0.1406	0.9737	1.3373	0.7160	0.0506s	1.2030	0.7200	0.6131
27
0348	0.1530	0.9711	1.4230	0.7080	0.0503s	1.2716	0.7060	0.6009
28
0349	0.1549	0.9763	1.4776	0.7060	0.0504s	1.3065	0.6870	0.6006
29
0350	0.1481	0.9684	1.5212	0.7000	0.0504s	1.3367	0.6900	0.5948
30
0351	0.1277	0.9816	1.4333	0.7240	0.0503s	1.2617	0.7020	0.6068
31
0352	0.1233	0.9737	1.3658	0.7220	0.0507s	1.2234	0.7210	0.6026
32
0353	0.1416	0.9763	1.3377	0.7100	0.0504s	1.2239	0.7100	0.6044
33
0354	0.1497	0.9711	1.3704	0.7160	0.0509s	1.2370	0.7090	0.5982
34
0355	0.1345	0.9789	1.4580	0.7040	0.0502s	1.3159	0.6940	0.6035
35
0356	0.1490	0.9763	1.4349	0.6940	0.0504s	1.2912	0.6960	0.5939
36
0357	0.1517	0.9737	1.3927	0.7080	0.0503s	1.2722	0.7100	0.5952
37
0358	0.1563	0.9763	1.3523	0.7220	0.0507s	1.2237	0.7100	0.6021
38
0359	0.1611	0.9737	1.4665	0.6960	0.0504s	1.3265	0.7060	0.6132
39
0360	0.1823	0.9579	1.4110	0.7160	0.0508s	1.2463	0.7140	0.6073
40
0361	0.1358	0.9763	1.4291	0.7060	0.0503s	1.2577	0.7090	0.5981
41
0362	0.1469	0.9789	1.3884	0.7160	0.0502s	1.2361	0.7090	0.5969
42
0363	0.1408	0.9737	1.3734	0.7040	0.0503s	1.2557	0.7050	0.5908
43
0364	0.1438	0.9763	1.3986	0.7000	0.0504s	1.2941	0.7030	0.5948
44
0365	0.1614	0.9711	1.3958	0.7280	0.0501s	1.2860	0.6980	0.5966
45
0366	0.1559	0.9763	1.4294	0.7220	0.0503s	1.2935	0.7010	0.6012
0
0367	0.1422	0.9711	1.3966	0.7140	0.0502s	1.2546	0.7080	0.6051
1
0368	0.1302	0.9816	1.3274	0.7260	0.0504s	1.2213	0.7130	0.6051
2
0369	0.1292	0.9842	1.3476	0.7120	0.0509s	1.2677	0.7080	0.6026
3
0370	0.1686	0.9632	1.4553	0.7100	0.0502s	1.3588	0.6840	0.6001
4
0371	0.1613	0.9737	1.5487	0.7000	0.0507s	1.4052	0.6750	0.5781
5
0372	0.1598	0.9789	1.4584	0.7140	0.0506s	1.3017	0.7040	0.5941
6
0373	0.1301	0.9763	1.4436	0.7200	0.0503s	1.3270	0.7020	0.5673
7
0374	0.1696	0.9605	1.4088	0.7180	0.0503s	1.2553	0.7060	0.5717
8
0375	0.1568	0.9737	1.4413	0.7240	0.0520s	1.3024	0.6920	0.5757
9
0376	0.1498	0.9842	1.4927	0.7140	0.0510s	1.3642	0.6830	0.5762
10
0377	0.1586	0.9658	1.4004	0.7160	0.0506s	1.2970	0.6940	0.5809
11
0378	0.1345	0.9658	1.4301	0.7120	0.0502s	1.3370	0.6990	0.5967
12
0379	0.1838	0.9632	1.4530	0.7140	0.0505s	1.3028	0.6970	0.6020
13
0380	0.1403	0.9816	1.4916	0.7080	0.0503s	1.3409	0.6850	0.6194
14
0381	0.1360	0.9763	1.4509	0.7220	0.0503s	1.3282	0.6880	0.6234
15
0382	0.1355	0.9684	1.3658	0.7140	0.0504s	1.2787	0.6980	0.5926
16
0383	0.1582	0.9737	1.3772	0.7240	0.0508s	1.2843	0.7070	0.5882
17
0384	0.1671	0.9526	1.4103	0.7200	0.0502s	1.2553	0.7030	0.5683
18
0385	0.1575	0.9816	1.5013	0.6920	0.0501s	1.3229	0.6880	0.5793
19
0386	0.1824	0.9605	1.4726	0.7100	0.0503s	1.3273	0.6900	0.5853
20
0387	0.1808	0.9684	1.5020	0.7020	0.0503s	1.4035	0.6940	0.5896
21
0388	0.1701	0.9658	1.3657	0.7180	0.0505s	1.2776	0.7080	0.6036
22
0389	0.1335	0.9816	1.3922	0.7220	0.0501s	1.2739	0.6970	0.5646
23
0390	0.1574	0.9789	1.4371	0.7060	0.0505s	1.2728	0.7000	0.5738
24
0391	0.1583	0.9737	1.4253	0.7140	0.0507s	1.2722	0.6900	0.5574
25
0392	0.1447	0.9711	1.4734	0.7000	0.0502s	1.3545	0.6850	0.5862
26
0393	0.1741	0.9579	1.3683	0.7020	0.0504s	1.2635	0.6870	0.5923
27
0394	0.1453	0.9684	1.3708	0.7120	0.0507s	1.2456	0.7040	0.5995
28
0395	0.1520	0.9684	1.3925	0.7180	0.0504s	1.2649	0.7060	0.6007
29
0396	0.1665	0.9816	1.3916	0.7320	0.0505s	1.2475	0.7070	0.6049
30
0397	0.1260	0.9763	1.4294	0.7240	0.0504s	1.2741	0.6970	0.5958
0
0398	0.1455	0.9737	1.4544	0.7100	0.0772s	1.2941	0.6880	0.5859
1
0399	0.1262	0.9842	1.4101	0.7140	0.0632s	1.2517	0.7010	0.5950
2
0400	0.1426	0.9684	1.3606	0.7160	0.0594s	1.2032	0.7060	0.6022
3
0401	0.1298	0.9816	1.3380	0.7200	0.0592s	1.1808	0.7090	0.6047
4
0402	0.1288	0.9763	1.3991	0.7200	0.0591s	1.2365	0.7130	0.6060
5
0403	0.1123	0.9947	1.4912	0.7100	0.0592s	1.3416	0.6980	0.6164
6
0404	0.1695	0.9684	1.5527	0.6960	0.0592s	1.4341	0.6870	0.5787
7
0405	0.1276	0.9711	1.5968	0.6780	0.0593s	1.4655	0.6860	0.5828
8
0406	0.1952	0.9474	1.4690	0.7000	0.0602s	1.3014	0.7080	0.5933
9
0407	0.1331	0.9763	1.4643	0.7000	0.0595s	1.2615	0.7050	0.5854
10
0408	0.1697	0.9605	1.4910	0.7080	0.0591s	1.3180	0.7060	0.6049
11
0409	0.1347	0.9711	1.5270	0.7160	0.0593s	1.4111	0.6990	0.5968
12
0410	0.1791	0.9500	1.4423	0.7160	0.0559s	1.3238	0.7070	0.6020
13
0411	0.1439	0.9684	1.3702	0.7100	0.0530s	1.2474	0.7010	0.5807
14
0412	0.1376	0.9816	1.4372	0.6900	0.0512s	1.3129	0.6860	0.5713
15
0413	0.1648	0.9684	1.4159	0.7040	0.0504s	1.2829	0.6930	0.5649
16
0414	0.1171	0.9816	1.4964	0.7020	0.0503s	1.3632	0.6890	0.5702
17
0415	0.1398	0.9816	1.5012	0.6980	0.0503s	1.3593	0.6960	0.5716
18
0416	0.1351	0.9842	1.4782	0.6980	0.0506s	1.3150	0.7070	0.5731
19
0417	0.1409	0.9737	1.4441	0.7020	0.0502s	1.2689	0.7070	0.5753
20
0418	0.1676	0.9526	1.4317	0.7080	0.0501s	1.2523	0.7100	0.5983
21
0419	0.1331	0.9684	1.4710	0.7140	0.0502s	1.2906	0.6950	0.5747
22
0420	0.1227	0.9947	1.4896	0.7000	0.0512s	1.3221	0.6880	0.5745
23
0421	0.1308	0.9842	1.4532	0.6940	0.0503s	1.2948	0.6990	0.5783
24
0422	0.1392	0.9763	1.4015	0.7040	0.0504s	1.2641	0.7020	0.5763
25
0423	0.1153	0.9763	1.3580	0.7040	0.0503s	1.2340	0.7040	0.5899
26
0424	0.1412	0.9789	1.3701	0.7140	0.0515s	1.2380	0.7070	0.5868
27
0425	0.1436	0.9842	1.4226	0.7160	0.0506s	1.2609	0.7040	0.5738
28
0426	0.1376	0.9842	1.5533	0.6920	0.0504s	1.3529	0.6920	0.5746
29
0427	0.1803	0.9605	1.5528	0.7060	0.0503s	1.3693	0.6930	0.5803
30
0428	0.2182	0.9474	1.4835	0.7080	0.0502s	1.3348	0.6920	0.5818
31
0429	0.1515	0.9632	1.5429	0.6900	0.0504s	1.4076	0.6790	0.5730
32
0430	0.1737	0.9789	1.6126	0.6800	0.0503s	1.4782	0.6610	0.5544
33
0431	0.1714	0.9658	1.5379	0.6980	0.0503s	1.3932	0.6730	0.5602
34
0432	0.1494	0.9711	1.4598	0.6860	0.0506s	1.3113	0.6910	0.5911
35
0433	0.1901	0.9658	1.4261	0.7040	0.0505s	1.2588	0.7070	0.6029
36
0434	0.1649	0.9658	1.6280	0.6780	0.0502s	1.4112	0.6840	0.5936
37
0435	0.2094	0.9395	1.5253	0.7040	0.0506s	1.3479	0.6980	0.5915
38
0436	0.1660	0.9605	1.6334	0.6780	0.0506s	1.4837	0.6610	0.5366
39
0437	0.1963	0.9526	1.4103	0.7020	0.0503s	1.3121	0.6980	0.5765
40
0438	0.1513	0.9684	1.4307	0.6900	0.0503s	1.3158	0.6890	0.5835
41
0439	0.1759	0.9737	1.4854	0.7000	0.0505s	1.3439	0.6880	0.5898
42
0440	0.1621	0.9553	1.4011	0.7220	0.0503s	1.2482	0.6990	0.6000
43
0441	0.1376	0.9763	1.4676	0.7020	0.0503s	1.3019	0.6910	0.5694
44
0442	0.1546	0.9763	1.4119	0.6980	0.0504s	1.2482	0.7010	0.5743
45
0443	0.1415	0.9763	1.3506	0.7120	0.0502s	1.1922	0.7110	0.5922
46
0444	0.1525	0.9711	1.4542	0.6980	0.0502s	1.2732	0.7050	0.5969
47
0445	0.1487	0.9789	1.5480	0.6940	0.0504s	1.3585	0.6860	0.5712
48
0446	0.1516	0.9816	1.4289	0.7160	0.0503s	1.2517	0.6990	0.5778
49
0447	0.1519	0.9868	1.3736	0.7240	0.0504s	1.2116	0.7070	0.5834
50
0448	0.1479	0.9737	1.3714	0.7080	0.0517s	1.2216	0.7100	0.5819
51
0449	0.1440	0.9842	1.3876	0.6980	0.0518s	1.2525	0.7070	0.5975
52
0450	0.1462	0.9737	1.4622	0.6940	0.0515s	1.3102	0.6980	0.5991
53
0451	0.1512	0.9684	1.5380	0.7020	0.0511s	1.3639	0.6870	0.5896
54
0452	0.1588	0.9684	1.4956	0.7100	0.0513s	1.3209	0.6970	0.5946
55
0453	0.1246	0.9789	1.3955	0.7140	0.0517s	1.2310	0.7040	0.5996
56
0454	0.1101	0.9921	1.3631	0.7180	0.0510s	1.2064	0.7110	0.6019
57
0455	0.1244	0.9789	1.3566	0.7180	0.0509s	1.2140	0.7130	0.6033
58
0456	0.1200	0.9763	1.3789	0.7140	0.0504s	1.2448	0.7180	0.6045
59
0457	0.1424	0.9816	1.4142	0.7200	0.0506s	1.2618	0.7090	0.5971
60
0458	0.1298	0.9789	1.5492	0.7080	0.0505s	1.3659	0.7010	0.5960
61
0459	0.1218	0.9921	1.6159	0.7000	0.0505s	1.4292	0.6950	0.5740
62
0460	0.1511	0.9737	1.5056	0.7120	0.0504s	1.3332	0.7050	0.5782
63
0461	0.1420	0.9632	1.4808	0.7000	0.0504s	1.3360	0.7000	0.5742
64
0462	0.1867	0.9474	1.4026	0.7040	0.0505s	1.3163	0.6980	0.5739
65
0463	0.1631	0.9632	1.5341	0.6880	0.0503s	1.4025	0.6970	0.6077
66
0464	0.1348	0.9711	1.6772	0.6920	0.0505s	1.5173	0.6910	0.5974
67
0465	0.1962	0.9579	1.4618	0.7080	0.0504s	1.2914	0.7090	0.5815
68
0466	0.1311	0.9711	1.4676	0.7100	0.0508s	1.2936	0.7040	0.5654
69
0467	0.1804	0.9500	1.4152	0.7000	0.0512s	1.2509	0.7090	0.5793
70
0468	0.1474	0.9632	1.4526	0.7100	0.0509s	1.3429	0.6840	0.5688
71
0469	0.1640	0.9553	1.5432	0.6860	0.0502s	1.4387	0.6690	0.5770
72
0470	0.1748	0.9658	1.3923	0.7160	0.0507s	1.2654	0.7020	0.5962
73
0471	0.1478	0.9711	1.3721	0.7180	0.0510s	1.2201	0.7030	0.5749
74
0472	0.1545	0.9684	1.4143	0.7020	0.0504s	1.2359	0.7120	0.5768
75
0473	0.1544	0.9658	1.4336	0.6980	0.0504s	1.2599	0.7040	0.5752
76
0474	0.1530	0.9816	1.3931	0.6940	0.0506s	1.2576	0.6960	0.5748
77
0475	0.1462	0.9763	1.3516	0.7080	0.0511s	1.2514	0.6880	0.5779
78
0476	0.1540	0.9737	1.3482	0.7040	0.0508s	1.2443	0.7030	0.5945
79
0477	0.1497	0.9737	1.3565	0.7120	0.0503s	1.2360	0.7040	0.6271
80
0478	0.1612	0.9605	1.3124	0.7180	0.0507s	1.1686	0.7100	0.6093
81
0479	0.1462	0.9842	1.3548	0.7120	0.0505s	1.2018	0.7110	0.5890
82
0480	0.1426	0.9711	1.4129	0.7000	0.0503s	1.2614	0.7020	0.5705
83
0481	0.1704	0.9579	1.4015	0.7060	0.0503s	1.2600	0.6910	0.5817
84
0482	0.1642	0.9763	1.4080	0.7160	0.0502s	1.2567	0.6970	0.5825
85
0483	0.1430	0.9684	1.3706	0.7300	0.0509s	1.2008	0.7130	0.5848
86
0484	0.1406	0.9816	1.3756	0.7120	0.0503s	1.1978	0.7180	0.5798
87
0485	0.1437	0.9737	1.3427	0.7100	0.0506s	1.2011	0.7100	0.5755
88
0486	0.1275	0.9868	1.3495	0.7080	0.0502s	1.2336	0.7090	0.5782
89
0487	0.1347	0.9816	1.3698	0.7040	0.0501s	1.2695	0.7030	0.5743
90
0488	0.1420	0.9763	1.4008	0.7040	0.0502s	1.2932	0.7020	0.5799
91
0489	0.1350	0.9842	1.3587	0.7220	0.0505s	1.2450	0.7140	0.6009
92
0490	0.1199	0.9895	1.3887	0.7220	0.0503s	1.2484	0.7090	0.5850
93
0491	0.1302	0.9737	1.4323	0.7160	0.0504s	1.2642	0.7210	0.5966
94
0492	0.1256	0.9789	1.4320	0.7200	0.0502s	1.2638	0.7160	0.6100
95
0493	0.1309	0.9816	1.4759	0.7000	0.0673s	1.3247	0.7090	0.6051
96
0494	0.1302	0.9816	1.4481	0.7120	0.0580s	1.3198	0.6980	0.5944
97
0495	0.1208	0.9895	1.4517	0.7160	0.0538s	1.3253	0.6980	0.5915
98
0496	0.1320	0.9816	1.4888	0.7180	0.0522s	1.3443	0.7010	0.5933
99
0497	0.1392	0.9737	1.4633	0.7160	0.0518s	1.3247	0.7080	0.5997
100
0498	0.1503	0.9632	1.4341	0.7220	0.0516s	1.3057	0.7000	0.5970
101
0499	0.1182	0.9789	1.4413	0.7200	0.0514s	1.3136	0.7030	0.6003
102
0500	0.1221	0.9711	1.4603	0.7160	0.0509s	1.3124	0.7100	0.6121
103
0501	0.1211	0.9868	1.4340	0.7180	0.0512s	1.2555	0.7140	0.6089
104
0502	0.1267	0.9816	1.5171	0.7000	0.0520s	1.3179	0.6980	0.5773
105
0503	0.1303	0.9842	1.6252	0.6940	0.0517s	1.4142	0.6990	0.5767
106
0504	0.1341	0.9789	1.4109	0.7120	0.0538s	1.2520	0.7120	0.5845
107
0505	0.1383	0.9711	1.3867	0.7120	0.0519s	1.2611	0.7120	0.5834
108
0506	0.1463	0.9921	1.4122	0.7260	0.0522s	1.3120	0.7060	0.5821
109
0507	0.1402	0.9737	1.5003	0.7120	0.0515s	1.4030	0.6870	0.5765
110
0508	0.1463	0.9711	1.5534	0.6920	0.0507s	1.3850	0.6930	0.6033
111
0509	0.1519	0.9658	1.4928	0.7080	0.0518s	1.3079	0.7090	0.5906
112
0510	0.1422	0.9789	1.4497	0.7060	0.0517s	1.2620	0.7220	0.5903
113
0511	0.1547	0.9763	1.4491	0.7120	0.0516s	1.2851	0.7030	0.5825
114
0512	0.1253	0.9737	1.5546	0.7060	0.0508s	1.4111	0.6860	0.5797
115
0513	0.1399	0.9789	1.4302	0.7220	0.0516s	1.3049	0.7010	0.5878
116
0514	0.1431	0.9711	1.3926	0.7120	0.0515s	1.2738	0.7080	0.5855
117
0515	0.1521	0.9763	1.3669	0.7120	0.0530s	1.2393	0.7070	0.5841
118
0516	0.1434	0.9816	1.4279	0.7100	0.0515s	1.2883	0.6980	0.5793
119
0517	0.1204	0.9789	1.4537	0.7040	0.0537s	1.3282	0.6900	0.5737
120
0518	0.1391	0.9737	1.3712	0.7140	0.0518s	1.2457	0.7030	0.5894
121
0519	0.1439	0.9789	1.3682	0.7120	0.0517s	1.2329	0.7080	0.5930
122
0520	0.1444	0.9842	1.3841	0.7180	0.0521s	1.2491	0.7100	0.5836
123
0521	0.1307	0.9711	1.3762	0.7160	0.0528s	1.2314	0.7020	0.5823
124
0522	0.1244	0.9868	1.3753	0.7140	0.0509s	1.2525	0.6980	0.5867
125
0523	0.1261	0.9842	1.4156	0.7020	0.0505s	1.3056	0.6960	0.5827
126
0524	0.1453	0.9763	1.3223	0.7120	0.0504s	1.2218	0.7160	0.5906
127
0525	0.1678	0.9553	1.4582	0.6960	0.0505s	1.3263	0.7080	0.5748
128
0526	0.1582	0.9658	1.5820	0.6920	0.0504s	1.4177	0.6920	0.5804
129
0527	0.1711	0.9474	1.4862	0.7020	0.0503s	1.2974	0.6940	0.5778
130
0528	0.1451	0.9816	1.3370	0.7160	0.0504s	1.1988	0.7090	0.5969
131
0529	0.1469	0.9605	1.3838	0.6980	0.0501s	1.2887	0.7170	0.6139
132
0530	0.1800	0.9711	1.3754	0.6980	0.0504s	1.2983	0.7090	0.5959
133
0531	0.1540	0.9684	1.4420	0.6980	0.0508s	1.3532	0.6860	0.5853
134
0532	0.1476	0.9789	1.4161	0.7240	0.0503s	1.2954	0.6890	0.5875
135
0533	0.1474	0.9711	1.4766	0.6900	0.0503s	1.3340	0.7020	0.5969
136
0534	0.1566	0.9605	1.3879	0.7160	0.0531s	1.2214	0.7210	0.6061
137
0535	0.1526	0.9868	1.4131	0.7200	0.0509s	1.2537	0.7190	0.5923
138
0536	0.1528	0.9684	1.4147	0.7100	0.0508s	1.2478	0.7270	0.6001
139
0537	0.1623	0.9684	1.3647	0.7200	0.0503s	1.2196	0.7030	0.6053
140
0538	0.1337	0.9789	1.3465	0.7120	0.0504s	1.2339	0.7000	0.6045
141
0539	0.1440	0.9605	1.2940	0.7120	0.0503s	1.1974	0.7030	0.6042
142
0540	0.1264	0.9711	1.3424	0.7040	0.0514s	1.2319	0.7010	0.5748
143
0541	0.1456	0.9737	1.3999	0.7060	0.0507s	1.2709	0.7080	0.5757
144
0542	0.1561	0.9711	1.3668	0.7320	0.0502s	1.2311	0.7080	0.5970
145
0543	0.1261	0.9763	1.4459	0.7000	0.0514s	1.2851	0.7010	0.6021
0
0544	0.1434	0.9658	1.4356	0.6960	0.0508s	1.2760	0.6940	0.5945
1
0545	0.1535	0.9684	1.3644	0.7100	0.0504s	1.2088	0.7180	0.6144
2
0546	0.1603	0.9579	1.4241	0.7080	0.0504s	1.2717	0.7090	0.6054
3
0547	0.1824	0.9789	1.3582	0.7180	0.0504s	1.2110	0.7070	0.6000
4
0548	0.1272	0.9684	1.4053	0.7140	0.0511s	1.2592	0.7000	0.5825
5
0549	0.1469	0.9789	1.4119	0.7000	0.0505s	1.2837	0.6920	0.5998
6
0550	0.1550	0.9711	1.4065	0.7000	0.0507s	1.3022	0.6980	0.6024
7
0551	0.1664	0.9658	1.4839	0.6960	0.0510s	1.3409	0.6930	0.5809
8
0552	0.1491	0.9842	1.4712	0.7020	0.0519s	1.3086	0.6950	0.5822
9
0553	0.1460	0.9632	1.4437	0.7000	0.0509s	1.2697	0.7130	0.5956
10
0554	0.1535	0.9632	1.4170	0.7160	0.0504s	1.2448	0.7050	0.6068
11
0555	0.1342	0.9711	1.4140	0.7100	0.0507s	1.2702	0.7030	0.6001
12
0556	0.1617	0.9737	1.3609	0.6980	0.0511s	1.2479	0.6980	0.5923
13
0557	0.1489	0.9763	1.4498	0.6960	0.0503s	1.3154	0.6910	0.5681
14
0558	0.1507	0.9763	1.4385	0.7080	0.0502s	1.3240	0.7000	0.5970
15
0559	0.1374	0.9789	1.4327	0.7200	0.0504s	1.3295	0.6970	0.5931
16
0560	0.1372	0.9711	1.4649	0.7200	0.0508s	1.3405	0.6920	0.5907
17
0561	0.1713	0.9711	1.3300	0.7240	0.0503s	1.2052	0.7110	0.6032
18
0562	0.1469	0.9711	1.3466	0.7060	0.0503s	1.2534	0.7100	0.6074
19
0563	0.1181	0.9842	1.4091	0.7020	0.0502s	1.3259	0.7050	0.5733
20
0564	0.1599	0.9868	1.4505	0.6960	0.0506s	1.3353	0.6930	0.5795
21
0565	0.1286	0.9789	1.4591	0.7120	0.0502s	1.3247	0.6970	0.5976
22
0566	0.1600	0.9684	1.4136	0.7300	0.0503s	1.2599	0.7140	0.5948
23
0567	0.1103	0.9868	1.4395	0.7200	0.0513s	1.2696	0.7080	0.5906
24
0568	0.1619	0.9737	1.4189	0.7080	0.0506s	1.2553	0.7120	0.6027
25
0569	0.1433	0.9684	1.3749	0.7120	0.0503s	1.2529	0.7070	0.6005
26
0570	0.1220	0.9711	1.4175	0.7140	0.0502s	1.2995	0.6970	0.5802
27
0571	0.1406	0.9789	1.3831	0.7040	0.0502s	1.2682	0.7020	0.5838
28
0572	0.1429	0.9684	1.3959	0.7080	0.0509s	1.2512	0.7140	0.5921
29
0573	0.1649	0.9605	1.3679	0.7200	0.0503s	1.1923	0.7100	0.5827
30
0574	0.1401	0.9816	1.4468	0.7140	0.0502s	1.2503	0.7110	0.5755
31
0575	0.1395	0.9842	1.5380	0.6940	0.0504s	1.3439	0.6930	0.5673
32
0576	0.1476	0.9658	1.4886	0.7140	0.0504s	1.3172	0.6920	0.5757
33
0577	0.1452	0.9789	1.4264	0.7060	0.0502s	1.2929	0.6870	0.5892
34
0578	0.1191	0.9921	1.3933	0.7000	0.0504s	1.2788	0.6900	0.5689
35
0579	0.1169	0.9842	1.3526	0.7080	0.0503s	1.2353	0.6940	0.5749
36
0580	0.1412	0.9816	1.3284	0.7220	0.0507s	1.1930	0.7040	0.5816
37
0581	0.1473	0.9658	1.3316	0.7240	0.0502s	1.1993	0.7160	0.6099
38
0582	0.1256	0.9868	1.3977	0.7180	0.0508s	1.2417	0.7060	0.6005
39
0583	0.1232	0.9868	1.3968	0.7240	0.0504s	1.2225	0.7030	0.5937
40
0584	0.1197	0.9868	1.4099	0.7100	0.0507s	1.2269	0.7070	0.5934
41
0585	0.1368	0.9763	1.3857	0.7200	0.0503s	1.2312	0.6960	0.5859
42
0586	0.1510	0.9816	1.3980	0.7140	0.0508s	1.2625	0.7070	0.5996
43
0587	0.1220	0.9789	1.3998	0.7180	0.0507s	1.2776	0.7100	0.6059
44
0588	0.1447	0.9632	1.4099	0.7240	0.0509s	1.2718	0.7020	0.5850
45
0589	0.1169	0.9842	1.3964	0.7180	0.0514s	1.2419	0.7070	0.5861
46
0590	0.1489	0.9684	1.3867	0.7180	0.0518s	1.2492	0.7150	0.5900
47
0591	0.1175	0.9842	1.4699	0.7120	0.0508s	1.3220	0.7060	0.5859
48
0592	0.1415	0.9711	1.4657	0.7140	0.0512s	1.2966	0.7100	0.5823
49
0593	0.1403	0.9658	1.5052	0.7160	0.0516s	1.3094	0.7060	0.5785
50
0594	0.1358	0.9816	1.5190	0.7020	0.0518s	1.3155	0.7090	0.5801
51
0595	0.1314	0.9763	1.4349	0.7220	0.0514s	1.2718	0.7040	0.5754
52
0596	0.1385	0.9763	1.4379	0.7060	0.0513s	1.2933	0.7060	0.5806
53
0597	0.1254	0.9947	1.3868	0.7140	0.0506s	1.2353	0.7090	0.5848
54
0598	0.1613	0.9658	1.4186	0.7100	0.0515s	1.2419	0.7060	0.5835
55
0599	0.1387	0.9816	1.4162	0.7260	0.0513s	1.2408	0.7060	0.5745
56
0600	0.1381	0.9684	1.4107	0.7160	0.0511s	1.2645	0.7160	0.6134
57
0601	0.1131	0.9895	1.4820	0.7020	0.0513s	1.3388	0.7150	0.6106
58
0602	0.1320	0.9868	1.4366	0.7140	0.0518s	1.2747	0.7120	0.6041
59
0603	0.1530	0.9684	1.4790	0.7180	0.0509s	1.2911	0.7100	0.5828
60
0604	0.1534	0.9684	1.4814	0.7120	0.0510s	1.2925	0.7010	0.5795
61
0605	0.1528	0.9737	1.3953	0.7220	0.0521s	1.2531	0.7050	0.5818
62
0606	0.1468	0.9632	1.4090	0.7080	0.0526s	1.3179	0.7090	0.6000
63
0607	0.1658	0.9711	1.4044	0.7140	0.0517s	1.3108	0.7030	0.5984
64
0608	0.1330	0.9816	1.4234	0.7180	0.0512s	1.3067	0.6960	0.6155
65
0609	0.1595	0.9763	1.4426	0.7100	0.0518s	1.2979	0.6920	0.5792
66
0610	0.1373	0.9789	1.3595	0.7140	0.0520s	1.2111	0.7010	0.5898
67
0611	0.1486	0.9789	1.4127	0.7140	0.0527s	1.2631	0.7110	0.5930
68
0612	0.1245	0.9816	1.4854	0.7120	0.0521s	1.3439	0.6970	0.5728
69
0613	0.1215	0.9789	1.4706	0.7120	0.0507s	1.3063	0.6960	0.5805
70
0614	0.1229	0.9789	1.5385	0.7080	0.0506s	1.3624	0.6910	0.5705
71
0615	0.1476	0.9763	1.3376	0.7140	0.0513s	1.2058	0.7090	0.5632
72
0616	0.1320	0.9789	1.3616	0.6940	0.0503s	1.2596	0.7020	0.5602
73
0617	0.1406	0.9737	1.4077	0.7000	0.0504s	1.3094	0.6990	0.5726
74
0618	0.1318	0.9737	1.3995	0.7200	0.0524s	1.2830	0.6900	0.5749
75
0619	0.1330	0.9684	1.5009	0.7000	0.0513s	1.3437	0.6840	0.5604
76
0620	0.1380	0.9789	1.4949	0.6960	0.0503s	1.3256	0.6850	0.5576
77
0621	0.1564	0.9789	1.3966	0.7220	0.0503s	1.2310	0.7050	0.5866
78
0622	0.1311	0.9789	1.4062	0.7000	0.0507s	1.2584	0.7110	0.5844
79
0623	0.1191	0.9763	1.4454	0.6900	0.0501s	1.3001	0.7030	0.5812
80
0624	0.1414	0.9763	1.4098	0.7000	0.0503s	1.2519	0.7010	0.5893
81
0625	0.1313	0.9921	1.4911	0.6980	0.0508s	1.3354	0.6970	0.5756
82
0626	0.1625	0.9763	1.4241	0.7100	0.0507s	1.2834	0.6990	0.5909
83
0627	0.1338	0.9868	1.3458	0.7140	0.0502s	1.2214	0.7030	0.5780
84
0628	0.1307	0.9789	1.4856	0.6860	0.0503s	1.3654	0.7010	0.5813
85
0629	0.1577	0.9737	1.3637	0.7140	0.0506s	1.2612	0.7010	0.6086
86
0630	0.1428	0.9658	1.4003	0.7160	0.0501s	1.2960	0.6940	0.6039
87
0631	0.1441	0.9737	1.4055	0.7040	0.0506s	1.2767	0.6970	0.5938
88
0632	0.1422	0.9711	1.3928	0.7080	0.0503s	1.2444	0.7090	0.5973
89
0633	0.1549	0.9605	1.3783	0.7080	0.0503s	1.2276	0.7070	0.5778
90
0634	0.1199	0.9816	1.4108	0.7180	0.0506s	1.2700	0.7040	0.5836
91
0635	0.1597	0.9763	1.3996	0.7080	0.0506s	1.2734	0.6940	0.5840
92
0636	0.1223	0.9842	1.3724	0.7120	0.0506s	1.2617	0.6930	0.5763
93
0637	0.1245	0.9737	1.4235	0.7140	0.0503s	1.3169	0.6930	0.5649
94
0638	0.1420	0.9789	1.4580	0.7100	0.0507s	1.3431	0.6850	0.5697
95
0639	0.1388	0.9763	1.4599	0.7140	0.0507s	1.3278	0.6900	0.5936
96
0640	0.1244	0.9763	1.4494	0.7080	0.0502s	1.2949	0.6970	0.5937
97
0641	0.1486	0.9632	1.3579	0.7100	0.0504s	1.2129	0.7010	0.5767
98
0642	0.1206	0.9868	1.3708	0.6980	0.0506s	1.2238	0.6950	0.5754
99
0643	0.1409	0.9737	1.3711	0.7100	0.0502s	1.2216	0.6950	0.5748
100
0644	0.1317	0.9842	1.3742	0.7140	0.0504s	1.2370	0.7010	0.5807
101
0645	0.1237	0.9711	1.3744	0.7100	0.0502s	1.2488	0.7110	0.5895
102
0646	0.1196	0.9816	1.3812	0.7220	0.0508s	1.2452	0.7100	0.6151
103
0647	0.1307	0.9895	1.4161	0.7220	0.0506s	1.2777	0.6980	0.6191
104
0648	0.1254	0.9842	1.4317	0.7120	0.0503s	1.2872	0.6950	0.5871
105
0649	0.1113	0.9895	1.4239	0.7120	0.0502s	1.2753	0.6980	0.5882
106
0650	0.1247	0.9789	1.4150	0.7160	0.0509s	1.2575	0.6980	0.5991
107
0651	0.1360	0.9816	1.4256	0.7120	0.0505s	1.2619	0.7040	0.6040
108
0652	0.1047	0.9868	1.4753	0.7140	0.0504s	1.3074	0.7040	0.6062
109
0653	0.1331	0.9842	1.4912	0.7100	0.0507s	1.3127	0.7060	0.6011
110
0654	0.1104	0.9895	1.4584	0.7140	0.0515s	1.2933	0.7010	0.5983
111
0655	0.1162	0.9842	1.4751	0.7100	0.0510s	1.3397	0.7070	0.6075
112
0656	0.1361	0.9789	1.4990	0.7160	0.0505s	1.3602	0.6970	0.5961
113
0657	0.1273	0.9789	1.5099	0.7220	0.0522s	1.3525	0.6930	0.5904
114
0658	0.1202	0.9737	1.6070	0.6920	0.0513s	1.4050	0.7070	0.6086
115
0659	0.1453	0.9658	1.4900	0.7040	0.0505s	1.2844	0.7190	0.6056
116
0660	0.1250	0.9816	1.5378	0.7120	0.0504s	1.3358	0.7100	0.6033
117
0661	0.1472	0.9711	1.5347	0.7120	0.0505s	1.3466	0.7120	0.6030
118
0662	0.1285	0.9842	1.6250	0.6900	0.0513s	1.4276	0.6910	0.5928
119
0663	0.1203	0.9737	1.5393	0.7100	0.0506s	1.3545	0.6850	0.5732
120
0664	0.1216	0.9947	1.4879	0.7100	0.0505s	1.3037	0.7140	0.6137
121
0665	0.1506	0.9684	1.5001	0.7060	0.0503s	1.3320	0.7120	0.6098
122
0666	0.1383	0.9868	1.4923	0.6920	0.0504s	1.3343	0.7040	0.6034
123
0667	0.1354	0.9789	1.4328	0.7020	0.0503s	1.2525	0.7060	0.5983
124
0668	0.1472	0.9711	1.4545	0.7120	0.0504s	1.2565	0.6960	0.5938
125
0669	0.1792	0.9632	1.5221	0.7120	0.0502s	1.3386	0.7000	0.6043
126
0670	0.1682	0.9737	1.4535	0.7100	0.0518s	1.3521	0.7100	0.6020
127
0671	0.1619	0.9605	1.4097	0.7180	0.0504s	1.2964	0.6960	0.6068
128
0672	0.1277	0.9842	1.4979	0.7100	0.0505s	1.3547	0.6700	0.5618
129
0673	0.1619	0.9632	1.4036	0.7140	0.0504s	1.2693	0.6860	0.5828
130
0674	0.1300	0.9789	1.4004	0.7140	0.0506s	1.2679	0.6960	0.5779
131
0675	0.1318	0.9763	1.4281	0.7060	0.0502s	1.2853	0.7040	0.5730
132
0676	0.1486	0.9737	1.3794	0.7080	0.0504s	1.2304	0.6970	0.5982
133
0677	0.1373	0.9763	1.4623	0.6980	0.0504s	1.3263	0.6970	0.6026
134
0678	0.1596	0.9737	1.3065	0.7100	0.0505s	1.1999	0.7120	0.6227
135
0679	0.1326	0.9842	1.3159	0.7200	0.0503s	1.2260	0.7050	0.5995
136
0680	0.1498	0.9763	1.3840	0.7160	0.0507s	1.2870	0.6850	0.5777
137
0681	0.1266	0.9789	1.4714	0.7020	0.0506s	1.3496	0.6790	0.5797
138
0682	0.1381	0.9763	1.4488	0.7000	0.0507s	1.3204	0.6850	0.5847
139
0683	0.1288	0.9895	1.3795	0.7040	0.0507s	1.2307	0.7040	0.6016
140
0684	0.1297	0.9658	1.3521	0.7040	0.0503s	1.1901	0.7150	0.6060
141
0685	0.1449	0.9711	1.3561	0.7180	0.0503s	1.2090	0.7080	0.5871
142
0686	0.1258	0.9868	1.4235	0.7080	0.0504s	1.2971	0.6920	0.5819
143
0687	0.1328	0.9711	1.4459	0.7080	0.0503s	1.3326	0.6910	0.5802
144
0688	0.1267	0.9842	1.4189	0.7140	0.0505s	1.3117	0.7000	0.5826
145
0689	0.1213	0.9921	1.3919	0.7260	0.0501s	1.2943	0.7020	0.5961
146
0690	0.1331	0.9868	1.3799	0.7200	0.0503s	1.2668	0.7040	0.5966
147
0691	0.1110	0.9868	1.3941	0.7200	0.0502s	1.2636	0.7050	0.6031
148
0692	0.1320	0.9737	1.4180	0.7160	0.0504s	1.2763	0.7030	0.6006
149
0693	0.1263	0.9763	1.4312	0.7140	0.0501s	1.2726	0.7020	0.5975
150
0694	0.1215	0.9842	1.4250	0.7140	0.0505s	1.2567	0.7040	0.5840
151
0695	0.1069	0.9868	1.4160	0.7180	0.0502s	1.2663	0.7010	0.5834
152
0696	0.1089	0.9895	1.4579	0.7300	0.0502s	1.3445	0.6990	0.6010
153
0697	0.1353	0.9711	1.5534	0.7100	0.0506s	1.4551	0.6790	0.5976
154
0698	0.1326	0.9763	1.6671	0.6940	0.0503s	1.5423	0.6770	0.5597
155
0699	0.1572	0.9737	1.5361	0.7100	0.0503s	1.3441	0.7120	0.6024
156
0700	0.1204	0.9921	1.4644	0.7180	0.0504s	1.2509	0.7190	0.6120
157
0701	0.1314	0.9711	1.4492	0.7220	0.0502s	1.2860	0.7050	0.5884
158
0702	0.1259	0.9842	1.5379	0.7080	0.0502s	1.4069	0.6900	0.5825
159
0703	0.1290	0.9789	1.5615	0.7060	0.0503s	1.4547	0.6770	0.5881
160
0704	0.1481	0.9737	1.4366	0.7120	0.0507s	1.2901	0.7050	0.6282
161
0705	0.1203	0.9868	1.4069	0.7120	0.0507s	1.2488	0.7150	0.6287
162
0706	0.1238	0.9895	1.4381	0.6980	0.0504s	1.2741	0.7140	0.6153
163
0707	0.1289	0.9789	1.4547	0.7060	0.0502s	1.2804	0.7100	0.6111
164
0708	0.1269	0.9789	1.4672	0.7040	0.0503s	1.2985	0.7010	0.5802
165
0709	0.1328	0.9711	1.4341	0.7080	0.0509s	1.2846	0.6910	0.5758
166
0710	0.1249	0.9789	1.4625	0.7120	0.0504s	1.3217	0.6960	0.5816
167
0711	0.1277	0.9658	1.4779	0.7100	0.0501s	1.3149	0.7110	0.5952
168
0712	0.1373	0.9763	1.4290	0.7160	0.0509s	1.2581	0.7110	0.5938
169
0713	0.1344	0.9737	1.4234	0.7100	0.0533s	1.2764	0.7050	0.5891
170
0714	0.1361	0.9711	1.4092	0.7100	0.0511s	1.2858	0.7070	0.6018
171
0715	0.1494	0.9658	1.3912	0.6960	0.0516s	1.2594	0.7100	0.5895
172
0716	0.1209	0.9868	1.3394	0.7240	0.0536s	1.1910	0.7050	0.5903
173
0717	0.1204	0.9816	1.3701	0.7080	0.0530s	1.2036	0.7090	0.5962
174
0718	0.1432	0.9711	1.4799	0.6980	0.0502s	1.3192	0.6920	0.5971
175
0719	0.1324	0.9684	1.5219	0.7080	0.0506s	1.3965	0.6910	0.6039
176
0720	0.1305	0.9711	1.5564	0.6920	0.0502s	1.4224	0.6900	0.6015
177
0721	0.1597	0.9658	1.4082	0.7180	0.0511s	1.2313	0.7080	0.5993
178
0722	0.1612	0.9579	1.5198	0.6940	0.0519s	1.3231	0.6920	0.5909
179
0723	0.1593	0.9632	1.4320	0.7040	0.0502s	1.2762	0.6960	0.6155
180
0724	0.1509	0.9868	1.4656	0.6720	0.0503s	1.3191	0.7010	0.6138
181
0725	0.1666	0.9684	1.3937	0.7080	0.0503s	1.2473	0.7120	0.6139
182
0726	0.1570	0.9816	1.4742	0.7040	0.0502s	1.3053	0.7000	0.6002
183
0727	0.1573	0.9553	1.5609	0.7080	0.0501s	1.3857	0.6830	0.5967
184
0728	0.1628	0.9684	1.4575	0.7100	0.0503s	1.2969	0.6960	0.6021
185
0729	0.1297	0.9763	1.4038	0.7100	0.0502s	1.2494	0.7030	0.6013
186
0730	0.1270	0.9789	1.4140	0.7020	0.0502s	1.2707	0.7050	0.5907
187
0731	0.1269	0.9868	1.4591	0.7040	0.0503s	1.3049	0.7110	0.5904
188
0732	0.1574	0.9763	1.6167	0.7020	0.0501s	1.4436	0.6780	0.5588
189
0733	0.1413	0.9632	1.5289	0.7120	0.0504s	1.3864	0.6880	0.5785
190
0734	0.1762	0.9553	1.3843	0.7120	0.0501s	1.2498	0.7060	0.5962
191
0735	0.1269	0.9895	1.4641	0.7180	0.0504s	1.3429	0.6920	0.5655
192
0736	0.1935	0.9553	1.5302	0.7120	0.0503s	1.3484	0.6930	0.5728
193
0737	0.1364	0.9816	1.7565	0.6960	0.0503s	1.5570	0.6690	0.5763
194
0738	0.2187	0.9579	1.5544	0.7060	0.0503s	1.4010	0.6760	0.5653
195
0739	0.1500	0.9684	1.4192	0.6980	0.0503s	1.3039	0.6910	0.5720
196
0740	0.1394	0.9763	1.3614	0.7080	0.0502s	1.2720	0.7000	0.5952
197
0741	0.1934	0.9395	1.3630	0.7080	0.0503s	1.2441	0.7040	0.6159
198
0742	0.1412	0.9658	1.5287	0.7020	0.0503s	1.3863	0.6970	0.6374
199
Early stop! Min loss:1.2571600675582886,  Max accuracy:0.732
Early stop model validation loss:1.2571600675582886,  accuracy:0.7000000000000001
Optimization Finished!
Total time elapsed: 38.4123s
test max acc:0.7270
Loading 182th epoch
stru_node_to_hop attention:tensor([[0.2444, 0.2526, 0.2515, 0.2515],
        [0.2473, 0.2506, 0.2509, 0.2512],
        [0.2508, 0.2492, 0.2499, 0.2500],
        [0.2487, 0.2498, 0.2508, 0.2507],
        [0.2368, 0.2615, 0.2523, 0.2494],
        [0.2459, 0.2511, 0.2517, 0.2513],
        [0.2476, 0.2508, 0.2508, 0.2508],
        [0.2443, 0.2522, 0.2515, 0.2520],
        [0.2455, 0.2521, 0.2512, 0.2512],
        [0.2447, 0.2507, 0.2522, 0.2524],
        [0.2469, 0.2504, 0.2514, 0.2513],
        [0.2470, 0.2503, 0.2511, 0.2516],
        [0.2410, 0.2518, 0.2547, 0.2525],
        [0.2069, 0.2521, 0.2712, 0.2697],
        [0.2231, 0.2506, 0.2648, 0.2614],
        [0.2500, 0.2500, 0.2500, 0.2500],
        [0.2519, 0.2496, 0.2493, 0.2492],
        [0.2500, 0.2500, 0.2500, 0.2500],
        [0.2488, 0.2500, 0.2508, 0.2504],
        [0.2505, 0.2499, 0.2498, 0.2498],
        [0.2466, 0.2504, 0.2514, 0.2516],
        [0.2506, 0.2500, 0.2497, 0.2497],
        [0.2500, 0.2500, 0.2500, 0.2500],
        [0.2500, 0.2500, 0.2500, 0.2500],
        [0.2479, 0.2509, 0.2507, 0.2505],
        [0.2500, 0.2500, 0.2500, 0.2500],
        [0.2508, 0.2497, 0.2497, 0.2498],
        [0.2486, 0.2503, 0.2505, 0.2506],
        [0.2505, 0.2499, 0.2498, 0.2498],
        [0.2500, 0.2500, 0.2500, 0.2500],
        [0.2409, 0.2522, 0.2532, 0.2536],
        [0.2497, 0.2501, 0.2501, 0.2501],
        [0.2498, 0.2507, 0.2501, 0.2494],
        [0.2496, 0.2501, 0.2503, 0.2500],
        [0.2507, 0.2496, 0.2498, 0.2500],
        [0.2506, 0.2499, 0.2498, 0.2497],
        [0.2490, 0.2497, 0.2506, 0.2507],
        [0.2503, 0.2499, 0.2499, 0.2499],
        [0.2500, 0.2500, 0.2500, 0.2500],
        [0.2448, 0.2497, 0.2526, 0.2529],
        [0.2504, 0.2498, 0.2499, 0.2499],
        [0.2453, 0.2503, 0.2517, 0.2526],
        [0.2509, 0.2503, 0.2495, 0.2493],
        [0.2500, 0.2500, 0.2500, 0.2500],
        [0.2500, 0.2487, 0.2505, 0.2507],
        [0.1744, 0.3479, 0.2555, 0.2222],
        [0.2506, 0.2500, 0.2497, 0.2497],
        [0.2455, 0.2502, 0.2519, 0.2524],
        [0.2500, 0.2500, 0.2500, 0.2500],
        [0.2912, 0.2406, 0.2333, 0.2349],
        [0.2500, 0.2500, 0.2500, 0.2500],
        [0.2500, 0.2500, 0.2500, 0.2500],
        [0.2498, 0.2500, 0.2502, 0.2500],
        [0.2493, 0.2495, 0.2506, 0.2505],
        [0.2506, 0.2494, 0.2501, 0.2500],
        [0.2270, 0.2459, 0.2612, 0.2659],
        [0.2656, 0.2304, 0.2509, 0.2531],
        [0.2500, 0.2500, 0.2500, 0.2500],
        [0.2500, 0.2500, 0.2500, 0.2500],
        [0.2500, 0.2500, 0.2500, 0.2500],
        [0.2505, 0.2488, 0.2501, 0.2506],
        [0.2499, 0.2499, 0.2501, 0.2501],
        [0.2500, 0.2500, 0.2500, 0.2500],
        [0.2502, 0.2500, 0.2499, 0.2499],
        [0.2501, 0.2500, 0.2500, 0.2500],
        [0.2456, 0.2460, 0.2539, 0.2545],
        [0.2500, 0.2500, 0.2500, 0.2500],
        [0.2476, 0.2507, 0.2508, 0.2508],
        [0.2500, 0.2499, 0.2499, 0.2502],
        [0.2500, 0.2500, 0.2500, 0.2500],
        [0.2500, 0.2500, 0.2500, 0.2500],
        [0.2505, 0.2499, 0.2498, 0.2498],
        [0.2481, 0.2496, 0.2512, 0.2511],
        [0.2500, 0.2500, 0.2500, 0.2500],
        [0.2500, 0.2500, 0.2500, 0.2500],
        [0.2500, 0.2500, 0.2500, 0.2500],
        [0.2498, 0.2500, 0.2501, 0.2501],
        [0.2455, 0.2498, 0.2522, 0.2526],
        [0.2500, 0.2500, 0.2500, 0.2500],
        [0.2499, 0.2500, 0.2501, 0.2500],
        [0.2450, 0.2502, 0.2523, 0.2526],
        [0.2473, 0.2494, 0.2513, 0.2519],
        [0.2476, 0.2501, 0.2511, 0.2512],
        [0.2497, 0.2501, 0.2501, 0.2501],
        [0.2450, 0.2504, 0.2520, 0.2527],
        [0.2404, 0.2527, 0.2530, 0.2538],
        [0.2500, 0.2488, 0.2505, 0.2508],
        [0.2500, 0.2500, 0.2500, 0.2500],
        [0.2493, 0.2502, 0.2503, 0.2503],
        [0.2500, 0.2500, 0.2500, 0.2500],
        [0.2500, 0.2500, 0.2500, 0.2500],
        [0.2499, 0.2500, 0.2500, 0.2500],
        [0.2500, 0.2500, 0.2500, 0.2500],
        [0.2498, 0.2501, 0.2501, 0.2501],
        [0.2503, 0.2500, 0.2499, 0.2499],
        [0.2500, 0.2500, 0.2500, 0.2500],
        [0.2430, 0.2540, 0.2518, 0.2512],
        [0.2339, 0.2557, 0.2553, 0.2552],
        [0.2500, 0.2500, 0.2500, 0.2500],
        [0.2493, 0.2508, 0.2501, 0.2498]], device='cuda:1')
fea_node_to_hop attention:tensor([[0.1415, 0.1428, 0.1435, 0.1431, 0.1430, 0.1430, 0.1430],
        [0.1414, 0.1432, 0.1430, 0.1431, 0.1431, 0.1431, 0.1431],
        [0.1438, 0.1423, 0.1425, 0.1427, 0.1428, 0.1429, 0.1429],
        [0.1420, 0.1429, 0.1429, 0.1430, 0.1431, 0.1431, 0.1431],
        [0.1371, 0.1476, 0.1467, 0.1446, 0.1427, 0.1412, 0.1400],
        [0.1407, 0.1430, 0.1434, 0.1434, 0.1433, 0.1432, 0.1431],
        [0.1418, 0.1432, 0.1431, 0.1431, 0.1430, 0.1430, 0.1429],
        [0.1392, 0.1430, 0.1434, 0.1436, 0.1436, 0.1436, 0.1436],
        [0.1411, 0.1429, 0.1431, 0.1432, 0.1432, 0.1432, 0.1432],
        [0.1396, 0.1429, 0.1433, 0.1435, 0.1436, 0.1436, 0.1436],
        [0.1415, 0.1434, 0.1431, 0.1431, 0.1430, 0.1430, 0.1429],
        [0.1411, 0.1426, 0.1431, 0.1433, 0.1433, 0.1433, 0.1433],
        [0.1334, 0.1425, 0.1445, 0.1449, 0.1450, 0.1449, 0.1449],
        [0.1244, 0.1397, 0.1445, 0.1469, 0.1477, 0.1482, 0.1486],
        [0.1216, 0.1448, 0.1478, 0.1471, 0.1466, 0.1463, 0.1458],
        [0.1429, 0.1429, 0.1429, 0.1429, 0.1429, 0.1429, 0.1429],
        [0.1440, 0.1427, 0.1427, 0.1427, 0.1427, 0.1427, 0.1427],
        [0.1429, 0.1429, 0.1429, 0.1429, 0.1429, 0.1429, 0.1429],
        [0.1408, 0.1430, 0.1431, 0.1433, 0.1433, 0.1433, 0.1433],
        [0.1432, 0.1428, 0.1428, 0.1428, 0.1428, 0.1428, 0.1428],
        [0.1402, 0.1429, 0.1433, 0.1434, 0.1434, 0.1434, 0.1433],
        [0.1432, 0.1428, 0.1428, 0.1428, 0.1428, 0.1428, 0.1428],
        [0.1428, 0.1429, 0.1429, 0.1429, 0.1429, 0.1429, 0.1429],
        [0.1429, 0.1429, 0.1429, 0.1429, 0.1429, 0.1429, 0.1429],
        [0.1418, 0.1430, 0.1430, 0.1431, 0.1430, 0.1430, 0.1430],
        [0.1429, 0.1429, 0.1429, 0.1429, 0.1429, 0.1429, 0.1429],
        [0.1431, 0.1429, 0.1428, 0.1428, 0.1428, 0.1428, 0.1428],
        [0.1424, 0.1429, 0.1429, 0.1429, 0.1429, 0.1429, 0.1429],
        [0.1432, 0.1429, 0.1428, 0.1428, 0.1428, 0.1428, 0.1428],
        [0.1429, 0.1429, 0.1429, 0.1429, 0.1429, 0.1429, 0.1429],
        [0.1386, 0.1430, 0.1437, 0.1437, 0.1437, 0.1437, 0.1436],
        [0.1426, 0.1429, 0.1429, 0.1429, 0.1429, 0.1429, 0.1429],
        [0.1434, 0.1428, 0.1429, 0.1426, 0.1426, 0.1428, 0.1429],
        [0.1425, 0.1426, 0.1432, 0.1431, 0.1430, 0.1428, 0.1427],
        [0.1411, 0.1429, 0.1432, 0.1432, 0.1432, 0.1432, 0.1432],
        [0.1432, 0.1428, 0.1428, 0.1428, 0.1428, 0.1428, 0.1428],
        [0.1417, 0.1432, 0.1430, 0.1430, 0.1430, 0.1430, 0.1430],
        [0.1430, 0.1429, 0.1428, 0.1428, 0.1428, 0.1428, 0.1428],
        [0.1428, 0.1428, 0.1429, 0.1429, 0.1429, 0.1429, 0.1429],
        [0.1387, 0.1433, 0.1434, 0.1436, 0.1437, 0.1437, 0.1437],
        [0.1440, 0.1426, 0.1427, 0.1427, 0.1427, 0.1427, 0.1427],
        [0.1383, 0.1433, 0.1435, 0.1436, 0.1437, 0.1437, 0.1438],
        [0.1434, 0.1429, 0.1428, 0.1428, 0.1427, 0.1427, 0.1427],
        [0.1429, 0.1428, 0.1429, 0.1428, 0.1428, 0.1428, 0.1428],
        [0.1423, 0.1424, 0.1431, 0.1431, 0.1431, 0.1430, 0.1430],
        [0.1203, 0.1496, 0.1465, 0.1490, 0.1459, 0.1450, 0.1437],
        [0.1430, 0.1428, 0.1428, 0.1428, 0.1428, 0.1428, 0.1428],
        [0.1406, 0.1432, 0.1434, 0.1432, 0.1432, 0.1432, 0.1432],
        [0.1429, 0.1429, 0.1429, 0.1429, 0.1429, 0.1429, 0.1429],
        [0.1593, 0.1690, 0.1473, 0.1369, 0.1316, 0.1288, 0.1271],
        [0.1429, 0.1429, 0.1429, 0.1429, 0.1429, 0.1429, 0.1429],
        [0.1428, 0.1429, 0.1429, 0.1429, 0.1429, 0.1429, 0.1429],
        [0.1428, 0.1429, 0.1429, 0.1429, 0.1429, 0.1429, 0.1429],
        [0.1415, 0.1441, 0.1434, 0.1429, 0.1427, 0.1427, 0.1427],
        [0.1432, 0.1430, 0.1428, 0.1428, 0.1427, 0.1427, 0.1427],
        [0.1217, 0.1413, 0.1472, 0.1482, 0.1479, 0.1473, 0.1465],
        [0.1454, 0.1318, 0.1438, 0.1444, 0.1450, 0.1449, 0.1448],
        [0.1429, 0.1429, 0.1429, 0.1429, 0.1429, 0.1429, 0.1429],
        [0.1429, 0.1429, 0.1429, 0.1429, 0.1429, 0.1429, 0.1429],
        [0.1428, 0.1429, 0.1429, 0.1429, 0.1429, 0.1429, 0.1429],
        [0.1429, 0.1422, 0.1429, 0.1429, 0.1430, 0.1430, 0.1431],
        [0.1428, 0.1428, 0.1429, 0.1429, 0.1429, 0.1429, 0.1429],
        [0.1429, 0.1429, 0.1429, 0.1429, 0.1429, 0.1429, 0.1429],
        [0.1429, 0.1428, 0.1428, 0.1428, 0.1428, 0.1428, 0.1428],
        [0.1429, 0.1428, 0.1428, 0.1428, 0.1428, 0.1428, 0.1428],
        [0.1375, 0.1424, 0.1438, 0.1440, 0.1441, 0.1441, 0.1441],
        [0.1429, 0.1429, 0.1429, 0.1429, 0.1429, 0.1429, 0.1429],
        [0.1406, 0.1433, 0.1432, 0.1432, 0.1432, 0.1432, 0.1432],
        [0.1429, 0.1428, 0.1429, 0.1428, 0.1429, 0.1428, 0.1428],
        [0.1428, 0.1429, 0.1429, 0.1429, 0.1429, 0.1429, 0.1429],
        [0.1429, 0.1429, 0.1429, 0.1429, 0.1429, 0.1429, 0.1429],
        [0.1432, 0.1428, 0.1428, 0.1428, 0.1428, 0.1428, 0.1428],
        [0.1415, 0.1430, 0.1431, 0.1431, 0.1431, 0.1431, 0.1431],
        [0.1429, 0.1429, 0.1429, 0.1429, 0.1429, 0.1429, 0.1429],
        [0.1428, 0.1429, 0.1429, 0.1429, 0.1429, 0.1429, 0.1429],
        [0.1429, 0.1429, 0.1429, 0.1429, 0.1429, 0.1429, 0.1429],
        [0.1428, 0.1428, 0.1429, 0.1429, 0.1429, 0.1429, 0.1429],
        [0.1408, 0.1439, 0.1432, 0.1431, 0.1431, 0.1430, 0.1430],
        [0.1428, 0.1429, 0.1429, 0.1429, 0.1429, 0.1429, 0.1429],
        [0.1428, 0.1429, 0.1429, 0.1428, 0.1428, 0.1429, 0.1429],
        [0.1386, 0.1447, 0.1431, 0.1434, 0.1434, 0.1434, 0.1434],
        [0.1399, 0.1431, 0.1431, 0.1433, 0.1434, 0.1435, 0.1436],
        [0.1410, 0.1430, 0.1431, 0.1432, 0.1432, 0.1432, 0.1432],
        [0.1427, 0.1429, 0.1429, 0.1429, 0.1429, 0.1429, 0.1429],
        [0.1401, 0.1428, 0.1433, 0.1435, 0.1435, 0.1434, 0.1434],
        [0.1406, 0.1434, 0.1432, 0.1433, 0.1432, 0.1432, 0.1431],
        [0.1413, 0.1441, 0.1434, 0.1431, 0.1429, 0.1427, 0.1425],
        [0.1429, 0.1429, 0.1429, 0.1429, 0.1429, 0.1429, 0.1429],
        [0.1426, 0.1429, 0.1429, 0.1429, 0.1429, 0.1429, 0.1429],
        [0.1429, 0.1429, 0.1429, 0.1429, 0.1429, 0.1429, 0.1429],
        [0.1429, 0.1429, 0.1429, 0.1429, 0.1429, 0.1429, 0.1429],
        [0.1428, 0.1429, 0.1429, 0.1429, 0.1429, 0.1429, 0.1429],
        [0.1428, 0.1429, 0.1429, 0.1429, 0.1429, 0.1429, 0.1429],
        [0.1426, 0.1429, 0.1429, 0.1429, 0.1429, 0.1429, 0.1429],
        [0.1429, 0.1428, 0.1428, 0.1428, 0.1428, 0.1428, 0.1428],
        [0.1428, 0.1429, 0.1429, 0.1429, 0.1429, 0.1429, 0.1429],
        [0.1401, 0.1456, 0.1434, 0.1432, 0.1428, 0.1425, 0.1423],
        [0.1379, 0.1436, 0.1437, 0.1438, 0.1437, 0.1437, 0.1437],
        [0.1429, 0.1428, 0.1429, 0.1429, 0.1429, 0.1429, 0.1429],
        [0.1425, 0.1429, 0.1429, 0.1429, 0.1429, 0.1429, 0.1429]],
       device='cuda:1')
perception attention:tensor([0.4459, 0.5541], device='cuda:1')
Test set results: loss= 1.1995 accuracy= 0.6990 F1_score= 0.5878
