# epoch	loss_train	acc_train	loss_val	acc_val	time	acc_test	f1_test
0001	2.9346	0.0737	5.4086	0.1500	0.0500s	4.9768	0.1630	0.0213
0
0002	5.5140	0.1526	7.1977	0.1080	0.0509s	6.9300	0.1060	0.0127
0
0003	6.8868	0.1237	5.8217	0.1880	0.0503s	5.5853	0.2210	0.0550
1
0004	5.6447	0.2026	4.0820	0.2600	0.0500s	3.9266	0.2310	0.1484
0
0005	3.9490	0.2500	2.9459	0.2940	0.0504s	2.8665	0.3190	0.1797
0
0006	2.8869	0.3263	2.6095	0.2380	0.0512s	2.5766	0.2400	0.1885
0
0007	2.5232	0.2737	2.4063	0.3020	0.0505s	2.3762	0.3180	0.2247
0
0008	2.3235	0.3211	2.1089	0.3740	0.0502s	2.0433	0.4250	0.2743
0
0009	2.0228	0.4237	2.0801	0.3220	0.0511s	1.9487	0.3810	0.2448
0
0010	1.9816	0.3816	1.9339	0.4300	0.0503s	1.7923	0.4900	0.2900
0
0011	1.8238	0.4632	1.7919	0.4760	0.0504s	1.6627	0.5120	0.3077
0
0012	1.6647	0.5158	1.6867	0.5260	0.0506s	1.5671	0.5460	0.3630
0
0013	1.5562	0.5158	1.6248	0.5600	0.0503s	1.4956	0.6110	0.4456
0
0014	1.3860	0.6316	1.5984	0.5580	0.0503s	1.4496	0.5990	0.4443
0
0015	1.2953	0.5816	1.5857	0.5460	0.0504s	1.4119	0.6010	0.4321
0
0016	1.2501	0.6342	1.5339	0.5780	0.0592s	1.3662	0.6250	0.4511
0
0017	1.1752	0.6316	1.4576	0.5860	0.0529s	1.3034	0.6340	0.4601
0
0018	1.0527	0.6579	1.4371	0.6140	0.0512s	1.2805	0.6490	0.4873
0
0019	1.0371	0.6632	1.3764	0.6160	0.0516s	1.2375	0.6630	0.4989
0
0020	0.9677	0.6711	1.3661	0.6200	0.0509s	1.2493	0.6560	0.4787
0
0021	0.9302	0.7000	1.3544	0.6140	0.0502s	1.2389	0.6580	0.5035
0
0022	0.8821	0.7184	1.3417	0.6300	0.0508s	1.2256	0.6720	0.5426
0
0023	0.8071	0.7711	1.2982	0.6500	0.0507s	1.1967	0.6720	0.5391
0
0024	0.7708	0.7684	1.2779	0.6440	0.0504s	1.1917	0.6810	0.5486
0
0025	0.7416	0.7553	1.2964	0.6400	0.0501s	1.2119	0.6740	0.5151
0
0026	0.6974	0.7763	1.2821	0.6460	0.0503s	1.1937	0.6710	0.5064
1
0027	0.6680	0.7842	1.3137	0.6560	0.0502s	1.2278	0.6800	0.5140
2
0028	0.6550	0.7921	1.3067	0.6640	0.0501s	1.2126	0.6730	0.5465
0
0029	0.5983	0.8342	1.2847	0.6560	0.0500s	1.1918	0.6760	0.5396
0
0030	0.5887	0.8289	1.2616	0.6700	0.0503s	1.1785	0.6890	0.5440
1
0031	0.5471	0.8342	1.2851	0.6780	0.0503s	1.2189	0.6820	0.5517
0
0032	0.5411	0.8211	1.2977	0.6780	0.0501s	1.2177	0.6840	0.5617
0
0033	0.4804	0.8737	1.3172	0.6720	0.0508s	1.2181	0.6880	0.5606
0
0034	0.4948	0.8632	1.2892	0.6860	0.0507s	1.1947	0.7100	0.5707
1
0035	0.4682	0.8447	1.2717	0.7020	0.0505s	1.1836	0.6950	0.5611
0
0036	0.4234	0.8789	1.2696	0.6860	0.0504s	1.1809	0.6910	0.5756
0
0037	0.4164	0.8789	1.2574	0.6960	0.0506s	1.1959	0.7060	0.5757
1
0038	0.4146	0.9079	1.2463	0.7080	0.0507s	1.1945	0.7040	0.5765
0
0039	0.3813	0.9105	1.3052	0.6960	0.0507s	1.2494	0.6870	0.5633
0
0040	0.3598	0.8868	1.3159	0.6660	0.0503s	1.2482	0.6740	0.5553
1
0041	0.3672	0.9132	1.2872	0.6840	0.0504s	1.2349	0.6950	0.5595
2
0042	0.3399	0.9237	1.3208	0.7000	0.0502s	1.2524	0.6980	0.5698
3
0043	0.3128	0.9289	1.3017	0.7060	0.0505s	1.2029	0.7060	0.5749
4
0044	0.2786	0.9447	1.2911	0.6980	0.0501s	1.1830	0.7050	0.5754
5
0045	0.3124	0.8947	1.2690	0.7140	0.0502s	1.1875	0.7040	0.5769
6
0046	0.3187	0.9158	1.3615	0.7000	0.0502s	1.2785	0.6940	0.5673
0
0047	0.3006	0.9342	1.3838	0.6840	0.0503s	1.3144	0.6910	0.5567
1
0048	0.2988	0.9316	1.3471	0.6760	0.0505s	1.2831	0.6820	0.5537
2
0049	0.2740	0.9342	1.3124	0.6960	0.0503s	1.2698	0.6890	0.5640
3
0050	0.3043	0.9342	1.4197	0.6920	0.0504s	1.3707	0.6920	0.5723
4
0051	0.3017	0.9289	1.3142	0.7040	0.0510s	1.2552	0.7070	0.5701
5
0052	0.2741	0.9421	1.3736	0.6900	0.0505s	1.2697	0.6990	0.5567
6
0053	0.3205	0.9316	1.3618	0.7000	0.0503s	1.2532	0.6890	0.5572
7
0054	0.2518	0.9658	1.4071	0.6960	0.0501s	1.3106	0.6950	0.5710
8
0055	0.2658	0.9316	1.3830	0.7040	0.0503s	1.3123	0.6840	0.5678
9
0056	0.2459	0.9579	1.3397	0.7080	0.0501s	1.2590	0.6950	0.5668
10
0057	0.2597	0.9263	1.3654	0.7040	0.0500s	1.2578	0.7030	0.5741
11
0058	0.2393	0.9395	1.3834	0.7060	0.0503s	1.2726	0.7050	0.5810
12
0059	0.2445	0.9474	1.4135	0.7000	0.0503s	1.3079	0.6940	0.5577
13
0060	0.2334	0.9658	1.4133	0.7100	0.0502s	1.3222	0.6960	0.5616
14
0061	0.2492	0.9421	1.3899	0.6880	0.0500s	1.2854	0.6930	0.5574
15
0062	0.2367	0.9526	1.3079	0.6900	0.0502s	1.2238	0.7080	0.5620
16
0063	0.2562	0.9421	1.3194	0.7060	0.0503s	1.2501	0.7150	0.5791
17
0064	0.2370	0.9553	1.4137	0.7020	0.0503s	1.3346	0.7050	0.5828
18
0065	0.2619	0.9553	1.3704	0.7100	0.0501s	1.2810	0.7000	0.5804
19
0066	0.2239	0.9526	1.3365	0.7040	0.0505s	1.2528	0.6820	0.5647
20
0067	0.2561	0.9237	1.2708	0.7040	0.0504s	1.2037	0.6970	0.5661
21
0068	0.2202	0.9605	1.3252	0.6900	0.0507s	1.2595	0.7120	0.5785
22
0069	0.2311	0.9474	1.4254	0.7080	0.0503s	1.3173	0.6930	0.5690
23
0070	0.2268	0.9553	1.4617	0.6980	0.0501s	1.3229	0.6880	0.5724
24
0071	0.2334	0.9395	1.3593	0.7080	0.0507s	1.2209	0.6990	0.5735
25
0072	0.2222	0.9605	1.2618	0.7020	0.0511s	1.1575	0.7280	0.5801
26
0073	0.2243	0.9526	1.2754	0.6980	0.0503s	1.2086	0.7200	0.5765
27
0074	0.2325	0.9605	1.3225	0.7020	0.0501s	1.2852	0.6960	0.5679
28
0075	0.2015	0.9684	1.3506	0.7100	0.0502s	1.3061	0.6910	0.5631
29
0076	0.2093	0.9632	1.3168	0.7140	0.0507s	1.2525	0.6960	0.5667
30
0077	0.2198	0.9632	1.2711	0.7140	0.0505s	1.1935	0.7050	0.5671
0
0078	0.2158	0.9579	1.2553	0.7180	0.0508s	1.1734	0.7110	0.5674
0
0079	0.2223	0.9579	1.2797	0.7140	0.0504s	1.1964	0.7070	0.5649
0
0080	0.2006	0.9553	1.2766	0.6960	0.0513s	1.1865	0.7140	0.5744
1
0081	0.1936	0.9579	1.2432	0.7160	0.0510s	1.1387	0.7200	0.5884
2
0082	0.2081	0.9316	1.3158	0.7080	0.0504s	1.1966	0.7020	0.5818
0
0083	0.2278	0.9553	1.4100	0.6960	0.0504s	1.2933	0.6960	0.5815
1
0084	0.2147	0.9632	1.3609	0.7080	0.0511s	1.2702	0.6990	0.5764
2
0085	0.2069	0.9605	1.3890	0.7020	0.0501s	1.2918	0.7000	0.5682
3
0086	0.1990	0.9605	1.3231	0.7160	0.0503s	1.2283	0.7030	0.5704
4
0087	0.1977	0.9500	1.3174	0.7020	0.0500s	1.2045	0.7050	0.5624
5
0088	0.2131	0.9579	1.3503	0.6980	0.0513s	1.2310	0.6940	0.5599
6
0089	0.2078	0.9579	1.3285	0.7100	0.0501s	1.2256	0.6960	0.5753
7
0090	0.1931	0.9579	1.3494	0.7060	0.0503s	1.2489	0.6970	0.5720
8
0091	0.2125	0.9526	1.3308	0.7100	0.0501s	1.2391	0.6940	0.5640
9
0092	0.1969	0.9711	1.3768	0.7020	0.0506s	1.2861	0.6870	0.5669
10
0093	0.2126	0.9553	1.3006	0.7060	0.0503s	1.2166	0.6990	0.5794
11
0094	0.2062	0.9526	1.2969	0.7100	0.0503s	1.2116	0.6980	0.5707
12
0095	0.1881	0.9500	1.2629	0.7160	0.0502s	1.1907	0.7100	0.5745
13
0096	0.2025	0.9605	1.3448	0.7000	0.0504s	1.2801	0.6900	0.5642
14
0097	0.2350	0.9395	1.3807	0.6840	0.0505s	1.2884	0.6990	0.5650
15
0098	0.2027	0.9711	1.3885	0.7000	0.0504s	1.2894	0.6900	0.5773
16
0099	0.1937	0.9632	1.3281	0.7080	0.0504s	1.2212	0.6990	0.5724
17
0100	0.2009	0.9605	1.2528	0.7100	0.0504s	1.1780	0.7190	0.5783
18
0101	0.1989	0.9553	1.2748	0.7040	0.0502s	1.1934	0.7100	0.5743
19
0102	0.2056	0.9447	1.3492	0.6920	0.0504s	1.2321	0.6900	0.5630
20
0103	0.2108	0.9500	1.3813	0.6900	0.0502s	1.2590	0.6810	0.5617
21
0104	0.2128	0.9474	1.2956	0.7160	0.0504s	1.1935	0.7140	0.5842
22
0105	0.1748	0.9816	1.3455	0.7140	0.0502s	1.2492	0.7030	0.5755
23
0106	0.2030	0.9605	1.3332	0.7120	0.0500s	1.2447	0.6940	0.5689
24
0107	0.1842	0.9789	1.3558	0.7120	0.0503s	1.2553	0.6870	0.5597
25
0108	0.1957	0.9605	1.3388	0.7060	0.0503s	1.2383	0.7000	0.5716
26
0109	0.1677	0.9737	1.3558	0.7040	0.0504s	1.2552	0.6980	0.5765
27
0110	0.1894	0.9658	1.3173	0.7080	0.0502s	1.2178	0.7050	0.5839
28
0111	0.1985	0.9553	1.3249	0.6960	0.0502s	1.2284	0.6940	0.5693
29
0112	0.2108	0.9447	1.2499	0.7100	0.0503s	1.1607	0.7170	0.5817
30
0113	0.1857	0.9737	1.2992	0.6940	0.0519s	1.2060	0.7090	0.5812
31
0114	0.1759	0.9632	1.4231	0.7100	0.0508s	1.3035	0.6890	0.5963
32
0115	0.1874	0.9763	1.4763	0.6900	0.0503s	1.3528	0.6810	0.5889
33
0116	0.1951	0.9368	1.3342	0.7080	0.0501s	1.2475	0.6910	0.5624
34
0117	0.2006	0.9526	1.3167	0.7080	0.0514s	1.2236	0.7030	0.5668
35
0118	0.1871	0.9711	1.3196	0.7060	0.0504s	1.2203	0.7070	0.5745
36
0119	0.1783	0.9816	1.3528	0.7000	0.0507s	1.2472	0.6930	0.5703
37
0120	0.1653	0.9763	1.3925	0.7040	0.0505s	1.2816	0.6900	0.5683
38
0121	0.1893	0.9632	1.3533	0.6940	0.0507s	1.2477	0.6970	0.5682
39
0122	0.1895	0.9632	1.3660	0.7040	0.0512s	1.2640	0.6950	0.5692
40
0123	0.1871	0.9579	1.3799	0.7120	0.0505s	1.2674	0.7000	0.5804
41
0124	0.1900	0.9526	1.3865	0.7060	0.0505s	1.2648	0.6910	0.5727
42
0125	0.1714	0.9684	1.3768	0.7020	0.0507s	1.2397	0.6990	0.5732
43
0126	0.1682	0.9868	1.3499	0.7100	0.0507s	1.2268	0.6950	0.5664
44
0127	0.1871	0.9711	1.3256	0.7060	0.0507s	1.2133	0.7080	0.5788
45
0128	0.1956	0.9605	1.3393	0.7060	0.0504s	1.2263	0.7010	0.5788
46
0129	0.1695	0.9711	1.4360	0.7040	0.0502s	1.3196	0.6910	0.5705
47
0130	0.1729	0.9737	1.4163	0.7080	0.0500s	1.2973	0.6970	0.5719
48
0131	0.1787	0.9711	1.3887	0.7060	0.0513s	1.2735	0.7000	0.5744
49
0132	0.1684	0.9658	1.3325	0.7060	0.0507s	1.2223	0.7060	0.5799
50
0133	0.1819	0.9684	1.3447	0.7080	0.0500s	1.2311	0.7190	0.5739
51
0134	0.2031	0.9526	1.3746	0.7060	0.0504s	1.2231	0.7070	0.5759
52
0135	0.1734	0.9684	1.5212	0.6940	0.0506s	1.3684	0.6800	0.5580
53
0136	0.1844	0.9684	1.4172	0.7120	0.0503s	1.2900	0.6940	0.5679
54
0137	0.1777	0.9605	1.3264	0.6980	0.0504s	1.2314	0.7090	0.5742
55
0138	0.1839	0.9816	1.3058	0.7040	0.0504s	1.2173	0.7000	0.5738
56
0139	0.1758	0.9737	1.3796	0.7040	0.0506s	1.2716	0.6870	0.5672
57
0140	0.1853	0.9632	1.3969	0.7100	0.0503s	1.2637	0.6930	0.5688
58
0141	0.1614	0.9737	1.4219	0.6980	0.0504s	1.2768	0.7030	0.5711
59
0142	0.1625	0.9658	1.3725	0.7060	0.0518s	1.2353	0.7180	0.5816
60
0143	0.1717	0.9658	1.3675	0.7100	0.0510s	1.2525	0.6950	0.5888
61
0144	0.1782	0.9526	1.3608	0.7080	0.0503s	1.2503	0.6920	0.5845
62
0145	0.1666	0.9658	1.3318	0.7100	0.0503s	1.2072	0.7190	0.5811
63
0146	0.1484	0.9763	1.3621	0.7000	0.0511s	1.2320	0.7150	0.5706
64
0147	0.1924	0.9763	1.3728	0.7060	0.0505s	1.2423	0.7010	0.5664
65
0148	0.1539	0.9737	1.4215	0.7180	0.0504s	1.2895	0.6900	0.5655
66
0149	0.1785	0.9579	1.3927	0.7180	0.0503s	1.2506	0.7040	0.5775
0
0150	0.1884	0.9605	1.4565	0.7040	0.0501s	1.3033	0.7110	0.5840
0
0151	0.1921	0.9579	1.4024	0.7160	0.0524s	1.2408	0.7170	0.5863
1
0152	0.1701	0.9684	1.3868	0.7100	0.0507s	1.2357	0.7030	0.5742
2
0153	0.1573	0.9684	1.4005	0.7080	0.0519s	1.2504	0.6990	0.5752
3
0154	0.1598	0.9763	1.3891	0.6940	0.0540s	1.2556	0.6920	0.5657
4
0155	0.1660	0.9711	1.3981	0.7020	0.0536s	1.2752	0.6920	0.5719
5
0156	0.1734	0.9789	1.3966	0.7120	0.0521s	1.2670	0.7030	0.5811
6
0157	0.1598	0.9842	1.4385	0.7060	0.0507s	1.2869	0.6940	0.5715
7
0158	0.1784	0.9605	1.4021	0.6880	0.0502s	1.2857	0.6920	0.5716
8
0159	0.1982	0.9632	1.3717	0.6960	0.0505s	1.2671	0.6960	0.5708
9
0160	0.1980	0.9526	1.3961	0.6920	0.0503s	1.2734	0.6970	0.5648
10
0161	0.1623	0.9711	1.5097	0.6960	0.0501s	1.3830	0.6890	0.5685
11
0162	0.1664	0.9763	1.5134	0.6960	0.0504s	1.3752	0.6860	0.5795
12
0163	0.1904	0.9579	1.3473	0.7040	0.0505s	1.2419	0.6970	0.5706
13
0164	0.2075	0.9632	1.3516	0.7020	0.0512s	1.2460	0.7050	0.5827
14
0165	0.1760	0.9632	1.3798	0.7060	0.0504s	1.2879	0.7000	0.5868
15
0166	0.1653	0.9763	1.4763	0.6920	0.0503s	1.3654	0.6850	0.5818
16
0167	0.1724	0.9658	1.4055	0.6940	0.0513s	1.2860	0.6920	0.5771
17
0168	0.1577	0.9789	1.4443	0.6840	0.0509s	1.3056	0.6980	0.5715
18
0169	0.1836	0.9632	1.4083	0.7040	0.0503s	1.2766	0.7000	0.5731
19
0170	0.1646	0.9658	1.5521	0.6720	0.0504s	1.4219	0.6870	0.5731
20
0171	0.2026	0.9447	1.4573	0.6940	0.0516s	1.3389	0.6900	0.5728
21
0172	0.1946	0.9737	1.4464	0.6820	0.0506s	1.3241	0.6810	0.5588
22
0173	0.2091	0.9553	1.3500	0.7160	0.0503s	1.2186	0.6950	0.5641
23
0174	0.1567	0.9737	1.6159	0.6580	0.0505s	1.4509	0.6780	0.5679
24
0175	0.2227	0.9579	1.4030	0.7020	0.0508s	1.2580	0.6970	0.5679
25
0176	0.1900	0.9711	1.4612	0.6980	0.0508s	1.3223	0.6890	0.5711
26
0177	0.1867	0.9737	1.4499	0.6940	0.0505s	1.3413	0.6810	0.5614
27
0178	0.2026	0.9684	1.3211	0.6940	0.0505s	1.2146	0.7000	0.5654
28
0179	0.1729	0.9711	1.4068	0.6840	0.0506s	1.2790	0.6980	0.5725
29
0180	0.1876	0.9763	1.4111	0.6980	0.0506s	1.2770	0.6970	0.5662
30
0181	0.1712	0.9632	1.4996	0.6900	0.0502s	1.3412	0.6960	0.5749
31
0182	0.1614	0.9763	1.4546	0.6980	0.0504s	1.3111	0.6960	0.5757
32
0183	0.1680	0.9605	1.3413	0.6980	0.0504s	1.2297	0.6970	0.5535
33
0184	0.1739	0.9632	1.3265	0.6940	0.0504s	1.2367	0.7030	0.5729
34
0185	0.1915	0.9579	1.3802	0.7100	0.0503s	1.2733	0.6920	0.5649
35
0186	0.1653	0.9763	1.4078	0.7000	0.0504s	1.3007	0.6950	0.5797
36
0187	0.2149	0.9658	1.3873	0.7120	0.0513s	1.2758	0.7010	0.5740
37
0188	0.1469	0.9842	1.3526	0.7060	0.0512s	1.2471	0.7060	0.5727
38
0189	0.1501	0.9816	1.3538	0.7040	0.0503s	1.2550	0.7070	0.5639
39
0190	0.1846	0.9737	1.4067	0.7080	0.0504s	1.2965	0.6810	0.5595
40
0191	0.1605	0.9816	1.5243	0.7040	0.0501s	1.3949	0.6820	0.5684
41
0192	0.1528	0.9658	1.5061	0.6960	0.0506s	1.3684	0.6990	0.5781
42
0193	0.1607	0.9658	1.3869	0.7040	0.0502s	1.2707	0.7100	0.5839
43
0194	0.1655	0.9737	1.3205	0.7080	0.0504s	1.2149	0.7080	0.5783
44
0195	0.1496	0.9737	1.3554	0.7140	0.0503s	1.2550	0.6870	0.5737
45
0196	0.1557	0.9789	1.4504	0.7020	0.0507s	1.3538	0.6810	0.5751
46
0197	0.1846	0.9684	1.4541	0.7040	0.0505s	1.3406	0.7000	0.5798
47
0198	0.1286	0.9816	1.4770	0.7180	0.0504s	1.3337	0.7120	0.5875
48
0199	0.1663	0.9711	1.4260	0.7120	0.0502s	1.2906	0.7100	0.5793
0
0200	0.1450	0.9789	1.3486	0.7060	0.0503s	1.2397	0.7030	0.5673
1
0201	0.1595	0.9579	1.3576	0.7060	0.0506s	1.2681	0.6920	0.5614
2
0202	0.1598	0.9789	1.3842	0.7120	0.0503s	1.3012	0.6880	0.5631
3
0203	0.1538	0.9816	1.4114	0.7180	0.0502s	1.3118	0.7000	0.5824
4
0204	0.1580	0.9816	1.4294	0.7080	0.0504s	1.3173	0.7110	0.5820
0
0205	0.1662	0.9816	1.4248	0.7180	0.0509s	1.3199	0.6990	0.5737
1
0206	0.1518	0.9842	1.4158	0.7080	0.0503s	1.3122	0.6930	0.5728
0
0207	0.1396	0.9816	1.4010	0.7060	0.0505s	1.2887	0.6920	0.5713
1
0208	0.1527	0.9684	1.4127	0.7120	0.0505s	1.2749	0.7050	0.5753
2
0209	0.1632	0.9737	1.4513	0.7000	0.0510s	1.2981	0.7100	0.5772
3
0210	0.1538	0.9711	1.4529	0.7120	0.0513s	1.3142	0.7050	0.5766
4
0211	0.1449	0.9789	1.4619	0.7140	0.0502s	1.3359	0.6950	0.5752
5
0212	0.1594	0.9737	1.4235	0.7180	0.0506s	1.3072	0.6840	0.5595
6
0213	0.1802	0.9579	1.4124	0.7100	0.0513s	1.3230	0.6820	0.5602
0
0214	0.1574	0.9737	1.4054	0.7100	0.0508s	1.3082	0.6920	0.5693
1
0215	0.1389	0.9711	1.3527	0.7140	0.0504s	1.2397	0.7120	0.5828
2
0216	0.1483	0.9763	1.3876	0.7120	0.0511s	1.2323	0.7120	0.5715
3
0217	0.1500	0.9711	1.4002	0.7080	0.0517s	1.2439	0.7110	0.5687
4
0218	0.1485	0.9789	1.3952	0.7120	0.0508s	1.2741	0.7040	0.5787
5
0219	0.1562	0.9658	1.3718	0.7100	0.0506s	1.2827	0.7040	0.5812
6
0220	0.1521	0.9579	1.3435	0.7120	0.0510s	1.2442	0.6990	0.5877
7
0221	0.1556	0.9895	1.3259	0.7180	0.0520s	1.2172	0.7010	0.5887
8
0222	0.1356	0.9816	1.3433	0.7280	0.0516s	1.2231	0.7120	0.5963
0
0223	0.1475	0.9789	1.4653	0.7060	0.0506s	1.3321	0.6980	0.5671
0
0224	0.1388	0.9868	1.4463	0.7160	0.0506s	1.3181	0.7000	0.5751
1
0225	0.1498	0.9842	1.3721	0.7080	0.0515s	1.2463	0.7000	0.5766
2
0226	0.1540	0.9737	1.3508	0.7140	0.0518s	1.2227	0.7070	0.5796
3
0227	0.1564	0.9579	1.3840	0.7160	0.0510s	1.2615	0.7010	0.5757
4
0228	0.1278	0.9842	1.4953	0.6900	0.0509s	1.3619	0.6960	0.5729
5
0229	0.1509	0.9789	1.4014	0.7160	0.0516s	1.2718	0.7010	0.5713
6
0230	0.1780	0.9789	1.4059	0.7200	0.0520s	1.2824	0.6980	0.5691
7
0231	0.1305	0.9789	1.4535	0.7160	0.0513s	1.3310	0.6850	0.5599
8
0232	0.1615	0.9684	1.4914	0.7120	0.0509s	1.3686	0.6850	0.5618
9
0233	0.1536	0.9737	1.5437	0.7000	0.0519s	1.4055	0.6910	0.5752
10
0234	0.1608	0.9605	1.4085	0.7160	0.0514s	1.2577	0.7130	0.5836
11
0235	0.1619	0.9763	1.4064	0.7080	0.0511s	1.2417	0.7160	0.5928
12
0236	0.1555	0.9658	1.3921	0.7140	0.0515s	1.2520	0.7090	0.5891
13
0237	0.1648	0.9842	1.4614	0.6980	0.0518s	1.3554	0.6860	0.5739
14
0238	0.1670	0.9632	1.4669	0.6980	0.0512s	1.3986	0.6840	0.5701
15
0239	0.1599	0.9737	1.3807	0.7100	0.0508s	1.3192	0.6930	0.5713
16
0240	0.1983	0.9737	1.3052	0.7120	0.0516s	1.2191	0.7060	0.5582
17
0241	0.1749	0.9605	1.3592	0.7200	0.0517s	1.2593	0.6980	0.5596
18
0242	0.2024	0.9658	1.4624	0.7040	0.0512s	1.3409	0.6920	0.5685
19
0243	0.2042	0.9421	1.3847	0.7140	0.0514s	1.2553	0.7090	0.5881
20
0244	0.1442	0.9868	1.4732	0.7100	0.0512s	1.3227	0.6990	0.5725
21
0245	0.1641	0.9763	1.5245	0.6980	0.0514s	1.3644	0.6910	0.5582
22
0246	0.1821	0.9632	1.4653	0.7060	0.0516s	1.3194	0.6900	0.5694
23
0247	0.1546	0.9605	1.4004	0.7060	0.0525s	1.3006	0.6820	0.5666
24
0248	0.1722	0.9816	1.3441	0.7040	0.0508s	1.2540	0.6880	0.5681
25
0249	0.1540	0.9553	1.2877	0.7000	0.0509s	1.1860	0.7080	0.5794
26
0250	0.1378	0.9737	1.3621	0.7060	0.0509s	1.2345	0.7060	0.5647
27
0251	0.1692	0.9737	1.4326	0.6960	0.0507s	1.2945	0.7000	0.5802
28
0252	0.1615	0.9737	1.4649	0.6980	0.0505s	1.3456	0.6860	0.5765
29
0253	0.1309	0.9763	1.4742	0.6940	0.0517s	1.3523	0.6850	0.5748
30
0254	0.1837	0.9684	1.3734	0.7060	0.0541s	1.2727	0.6960	0.5822
31
0255	0.1707	0.9605	1.4501	0.6920	0.0515s	1.3090	0.7110	0.5957
32
0256	0.1787	0.9711	1.5087	0.6940	0.0510s	1.3380	0.7040	0.5802
33
0257	0.1840	0.9526	1.4522	0.7040	0.0506s	1.3231	0.6960	0.5752
34
0258	0.1507	0.9763	1.5801	0.6820	0.0515s	1.4447	0.6870	0.5562
35
0259	0.1656	0.9658	1.6326	0.6880	0.0508s	1.4966	0.6670	0.5448
36
0260	0.1600	0.9658	1.5538	0.6940	0.0509s	1.4331	0.6860	0.5594
37
0261	0.1636	0.9684	1.4546	0.7000	0.0505s	1.3386	0.7010	0.5615
38
0262	0.1534	0.9632	1.3949	0.7160	0.0515s	1.2698	0.7140	0.5729
39
0263	0.1662	0.9632	1.4239	0.7200	0.0511s	1.2873	0.7100	0.5819
40
0264	0.1773	0.9658	1.5511	0.7060	0.0504s	1.4244	0.6840	0.5773
41
0265	0.1318	0.9737	1.6744	0.6720	0.0503s	1.5225	0.6740	0.5936
42
0266	0.2279	0.9605	1.4422	0.6880	0.0508s	1.3179	0.6930	0.5777
43
0267	0.1401	0.9789	1.3570	0.6960	0.0508s	1.2402	0.6970	0.5665
44
0268	0.1698	0.9684	1.3738	0.7080	0.0511s	1.2379	0.7140	0.5803
45
0269	0.1390	0.9789	1.5324	0.7080	0.0504s	1.3714	0.7080	0.5955
46
0270	0.1911	0.9579	1.6093	0.6960	0.0512s	1.4663	0.6900	0.5742
47
0271	0.1536	0.9816	1.5422	0.6920	0.0513s	1.4249	0.6880	0.5700
48
0272	0.1635	0.9711	1.4281	0.6800	0.0514s	1.2941	0.7010	0.5612
49
0273	0.1728	0.9763	1.3791	0.7040	0.0505s	1.2475	0.7020	0.5629
50
0274	0.1541	0.9737	1.5318	0.6960	0.0505s	1.3973	0.6990	0.5682
51
0275	0.1453	0.9684	1.5814	0.7000	0.0507s	1.4610	0.6920	0.5685
52
0276	0.1524	0.9763	1.5671	0.7020	0.0508s	1.4279	0.6890	0.5665
53
0277	0.1592	0.9658	1.4155	0.6980	0.0516s	1.2631	0.7050	0.5696
54
0278	0.1684	0.9605	1.3804	0.7020	0.0512s	1.2395	0.7050	0.5731
55
0279	0.1883	0.9684	1.5011	0.6780	0.0513s	1.3645	0.7000	0.5802
56
0280	0.1462	0.9658	1.5628	0.6820	0.0508s	1.4243	0.6960	0.5830
57
0281	0.1535	0.9684	1.5052	0.6920	0.0504s	1.3414	0.6940	0.5739
58
0282	0.1507	0.9658	1.5420	0.6800	0.0510s	1.3668	0.6950	0.5742
59
0283	0.1718	0.9658	1.4352	0.7040	0.0517s	1.2857	0.7010	0.5728
60
0284	0.1415	0.9711	1.5062	0.6940	0.0508s	1.3812	0.7080	0.5846
61
0285	0.1522	0.9684	1.5529	0.6880	0.0507s	1.4120	0.7000	0.5786
62
0286	0.1734	0.9658	1.4350	0.7060	0.0513s	1.2972	0.7030	0.5716
63
0287	0.1302	0.9895	1.5283	0.6940	0.0510s	1.3562	0.6870	0.5593
64
0288	0.1528	0.9763	1.6148	0.6880	0.0503s	1.4348	0.6890	0.5651
65
0289	0.1603	0.9553	1.5670	0.6900	0.0503s	1.4072	0.6980	0.5746
66
0290	0.1360	0.9789	1.6332	0.6700	0.0513s	1.4887	0.6960	0.5695
67
0291	0.1611	0.9632	1.3949	0.7060	0.0510s	1.2999	0.7090	0.5706
68
0292	0.1313	0.9816	1.3626	0.7080	0.0503s	1.2581	0.7050	0.5673
69
0293	0.1436	0.9632	1.4650	0.7080	0.0505s	1.3298	0.6860	0.5546
70
0294	0.1579	0.9921	1.5230	0.7080	0.0509s	1.4013	0.6960	0.5623
71
0295	0.1305	0.9789	1.6898	0.6800	0.0514s	1.5543	0.6830	0.5577
72
0296	0.1591	0.9632	1.5563	0.6880	0.0519s	1.4261	0.7000	0.5629
73
0297	0.1431	0.9763	1.4006	0.7000	0.0517s	1.2800	0.7090	0.5786
74
0298	0.1319	0.9711	1.4105	0.7000	0.0513s	1.2979	0.6940	0.5736
75
0299	0.1862	0.9605	1.5723	0.7040	0.0517s	1.4891	0.6760	0.5729
76
0300	0.1808	0.9605	1.5954	0.7060	0.0524s	1.5086	0.6890	0.6003
77
0301	0.1939	0.9632	1.5510	0.6940	0.0518s	1.4444	0.6840	0.5856
78
0302	0.1678	0.9711	1.4806	0.6940	0.0513s	1.3606	0.6890	0.5661
79
0303	0.1699	0.9632	1.4194	0.7140	0.0511s	1.3063	0.7050	0.5636
80
0304	0.1717	0.9658	1.4804	0.6940	0.0509s	1.3904	0.6840	0.5669
81
0305	0.1496	0.9737	1.5560	0.6980	0.0506s	1.4888	0.6810	0.5573
82
0306	0.2040	0.9526	1.5283	0.6760	0.0506s	1.4263	0.6790	0.5500
83
0307	0.1783	0.9684	1.3612	0.7100	0.0969s	1.2435	0.7060	0.5553
84
0308	0.1726	0.9579	1.4279	0.7120	0.0730s	1.3114	0.6960	0.5511
85
0309	0.2190	0.9632	1.4902	0.7020	0.0712s	1.3694	0.6910	0.5544
86
0310	0.1420	0.9763	1.5969	0.7080	0.0714s	1.4892	0.6790	0.5538
87
0311	0.1519	0.9737	1.5834	0.6860	0.0716s	1.4715	0.6770	0.5502
88
0312	0.1499	0.9737	1.4423	0.7100	0.0715s	1.3325	0.6950	0.5700
89
0313	0.1528	0.9763	1.3568	0.7080	0.0714s	1.2362	0.7120	0.5804
90
0314	0.1347	0.9816	1.3597	0.7100	0.0714s	1.2437	0.7200	0.5877
91
0315	0.1523	0.9789	1.3454	0.7060	0.0712s	1.2497	0.7210	0.5880
92
0316	0.1654	0.9789	1.4091	0.7020	0.0714s	1.2904	0.7110	0.5869
93
0317	0.1463	0.9789	1.4609	0.7120	0.0701s	1.3438	0.6890	0.5829
94
0318	0.1517	0.9711	1.4105	0.7200	0.0627s	1.3233	0.7050	0.6041
95
0319	0.1411	0.9711	1.3996	0.7180	0.0594s	1.3165	0.7070	0.6032
96
0320	0.1307	0.9868	1.3787	0.7180	0.0590s	1.2846	0.7100	0.5860
97
0321	0.1427	0.9789	1.3951	0.7160	0.0585s	1.2895	0.7080	0.5822
98
0322	0.1461	0.9711	1.4502	0.7000	0.0586s	1.3347	0.7020	0.5767
99
0323	0.1504	0.9684	1.4436	0.7180	0.0584s	1.3302	0.6950	0.5706
100
0324	0.1335	0.9895	1.4346	0.7160	0.0585s	1.3367	0.6970	0.5678
101
0325	0.1222	0.9789	1.4635	0.7100	0.0589s	1.3777	0.6910	0.5504
102
0326	0.1387	0.9816	1.4547	0.7100	0.0588s	1.3657	0.6940	0.5519
103
0327	0.1363	0.9816	1.4626	0.7200	0.0583s	1.3522	0.6990	0.5551
104
0328	0.1275	0.9789	1.4690	0.7080	0.0589s	1.3372	0.6910	0.5492
105
0329	0.1551	0.9789	1.4123	0.7100	0.0590s	1.2953	0.7090	0.5643
106
0330	0.1375	0.9868	1.4487	0.6920	0.0587s	1.3308	0.7100	0.5829
107
0331	0.1393	0.9711	1.5013	0.7000	0.0583s	1.3805	0.7010	0.5756
108
0332	0.1264	0.9684	1.5471	0.7080	0.0586s	1.4194	0.6840	0.5660
109
0333	0.1426	0.9658	1.5089	0.7120	0.0591s	1.3829	0.6910	0.5693
110
0334	0.1649	0.9711	1.5229	0.7120	0.0583s	1.4039	0.6980	0.5710
111
0335	0.1235	0.9789	1.5554	0.6720	0.0585s	1.4281	0.6840	0.5583
112
0336	0.1608	0.9658	1.4259	0.6980	0.0601s	1.3075	0.7070	0.5746
113
0337	0.1419	0.9816	1.3986	0.6960	0.0594s	1.2674	0.6980	0.5743
114
0338	0.1230	0.9842	1.4483	0.7100	0.0627s	1.3191	0.6900	0.5714
115
0339	0.1577	0.9500	1.5057	0.7120	0.0604s	1.3821	0.6860	0.5800
116
0340	0.1367	0.9842	1.7093	0.6800	0.0613s	1.5763	0.6820	0.5814
117
0341	0.1768	0.9605	1.4221	0.7120	0.0626s	1.3272	0.7000	0.5716
118
0342	0.1353	0.9737	1.4499	0.7060	0.0603s	1.3432	0.6920	0.5530
119
0343	0.1765	0.9684	1.4788	0.7060	0.0594s	1.3548	0.6920	0.5668
120
0344	0.1663	0.9737	1.5891	0.6980	0.0587s	1.4514	0.6910	0.5503
121
0345	0.1444	0.9658	1.5967	0.6800	0.0588s	1.4448	0.6870	0.5469
122
0346	0.1701	0.9579	1.4280	0.7100	0.0587s	1.3054	0.7020	0.5751
123
0347	0.1269	0.9816	1.3980	0.7120	0.0588s	1.2911	0.6980	0.5781
124
0348	0.1680	0.9737	1.3930	0.7100	0.0585s	1.3153	0.6930	0.5804
125
0349	0.1590	0.9789	1.4802	0.6960	0.0596s	1.4196	0.6890	0.5835
126
0350	0.1312	0.9789	1.5066	0.6960	0.0589s	1.4328	0.6850	0.5852
127
0351	0.1508	0.9816	1.4373	0.7060	0.0584s	1.3192	0.6930	0.5753
128
0352	0.1354	0.9868	1.4055	0.7020	0.0583s	1.2733	0.6990	0.5749
129
0353	0.1370	0.9842	1.3913	0.7080	0.0586s	1.2700	0.7010	0.5712
130
0354	0.1263	0.9895	1.4609	0.7060	0.0592s	1.3761	0.6940	0.5684
131
0355	0.1398	0.9632	1.4442	0.7120	0.0586s	1.3717	0.6980	0.5676
132
0356	0.1568	0.9579	1.4088	0.7200	0.0586s	1.3225	0.6880	0.5730
133
0357	0.1100	0.9842	1.4227	0.7220	0.0583s	1.3168	0.6860	0.5839
134
0358	0.1437	0.9868	1.3987	0.7160	0.0585s	1.2824	0.6980	0.5739
135
0359	0.1359	0.9789	1.3486	0.7040	0.0586s	1.2451	0.7120	0.5801
136
0360	0.1319	0.9789	1.3776	0.6920	0.0582s	1.2846	0.7070	0.5748
137
0361	0.1345	0.9737	1.4583	0.6940	0.0588s	1.3543	0.6930	0.5978
138
0362	0.1455	0.9737	1.4872	0.7180	0.0583s	1.3600	0.6830	0.5936
139
0363	0.1145	0.9895	1.5228	0.6960	0.0584s	1.3718	0.6820	0.5798
140
0364	0.1554	0.9658	1.4049	0.7040	0.0585s	1.2728	0.6950	0.5769
141
0365	0.1508	0.9684	1.3593	0.7020	0.0585s	1.2483	0.7010	0.5731
142
0366	0.1379	0.9763	1.4481	0.6900	0.0583s	1.3352	0.7030	0.5768
143
0367	0.1547	0.9763	1.4935	0.7140	0.0585s	1.3835	0.6920	0.5682
144
0368	0.1229	0.9789	1.5828	0.7040	0.0589s	1.4500	0.6860	0.5713
145
0369	0.1589	0.9737	1.5550	0.6820	0.0587s	1.4189	0.6810	0.5634
146
0370	0.1469	0.9605	1.5400	0.6520	0.0587s	1.4132	0.6830	0.5594
147
0371	0.1669	0.9632	1.5573	0.6820	0.0660s	1.4458	0.6860	0.5750
148
0372	0.1766	0.9763	1.6772	0.6920	0.0588s	1.5426	0.6790	0.5757
149
0373	0.1785	0.9553	1.6575	0.7140	0.0585s	1.4899	0.6860	0.5780
150
0374	0.1543	0.9711	1.6280	0.6760	0.0584s	1.4504	0.6780	0.5670
151
0375	0.1719	0.9658	1.4155	0.6940	0.0584s	1.2962	0.7010	0.5570
152
0376	0.1606	0.9711	1.5374	0.6820	0.0591s	1.4178	0.6900	0.5633
153
0377	0.1757	0.9526	1.5527	0.6940	0.0586s	1.4082	0.6840	0.5667
154
0378	0.1486	0.9711	1.5212	0.7020	0.0587s	1.3541	0.6950	0.5719
155
0379	0.1265	0.9947	1.4817	0.7080	0.0609s	1.3009	0.7080	0.5959
156
0380	0.1810	0.9553	1.3897	0.7180	0.0592s	1.2354	0.7110	0.6093
157
0381	0.1514	0.9553	1.4041	0.7120	0.0583s	1.2951	0.7010	0.6007
158
0382	0.1681	0.9500	1.4520	0.6980	0.0604s	1.3605	0.6940	0.5948
159
0383	0.1534	0.9816	1.4668	0.7020	0.0596s	1.3590	0.6790	0.5811
160
0384	0.1405	0.9868	1.4732	0.6980	0.0582s	1.3436	0.6770	0.5715
161
0385	0.1416	0.9921	1.4193	0.6940	0.0584s	1.2759	0.6940	0.5574
162
0386	0.1403	0.9737	1.3966	0.7200	0.0611s	1.2358	0.7010	0.5703
163
0387	0.1369	0.9737	1.4830	0.6940	0.0583s	1.2989	0.7010	0.5760
164
0388	0.1323	0.9842	1.5179	0.7100	0.0740s	1.3343	0.6990	0.5812
165
0389	0.1404	0.9684	1.4756	0.7100	0.0637s	1.3133	0.6970	0.5702
166
0390	0.1253	0.9789	1.4495	0.7140	0.0605s	1.2958	0.6980	0.5721
167
0391	0.1377	0.9737	1.4390	0.7060	0.0624s	1.2982	0.6940	0.5683
168
0392	0.1383	0.9737	1.4700	0.7020	0.0607s	1.3184	0.7000	0.5749
169
0393	0.1133	0.9737	1.5065	0.7080	0.0598s	1.3285	0.6930	0.5552
170
0394	0.1302	0.9789	1.4775	0.7040	0.0598s	1.3037	0.6930	0.5555
171
0395	0.1330	0.9921	1.4706	0.7060	0.0612s	1.3140	0.6950	0.5729
172
0396	0.1292	0.9763	1.5019	0.7020	0.0599s	1.3608	0.6940	0.5788
173
0397	0.1243	0.9895	1.5080	0.6980	0.0604s	1.3601	0.6880	0.5682
174
0398	0.1260	0.9737	1.4975	0.7000	0.0608s	1.3218	0.7020	0.5816
175
0399	0.1389	0.9684	1.5457	0.7040	0.0597s	1.3284	0.7070	0.5905
176
0400	0.1340	0.9711	1.6040	0.6940	0.0592s	1.3743	0.7000	0.5810
177
0401	0.1273	0.9711	1.5778	0.7040	0.0597s	1.3794	0.6970	0.5662
178
0402	0.1392	0.9711	1.5433	0.6940	0.0603s	1.3952	0.6930	0.5655
179
0403	0.1412	0.9763	1.4465	0.6980	0.0604s	1.3313	0.6930	0.5612
180
0404	0.1354	0.9711	1.4325	0.6940	0.0594s	1.2977	0.7030	0.5595
181
0405	0.1476	0.9895	1.5806	0.6960	0.0596s	1.4170	0.6970	0.5731
182
0406	0.1407	0.9763	1.8385	0.6760	0.0594s	1.6525	0.6780	0.5726
183
0407	0.1567	0.9684	1.5535	0.7080	0.0587s	1.3773	0.6960	0.5708
184
0408	0.1345	0.9789	1.4413	0.7040	0.0584s	1.3011	0.6900	0.5650
185
0409	0.1661	0.9737	1.4096	0.7040	0.0596s	1.2868	0.7070	0.5779
186
0410	0.1363	0.9711	1.5002	0.6960	0.0581s	1.3735	0.6970	0.5750
187
0411	0.1337	0.9711	1.5778	0.6900	0.0584s	1.4210	0.6970	0.5806
188
0412	0.1766	0.9711	1.5136	0.7040	0.0587s	1.3425	0.7000	0.5794
189
0413	0.1466	0.9816	1.4329	0.7080	0.0585s	1.2660	0.7050	0.5817
190
0414	0.1173	0.9842	1.3823	0.7140	0.0584s	1.2417	0.7070	0.5666
191
0415	0.1689	0.9737	1.4572	0.6980	0.0582s	1.3572	0.7010	0.5620
192
0416	0.1550	0.9763	1.6022	0.6780	0.0585s	1.5016	0.6790	0.5538
193
0417	0.1741	0.9421	1.5220	0.7020	0.0584s	1.3975	0.6760	0.5475
194
0418	0.1514	0.9632	1.5179	0.6900	0.0587s	1.3539	0.6850	0.5425
195
0419	0.1763	0.9553	1.4176	0.7000	0.0587s	1.2614	0.7010	0.5744
196
0420	0.1418	0.9632	1.4822	0.6960	0.0583s	1.3529	0.7080	0.5841
197
0421	0.1438	0.9632	1.4437	0.6940	0.0589s	1.3391	0.7080	0.5918
198
0422	0.1476	0.9737	1.3759	0.7100	0.0583s	1.2786	0.6990	0.5870
199
Early stop! Min loss:1.2431895732879639,  Max accuracy:0.728
Early stop model validation loss:1.2431895732879639,  accuracy:0.716
Optimization Finished!
Total time elapsed: 23.0980s
test max acc:0.7280
Loading 80th epoch
stru_node_to_hop attention:tensor([[0.2444, 0.2524, 0.2516, 0.2517],
        [0.2476, 0.2505, 0.2510, 0.2510],
        [0.2486, 0.2509, 0.2503, 0.2502],
        [0.2444, 0.2519, 0.2517, 0.2521],
        [0.2259, 0.2625, 0.2570, 0.2547],
        [0.2481, 0.2508, 0.2506, 0.2505],
        [0.2446, 0.2514, 0.2520, 0.2520],
        [0.2417, 0.2542, 0.2520, 0.2521],
        [0.2447, 0.2516, 0.2519, 0.2518],
        [0.2453, 0.2511, 0.2516, 0.2520],
        [0.2452, 0.2520, 0.2514, 0.2513],
        [0.2485, 0.2502, 0.2506, 0.2507],
        [0.2452, 0.2487, 0.2533, 0.2528],
        [0.2209, 0.2453, 0.2645, 0.2693],
        [0.2376, 0.2407, 0.2609, 0.2608],
        [0.2500, 0.2500, 0.2500, 0.2500],
        [0.2500, 0.2500, 0.2500, 0.2500],
        [0.2500, 0.2500, 0.2500, 0.2500],
        [0.2529, 0.2473, 0.2506, 0.2492],
        [0.2496, 0.2499, 0.2502, 0.2503],
        [0.2459, 0.2505, 0.2517, 0.2519],
        [0.2492, 0.2501, 0.2504, 0.2503],
        [0.2500, 0.2500, 0.2500, 0.2500],
        [0.2500, 0.2500, 0.2500, 0.2500],
        [0.2490, 0.2502, 0.2504, 0.2504],
        [0.2500, 0.2500, 0.2500, 0.2500],
        [0.2488, 0.2503, 0.2504, 0.2504],
        [0.2499, 0.2501, 0.2500, 0.2500],
        [0.2499, 0.2500, 0.2500, 0.2500],
        [0.2500, 0.2500, 0.2500, 0.2500],
        [0.2399, 0.2524, 0.2534, 0.2542],
        [0.2500, 0.2500, 0.2500, 0.2500],
        [0.2625, 0.2464, 0.2452, 0.2458],
        [0.2541, 0.2483, 0.2493, 0.2483],
        [0.2436, 0.2502, 0.2525, 0.2537],
        [0.2492, 0.2502, 0.2502, 0.2503],
        [0.2498, 0.2500, 0.2501, 0.2501],
        [0.2488, 0.2503, 0.2504, 0.2505],
        [0.2483, 0.2503, 0.2507, 0.2507],
        [0.2488, 0.2501, 0.2505, 0.2506],
        [0.2455, 0.2510, 0.2516, 0.2519],
        [0.2465, 0.2513, 0.2511, 0.2511],
        [0.2488, 0.2496, 0.2506, 0.2509],
        [0.2502, 0.2500, 0.2499, 0.2499],
        [0.2495, 0.2504, 0.2501, 0.2501],
        [0.1728, 0.3605, 0.2545, 0.2122],
        [0.2500, 0.2500, 0.2500, 0.2500],
        [0.2469, 0.2502, 0.2512, 0.2518],
        [0.2501, 0.2500, 0.2500, 0.2500],
        [0.2730, 0.2638, 0.2323, 0.2309],
        [0.2486, 0.2504, 0.2505, 0.2505],
        [0.2500, 0.2500, 0.2500, 0.2500],
        [0.2499, 0.2499, 0.2501, 0.2501],
        [0.2472, 0.2461, 0.2533, 0.2534],
        [0.2480, 0.2506, 0.2507, 0.2507],
        [0.2468, 0.2449, 0.2529, 0.2555],
        [0.2395, 0.2176, 0.2694, 0.2735],
        [0.2500, 0.2500, 0.2500, 0.2500],
        [0.2500, 0.2500, 0.2500, 0.2500],
        [0.2500, 0.2500, 0.2500, 0.2500],
        [0.2484, 0.2501, 0.2506, 0.2508],
        [0.2496, 0.2499, 0.2502, 0.2503],
        [0.2500, 0.2500, 0.2500, 0.2500],
        [0.2489, 0.2501, 0.2505, 0.2505],
        [0.2499, 0.2500, 0.2500, 0.2500],
        [0.2473, 0.2495, 0.2514, 0.2518],
        [0.2501, 0.2500, 0.2500, 0.2500],
        [0.2505, 0.2496, 0.2499, 0.2499],
        [0.2499, 0.2500, 0.2501, 0.2500],
        [0.2500, 0.2500, 0.2500, 0.2500],
        [0.2500, 0.2500, 0.2500, 0.2500],
        [0.2500, 0.2500, 0.2500, 0.2500],
        [0.2481, 0.2506, 0.2507, 0.2507],
        [0.2500, 0.2500, 0.2500, 0.2500],
        [0.2500, 0.2500, 0.2500, 0.2500],
        [0.2500, 0.2500, 0.2500, 0.2500],
        [0.2499, 0.2500, 0.2500, 0.2500],
        [0.2465, 0.2501, 0.2515, 0.2519],
        [0.2513, 0.2495, 0.2497, 0.2496],
        [0.2495, 0.2503, 0.2501, 0.2502],
        [0.2419, 0.2522, 0.2521, 0.2538],
        [0.2459, 0.2507, 0.2516, 0.2518],
        [0.2501, 0.2499, 0.2500, 0.2500],
        [0.2514, 0.2493, 0.2497, 0.2496],
        [0.2415, 0.2514, 0.2532, 0.2539],
        [0.2479, 0.2501, 0.2510, 0.2510],
        [0.2462, 0.2502, 0.2517, 0.2520],
        [0.2499, 0.2500, 0.2500, 0.2500],
        [0.2491, 0.2502, 0.2503, 0.2504],
        [0.2500, 0.2500, 0.2500, 0.2500],
        [0.2500, 0.2500, 0.2500, 0.2500],
        [0.2500, 0.2500, 0.2500, 0.2500],
        [0.2500, 0.2500, 0.2500, 0.2500],
        [0.2497, 0.2499, 0.2502, 0.2502],
        [0.2501, 0.2500, 0.2500, 0.2500],
        [0.2499, 0.2498, 0.2501, 0.2502],
        [0.2495, 0.2522, 0.2498, 0.2485],
        [0.2445, 0.2520, 0.2517, 0.2519],
        [0.2500, 0.2500, 0.2500, 0.2500],
        [0.2487, 0.2501, 0.2507, 0.2505]], device='cuda:1')
fea_node_to_hop attention:tensor([[0.1409, 0.1425, 0.1430, 0.1432, 0.1434, 0.1435, 0.1436],
        [0.1422, 0.1430, 0.1429, 0.1429, 0.1430, 0.1430, 0.1430],
        [0.1422, 0.1433, 0.1430, 0.1430, 0.1429, 0.1429, 0.1428],
        [0.1398, 0.1438, 0.1433, 0.1433, 0.1433, 0.1433, 0.1433],
        [0.1311, 0.1482, 0.1471, 0.1451, 0.1437, 0.1427, 0.1420],
        [0.1420, 0.1430, 0.1430, 0.1430, 0.1430, 0.1430, 0.1430],
        [0.1408, 0.1434, 0.1433, 0.1433, 0.1432, 0.1431, 0.1430],
        [0.1408, 0.1433, 0.1431, 0.1432, 0.1432, 0.1432, 0.1433],
        [0.1412, 0.1432, 0.1430, 0.1431, 0.1431, 0.1432, 0.1432],
        [0.1403, 0.1430, 0.1431, 0.1433, 0.1434, 0.1434, 0.1435],
        [0.1401, 0.1435, 0.1432, 0.1433, 0.1433, 0.1433, 0.1433],
        [0.1424, 0.1431, 0.1430, 0.1429, 0.1429, 0.1429, 0.1428],
        [0.1424, 0.1426, 0.1431, 0.1431, 0.1431, 0.1429, 0.1426],
        [0.1334, 0.1457, 0.1443, 0.1446, 0.1440, 0.1438, 0.1441],
        [0.1294, 0.1419, 0.1454, 0.1460, 0.1460, 0.1458, 0.1456],
        [0.1429, 0.1429, 0.1429, 0.1429, 0.1429, 0.1429, 0.1429],
        [0.1429, 0.1429, 0.1429, 0.1429, 0.1429, 0.1429, 0.1429],
        [0.1428, 0.1429, 0.1429, 0.1429, 0.1429, 0.1429, 0.1429],
        [0.1412, 0.1432, 0.1431, 0.1433, 0.1431, 0.1430, 0.1431],
        [0.1426, 0.1429, 0.1429, 0.1429, 0.1429, 0.1429, 0.1429],
        [0.1404, 0.1432, 0.1433, 0.1433, 0.1433, 0.1433, 0.1433],
        [0.1426, 0.1429, 0.1429, 0.1429, 0.1429, 0.1429, 0.1429],
        [0.1428, 0.1429, 0.1429, 0.1429, 0.1429, 0.1429, 0.1429],
        [0.1429, 0.1429, 0.1429, 0.1429, 0.1429, 0.1429, 0.1429],
        [0.1421, 0.1429, 0.1430, 0.1430, 0.1430, 0.1430, 0.1430],
        [0.1429, 0.1429, 0.1429, 0.1429, 0.1429, 0.1429, 0.1429],
        [0.1425, 0.1429, 0.1429, 0.1429, 0.1429, 0.1429, 0.1429],
        [0.1429, 0.1429, 0.1429, 0.1429, 0.1429, 0.1429, 0.1429],
        [0.1428, 0.1429, 0.1429, 0.1429, 0.1429, 0.1429, 0.1429],
        [0.1428, 0.1429, 0.1429, 0.1429, 0.1429, 0.1429, 0.1429],
        [0.1406, 0.1429, 0.1432, 0.1433, 0.1433, 0.1434, 0.1434],
        [0.1429, 0.1429, 0.1429, 0.1429, 0.1429, 0.1429, 0.1429],
        [0.1434, 0.1427, 0.1427, 0.1428, 0.1429, 0.1427, 0.1429],
        [0.1420, 0.1433, 0.1430, 0.1430, 0.1430, 0.1429, 0.1429],
        [0.1386, 0.1435, 0.1437, 0.1436, 0.1436, 0.1435, 0.1435],
        [0.1425, 0.1429, 0.1429, 0.1429, 0.1429, 0.1429, 0.1429],
        [0.1429, 0.1428, 0.1429, 0.1429, 0.1429, 0.1429, 0.1429],
        [0.1421, 0.1430, 0.1430, 0.1430, 0.1430, 0.1430, 0.1430],
        [0.1417, 0.1430, 0.1430, 0.1431, 0.1431, 0.1431, 0.1431],
        [0.1420, 0.1430, 0.1430, 0.1430, 0.1430, 0.1430, 0.1430],
        [0.1397, 0.1430, 0.1433, 0.1435, 0.1435, 0.1435, 0.1435],
        [0.1406, 0.1431, 0.1433, 0.1433, 0.1433, 0.1433, 0.1432],
        [0.1428, 0.1430, 0.1429, 0.1429, 0.1428, 0.1428, 0.1428],
        [0.1430, 0.1428, 0.1428, 0.1428, 0.1428, 0.1428, 0.1428],
        [0.1426, 0.1429, 0.1430, 0.1429, 0.1429, 0.1429, 0.1429],
        [0.1331, 0.1438, 0.1430, 0.1471, 0.1449, 0.1445, 0.1437],
        [0.1428, 0.1429, 0.1429, 0.1429, 0.1429, 0.1429, 0.1429],
        [0.1414, 0.1428, 0.1431, 0.1432, 0.1432, 0.1432, 0.1432],
        [0.1429, 0.1429, 0.1429, 0.1429, 0.1429, 0.1429, 0.1429],
        [0.1565, 0.1515, 0.1420, 0.1393, 0.1380, 0.1369, 0.1359],
        [0.1428, 0.1429, 0.1429, 0.1429, 0.1429, 0.1429, 0.1429],
        [0.1429, 0.1429, 0.1429, 0.1429, 0.1429, 0.1429, 0.1429],
        [0.1428, 0.1429, 0.1429, 0.1429, 0.1429, 0.1429, 0.1429],
        [0.1390, 0.1422, 0.1433, 0.1436, 0.1438, 0.1440, 0.1440],
        [0.1418, 0.1429, 0.1431, 0.1431, 0.1431, 0.1431, 0.1431],
        [0.1391, 0.1428, 0.1438, 0.1435, 0.1436, 0.1436, 0.1435],
        [0.1385, 0.1255, 0.1447, 0.1462, 0.1482, 0.1484, 0.1485],
        [0.1429, 0.1429, 0.1429, 0.1429, 0.1429, 0.1429, 0.1429],
        [0.1429, 0.1429, 0.1429, 0.1429, 0.1429, 0.1429, 0.1429],
        [0.1429, 0.1429, 0.1429, 0.1429, 0.1429, 0.1429, 0.1429],
        [0.1422, 0.1427, 0.1429, 0.1430, 0.1430, 0.1431, 0.1431],
        [0.1427, 0.1429, 0.1429, 0.1429, 0.1429, 0.1429, 0.1429],
        [0.1429, 0.1429, 0.1429, 0.1429, 0.1429, 0.1429, 0.1429],
        [0.1424, 0.1429, 0.1429, 0.1429, 0.1429, 0.1429, 0.1429],
        [0.1428, 0.1429, 0.1429, 0.1429, 0.1429, 0.1429, 0.1429],
        [0.1390, 0.1437, 0.1439, 0.1436, 0.1435, 0.1432, 0.1430],
        [0.1429, 0.1429, 0.1429, 0.1429, 0.1429, 0.1429, 0.1429],
        [0.1432, 0.1428, 0.1428, 0.1428, 0.1428, 0.1428, 0.1428],
        [0.1429, 0.1428, 0.1429, 0.1428, 0.1429, 0.1428, 0.1429],
        [0.1429, 0.1429, 0.1429, 0.1429, 0.1429, 0.1429, 0.1429],
        [0.1429, 0.1429, 0.1429, 0.1429, 0.1429, 0.1429, 0.1429],
        [0.1429, 0.1429, 0.1429, 0.1429, 0.1429, 0.1429, 0.1429],
        [0.1424, 0.1428, 0.1429, 0.1430, 0.1430, 0.1430, 0.1430],
        [0.1429, 0.1429, 0.1429, 0.1429, 0.1429, 0.1429, 0.1429],
        [0.1429, 0.1429, 0.1429, 0.1429, 0.1429, 0.1429, 0.1429],
        [0.1429, 0.1429, 0.1429, 0.1429, 0.1429, 0.1429, 0.1429],
        [0.1428, 0.1429, 0.1429, 0.1429, 0.1429, 0.1429, 0.1429],
        [0.1395, 0.1436, 0.1434, 0.1435, 0.1434, 0.1433, 0.1433],
        [0.1433, 0.1429, 0.1428, 0.1428, 0.1428, 0.1428, 0.1428],
        [0.1426, 0.1429, 0.1429, 0.1429, 0.1429, 0.1429, 0.1429],
        [0.1363, 0.1438, 0.1437, 0.1440, 0.1440, 0.1441, 0.1441],
        [0.1405, 0.1430, 0.1433, 0.1433, 0.1433, 0.1433, 0.1433],
        [0.1428, 0.1429, 0.1429, 0.1429, 0.1429, 0.1429, 0.1429],
        [0.1434, 0.1428, 0.1428, 0.1428, 0.1428, 0.1428, 0.1428],
        [0.1375, 0.1430, 0.1437, 0.1439, 0.1440, 0.1440, 0.1440],
        [0.1428, 0.1427, 0.1429, 0.1429, 0.1429, 0.1429, 0.1429],
        [0.1429, 0.1415, 0.1424, 0.1428, 0.1432, 0.1435, 0.1437],
        [0.1428, 0.1429, 0.1429, 0.1429, 0.1429, 0.1429, 0.1429],
        [0.1426, 0.1429, 0.1429, 0.1429, 0.1429, 0.1429, 0.1429],
        [0.1429, 0.1429, 0.1429, 0.1429, 0.1429, 0.1429, 0.1429],
        [0.1429, 0.1429, 0.1429, 0.1429, 0.1429, 0.1429, 0.1429],
        [0.1429, 0.1429, 0.1429, 0.1429, 0.1429, 0.1429, 0.1429],
        [0.1428, 0.1429, 0.1429, 0.1429, 0.1429, 0.1429, 0.1429],
        [0.1428, 0.1428, 0.1429, 0.1429, 0.1429, 0.1429, 0.1429],
        [0.1429, 0.1429, 0.1429, 0.1429, 0.1429, 0.1429, 0.1429],
        [0.1426, 0.1429, 0.1429, 0.1429, 0.1429, 0.1429, 0.1429],
        [0.1417, 0.1442, 0.1434, 0.1429, 0.1428, 0.1426, 0.1425],
        [0.1409, 0.1430, 0.1432, 0.1432, 0.1432, 0.1432, 0.1432],
        [0.1429, 0.1429, 0.1429, 0.1429, 0.1429, 0.1429, 0.1429],
        [0.1416, 0.1431, 0.1431, 0.1431, 0.1431, 0.1431, 0.1431]],
       device='cuda:1')
perception attention:tensor([0.4766, 0.5234], device='cuda:1')
Test set results: loss= 1.1387 accuracy= 0.7200 F1_score= 0.5884
