# epoch	loss_train	acc_train	loss_val	acc_val	time	acc_test	f1_test
0001	2.9410	0.0553	6.1985	0.1960	0.0511s	5.8810	0.2200	0.0382
0
0002	6.3185	0.1921	6.9707	0.2040	0.0505s	6.5783	0.2250	0.0381
0
0003	6.8923	0.1737	4.0596	0.1380	0.0511s	3.9935	0.1310	0.0494
0
0004	4.0482	0.1263	2.7548	0.1980	0.0508s	2.7385	0.2140	0.1282
0
0005	2.6890	0.2474	2.5342	0.2520	0.0517s	2.5152	0.2410	0.1229
0
0006	2.4263	0.2605	2.4201	0.1640	0.0507s	2.3860	0.1680	0.0894
0
0007	2.3235	0.2026	2.1659	0.4000	0.0509s	2.1045	0.4410	0.2174
0
0008	2.1023	0.3974	2.0266	0.4260	0.0513s	1.9340	0.4440	0.2319
0
0009	1.9783	0.4263	1.8883	0.4560	0.0511s	1.7757	0.4940	0.2643
0
0010	1.7982	0.4816	1.6938	0.5360	0.0506s	1.6012	0.5620	0.3657
0
0011	1.6015	0.5447	1.6401	0.5080	0.0602s	1.5571	0.4990	0.3309
0
0012	1.5193	0.5158	1.5637	0.5680	0.0537s	1.4798	0.5810	0.3829
0
0013	1.4307	0.5816	1.5147	0.5680	0.0510s	1.4089	0.5950	0.4109
0
0014	1.3129	0.5921	1.4928	0.5600	0.0502s	1.3546	0.6130	0.4440
0
0015	1.2648	0.6132	1.4668	0.5660	0.0502s	1.3168	0.6190	0.4677
0
0016	1.1896	0.6184	1.4322	0.5960	0.0510s	1.2747	0.6330	0.4817
0
0017	1.1023	0.6237	1.4400	0.5980	0.0507s	1.2714	0.6610	0.4745
0
0018	1.0221	0.6816	1.4779	0.6100	0.0506s	1.3155	0.6400	0.4617
0
0019	0.9634	0.6868	1.4613	0.6040	0.0502s	1.3229	0.6510	0.4819
0
0020	0.9134	0.7158	1.4347	0.6080	0.0504s	1.3047	0.6400	0.4790
1
0021	0.8562	0.7263	1.4106	0.6180	0.0501s	1.2779	0.6430	0.4851
2
0022	0.8351	0.7342	1.4165	0.6260	0.0502s	1.2792	0.6530	0.5013
0
0023	0.7639	0.7342	1.3914	0.6380	0.0516s	1.2599	0.6650	0.5412
0
0024	0.7340	0.7974	1.3623	0.6320	0.0519s	1.2257	0.6790	0.5365
0
0025	0.6873	0.7895	1.3701	0.6480	0.0543s	1.2332	0.6870	0.5237
0
0026	0.6539	0.7868	1.3417	0.6640	0.0520s	1.2331	0.6740	0.5595
0
0027	0.6142	0.7789	1.3026	0.6800	0.0517s	1.2330	0.6810	0.5605
0
0028	0.5891	0.8132	1.4066	0.6740	0.0656s	1.3263	0.6710	0.5572
0
0029	0.5616	0.8211	1.4600	0.6460	0.0570s	1.3650	0.6590	0.5454
1
0030	0.5604	0.8289	1.3269	0.6620	0.0520s	1.2530	0.6720	0.5468
2
0031	0.4926	0.8737	1.3361	0.6720	0.0513s	1.2574	0.6920	0.5544
3
0032	0.5210	0.8342	1.4526	0.6740	0.0516s	1.3316	0.6710	0.5439
4
0033	0.4590	0.8763	1.4480	0.6740	0.0519s	1.3307	0.6770	0.5501
5
0034	0.4357	0.8895	1.3480	0.6700	0.0517s	1.2556	0.6880	0.5487
6
0035	0.4325	0.8658	1.3201	0.6840	0.0504s	1.2379	0.6970	0.5649
7
0036	0.4123	0.8921	1.3809	0.6900	0.0513s	1.2750	0.6860	0.5603
0
0037	0.4023	0.8974	1.4213	0.6760	0.0522s	1.3010	0.6820	0.5628
0
0038	0.3799	0.9053	1.3714	0.6940	0.0521s	1.2862	0.6850	0.5787
1
0039	0.3569	0.8868	1.3039	0.6940	0.0512s	1.2458	0.6900	0.5665
0
0040	0.3464	0.9237	1.2862	0.6940	0.0516s	1.2342	0.6990	0.5775
0
0041	0.3466	0.9132	1.3693	0.6900	0.0519s	1.2996	0.6890	0.5565
0
0042	0.3376	0.9053	1.4208	0.6900	0.0523s	1.3398	0.6810	0.5620
1
0043	0.3157	0.9184	1.4281	0.6940	0.0512s	1.3546	0.6700	0.5707
2
0044	0.2982	0.9105	1.4110	0.6820	0.0509s	1.3358	0.6770	0.5779
0
0045	0.3013	0.9342	1.3328	0.6940	0.0502s	1.2766	0.6990	0.5675
1
0046	0.3111	0.9211	1.3720	0.7060	0.0516s	1.2963	0.6970	0.5680
0
0047	0.3141	0.9000	1.5201	0.6600	0.0521s	1.3933	0.6720	0.5604
0
0048	0.2954	0.9132	1.4623	0.6780	0.0508s	1.3492	0.6820	0.5642
1
0049	0.2716	0.9368	1.3335	0.7120	0.0502s	1.2576	0.6980	0.5858
2
0050	0.2943	0.9500	1.3309	0.7100	0.0513s	1.2535	0.6980	0.5767
0
0051	0.2480	0.9368	1.3856	0.6880	0.0516s	1.3081	0.6800	0.5414
1
0052	0.2619	0.9395	1.4371	0.6880	0.0513s	1.3527	0.6660	0.5413
2
0053	0.2520	0.9368	1.4177	0.6940	0.0505s	1.3383	0.6800	0.5862
3
0054	0.2353	0.9553	1.3724	0.7080	0.0507s	1.2944	0.6930	0.5732
4
0055	0.2455	0.9421	1.3253	0.7060	0.0519s	1.2365	0.6910	0.5676
5
0056	0.2478	0.9368	1.3495	0.6980	0.0521s	1.2527	0.6920	0.5664
6
0057	0.2193	0.9711	1.4167	0.7000	0.0512s	1.3194	0.6840	0.5586
7
0058	0.2284	0.9474	1.4752	0.6920	0.0506s	1.3640	0.6800	0.5540
8
0059	0.2404	0.9421	1.4531	0.6980	0.0508s	1.3431	0.6820	0.5593
9
0060	0.2363	0.9579	1.3585	0.7120	0.0514s	1.2682	0.6880	0.5573
10
0061	0.2056	0.9553	1.3323	0.7060	0.0505s	1.2449	0.6920	0.5597
0
0062	0.2046	0.9500	1.3524	0.7060	0.0504s	1.2690	0.6990	0.5675
1
0063	0.2077	0.9553	1.3940	0.7040	0.0526s	1.3104	0.6890	0.5674
2
0064	0.2191	0.9474	1.4577	0.7060	0.0517s	1.3516	0.6860	0.5676
3
0065	0.2015	0.9684	1.4625	0.7000	0.0521s	1.3385	0.6950	0.5812
4
0066	0.2063	0.9474	1.3495	0.7080	0.0529s	1.2346	0.7000	0.5734
5
0067	0.2022	0.9632	1.3046	0.7020	0.0522s	1.2077	0.7170	0.5795
6
0068	0.2119	0.9500	1.3443	0.6940	0.0509s	1.2492	0.6990	0.5888
7
0069	0.2064	0.9500	1.4415	0.6980	0.0513s	1.3424	0.6930	0.5712
8
0070	0.2261	0.9553	1.4570	0.7020	0.0511s	1.3652	0.6810	0.5606
9
0071	0.2047	0.9553	1.4454	0.7060	0.0515s	1.3544	0.6820	0.5698
10
0072	0.2278	0.9447	1.3738	0.7180	0.0509s	1.2937	0.6800	0.5594
11
0073	0.2108	0.9579	1.3365	0.7100	0.0505s	1.2734	0.6900	0.5875
0
0074	0.2488	0.9395	1.3478	0.6980	0.0509s	1.2607	0.6990	0.5662
1
0075	0.1877	0.9763	1.4301	0.7000	0.0511s	1.3210	0.6940	0.5649
2
0076	0.2071	0.9684	1.4163	0.7100	0.0503s	1.3063	0.7090	0.5744
3
0077	0.2127	0.9553	1.4258	0.6920	0.0505s	1.3064	0.7050	0.5708
4
0078	0.1941	0.9605	1.3949	0.6940	0.0509s	1.2879	0.7000	0.5697
5
0079	0.2026	0.9474	1.3233	0.7180	0.0506s	1.2409	0.7020	0.5760
6
0080	0.2099	0.9500	1.3363	0.7160	0.0515s	1.2654	0.7060	0.5792
0
0081	0.1905	0.9605	1.3569	0.7040	0.0504s	1.2935	0.6940	0.5713
1
0082	0.1995	0.9684	1.4667	0.6940	0.0506s	1.3845	0.6830	0.5716
2
0083	0.2212	0.9500	1.3221	0.7180	0.0511s	1.2524	0.7020	0.5872
3
0084	0.2004	0.9632	1.3210	0.7100	0.0513s	1.2483	0.6960	0.5636
0
0085	0.1889	0.9711	1.3853	0.6780	0.0507s	1.2987	0.6980	0.5628
1
0086	0.2083	0.9605	1.4331	0.7020	0.0507s	1.3427	0.6960	0.5713
2
0087	0.2062	0.9500	1.4123	0.7140	0.0517s	1.3210	0.7010	0.5743
3
0088	0.2218	0.9605	1.3799	0.7080	0.0514s	1.2784	0.6940	0.5587
4
0089	0.1877	0.9605	1.4266	0.6800	0.0511s	1.3457	0.6950	0.5588
5
0090	0.2335	0.9263	1.3985	0.6980	0.0515s	1.3214	0.6960	0.5750
6
0091	0.1987	0.9500	1.4388	0.6940	0.0507s	1.3609	0.6880	0.5630
7
0092	0.2267	0.9500	1.3622	0.6960	0.0507s	1.2785	0.6800	0.5546
8
0093	0.2069	0.9579	1.3314	0.6760	0.0511s	1.2456	0.6980	0.5725
9
0094	0.2097	0.9500	1.3101	0.6980	0.0517s	1.2519	0.7020	0.5800
10
0095	0.2271	0.9421	1.3712	0.7020	0.0510s	1.3296	0.6940	0.5744
11
0096	0.2292	0.9368	1.3450	0.7060	0.0507s	1.2992	0.6960	0.5816
12
0097	0.2030	0.9579	1.3532	0.6880	0.0510s	1.2882	0.6900	0.5623
13
0098	0.1923	0.9632	1.3606	0.6740	0.0517s	1.2920	0.6980	0.5666
14
0099	0.2192	0.9579	1.3314	0.7060	0.0511s	1.2515	0.7020	0.5742
15
0100	0.1892	0.9632	1.4189	0.6920	0.0505s	1.3425	0.6920	0.5741
16
0101	0.2221	0.9474	1.2926	0.7060	0.0509s	1.2188	0.7030	0.5739
17
0102	0.2037	0.9632	1.2962	0.6940	0.0509s	1.2113	0.6980	0.5681
18
0103	0.2008	0.9553	1.3567	0.6700	0.0511s	1.2718	0.6960	0.5657
19
0104	0.2042	0.9579	1.3514	0.7080	0.0508s	1.2888	0.6850	0.5583
20
0105	0.1761	0.9895	1.3919	0.7040	0.0505s	1.3471	0.6910	0.5675
21
0106	0.2214	0.9553	1.3764	0.7040	0.0514s	1.3195	0.6890	0.5682
22
0107	0.1970	0.9684	1.3779	0.6960	0.0507s	1.2958	0.6890	0.5715
23
0108	0.1953	0.9605	1.2965	0.6940	0.0515s	1.2268	0.7050	0.5744
24
0109	0.2406	0.9526	1.4102	0.7020	0.0510s	1.3153	0.6940	0.5671
25
0110	0.1954	0.9579	1.5712	0.7020	0.0507s	1.4562	0.6810	0.5696
26
0111	0.2155	0.9605	1.5367	0.6980	0.0509s	1.4104	0.6810	0.5811
27
0112	0.1919	0.9632	1.4484	0.6740	0.0511s	1.3244	0.6820	0.5789
28
0113	0.2209	0.9500	1.2377	0.7080	0.0507s	1.1560	0.7210	0.5970
29
0114	0.2300	0.9421	1.2879	0.7080	0.0506s	1.1856	0.7250	0.6005
0
0115	0.2356	0.9579	1.4932	0.6920	0.0518s	1.3860	0.6790	0.5690
1
0116	0.1816	0.9816	1.6018	0.6720	0.0516s	1.4774	0.6650	0.5649
2
0117	0.1854	0.9500	1.4318	0.6940	0.0801s	1.3334	0.6860	0.5675
3
0118	0.1747	0.9711	1.3325	0.7140	0.0802s	1.2397	0.7070	0.5744
4
0119	0.1865	0.9632	1.2807	0.7240	0.0635s	1.1736	0.7220	0.5867
5
0120	0.2053	0.9632	1.3106	0.7100	0.0594s	1.1924	0.7210	0.5918
0
0121	0.1686	0.9711	1.5496	0.6680	0.0604s	1.4138	0.6920	0.5907
1
0122	0.2094	0.9553	1.4746	0.6900	0.0594s	1.3591	0.6870	0.5810
2
0123	0.1862	0.9526	1.3593	0.6940	0.0594s	1.2583	0.6900	0.5598
3
0124	0.2021	0.9421	1.3795	0.7000	0.0595s	1.2955	0.6970	0.5550
4
0125	0.2002	0.9684	1.3820	0.6960	0.0596s	1.3136	0.7070	0.5669
5
0126	0.1835	0.9711	1.4051	0.7000	0.0593s	1.3286	0.6860	0.5692
6
0127	0.1688	0.9789	1.4174	0.7120	0.0594s	1.3531	0.6790	0.5556
7
0128	0.2095	0.9553	1.3527	0.7160	0.0593s	1.2742	0.7030	0.5765
8
0129	0.1743	0.9684	1.3425	0.7140	0.0593s	1.2324	0.7000	0.5716
9
0130	0.1872	0.9684	1.3312	0.6920	0.0594s	1.2171	0.7050	0.5729
10
0131	0.1633	0.9816	1.3601	0.6880	0.0593s	1.2539	0.7070	0.5719
11
0132	0.1777	0.9553	1.4006	0.6760	0.0570s	1.3030	0.6970	0.5791
12
0133	0.1784	0.9632	1.3440	0.7140	0.0529s	1.2785	0.6960	0.5918
13
0134	0.1743	0.9711	1.3840	0.7100	0.0537s	1.3238	0.6830	0.5765
14
0135	0.1890	0.9711	1.3877	0.7080	0.0511s	1.3203	0.6800	0.5659
15
0136	0.1725	0.9658	1.4675	0.6780	0.0516s	1.3711	0.6940	0.5676
16
0137	0.2026	0.9395	1.4094	0.6760	0.0508s	1.3181	0.7060	0.5719
17
0138	0.1826	0.9763	1.3078	0.7140	0.0507s	1.2082	0.6990	0.5732
18
0139	0.1739	0.9737	1.3903	0.7000	0.0503s	1.2861	0.6980	0.5836
19
0140	0.1803	0.9684	1.4573	0.6920	0.0506s	1.3595	0.6930	0.5891
20
0141	0.1796	0.9658	1.4322	0.6880	0.0503s	1.3158	0.6950	0.5761
21
0142	0.1588	0.9763	1.3889	0.6760	0.0507s	1.2819	0.7120	0.5740
22
0143	0.1769	0.9658	1.3379	0.7000	0.0502s	1.2175	0.7040	0.5682
23
0144	0.1738	0.9684	1.4025	0.7000	0.0504s	1.2899	0.6800	0.5580
24
0145	0.1856	0.9632	1.4013	0.7120	0.0504s	1.3125	0.6860	0.5704
25
0146	0.1610	0.9842	1.4318	0.6960	0.0503s	1.3532	0.6910	0.5782
26
0147	0.1903	0.9526	1.3881	0.6880	0.0503s	1.2985	0.6960	0.5787
27
0148	0.1736	0.9711	1.3157	0.6980	0.0504s	1.2131	0.7130	0.5794
28
0149	0.1744	0.9789	1.3424	0.6980	0.0503s	1.2215	0.7050	0.5682
29
0150	0.1896	0.9711	1.3515	0.7120	0.0503s	1.2319	0.7030	0.5721
30
0151	0.1593	0.9763	1.3978	0.7080	0.0503s	1.2836	0.6900	0.5681
31
0152	0.1617	0.9763	1.3792	0.7000	0.0503s	1.2646	0.7000	0.5785
32
0153	0.1655	0.9737	1.3634	0.6900	0.0501s	1.2424	0.7100	0.5822
33
0154	0.1531	0.9789	1.3594	0.6980	0.0503s	1.2378	0.7140	0.5827
34
0155	0.1675	0.9605	1.3259	0.7140	0.0501s	1.2049	0.7070	0.5795
35
0156	0.1784	0.9658	1.3658	0.6980	0.0503s	1.2549	0.6960	0.5763
36
0157	0.1745	0.9684	1.4985	0.6880	0.0506s	1.3754	0.6880	0.5749
37
0158	0.1460	0.9816	1.4743	0.6840	0.0507s	1.3614	0.6950	0.5729
38
0159	0.1669	0.9684	1.3569	0.7100	0.0507s	1.2452	0.7010	0.5795
39
0160	0.1634	0.9658	1.3742	0.7220	0.0510s	1.2477	0.7040	0.5780
40
0161	0.1795	0.9789	1.3516	0.7260	0.0508s	1.2290	0.7110	0.5808
41
0162	0.1703	0.9737	1.4462	0.6920	0.0524s	1.3350	0.7000	0.5753
0
0163	0.1654	0.9684	1.4934	0.6980	0.0517s	1.3865	0.6900	0.5697
1
0164	0.1751	0.9632	1.4824	0.6900	0.0518s	1.3617	0.6840	0.5661
2
0165	0.1469	0.9816	1.3592	0.7160	0.0509s	1.2621	0.6940	0.5752
3
0166	0.1722	0.9632	1.3482	0.7160	0.0511s	1.2488	0.7270	0.5978
4
0167	0.1729	0.9684	1.4411	0.7000	0.0508s	1.3511	0.7150	0.5854
5
0168	0.2115	0.9579	1.4973	0.6920	0.0507s	1.3687	0.6880	0.5699
6
0169	0.1545	0.9684	1.5773	0.6780	0.0506s	1.4305	0.6770	0.5616
7
0170	0.1926	0.9579	1.4563	0.6940	0.0511s	1.3249	0.6890	0.5657
8
0171	0.1832	0.9737	1.3624	0.6840	0.0509s	1.2647	0.7150	0.5733
9
0172	0.1574	0.9737	1.3520	0.6900	0.0510s	1.2619	0.7070	0.5756
10
0173	0.1746	0.9553	1.5256	0.6920	0.0506s	1.3966	0.6860	0.5776
11
0174	0.2113	0.9553	1.5035	0.7020	0.0508s	1.3851	0.6860	0.5735
12
0175	0.1748	0.9711	1.4049	0.7080	0.0504s	1.2857	0.6890	0.5587
13
0176	0.1755	0.9711	1.3311	0.7020	0.0504s	1.2248	0.6980	0.5649
14
0177	0.1594	0.9816	1.3496	0.6860	0.0503s	1.2586	0.6920	0.5675
15
0178	0.1798	0.9579	1.4149	0.7040	0.0505s	1.3157	0.6870	0.5720
16
0179	0.1653	0.9658	1.4759	0.7000	0.0507s	1.3611	0.6880	0.5709
17
0180	0.1651	0.9763	1.3825	0.7020	0.0507s	1.2688	0.6870	0.5644
18
0181	0.2077	0.9447	1.3175	0.7080	0.0503s	1.2128	0.7000	0.5886
19
0182	0.1528	0.9737	1.3950	0.6840	0.0502s	1.2645	0.6930	0.5698
20
0183	0.1969	0.9526	1.3285	0.7220	0.0504s	1.1920	0.7000	0.5750
21
0184	0.1539	0.9868	1.4949	0.7080	0.0507s	1.3434	0.6900	0.5683
22
0185	0.1777	0.9684	1.4834	0.6980	0.0502s	1.3518	0.6900	0.5681
23
0186	0.1394	0.9789	1.4800	0.6920	0.0503s	1.3456	0.6930	0.5672
24
0187	0.1332	0.9842	1.4104	0.6840	0.0503s	1.2731	0.7070	0.5725
25
0188	0.1399	0.9816	1.3671	0.7080	0.0504s	1.2136	0.7100	0.5740
26
0189	0.1670	0.9711	1.4274	0.7020	0.0504s	1.2708	0.6960	0.5687
27
0190	0.1526	0.9763	1.4917	0.7020	0.0504s	1.3620	0.6920	0.5838
28
0191	0.1451	0.9816	1.5533	0.6860	0.0501s	1.4359	0.6810	0.5729
29
0192	0.1662	0.9684	1.4471	0.7000	0.0505s	1.3224	0.7000	0.5827
30
0193	0.1431	0.9763	1.3624	0.7160	0.0501s	1.2165	0.7190	0.5872
31
0194	0.1521	0.9684	1.4076	0.7160	0.0502s	1.2186	0.7110	0.5745
32
0195	0.1801	0.9658	1.4203	0.7060	0.0505s	1.2619	0.6950	0.5675
33
0196	0.1671	0.9658	1.6150	0.6920	0.0503s	1.4506	0.6850	0.5649
34
0197	0.1699	0.9711	1.5675	0.6940	0.0502s	1.4263	0.6910	0.5678
35
0198	0.1453	0.9711	1.3711	0.7100	0.0500s	1.2507	0.7140	0.5875
36
0199	0.1391	0.9737	1.3511	0.7160	0.0506s	1.2054	0.7100	0.5825
37
0200	0.1860	0.9605	1.4304	0.7140	0.0502s	1.2752	0.6990	0.5783
38
0201	0.1802	0.9684	1.5009	0.6980	0.0509s	1.3717	0.6920	0.5770
39
0202	0.1329	0.9737	1.5422	0.7000	0.0507s	1.4230	0.6870	0.5735
40
0203	0.1695	0.9684	1.5183	0.6960	0.0506s	1.3814	0.6870	0.5744
41
0204	0.1900	0.9632	1.4470	0.6940	0.0507s	1.3044	0.6960	0.5683
42
0205	0.1720	0.9711	1.4264	0.6980	0.0505s	1.2682	0.7070	0.5780
43
0206	0.1703	0.9763	1.3518	0.7100	0.0507s	1.2023	0.7120	0.5965
44
0207	0.1649	0.9684	1.4132	0.7100	0.0505s	1.2900	0.6950	0.5805
45
0208	0.1427	0.9763	1.5903	0.6840	0.0505s	1.4589	0.6780	0.5668
46
0209	0.1771	0.9737	1.5240	0.6880	0.0506s	1.3681	0.6880	0.5693
47
0210	0.1318	0.9842	1.4593	0.7080	0.0505s	1.2851	0.6840	0.5631
48
0211	0.1483	0.9737	1.4273	0.7220	0.0798s	1.2492	0.7040	0.5881
49
0212	0.1706	0.9658	1.4139	0.7140	0.0633s	1.2438	0.7070	0.5988
50
0213	0.1715	0.9763	1.3962	0.7100	0.0595s	1.2887	0.7000	0.5931
51
0214	0.1472	0.9789	1.4909	0.6860	0.0594s	1.3854	0.6910	0.5886
52
0215	0.1894	0.9526	1.4667	0.6920	0.0593s	1.3286	0.6910	0.5699
53
0216	0.1448	0.9789	1.5504	0.6820	0.0592s	1.3530	0.6830	0.5520
54
0217	0.1557	0.9711	1.4989	0.6880	0.0594s	1.2897	0.6950	0.5707
55
0218	0.1676	0.9842	1.5084	0.7060	0.0594s	1.3267	0.6820	0.5688
56
0219	0.2056	0.9553	1.4031	0.7120	0.0593s	1.2472	0.7040	0.5906
57
0220	0.1680	0.9579	1.5050	0.6940	0.0594s	1.3688	0.6790	0.5739
58
0221	0.1965	0.9605	1.4048	0.7080	0.0593s	1.2990	0.6970	0.5794
59
0222	0.1574	0.9711	1.4522	0.6920	0.0593s	1.3599	0.6910	0.5683
60
0223	0.2022	0.9553	1.4394	0.6900	0.0571s	1.3334	0.6990	0.5707
61
0224	0.1675	0.9789	1.3621	0.6980	0.0529s	1.2311	0.7070	0.5672
62
0225	0.1658	0.9711	1.4035	0.7020	0.0508s	1.2414	0.7030	0.5802
63
0226	0.1645	0.9842	1.4575	0.7020	0.0502s	1.2836	0.6960	0.5749
64
0227	0.1560	0.9684	1.5067	0.6900	0.0505s	1.3365	0.7010	0.5784
65
0228	0.1833	0.9447	1.4168	0.7060	0.0510s	1.2650	0.7030	0.5997
66
0229	0.1632	0.9763	1.3883	0.7120	0.0509s	1.2447	0.7010	0.5734
67
0230	0.1573	0.9711	1.3831	0.6960	0.0509s	1.2383	0.7060	0.5659
68
0231	0.1426	0.9842	1.4421	0.7080	0.0509s	1.2975	0.7020	0.5590
69
0232	0.1527	0.9842	1.3835	0.7140	0.0517s	1.2536	0.7050	0.5664
70
0233	0.1475	0.9789	1.3746	0.7100	0.0508s	1.2414	0.7100	0.5826
71
0234	0.1472	0.9711	1.3980	0.6980	0.0505s	1.2642	0.7020	0.5800
72
0235	0.1523	0.9763	1.4540	0.6940	0.0512s	1.3064	0.6990	0.5736
73
0236	0.1623	0.9632	1.4826	0.6920	0.0510s	1.3269	0.6910	0.5658
74
0237	0.1310	0.9842	1.5667	0.7020	0.0510s	1.3915	0.6900	0.5664
75
0238	0.2041	0.9526	1.4140	0.7060	0.0507s	1.2788	0.7020	0.5775
76
0239	0.1490	0.9789	1.4415	0.6720	0.0510s	1.3234	0.6990	0.5730
77
0240	0.1569	0.9763	1.4977	0.6760	0.0515s	1.3802	0.6850	0.5701
78
0241	0.1732	0.9737	1.4626	0.7000	0.0509s	1.3329	0.6880	0.5679
79
0242	0.1593	0.9816	1.6788	0.6860	0.0502s	1.5197	0.6730	0.5596
80
0243	0.1645	0.9842	1.5641	0.6960	0.0511s	1.4128	0.6800	0.5642
81
0244	0.1610	0.9737	1.4491	0.6960	0.0512s	1.3056	0.6960	0.5796
82
0245	0.1392	0.9789	1.3743	0.7040	0.0519s	1.2651	0.6910	0.5867
83
0246	0.1944	0.9421	1.3712	0.7060	0.0505s	1.2559	0.6920	0.5693
84
0247	0.1557	0.9737	1.4505	0.6980	0.0516s	1.3065	0.7060	0.5800
85
0248	0.1521	0.9737	1.4991	0.6940	0.0514s	1.3376	0.6980	0.5716
86
0249	0.1302	0.9684	1.6071	0.6860	0.0508s	1.4458	0.6680	0.5508
87
0250	0.1645	0.9605	1.4488	0.7000	0.0509s	1.3285	0.6870	0.5651
88
0251	0.1840	0.9658	1.4200	0.6920	0.0520s	1.3122	0.6890	0.5671
89
0252	0.1844	0.9526	1.5362	0.6660	0.0518s	1.3786	0.7050	0.5766
90
0253	0.1998	0.9526	1.4281	0.6980	0.0512s	1.2600	0.7170	0.5799
91
0254	0.1785	0.9526	1.4577	0.6900	0.0517s	1.2688	0.6970	0.5656
92
0255	0.1659	0.9632	1.5418	0.6780	0.0528s	1.3597	0.6800	0.5734
93
0256	0.1863	0.9579	1.5792	0.6680	0.0515s	1.3980	0.6810	0.5738
94
0257	0.1795	0.9553	1.4522	0.6800	0.0506s	1.3172	0.7020	0.5811
95
0258	0.1499	0.9737	1.4009	0.6920	0.0503s	1.2895	0.7040	0.5829
96
0259	0.1559	0.9605	1.4129	0.6960	0.0507s	1.2953	0.6950	0.5739
97
0260	0.1951	0.9579	1.3734	0.6980	0.0501s	1.2680	0.6920	0.5712
98
0261	0.1622	0.9711	1.3841	0.6800	0.0506s	1.2857	0.6900	0.5711
99
0262	0.1560	0.9632	1.3765	0.6800	0.0502s	1.2699	0.6880	0.5673
100
0263	0.1696	0.9632	1.3176	0.7080	0.0507s	1.1960	0.7120	0.5820
101
0264	0.1403	0.9868	1.4186	0.6960	0.0515s	1.2654	0.6990	0.5759
102
0265	0.1803	0.9632	1.4334	0.7120	0.0512s	1.2699	0.7020	0.5943
103
0266	0.1432	0.9737	1.4493	0.7120	0.0503s	1.2841	0.6990	0.5912
104
0267	0.1427	0.9763	1.4244	0.6980	0.0505s	1.2905	0.6980	0.5867
105
0268	0.1555	0.9763	1.3327	0.7000	0.0507s	1.2278	0.7090	0.5868
106
0269	0.1432	0.9816	1.4188	0.7040	0.0503s	1.2894	0.6910	0.5738
107
0270	0.1524	0.9737	1.4703	0.6960	0.0502s	1.3265	0.6920	0.5704
108
0271	0.1462	0.9684	1.4921	0.7020	0.0503s	1.3411	0.6970	0.5831
109
0272	0.1377	0.9789	1.4539	0.6920	0.0502s	1.3098	0.7010	0.5786
110
0273	0.1386	0.9684	1.4072	0.7080	0.0503s	1.2680	0.7090	0.5821
111
0274	0.1362	0.9763	1.4056	0.7000	0.0502s	1.2863	0.6950	0.5768
112
0275	0.1378	0.9763	1.4574	0.6960	0.0507s	1.3449	0.6960	0.5808
113
0276	0.1694	0.9632	1.5032	0.6880	0.0511s	1.3797	0.6910	0.5751
114
0277	0.1525	0.9658	1.5024	0.6940	0.0511s	1.3536	0.6960	0.5791
115
0278	0.1411	0.9711	1.4682	0.7080	0.0508s	1.2978	0.7060	0.5786
116
0279	0.1209	0.9789	1.4285	0.7020	0.0504s	1.2635	0.7050	0.5785
117
0280	0.1318	0.9842	1.3976	0.7040	0.0504s	1.2391	0.7090	0.5872
118
0281	0.1512	0.9789	1.4160	0.7000	0.0504s	1.2764	0.7030	0.5892
119
0282	0.1555	0.9684	1.5659	0.6880	0.0504s	1.4324	0.6930	0.5776
120
0283	0.1574	0.9711	1.4884	0.7000	0.0506s	1.3589	0.7020	0.5950
121
0284	0.1480	0.9684	1.3903	0.7180	0.0503s	1.2563	0.6910	0.5719
122
0285	0.1398	0.9816	1.3903	0.7060	0.0507s	1.2579	0.6980	0.5741
123
0286	0.1241	0.9737	1.4406	0.7000	0.0510s	1.3175	0.6930	0.5635
124
0287	0.1447	0.9658	1.4949	0.7020	0.0515s	1.3666	0.6940	0.5609
125
0288	0.1418	0.9816	1.4734	0.7040	0.0542s	1.3357	0.6990	0.5827
126
0289	0.1662	0.9711	1.4539	0.7040	0.0506s	1.2895	0.6980	0.5763
127
0290	0.1218	0.9895	1.4736	0.6980	0.0506s	1.2961	0.6980	0.5783
128
0291	0.1385	0.9763	1.4936	0.6920	0.0503s	1.3185	0.7030	0.5703
129
0292	0.1379	0.9816	1.4436	0.7020	0.0502s	1.2875	0.7050	0.5735
130
0293	0.1325	0.9789	1.4144	0.7080	0.0504s	1.2798	0.7020	0.5732
131
0294	0.1433	0.9711	1.3749	0.7140	0.0504s	1.2514	0.7000	0.5830
132
0295	0.1611	0.9737	1.4356	0.7020	0.0501s	1.2964	0.6960	0.5743
133
0296	0.1341	0.9737	1.5075	0.6860	0.0501s	1.3626	0.6940	0.5721
134
0297	0.1410	0.9816	1.5012	0.6980	0.0503s	1.3393	0.6980	0.5768
135
0298	0.1574	0.9763	1.4380	0.7020	0.0511s	1.2546	0.7090	0.5864
136
0299	0.1378	0.9789	1.4808	0.7000	0.0505s	1.2872	0.6980	0.5799
137
0300	0.1766	0.9789	1.4155	0.7000	0.0503s	1.2744	0.6980	0.5777
138
0301	0.1545	0.9763	1.4796	0.7040	0.0510s	1.3581	0.6920	0.5762
139
0302	0.1519	0.9684	1.4725	0.7020	0.0510s	1.3388	0.7030	0.5799
140
0303	0.1582	0.9737	1.5077	0.6920	0.0505s	1.3827	0.6980	0.5731
141
0304	0.1392	0.9789	1.4843	0.6980	0.0502s	1.3747	0.6980	0.5788
142
0305	0.1452	0.9868	1.4042	0.7160	0.0507s	1.2896	0.6970	0.5785
143
0306	0.1203	0.9816	1.3881	0.7140	0.0767s	1.2467	0.7000	0.5835
144
0307	0.1346	0.9842	1.4163	0.7040	0.0635s	1.2604	0.7030	0.5817
145
0308	0.1371	0.9737	1.4323	0.6920	0.0595s	1.2760	0.7010	0.5793
146
0309	0.1215	0.9789	1.4852	0.6840	0.0592s	1.3247	0.6990	0.5609
147
0310	0.1446	0.9632	1.3887	0.7000	0.0594s	1.2383	0.7050	0.5838
148
0311	0.1327	0.9816	1.3984	0.7060	0.0590s	1.2498	0.7040	0.5849
149
0312	0.1336	0.9921	1.4431	0.6960	0.0594s	1.2979	0.7000	0.5798
150
0313	0.1416	0.9763	1.4787	0.7040	0.0593s	1.3504	0.6910	0.5868
151
0314	0.1473	0.9763	1.4708	0.7000	0.0593s	1.3507	0.6950	0.5870
152
0315	0.1385	0.9684	1.4249	0.7080	0.0595s	1.3079	0.7070	0.6000
153
0316	0.1473	0.9816	1.4361	0.6840	0.0594s	1.2997	0.7130	0.6085
154
0317	0.1410	0.9737	1.4032	0.7040	0.0594s	1.2632	0.7110	0.6059
155
0318	0.1385	0.9684	1.4052	0.7000	0.0572s	1.2635	0.6990	0.6040
156
0319	0.1561	0.9684	1.3998	0.7180	0.0537s	1.2538	0.7100	0.5846
157
0320	0.1291	0.9684	1.4512	0.7100	0.0521s	1.2864	0.7100	0.5782
158
0321	0.1681	0.9658	1.4871	0.7100	0.0510s	1.3173	0.6900	0.5561
159
0322	0.1318	0.9789	1.6010	0.6980	0.0504s	1.4371	0.6910	0.5651
160
0323	0.1466	0.9737	1.4712	0.7040	0.0514s	1.3096	0.6920	0.5618
161
0324	0.1564	0.9737	1.3767	0.6980	0.0521s	1.2248	0.7100	0.5974
162
0325	0.1540	0.9763	1.4408	0.6900	0.0507s	1.2792	0.7150	0.5808
163
0326	0.1576	0.9632	1.5517	0.6860	0.0503s	1.3737	0.6920	0.5744
164
0327	0.1437	0.9711	1.5193	0.6960	0.0519s	1.3478	0.6970	0.5937
165
0328	0.1561	0.9711	1.3968	0.7080	0.0510s	1.2379	0.7030	0.5868
166
0329	0.1266	0.9737	1.4213	0.6940	0.0511s	1.2758	0.7030	0.5779
167
0330	0.1334	0.9842	1.5066	0.6980	0.0505s	1.3278	0.7010	0.5851
168
0331	0.1759	0.9632	1.5001	0.6960	0.0513s	1.3239	0.7110	0.5818
169
0332	0.1538	0.9632	1.4415	0.7160	0.0513s	1.2415	0.7100	0.5781
170
0333	0.1428	0.9842	1.4383	0.6960	0.0503s	1.2490	0.6970	0.5743
171
0334	0.1504	0.9711	1.4751	0.6900	0.0502s	1.3017	0.6990	0.5820
172
0335	0.1599	0.9684	1.4660	0.6940	0.0510s	1.3395	0.7030	0.5870
173
0336	0.1381	0.9711	1.4965	0.6960	0.0512s	1.3934	0.6880	0.5720
174
0337	0.1753	0.9605	1.6118	0.6840	0.0503s	1.4256	0.6940	0.5662
175
0338	0.1624	0.9737	1.5176	0.6960	0.0504s	1.3344	0.6910	0.5624
176
0339	0.1890	0.9553	1.4098	0.7000	0.0508s	1.2455	0.6960	0.5801
177
0340	0.1554	0.9789	1.4300	0.6940	0.0504s	1.3059	0.6960	0.5779
178
0341	0.1802	0.9658	1.6094	0.6700	0.0503s	1.4533	0.6890	0.5645
179
0342	0.1472	0.9684	1.6347	0.6700	0.0503s	1.4534	0.6840	0.5796
180
0343	0.1930	0.9447	1.3609	0.7000	0.0510s	1.1952	0.7030	0.5915
181
0344	0.1755	0.9684	1.3957	0.6760	0.0505s	1.2289	0.6920	0.5653
182
0345	0.1640	0.9605	1.3611	0.7000	0.0503s	1.2148	0.7040	0.5750
183
0346	0.1456	0.9737	1.5022	0.6720	0.0504s	1.3463	0.6950	0.5813
184
0347	0.1621	0.9711	1.5014	0.6860	0.0503s	1.3489	0.6920	0.5790
185
0348	0.1463	0.9816	1.4060	0.7020	0.0503s	1.2683	0.6980	0.5784
186
0349	0.1269	0.9895	1.3749	0.7060	0.0505s	1.2148	0.7030	0.5775
187
0350	0.1558	0.9684	1.4268	0.7060	0.0502s	1.2396	0.6950	0.5717
188
0351	0.1563	0.9816	1.5497	0.6820	0.0503s	1.3727	0.6860	0.5550
189
0352	0.1638	0.9605	1.5599	0.6800	0.0504s	1.3868	0.6910	0.5717
190
0353	0.1765	0.9711	1.4191	0.7020	0.0501s	1.2773	0.7040	0.5786
191
0354	0.1362	0.9842	1.3217	0.7140	0.0504s	1.1980	0.7110	0.6037
192
0355	0.1284	0.9868	1.3322	0.7140	0.0505s	1.2014	0.7130	0.6003
193
0356	0.1651	0.9579	1.3677	0.7000	0.0506s	1.2250	0.7050	0.5972
194
0357	0.1213	0.9842	1.5059	0.6780	0.0503s	1.3522	0.6820	0.5810
195
0358	0.1351	0.9684	1.5004	0.6920	0.0503s	1.3377	0.6860	0.5924
196
0359	0.1349	0.9816	1.4612	0.7020	0.0506s	1.2835	0.6950	0.5751
197
0360	0.1264	0.9737	1.4599	0.6920	0.0503s	1.2735	0.7010	0.5734
198
0361	0.1427	0.9763	1.4465	0.7060	0.0503s	1.2767	0.7020	0.5746
199
Early stop! Min loss:1.2377009391784668,  Max accuracy:0.726
Early stop model validation loss:1.2377009391784668,  accuracy:0.708
Optimization Finished!
Total time elapsed: 19.4657s
test max acc:0.7270
Loading 112th epoch
stru_node_to_hop attention:tensor([[0.2428, 0.2520, 0.2524, 0.2528],
        [0.2464, 0.2506, 0.2514, 0.2516],
        [0.2502, 0.2497, 0.2500, 0.2501],
        [0.2469, 0.2514, 0.2508, 0.2510],
        [0.2306, 0.2641, 0.2550, 0.2503],
        [0.2492, 0.2501, 0.2504, 0.2504],
        [0.2501, 0.2500, 0.2499, 0.2500],
        [0.2449, 0.2514, 0.2515, 0.2523],
        [0.2463, 0.2514, 0.2512, 0.2512],
        [0.2418, 0.2536, 0.2522, 0.2524],
        [0.2490, 0.2502, 0.2503, 0.2505],
        [0.2383, 0.2534, 0.2541, 0.2542],
        [0.2466, 0.2498, 0.2521, 0.2514],
        [0.2153, 0.2520, 0.2666, 0.2661],
        [0.2439, 0.2396, 0.2607, 0.2557],
        [0.2500, 0.2500, 0.2500, 0.2500],
        [0.2500, 0.2500, 0.2500, 0.2500],
        [0.2500, 0.2500, 0.2500, 0.2500],
        [0.2479, 0.2487, 0.2520, 0.2513],
        [0.2500, 0.2500, 0.2500, 0.2500],
        [0.2480, 0.2503, 0.2508, 0.2509],
        [0.2500, 0.2500, 0.2500, 0.2500],
        [0.2501, 0.2501, 0.2499, 0.2499],
        [0.2500, 0.2500, 0.2500, 0.2500],
        [0.2495, 0.2502, 0.2501, 0.2501],
        [0.2500, 0.2500, 0.2500, 0.2500],
        [0.2510, 0.2497, 0.2497, 0.2496],
        [0.2450, 0.2509, 0.2519, 0.2522],
        [0.2500, 0.2500, 0.2500, 0.2500],
        [0.2500, 0.2500, 0.2500, 0.2500],
        [0.2391, 0.2531, 0.2537, 0.2541],
        [0.2499, 0.2500, 0.2500, 0.2500],
        [0.2593, 0.2471, 0.2471, 0.2464],
        [0.2505, 0.2494, 0.2501, 0.2500],
        [0.2498, 0.2493, 0.2502, 0.2507],
        [0.2490, 0.2502, 0.2504, 0.2504],
        [0.2496, 0.2498, 0.2503, 0.2503],
        [0.2504, 0.2496, 0.2499, 0.2501],
        [0.2503, 0.2499, 0.2499, 0.2499],
        [0.2500, 0.2500, 0.2500, 0.2500],
        [0.2477, 0.2505, 0.2508, 0.2509],
        [0.2435, 0.2516, 0.2522, 0.2527],
        [0.2481, 0.2495, 0.2509, 0.2514],
        [0.2500, 0.2500, 0.2500, 0.2500],
        [0.2481, 0.2507, 0.2505, 0.2506],
        [0.1667, 0.3623, 0.2546, 0.2164],
        [0.2500, 0.2500, 0.2500, 0.2500],
        [0.2443, 0.2505, 0.2523, 0.2528],
        [0.2500, 0.2500, 0.2500, 0.2500],
        [0.2482, 0.2650, 0.2446, 0.2422],
        [0.2499, 0.2501, 0.2500, 0.2500],
        [0.2499, 0.2500, 0.2500, 0.2500],
        [0.2498, 0.2501, 0.2501, 0.2500],
        [0.2487, 0.2464, 0.2525, 0.2523],
        [0.2493, 0.2501, 0.2503, 0.2503],
        [0.2431, 0.2445, 0.2556, 0.2568],
        [0.2628, 0.2207, 0.2564, 0.2602],
        [0.2500, 0.2500, 0.2500, 0.2500],
        [0.2495, 0.2502, 0.2501, 0.2501],
        [0.2500, 0.2500, 0.2500, 0.2500],
        [0.2495, 0.2494, 0.2503, 0.2508],
        [0.2500, 0.2500, 0.2500, 0.2500],
        [0.2500, 0.2500, 0.2500, 0.2500],
        [0.2493, 0.2500, 0.2504, 0.2504],
        [0.2488, 0.2504, 0.2504, 0.2503],
        [0.2458, 0.2498, 0.2523, 0.2521],
        [0.2499, 0.2501, 0.2500, 0.2500],
        [0.2503, 0.2500, 0.2499, 0.2498],
        [0.2501, 0.2502, 0.2499, 0.2498],
        [0.2499, 0.2501, 0.2500, 0.2500],
        [0.2500, 0.2500, 0.2500, 0.2500],
        [0.2430, 0.2519, 0.2525, 0.2525],
        [0.2482, 0.2504, 0.2507, 0.2506],
        [0.2500, 0.2500, 0.2500, 0.2500],
        [0.2500, 0.2500, 0.2500, 0.2500],
        [0.2500, 0.2500, 0.2500, 0.2500],
        [0.2500, 0.2500, 0.2500, 0.2500],
        [0.2456, 0.2506, 0.2517, 0.2521],
        [0.2485, 0.2506, 0.2504, 0.2505],
        [0.2500, 0.2500, 0.2500, 0.2500],
        [0.2440, 0.2531, 0.2512, 0.2517],
        [0.2464, 0.2513, 0.2513, 0.2510],
        [0.2500, 0.2500, 0.2500, 0.2500],
        [0.2493, 0.2502, 0.2502, 0.2503],
        [0.2446, 0.2503, 0.2520, 0.2531],
        [0.2448, 0.2512, 0.2519, 0.2521],
        [0.2466, 0.2494, 0.2519, 0.2521],
        [0.2500, 0.2500, 0.2500, 0.2500],
        [0.2498, 0.2500, 0.2501, 0.2501],
        [0.2500, 0.2500, 0.2500, 0.2500],
        [0.2496, 0.2501, 0.2501, 0.2501],
        [0.2496, 0.2500, 0.2502, 0.2502],
        [0.2499, 0.2500, 0.2501, 0.2501],
        [0.2501, 0.2500, 0.2499, 0.2499],
        [0.2503, 0.2499, 0.2499, 0.2499],
        [0.2499, 0.2499, 0.2501, 0.2501],
        [0.2451, 0.2523, 0.2513, 0.2512],
        [0.2435, 0.2529, 0.2518, 0.2519],
        [0.2500, 0.2500, 0.2500, 0.2500],
        [0.2464, 0.2509, 0.2515, 0.2512]], device='cuda:1')
fea_node_to_hop attention:tensor([[0.1421, 0.1419, 0.1427, 0.1431, 0.1433, 0.1434, 0.1434],
        [0.1409, 0.1433, 0.1432, 0.1432, 0.1431, 0.1431, 0.1431],
        [0.1430, 0.1426, 0.1428, 0.1429, 0.1429, 0.1429, 0.1429],
        [0.1415, 0.1435, 0.1431, 0.1431, 0.1430, 0.1429, 0.1428],
        [0.1297, 0.1544, 0.1499, 0.1450, 0.1419, 0.1402, 0.1390],
        [0.1425, 0.1430, 0.1429, 0.1429, 0.1429, 0.1429, 0.1428],
        [0.1432, 0.1429, 0.1428, 0.1428, 0.1428, 0.1428, 0.1428],
        [0.1388, 0.1431, 0.1436, 0.1436, 0.1437, 0.1437, 0.1436],
        [0.1406, 0.1431, 0.1432, 0.1433, 0.1433, 0.1433, 0.1433],
        [0.1385, 0.1431, 0.1435, 0.1437, 0.1437, 0.1437, 0.1437],
        [0.1419, 0.1429, 0.1430, 0.1430, 0.1430, 0.1430, 0.1430],
        [0.1402, 0.1430, 0.1432, 0.1433, 0.1434, 0.1434, 0.1435],
        [0.1410, 0.1433, 0.1431, 0.1432, 0.1431, 0.1431, 0.1431],
        [0.1242, 0.1421, 0.1432, 0.1464, 0.1473, 0.1482, 0.1486],
        [0.1320, 0.1399, 0.1451, 0.1459, 0.1460, 0.1457, 0.1453],
        [0.1429, 0.1429, 0.1429, 0.1429, 0.1429, 0.1429, 0.1429],
        [0.1429, 0.1429, 0.1429, 0.1429, 0.1429, 0.1429, 0.1429],
        [0.1429, 0.1429, 0.1429, 0.1429, 0.1429, 0.1429, 0.1429],
        [0.1384, 0.1432, 0.1437, 0.1438, 0.1438, 0.1437, 0.1435],
        [0.1429, 0.1429, 0.1429, 0.1429, 0.1429, 0.1429, 0.1429],
        [0.1423, 0.1430, 0.1430, 0.1430, 0.1429, 0.1429, 0.1429],
        [0.1428, 0.1429, 0.1429, 0.1429, 0.1429, 0.1429, 0.1429],
        [0.1430, 0.1429, 0.1428, 0.1428, 0.1428, 0.1428, 0.1428],
        [0.1429, 0.1429, 0.1429, 0.1429, 0.1429, 0.1429, 0.1429],
        [0.1424, 0.1429, 0.1429, 0.1430, 0.1430, 0.1430, 0.1429],
        [0.1429, 0.1429, 0.1429, 0.1429, 0.1429, 0.1429, 0.1429],
        [0.1432, 0.1428, 0.1428, 0.1428, 0.1428, 0.1428, 0.1428],
        [0.1404, 0.1433, 0.1432, 0.1433, 0.1433, 0.1433, 0.1433],
        [0.1429, 0.1429, 0.1429, 0.1429, 0.1429, 0.1429, 0.1429],
        [0.1429, 0.1429, 0.1429, 0.1429, 0.1429, 0.1429, 0.1429],
        [0.1355, 0.1438, 0.1439, 0.1441, 0.1442, 0.1442, 0.1442],
        [0.1428, 0.1429, 0.1429, 0.1429, 0.1429, 0.1429, 0.1429],
        [0.1427, 0.1429, 0.1429, 0.1429, 0.1429, 0.1428, 0.1429],
        [0.1420, 0.1430, 0.1431, 0.1430, 0.1430, 0.1430, 0.1430],
        [0.1419, 0.1431, 0.1431, 0.1430, 0.1430, 0.1430, 0.1430],
        [0.1429, 0.1429, 0.1428, 0.1428, 0.1428, 0.1429, 0.1428],
        [0.1425, 0.1428, 0.1428, 0.1429, 0.1429, 0.1430, 0.1430],
        [0.1425, 0.1428, 0.1429, 0.1429, 0.1430, 0.1430, 0.1430],
        [0.1430, 0.1428, 0.1428, 0.1428, 0.1428, 0.1428, 0.1428],
        [0.1429, 0.1428, 0.1429, 0.1429, 0.1429, 0.1429, 0.1429],
        [0.1410, 0.1430, 0.1431, 0.1432, 0.1432, 0.1432, 0.1432],
        [0.1399, 0.1431, 0.1433, 0.1434, 0.1434, 0.1435, 0.1435],
        [0.1410, 0.1427, 0.1430, 0.1432, 0.1433, 0.1434, 0.1434],
        [0.1429, 0.1429, 0.1429, 0.1429, 0.1429, 0.1429, 0.1429],
        [0.1414, 0.1434, 0.1431, 0.1431, 0.1430, 0.1430, 0.1430],
        [0.1250, 0.1503, 0.1469, 0.1480, 0.1446, 0.1433, 0.1418],
        [0.1429, 0.1428, 0.1428, 0.1428, 0.1428, 0.1428, 0.1428],
        [0.1409, 0.1431, 0.1433, 0.1432, 0.1432, 0.1432, 0.1432],
        [0.1429, 0.1429, 0.1429, 0.1429, 0.1429, 0.1429, 0.1429],
        [0.1461, 0.1578, 0.1472, 0.1417, 0.1381, 0.1355, 0.1337],
        [0.1428, 0.1428, 0.1429, 0.1429, 0.1429, 0.1429, 0.1429],
        [0.1428, 0.1429, 0.1429, 0.1429, 0.1429, 0.1429, 0.1429],
        [0.1429, 0.1429, 0.1429, 0.1429, 0.1429, 0.1429, 0.1429],
        [0.1401, 0.1417, 0.1433, 0.1436, 0.1438, 0.1438, 0.1436],
        [0.1426, 0.1429, 0.1429, 0.1429, 0.1429, 0.1429, 0.1429],
        [0.1388, 0.1432, 0.1443, 0.1442, 0.1437, 0.1432, 0.1426],
        [0.1467, 0.1312, 0.1440, 0.1444, 0.1448, 0.1446, 0.1444],
        [0.1429, 0.1429, 0.1429, 0.1429, 0.1429, 0.1429, 0.1429],
        [0.1426, 0.1429, 0.1429, 0.1429, 0.1429, 0.1429, 0.1429],
        [0.1428, 0.1429, 0.1429, 0.1429, 0.1429, 0.1429, 0.1429],
        [0.1425, 0.1428, 0.1430, 0.1429, 0.1429, 0.1429, 0.1429],
        [0.1428, 0.1429, 0.1429, 0.1429, 0.1429, 0.1429, 0.1429],
        [0.1429, 0.1429, 0.1429, 0.1429, 0.1429, 0.1429, 0.1429],
        [0.1424, 0.1429, 0.1429, 0.1429, 0.1430, 0.1429, 0.1429],
        [0.1424, 0.1428, 0.1429, 0.1429, 0.1430, 0.1430, 0.1430],
        [0.1388, 0.1426, 0.1440, 0.1438, 0.1437, 0.1436, 0.1435],
        [0.1428, 0.1429, 0.1429, 0.1429, 0.1429, 0.1429, 0.1429],
        [0.1427, 0.1429, 0.1429, 0.1429, 0.1429, 0.1429, 0.1429],
        [0.1429, 0.1429, 0.1429, 0.1428, 0.1429, 0.1429, 0.1429],
        [0.1428, 0.1429, 0.1429, 0.1429, 0.1429, 0.1429, 0.1429],
        [0.1429, 0.1429, 0.1429, 0.1429, 0.1429, 0.1429, 0.1429],
        [0.1399, 0.1432, 0.1432, 0.1434, 0.1434, 0.1435, 0.1435],
        [0.1426, 0.1428, 0.1429, 0.1429, 0.1429, 0.1429, 0.1429],
        [0.1429, 0.1429, 0.1429, 0.1429, 0.1429, 0.1429, 0.1429],
        [0.1428, 0.1429, 0.1429, 0.1429, 0.1429, 0.1429, 0.1429],
        [0.1429, 0.1429, 0.1429, 0.1429, 0.1429, 0.1429, 0.1429],
        [0.1428, 0.1429, 0.1429, 0.1429, 0.1429, 0.1429, 0.1429],
        [0.1387, 0.1433, 0.1435, 0.1436, 0.1436, 0.1436, 0.1436],
        [0.1415, 0.1430, 0.1431, 0.1431, 0.1431, 0.1431, 0.1431],
        [0.1429, 0.1428, 0.1429, 0.1429, 0.1429, 0.1429, 0.1429],
        [0.1366, 0.1436, 0.1436, 0.1440, 0.1440, 0.1441, 0.1441],
        [0.1389, 0.1437, 0.1436, 0.1435, 0.1435, 0.1434, 0.1434],
        [0.1429, 0.1428, 0.1428, 0.1428, 0.1428, 0.1428, 0.1428],
        [0.1427, 0.1429, 0.1429, 0.1429, 0.1429, 0.1429, 0.1429],
        [0.1407, 0.1429, 0.1432, 0.1433, 0.1433, 0.1433, 0.1433],
        [0.1402, 0.1429, 0.1434, 0.1434, 0.1434, 0.1434, 0.1434],
        [0.1428, 0.1427, 0.1426, 0.1427, 0.1429, 0.1431, 0.1432],
        [0.1429, 0.1429, 0.1429, 0.1429, 0.1429, 0.1429, 0.1429],
        [0.1427, 0.1429, 0.1429, 0.1429, 0.1429, 0.1429, 0.1429],
        [0.1429, 0.1429, 0.1429, 0.1429, 0.1429, 0.1429, 0.1429],
        [0.1427, 0.1429, 0.1429, 0.1429, 0.1429, 0.1429, 0.1429],
        [0.1427, 0.1429, 0.1429, 0.1429, 0.1429, 0.1429, 0.1429],
        [0.1428, 0.1429, 0.1429, 0.1429, 0.1429, 0.1429, 0.1429],
        [0.1429, 0.1429, 0.1429, 0.1428, 0.1428, 0.1428, 0.1428],
        [0.1430, 0.1429, 0.1428, 0.1428, 0.1428, 0.1428, 0.1428],
        [0.1427, 0.1429, 0.1429, 0.1429, 0.1429, 0.1429, 0.1429],
        [0.1402, 0.1448, 0.1439, 0.1431, 0.1429, 0.1426, 0.1425],
        [0.1418, 0.1432, 0.1432, 0.1431, 0.1430, 0.1429, 0.1428],
        [0.1429, 0.1429, 0.1429, 0.1429, 0.1429, 0.1429, 0.1429],
        [0.1417, 0.1428, 0.1431, 0.1431, 0.1431, 0.1431, 0.1431]],
       device='cuda:1')
perception attention:tensor([0.4532, 0.5468], device='cuda:1')
Test set results: loss= 1.1560 accuracy= 0.7210 F1_score= 0.5970
