# epoch	loss_train	acc_train	loss_val	acc_val	time	acc_test	f1_test
0001	2.1987	0.1222	2.1436	0.5600	0.1936s	2.1456	0.5660	0.5407
0
0002	2.1453	0.3556	2.0742	0.5820	0.1942s	2.0776	0.6020	0.5927
0
0003	2.0963	0.3833	1.9922	0.6380	0.1942s	1.9966	0.6620	0.6488
0
0004	2.0117	0.4611	1.8965	0.6760	0.1944s	1.9009	0.7050	0.6852
0
0005	1.9412	0.5167	1.7890	0.7240	0.1940s	1.7926	0.7470	0.7341
0
0006	1.8329	0.6278	1.6719	0.7500	0.1937s	1.6734	0.7730	0.7653
0
0007	1.7751	0.6389	1.5480	0.7860	0.1949s	1.5472	0.8010	0.7961
0
0008	1.6409	0.6833	1.4239	0.8020	0.1942s	1.4201	0.8190	0.8152
0
0009	1.5502	0.7389	1.3065	0.8020	0.1942s	1.2995	0.8400	0.8378
0
0010	1.4598	0.7611	1.1970	0.8000	0.1939s	1.1873	0.8340	0.8336
0
0011	1.3619	0.7333	1.0983	0.8080	0.1926s	1.0878	0.8330	0.8345
0
0012	1.2716	0.7556	1.0115	0.8180	0.1934s	1.0015	0.8320	0.8340
0
0013	1.1962	0.7778	0.9366	0.8100	0.1947s	0.9286	0.8120	0.8157
0
0014	1.1412	0.8000	0.8752	0.7940	0.1941s	0.8687	0.7930	0.7977
0
0015	1.1198	0.7500	0.8253	0.7820	0.1943s	0.8204	0.7810	0.7847
0
0016	1.0167	0.7889	0.7844	0.7820	0.1928s	0.7799	0.7800	0.7846
0
0017	0.9307	0.7944	0.7490	0.7900	0.1926s	0.7442	0.7890	0.7939
0
0018	0.8706	0.8167	0.7185	0.7980	0.1943s	0.7130	0.7980	0.8014
0
0019	0.9056	0.8056	0.6951	0.8000	0.1937s	0.6857	0.8020	0.8059
0
0020	0.8941	0.8500	0.6781	0.7880	0.1941s	0.6640	0.8090	0.8129
0
0021	0.8165	0.8667	0.6655	0.7900	0.1943s	0.6468	0.8110	0.8145
0
0022	0.8950	0.7889	0.6563	0.7900	0.1946s	0.6313	0.8110	0.8137
0
0023	0.7340	0.8889	0.6484	0.7920	0.1945s	0.6185	0.8110	0.8130
0
0024	0.7237	0.8278	0.6470	0.7980	0.1944s	0.6087	0.8150	0.8168
0
0025	0.7550	0.8167	0.6481	0.8000	0.1943s	0.6055	0.8140	0.8153
0
0026	0.7659	0.8111	0.6475	0.8020	0.1943s	0.6043	0.8150	0.8158
1
0027	0.7581	0.8056	0.6534	0.7980	0.1940s	0.6088	0.8040	0.8063
2
0028	0.6470	0.8833	0.6577	0.7940	0.1944s	0.6145	0.8020	0.8041
3
0029	0.6591	0.8333	0.6639	0.7880	0.1941s	0.6203	0.7990	0.8010
4
0030	0.6722	0.8833	0.6648	0.7820	0.1939s	0.6196	0.7960	0.7978
5
0031	0.7175	0.7722	0.6653	0.7880	0.1941s	0.6179	0.7980	0.7993
6
0032	0.6916	0.8556	0.6635	0.7940	0.1939s	0.6157	0.8070	0.8076
7
0033	0.6516	0.8556	0.6624	0.8020	0.1930s	0.6152	0.8050	0.8047
8
0034	0.6645	0.8278	0.6633	0.8000	0.1941s	0.6164	0.8030	0.8024
9
0035	0.6105	0.8611	0.6639	0.7880	0.1943s	0.6178	0.8110	0.8118
10
0036	0.6471	0.8333	0.6705	0.7900	0.1942s	0.6242	0.8080	0.8100
11
0037	0.6125	0.8556	0.6807	0.7900	0.1937s	0.6346	0.8040	0.8066
12
0038	0.5639	0.8333	0.6868	0.7860	0.1943s	0.6422	0.7960	0.7991
13
0039	0.6573	0.7944	0.6872	0.7840	0.1941s	0.6444	0.8000	0.8030
14
0040	0.6141	0.8333	0.6811	0.7940	0.1941s	0.6380	0.8030	0.8044
15
0041	0.6116	0.8444	0.6759	0.7940	0.1943s	0.6287	0.8080	0.8093
16
0042	0.6344	0.8722	0.6724	0.7920	0.1927s	0.6246	0.8110	0.8113
17
0043	0.6282	0.8611	0.6706	0.7920	0.1942s	0.6227	0.8160	0.8158
18
0044	0.5902	0.8833	0.6735	0.7940	0.1942s	0.6243	0.8030	0.8034
19
0045	0.5767	0.8389	0.6812	0.7860	0.1944s	0.6299	0.8010	0.8025
20
0046	0.6106	0.8389	0.6837	0.7860	0.1941s	0.6317	0.8030	0.8045
21
0047	0.6187	0.8389	0.6840	0.7900	0.1965s	0.6323	0.8020	0.8042
22
0048	0.6424	0.8833	0.6881	0.7940	0.1931s	0.6361	0.7980	0.7998
23
0049	0.5289	0.8611	0.6943	0.7960	0.1939s	0.6419	0.7970	0.7981
24
0050	0.6122	0.8444	0.6956	0.7860	0.1943s	0.6459	0.7970	0.7966
25
0051	0.6171	0.8778	0.6915	0.7840	0.1933s	0.6446	0.7980	0.7978
26
0052	0.6419	0.9000	0.6819	0.7960	0.1940s	0.6369	0.8060	0.8061
27
0053	0.6469	0.8500	0.6746	0.7900	0.1941s	0.6326	0.8080	0.8085
28
0054	0.6125	0.8833	0.6716	0.7880	0.1941s	0.6326	0.8070	0.8079
29
0055	0.5585	0.8611	0.6703	0.7860	0.1946s	0.6343	0.8060	0.8067
30
0056	0.5502	0.8778	0.6688	0.7880	0.1939s	0.6324	0.8090	0.8097
31
0057	0.5708	0.8389	0.6692	0.7880	0.1943s	0.6324	0.8070	0.8079
32
0058	0.5486	0.8778	0.6750	0.7860	0.1943s	0.6351	0.8030	0.8040
33
0059	0.5790	0.8500	0.6821	0.7840	0.1945s	0.6413	0.8020	0.8023
34
0060	0.5897	0.8722	0.6866	0.7780	0.1941s	0.6457	0.7990	0.7993
35
0061	0.5907	0.8833	0.6860	0.7780	0.1942s	0.6488	0.7990	0.7995
36
0062	0.5915	0.8500	0.6872	0.7800	0.1929s	0.6538	0.7960	0.7964
37
0063	0.5437	0.8833	0.6851	0.7780	0.1942s	0.6559	0.7940	0.7948
38
0064	0.5413	0.8444	0.6824	0.7800	0.1946s	0.6560	0.7930	0.7940
39
0065	0.5382	0.9222	0.6771	0.7820	0.1926s	0.6504	0.7980	0.7990
40
0066	0.5493	0.8722	0.6729	0.7820	0.1938s	0.6439	0.8000	0.8018
41
0067	0.5787	0.8611	0.6724	0.7880	0.1949s	0.6378	0.8000	0.8018
42
0068	0.5581	0.8778	0.6757	0.7900	0.1946s	0.6328	0.8020	0.8027
43
0069	0.5452	0.8778	0.6840	0.7880	0.1944s	0.6342	0.8040	0.8047
44
0070	0.5262	0.9167	0.6961	0.7880	0.1946s	0.6415	0.8030	0.8041
45
0071	0.5849	0.8222	0.7107	0.7860	0.1944s	0.6503	0.7990	0.8007
46
0072	0.5958	0.8333	0.7172	0.7780	0.1943s	0.6562	0.7990	0.8011
47
0073	0.5348	0.8500	0.7211	0.7800	0.1941s	0.6633	0.7980	0.8009
48
0074	0.4827	0.8556	0.7262	0.7800	0.1945s	0.6721	0.7910	0.7951
49
0075	0.5552	0.8333	0.7289	0.7800	0.1942s	0.6783	0.7900	0.7928
50
0076	0.6998	0.8944	0.7323	0.7800	0.1924s	0.6862	0.7880	0.7901
51
0077	0.5004	0.8944	0.7399	0.7700	0.1950s	0.6963	0.7870	0.7883
52
0078	0.5540	0.9056	0.7431	0.7700	0.1944s	0.7017	0.7890	0.7896
53
0079	0.5753	0.8944	0.7383	0.7740	0.1942s	0.6979	0.7920	0.7928
54
0080	0.5505	0.8944	0.7325	0.7760	0.1941s	0.6905	0.7950	0.7962
55
0081	0.5489	0.8500	0.7344	0.7820	0.1944s	0.6859	0.7940	0.7963
56
0082	0.5702	0.8667	0.7402	0.7800	0.1936s	0.6856	0.7940	0.7962
57
0083	0.5770	0.8722	0.7457	0.7780	0.1943s	0.6884	0.8000	0.8016
58
0084	0.6678	0.8222	0.7532	0.7760	0.1940s	0.6943	0.8000	0.8004
59
0085	0.5582	0.8778	0.7645	0.7840	0.1956s	0.7048	0.8000	0.7993
60
0086	0.5459	0.8667	0.7747	0.7840	0.1941s	0.7140	0.7940	0.7930
61
0087	0.5345	0.8889	0.7817	0.7820	0.1963s	0.7196	0.7910	0.7897
62
0088	0.5802	0.8722	0.7828	0.7820	0.1947s	0.7205	0.7920	0.7908
63
0089	0.5779	0.8611	0.7835	0.7720	0.1943s	0.7201	0.7940	0.7924
64
0090	0.4871	0.8833	0.7844	0.7680	0.1941s	0.7192	0.7950	0.7948
65
0091	0.4932	0.9111	0.7848	0.7680	0.1946s	0.7161	0.7920	0.7925
66
0092	0.5731	0.9056	0.7851	0.7720	0.1947s	0.7159	0.7920	0.7933
67
0093	0.5506	0.8944	0.7828	0.7780	0.1943s	0.7145	0.7940	0.7947
68
0094	0.5901	0.8444	0.7804	0.7760	0.1944s	0.7140	0.7940	0.7949
69
0095	0.4778	0.9222	0.7748	0.7720	0.1945s	0.7122	0.7940	0.7945
70
0096	0.5235	0.8667	0.7697	0.7680	0.1941s	0.7098	0.7960	0.7963
71
0097	0.5669	0.8889	0.7673	0.7720	0.1945s	0.7085	0.7980	0.7980
72
0098	0.4804	0.8444	0.7663	0.7760	0.1947s	0.7078	0.7970	0.7970
73
0099	0.5353	0.8944	0.7675	0.7720	0.1948s	0.7075	0.7990	0.7984
74
0100	0.4697	0.8833	0.7659	0.7760	0.1944s	0.7025	0.8010	0.8003
75
0101	0.6363	0.8500	0.7658	0.7700	0.1943s	0.6981	0.8030	0.8022
76
0102	0.5733	0.8778	0.7659	0.7720	0.1940s	0.6952	0.8090	0.8080
77
0103	0.5104	0.8611	0.7703	0.7700	0.1945s	0.6968	0.8090	0.8081
78
0104	0.5981	0.8667	0.7753	0.7700	0.1972s	0.6986	0.8020	0.8014
79
0105	0.4736	0.9056	0.7747	0.7680	0.1924s	0.6966	0.8030	0.8027
80
0106	0.5380	0.8833	0.7696	0.7720	0.1943s	0.6920	0.8070	0.8069
81
0107	0.5354	0.8556	0.7647	0.7680	0.1942s	0.6902	0.8080	0.8082
82
0108	0.4853	0.9111	0.7606	0.7760	0.1962s	0.6892	0.8100	0.8097
83
0109	0.4381	0.9000	0.7620	0.7780	0.1945s	0.6919	0.8020	0.8019
84
0110	0.5221	0.8722	0.7616	0.7800	0.1924s	0.6936	0.8020	0.8015
85
0111	0.4776	0.8778	0.7675	0.7800	0.1942s	0.6997	0.8010	0.8006
86
0112	0.5557	0.8833	0.7732	0.7760	0.1944s	0.7075	0.7980	0.7972
87
0113	0.5248	0.9056	0.7796	0.7760	0.1947s	0.7142	0.7970	0.7973
88
0114	0.4922	0.9000	0.7844	0.7760	0.1940s	0.7184	0.7930	0.7939
89
0115	0.4758	0.9167	0.7863	0.7780	0.1941s	0.7197	0.7940	0.7953
90
0116	0.5749	0.8500	0.7828	0.7800	0.1944s	0.7125	0.7930	0.7942
91
0117	0.5345	0.9167	0.7772	0.7780	0.1928s	0.7035	0.7970	0.7985
92
0118	0.4965	0.8500	0.7759	0.7760	0.1941s	0.7004	0.7940	0.7961
93
0119	0.4805	0.8778	0.7750	0.7740	0.1945s	0.6985	0.7950	0.7970
94
0120	0.5428	0.9111	0.7730	0.7760	0.1944s	0.6977	0.7930	0.7952
95
0121	0.5690	0.8500	0.7724	0.7740	0.1951s	0.6994	0.7890	0.7916
96
0122	0.5518	0.8778	0.7713	0.7740	0.1926s	0.7003	0.7900	0.7927
97
0123	0.4821	0.9000	0.7686	0.7720	0.1939s	0.7015	0.7920	0.7946
98
0124	0.5231	0.9000	0.7695	0.7720	0.1950s	0.7050	0.7920	0.7940
99
0125	0.5563	0.8944	0.7699	0.7700	0.1922s	0.7058	0.7930	0.7941
100
0126	0.5264	0.8833	0.7659	0.7740	0.1945s	0.7024	0.7920	0.7929
101
0127	0.5241	0.8889	0.7652	0.7760	0.1945s	0.7020	0.7970	0.7983
102
0128	0.5471	0.9056	0.7707	0.7720	0.1962s	0.7041	0.7960	0.7979
103
0129	0.5285	0.9000	0.7771	0.7680	0.1927s	0.7072	0.7980	0.8004
104
0130	0.5217	0.8500	0.7790	0.7640	0.1940s	0.7087	0.7970	0.7996
105
0131	0.6105	0.8056	0.7803	0.7600	0.1942s	0.7095	0.7970	0.7991
106
0132	0.4441	0.9278	0.7827	0.7680	0.1938s	0.7107	0.7880	0.7902
107
0133	0.5725	0.8611	0.7856	0.7720	0.1927s	0.7125	0.7860	0.7883
108
0134	0.5964	0.9167	0.7829	0.7740	0.1944s	0.7108	0.7920	0.7947
109
0135	0.4951	0.8667	0.7783	0.7740	0.1921s	0.7080	0.7950	0.7978
110
0136	0.5174	0.8778	0.7721	0.7800	0.1927s	0.7053	0.7970	0.7987
111
0137	0.4733	0.8667	0.7657	0.7820	0.1942s	0.7024	0.7980	0.7993
112
0138	0.5198	0.8722	0.7576	0.7860	0.1927s	0.6994	0.8020	0.8023
113
0139	0.4941	0.9333	0.7493	0.7820	0.1947s	0.6978	0.8020	0.8022
114
0140	0.5047	0.9056	0.7426	0.7880	0.1941s	0.6967	0.8020	0.8023
115
0141	0.5194	0.8889	0.7370	0.7900	0.1938s	0.6945	0.8050	0.8051
116
0142	0.5500	0.8833	0.7382	0.7920	0.1938s	0.6931	0.8070	0.8055
117
0143	0.5439	0.8500	0.7407	0.7940	0.1945s	0.6922	0.8050	0.8031
118
0144	0.5227	0.8722	0.7474	0.8000	0.1954s	0.6936	0.8070	0.8056
119
0145	0.4784	0.9278	0.7523	0.7940	0.1960s	0.6953	0.8010	0.8001
120
0146	0.5375	0.8722	0.7581	0.7860	0.1941s	0.6984	0.8020	0.8022
121
0147	0.5822	0.8500	0.7582	0.7860	0.1939s	0.7008	0.8000	0.8005
122
0148	0.5040	0.8944	0.7602	0.7900	0.1957s	0.7034	0.7980	0.7994
123
0149	0.5499	0.8667	0.7620	0.7840	0.1944s	0.7066	0.7950	0.7966
124
0150	0.5201	0.8500	0.7644	0.7840	0.1919s	0.7130	0.7950	0.7968
125
0151	0.4791	0.8444	0.7632	0.7840	0.1941s	0.7181	0.7960	0.7982
126
0152	0.4715	0.8944	0.7587	0.7820	0.1941s	0.7200	0.7950	0.7970
127
0153	0.4936	0.8833	0.7499	0.7840	0.1942s	0.7198	0.7980	0.7992
128
0154	0.5381	0.9111	0.7424	0.7880	0.1944s	0.7170	0.8020	0.8023
129
0155	0.5472	0.9111	0.7362	0.7860	0.1941s	0.7118	0.8030	0.8029
130
0156	0.5701	0.8444	0.7310	0.7960	0.1949s	0.7060	0.8060	0.8056
131
0157	0.5414	0.8667	0.7308	0.7920	0.1946s	0.7026	0.8000	0.8000
132
0158	0.4715	0.8889	0.7406	0.7940	0.1946s	0.7023	0.7980	0.7994
133
0159	0.5585	0.8667	0.7525	0.7860	0.1945s	0.7055	0.7940	0.7954
134
0160	0.5043	0.8889	0.7609	0.7920	0.1938s	0.7081	0.7960	0.7972
135
0161	0.4356	0.8944	0.7661	0.7960	0.1938s	0.7112	0.7970	0.7986
136
0162	0.4645	0.9333	0.7688	0.7920	0.1944s	0.7147	0.7970	0.7977
137
0163	0.5750	0.8389	0.7655	0.7920	0.1946s	0.7159	0.7990	0.7991
138
0164	0.4834	0.8500	0.7683	0.7880	0.1915s	0.7209	0.7960	0.7960
139
0165	0.5130	0.8889	0.7699	0.7860	0.1927s	0.7249	0.7990	0.7985
140
0166	0.4638	0.8722	0.7750	0.7860	0.1922s	0.7306	0.7940	0.7933
141
0167	0.5164	0.8944	0.7774	0.7900	0.1926s	0.7318	0.7970	0.7959
142
0168	0.4980	0.8722	0.7816	0.7900	0.1937s	0.7317	0.7940	0.7927
143
0169	0.5477	0.8722	0.7845	0.7880	0.1941s	0.7301	0.7980	0.7969
144
0170	0.5581	0.8778	0.7920	0.7820	0.1946s	0.7322	0.7990	0.7983
145
0171	0.4907	0.8833	0.7990	0.7820	0.1943s	0.7348	0.7960	0.7962
146
0172	0.4752	0.8944	0.8058	0.7760	0.1950s	0.7372	0.7950	0.7960
147
0173	0.5054	0.9056	0.8104	0.7760	0.1944s	0.7365	0.7960	0.7964
148
0174	0.4950	0.8778	0.8099	0.7700	0.1943s	0.7337	0.7960	0.7966
149
0175	0.5127	0.9167	0.8077	0.7700	0.1945s	0.7304	0.7970	0.7972
150
0176	0.5056	0.8778	0.8023	0.7780	0.1945s	0.7265	0.8020	0.8015
151
0177	0.5380	0.8611	0.7971	0.7760	0.1941s	0.7251	0.7990	0.7986
152
0178	0.5606	0.8444	0.7931	0.7780	0.1943s	0.7265	0.8040	0.8041
153
0179	0.5088	0.8778	0.7923	0.7780	0.1940s	0.7321	0.7930	0.7935
154
0180	0.4508	0.9111	0.7961	0.7780	0.1936s	0.7398	0.7910	0.7918
155
0181	0.5644	0.8611	0.7989	0.7700	0.1943s	0.7453	0.7880	0.7885
156
0182	0.4725	0.9111	0.8032	0.7640	0.1940s	0.7491	0.7880	0.7879
157
0183	0.4877	0.8778	0.8072	0.7640	0.1945s	0.7512	0.7940	0.7938
158
0184	0.5317	0.8778	0.8093	0.7640	0.1941s	0.7499	0.7900	0.7902
159
0185	0.4738	0.8556	0.8090	0.7660	0.1946s	0.7440	0.7950	0.7952
160
0186	0.4809	0.8833	0.8073	0.7660	0.1926s	0.7361	0.7970	0.7967
161
0187	0.4693	0.8944	0.8042	0.7720	0.1970s	0.7268	0.8040	0.8032
162
0188	0.5314	0.8278	0.8091	0.7760	0.1929s	0.7232	0.8010	0.8001
163
0189	0.4939	0.9278	0.8151	0.7780	0.1964s	0.7227	0.7980	0.7972
164
0190	0.5076	0.9000	0.8195	0.7760	0.1944s	0.7245	0.7930	0.7920
165
0191	0.5462	0.8722	0.8190	0.7760	0.1942s	0.7268	0.7960	0.7953
166
0192	0.5915	0.8667	0.8162	0.7740	0.1940s	0.7266	0.7960	0.7951
167
0193	0.5286	0.8389	0.8086	0.7740	0.1945s	0.7270	0.7980	0.7968
168
0194	0.5110	0.8722	0.8014	0.7740	0.1946s	0.7287	0.7960	0.7943
169
0195	0.4847	0.8944	0.7955	0.7740	0.1926s	0.7300	0.7980	0.7958
170
0196	0.4628	0.8889	0.7940	0.7700	0.1943s	0.7298	0.7990	0.7965
171
0197	0.4814	0.8833	0.8014	0.7780	0.1942s	0.7313	0.7990	0.7969
172
0198	0.4479	0.9056	0.8130	0.7800	0.1927s	0.7360	0.8000	0.7987
173
0199	0.4648	0.8889	0.8259	0.7780	0.1941s	0.7427	0.7940	0.7932
174
0200	0.5082	0.8722	0.8283	0.7740	0.1943s	0.7422	0.7980	0.7972
175
0201	0.5151	0.9056	0.8253	0.7760	0.1945s	0.7399	0.7990	0.7980
176
0202	0.4957	0.8556	0.8199	0.7740	0.1944s	0.7382	0.8010	0.8003
177
0203	0.5134	0.8778	0.8151	0.7780	0.1949s	0.7388	0.8030	0.8026
178
0204	0.5100	0.9222	0.8118	0.7700	0.1942s	0.7443	0.7990	0.7987
179
0205	0.4893	0.8500	0.8097	0.7660	0.1945s	0.7511	0.7990	0.7980
180
0206	0.4536	0.8944	0.8079	0.7640	0.1942s	0.7559	0.8000	0.7987
181
0207	0.5281	0.8611	0.8052	0.7640	0.1941s	0.7574	0.7960	0.7943
182
0208	0.4728	0.8500	0.7999	0.7680	0.1960s	0.7524	0.7950	0.7937
183
0209	0.4630	0.8833	0.7972	0.7760	0.1944s	0.7461	0.7960	0.7949
184
0210	0.4504	0.8889	0.7955	0.7780	0.1942s	0.7408	0.8000	0.7993
185
0211	0.4716	0.9056	0.7960	0.7760	0.1943s	0.7374	0.8020	0.8017
186
0212	0.5011	0.8722	0.7965	0.7720	0.1926s	0.7372	0.8030	0.8030
187
0213	0.4600	0.8778	0.7959	0.7680	0.1945s	0.7380	0.8010	0.8016
188
0214	0.5316	0.8722	0.7940	0.7700	0.1925s	0.7367	0.8010	0.8018
189
0215	0.5016	0.8444	0.7893	0.7660	0.1943s	0.7342	0.8000	0.8001
190
0216	0.5388	0.8556	0.7839	0.7700	0.1938s	0.7326	0.8010	0.7999
191
0217	0.3921	0.9222	0.7819	0.7760	0.1939s	0.7357	0.8000	0.7989
192
0218	0.5022	0.8667	0.7826	0.7760	0.1945s	0.7423	0.7950	0.7937
193
0219	0.4852	0.8778	0.7813	0.7720	0.1924s	0.7486	0.7980	0.7972
194
0220	0.5641	0.8556	0.7773	0.7740	0.1924s	0.7535	0.7950	0.7950
195
0221	0.4809	0.8833	0.7782	0.7760	0.1941s	0.7582	0.7950	0.7955
196
0222	0.5797	0.8944	0.7770	0.7740	0.1940s	0.7575	0.7940	0.7947
197
0223	0.4780	0.8333	0.7771	0.7740	0.1940s	0.7565	0.7940	0.7950
198
0224	0.5087	0.8611	0.7793	0.7700	0.1953s	0.7549	0.7940	0.7948
199
Early stop! Min loss:0.6469689011573792,  Max accuracy:0.8180000000000001
Early stop model validation loss:0.6469689011573792,  accuracy:0.798
Optimization Finished!
Total time elapsed: 44.2297s
test max acc:0.8400
Loading 23th epoch
stru_node_to_hop attention:tensor([[0.3333, 0.3333, 0.3333],
        [0.3332, 0.3334, 0.3334],
        [0.3330, 0.3335, 0.3335],
        [0.3332, 0.3335, 0.3333],
        [0.3329, 0.3336, 0.3335],
        [0.3333, 0.3334, 0.3334],
        [0.3334, 0.3332, 0.3333],
        [0.3332, 0.3333, 0.3334],
        [0.3332, 0.3335, 0.3333],
        [0.3332, 0.3334, 0.3334],
        [0.3333, 0.3333, 0.3334],
        [0.3333, 0.3333, 0.3334],
        [0.3333, 0.3334, 0.3333],
        [0.3332, 0.3334, 0.3334],
        [0.3332, 0.3334, 0.3334],
        [0.3333, 0.3333, 0.3333],
        [0.3334, 0.3333, 0.3333],
        [0.3331, 0.3336, 0.3333],
        [0.3349, 0.3586, 0.3065],
        [0.3331, 0.3334, 0.3335],
        [0.3331, 0.3335, 0.3334],
        [0.3332, 0.3334, 0.3334],
        [0.3330, 0.3335, 0.3335],
        [0.3333, 0.3333, 0.3334],
        [0.3332, 0.3334, 0.3334],
        [0.3332, 0.3335, 0.3333],
        [0.3333, 0.3333, 0.3334],
        [0.3331, 0.3335, 0.3334],
        [0.3330, 0.3336, 0.3335],
        [0.3330, 0.3336, 0.3335],
        [0.3334, 0.3333, 0.3333],
        [0.3334, 0.3333, 0.3333],
        [0.3331, 0.3334, 0.3335],
        [0.3330, 0.3336, 0.3334],
        [0.3331, 0.3335, 0.3334],
        [0.3332, 0.3333, 0.3335],
        [0.3334, 0.3332, 0.3334],
        [0.3334, 0.3333, 0.3333],
        [0.3332, 0.3335, 0.3333],
        [0.3332, 0.3334, 0.3334],
        [0.3334, 0.3333, 0.3333],
        [0.3332, 0.3333, 0.3334],
        [0.3332, 0.3334, 0.3335],
        [0.3328, 0.3336, 0.3336],
        [0.3332, 0.3334, 0.3334],
        [0.3330, 0.3335, 0.3335],
        [0.3332, 0.3334, 0.3333],
        [0.3333, 0.3333, 0.3333],
        [0.3332, 0.3335, 0.3333],
        [0.3332, 0.3334, 0.3333],
        [0.3332, 0.3334, 0.3334],
        [0.3332, 0.3334, 0.3334],
        [0.3333, 0.3334, 0.3334],
        [0.3331, 0.3335, 0.3334],
        [0.3334, 0.3333, 0.3333],
        [0.3332, 0.3334, 0.3334],
        [0.3331, 0.3334, 0.3335],
        [0.3333, 0.3334, 0.3333],
        [0.3333, 0.3333, 0.3334],
        [0.3334, 0.3333, 0.3333],
        [0.3332, 0.3335, 0.3333],
        [0.3331, 0.3335, 0.3334],
        [0.3333, 0.3333, 0.3334],
        [0.3332, 0.3334, 0.3334],
        [0.3334, 0.3333, 0.3333],
        [0.3332, 0.3334, 0.3334],
        [0.3330, 0.3335, 0.3335],
        [0.3331, 0.3335, 0.3334],
        [0.3327, 0.3337, 0.3336],
        [0.3332, 0.3334, 0.3334],
        [0.3331, 0.3335, 0.3334],
        [0.3335, 0.3332, 0.3333],
        [0.3330, 0.3336, 0.3334],
        [0.3332, 0.3334, 0.3334],
        [0.3332, 0.3334, 0.3334],
        [0.3333, 0.3334, 0.3333],
        [0.3331, 0.3335, 0.3334],
        [0.3332, 0.3334, 0.3334],
        [0.3332, 0.3334, 0.3334],
        [0.3333, 0.3333, 0.3334],
        [0.3331, 0.3334, 0.3335],
        [0.3333, 0.3334, 0.3334],
        [0.3332, 0.3334, 0.3334],
        [0.3334, 0.3333, 0.3333],
        [0.3334, 0.3332, 0.3333],
        [0.3333, 0.3334, 0.3334],
        [0.3333, 0.3333, 0.3334],
        [0.3332, 0.3334, 0.3334],
        [0.3331, 0.3335, 0.3335],
        [0.3334, 0.3333, 0.3333],
        [0.3332, 0.3334, 0.3334],
        [0.3332, 0.3334, 0.3334],
        [0.3330, 0.3335, 0.3335],
        [0.3334, 0.3333, 0.3334],
        [0.3333, 0.3333, 0.3333],
        [0.3332, 0.3334, 0.3334],
        [0.3333, 0.3333, 0.3333],
        [0.2782, 0.4019, 0.3199],
        [0.3330, 0.3335, 0.3335],
        [0.3332, 0.3335, 0.3334]], device='cuda:1')
fea_node_to_hop attention:tensor([[0.1429, 0.1428, 0.1428, 0.1429, 0.1429, 0.1429, 0.1429],
        [0.1429, 0.1429, 0.1428, 0.1429, 0.1428, 0.1429, 0.1429],
        [0.1429, 0.1429, 0.1427, 0.1429, 0.1428, 0.1429, 0.1429],
        [0.1428, 0.1428, 0.1428, 0.1429, 0.1429, 0.1429, 0.1429],
        [0.1428, 0.1429, 0.1428, 0.1429, 0.1428, 0.1429, 0.1429],
        [0.1428, 0.1429, 0.1428, 0.1429, 0.1428, 0.1429, 0.1429],
        [0.1429, 0.1429, 0.1427, 0.1429, 0.1428, 0.1429, 0.1429],
        [0.1429, 0.1429, 0.1427, 0.1429, 0.1428, 0.1429, 0.1429],
        [0.1429, 0.1428, 0.1428, 0.1429, 0.1429, 0.1429, 0.1429],
        [0.1428, 0.1428, 0.1428, 0.1429, 0.1429, 0.1429, 0.1429],
        [0.1429, 0.1428, 0.1428, 0.1429, 0.1429, 0.1429, 0.1429],
        [0.1429, 0.1428, 0.1428, 0.1428, 0.1429, 0.1429, 0.1429],
        [0.1428, 0.1428, 0.1428, 0.1429, 0.1429, 0.1429, 0.1429],
        [0.1429, 0.1427, 0.1428, 0.1429, 0.1429, 0.1429, 0.1429],
        [0.1427, 0.1428, 0.1429, 0.1429, 0.1429, 0.1429, 0.1429],
        [0.1429, 0.1428, 0.1428, 0.1429, 0.1429, 0.1429, 0.1429],
        [0.1429, 0.1428, 0.1428, 0.1429, 0.1429, 0.1429, 0.1429],
        [0.1428, 0.1428, 0.1429, 0.1429, 0.1429, 0.1429, 0.1429],
        [0.1391, 0.1302, 0.1468, 0.1474, 0.1475, 0.1456, 0.1435],
        [0.1430, 0.1427, 0.1428, 0.1428, 0.1429, 0.1429, 0.1429],
        [0.1428, 0.1428, 0.1428, 0.1429, 0.1429, 0.1429, 0.1429],
        [0.1428, 0.1428, 0.1428, 0.1429, 0.1429, 0.1429, 0.1429],
        [0.1429, 0.1427, 0.1428, 0.1429, 0.1429, 0.1429, 0.1429],
        [0.1428, 0.1428, 0.1429, 0.1429, 0.1429, 0.1429, 0.1429],
        [0.1428, 0.1428, 0.1428, 0.1429, 0.1429, 0.1429, 0.1429],
        [0.1429, 0.1428, 0.1428, 0.1428, 0.1429, 0.1429, 0.1429],
        [0.1427, 0.1428, 0.1428, 0.1429, 0.1429, 0.1429, 0.1429],
        [0.1428, 0.1428, 0.1429, 0.1429, 0.1429, 0.1429, 0.1429],
        [0.1428, 0.1428, 0.1428, 0.1429, 0.1429, 0.1429, 0.1429],
        [0.1425, 0.1428, 0.1429, 0.1429, 0.1429, 0.1430, 0.1430],
        [0.1429, 0.1428, 0.1428, 0.1429, 0.1429, 0.1429, 0.1429],
        [0.1428, 0.1428, 0.1428, 0.1429, 0.1429, 0.1429, 0.1429],
        [0.1429, 0.1427, 0.1428, 0.1428, 0.1429, 0.1429, 0.1429],
        [0.1428, 0.1428, 0.1429, 0.1429, 0.1429, 0.1429, 0.1429],
        [0.1429, 0.1428, 0.1428, 0.1429, 0.1429, 0.1429, 0.1429],
        [0.1428, 0.1428, 0.1428, 0.1429, 0.1429, 0.1429, 0.1429],
        [0.1425, 0.1428, 0.1429, 0.1429, 0.1429, 0.1429, 0.1430],
        [0.1428, 0.1428, 0.1428, 0.1429, 0.1429, 0.1429, 0.1429],
        [0.1428, 0.1428, 0.1428, 0.1429, 0.1429, 0.1429, 0.1429],
        [0.1429, 0.1428, 0.1428, 0.1428, 0.1429, 0.1429, 0.1429],
        [0.1428, 0.1427, 0.1429, 0.1429, 0.1429, 0.1429, 0.1429],
        [0.1428, 0.1427, 0.1428, 0.1429, 0.1429, 0.1429, 0.1429],
        [0.1429, 0.1428, 0.1428, 0.1428, 0.1429, 0.1429, 0.1429],
        [0.1429, 0.1428, 0.1428, 0.1429, 0.1429, 0.1429, 0.1429],
        [0.1428, 0.1428, 0.1428, 0.1429, 0.1429, 0.1429, 0.1429],
        [0.1428, 0.1428, 0.1429, 0.1429, 0.1429, 0.1429, 0.1429],
        [0.1428, 0.1428, 0.1428, 0.1429, 0.1429, 0.1429, 0.1429],
        [0.1428, 0.1428, 0.1429, 0.1429, 0.1429, 0.1429, 0.1429],
        [0.1428, 0.1428, 0.1428, 0.1429, 0.1429, 0.1429, 0.1429],
        [0.1428, 0.1428, 0.1428, 0.1429, 0.1429, 0.1429, 0.1429],
        [0.1428, 0.1428, 0.1428, 0.1429, 0.1429, 0.1429, 0.1429],
        [0.1429, 0.1428, 0.1428, 0.1428, 0.1429, 0.1429, 0.1429],
        [0.1428, 0.1427, 0.1428, 0.1429, 0.1429, 0.1429, 0.1429],
        [0.1429, 0.1428, 0.1428, 0.1428, 0.1429, 0.1429, 0.1429],
        [0.1427, 0.1428, 0.1428, 0.1429, 0.1429, 0.1429, 0.1430],
        [0.1428, 0.1428, 0.1429, 0.1429, 0.1429, 0.1429, 0.1429],
        [0.1429, 0.1427, 0.1428, 0.1429, 0.1429, 0.1429, 0.1429],
        [0.1427, 0.1428, 0.1428, 0.1429, 0.1429, 0.1429, 0.1429],
        [0.1428, 0.1428, 0.1429, 0.1429, 0.1429, 0.1429, 0.1429],
        [0.1428, 0.1428, 0.1429, 0.1429, 0.1429, 0.1429, 0.1429],
        [0.1429, 0.1428, 0.1428, 0.1428, 0.1429, 0.1429, 0.1429],
        [0.1428, 0.1428, 0.1428, 0.1429, 0.1429, 0.1429, 0.1429],
        [0.1429, 0.1427, 0.1428, 0.1429, 0.1429, 0.1429, 0.1429],
        [0.1428, 0.1428, 0.1429, 0.1429, 0.1429, 0.1429, 0.1429],
        [0.1429, 0.1428, 0.1428, 0.1429, 0.1429, 0.1429, 0.1429],
        [0.1427, 0.1429, 0.1429, 0.1429, 0.1429, 0.1429, 0.1429],
        [0.1428, 0.1428, 0.1429, 0.1429, 0.1429, 0.1429, 0.1429],
        [0.1429, 0.1427, 0.1428, 0.1428, 0.1429, 0.1429, 0.1429],
        [0.1427, 0.1428, 0.1428, 0.1429, 0.1429, 0.1429, 0.1429],
        [0.1428, 0.1428, 0.1428, 0.1429, 0.1429, 0.1429, 0.1429],
        [0.1428, 0.1428, 0.1428, 0.1429, 0.1429, 0.1429, 0.1429],
        [0.1428, 0.1428, 0.1428, 0.1429, 0.1429, 0.1429, 0.1429],
        [0.1427, 0.1427, 0.1428, 0.1429, 0.1429, 0.1429, 0.1429],
        [0.1429, 0.1428, 0.1428, 0.1429, 0.1429, 0.1429, 0.1429],
        [0.1428, 0.1428, 0.1428, 0.1429, 0.1429, 0.1429, 0.1429],
        [0.1429, 0.1428, 0.1428, 0.1428, 0.1429, 0.1429, 0.1429],
        [0.1429, 0.1428, 0.1428, 0.1429, 0.1429, 0.1429, 0.1429],
        [0.1428, 0.1427, 0.1429, 0.1429, 0.1429, 0.1429, 0.1429],
        [0.1428, 0.1429, 0.1428, 0.1428, 0.1429, 0.1429, 0.1429],
        [0.1429, 0.1428, 0.1428, 0.1428, 0.1429, 0.1429, 0.1429],
        [0.1428, 0.1429, 0.1428, 0.1429, 0.1429, 0.1429, 0.1429],
        [0.1428, 0.1428, 0.1429, 0.1429, 0.1429, 0.1429, 0.1429],
        [0.1428, 0.1428, 0.1429, 0.1429, 0.1429, 0.1429, 0.1429],
        [0.1428, 0.1428, 0.1429, 0.1429, 0.1429, 0.1429, 0.1429],
        [0.1428, 0.1428, 0.1428, 0.1429, 0.1429, 0.1429, 0.1429],
        [0.1428, 0.1429, 0.1429, 0.1429, 0.1429, 0.1429, 0.1429],
        [0.1429, 0.1428, 0.1428, 0.1429, 0.1429, 0.1429, 0.1429],
        [0.1428, 0.1428, 0.1429, 0.1429, 0.1429, 0.1429, 0.1429],
        [0.1429, 0.1428, 0.1429, 0.1429, 0.1429, 0.1429, 0.1429],
        [0.1428, 0.1428, 0.1429, 0.1429, 0.1429, 0.1429, 0.1429],
        [0.1427, 0.1427, 0.1429, 0.1429, 0.1429, 0.1429, 0.1430],
        [0.1429, 0.1428, 0.1428, 0.1429, 0.1429, 0.1429, 0.1429],
        [0.1430, 0.1428, 0.1428, 0.1428, 0.1428, 0.1429, 0.1429],
        [0.1429, 0.1428, 0.1428, 0.1428, 0.1429, 0.1429, 0.1429],
        [0.1429, 0.1428, 0.1428, 0.1428, 0.1429, 0.1429, 0.1429],
        [0.1428, 0.1428, 0.1429, 0.1429, 0.1429, 0.1429, 0.1429],
        [0.1429, 0.1426, 0.1428, 0.1429, 0.1429, 0.1429, 0.1429],
        [0.1283, 0.1386, 0.1480, 0.1512, 0.1491, 0.1442, 0.1406],
        [0.1427, 0.1428, 0.1429, 0.1429, 0.1429, 0.1429, 0.1429],
        [0.1428, 0.1428, 0.1428, 0.1429, 0.1429, 0.1429, 0.1429]],
       device='cuda:1')
perception attention:tensor([0.3891, 0.6109], device='cuda:1')
Test set results: loss= 0.6087 accuracy= 0.8150 F1_score= 0.8168
