# epoch	loss_train	acc_train	loss_val	acc_val	time	acc_test	f1_test
0001	2.2002	0.1222	2.1410	0.4400	0.2054s	2.1431	0.4280	0.3842
0
0002	2.1461	0.2611	2.0659	0.4300	0.2038s	2.0734	0.4320	0.4521
0
0003	2.0863	0.2500	1.9838	0.5400	0.2061s	1.9945	0.5580	0.5430
0
0004	2.0184	0.3778	1.8938	0.6560	0.2063s	1.9034	0.6890	0.6692
0
0005	1.9206	0.4333	1.7926	0.7380	0.2062s	1.8005	0.7510	0.7354
0
0006	1.8593	0.5611	1.6833	0.7580	0.2068s	1.6878	0.7920	0.7829
0
0007	1.7437	0.6111	1.5679	0.7840	0.2062s	1.5685	0.8060	0.8003
0
0008	1.6590	0.6389	1.4523	0.7940	0.2087s	1.4494	0.8110	0.8105
0
0009	1.5431	0.7000	1.3411	0.7900	0.2057s	1.3360	0.7980	0.8006
0
0010	1.4673	0.7389	1.2342	0.7840	0.2065s	1.2280	0.8030	0.8065
0
0011	1.3988	0.7444	1.1335	0.7840	0.2067s	1.1276	0.7990	0.8036
0
0012	1.3446	0.8056	1.0446	0.7860	0.2063s	1.0393	0.7960	0.8014
0
0013	1.2123	0.7611	0.9686	0.7820	0.2066s	0.9631	0.7980	0.8024
0
0014	1.1688	0.7722	0.9034	0.7780	0.2070s	0.8986	0.8030	0.8055
0
0015	1.0965	0.8389	0.8492	0.7840	0.2063s	0.8439	0.7940	0.7967
0
0016	1.0426	0.8000	0.8046	0.7780	0.2069s	0.7980	0.7960	0.7976
0
0017	0.9911	0.7944	0.7681	0.7840	0.1991s	0.7602	0.7960	0.7987
0
0018	1.0117	0.7944	0.7349	0.7860	0.1989s	0.7250	0.8040	0.8056
0
0019	0.9020	0.8111	0.7060	0.7920	0.2008s	0.6953	0.8190	0.8210
0
0020	0.9219	0.8111	0.6832	0.8000	0.2026s	0.6713	0.8300	0.8309
0
0021	0.8505	0.8111	0.6659	0.8100	0.2041s	0.6523	0.8290	0.8303
0
0022	0.8308	0.7889	0.6542	0.8020	0.2042s	0.6385	0.8260	0.8290
0
0023	0.8461	0.8444	0.6476	0.7940	0.2066s	0.6283	0.8180	0.8221
0
0024	0.8166	0.7778	0.6438	0.7900	0.2048s	0.6231	0.8150	0.8206
0
0025	0.7703	0.8000	0.6398	0.7820	0.2024s	0.6216	0.8130	0.8172
0
0026	0.7539	0.8056	0.6429	0.7880	0.1927s	0.6271	0.8000	0.8033
0
0027	0.7546	0.8833	0.6480	0.7740	0.1929s	0.6332	0.7930	0.7948
1
0028	0.6858	0.8722	0.6434	0.7840	0.1932s	0.6290	0.8010	0.8011
2
0029	0.6656	0.8111	0.6349	0.7940	0.1926s	0.6198	0.8060	0.8066
3
0030	0.7073	0.8111	0.6328	0.7880	0.1932s	0.6124	0.8150	0.8164
0
0031	0.6303	0.8833	0.6373	0.7840	0.1932s	0.6109	0.8150	0.8169
0
0032	0.6906	0.8167	0.6414	0.7880	0.1920s	0.6106	0.8160	0.8181
1
0033	0.6474	0.8722	0.6440	0.7880	0.1927s	0.6115	0.8150	0.8173
2
0034	0.6372	0.8556	0.6473	0.7880	0.1913s	0.6140	0.8160	0.8178
3
0035	0.6245	0.8000	0.6481	0.7900	0.1929s	0.6194	0.8100	0.8111
4
0036	0.6841	0.8389	0.6469	0.7880	0.1909s	0.6221	0.8070	0.8082
5
0037	0.6005	0.8833	0.6462	0.7840	0.1911s	0.6263	0.8040	0.8056
6
0038	0.5929	0.8556	0.6450	0.7840	0.1912s	0.6289	0.8080	0.8094
7
0039	0.6575	0.8556	0.6484	0.7820	0.1929s	0.6364	0.8020	0.8029
8
0040	0.6169	0.8667	0.6546	0.7740	0.1925s	0.6435	0.7990	0.8001
9
0041	0.5625	0.8778	0.6603	0.7760	0.1924s	0.6491	0.8030	0.8044
10
0042	0.5855	0.8722	0.6655	0.7740	0.1919s	0.6529	0.8000	0.8019
11
0043	0.5555	0.8722	0.6682	0.7780	0.1942s	0.6527	0.7990	0.8015
12
0044	0.5635	0.8833	0.6650	0.7860	0.1934s	0.6474	0.8040	0.8065
13
0045	0.6567	0.8556	0.6609	0.7900	0.1937s	0.6417	0.8060	0.8066
14
0046	0.6066	0.8722	0.6645	0.7880	0.1937s	0.6441	0.8020	0.8023
15
0047	0.5562	0.8889	0.6739	0.7820	0.1938s	0.6518	0.7980	0.7969
16
0048	0.6027	0.8667	0.6826	0.7860	0.1938s	0.6610	0.7930	0.7927
17
0049	0.6925	0.9000	0.6877	0.7880	0.1935s	0.6672	0.7950	0.7958
18
0050	0.5734	0.8611	0.6924	0.7760	0.1936s	0.6748	0.7920	0.7946
19
0051	0.5929	0.8611	0.6985	0.7700	0.1937s	0.6820	0.7920	0.7944
20
0052	0.5850	0.9000	0.7069	0.7700	0.1938s	0.6916	0.7880	0.7902
21
0053	0.5603	0.9000	0.7114	0.7720	0.1939s	0.6979	0.7960	0.7979
22
0054	0.6012	0.8778	0.7142	0.7760	0.1937s	0.7002	0.7960	0.7980
23
0055	0.5765	0.8389	0.7093	0.7760	0.1937s	0.6950	0.7990	0.8003
24
0056	0.5620	0.8611	0.7043	0.7800	0.1940s	0.6885	0.7970	0.7978
25
0057	0.5423	0.8778	0.6979	0.7880	0.1938s	0.6797	0.8040	0.8040
26
0058	0.5288	0.8833	0.6993	0.7860	0.1931s	0.6778	0.8030	0.8031
27
0059	0.5278	0.8833	0.7062	0.7860	0.1938s	0.6796	0.8000	0.8000
28
0060	0.5617	0.8833	0.7163	0.7880	0.1937s	0.6843	0.7950	0.7959
29
0061	0.5855	0.8667	0.7224	0.7880	0.1934s	0.6865	0.7960	0.7975
30
0062	0.5595	0.8333	0.7249	0.7860	0.1934s	0.6872	0.7980	0.7997
31
0063	0.5785	0.8722	0.7239	0.7820	0.1916s	0.6882	0.7960	0.7981
32
0064	0.6043	0.8500	0.7176	0.7840	0.1937s	0.6874	0.8020	0.8035
33
0065	0.5480	0.8444	0.7104	0.7900	0.1934s	0.6869	0.8000	0.8016
34
0066	0.5261	0.8500	0.7071	0.7980	0.1940s	0.6872	0.7980	0.7989
35
0067	0.5853	0.8722	0.7062	0.7960	0.1937s	0.6882	0.7980	0.7981
36
0068	0.5404	0.8889	0.7055	0.7980	0.1939s	0.6886	0.7950	0.7949
37
0069	0.5301	0.8444	0.7053	0.7880	0.1934s	0.6893	0.7990	0.7987
38
0070	0.5734	0.8611	0.7103	0.7840	0.1921s	0.6908	0.7900	0.7901
39
0071	0.5263	0.9111	0.7165	0.7780	0.1932s	0.6918	0.7890	0.7898
40
0072	0.5498	0.8500	0.7204	0.7780	0.1939s	0.6921	0.7890	0.7905
41
0073	0.5654	0.8667	0.7222	0.7760	0.1937s	0.6883	0.7890	0.7910
42
0074	0.5667	0.8833	0.7216	0.7780	0.1938s	0.6828	0.7880	0.7915
43
0075	0.5382	0.8444	0.7191	0.7840	0.1938s	0.6763	0.7930	0.7962
44
0076	0.4904	0.8611	0.7099	0.7840	0.1936s	0.6683	0.7890	0.7922
45
0077	0.4536	0.8611	0.7042	0.7860	0.1933s	0.6669	0.7960	0.7977
46
0078	0.5697	0.8611	0.7044	0.7800	0.1922s	0.6698	0.7970	0.7981
47
0079	0.5825	0.9111	0.7137	0.7680	0.1941s	0.6786	0.7900	0.7917
48
0080	0.5333	0.8500	0.7244	0.7700	0.1937s	0.6887	0.7850	0.7864
49
0081	0.5599	0.8889	0.7369	0.7640	0.1936s	0.6993	0.7840	0.7853
50
0082	0.5358	0.8722	0.7461	0.7620	0.1940s	0.7045	0.7820	0.7835
51
0083	0.5592	0.8500	0.7493	0.7640	0.1933s	0.7023	0.7850	0.7863
52
0084	0.5365	0.8667	0.7557	0.7680	0.1934s	0.6998	0.7900	0.7906
53
0085	0.6110	0.9000	0.7569	0.7700	0.1935s	0.6955	0.7890	0.7892
54
0086	0.4909	0.8722	0.7602	0.7800	0.1920s	0.6947	0.7900	0.7911
55
0087	0.5171	0.8722	0.7604	0.7840	0.1938s	0.6913	0.7930	0.7939
56
0088	0.5679	0.8611	0.7609	0.7760	0.1922s	0.6911	0.7940	0.7940
57
0089	0.5505	0.8889	0.7631	0.7800	0.1928s	0.6930	0.7940	0.7934
58
0090	0.5495	0.8556	0.7675	0.7680	0.1951s	0.6976	0.7960	0.7960
59
0091	0.5066	0.8889	0.7726	0.7720	0.1972s	0.7025	0.7950	0.7957
60
0092	0.5738	0.8889	0.7772	0.7660	0.2020s	0.7097	0.7900	0.7922
61
0093	0.5201	0.9167	0.7802	0.7680	0.2098s	0.7158	0.7870	0.7901
62
0094	0.5032	0.8667	0.7757	0.7680	0.1952s	0.7176	0.7930	0.7954
63
0095	0.5471	0.8889	0.7721	0.7620	0.1927s	0.7179	0.7900	0.7916
64
0096	0.5833	0.8556	0.7685	0.7680	0.1928s	0.7169	0.7890	0.7904
65
0097	0.5145	0.8944	0.7691	0.7700	0.1930s	0.7176	0.7890	0.7889
66
0098	0.5800	0.8500	0.7671	0.7720	0.1913s	0.7145	0.7890	0.7878
67
0099	0.5158	0.8722	0.7658	0.7720	0.1929s	0.7081	0.7890	0.7877
68
0100	0.5739	0.8889	0.7677	0.7740	0.1924s	0.7053	0.7890	0.7885
69
0101	0.5047	0.8722	0.7709	0.7760	0.1929s	0.7042	0.7940	0.7945
70
0102	0.5888	0.8778	0.7768	0.7780	0.1912s	0.7064	0.7970	0.7995
71
0103	0.5024	0.9167	0.7815	0.7760	0.1930s	0.7087	0.7950	0.7981
72
0104	0.5336	0.8333	0.7771	0.7740	0.1930s	0.7051	0.7920	0.7949
73
0105	0.5741	0.8556	0.7682	0.7780	0.1918s	0.7012	0.7940	0.7953
74
0106	0.5879	0.8778	0.7608	0.7780	0.1943s	0.7000	0.7950	0.7947
75
0107	0.5525	0.8722	0.7557	0.7820	0.1928s	0.7026	0.7930	0.7916
76
0108	0.5113	0.8944	0.7510	0.7820	0.1913s	0.7037	0.7880	0.7865
77
0109	0.4861	0.8778	0.7464	0.7760	0.1913s	0.7046	0.7880	0.7877
78
0110	0.5267	0.9000	0.7451	0.7780	0.1927s	0.7073	0.7880	0.7886
79
0111	0.5939	0.8389	0.7450	0.7780	0.1928s	0.7135	0.7880	0.7894
80
0112	0.5423	0.8889	0.7459	0.7760	0.1931s	0.7180	0.7860	0.7862
81
0113	0.5690	0.8500	0.7495	0.7700	0.2247s	0.7222	0.7830	0.7834
82
0114	0.4858	0.8667	0.7519	0.7660	0.2112s	0.7246	0.7810	0.7816
83
0115	0.4782	0.9056	0.7495	0.7720	0.1952s	0.7243	0.7810	0.7816
84
0116	0.5232	0.8944	0.7452	0.7740	0.2011s	0.7231	0.7850	0.7862
85
0117	0.4911	0.8722	0.7411	0.7740	0.2044s	0.7225	0.7820	0.7836
86
0118	0.5753	0.8944	0.7386	0.7760	0.2029s	0.7250	0.7880	0.7900
87
0119	0.5224	0.8889	0.7407	0.7720	0.2060s	0.7278	0.7930	0.7953
88
0120	0.4877	0.8611	0.7472	0.7740	0.2047s	0.7301	0.7930	0.7946
89
0121	0.5523	0.8722	0.7563	0.7800	0.2064s	0.7348	0.7920	0.7918
90
0122	0.5111	0.8667	0.7662	0.7800	0.2068s	0.7407	0.7820	0.7816
91
0123	0.4966	0.9056	0.7761	0.7740	0.2047s	0.7478	0.7840	0.7829
92
0124	0.5198	0.8833	0.7879	0.7720	0.2040s	0.7561	0.7810	0.7806
93
0125	0.5173	0.8500	0.7863	0.7680	0.2066s	0.7536	0.7810	0.7808
94
0126	0.5226	0.8722	0.7732	0.7740	0.2042s	0.7432	0.7850	0.7854
95
0127	0.5251	0.8500	0.7576	0.7740	0.2062s	0.7319	0.7900	0.7913
96
0128	0.5319	0.9000	0.7486	0.7740	0.2063s	0.7257	0.7940	0.7958
97
0129	0.6071	0.8778	0.7460	0.7680	0.2063s	0.7245	0.7940	0.7957
98
0130	0.4937	0.8889	0.7468	0.7740	0.2045s	0.7256	0.7940	0.7951
99
0131	0.6599	0.9222	0.7544	0.7700	0.2073s	0.7297	0.7900	0.7902
100
0132	0.5559	0.8722	0.7698	0.7660	0.2045s	0.7375	0.7840	0.7840
101
0133	0.5403	0.8833	0.7804	0.7660	0.2063s	0.7442	0.7860	0.7861
102
0134	0.5309	0.8333	0.7876	0.7700	0.2066s	0.7450	0.7840	0.7841
103
0135	0.4816	0.8667	0.7859	0.7760	0.2043s	0.7397	0.7870	0.7873
104
0136	0.5020	0.8611	0.7870	0.7620	0.2067s	0.7353	0.7910	0.7927
105
0137	0.4323	0.9111	0.7875	0.7680	0.2059s	0.7317	0.7900	0.7933
106
0138	0.5327	0.8611	0.7801	0.7720	0.2063s	0.7237	0.7940	0.7982
107
0139	0.4944	0.8889	0.7751	0.7760	0.2067s	0.7175	0.7940	0.7983
108
0140	0.4951	0.8556	0.7752	0.7700	0.2066s	0.7150	0.7920	0.7967
109
0141	0.5235	0.8833	0.7774	0.7740	0.2065s	0.7161	0.7930	0.7972
110
0142	0.5050	0.8722	0.7809	0.7740	0.2070s	0.7189	0.7940	0.7979
111
0143	0.4627	0.9167	0.7845	0.7700	0.2062s	0.7233	0.7910	0.7937
112
0144	0.4767	0.8833	0.7864	0.7720	0.2069s	0.7262	0.7880	0.7898
113
0145	0.5534	0.9056	0.7857	0.7760	0.2071s	0.7259	0.7870	0.7876
114
0146	0.5423	0.8556	0.7788	0.7760	0.2039s	0.7216	0.7930	0.7931
115
0147	0.5531	0.8444	0.7731	0.7760	0.2064s	0.7151	0.7910	0.7910
116
0148	0.5693	0.8944	0.7708	0.7760	0.2045s	0.7129	0.7930	0.7933
117
0149	0.5387	0.9111	0.7689	0.7760	0.2068s	0.7116	0.7940	0.7948
118
0150	0.5420	0.8889	0.7678	0.7760	0.2065s	0.7124	0.7950	0.7965
119
0151	0.4922	0.9167	0.7687	0.7740	0.2062s	0.7138	0.7950	0.7970
120
0152	0.4492	0.9167	0.7695	0.7700	0.2061s	0.7158	0.7950	0.7967
121
0153	0.4846	0.9056	0.7662	0.7720	0.2067s	0.7169	0.7960	0.7975
122
0154	0.4732	0.8667	0.7641	0.7720	0.2065s	0.7190	0.7950	0.7957
123
0155	0.5497	0.8667	0.7656	0.7720	0.2063s	0.7202	0.7920	0.7924
124
0156	0.5124	0.8667	0.7677	0.7740	0.2068s	0.7203	0.7940	0.7940
125
0157	0.5895	0.8833	0.7697	0.7780	0.2068s	0.7171	0.7910	0.7909
126
0158	0.5466	0.8667	0.7759	0.7740	0.2061s	0.7203	0.7900	0.7899
127
0159	0.5182	0.8500	0.7843	0.7780	0.2047s	0.7234	0.7950	0.7961
128
0160	0.5348	0.9000	0.7960	0.7740	0.2064s	0.7289	0.7960	0.7975
129
0161	0.5904	0.8333	0.8044	0.7800	0.2065s	0.7329	0.7940	0.7955
130
0162	0.5207	0.8722	0.8093	0.7760	0.2068s	0.7342	0.7910	0.7920
131
0163	0.5229	0.8722	0.8136	0.7780	0.2065s	0.7361	0.7880	0.7882
132
0164	0.4514	0.8889	0.8153	0.7760	0.2044s	0.7384	0.7880	0.7880
133
0165	0.5752	0.8722	0.8117	0.7780	0.2064s	0.7384	0.7910	0.7906
134
0166	0.4758	0.9222	0.8048	0.7740	0.2042s	0.7368	0.7930	0.7926
135
0167	0.4116	0.9111	0.8034	0.7720	0.2063s	0.7385	0.7960	0.7952
136
0168	0.5252	0.9056	0.8011	0.7700	0.2068s	0.7411	0.7960	0.7955
137
0169	0.5193	0.8944	0.8034	0.7760	0.2057s	0.7463	0.7940	0.7941
138
0170	0.4988	0.8889	0.8044	0.7720	0.1931s	0.7527	0.7920	0.7929
139
0171	0.4732	0.8500	0.8085	0.7700	0.1923s	0.7601	0.7900	0.7914
140
0172	0.4930	0.9000	0.8157	0.7640	0.1926s	0.7631	0.7880	0.7899
141
0173	0.5300	0.8667	0.8179	0.7620	0.1923s	0.7621	0.7900	0.7920
142
0174	0.5414	0.8556	0.8227	0.7600	0.1927s	0.7622	0.7910	0.7929
143
0175	0.5198	0.8389	0.8253	0.7640	0.1942s	0.7590	0.7940	0.7953
144
0176	0.4864	0.9056	0.8326	0.7660	0.1904s	0.7589	0.7910	0.7916
145
0177	0.4949	0.8444	0.8346	0.7660	0.1911s	0.7563	0.7930	0.7930
146
0178	0.5580	0.9056	0.8361	0.7720	0.1946s	0.7537	0.7940	0.7936
147
0179	0.5138	0.9000	0.8339	0.7680	0.1926s	0.7510	0.7960	0.7957
148
0180	0.4785	0.8889	0.8309	0.7720	0.1899s	0.7508	0.7940	0.7942
149
0181	0.5269	0.8611	0.8266	0.7760	0.1898s	0.7503	0.7940	0.7945
150
0182	0.5186	0.8778	0.8177	0.7740	0.1961s	0.7470	0.7940	0.7937
151
0183	0.5197	0.8833	0.8074	0.7800	0.1976s	0.7415	0.7970	0.7960
152
0184	0.5792	0.8944	0.8042	0.7780	0.1944s	0.7395	0.8020	0.8011
153
0185	0.5314	0.8722	0.8041	0.7800	0.1903s	0.7398	0.8000	0.7990
154
0186	0.4621	0.8944	0.8072	0.7800	0.1924s	0.7425	0.7950	0.7940
155
0187	0.5363	0.8944	0.8175	0.7740	0.1937s	0.7520	0.7920	0.7916
156
0188	0.4527	0.8667	0.8274	0.7680	0.1926s	0.7610	0.7910	0.7912
157
0189	0.4837	0.8278	0.8277	0.7720	0.1939s	0.7644	0.7880	0.7883
158
0190	0.4404	0.8778	0.8203	0.7700	0.1942s	0.7615	0.7840	0.7843
159
0191	0.4903	0.8833	0.8087	0.7680	0.1943s	0.7554	0.7860	0.7866
160
0192	0.4559	0.8667	0.7940	0.7720	0.1941s	0.7475	0.7860	0.7865
161
0193	0.4829	0.9056	0.7868	0.7720	0.1922s	0.7424	0.7900	0.7898
162
0194	0.5626	0.8778	0.7847	0.7740	0.1946s	0.7391	0.7930	0.7926
163
0195	0.5007	0.9000	0.7879	0.7720	0.1953s	0.7384	0.7940	0.7940
164
0196	0.5516	0.8889	0.7939	0.7740	0.1921s	0.7398	0.7930	0.7930
165
0197	0.5159	0.8611	0.8028	0.7740	0.1940s	0.7423	0.7910	0.7914
166
0198	0.5715	0.9056	0.8150	0.7740	0.1922s	0.7474	0.7900	0.7909
167
0199	0.4803	0.9222	0.8243	0.7720	0.1942s	0.7504	0.7890	0.7905
168
0200	0.5382	0.8778	0.8261	0.7740	0.1951s	0.7506	0.7900	0.7920
169
0201	0.5222	0.8667	0.8217	0.7740	0.1903s	0.7496	0.7880	0.7903
170
0202	0.5142	0.8778	0.8138	0.7720	0.1946s	0.7494	0.7920	0.7940
171
0203	0.4680	0.8944	0.8109	0.7760	0.1949s	0.7513	0.7940	0.7962
172
0204	0.4858	0.8944	0.8071	0.7840	0.1938s	0.7527	0.7930	0.7948
173
0205	0.5413	0.8722	0.8091	0.7840	0.1942s	0.7535	0.7940	0.7954
174
0206	0.4542	0.8944	0.8110	0.7820	0.1946s	0.7531	0.7900	0.7916
175
0207	0.5659	0.8500	0.8125	0.7840	0.1904s	0.7501	0.7900	0.7912
176
0208	0.5237	0.8889	0.8156	0.7760	0.1944s	0.7491	0.7890	0.7903
177
0209	0.4924	0.9111	0.8203	0.7700	0.1936s	0.7496	0.7900	0.7912
178
0210	0.4470	0.8722	0.8203	0.7760	0.1925s	0.7477	0.7870	0.7888
179
0211	0.4803	0.9056	0.8219	0.7760	0.1942s	0.7488	0.7870	0.7888
180
0212	0.5257	0.8611	0.8227	0.7780	0.1939s	0.7500	0.7880	0.7892
181
0213	0.4328	0.9278	0.8258	0.7780	0.1950s	0.7546	0.7930	0.7934
182
0214	0.5372	0.8944	0.8273	0.7760	0.1939s	0.7596	0.7900	0.7900
183
0215	0.5045	0.8611	0.8244	0.7780	0.1927s	0.7618	0.7910	0.7907
184
0216	0.4033	0.9056	0.8199	0.7760	0.1943s	0.7642	0.7900	0.7893
185
0217	0.4925	0.9278	0.8178	0.7740	0.1939s	0.7664	0.7930	0.7927
186
0218	0.5080	0.8611	0.8214	0.7700	0.1944s	0.7688	0.7900	0.7899
187
0219	0.5072	0.8778	0.8259	0.7720	0.1923s	0.7712	0.7900	0.7903
188
0220	0.4571	0.8944	0.8327	0.7740	0.1925s	0.7742	0.7900	0.7906
189
0221	0.5182	0.8778	0.8396	0.7720	0.1941s	0.7779	0.7880	0.7894
190
0222	0.5092	0.8722	0.8453	0.7720	0.1944s	0.7801	0.7880	0.7897
191
0223	0.6116	0.8833	0.8548	0.7700	0.1942s	0.7832	0.7900	0.7917
192
0224	0.5629	0.9000	0.8646	0.7720	0.1940s	0.7886	0.7860	0.7877
193
0225	0.4564	0.8944	0.8725	0.7680	0.1928s	0.7954	0.7810	0.7826
194
0226	0.5580	0.8889	0.8698	0.7680	0.1924s	0.7935	0.7810	0.7816
195
0227	0.5067	0.9167	0.8586	0.7640	0.1946s	0.7837	0.7860	0.7860
196
0228	0.5624	0.8722	0.8485	0.7720	0.1938s	0.7755	0.7920	0.7918
197
0229	0.4984	0.8722	0.8384	0.7700	0.1937s	0.7695	0.7940	0.7941
198
0230	0.4914	0.8722	0.8311	0.7740	0.1940s	0.7674	0.7920	0.7923
199
Early stop! Min loss:0.6328272819519043,  Max accuracy:0.81
Early stop model validation loss:0.6328272819519043,  accuracy:0.788
Optimization Finished!
Total time elapsed: 46.3478s
test max acc:0.8300
Loading 29th epoch
stru_node_to_hop attention:tensor([[0.3333, 0.3335, 0.3332],
        [0.3334, 0.3333, 0.3334],
        [0.3331, 0.3335, 0.3334],
        [0.3332, 0.3336, 0.3333],
        [0.3331, 0.3334, 0.3335],
        [0.3335, 0.3332, 0.3333],
        [0.3332, 0.3334, 0.3335],
        [0.3335, 0.3331, 0.3334],
        [0.3331, 0.3336, 0.3333],
        [0.3333, 0.3333, 0.3334],
        [0.3335, 0.3331, 0.3333],
        [0.3333, 0.3334, 0.3333],
        [0.3331, 0.3335, 0.3335],
        [0.3332, 0.3334, 0.3334],
        [0.3333, 0.3334, 0.3333],
        [0.3333, 0.3333, 0.3334],
        [0.3335, 0.3332, 0.3333],
        [0.3332, 0.3334, 0.3334],
        [0.3326, 0.3854, 0.2820],
        [0.3331, 0.3334, 0.3335],
        [0.3331, 0.3335, 0.3334],
        [0.3333, 0.3334, 0.3333],
        [0.3331, 0.3335, 0.3334],
        [0.3332, 0.3334, 0.3334],
        [0.3329, 0.3335, 0.3335],
        [0.3331, 0.3337, 0.3332],
        [0.3332, 0.3334, 0.3334],
        [0.3329, 0.3337, 0.3334],
        [0.3331, 0.3336, 0.3334],
        [0.3331, 0.3335, 0.3334],
        [0.3335, 0.3332, 0.3333],
        [0.3333, 0.3334, 0.3333],
        [0.3330, 0.3335, 0.3335],
        [0.3329, 0.3337, 0.3334],
        [0.3333, 0.3333, 0.3333],
        [0.3332, 0.3333, 0.3335],
        [0.3332, 0.3332, 0.3335],
        [0.3332, 0.3333, 0.3334],
        [0.3332, 0.3335, 0.3333],
        [0.3330, 0.3335, 0.3335],
        [0.3333, 0.3334, 0.3333],
        [0.3332, 0.3334, 0.3334],
        [0.3333, 0.3334, 0.3333],
        [0.3334, 0.3333, 0.3334],
        [0.3331, 0.3335, 0.3334],
        [0.3334, 0.3333, 0.3333],
        [0.3332, 0.3335, 0.3333],
        [0.3335, 0.3333, 0.3333],
        [0.3330, 0.3336, 0.3333],
        [0.3332, 0.3336, 0.3333],
        [0.3333, 0.3334, 0.3333],
        [0.3334, 0.3332, 0.3334],
        [0.3329, 0.3336, 0.3334],
        [0.3326, 0.3339, 0.3334],
        [0.3333, 0.3335, 0.3333],
        [0.3333, 0.3333, 0.3333],
        [0.3331, 0.3334, 0.3335],
        [0.3332, 0.3334, 0.3334],
        [0.3333, 0.3333, 0.3334],
        [0.3332, 0.3334, 0.3334],
        [0.3330, 0.3336, 0.3334],
        [0.3331, 0.3335, 0.3334],
        [0.3333, 0.3333, 0.3334],
        [0.3331, 0.3334, 0.3335],
        [0.3333, 0.3333, 0.3333],
        [0.3332, 0.3334, 0.3334],
        [0.3333, 0.3333, 0.3333],
        [0.3331, 0.3335, 0.3334],
        [0.3331, 0.3335, 0.3334],
        [0.3333, 0.3334, 0.3333],
        [0.3331, 0.3335, 0.3334],
        [0.3335, 0.3332, 0.3333],
        [0.3331, 0.3335, 0.3334],
        [0.3332, 0.3334, 0.3335],
        [0.3330, 0.3336, 0.3334],
        [0.3332, 0.3334, 0.3334],
        [0.3331, 0.3335, 0.3334],
        [0.3336, 0.3331, 0.3333],
        [0.3329, 0.3336, 0.3335],
        [0.3332, 0.3334, 0.3334],
        [0.3330, 0.3334, 0.3335],
        [0.3332, 0.3334, 0.3334],
        [0.3332, 0.3335, 0.3333],
        [0.3333, 0.3334, 0.3333],
        [0.3336, 0.3331, 0.3333],
        [0.3332, 0.3334, 0.3334],
        [0.3332, 0.3334, 0.3334],
        [0.3332, 0.3334, 0.3334],
        [0.3332, 0.3334, 0.3334],
        [0.3334, 0.3333, 0.3334],
        [0.3332, 0.3334, 0.3334],
        [0.3331, 0.3335, 0.3334],
        [0.3328, 0.3336, 0.3336],
        [0.3331, 0.3334, 0.3335],
        [0.3333, 0.3333, 0.3334],
        [0.3331, 0.3335, 0.3335],
        [0.3333, 0.3333, 0.3333],
        [0.2526, 0.4138, 0.3336],
        [0.3329, 0.3335, 0.3336],
        [0.3331, 0.3335, 0.3334]], device='cuda:1')
fea_node_to_hop attention:tensor([[0.1429, 0.1429, 0.1427, 0.1429, 0.1428, 0.1429, 0.1429],
        [0.1428, 0.1429, 0.1427, 0.1429, 0.1428, 0.1429, 0.1429],
        [0.1426, 0.1429, 0.1428, 0.1429, 0.1429, 0.1429, 0.1429],
        [0.1429, 0.1429, 0.1427, 0.1429, 0.1428, 0.1429, 0.1429],
        [0.1429, 0.1429, 0.1427, 0.1429, 0.1428, 0.1429, 0.1429],
        [0.1429, 0.1430, 0.1426, 0.1429, 0.1428, 0.1429, 0.1428],
        [0.1429, 0.1428, 0.1427, 0.1429, 0.1428, 0.1429, 0.1429],
        [0.1429, 0.1429, 0.1427, 0.1429, 0.1428, 0.1429, 0.1429],
        [0.1426, 0.1428, 0.1428, 0.1429, 0.1429, 0.1429, 0.1430],
        [0.1427, 0.1429, 0.1429, 0.1429, 0.1429, 0.1429, 0.1429],
        [0.1429, 0.1428, 0.1428, 0.1429, 0.1429, 0.1429, 0.1429],
        [0.1429, 0.1428, 0.1428, 0.1428, 0.1429, 0.1429, 0.1429],
        [0.1428, 0.1429, 0.1428, 0.1429, 0.1429, 0.1429, 0.1429],
        [0.1429, 0.1427, 0.1428, 0.1429, 0.1429, 0.1429, 0.1429],
        [0.1427, 0.1427, 0.1429, 0.1429, 0.1429, 0.1429, 0.1430],
        [0.1426, 0.1428, 0.1429, 0.1429, 0.1429, 0.1430, 0.1430],
        [0.1428, 0.1427, 0.1428, 0.1429, 0.1429, 0.1429, 0.1429],
        [0.1428, 0.1428, 0.1428, 0.1429, 0.1429, 0.1429, 0.1429],
        [0.1241, 0.1353, 0.1347, 0.1521, 0.1530, 0.1517, 0.1491],
        [0.1429, 0.1428, 0.1428, 0.1428, 0.1429, 0.1429, 0.1429],
        [0.1428, 0.1428, 0.1428, 0.1429, 0.1429, 0.1429, 0.1429],
        [0.1427, 0.1427, 0.1429, 0.1429, 0.1429, 0.1429, 0.1429],
        [0.1427, 0.1428, 0.1429, 0.1429, 0.1429, 0.1429, 0.1429],
        [0.1428, 0.1428, 0.1429, 0.1429, 0.1429, 0.1429, 0.1429],
        [0.1428, 0.1427, 0.1428, 0.1429, 0.1429, 0.1429, 0.1429],
        [0.1428, 0.1428, 0.1428, 0.1429, 0.1429, 0.1429, 0.1429],
        [0.1427, 0.1428, 0.1428, 0.1429, 0.1429, 0.1430, 0.1430],
        [0.1426, 0.1428, 0.1428, 0.1429, 0.1429, 0.1430, 0.1430],
        [0.1429, 0.1428, 0.1428, 0.1428, 0.1429, 0.1429, 0.1429],
        [0.1423, 0.1428, 0.1429, 0.1430, 0.1430, 0.1430, 0.1430],
        [0.1429, 0.1428, 0.1428, 0.1429, 0.1429, 0.1429, 0.1429],
        [0.1428, 0.1428, 0.1428, 0.1429, 0.1429, 0.1429, 0.1429],
        [0.1427, 0.1428, 0.1428, 0.1429, 0.1429, 0.1429, 0.1429],
        [0.1429, 0.1427, 0.1428, 0.1428, 0.1429, 0.1429, 0.1429],
        [0.1428, 0.1428, 0.1428, 0.1429, 0.1429, 0.1429, 0.1429],
        [0.1427, 0.1428, 0.1428, 0.1429, 0.1429, 0.1430, 0.1430],
        [0.1429, 0.1428, 0.1428, 0.1428, 0.1429, 0.1429, 0.1429],
        [0.1429, 0.1427, 0.1428, 0.1429, 0.1429, 0.1429, 0.1429],
        [0.1428, 0.1428, 0.1428, 0.1429, 0.1429, 0.1429, 0.1429],
        [0.1428, 0.1428, 0.1428, 0.1429, 0.1429, 0.1429, 0.1429],
        [0.1428, 0.1428, 0.1429, 0.1429, 0.1429, 0.1429, 0.1429],
        [0.1428, 0.1428, 0.1428, 0.1429, 0.1429, 0.1429, 0.1429],
        [0.1428, 0.1427, 0.1428, 0.1429, 0.1429, 0.1429, 0.1429],
        [0.1428, 0.1428, 0.1428, 0.1429, 0.1429, 0.1429, 0.1429],
        [0.1428, 0.1428, 0.1428, 0.1429, 0.1429, 0.1429, 0.1429],
        [0.1428, 0.1428, 0.1428, 0.1429, 0.1429, 0.1429, 0.1429],
        [0.1428, 0.1428, 0.1428, 0.1429, 0.1429, 0.1429, 0.1429],
        [0.1429, 0.1427, 0.1428, 0.1429, 0.1429, 0.1429, 0.1429],
        [0.1429, 0.1428, 0.1428, 0.1429, 0.1429, 0.1429, 0.1429],
        [0.1427, 0.1428, 0.1429, 0.1429, 0.1429, 0.1429, 0.1429],
        [0.1428, 0.1428, 0.1428, 0.1429, 0.1429, 0.1429, 0.1429],
        [0.1428, 0.1427, 0.1428, 0.1429, 0.1429, 0.1429, 0.1430],
        [0.1425, 0.1429, 0.1428, 0.1429, 0.1429, 0.1430, 0.1430],
        [0.1425, 0.1429, 0.1429, 0.1429, 0.1429, 0.1429, 0.1430],
        [0.1428, 0.1427, 0.1428, 0.1429, 0.1429, 0.1429, 0.1430],
        [0.1429, 0.1428, 0.1428, 0.1429, 0.1429, 0.1429, 0.1429],
        [0.1428, 0.1428, 0.1428, 0.1429, 0.1429, 0.1429, 0.1429],
        [0.1428, 0.1428, 0.1428, 0.1429, 0.1429, 0.1429, 0.1429],
        [0.1429, 0.1428, 0.1428, 0.1429, 0.1429, 0.1429, 0.1429],
        [0.1429, 0.1428, 0.1428, 0.1429, 0.1429, 0.1429, 0.1429],
        [0.1428, 0.1428, 0.1428, 0.1429, 0.1429, 0.1429, 0.1429],
        [0.1429, 0.1428, 0.1428, 0.1429, 0.1429, 0.1429, 0.1429],
        [0.1429, 0.1427, 0.1428, 0.1429, 0.1429, 0.1429, 0.1429],
        [0.1429, 0.1428, 0.1429, 0.1429, 0.1429, 0.1429, 0.1429],
        [0.1428, 0.1428, 0.1428, 0.1429, 0.1429, 0.1429, 0.1429],
        [0.1428, 0.1428, 0.1428, 0.1429, 0.1429, 0.1429, 0.1429],
        [0.1429, 0.1427, 0.1428, 0.1429, 0.1429, 0.1429, 0.1429],
        [0.1429, 0.1428, 0.1428, 0.1428, 0.1429, 0.1429, 0.1429],
        [0.1429, 0.1427, 0.1428, 0.1428, 0.1429, 0.1429, 0.1429],
        [0.1428, 0.1428, 0.1428, 0.1429, 0.1429, 0.1429, 0.1429],
        [0.1428, 0.1428, 0.1428, 0.1429, 0.1429, 0.1429, 0.1429],
        [0.1428, 0.1427, 0.1428, 0.1429, 0.1429, 0.1429, 0.1429],
        [0.1428, 0.1428, 0.1428, 0.1429, 0.1429, 0.1429, 0.1429],
        [0.1429, 0.1427, 0.1428, 0.1429, 0.1429, 0.1429, 0.1429],
        [0.1427, 0.1429, 0.1428, 0.1429, 0.1429, 0.1429, 0.1429],
        [0.1429, 0.1428, 0.1428, 0.1429, 0.1429, 0.1429, 0.1429],
        [0.1427, 0.1428, 0.1429, 0.1429, 0.1429, 0.1429, 0.1429],
        [0.1428, 0.1427, 0.1428, 0.1429, 0.1429, 0.1429, 0.1429],
        [0.1429, 0.1427, 0.1428, 0.1429, 0.1429, 0.1429, 0.1429],
        [0.1429, 0.1429, 0.1428, 0.1428, 0.1428, 0.1429, 0.1429],
        [0.1430, 0.1429, 0.1428, 0.1428, 0.1428, 0.1429, 0.1429],
        [0.1428, 0.1428, 0.1429, 0.1429, 0.1429, 0.1429, 0.1429],
        [0.1428, 0.1428, 0.1428, 0.1429, 0.1429, 0.1429, 0.1429],
        [0.1428, 0.1428, 0.1429, 0.1429, 0.1429, 0.1429, 0.1429],
        [0.1428, 0.1427, 0.1429, 0.1429, 0.1429, 0.1429, 0.1429],
        [0.1427, 0.1428, 0.1428, 0.1429, 0.1429, 0.1429, 0.1429],
        [0.1429, 0.1428, 0.1428, 0.1428, 0.1429, 0.1429, 0.1429],
        [0.1427, 0.1428, 0.1429, 0.1429, 0.1429, 0.1429, 0.1429],
        [0.1429, 0.1426, 0.1428, 0.1429, 0.1429, 0.1429, 0.1429],
        [0.1428, 0.1426, 0.1429, 0.1429, 0.1429, 0.1429, 0.1429],
        [0.1429, 0.1427, 0.1428, 0.1429, 0.1429, 0.1429, 0.1430],
        [0.1429, 0.1428, 0.1428, 0.1428, 0.1429, 0.1429, 0.1429],
        [0.1429, 0.1429, 0.1428, 0.1428, 0.1429, 0.1429, 0.1429],
        [0.1430, 0.1427, 0.1428, 0.1428, 0.1429, 0.1429, 0.1429],
        [0.1430, 0.1428, 0.1428, 0.1428, 0.1429, 0.1429, 0.1429],
        [0.1427, 0.1428, 0.1428, 0.1429, 0.1429, 0.1429, 0.1429],
        [0.1427, 0.1427, 0.1428, 0.1429, 0.1429, 0.1429, 0.1429],
        [0.1313, 0.1353, 0.1401, 0.1498, 0.1496, 0.1479, 0.1459],
        [0.1428, 0.1428, 0.1429, 0.1429, 0.1429, 0.1429, 0.1429],
        [0.1428, 0.1428, 0.1428, 0.1429, 0.1429, 0.1429, 0.1430]],
       device='cuda:1')
perception attention:tensor([0.3662, 0.6338], device='cuda:1')
Test set results: loss= 0.6124 accuracy= 0.8150 F1_score= 0.8164
