# epoch	loss_train	acc_train	loss_val	acc_val	time	acc_test	f1_test
0001	2.1988	0.1222	2.1469	0.4480	0.1814s	2.1480	0.4580	0.4777
0
0002	2.1491	0.3556	2.0790	0.5160	0.1799s	2.0828	0.5340	0.5183
0
0003	2.0790	0.4222	2.0003	0.5840	0.1807s	2.0058	0.6070	0.5690
0
0004	2.0346	0.4944	1.9098	0.6360	0.1793s	1.9150	0.6610	0.6188
0
0005	1.9488	0.5389	1.8095	0.6900	0.1803s	1.8130	0.7120	0.6909
0
0006	1.8362	0.5722	1.7001	0.7480	0.1794s	1.7006	0.7730	0.7619
0
0007	1.7780	0.6333	1.5838	0.7740	0.1793s	1.5794	0.7970	0.7898
0
0008	1.6482	0.6889	1.4634	0.7860	0.1793s	1.4554	0.8130	0.8103
0
0009	1.5673	0.7111	1.3434	0.7980	0.1791s	1.3332	0.8240	0.8228
0
0010	1.4892	0.7278	1.2308	0.8160	0.1792s	1.2189	0.8310	0.8311
0
0011	1.4257	0.7056	1.1299	0.8280	0.1791s	1.1169	0.8310	0.8306
0
0012	1.3036	0.7667	1.0410	0.8260	0.1791s	1.0269	0.8250	0.8258
0
0013	1.2082	0.8222	0.9666	0.8180	0.1788s	0.9514	0.8200	0.8215
0
0014	1.1747	0.7333	0.9037	0.8060	0.1796s	0.8880	0.8130	0.8154
0
0015	1.1233	0.7778	0.8494	0.8000	0.1809s	0.8344	0.8060	0.8102
0
0016	1.0726	0.7722	0.8025	0.8060	0.1813s	0.7891	0.8120	0.8168
0
0017	0.9911	0.8056	0.7608	0.8140	0.1798s	0.7497	0.8220	0.8252
0
0018	1.0049	0.7778	0.7268	0.8180	0.1802s	0.7182	0.8230	0.8252
0
0019	0.9092	0.8000	0.6981	0.8140	0.1807s	0.6923	0.8330	0.8335
0
0020	0.8421	0.8500	0.6730	0.8260	0.1792s	0.6682	0.8330	0.8326
0
0021	0.8234	0.8111	0.6551	0.8280	0.1838s	0.6494	0.8310	0.8310
0
0022	0.8851	0.8111	0.6441	0.8180	0.1879s	0.6362	0.8280	0.8285
0
0023	0.7732	0.8500	0.6410	0.8120	0.1898s	0.6274	0.8290	0.8299
0
0024	0.8012	0.8778	0.6450	0.8020	0.1918s	0.6240	0.8150	0.8185
0
0025	0.7694	0.8444	0.6524	0.7880	0.1915s	0.6239	0.8080	0.8128
1
0026	0.7462	0.8333	0.6619	0.7860	0.1797s	0.6286	0.7960	0.8010
2
0027	0.7809	0.8000	0.6631	0.7860	0.1881s	0.6274	0.7950	0.7998
3
0028	0.7816	0.7944	0.6572	0.7940	0.1917s	0.6212	0.8050	0.8085
4
0029	0.6673	0.8722	0.6507	0.8000	0.1915s	0.6172	0.8080	0.8098
5
0030	0.6934	0.8278	0.6487	0.8000	0.1939s	0.6180	0.8130	0.8136
6
0031	0.6621	0.8778	0.6471	0.8060	0.1891s	0.6188	0.8130	0.8126
7
0032	0.6340	0.8389	0.6491	0.8040	0.1892s	0.6218	0.8090	0.8080
8
0033	0.6719	0.8722	0.6546	0.8020	0.1911s	0.6242	0.8110	0.8098
9
0034	0.7013	0.8611	0.6594	0.7940	0.1967s	0.6249	0.8090	0.8085
10
0035	0.6430	0.8389	0.6631	0.7940	0.1940s	0.6255	0.8070	0.8063
11
0036	0.6125	0.8444	0.6643	0.7940	0.1934s	0.6232	0.8070	0.8065
12
0037	0.6439	0.8944	0.6709	0.7960	0.1936s	0.6222	0.8060	0.8065
13
0038	0.6355	0.8611	0.6783	0.7920	0.1932s	0.6251	0.8070	0.8074
14
0039	0.6618	0.8944	0.6814	0.7980	0.1932s	0.6254	0.8100	0.8114
15
0040	0.5936	0.8667	0.6843	0.8020	0.1931s	0.6262	0.8120	0.8128
16
0041	0.6120	0.9222	0.6894	0.8000	0.1936s	0.6303	0.8050	0.8070
17
0042	0.6707	0.8222	0.6930	0.8020	0.1930s	0.6364	0.8020	0.8039
18
0043	0.6320	0.8778	0.6951	0.7980	0.1934s	0.6416	0.8050	0.8067
19
0044	0.6005	0.8278	0.7001	0.7920	0.1932s	0.6478	0.8070	0.8078
20
0045	0.6302	0.8778	0.7052	0.7920	0.1929s	0.6515	0.8130	0.8127
21
0046	0.6040	0.8444	0.7067	0.7940	0.1919s	0.6490	0.8100	0.8096
22
0047	0.6164	0.8722	0.7026	0.7920	0.1947s	0.6416	0.8120	0.8118
23
0048	0.6338	0.8611	0.6988	0.7960	0.1938s	0.6343	0.8110	0.8103
24
0049	0.5931	0.8444	0.6982	0.7960	0.1953s	0.6339	0.8090	0.8091
25
0050	0.6132	0.8389	0.7013	0.7860	0.1936s	0.6374	0.8080	0.8095
26
0051	0.5984	0.8778	0.7071	0.7800	0.2014s	0.6443	0.7970	0.7997
27
0052	0.6645	0.8389	0.7065	0.7820	0.2086s	0.6478	0.7970	0.8002
28
0053	0.6036	0.8222	0.7026	0.7800	0.2082s	0.6502	0.7900	0.7939
29
0054	0.6055	0.8889	0.6984	0.7820	0.2033s	0.6520	0.7880	0.7918
30
0055	0.5965	0.8333	0.6945	0.7840	0.1959s	0.6537	0.7930	0.7956
31
0056	0.6218	0.8500	0.6900	0.7980	0.1915s	0.6533	0.7980	0.7997
32
0057	0.5216	0.9000	0.6843	0.7980	0.1934s	0.6526	0.8020	0.8030
33
0058	0.6105	0.8444	0.6821	0.7940	0.1983s	0.6551	0.7960	0.7958
34
0059	0.6025	0.8889	0.6844	0.7920	0.1951s	0.6599	0.8030	0.8027
35
0060	0.5632	0.8611	0.6883	0.7840	0.1947s	0.6670	0.7950	0.7953
36
0061	0.5835	0.8889	0.6956	0.7840	0.1931s	0.6763	0.7880	0.7899
37
0062	0.6266	0.8056	0.7044	0.7800	0.1925s	0.6837	0.7890	0.7917
38
0063	0.5962	0.8667	0.7101	0.7760	0.1928s	0.6849	0.7900	0.7933
39
0064	0.6456	0.8500	0.7094	0.7840	0.1950s	0.6817	0.7880	0.7916
40
0065	0.5684	0.8667	0.7058	0.7780	0.1970s	0.6776	0.7970	0.7998
41
0066	0.5404	0.8500	0.7020	0.7800	0.1939s	0.6720	0.8000	0.8016
42
0067	0.5725	0.8556	0.7039	0.7840	0.1932s	0.6720	0.8010	0.8017
43
0068	0.6351	0.8611	0.7108	0.7820	0.1922s	0.6755	0.7980	0.7970
44
0069	0.5161	0.8556	0.7231	0.7920	0.1932s	0.6867	0.7980	0.7970
45
0070	0.6264	0.8278	0.7365	0.7900	0.1921s	0.6989	0.7940	0.7930
46
0071	0.6017	0.9056	0.7451	0.7840	0.1919s	0.7082	0.7890	0.7883
47
0072	0.5643	0.8889	0.7501	0.7760	0.1931s	0.7135	0.7840	0.7846
48
0073	0.5658	0.8889	0.7507	0.7780	0.1917s	0.7162	0.7870	0.7884
49
0074	0.5306	0.9000	0.7532	0.7780	0.1945s	0.7186	0.7910	0.7931
50
0075	0.5088	0.8833	0.7554	0.7700	0.1929s	0.7179	0.7860	0.7885
51
0076	0.5531	0.8722	0.7567	0.7740	0.1915s	0.7131	0.7900	0.7918
52
0077	0.5575	0.9000	0.7584	0.7740	0.1971s	0.7084	0.7920	0.7928
53
0078	0.5345	0.8333	0.7636	0.7740	0.1917s	0.7076	0.7950	0.7948
54
0079	0.5449	0.8944	0.7714	0.7620	0.1910s	0.7105	0.7840	0.7842
55
0080	0.5867	0.8556	0.7752	0.7680	0.1948s	0.7137	0.7850	0.7852
56
0081	0.5365	0.8556	0.7724	0.7660	0.1933s	0.7128	0.7830	0.7836
57
0082	0.5426	0.8778	0.7657	0.7700	0.1938s	0.7083	0.7900	0.7912
58
0083	0.5243	0.8556	0.7634	0.7700	0.1979s	0.7066	0.7870	0.7900
59
0084	0.5331	0.9167	0.7577	0.7720	0.1934s	0.7041	0.7850	0.7881
60
0085	0.5281	0.8722	0.7485	0.7740	0.1942s	0.7002	0.7860	0.7887
61
0086	0.5620	0.8500	0.7407	0.7780	0.1934s	0.6958	0.7870	0.7888
62
0087	0.5519	0.8500	0.7374	0.7840	0.1957s	0.6933	0.7900	0.7901
63
0088	0.5321	0.8889	0.7414	0.7840	0.1934s	0.6945	0.7890	0.7888
64
0089	0.5265	0.8944	0.7451	0.7760	0.1927s	0.6963	0.7930	0.7925
65
0090	0.5439	0.8944	0.7491	0.7740	0.1933s	0.6998	0.7890	0.7891
66
0091	0.5753	0.8889	0.7535	0.7760	0.1902s	0.7049	0.7850	0.7865
67
0092	0.5196	0.9111	0.7560	0.7720	0.1911s	0.7081	0.7830	0.7859
68
0093	0.5474	0.8611	0.7511	0.7720	0.1915s	0.7057	0.7840	0.7868
69
0094	0.5244	0.8722	0.7470	0.7700	0.1931s	0.7022	0.7860	0.7882
70
0095	0.5234	0.9056	0.7450	0.7680	0.1930s	0.6987	0.7840	0.7866
71
0096	0.5232	0.8722	0.7412	0.7740	0.1927s	0.6920	0.7850	0.7869
72
0097	0.5367	0.8778	0.7359	0.7820	0.1932s	0.6852	0.7940	0.7950
73
0098	0.5196	0.8722	0.7300	0.7840	0.1936s	0.6796	0.7970	0.7967
74
0099	0.6075	0.8444	0.7285	0.7820	0.1931s	0.6776	0.7960	0.7955
75
0100	0.5328	0.8833	0.7301	0.7800	0.1930s	0.6761	0.7960	0.7954
76
0101	0.5155	0.8722	0.7348	0.7860	0.1933s	0.6775	0.7980	0.7975
77
0102	0.4822	0.8833	0.7448	0.7780	0.1931s	0.6839	0.7920	0.7917
78
0103	0.5690	0.8667	0.7595	0.7740	0.1947s	0.6955	0.7880	0.7880
79
0104	0.5634	0.8889	0.7697	0.7640	0.1930s	0.7050	0.7870	0.7871
80
0105	0.4931	0.8833	0.7727	0.7680	0.1913s	0.7099	0.7880	0.7879
81
0106	0.5601	0.8889	0.7729	0.7720	0.1914s	0.7119	0.7860	0.7864
82
0107	0.4882	0.9111	0.7695	0.7720	0.1932s	0.7113	0.7840	0.7851
83
0108	0.5510	0.8556	0.7644	0.7740	0.1939s	0.7083	0.7870	0.7880
84
0109	0.5750	0.8944	0.7598	0.7740	0.1933s	0.7043	0.7900	0.7898
85
0110	0.4977	0.8833	0.7593	0.7800	0.1982s	0.7033	0.7960	0.7944
86
0111	0.5417	0.8944	0.7619	0.7820	0.1918s	0.7069	0.7990	0.7967
87
0112	0.5416	0.9056	0.7667	0.7820	0.1917s	0.7107	0.7960	0.7943
88
0113	0.5024	0.8889	0.7745	0.7820	0.1933s	0.7178	0.7890	0.7880
89
0114	0.4832	0.8722	0.7840	0.7740	0.1955s	0.7283	0.7860	0.7860
90
0115	0.5217	0.9278	0.7942	0.7740	0.1927s	0.7370	0.7840	0.7853
91
0116	0.4924	0.8833	0.7967	0.7720	0.1951s	0.7374	0.7820	0.7841
92
0117	0.4899	0.8833	0.7871	0.7800	0.1936s	0.7293	0.7830	0.7843
93
0118	0.4901	0.8833	0.7830	0.7940	0.1914s	0.7235	0.7920	0.7926
94
0119	0.4823	0.9000	0.7821	0.7980	0.1909s	0.7207	0.7970	0.7966
95
0120	0.4832	0.8667	0.7873	0.7920	0.1932s	0.7223	0.7940	0.7938
96
0121	0.5153	0.8722	0.7960	0.7940	0.1931s	0.7296	0.7930	0.7934
97
0122	0.5052	0.8889	0.8071	0.7900	0.1931s	0.7379	0.7880	0.7897
98
0123	0.5186	0.8667	0.8152	0.7800	0.1944s	0.7441	0.7880	0.7900
99
0124	0.4689	0.8889	0.8169	0.7760	0.1908s	0.7467	0.7890	0.7916
100
0125	0.4881	0.8722	0.8152	0.7720	0.1935s	0.7473	0.7860	0.7884
101
0126	0.5058	0.8889	0.8064	0.7860	0.1913s	0.7426	0.7960	0.7974
102
0127	0.5158	0.9333	0.7966	0.7920	0.1915s	0.7380	0.7970	0.7979
103
0128	0.4629	0.9056	0.7901	0.7940	0.1910s	0.7351	0.8000	0.7997
104
0129	0.5431	0.9333	0.7842	0.7960	0.1932s	0.7322	0.7950	0.7939
105
0130	0.6660	0.8500	0.7819	0.7960	0.1941s	0.7262	0.7920	0.7914
106
0131	0.5134	0.8778	0.7822	0.7920	0.1936s	0.7216	0.7950	0.7942
107
0132	0.5298	0.8778	0.7848	0.7920	0.1958s	0.7186	0.7980	0.7976
108
0133	0.5351	0.8611	0.7883	0.7840	0.1927s	0.7196	0.7950	0.7955
109
0134	0.6197	0.8722	0.7904	0.7760	0.1934s	0.7204	0.7960	0.7976
110
0135	0.5675	0.8500	0.7912	0.7820	0.1930s	0.7247	0.7940	0.7964
111
0136	0.4916	0.9000	0.7844	0.7820	0.1931s	0.7241	0.7940	0.7961
112
0137	0.5621	0.8833	0.7740	0.7840	0.1927s	0.7206	0.7950	0.7961
113
0138	0.5570	0.8611	0.7685	0.7880	0.1933s	0.7182	0.7960	0.7958
114
0139	0.4740	0.8889	0.7668	0.7800	0.1912s	0.7168	0.7960	0.7956
115
0140	0.6270	0.8667	0.7697	0.7840	0.1932s	0.7181	0.7970	0.7964
116
0141	0.5000	0.8833	0.7760	0.7820	0.1932s	0.7200	0.7970	0.7958
117
0142	0.4350	0.9278	0.7830	0.7840	0.1915s	0.7221	0.7940	0.7935
118
0143	0.4707	0.8722	0.7875	0.7860	0.1932s	0.7224	0.7920	0.7921
119
0144	0.5745	0.8556	0.7910	0.7880	0.1919s	0.7221	0.7950	0.7963
120
0145	0.5198	0.8667	0.7971	0.7780	0.1914s	0.7243	0.7950	0.7976
121
0146	0.4955	0.9111	0.8052	0.7820	0.1935s	0.7288	0.7880	0.7919
122
0147	0.5550	0.8833	0.8123	0.7820	0.1930s	0.7332	0.7870	0.7916
123
0148	0.6137	0.8778	0.8103	0.7720	0.1915s	0.7296	0.7880	0.7918
124
0149	0.5099	0.8944	0.8022	0.7740	0.1933s	0.7240	0.7890	0.7919
125
0150	0.5010	0.8556	0.7872	0.7760	0.1934s	0.7171	0.7890	0.7914
126
0151	0.4288	0.8667	0.7767	0.7760	0.1912s	0.7138	0.7920	0.7941
127
0152	0.5055	0.9000	0.7708	0.7760	0.1936s	0.7153	0.7910	0.7918
128
0153	0.4723	0.9000	0.7709	0.7760	0.1933s	0.7203	0.7900	0.7896
129
0154	0.5119	0.8722	0.7707	0.7760	0.1916s	0.7228	0.7900	0.7893
130
0155	0.5558	0.8611	0.7733	0.7800	0.1928s	0.7241	0.7880	0.7871
131
0156	0.4933	0.8778	0.7744	0.7800	0.1937s	0.7242	0.7910	0.7901
132
0157	0.4822	0.9111	0.7764	0.7800	0.1935s	0.7253	0.7940	0.7935
133
0158	0.4610	0.8667	0.7808	0.7780	0.1932s	0.7265	0.7960	0.7962
134
0159	0.5913	0.8667	0.7872	0.7780	0.1937s	0.7301	0.7930	0.7946
135
0160	0.4642	0.8778	0.7942	0.7760	0.1945s	0.7329	0.7930	0.7949
136
0161	0.5136	0.8722	0.8010	0.7760	0.1935s	0.7357	0.7920	0.7940
137
0162	0.4649	0.9278	0.7976	0.7760	0.1937s	0.7340	0.7940	0.7951
138
0163	0.4921	0.8889	0.7939	0.7780	0.1931s	0.7339	0.7950	0.7955
139
0164	0.5132	0.8556	0.7915	0.7780	0.1933s	0.7364	0.7960	0.7959
140
0165	0.4834	0.8944	0.7932	0.7780	0.1933s	0.7412	0.7970	0.7967
141
0166	0.5226	0.8611	0.7921	0.7760	0.1933s	0.7438	0.7960	0.7955
142
0167	0.5175	0.8889	0.7909	0.7740	0.1903s	0.7438	0.7950	0.7945
143
0168	0.6374	0.8778	0.7894	0.7740	0.1934s	0.7439	0.7950	0.7947
144
0169	0.5097	0.8500	0.7894	0.7740	0.1931s	0.7429	0.7950	0.7953
145
0170	0.5424	0.8833	0.7936	0.7740	0.1940s	0.7421	0.7940	0.7948
146
0171	0.4574	0.8833	0.7987	0.7680	0.1942s	0.7423	0.7930	0.7946
147
0172	0.5412	0.8667	0.8026	0.7820	0.1931s	0.7421	0.7890	0.7916
148
0173	0.5605	0.8333	0.8068	0.7800	0.1934s	0.7445	0.7940	0.7963
149
0174	0.4570	0.8722	0.8095	0.7680	0.1902s	0.7480	0.7910	0.7930
150
0175	0.5161	0.8778	0.8110	0.7680	0.1937s	0.7516	0.7910	0.7925
151
0176	0.5523	0.8778	0.8137	0.7620	0.1889s	0.7585	0.7900	0.7908
152
0177	0.5505	0.8944	0.8170	0.7660	0.1943s	0.7646	0.7900	0.7903
153
0178	0.4410	0.9111	0.8197	0.7740	0.1934s	0.7700	0.7860	0.7864
154
0179	0.4284	0.9167	0.8172	0.7720	0.2232s	0.7699	0.7810	0.7811
155
0180	0.5201	0.8833	0.8133	0.7720	0.2075s	0.7677	0.7820	0.7824
156
0181	0.4601	0.8500	0.8077	0.7760	0.2051s	0.7624	0.7850	0.7847
157
0182	0.5095	0.8833	0.8048	0.7700	0.1965s	0.7578	0.7890	0.7890
158
0183	0.4531	0.9056	0.8047	0.7720	0.1912s	0.7571	0.7890	0.7894
159
0184	0.4608	0.8778	0.8077	0.7760	0.1880s	0.7573	0.7870	0.7870
160
0185	0.4779	0.8944	0.8080	0.7800	0.1919s	0.7567	0.7890	0.7892
161
0186	0.4653	0.9111	0.8105	0.7780	0.1880s	0.7593	0.7860	0.7866
162
0187	0.4560	0.8667	0.8145	0.7760	0.1898s	0.7622	0.7870	0.7870
163
0188	0.5148	0.8722	0.8142	0.7760	0.1937s	0.7628	0.7880	0.7873
164
0189	0.4674	0.8500	0.8104	0.7840	0.1879s	0.7617	0.7870	0.7861
165
0190	0.5084	0.8833	0.8029	0.7840	0.1898s	0.7569	0.7870	0.7860
166
0191	0.4723	0.8944	0.7957	0.7820	0.1882s	0.7540	0.7890	0.7878
167
0192	0.4810	0.8667	0.7884	0.7820	0.1899s	0.7526	0.7890	0.7885
168
0193	0.4647	0.8889	0.7829	0.7840	0.1897s	0.7490	0.7910	0.7903
169
0194	0.4830	0.9000	0.7796	0.7860	0.1935s	0.7454	0.7910	0.7902
170
0195	0.4623	0.8889	0.7780	0.7880	0.1962s	0.7443	0.7940	0.7932
171
0196	0.5167	0.8500	0.7810	0.7860	0.1903s	0.7460	0.7930	0.7930
172
0197	0.4768	0.8722	0.7862	0.7800	0.1881s	0.7505	0.7930	0.7933
173
0198	0.5257	0.8833	0.7895	0.7720	0.1890s	0.7551	0.7930	0.7937
174
0199	0.5172	0.9167	0.7864	0.7680	0.1894s	0.7534	0.7920	0.7924
175
0200	0.5074	0.8778	0.7843	0.7680	0.1882s	0.7513	0.7940	0.7946
176
0201	0.4363	0.8944	0.7762	0.7780	0.1949s	0.7464	0.7960	0.7961
177
0202	0.4935	0.8722	0.7676	0.7860	0.1887s	0.7428	0.7940	0.7938
178
0203	0.5326	0.8889	0.7633	0.7840	0.1889s	0.7423	0.7920	0.7916
179
0204	0.4950	0.8778	0.7644	0.7920	0.1931s	0.7464	0.7910	0.7909
180
0205	0.4986	0.8778	0.7678	0.7900	0.1953s	0.7520	0.7880	0.7882
181
0206	0.4938	0.8833	0.7702	0.7880	0.1899s	0.7545	0.7920	0.7917
182
0207	0.5049	0.8722	0.7739	0.7880	0.1881s	0.7535	0.7920	0.7921
183
0208	0.4826	0.8889	0.7777	0.7840	0.1955s	0.7526	0.7920	0.7921
184
0209	0.5013	0.8611	0.7798	0.7780	0.1914s	0.7518	0.7920	0.7921
185
0210	0.4665	0.9222	0.7805	0.7740	0.1940s	0.7505	0.7920	0.7922
186
0211	0.5055	0.9167	0.7791	0.7800	0.1903s	0.7483	0.7920	0.7929
187
0212	0.4822	0.8667	0.7767	0.7840	0.1882s	0.7468	0.7910	0.7923
188
0213	0.5187	0.8444	0.7746	0.7800	0.1939s	0.7469	0.7930	0.7943
189
0214	0.5045	0.9056	0.7743	0.7780	0.1901s	0.7493	0.7930	0.7938
190
0215	0.4741	0.8778	0.7763	0.7740	0.1893s	0.7510	0.7960	0.7965
191
0216	0.4361	0.9056	0.7758	0.7740	0.1936s	0.7514	0.7960	0.7966
192
0217	0.5365	0.9056	0.7734	0.7700	0.1937s	0.7518	0.7960	0.7966
193
0218	0.4417	0.8722	0.7703	0.7700	0.1879s	0.7517	0.7960	0.7967
194
0219	0.5502	0.8944	0.7705	0.7780	0.1904s	0.7501	0.7980	0.7984
195
0220	0.4580	0.8944	0.7748	0.7780	0.1904s	0.7486	0.7970	0.7980
196
0221	0.4620	0.8833	0.7789	0.7760	0.1878s	0.7461	0.7960	0.7975
197
0222	0.5465	0.8444	0.7838	0.7700	0.1938s	0.7434	0.7970	0.7995
198
0223	0.5508	0.9167	0.7899	0.7720	0.1918s	0.7417	0.7950	0.7971
199
Early stop! Min loss:0.6410302519798279,  Max accuracy:0.8280000000000001
Early stop model validation loss:0.6410302519798279,  accuracy:0.812
Optimization Finished!
Total time elapsed: 43.3773s
test max acc:0.8330
Loading 22th epoch
stru_node_to_hop attention:tensor([[0.3331, 0.3335, 0.3334],
        [0.3333, 0.3333, 0.3334],
        [0.3333, 0.3333, 0.3334],
        [0.3333, 0.3334, 0.3332],
        [0.3332, 0.3333, 0.3334],
        [0.3333, 0.3333, 0.3334],
        [0.3333, 0.3334, 0.3334],
        [0.3332, 0.3333, 0.3335],
        [0.3333, 0.3333, 0.3333],
        [0.3331, 0.3334, 0.3335],
        [0.3333, 0.3333, 0.3333],
        [0.3331, 0.3336, 0.3333],
        [0.3334, 0.3333, 0.3333],
        [0.3332, 0.3334, 0.3334],
        [0.3328, 0.3336, 0.3336],
        [0.3333, 0.3333, 0.3333],
        [0.3334, 0.3333, 0.3333],
        [0.3331, 0.3335, 0.3334],
        [0.3089, 0.3802, 0.3109],
        [0.3333, 0.3334, 0.3334],
        [0.3331, 0.3335, 0.3334],
        [0.3332, 0.3334, 0.3334],
        [0.3332, 0.3334, 0.3334],
        [0.3331, 0.3334, 0.3334],
        [0.3333, 0.3333, 0.3333],
        [0.3332, 0.3334, 0.3334],
        [0.3333, 0.3333, 0.3334],
        [0.3333, 0.3334, 0.3333],
        [0.3332, 0.3334, 0.3334],
        [0.3332, 0.3334, 0.3334],
        [0.3333, 0.3333, 0.3334],
        [0.3332, 0.3335, 0.3333],
        [0.3330, 0.3336, 0.3335],
        [0.3329, 0.3337, 0.3333],
        [0.3333, 0.3334, 0.3334],
        [0.3335, 0.3332, 0.3333],
        [0.3333, 0.3334, 0.3334],
        [0.3333, 0.3333, 0.3333],
        [0.3333, 0.3334, 0.3333],
        [0.3331, 0.3335, 0.3334],
        [0.3331, 0.3335, 0.3335],
        [0.3331, 0.3335, 0.3335],
        [0.3331, 0.3334, 0.3335],
        [0.3332, 0.3333, 0.3334],
        [0.3331, 0.3335, 0.3334],
        [0.3332, 0.3334, 0.3334],
        [0.3332, 0.3335, 0.3334],
        [0.3333, 0.3333, 0.3333],
        [0.3330, 0.3336, 0.3334],
        [0.3333, 0.3335, 0.3333],
        [0.3333, 0.3333, 0.3334],
        [0.3333, 0.3334, 0.3333],
        [0.3329, 0.3336, 0.3335],
        [0.3330, 0.3336, 0.3334],
        [0.3332, 0.3334, 0.3334],
        [0.3333, 0.3333, 0.3334],
        [0.3332, 0.3334, 0.3334],
        [0.3331, 0.3335, 0.3335],
        [0.3333, 0.3333, 0.3334],
        [0.3333, 0.3333, 0.3334],
        [0.3330, 0.3335, 0.3335],
        [0.3332, 0.3334, 0.3334],
        [0.3333, 0.3333, 0.3334],
        [0.3333, 0.3334, 0.3334],
        [0.3332, 0.3334, 0.3334],
        [0.3333, 0.3334, 0.3333],
        [0.3331, 0.3334, 0.3335],
        [0.3331, 0.3334, 0.3335],
        [0.3331, 0.3335, 0.3334],
        [0.3334, 0.3333, 0.3333],
        [0.3330, 0.3335, 0.3335],
        [0.3330, 0.3336, 0.3334],
        [0.3332, 0.3334, 0.3334],
        [0.3331, 0.3334, 0.3335],
        [0.3333, 0.3333, 0.3334],
        [0.3332, 0.3334, 0.3334],
        [0.3332, 0.3334, 0.3334],
        [0.3333, 0.3334, 0.3334],
        [0.3330, 0.3335, 0.3335],
        [0.3332, 0.3334, 0.3334],
        [0.3332, 0.3334, 0.3334],
        [0.3331, 0.3335, 0.3334],
        [0.3332, 0.3334, 0.3334],
        [0.3332, 0.3335, 0.3333],
        [0.3335, 0.3332, 0.3333],
        [0.3331, 0.3334, 0.3334],
        [0.3331, 0.3335, 0.3334],
        [0.3333, 0.3333, 0.3333],
        [0.3331, 0.3334, 0.3335],
        [0.3332, 0.3334, 0.3334],
        [0.3328, 0.3336, 0.3336],
        [0.3332, 0.3334, 0.3334],
        [0.3332, 0.3333, 0.3335],
        [0.3332, 0.3334, 0.3334],
        [0.3333, 0.3333, 0.3333],
        [0.3334, 0.3333, 0.3333],
        [0.3333, 0.3333, 0.3333],
        [0.2621, 0.3902, 0.3477],
        [0.3332, 0.3334, 0.3334],
        [0.3333, 0.3333, 0.3334]], device='cuda:1')
fea_node_to_hop attention:tensor([[0.1429, 0.1427, 0.1428, 0.1429, 0.1429, 0.1429, 0.1429],
        [0.1429, 0.1429, 0.1428, 0.1429, 0.1428, 0.1429, 0.1429],
        [0.1429, 0.1430, 0.1427, 0.1429, 0.1428, 0.1429, 0.1428],
        [0.1428, 0.1428, 0.1428, 0.1429, 0.1429, 0.1429, 0.1429],
        [0.1429, 0.1429, 0.1428, 0.1429, 0.1428, 0.1429, 0.1429],
        [0.1428, 0.1429, 0.1428, 0.1429, 0.1429, 0.1429, 0.1429],
        [0.1428, 0.1429, 0.1428, 0.1429, 0.1428, 0.1429, 0.1429],
        [0.1428, 0.1429, 0.1428, 0.1429, 0.1428, 0.1429, 0.1429],
        [0.1428, 0.1429, 0.1428, 0.1429, 0.1429, 0.1429, 0.1429],
        [0.1428, 0.1428, 0.1428, 0.1429, 0.1429, 0.1429, 0.1429],
        [0.1428, 0.1428, 0.1429, 0.1429, 0.1429, 0.1429, 0.1429],
        [0.1429, 0.1428, 0.1428, 0.1428, 0.1429, 0.1429, 0.1429],
        [0.1428, 0.1428, 0.1428, 0.1429, 0.1429, 0.1429, 0.1429],
        [0.1428, 0.1428, 0.1429, 0.1429, 0.1429, 0.1429, 0.1429],
        [0.1425, 0.1428, 0.1428, 0.1429, 0.1430, 0.1430, 0.1430],
        [0.1428, 0.1427, 0.1429, 0.1429, 0.1429, 0.1429, 0.1429],
        [0.1429, 0.1428, 0.1428, 0.1428, 0.1429, 0.1429, 0.1429],
        [0.1428, 0.1428, 0.1429, 0.1429, 0.1429, 0.1429, 0.1429],
        [0.1337, 0.1290, 0.1490, 0.1487, 0.1486, 0.1465, 0.1445],
        [0.1429, 0.1428, 0.1428, 0.1428, 0.1429, 0.1429, 0.1429],
        [0.1428, 0.1428, 0.1428, 0.1429, 0.1429, 0.1429, 0.1429],
        [0.1428, 0.1428, 0.1429, 0.1429, 0.1429, 0.1429, 0.1429],
        [0.1428, 0.1428, 0.1429, 0.1429, 0.1429, 0.1429, 0.1429],
        [0.1428, 0.1428, 0.1429, 0.1429, 0.1429, 0.1429, 0.1429],
        [0.1429, 0.1428, 0.1428, 0.1429, 0.1429, 0.1429, 0.1429],
        [0.1427, 0.1429, 0.1428, 0.1429, 0.1429, 0.1429, 0.1429],
        [0.1429, 0.1428, 0.1428, 0.1429, 0.1429, 0.1429, 0.1429],
        [0.1428, 0.1428, 0.1428, 0.1429, 0.1429, 0.1429, 0.1429],
        [0.1429, 0.1428, 0.1428, 0.1429, 0.1429, 0.1429, 0.1429],
        [0.1428, 0.1428, 0.1428, 0.1429, 0.1429, 0.1429, 0.1429],
        [0.1428, 0.1428, 0.1428, 0.1429, 0.1429, 0.1429, 0.1429],
        [0.1426, 0.1428, 0.1429, 0.1429, 0.1429, 0.1429, 0.1429],
        [0.1428, 0.1428, 0.1428, 0.1429, 0.1429, 0.1429, 0.1429],
        [0.1428, 0.1428, 0.1428, 0.1429, 0.1429, 0.1429, 0.1429],
        [0.1429, 0.1428, 0.1428, 0.1429, 0.1429, 0.1429, 0.1429],
        [0.1428, 0.1428, 0.1428, 0.1429, 0.1429, 0.1429, 0.1429],
        [0.1429, 0.1428, 0.1428, 0.1428, 0.1429, 0.1429, 0.1429],
        [0.1429, 0.1428, 0.1428, 0.1429, 0.1429, 0.1429, 0.1429],
        [0.1428, 0.1428, 0.1428, 0.1429, 0.1429, 0.1429, 0.1429],
        [0.1429, 0.1428, 0.1428, 0.1429, 0.1429, 0.1429, 0.1429],
        [0.1428, 0.1428, 0.1428, 0.1429, 0.1429, 0.1429, 0.1429],
        [0.1428, 0.1428, 0.1428, 0.1429, 0.1429, 0.1429, 0.1429],
        [0.1429, 0.1428, 0.1428, 0.1428, 0.1429, 0.1429, 0.1429],
        [0.1427, 0.1428, 0.1429, 0.1429, 0.1429, 0.1429, 0.1429],
        [0.1428, 0.1429, 0.1429, 0.1429, 0.1429, 0.1429, 0.1429],
        [0.1428, 0.1428, 0.1429, 0.1429, 0.1429, 0.1429, 0.1429],
        [0.1427, 0.1428, 0.1429, 0.1429, 0.1429, 0.1429, 0.1429],
        [0.1427, 0.1428, 0.1429, 0.1429, 0.1429, 0.1429, 0.1429],
        [0.1428, 0.1428, 0.1428, 0.1429, 0.1429, 0.1429, 0.1429],
        [0.1429, 0.1428, 0.1428, 0.1429, 0.1429, 0.1429, 0.1429],
        [0.1429, 0.1428, 0.1428, 0.1429, 0.1429, 0.1429, 0.1429],
        [0.1426, 0.1428, 0.1428, 0.1429, 0.1429, 0.1430, 0.1430],
        [0.1429, 0.1429, 0.1428, 0.1428, 0.1429, 0.1429, 0.1429],
        [0.1429, 0.1428, 0.1428, 0.1428, 0.1429, 0.1429, 0.1429],
        [0.1428, 0.1427, 0.1428, 0.1429, 0.1429, 0.1429, 0.1429],
        [0.1428, 0.1428, 0.1429, 0.1429, 0.1429, 0.1429, 0.1429],
        [0.1428, 0.1428, 0.1429, 0.1429, 0.1429, 0.1429, 0.1429],
        [0.1428, 0.1428, 0.1428, 0.1429, 0.1429, 0.1429, 0.1429],
        [0.1428, 0.1428, 0.1429, 0.1429, 0.1429, 0.1429, 0.1429],
        [0.1429, 0.1428, 0.1428, 0.1428, 0.1429, 0.1429, 0.1429],
        [0.1428, 0.1428, 0.1428, 0.1429, 0.1429, 0.1429, 0.1429],
        [0.1428, 0.1428, 0.1429, 0.1429, 0.1429, 0.1429, 0.1429],
        [0.1428, 0.1428, 0.1429, 0.1429, 0.1429, 0.1429, 0.1429],
        [0.1428, 0.1428, 0.1429, 0.1429, 0.1429, 0.1429, 0.1429],
        [0.1428, 0.1428, 0.1428, 0.1429, 0.1429, 0.1429, 0.1429],
        [0.1427, 0.1428, 0.1429, 0.1429, 0.1429, 0.1429, 0.1429],
        [0.1428, 0.1428, 0.1429, 0.1429, 0.1429, 0.1429, 0.1429],
        [0.1426, 0.1428, 0.1429, 0.1429, 0.1429, 0.1429, 0.1430],
        [0.1428, 0.1429, 0.1428, 0.1429, 0.1429, 0.1429, 0.1429],
        [0.1428, 0.1428, 0.1429, 0.1429, 0.1429, 0.1429, 0.1429],
        [0.1427, 0.1428, 0.1429, 0.1429, 0.1429, 0.1429, 0.1429],
        [0.1428, 0.1428, 0.1428, 0.1429, 0.1429, 0.1429, 0.1429],
        [0.1428, 0.1428, 0.1428, 0.1429, 0.1429, 0.1429, 0.1429],
        [0.1429, 0.1427, 0.1428, 0.1429, 0.1429, 0.1429, 0.1429],
        [0.1429, 0.1429, 0.1428, 0.1428, 0.1429, 0.1429, 0.1429],
        [0.1428, 0.1428, 0.1428, 0.1429, 0.1429, 0.1429, 0.1429],
        [0.1428, 0.1428, 0.1428, 0.1429, 0.1429, 0.1429, 0.1429],
        [0.1428, 0.1428, 0.1428, 0.1429, 0.1429, 0.1429, 0.1429],
        [0.1429, 0.1428, 0.1428, 0.1429, 0.1429, 0.1429, 0.1429],
        [0.1429, 0.1428, 0.1428, 0.1429, 0.1429, 0.1429, 0.1429],
        [0.1430, 0.1429, 0.1428, 0.1428, 0.1428, 0.1429, 0.1429],
        [0.1428, 0.1428, 0.1428, 0.1429, 0.1429, 0.1429, 0.1429],
        [0.1428, 0.1428, 0.1428, 0.1429, 0.1429, 0.1429, 0.1429],
        [0.1428, 0.1428, 0.1428, 0.1429, 0.1429, 0.1429, 0.1429],
        [0.1428, 0.1428, 0.1429, 0.1429, 0.1429, 0.1429, 0.1429],
        [0.1428, 0.1428, 0.1429, 0.1429, 0.1429, 0.1429, 0.1429],
        [0.1427, 0.1429, 0.1429, 0.1429, 0.1429, 0.1429, 0.1429],
        [0.1428, 0.1428, 0.1428, 0.1429, 0.1429, 0.1429, 0.1429],
        [0.1429, 0.1427, 0.1429, 0.1429, 0.1429, 0.1429, 0.1429],
        [0.1429, 0.1428, 0.1429, 0.1429, 0.1429, 0.1429, 0.1429],
        [0.1429, 0.1427, 0.1428, 0.1429, 0.1429, 0.1429, 0.1429],
        [0.1428, 0.1428, 0.1428, 0.1429, 0.1429, 0.1429, 0.1429],
        [0.1429, 0.1428, 0.1428, 0.1428, 0.1429, 0.1429, 0.1429],
        [0.1428, 0.1428, 0.1428, 0.1429, 0.1429, 0.1429, 0.1429],
        [0.1428, 0.1428, 0.1428, 0.1429, 0.1429, 0.1429, 0.1429],
        [0.1428, 0.1428, 0.1428, 0.1429, 0.1429, 0.1429, 0.1429],
        [0.1429, 0.1427, 0.1428, 0.1429, 0.1429, 0.1429, 0.1429],
        [0.1261, 0.1406, 0.1495, 0.1504, 0.1487, 0.1446, 0.1401],
        [0.1428, 0.1428, 0.1429, 0.1429, 0.1429, 0.1429, 0.1429],
        [0.1429, 0.1429, 0.1428, 0.1428, 0.1428, 0.1429, 0.1429]],
       device='cuda:1')
perception attention:tensor([0.3985, 0.6015], device='cuda:1')
Test set results: loss= 0.6274 accuracy= 0.8290 F1_score= 0.8299
