# epoch	loss_train	acc_train	loss_val	acc_val	time	acc_test	f1_test
0001	2.1989	0.1000	2.1446	0.5400	0.1904s	2.1452	0.5520	0.5433
0
0002	2.1465	0.3278	2.0755	0.5440	0.1958s	2.0781	0.5510	0.5328
0
0003	2.0851	0.3944	1.9909	0.5740	0.1894s	1.9957	0.5930	0.5617
0
0004	2.0158	0.4222	1.8950	0.6460	0.1894s	1.9011	0.6640	0.6322
0
0005	1.9157	0.4556	1.7891	0.6960	0.1970s	1.7929	0.6970	0.6759
0
0006	1.8342	0.5722	1.6758	0.7420	0.1890s	1.6765	0.7330	0.7250
0
0007	1.7543	0.5889	1.5578	0.7900	0.1918s	1.5560	0.7940	0.7878
0
0008	1.6510	0.6556	1.4434	0.8060	0.1892s	1.4395	0.8200	0.8167
0
0009	1.5189	0.7389	1.3331	0.8040	0.1904s	1.3268	0.8230	0.8229
0
0010	1.4104	0.7889	1.2278	0.8140	0.1918s	1.2206	0.8280	0.8304
0
0011	1.3773	0.6889	1.1298	0.8120	0.1910s	1.1242	0.8280	0.8298
0
0012	1.2903	0.7778	1.0396	0.8080	0.1883s	1.0359	0.8290	0.8307
0
0013	1.2093	0.7833	0.9614	0.7900	0.1901s	0.9600	0.8020	0.8031
0
0014	1.1588	0.8111	0.8956	0.7860	0.1909s	0.8967	0.7890	0.7865
0
0015	1.1010	0.7778	0.8415	0.7860	0.1835s	0.8433	0.7900	0.7854
0
0016	1.0605	0.8000	0.7960	0.7900	0.1809s	0.7978	0.7940	0.7912
0
0017	0.9820	0.8056	0.7568	0.8000	0.1800s	0.7563	0.8080	0.8100
0
0018	0.9604	0.7778	0.7255	0.8100	0.1865s	0.7216	0.8150	0.8171
0
0019	0.9294	0.8167	0.7028	0.8060	0.1946s	0.6936	0.8220	0.8252
0
0020	0.8652	0.7778	0.6868	0.8060	0.1827s	0.6739	0.8250	0.8288
0
0021	0.8445	0.8278	0.6737	0.8000	0.1789s	0.6557	0.8200	0.8241
0
0022	0.8065	0.7889	0.6601	0.8020	0.1825s	0.6400	0.8220	0.8251
0
0023	0.7680	0.8722	0.6489	0.8040	0.1786s	0.6273	0.8290	0.8304
0
0024	0.8020	0.8167	0.6436	0.8000	0.1849s	0.6217	0.8230	0.8240
0
0025	0.7203	0.8556	0.6415	0.7960	0.1843s	0.6201	0.8150	0.8162
0
0026	0.7420	0.8278	0.6354	0.8020	0.1838s	0.6188	0.8140	0.8151
0
0027	0.7531	0.8333	0.6293	0.7980	0.1831s	0.6155	0.8120	0.8139
0
0028	0.6816	0.7944	0.6259	0.7940	0.1799s	0.6146	0.8180	0.8195
0
0029	0.6921	0.8389	0.6227	0.7940	0.1807s	0.6119	0.8200	0.8215
0
0030	0.6909	0.8444	0.6202	0.7940	0.1819s	0.6099	0.8220	0.8231
0
0031	0.6503	0.8333	0.6237	0.7960	0.1916s	0.6108	0.8190	0.8205
0
0032	0.6671	0.8333	0.6314	0.8020	0.2073s	0.6137	0.8120	0.8145
1
0033	0.6225	0.8667	0.6406	0.8000	0.2073s	0.6184	0.8100	0.8125
2
0034	0.6754	0.8611	0.6555	0.7960	0.2077s	0.6271	0.8060	0.8085
3
0035	0.6814	0.8833	0.6641	0.7920	0.2071s	0.6337	0.8040	0.8061
4
0036	0.6469	0.8833	0.6689	0.7900	0.2067s	0.6368	0.8030	0.8054
5
0037	0.6039	0.8333	0.6692	0.7880	0.2071s	0.6334	0.8070	0.8094
6
0038	0.7117	0.8667	0.6687	0.7800	0.2073s	0.6324	0.8060	0.8081
7
0039	0.6112	0.8611	0.6679	0.7960	0.2069s	0.6335	0.8150	0.8164
8
0040	0.6301	0.8833	0.6652	0.7980	0.2072s	0.6334	0.8140	0.8154
9
0041	0.5953	0.8667	0.6614	0.7900	0.2092s	0.6322	0.8090	0.8106
10
0042	0.5927	0.8278	0.6663	0.7920	0.2068s	0.6384	0.8020	0.8025
11
0043	0.6228	0.8556	0.6796	0.7860	0.2081s	0.6499	0.8000	0.8006
12
0044	0.5868	0.8889	0.6876	0.7860	0.2071s	0.6550	0.7980	0.7988
13
0045	0.5429	0.8944	0.6942	0.7860	0.1957s	0.6590	0.7990	0.8003
14
0046	0.5617	0.8833	0.6970	0.7840	0.1920s	0.6572	0.8030	0.8043
15
0047	0.5856	0.8889	0.6980	0.7880	0.1932s	0.6541	0.8030	0.8046
16
0048	0.5635	0.8611	0.7006	0.7880	0.1881s	0.6537	0.8050	0.8054
17
0049	0.5939	0.8944	0.7030	0.7940	0.1940s	0.6532	0.8010	0.8008
18
0050	0.5324	0.8611	0.7051	0.7880	0.1878s	0.6529	0.8000	0.7997
19
0051	0.6257	0.8667	0.7089	0.7920	0.1966s	0.6553	0.8000	0.8010
20
0052	0.5878	0.8778	0.7152	0.7760	0.1880s	0.6617	0.7930	0.7957
21
0053	0.6088	0.8722	0.7157	0.7800	0.1931s	0.6645	0.7910	0.7937
22
0054	0.6417	0.7833	0.7129	0.7820	0.1934s	0.6655	0.7910	0.7937
23
0055	0.5730	0.8500	0.7071	0.7860	0.1934s	0.6637	0.7920	0.7935
24
0056	0.5569	0.8778	0.6991	0.7860	0.1947s	0.6589	0.7930	0.7938
25
0057	0.5430	0.8833	0.6937	0.7920	0.1982s	0.6565	0.7930	0.7927
26
0058	0.6470	0.8278	0.6911	0.7940	0.1931s	0.6557	0.8000	0.7985
27
0059	0.5973	0.8611	0.6968	0.8000	0.1935s	0.6590	0.7960	0.7942
28
0060	0.5650	0.8722	0.7056	0.8020	0.1932s	0.6626	0.7970	0.7960
29
0061	0.5461	0.8722	0.7144	0.7960	0.1930s	0.6637	0.8000	0.7997
30
0062	0.5139	0.8778	0.7215	0.7940	0.1947s	0.6629	0.8000	0.8012
31
0063	0.5827	0.8889	0.7264	0.7900	0.1974s	0.6649	0.7960	0.7982
32
0064	0.6538	0.8389	0.7230	0.7880	0.1933s	0.6634	0.7950	0.7973
33
0065	0.5789	0.8389	0.7166	0.7880	0.1935s	0.6606	0.7910	0.7931
34
0066	0.6265	0.8611	0.7132	0.7860	0.1939s	0.6619	0.7980	0.7980
35
0067	0.5465	0.8944	0.7056	0.7860	0.1934s	0.6601	0.7940	0.7924
36
0068	0.5933	0.8722	0.6990	0.7820	0.1901s	0.6584	0.7980	0.7958
37
0069	0.6379	0.8111	0.6954	0.7800	0.1965s	0.6579	0.8010	0.7986
38
0070	0.5436	0.8556	0.6981	0.7800	0.1940s	0.6587	0.7990	0.7968
39
0071	0.5838	0.8833	0.7063	0.7800	0.1961s	0.6639	0.8010	0.8009
40
0072	0.5308	0.8444	0.7219	0.7820	0.1944s	0.6746	0.7940	0.7954
41
0073	0.5328	0.8611	0.7398	0.7740	0.1946s	0.6857	0.7850	0.7879
42
0074	0.5215	0.8722	0.7520	0.7720	0.1939s	0.6930	0.7820	0.7856
43
0075	0.5312	0.8778	0.7496	0.7720	0.1917s	0.6911	0.7840	0.7880
44
0076	0.5584	0.8889	0.7398	0.7860	0.1934s	0.6871	0.7830	0.7858
45
0077	0.5696	0.8667	0.7329	0.7880	0.1932s	0.6838	0.7890	0.7907
46
0078	0.5127	0.8889	0.7279	0.7900	0.1949s	0.6788	0.7910	0.7917
47
0079	0.5359	0.8778	0.7260	0.7880	0.1940s	0.6740	0.7940	0.7940
48
0080	0.5434	0.8500	0.7294	0.7920	0.1947s	0.6731	0.7900	0.7898
49
0081	0.5867	0.8833	0.7418	0.7760	0.1939s	0.6774	0.7870	0.7876
50
0082	0.5358	0.8889	0.7513	0.7840	0.1917s	0.6817	0.7880	0.7896
51
0083	0.5506	0.8778	0.7560	0.7920	0.1934s	0.6849	0.7890	0.7912
52
0084	0.5259	0.8778	0.7593	0.7900	0.1960s	0.6890	0.7900	0.7932
53
0085	0.5093	0.8889	0.7588	0.7900	0.1931s	0.6904	0.7900	0.7930
54
0086	0.5276	0.8333	0.7544	0.7940	0.1936s	0.6898	0.7920	0.7943
55
0087	0.5463	0.8944	0.7470	0.7960	0.1930s	0.6873	0.7910	0.7921
56
0088	0.5149	0.8611	0.7402	0.7980	0.1939s	0.6868	0.7950	0.7951
57
0089	0.5321	0.9000	0.7401	0.7980	0.1936s	0.6905	0.7970	0.7969
58
0090	0.4986	0.9000	0.7427	0.7980	0.1934s	0.6935	0.7970	0.7969
59
0091	0.4872	0.8500	0.7485	0.7980	0.1931s	0.6961	0.7940	0.7943
60
0092	0.5160	0.8556	0.7597	0.7960	0.1938s	0.7018	0.7910	0.7924
61
0093	0.5609	0.8722	0.7726	0.7880	0.1958s	0.7078	0.7850	0.7874
62
0094	0.5466	0.8889	0.7812	0.7820	0.1976s	0.7127	0.7850	0.7879
63
0095	0.5534	0.8222	0.7811	0.7840	0.1961s	0.7126	0.7830	0.7868
64
0096	0.6096	0.8389	0.7734	0.7840	0.1938s	0.7073	0.7860	0.7898
65
0097	0.5880	0.8389	0.7617	0.7800	0.1932s	0.7005	0.7860	0.7900
66
0098	0.5458	0.8667	0.7503	0.7760	0.1954s	0.6941	0.7920	0.7951
67
0099	0.5630	0.8556	0.7399	0.7800	0.1932s	0.6893	0.7960	0.7976
68
0100	0.5463	0.8556	0.7359	0.7800	0.1918s	0.6889	0.7970	0.7974
69
0101	0.6873	0.8556	0.7349	0.7800	0.1952s	0.6891	0.8010	0.8010
70
0102	0.5275	0.8611	0.7402	0.7900	0.1930s	0.6933	0.7980	0.7981
71
0103	0.5290	0.8722	0.7545	0.7760	0.1943s	0.7030	0.7900	0.7912
72
0104	0.5367	0.8778	0.7710	0.7700	0.1914s	0.7141	0.7860	0.7877
73
0105	0.5520	0.8667	0.7893	0.7640	0.1935s	0.7259	0.7810	0.7829
74
0106	0.5178	0.8500	0.7958	0.7580	0.1933s	0.7278	0.7810	0.7830
75
0107	0.5560	0.8944	0.7931	0.7520	0.1932s	0.7235	0.7850	0.7873
76
0108	0.5564	0.8889	0.7843	0.7560	0.1935s	0.7144	0.7870	0.7892
77
0109	0.5464	0.8944	0.7707	0.7660	0.1935s	0.7041	0.7970	0.7979
78
0110	0.5201	0.8778	0.7648	0.7720	0.1945s	0.6997	0.7930	0.7930
79
0111	0.5710	0.8500	0.7605	0.7720	0.1929s	0.7000	0.7920	0.7918
80
0112	0.5165	0.8611	0.7639	0.7720	0.1930s	0.7050	0.7930	0.7932
81
0113	0.5538	0.8722	0.7682	0.7660	0.1930s	0.7115	0.7890	0.7892
82
0114	0.5064	0.8722	0.7748	0.7680	0.1921s	0.7191	0.7890	0.7891
83
0115	0.5169	0.9000	0.7835	0.7620	0.1936s	0.7276	0.7860	0.7863
84
0116	0.5259	0.8444	0.7940	0.7580	0.1968s	0.7355	0.7800	0.7806
85
0117	0.5846	0.8722	0.7962	0.7580	0.1919s	0.7350	0.7820	0.7822
86
0118	0.4827	0.8833	0.7955	0.7620	0.1932s	0.7332	0.7840	0.7843
87
0119	0.5519	0.8833	0.7945	0.7620	0.1937s	0.7310	0.7820	0.7831
88
0120	0.5336	0.8944	0.7960	0.7600	0.1929s	0.7318	0.7850	0.7865
89
0121	0.5240	0.8778	0.7978	0.7640	0.1942s	0.7319	0.7890	0.7906
90
0122	0.4726	0.8944	0.8019	0.7660	0.1935s	0.7306	0.7940	0.7943
91
0123	0.4847	0.9111	0.8102	0.7660	0.1936s	0.7320	0.7890	0.7893
92
0124	0.4313	0.9222	0.8186	0.7680	0.1935s	0.7358	0.7880	0.7880
93
0125	0.5280	0.8389	0.8331	0.7640	0.1931s	0.7444	0.7870	0.7859
94
0126	0.5285	0.8944	0.8439	0.7560	0.1930s	0.7537	0.7860	0.7851
95
0127	0.4847	0.9056	0.8417	0.7560	0.1934s	0.7520	0.7840	0.7841
96
0128	0.5442	0.8778	0.8330	0.7560	0.2018s	0.7451	0.7840	0.7840
97
0129	0.4942	0.8500	0.8260	0.7560	0.2075s	0.7408	0.7860	0.7864
98
0130	0.5398	0.8722	0.8160	0.7620	0.2075s	0.7330	0.7860	0.7863
99
0131	0.5286	0.9000	0.8092	0.7620	0.2072s	0.7289	0.7840	0.7854
100
0132	0.5075	0.8556	0.8069	0.7660	0.2072s	0.7296	0.7800	0.7828
101
0133	0.5114	0.8833	0.8089	0.7660	0.2050s	0.7308	0.7810	0.7843
102
0134	0.5057	0.8667	0.8095	0.7700	0.2073s	0.7307	0.7840	0.7869
103
0135	0.5743	0.8722	0.8108	0.7680	0.2071s	0.7309	0.7890	0.7911
104
0136	0.5238	0.8500	0.8151	0.7720	0.2073s	0.7365	0.7830	0.7844
105
0137	0.5168	0.8889	0.8217	0.7640	0.2076s	0.7450	0.7790	0.7803
106
0138	0.5843	0.8444	0.8285	0.7600	0.2071s	0.7523	0.7770	0.7788
107
0139	0.5022	0.8667	0.8329	0.7560	0.2069s	0.7566	0.7790	0.7805
108
0140	0.4850	0.9056	0.8342	0.7580	0.2071s	0.7561	0.7810	0.7825
109
0141	0.5534	0.8833	0.8259	0.7660	0.2071s	0.7483	0.7880	0.7887
110
0142	0.4875	0.8500	0.8171	0.7720	0.2073s	0.7396	0.7920	0.7924
111
0143	0.4728	0.8889	0.8114	0.7720	0.2073s	0.7337	0.7950	0.7955
112
0144	0.5060	0.8667	0.8113	0.7700	0.2075s	0.7303	0.7980	0.7986
113
0145	0.5157	0.8556	0.8099	0.7660	0.2049s	0.7268	0.7990	0.7993
114
0146	0.4649	0.8556	0.8118	0.7640	0.2076s	0.7273	0.7990	0.7986
115
0147	0.5025	0.9167	0.8131	0.7740	0.2071s	0.7278	0.7950	0.7944
116
0148	0.5174	0.8944	0.8196	0.7700	0.2074s	0.7321	0.7890	0.7895
117
0149	0.5341	0.8889	0.8274	0.7620	0.2084s	0.7409	0.7910	0.7921
118
0150	0.5588	0.8778	0.8337	0.7600	0.1888s	0.7510	0.7880	0.7901
119
0151	0.6084	0.8389	0.8328	0.7600	0.1885s	0.7556	0.7860	0.7887
120
0152	0.4810	0.9000	0.8232	0.7620	0.1937s	0.7537	0.7890	0.7911
121
0153	0.4961	0.9056	0.8099	0.7660	0.1883s	0.7488	0.7940	0.7947
122
0154	0.5079	0.8833	0.7990	0.7840	0.1885s	0.7463	0.7990	0.7989
123
0155	0.5424	0.9056	0.7928	0.7840	0.1882s	0.7460	0.8020	0.8012
124
0156	0.4686	0.8944	0.7918	0.7860	0.1902s	0.7468	0.8020	0.8011
125
0157	0.4856	0.8722	0.7970	0.7760	0.1882s	0.7507	0.7990	0.7991
126
0158	0.5360	0.8500	0.8030	0.7640	0.1933s	0.7557	0.7980	0.7984
127
0159	0.4662	0.8944	0.8078	0.7620	0.1966s	0.7595	0.7910	0.7920
128
0160	0.5000	0.8611	0.8086	0.7580	0.1931s	0.7599	0.7900	0.7917
129
0161	0.5487	0.8778	0.8079	0.7620	0.1889s	0.7601	0.7860	0.7883
130
0162	0.5064	0.8778	0.8034	0.7660	0.1958s	0.7563	0.7860	0.7885
131
0163	0.5951	0.8167	0.7994	0.7700	0.2014s	0.7527	0.7880	0.7900
132
0164	0.5239	0.8778	0.7952	0.7700	0.2049s	0.7477	0.7900	0.7915
133
0165	0.5048	0.8833	0.7884	0.7780	0.2071s	0.7405	0.7910	0.7912
134
0166	0.5603	0.8222	0.7829	0.7840	0.2057s	0.7349	0.7930	0.7928
135
0167	0.4623	0.8722	0.7809	0.7840	0.2071s	0.7301	0.7910	0.7904
136
0168	0.5594	0.8778	0.7803	0.7800	0.2077s	0.7283	0.7940	0.7936
137
0169	0.5686	0.8889	0.7841	0.7800	0.2085s	0.7314	0.7950	0.7945
138
0170	0.5337	0.8889	0.7900	0.7760	0.2078s	0.7362	0.7900	0.7898
139
0171	0.5650	0.8556	0.7942	0.7780	0.2086s	0.7411	0.7840	0.7849
140
0172	0.5189	0.8611	0.7934	0.7780	0.2075s	0.7435	0.7840	0.7862
141
0173	0.4831	0.9056	0.7947	0.7780	0.2046s	0.7475	0.7830	0.7857
142
0174	0.5973	0.8333	0.7957	0.7800	0.2072s	0.7506	0.7830	0.7853
143
0175	0.4681	0.8889	0.7991	0.7780	0.2066s	0.7532	0.7830	0.7854
144
0176	0.4943	0.9056	0.7960	0.7820	0.2083s	0.7503	0.7830	0.7848
145
0177	0.5073	0.9056	0.7931	0.7820	0.2063s	0.7469	0.7860	0.7865
146
0178	0.5109	0.9000	0.7918	0.7820	0.2106s	0.7448	0.7880	0.7877
147
0179	0.5462	0.8889	0.7917	0.7880	0.2110s	0.7426	0.7880	0.7875
148
0180	0.5018	0.8556	0.7901	0.7920	0.2082s	0.7404	0.7860	0.7852
149
0181	0.5483	0.8944	0.7902	0.7920	0.2079s	0.7407	0.7860	0.7853
150
0182	0.4409	0.9056	0.7914	0.7900	0.2084s	0.7430	0.7830	0.7832
151
0183	0.4589	0.8778	0.7911	0.7880	0.2049s	0.7446	0.7780	0.7785
152
0184	0.5237	0.8611	0.7872	0.7840	0.2074s	0.7454	0.7810	0.7817
153
0185	0.5677	0.8556	0.7788	0.7860	0.2067s	0.7415	0.7850	0.7851
154
0186	0.5113	0.9111	0.7736	0.7860	0.2070s	0.7396	0.7870	0.7869
155
0187	0.4960	0.8889	0.7678	0.7900	0.2076s	0.7364	0.7940	0.7943
156
0188	0.4904	0.8833	0.7655	0.7880	0.2063s	0.7339	0.7940	0.7944
157
0189	0.6273	0.9056	0.7667	0.7920	0.2077s	0.7335	0.7920	0.7925
158
0190	0.5390	0.8611	0.7710	0.7940	0.2081s	0.7341	0.7940	0.7943
159
0191	0.4729	0.8944	0.7797	0.7840	0.2079s	0.7363	0.7930	0.7930
160
0192	0.4740	0.8944	0.7911	0.7820	0.2077s	0.7411	0.7860	0.7866
161
0193	0.5164	0.8389	0.8043	0.7780	0.2074s	0.7480	0.7830	0.7844
162
0194	0.5072	0.8722	0.8103	0.7740	0.2095s	0.7504	0.7830	0.7846
163
0195	0.5113	0.8778	0.8113	0.7780	0.2089s	0.7482	0.7840	0.7857
164
0196	0.4871	0.8778	0.8113	0.7860	0.2055s	0.7445	0.7840	0.7861
165
0197	0.4411	0.9222	0.8093	0.7900	0.2051s	0.7419	0.7830	0.7855
166
0198	0.4660	0.8944	0.8049	0.7900	0.2073s	0.7383	0.7900	0.7924
167
0199	0.5182	0.8722	0.8010	0.7880	0.2074s	0.7356	0.7920	0.7941
168
0200	0.5008	0.8833	0.7981	0.7920	0.2049s	0.7366	0.7930	0.7945
169
0201	0.5010	0.8944	0.7972	0.7920	0.2090s	0.7411	0.7940	0.7952
170
0202	0.5077	0.8556	0.8027	0.7840	0.2092s	0.7498	0.7830	0.7841
171
0203	0.4546	0.9000	0.8081	0.7840	0.2106s	0.7566	0.7840	0.7851
172
0204	0.4924	0.9167	0.8177	0.7800	0.2070s	0.7644	0.7830	0.7836
173
0205	0.5046	0.8722	0.8235	0.7800	0.2078s	0.7679	0.7800	0.7800
174
0206	0.4731	0.9000	0.8271	0.7760	0.2078s	0.7694	0.7820	0.7827
175
0207	0.4299	0.8667	0.8266	0.7780	0.2077s	0.7656	0.7830	0.7839
176
0208	0.5933	0.8889	0.8211	0.7740	0.2073s	0.7595	0.7890	0.7896
177
0209	0.4742	0.8889	0.8151	0.7780	0.2097s	0.7544	0.7910	0.7919
178
0210	0.5298	0.8333	0.8121	0.7760	0.2069s	0.7483	0.7890	0.7902
179
0211	0.4856	0.9278	0.8092	0.7840	0.2065s	0.7436	0.7910	0.7917
180
0212	0.4646	0.9111	0.8086	0.7840	0.2072s	0.7419	0.7910	0.7916
181
0213	0.4816	0.8500	0.8116	0.7860	0.2070s	0.7432	0.7900	0.7898
182
0214	0.4851	0.8722	0.8145	0.7860	0.2066s	0.7449	0.7880	0.7872
183
0215	0.4774	0.9056	0.8178	0.7880	0.2072s	0.7472	0.7840	0.7832
184
0216	0.4905	0.8611	0.8152	0.7860	0.2076s	0.7465	0.7820	0.7813
185
0217	0.5310	0.8889	0.8110	0.7900	0.2072s	0.7431	0.7860	0.7854
186
0218	0.4852	0.8611	0.8042	0.7900	0.2069s	0.7385	0.7870	0.7872
187
0219	0.4711	0.9000	0.7979	0.7880	0.2094s	0.7365	0.7900	0.7907
188
0220	0.4775	0.8556	0.7922	0.7880	0.2075s	0.7349	0.7910	0.7917
189
0221	0.5179	0.8778	0.7888	0.7880	0.2060s	0.7354	0.7900	0.7908
190
0222	0.5014	0.8556	0.7852	0.7840	0.2075s	0.7350	0.7910	0.7915
191
0223	0.4511	0.8389	0.7834	0.7820	0.2074s	0.7353	0.7900	0.7896
192
0224	0.4807	0.9111	0.7836	0.7800	0.2073s	0.7371	0.7920	0.7906
193
0225	0.4754	0.8833	0.7839	0.7860	0.2077s	0.7384	0.7910	0.7892
194
0226	0.5287	0.8944	0.7818	0.7840	0.2072s	0.7377	0.7910	0.7893
195
0227	0.5093	0.8833	0.7752	0.7900	0.2073s	0.7322	0.7910	0.7893
196
0228	0.4977	0.9111	0.7732	0.7820	0.2075s	0.7284	0.7930	0.7914
197
0229	0.6059	0.8778	0.7756	0.7800	0.2053s	0.7264	0.7930	0.7911
198
0230	0.4771	0.8500	0.7780	0.7800	0.2073s	0.7248	0.7910	0.7891
199
Early stop! Min loss:0.6201893091201782,  Max accuracy:0.8140000000000001
Early stop model validation loss:0.6201893091201782,  accuracy:0.794
Optimization Finished!
Total time elapsed: 46.5839s
test max acc:0.8290
Loading 29th epoch
stru_node_to_hop attention:tensor([[0.3331, 0.3336, 0.3333],
        [0.3333, 0.3334, 0.3334],
        [0.3333, 0.3333, 0.3335],
        [0.3333, 0.3334, 0.3333],
        [0.3333, 0.3334, 0.3333],
        [0.3332, 0.3334, 0.3334],
        [0.3330, 0.3335, 0.3335],
        [0.3329, 0.3335, 0.3336],
        [0.3331, 0.3337, 0.3333],
        [0.3332, 0.3334, 0.3334],
        [0.3333, 0.3333, 0.3334],
        [0.3333, 0.3334, 0.3333],
        [0.3333, 0.3334, 0.3333],
        [0.3334, 0.3333, 0.3334],
        [0.3329, 0.3335, 0.3335],
        [0.3333, 0.3333, 0.3334],
        [0.3335, 0.3332, 0.3333],
        [0.3332, 0.3335, 0.3334],
        [0.3288, 0.3684, 0.3028],
        [0.3332, 0.3334, 0.3334],
        [0.3332, 0.3334, 0.3334],
        [0.3334, 0.3333, 0.3333],
        [0.3332, 0.3334, 0.3334],
        [0.3331, 0.3334, 0.3334],
        [0.3332, 0.3334, 0.3334],
        [0.3331, 0.3336, 0.3333],
        [0.3335, 0.3332, 0.3333],
        [0.3331, 0.3335, 0.3334],
        [0.3331, 0.3335, 0.3334],
        [0.3331, 0.3335, 0.3334],
        [0.3334, 0.3333, 0.3333],
        [0.3333, 0.3335, 0.3332],
        [0.3330, 0.3336, 0.3335],
        [0.3327, 0.3338, 0.3334],
        [0.3333, 0.3334, 0.3334],
        [0.3334, 0.3331, 0.3335],
        [0.3330, 0.3334, 0.3336],
        [0.3331, 0.3335, 0.3334],
        [0.3332, 0.3335, 0.3333],
        [0.3331, 0.3334, 0.3334],
        [0.3334, 0.3333, 0.3333],
        [0.3331, 0.3334, 0.3334],
        [0.3331, 0.3336, 0.3333],
        [0.3331, 0.3334, 0.3334],
        [0.3331, 0.3335, 0.3334],
        [0.3332, 0.3334, 0.3335],
        [0.3331, 0.3335, 0.3334],
        [0.3332, 0.3334, 0.3334],
        [0.3330, 0.3338, 0.3333],
        [0.3331, 0.3336, 0.3333],
        [0.3331, 0.3335, 0.3334],
        [0.3335, 0.3332, 0.3333],
        [0.3328, 0.3338, 0.3335],
        [0.3330, 0.3337, 0.3334],
        [0.3332, 0.3335, 0.3333],
        [0.3331, 0.3334, 0.3335],
        [0.3333, 0.3333, 0.3334],
        [0.3332, 0.3334, 0.3334],
        [0.3328, 0.3335, 0.3336],
        [0.3333, 0.3333, 0.3334],
        [0.3326, 0.3338, 0.3336],
        [0.3332, 0.3334, 0.3334],
        [0.3333, 0.3334, 0.3334],
        [0.3333, 0.3333, 0.3334],
        [0.3333, 0.3333, 0.3333],
        [0.3333, 0.3333, 0.3333],
        [0.3332, 0.3334, 0.3334],
        [0.3330, 0.3335, 0.3335],
        [0.3329, 0.3336, 0.3335],
        [0.3333, 0.3334, 0.3333],
        [0.3331, 0.3334, 0.3334],
        [0.3334, 0.3333, 0.3333],
        [0.3331, 0.3335, 0.3334],
        [0.3332, 0.3334, 0.3334],
        [0.3332, 0.3334, 0.3334],
        [0.3331, 0.3336, 0.3334],
        [0.3331, 0.3335, 0.3334],
        [0.3334, 0.3332, 0.3334],
        [0.3331, 0.3335, 0.3333],
        [0.3332, 0.3334, 0.3334],
        [0.3332, 0.3334, 0.3333],
        [0.3326, 0.3338, 0.3336],
        [0.3333, 0.3334, 0.3333],
        [0.3334, 0.3333, 0.3333],
        [0.3333, 0.3333, 0.3333],
        [0.3332, 0.3334, 0.3334],
        [0.3334, 0.3333, 0.3334],
        [0.3333, 0.3333, 0.3333],
        [0.3331, 0.3335, 0.3335],
        [0.3332, 0.3334, 0.3334],
        [0.3330, 0.3335, 0.3335],
        [0.3330, 0.3335, 0.3335],
        [0.3333, 0.3333, 0.3334],
        [0.3334, 0.3333, 0.3334],
        [0.3332, 0.3334, 0.3334],
        [0.3332, 0.3334, 0.3334],
        [0.3332, 0.3334, 0.3334],
        [0.2632, 0.4099, 0.3269],
        [0.3331, 0.3334, 0.3334],
        [0.3333, 0.3334, 0.3333]], device='cuda:1')
fea_node_to_hop attention:tensor([[0.1429, 0.1428, 0.1427, 0.1429, 0.1428, 0.1429, 0.1429],
        [0.1429, 0.1430, 0.1426, 0.1429, 0.1428, 0.1429, 0.1429],
        [0.1429, 0.1430, 0.1426, 0.1429, 0.1428, 0.1429, 0.1429],
        [0.1428, 0.1428, 0.1428, 0.1429, 0.1429, 0.1429, 0.1429],
        [0.1429, 0.1427, 0.1427, 0.1429, 0.1429, 0.1429, 0.1429],
        [0.1428, 0.1429, 0.1427, 0.1429, 0.1428, 0.1430, 0.1429],
        [0.1429, 0.1429, 0.1426, 0.1429, 0.1428, 0.1429, 0.1429],
        [0.1429, 0.1429, 0.1428, 0.1429, 0.1428, 0.1429, 0.1428],
        [0.1426, 0.1428, 0.1429, 0.1429, 0.1429, 0.1430, 0.1430],
        [0.1429, 0.1429, 0.1428, 0.1428, 0.1429, 0.1429, 0.1429],
        [0.1429, 0.1428, 0.1428, 0.1429, 0.1429, 0.1429, 0.1429],
        [0.1429, 0.1428, 0.1428, 0.1428, 0.1429, 0.1429, 0.1429],
        [0.1428, 0.1428, 0.1428, 0.1429, 0.1429, 0.1429, 0.1429],
        [0.1428, 0.1428, 0.1429, 0.1429, 0.1429, 0.1429, 0.1429],
        [0.1428, 0.1428, 0.1429, 0.1429, 0.1429, 0.1429, 0.1429],
        [0.1429, 0.1427, 0.1428, 0.1428, 0.1429, 0.1429, 0.1430],
        [0.1429, 0.1427, 0.1428, 0.1429, 0.1429, 0.1429, 0.1429],
        [0.1428, 0.1428, 0.1429, 0.1429, 0.1429, 0.1429, 0.1429],
        [0.1197, 0.1410, 0.1484, 0.1528, 0.1493, 0.1461, 0.1427],
        [0.1429, 0.1426, 0.1428, 0.1429, 0.1429, 0.1429, 0.1429],
        [0.1428, 0.1428, 0.1429, 0.1429, 0.1429, 0.1429, 0.1429],
        [0.1428, 0.1428, 0.1428, 0.1429, 0.1429, 0.1429, 0.1429],
        [0.1428, 0.1427, 0.1429, 0.1429, 0.1429, 0.1429, 0.1429],
        [0.1429, 0.1427, 0.1429, 0.1429, 0.1429, 0.1429, 0.1429],
        [0.1429, 0.1428, 0.1428, 0.1429, 0.1429, 0.1429, 0.1429],
        [0.1429, 0.1428, 0.1428, 0.1428, 0.1429, 0.1429, 0.1429],
        [0.1427, 0.1427, 0.1428, 0.1429, 0.1429, 0.1429, 0.1429],
        [0.1427, 0.1428, 0.1428, 0.1429, 0.1429, 0.1429, 0.1429],
        [0.1429, 0.1428, 0.1428, 0.1428, 0.1429, 0.1429, 0.1429],
        [0.1428, 0.1428, 0.1428, 0.1429, 0.1429, 0.1429, 0.1429],
        [0.1429, 0.1427, 0.1428, 0.1428, 0.1429, 0.1429, 0.1429],
        [0.1428, 0.1428, 0.1428, 0.1429, 0.1429, 0.1429, 0.1429],
        [0.1428, 0.1427, 0.1428, 0.1429, 0.1429, 0.1429, 0.1430],
        [0.1427, 0.1429, 0.1429, 0.1429, 0.1429, 0.1429, 0.1429],
        [0.1429, 0.1428, 0.1428, 0.1429, 0.1429, 0.1429, 0.1429],
        [0.1429, 0.1427, 0.1428, 0.1428, 0.1429, 0.1429, 0.1430],
        [0.1428, 0.1428, 0.1428, 0.1429, 0.1429, 0.1429, 0.1430],
        [0.1429, 0.1427, 0.1428, 0.1429, 0.1429, 0.1429, 0.1429],
        [0.1429, 0.1428, 0.1428, 0.1429, 0.1429, 0.1429, 0.1429],
        [0.1429, 0.1429, 0.1428, 0.1428, 0.1429, 0.1429, 0.1429],
        [0.1428, 0.1427, 0.1429, 0.1429, 0.1429, 0.1429, 0.1429],
        [0.1429, 0.1427, 0.1428, 0.1429, 0.1429, 0.1429, 0.1429],
        [0.1428, 0.1427, 0.1428, 0.1429, 0.1429, 0.1429, 0.1430],
        [0.1428, 0.1427, 0.1428, 0.1429, 0.1429, 0.1429, 0.1429],
        [0.1428, 0.1428, 0.1428, 0.1429, 0.1429, 0.1429, 0.1429],
        [0.1429, 0.1428, 0.1428, 0.1428, 0.1429, 0.1429, 0.1429],
        [0.1428, 0.1428, 0.1428, 0.1429, 0.1429, 0.1429, 0.1429],
        [0.1428, 0.1428, 0.1428, 0.1429, 0.1429, 0.1429, 0.1429],
        [0.1428, 0.1428, 0.1429, 0.1429, 0.1429, 0.1429, 0.1429],
        [0.1428, 0.1428, 0.1428, 0.1429, 0.1429, 0.1429, 0.1429],
        [0.1428, 0.1428, 0.1428, 0.1429, 0.1429, 0.1429, 0.1429],
        [0.1428, 0.1428, 0.1428, 0.1428, 0.1429, 0.1429, 0.1429],
        [0.1428, 0.1428, 0.1428, 0.1428, 0.1429, 0.1429, 0.1430],
        [0.1427, 0.1428, 0.1428, 0.1429, 0.1429, 0.1429, 0.1429],
        [0.1428, 0.1428, 0.1428, 0.1429, 0.1429, 0.1429, 0.1429],
        [0.1428, 0.1428, 0.1428, 0.1429, 0.1429, 0.1429, 0.1429],
        [0.1428, 0.1428, 0.1428, 0.1429, 0.1429, 0.1429, 0.1429],
        [0.1428, 0.1428, 0.1428, 0.1429, 0.1429, 0.1429, 0.1429],
        [0.1429, 0.1428, 0.1428, 0.1429, 0.1429, 0.1429, 0.1429],
        [0.1428, 0.1428, 0.1428, 0.1429, 0.1429, 0.1429, 0.1429],
        [0.1422, 0.1429, 0.1429, 0.1430, 0.1430, 0.1430, 0.1430],
        [0.1428, 0.1428, 0.1428, 0.1429, 0.1429, 0.1429, 0.1429],
        [0.1429, 0.1426, 0.1429, 0.1429, 0.1429, 0.1429, 0.1429],
        [0.1428, 0.1428, 0.1429, 0.1429, 0.1429, 0.1429, 0.1429],
        [0.1428, 0.1428, 0.1428, 0.1429, 0.1429, 0.1429, 0.1429],
        [0.1428, 0.1428, 0.1429, 0.1429, 0.1429, 0.1429, 0.1429],
        [0.1428, 0.1428, 0.1428, 0.1429, 0.1429, 0.1429, 0.1429],
        [0.1428, 0.1428, 0.1428, 0.1429, 0.1429, 0.1429, 0.1429],
        [0.1428, 0.1427, 0.1428, 0.1428, 0.1429, 0.1429, 0.1429],
        [0.1428, 0.1428, 0.1428, 0.1429, 0.1429, 0.1429, 0.1429],
        [0.1428, 0.1428, 0.1428, 0.1429, 0.1429, 0.1429, 0.1429],
        [0.1428, 0.1428, 0.1428, 0.1429, 0.1429, 0.1429, 0.1429],
        [0.1428, 0.1428, 0.1428, 0.1429, 0.1429, 0.1429, 0.1429],
        [0.1429, 0.1428, 0.1428, 0.1428, 0.1429, 0.1429, 0.1429],
        [0.1429, 0.1428, 0.1428, 0.1428, 0.1429, 0.1429, 0.1429],
        [0.1429, 0.1428, 0.1428, 0.1428, 0.1429, 0.1429, 0.1429],
        [0.1428, 0.1428, 0.1428, 0.1429, 0.1429, 0.1429, 0.1429],
        [0.1429, 0.1425, 0.1428, 0.1429, 0.1429, 0.1430, 0.1430],
        [0.1428, 0.1428, 0.1428, 0.1429, 0.1429, 0.1429, 0.1429],
        [0.1428, 0.1429, 0.1429, 0.1429, 0.1429, 0.1429, 0.1429],
        [0.1430, 0.1428, 0.1428, 0.1428, 0.1428, 0.1429, 0.1429],
        [0.1428, 0.1428, 0.1429, 0.1429, 0.1429, 0.1429, 0.1429],
        [0.1428, 0.1428, 0.1429, 0.1429, 0.1429, 0.1429, 0.1429],
        [0.1428, 0.1427, 0.1429, 0.1429, 0.1429, 0.1429, 0.1429],
        [0.1428, 0.1428, 0.1428, 0.1429, 0.1429, 0.1429, 0.1429],
        [0.1429, 0.1427, 0.1428, 0.1429, 0.1429, 0.1429, 0.1429],
        [0.1428, 0.1428, 0.1428, 0.1429, 0.1429, 0.1429, 0.1429],
        [0.1428, 0.1428, 0.1429, 0.1429, 0.1429, 0.1429, 0.1429],
        [0.1428, 0.1427, 0.1429, 0.1429, 0.1429, 0.1429, 0.1429],
        [0.1429, 0.1425, 0.1429, 0.1429, 0.1429, 0.1429, 0.1430],
        [0.1429, 0.1427, 0.1428, 0.1429, 0.1429, 0.1429, 0.1429],
        [0.1429, 0.1427, 0.1428, 0.1429, 0.1429, 0.1429, 0.1429],
        [0.1428, 0.1428, 0.1428, 0.1428, 0.1429, 0.1429, 0.1429],
        [0.1430, 0.1427, 0.1428, 0.1428, 0.1429, 0.1429, 0.1429],
        [0.1428, 0.1428, 0.1428, 0.1429, 0.1429, 0.1429, 0.1429],
        [0.1428, 0.1427, 0.1428, 0.1429, 0.1429, 0.1429, 0.1429],
        [0.1427, 0.1427, 0.1429, 0.1429, 0.1429, 0.1429, 0.1429],
        [0.1253, 0.1397, 0.1493, 0.1506, 0.1483, 0.1447, 0.1421],
        [0.1428, 0.1427, 0.1429, 0.1429, 0.1429, 0.1429, 0.1429],
        [0.1429, 0.1428, 0.1428, 0.1428, 0.1429, 0.1429, 0.1429]],
       device='cuda:1')
perception attention:tensor([0.3563, 0.6437], device='cuda:1')
Test set results: loss= 0.6099 accuracy= 0.8220 F1_score= 0.8231
