# epoch	loss_train	acc_train	loss_val	acc_val	time	acc_test	f1_test
0001	2.1947	0.1611	2.1395	0.3540	0.1924s	2.1399	0.3670	0.2969
0
0002	2.1453	0.2444	2.0682	0.3920	0.1878s	2.0706	0.4040	0.3606
0
0003	2.0783	0.3500	1.9871	0.4980	0.1931s	1.9920	0.5230	0.4837
0
0004	2.0116	0.3778	1.8979	0.6100	0.1936s	1.9025	0.6370	0.6136
0
0005	1.9626	0.4167	1.7999	0.6900	0.1933s	1.8026	0.7270	0.7122
0
0006	1.8674	0.5222	1.6940	0.7520	0.1901s	1.6962	0.7750	0.7693
0
0007	1.7686	0.6222	1.5818	0.7740	0.1939s	1.5823	0.7960	0.7902
0
0008	1.6676	0.6667	1.4663	0.7680	0.1933s	1.4644	0.7960	0.7873
0
0009	1.5730	0.7389	1.3511	0.7620	0.1929s	1.3468	0.7900	0.7811
0
0010	1.4671	0.6944	1.2433	0.7640	0.1936s	1.2370	0.7840	0.7777
0
0011	1.4421	0.7278	1.1426	0.7840	0.1935s	1.1349	0.8050	0.8062
0
0012	1.3186	0.7611	1.0513	0.8000	0.1930s	1.0437	0.8280	0.8298
0
0013	1.2421	0.7722	0.9727	0.8060	0.1930s	0.9655	0.8160	0.8186
0
0014	1.1711	0.7889	0.9065	0.7600	0.1915s	0.9002	0.7860	0.7853
0
0015	1.0948	0.7889	0.8507	0.7540	0.1975s	0.8468	0.7720	0.7679
0
0016	1.0783	0.7722	0.8032	0.7700	0.2014s	0.8013	0.7840	0.7845
0
0017	0.9702	0.7833	0.7642	0.7860	0.1887s	0.7628	0.7960	0.8006
0
0018	1.0156	0.7833	0.7312	0.7980	0.1921s	0.7287	0.8130	0.8167
0
0019	0.9685	0.8278	0.7063	0.7900	0.1884s	0.6999	0.8220	0.8258
0
0020	0.9074	0.8111	0.6871	0.7960	0.1945s	0.6754	0.8310	0.8345
0
0021	0.8596	0.7944	0.6753	0.7900	0.1929s	0.6554	0.8300	0.8329
0
0022	0.8497	0.8278	0.6704	0.7920	0.1931s	0.6414	0.8290	0.8320
0
0023	0.7990	0.8167	0.6670	0.8000	0.1916s	0.6332	0.8190	0.8215
0
0024	0.8030	0.8278	0.6587	0.7980	0.1928s	0.6221	0.8190	0.8197
0
0025	0.7437	0.8444	0.6485	0.8000	0.1933s	0.6102	0.8190	0.8183
0
0026	0.7203	0.8444	0.6441	0.8040	0.1931s	0.6033	0.8240	0.8240
0
0027	0.7049	0.8389	0.6441	0.8040	0.1935s	0.6029	0.8250	0.8256
0
0028	0.7191	0.8222	0.6509	0.7940	0.1932s	0.6094	0.8140	0.8159
1
0029	0.7066	0.8611	0.6584	0.7800	0.1878s	0.6192	0.8140	0.8163
2
0030	0.6426	0.8222	0.6631	0.7800	0.1932s	0.6258	0.8130	0.8155
3
0031	0.6949	0.8278	0.6654	0.7820	0.1897s	0.6313	0.8100	0.8119
4
0032	0.6641	0.8444	0.6654	0.7880	0.1925s	0.6350	0.8110	0.8121
5
0033	0.6706	0.8556	0.6672	0.7900	0.1913s	0.6362	0.8080	0.8081
6
0034	0.6720	0.8056	0.6699	0.7840	0.1924s	0.6365	0.8020	0.8013
7
0035	0.6601	0.8444	0.6753	0.7820	0.1943s	0.6368	0.8010	0.7997
8
0036	0.6590	0.8833	0.6799	0.7840	0.1931s	0.6353	0.8020	0.8012
9
0037	0.6753	0.8556	0.6802	0.7900	0.1926s	0.6288	0.8050	0.8056
10
0038	0.6500	0.8556	0.6817	0.7980	0.1931s	0.6257	0.8030	0.8057
11
0039	0.6649	0.8667	0.6861	0.7860	0.1929s	0.6299	0.8040	0.8068
12
0040	0.6309	0.8278	0.6898	0.7820	0.1928s	0.6344	0.8050	0.8077
13
0041	0.5799	0.8833	0.6936	0.7920	0.1929s	0.6397	0.8040	0.8054
14
0042	0.5897	0.8667	0.6938	0.7920	0.1927s	0.6422	0.8070	0.8074
15
0043	0.6190	0.8722	0.6951	0.7880	0.1925s	0.6449	0.8070	0.8067
16
0044	0.6180	0.8722	0.6965	0.7840	0.1947s	0.6471	0.8050	0.8046
17
0045	0.6697	0.8278	0.7003	0.7880	0.1932s	0.6524	0.8000	0.8009
18
0046	0.5782	0.8333	0.7132	0.7840	0.1879s	0.6668	0.7870	0.7899
19
0047	0.5803	0.8222	0.7146	0.7800	0.1926s	0.6736	0.7870	0.7910
20
0048	0.5599	0.9000	0.7080	0.7860	0.1899s	0.6727	0.7910	0.7952
21
0049	0.6393	0.8722	0.6947	0.7900	0.1928s	0.6639	0.7990	0.8014
22
0050	0.5995	0.8722	0.6851	0.8000	0.1929s	0.6556	0.7980	0.7985
23
0051	0.6528	0.8611	0.6831	0.8000	0.1913s	0.6529	0.7980	0.7970
24
0052	0.5630	0.8556	0.6889	0.7940	0.2000s	0.6534	0.8000	0.7990
25
0053	0.6065	0.8556	0.6952	0.7920	0.1934s	0.6543	0.8040	0.8029
26
0054	0.6800	0.8833	0.7033	0.7880	0.1932s	0.6572	0.8010	0.8007
27
0055	0.5430	0.8889	0.7128	0.7880	0.1948s	0.6629	0.7990	0.8001
28
0056	0.6146	0.8500	0.7249	0.7880	0.1927s	0.6721	0.7920	0.7935
29
0057	0.5679	0.9056	0.7337	0.7820	0.1942s	0.6771	0.7900	0.7923
30
0058	0.6302	0.8556	0.7326	0.7820	0.1930s	0.6756	0.7870	0.7896
31
0059	0.5618	0.8778	0.7351	0.7780	0.1930s	0.6783	0.7850	0.7876
32
0060	0.5464	0.8722	0.7311	0.7800	0.1997s	0.6753	0.7870	0.7882
33
0061	0.5639	0.8667	0.7222	0.7820	0.1887s	0.6692	0.8010	0.8003
34
0062	0.5419	0.8833	0.7132	0.7820	0.1913s	0.6631	0.8020	0.8007
35
0063	0.5346	0.8722	0.7094	0.7840	0.1934s	0.6595	0.8020	0.8020
36
0064	0.5507	0.8722	0.7128	0.7820	0.1931s	0.6599	0.8070	0.8071
37
0065	0.5422	0.8889	0.7164	0.7840	0.1929s	0.6608	0.8100	0.8103
38
0066	0.5572	0.8556	0.7215	0.7900	0.1949s	0.6627	0.8090	0.8096
39
0067	0.5853	0.8722	0.7317	0.7840	0.1930s	0.6681	0.7990	0.8008
40
0068	0.6014	0.8889	0.7464	0.7820	0.1943s	0.6772	0.7950	0.7976
41
0069	0.5662	0.8556	0.7601	0.7780	0.1935s	0.6867	0.7930	0.7951
42
0070	0.5512	0.8556	0.7659	0.7740	0.1910s	0.6908	0.7920	0.7942
43
0071	0.5832	0.8611	0.7646	0.7760	0.1924s	0.6912	0.7960	0.7980
44
0072	0.5511	0.8833	0.7602	0.7780	0.1924s	0.6888	0.8030	0.8046
45
0073	0.6690	0.9056	0.7585	0.7780	0.1930s	0.6885	0.8020	0.8036
46
0074	0.5306	0.8500	0.7538	0.7780	0.1929s	0.6853	0.8000	0.8019
47
0075	0.5334	0.9111	0.7528	0.7740	0.1929s	0.6849	0.8030	0.8045
48
0076	0.6016	0.8611	0.7542	0.7680	0.1931s	0.6879	0.8010	0.8024
49
0077	0.4766	0.9000	0.7560	0.7760	0.1927s	0.6910	0.7980	0.7994
50
0078	0.5485	0.9056	0.7570	0.7680	0.1929s	0.6934	0.7930	0.7948
51
0079	0.4882	0.9056	0.7508	0.7700	0.1881s	0.6895	0.7980	0.7987
52
0080	0.5460	0.8722	0.7445	0.7740	0.1926s	0.6847	0.7980	0.7980
53
0081	0.5537	0.8889	0.7418	0.7760	0.1926s	0.6822	0.8040	0.8034
54
0082	0.5318	0.8778	0.7413	0.7740	0.1930s	0.6791	0.8040	0.8045
55
0083	0.5603	0.8556	0.7408	0.7720	0.1927s	0.6774	0.8050	0.8059
56
0084	0.5275	0.8722	0.7452	0.7780	0.1932s	0.6810	0.8010	0.8030
57
0085	0.6029	0.8500	0.7556	0.7740	0.1930s	0.6887	0.8010	0.8038
58
0086	0.5385	0.9056	0.7670	0.7740	0.1934s	0.6980	0.8000	0.8023
59
0087	0.5247	0.8889	0.7723	0.7700	0.1912s	0.7031	0.7990	0.8007
60
0088	0.5680	0.8556	0.7767	0.7740	0.1907s	0.7041	0.7990	0.8000
61
0089	0.5722	0.8778	0.7855	0.7740	0.1917s	0.7094	0.7970	0.7980
62
0090	0.5710	0.8556	0.7933	0.7740	0.1928s	0.7158	0.7980	0.7996
63
0091	0.5370	0.8667	0.7916	0.7760	0.1927s	0.7179	0.7970	0.7986
64
0092	0.5745	0.8611	0.7843	0.7760	0.1913s	0.7161	0.7920	0.7939
65
0093	0.5350	0.8889	0.7744	0.7820	0.1899s	0.7126	0.7910	0.7935
66
0094	0.5298	0.8278	0.7644	0.7860	0.1925s	0.7101	0.7920	0.7942
67
0095	0.5680	0.8667	0.7564	0.7860	0.1914s	0.7104	0.7930	0.7953
68
0096	0.5180	0.8556	0.7506	0.7840	0.1912s	0.7132	0.7910	0.7933
69
0097	0.4845	0.8778	0.7472	0.7820	0.1913s	0.7158	0.7900	0.7923
70
0098	0.5613	0.9000	0.7501	0.7780	0.1933s	0.7209	0.7930	0.7949
71
0099	0.4865	0.9056	0.7527	0.7780	0.1926s	0.7247	0.7910	0.7930
72
0100	0.4786	0.8444	0.7583	0.7800	0.1927s	0.7287	0.7910	0.7935
73
0101	0.5362	0.8667	0.7628	0.7780	0.2011s	0.7324	0.7870	0.7900
74
0102	0.5075	0.8833	0.7648	0.7820	0.2069s	0.7318	0.7900	0.7932
75
0103	0.5511	0.8722	0.7633	0.7860	0.2061s	0.7258	0.7930	0.7960
76
0104	0.5169	0.8778	0.7591	0.7880	0.2065s	0.7173	0.7960	0.7987
77
0105	0.5524	0.8611	0.7536	0.7900	0.2068s	0.7096	0.8010	0.8027
78
0106	0.4930	0.9000	0.7521	0.7840	0.1954s	0.7060	0.8030	0.8037
79
0107	0.5211	0.8611	0.7570	0.7880	0.1942s	0.7061	0.7990	0.7991
80
0108	0.5744	0.8833	0.7650	0.7860	0.1938s	0.7094	0.7990	0.7984
81
0109	0.5227	0.8611	0.7703	0.7900	0.1943s	0.7136	0.7960	0.7951
82
0110	0.5008	0.9000	0.7736	0.7860	0.1928s	0.7159	0.7930	0.7923
83
0111	0.5118	0.8889	0.7781	0.7800	0.1926s	0.7202	0.7910	0.7913
84
0112	0.5695	0.8444	0.7765	0.7760	0.1946s	0.7184	0.7910	0.7918
85
0113	0.5244	0.8778	0.7703	0.7780	0.1924s	0.7130	0.7930	0.7938
86
0114	0.5083	0.8611	0.7609	0.7720	0.1908s	0.7065	0.7970	0.7983
87
0115	0.6034	0.8556	0.7523	0.7740	0.1935s	0.7018	0.7970	0.7971
88
0116	0.5380	0.9000	0.7476	0.7760	0.1932s	0.6992	0.7980	0.7979
89
0117	0.5494	0.8333	0.7476	0.7740	0.1932s	0.7001	0.7970	0.7973
90
0118	0.4644	0.8722	0.7551	0.7680	0.1931s	0.7057	0.7930	0.7940
91
0119	0.5349	0.8889	0.7668	0.7680	0.1933s	0.7136	0.7920	0.7931
92
0120	0.5089	0.8944	0.7791	0.7680	0.1932s	0.7237	0.7840	0.7844
93
0121	0.5041	0.8722	0.7910	0.7700	0.1916s	0.7334	0.7810	0.7804
94
0122	0.6081	0.8611	0.7980	0.7700	0.1933s	0.7404	0.7820	0.7810
95
0123	0.5038	0.8444	0.8008	0.7700	0.1916s	0.7414	0.7820	0.7811
96
0124	0.5622	0.8444	0.7988	0.7700	0.1937s	0.7380	0.7830	0.7828
97
0125	0.4761	0.9056	0.7984	0.7640	0.2013s	0.7334	0.7950	0.7961
98
0126	0.4689	0.9222	0.8019	0.7700	0.2069s	0.7355	0.7970	0.7990
99
0127	0.4980	0.8833	0.7985	0.7680	0.2062s	0.7359	0.7970	0.7992
100
0128	0.4990	0.9111	0.7948	0.7680	0.2077s	0.7372	0.7960	0.7978
101
0129	0.5084	0.8833	0.7896	0.7700	0.2060s	0.7373	0.7980	0.7995
102
0130	0.5113	0.9167	0.7853	0.7700	0.2089s	0.7380	0.7990	0.7999
103
0131	0.5039	0.8556	0.7825	0.7680	0.2041s	0.7417	0.7960	0.7963
104
0132	0.4898	0.8722	0.7904	0.7680	0.2064s	0.7505	0.7860	0.7860
105
0133	0.5409	0.8889	0.7996	0.7680	0.2070s	0.7581	0.7820	0.7819
106
0134	0.5812	0.8778	0.8005	0.7680	0.1936s	0.7556	0.7820	0.7829
107
0135	0.5158	0.8722	0.7949	0.7760	0.1971s	0.7508	0.7840	0.7858
108
0136	0.5063	0.9278	0.7911	0.7700	0.1932s	0.7464	0.7800	0.7830
109
0137	0.5385	0.8389	0.7836	0.7680	0.1892s	0.7403	0.7900	0.7930
110
0138	0.5330	0.9000	0.7804	0.7700	0.1936s	0.7365	0.7930	0.7962
111
0139	0.5784	0.8833	0.7739	0.7680	0.1932s	0.7293	0.7970	0.7999
112
0140	0.4705	0.8667	0.7722	0.7700	0.1911s	0.7246	0.7970	0.7999
113
0141	0.5628	0.8389	0.7753	0.7800	0.1915s	0.7246	0.7990	0.8005
114
0142	0.5001	0.8667	0.7794	0.7760	0.1910s	0.7281	0.8010	0.8011
115
0143	0.5125	0.8611	0.7842	0.7700	0.1917s	0.7323	0.7960	0.7958
116
0144	0.5260	0.9000	0.7917	0.7780	0.1933s	0.7354	0.7960	0.7957
117
0145	0.5410	0.8778	0.7928	0.7820	0.1933s	0.7355	0.7970	0.7961
118
0146	0.5323	0.8778	0.7910	0.7780	0.1926s	0.7339	0.7980	0.7970
119
0147	0.4442	0.8778	0.7895	0.7780	0.1932s	0.7318	0.7990	0.7980
120
0148	0.5217	0.8833	0.7879	0.7800	0.1924s	0.7301	0.8010	0.8000
121
0149	0.5446	0.8778	0.7878	0.7840	0.1911s	0.7291	0.7990	0.7989
122
0150	0.4825	0.8722	0.7929	0.7800	0.1877s	0.7331	0.7920	0.7928
123
0151	0.4691	0.8889	0.7968	0.7700	0.1926s	0.7401	0.7850	0.7868
124
0152	0.5261	0.8667	0.7936	0.7740	0.2173s	0.7428	0.7820	0.7846
125
0153	0.4657	0.9333	0.7892	0.7740	0.2074s	0.7435	0.7820	0.7847
126
0154	0.4925	0.8778	0.7816	0.7780	0.2049s	0.7406	0.7840	0.7861
127
0155	0.5339	0.8778	0.7730	0.7860	0.2081s	0.7357	0.7910	0.7921
128
0156	0.4828	0.9111	0.7727	0.7820	0.2065s	0.7326	0.7960	0.7962
129
0157	0.4969	0.8778	0.7772	0.7840	0.2064s	0.7329	0.7950	0.7950
130
0158	0.5285	0.8444	0.7877	0.7820	0.2080s	0.7387	0.7910	0.7905
131
0159	0.5218	0.8778	0.7975	0.7840	0.2044s	0.7454	0.7910	0.7909
132
0160	0.4431	0.8611	0.8033	0.7820	0.2047s	0.7492	0.7930	0.7937
133
0161	0.5480	0.8778	0.8044	0.7700	0.2062s	0.7500	0.7910	0.7918
134
0162	0.5073	0.8611	0.8071	0.7640	0.2065s	0.7535	0.7910	0.7928
135
0163	0.4856	0.8889	0.8080	0.7620	0.2062s	0.7555	0.7930	0.7943
136
0164	0.5047	0.8889	0.8067	0.7660	0.2080s	0.7527	0.7930	0.7940
137
0165	0.4575	0.8778	0.8060	0.7720	0.2061s	0.7514	0.7930	0.7930
138
0166	0.4999	0.8833	0.8100	0.7760	0.2061s	0.7536	0.7920	0.7919
139
0167	0.5193	0.8500	0.8127	0.7760	0.2069s	0.7534	0.7930	0.7930
140
0168	0.4922	0.8556	0.8109	0.7740	0.2065s	0.7493	0.7930	0.7934
141
0169	0.4865	0.8833	0.8058	0.7700	0.2073s	0.7447	0.7990	0.7995
142
0170	0.5663	0.9111	0.8010	0.7700	0.2055s	0.7435	0.7980	0.7992
143
0171	0.4841	0.8556	0.8001	0.7760	0.2063s	0.7465	0.7980	0.7994
144
0172	0.4886	0.8611	0.7999	0.7760	0.2064s	0.7467	0.7970	0.7979
145
0173	0.4965	0.9111	0.8013	0.7760	0.2053s	0.7482	0.7940	0.7945
146
0174	0.4946	0.8167	0.8065	0.7760	0.2067s	0.7496	0.7960	0.7960
147
0175	0.4803	0.9111	0.8117	0.7780	0.2064s	0.7502	0.7950	0.7953
148
0176	0.5611	0.8778	0.8145	0.7840	0.2066s	0.7486	0.7980	0.7986
149
0177	0.5024	0.9222	0.8200	0.7820	0.2042s	0.7495	0.7950	0.7957
150
0178	0.5654	0.8833	0.8251	0.7800	0.2083s	0.7523	0.7920	0.7926
151
0179	0.4401	0.8889	0.8292	0.7800	0.2043s	0.7544	0.7930	0.7933
152
0180	0.5456	0.9000	0.8328	0.7820	0.2046s	0.7557	0.7910	0.7916
153
0181	0.4723	0.8833	0.8321	0.7840	0.2068s	0.7562	0.7970	0.7978
154
0182	0.4951	0.8889	0.8283	0.7860	0.2060s	0.7552	0.7970	0.7985
155
0183	0.4837	0.8778	0.8229	0.7860	0.2062s	0.7556	0.7930	0.7950
156
0184	0.4815	0.8556	0.8195	0.7880	0.2064s	0.7560	0.7950	0.7973
157
0185	0.5146	0.8944	0.8144	0.7840	0.1906s	0.7541	0.7940	0.7960
158
0186	0.4787	0.9111	0.8105	0.7800	0.1928s	0.7518	0.7930	0.7941
159
0187	0.4389	0.8944	0.8079	0.7760	0.1927s	0.7486	0.7950	0.7957
160
0188	0.5104	0.9222	0.8025	0.7840	0.1922s	0.7432	0.7980	0.7983
161
0189	0.4891	0.8889	0.7962	0.7860	0.1928s	0.7372	0.8020	0.8017
162
0190	0.4479	0.8889	0.7963	0.7840	0.1925s	0.7346	0.8050	0.8042
163
0191	0.4871	0.9111	0.7978	0.7840	0.1926s	0.7352	0.8010	0.8005
164
0192	0.4959	0.9556	0.7998	0.7860	0.1929s	0.7362	0.8010	0.8010
165
0193	0.5007	0.8444	0.8041	0.7780	0.1897s	0.7404	0.7990	0.7999
166
0194	0.4867	0.8556	0.8079	0.7720	0.1947s	0.7449	0.7900	0.7925
167
0195	0.4827	0.8778	0.8086	0.7760	0.1928s	0.7479	0.7890	0.7925
168
0196	0.5078	0.8611	0.8038	0.7840	0.1922s	0.7464	0.7920	0.7963
169
0197	0.5747	0.8778	0.7988	0.7800	0.1927s	0.7420	0.7960	0.7993
170
0198	0.4176	0.9222	0.7903	0.7900	0.1929s	0.7363	0.8010	0.8030
171
0199	0.5572	0.8556	0.7793	0.7940	0.1928s	0.7310	0.8020	0.8031
172
0200	0.5098	0.8778	0.7735	0.7860	0.1927s	0.7261	0.8060	0.8062
173
0201	0.5901	0.8667	0.7681	0.7880	0.1927s	0.7201	0.8070	0.8073
174
0202	0.4867	0.8889	0.7635	0.7900	0.1930s	0.7155	0.8060	0.8054
175
0203	0.4393	0.9444	0.7632	0.7940	0.1947s	0.7132	0.8040	0.8037
176
0204	0.5528	0.8611	0.7674	0.7920	0.1913s	0.7134	0.8020	0.8018
177
0205	0.5232	0.8944	0.7728	0.7940	0.1930s	0.7161	0.8000	0.8003
178
0206	0.5676	0.8333	0.7736	0.7820	0.1927s	0.7166	0.8020	0.8024
179
0207	0.5069	0.8944	0.7737	0.7840	0.1930s	0.7171	0.8000	0.8007
180
0208	0.5210	0.8611	0.7725	0.7860	0.1930s	0.7158	0.8050	0.8062
181
0209	0.5336	0.8000	0.7719	0.7840	0.1925s	0.7159	0.8020	0.8037
182
0210	0.4818	0.9056	0.7716	0.7820	0.1927s	0.7159	0.8050	0.8080
183
0211	0.5189	0.8611	0.7685	0.7880	0.1929s	0.7147	0.8010	0.8045
184
0212	0.5180	0.8278	0.7684	0.7820	0.1921s	0.7149	0.7990	0.8026
185
0213	0.4395	0.9222	0.7695	0.7860	0.1909s	0.7170	0.8030	0.8056
186
0214	0.5548	0.8833	0.7666	0.7880	0.1930s	0.7163	0.8030	0.8050
187
0215	0.4580	0.8556	0.7690	0.7860	0.1911s	0.7195	0.8010	0.8018
188
0216	0.4482	0.8889	0.7745	0.7800	0.1926s	0.7252	0.8020	0.8013
189
0217	0.4656	0.8556	0.7746	0.7760	0.1927s	0.7274	0.8010	0.7995
190
0218	0.4422	0.8889	0.7727	0.7760	0.1928s	0.7279	0.8010	0.7995
191
0219	0.5050	0.9000	0.7725	0.7760	0.1932s	0.7278	0.8010	0.7996
192
0220	0.5707	0.8778	0.7731	0.7800	0.1908s	0.7272	0.8040	0.8031
193
0221	0.5684	0.8944	0.7766	0.7840	0.1928s	0.7274	0.8040	0.8038
194
0222	0.4662	0.8833	0.7832	0.7820	0.1969s	0.7320	0.8010	0.8009
195
0223	0.4949	0.8778	0.7941	0.7800	0.1933s	0.7390	0.7970	0.7961
196
0224	0.4646	0.9056	0.8083	0.7800	0.1930s	0.7483	0.7920	0.7909
197
0225	0.5137	0.8667	0.8242	0.7740	0.1933s	0.7585	0.7920	0.7907
198
0226	0.4720	0.8667	0.8392	0.7800	0.1926s	0.7678	0.7900	0.7888
199
Early stop! Min loss:0.6440589427947998,  Max accuracy:0.806
Early stop model validation loss:0.6440589427947998,  accuracy:0.804
Optimization Finished!
Total time elapsed: 45.1257s
test max acc:0.8310
Loading 25th epoch
stru_node_to_hop attention:tensor([[0.3332, 0.3334, 0.3334],
        [0.3333, 0.3333, 0.3333],
        [0.3333, 0.3334, 0.3334],
        [0.3334, 0.3333, 0.3333],
        [0.3331, 0.3334, 0.3334],
        [0.3332, 0.3333, 0.3334],
        [0.3327, 0.3337, 0.3336],
        [0.3335, 0.3331, 0.3334],
        [0.3334, 0.3334, 0.3332],
        [0.3332, 0.3333, 0.3334],
        [0.3334, 0.3333, 0.3333],
        [0.3329, 0.3336, 0.3335],
        [0.3335, 0.3332, 0.3333],
        [0.3333, 0.3334, 0.3334],
        [0.3331, 0.3334, 0.3335],
        [0.3335, 0.3332, 0.3333],
        [0.3334, 0.3332, 0.3333],
        [0.3332, 0.3335, 0.3333],
        [0.3292, 0.3753, 0.2955],
        [0.3333, 0.3334, 0.3334],
        [0.3332, 0.3334, 0.3334],
        [0.3335, 0.3332, 0.3333],
        [0.3332, 0.3333, 0.3334],
        [0.3332, 0.3334, 0.3334],
        [0.3331, 0.3335, 0.3334],
        [0.3334, 0.3334, 0.3333],
        [0.3331, 0.3335, 0.3335],
        [0.3332, 0.3334, 0.3333],
        [0.3332, 0.3334, 0.3334],
        [0.3331, 0.3335, 0.3334],
        [0.3333, 0.3333, 0.3334],
        [0.3334, 0.3333, 0.3333],
        [0.3331, 0.3335, 0.3335],
        [0.3328, 0.3339, 0.3334],
        [0.3333, 0.3334, 0.3333],
        [0.3334, 0.3332, 0.3334],
        [0.3334, 0.3332, 0.3334],
        [0.3332, 0.3334, 0.3334],
        [0.3332, 0.3336, 0.3332],
        [0.3332, 0.3335, 0.3334],
        [0.3331, 0.3335, 0.3334],
        [0.3334, 0.3332, 0.3334],
        [0.3332, 0.3334, 0.3334],
        [0.3332, 0.3334, 0.3334],
        [0.3332, 0.3334, 0.3334],
        [0.3329, 0.3335, 0.3336],
        [0.3332, 0.3335, 0.3333],
        [0.3334, 0.3333, 0.3333],
        [0.3329, 0.3337, 0.3333],
        [0.3331, 0.3336, 0.3333],
        [0.3333, 0.3334, 0.3333],
        [0.3334, 0.3332, 0.3333],
        [0.3333, 0.3334, 0.3333],
        [0.3330, 0.3336, 0.3334],
        [0.3332, 0.3334, 0.3334],
        [0.3333, 0.3334, 0.3333],
        [0.3332, 0.3334, 0.3334],
        [0.3329, 0.3336, 0.3335],
        [0.3333, 0.3333, 0.3334],
        [0.3331, 0.3334, 0.3335],
        [0.3331, 0.3335, 0.3334],
        [0.3332, 0.3334, 0.3334],
        [0.3333, 0.3333, 0.3334],
        [0.3331, 0.3334, 0.3335],
        [0.3334, 0.3333, 0.3333],
        [0.3332, 0.3334, 0.3334],
        [0.3333, 0.3334, 0.3334],
        [0.3332, 0.3334, 0.3334],
        [0.3332, 0.3334, 0.3334],
        [0.3333, 0.3333, 0.3333],
        [0.3331, 0.3335, 0.3335],
        [0.3332, 0.3334, 0.3334],
        [0.3330, 0.3336, 0.3334],
        [0.3332, 0.3334, 0.3334],
        [0.3331, 0.3335, 0.3334],
        [0.3333, 0.3334, 0.3334],
        [0.3330, 0.3335, 0.3335],
        [0.3334, 0.3333, 0.3333],
        [0.3329, 0.3336, 0.3335],
        [0.3332, 0.3333, 0.3334],
        [0.3333, 0.3334, 0.3333],
        [0.3331, 0.3335, 0.3334],
        [0.3333, 0.3334, 0.3333],
        [0.3332, 0.3334, 0.3334],
        [0.3335, 0.3332, 0.3333],
        [0.3333, 0.3334, 0.3334],
        [0.3330, 0.3335, 0.3335],
        [0.3331, 0.3334, 0.3334],
        [0.3331, 0.3334, 0.3335],
        [0.3332, 0.3334, 0.3334],
        [0.3332, 0.3334, 0.3334],
        [0.3330, 0.3334, 0.3335],
        [0.3331, 0.3334, 0.3335],
        [0.3331, 0.3334, 0.3335],
        [0.3333, 0.3334, 0.3334],
        [0.3332, 0.3334, 0.3334],
        [0.3333, 0.3333, 0.3333],
        [0.2662, 0.4139, 0.3199],
        [0.3331, 0.3335, 0.3335],
        [0.3333, 0.3333, 0.3334]], device='cuda:1')
fea_node_to_hop attention:tensor([[0.1426, 0.1429, 0.1428, 0.1429, 0.1429, 0.1430, 0.1429],
        [0.1428, 0.1429, 0.1428, 0.1429, 0.1428, 0.1429, 0.1429],
        [0.1429, 0.1430, 0.1427, 0.1429, 0.1428, 0.1429, 0.1429],
        [0.1429, 0.1429, 0.1428, 0.1429, 0.1428, 0.1429, 0.1429],
        [0.1429, 0.1429, 0.1427, 0.1429, 0.1428, 0.1429, 0.1429],
        [0.1429, 0.1429, 0.1428, 0.1429, 0.1428, 0.1429, 0.1429],
        [0.1428, 0.1429, 0.1428, 0.1429, 0.1429, 0.1429, 0.1429],
        [0.1429, 0.1430, 0.1426, 0.1429, 0.1428, 0.1429, 0.1429],
        [0.1428, 0.1428, 0.1428, 0.1429, 0.1429, 0.1429, 0.1429],
        [0.1428, 0.1428, 0.1428, 0.1429, 0.1429, 0.1429, 0.1429],
        [0.1429, 0.1428, 0.1428, 0.1429, 0.1429, 0.1429, 0.1429],
        [0.1427, 0.1428, 0.1429, 0.1429, 0.1429, 0.1429, 0.1429],
        [0.1428, 0.1428, 0.1428, 0.1429, 0.1429, 0.1429, 0.1430],
        [0.1428, 0.1428, 0.1429, 0.1429, 0.1429, 0.1429, 0.1429],
        [0.1428, 0.1428, 0.1428, 0.1429, 0.1429, 0.1429, 0.1429],
        [0.1428, 0.1427, 0.1428, 0.1429, 0.1429, 0.1429, 0.1429],
        [0.1429, 0.1427, 0.1428, 0.1428, 0.1429, 0.1429, 0.1429],
        [0.1428, 0.1428, 0.1429, 0.1429, 0.1429, 0.1429, 0.1429],
        [0.1261, 0.1484, 0.1507, 0.1507, 0.1455, 0.1409, 0.1377],
        [0.1428, 0.1428, 0.1428, 0.1429, 0.1429, 0.1429, 0.1429],
        [0.1428, 0.1428, 0.1428, 0.1429, 0.1429, 0.1429, 0.1429],
        [0.1428, 0.1428, 0.1428, 0.1429, 0.1429, 0.1429, 0.1429],
        [0.1429, 0.1428, 0.1428, 0.1429, 0.1429, 0.1429, 0.1429],
        [0.1428, 0.1428, 0.1429, 0.1429, 0.1429, 0.1429, 0.1429],
        [0.1428, 0.1428, 0.1428, 0.1429, 0.1429, 0.1429, 0.1429],
        [0.1426, 0.1429, 0.1429, 0.1429, 0.1429, 0.1429, 0.1429],
        [0.1427, 0.1429, 0.1429, 0.1429, 0.1429, 0.1429, 0.1429],
        [0.1427, 0.1427, 0.1429, 0.1429, 0.1429, 0.1429, 0.1430],
        [0.1429, 0.1428, 0.1428, 0.1429, 0.1429, 0.1429, 0.1429],
        [0.1428, 0.1428, 0.1428, 0.1429, 0.1429, 0.1429, 0.1429],
        [0.1429, 0.1428, 0.1428, 0.1428, 0.1429, 0.1429, 0.1429],
        [0.1427, 0.1428, 0.1429, 0.1429, 0.1429, 0.1429, 0.1429],
        [0.1428, 0.1428, 0.1428, 0.1429, 0.1429, 0.1429, 0.1429],
        [0.1428, 0.1428, 0.1428, 0.1429, 0.1429, 0.1429, 0.1429],
        [0.1429, 0.1428, 0.1428, 0.1429, 0.1429, 0.1429, 0.1429],
        [0.1428, 0.1428, 0.1428, 0.1429, 0.1429, 0.1429, 0.1429],
        [0.1425, 0.1428, 0.1429, 0.1429, 0.1429, 0.1430, 0.1430],
        [0.1429, 0.1427, 0.1428, 0.1429, 0.1429, 0.1429, 0.1429],
        [0.1426, 0.1428, 0.1429, 0.1429, 0.1429, 0.1430, 0.1430],
        [0.1429, 0.1428, 0.1428, 0.1429, 0.1429, 0.1429, 0.1429],
        [0.1428, 0.1428, 0.1429, 0.1429, 0.1429, 0.1429, 0.1429],
        [0.1428, 0.1427, 0.1428, 0.1429, 0.1429, 0.1429, 0.1429],
        [0.1429, 0.1428, 0.1428, 0.1428, 0.1429, 0.1429, 0.1429],
        [0.1429, 0.1427, 0.1428, 0.1428, 0.1429, 0.1429, 0.1429],
        [0.1428, 0.1428, 0.1428, 0.1429, 0.1429, 0.1429, 0.1429],
        [0.1428, 0.1428, 0.1429, 0.1429, 0.1429, 0.1429, 0.1429],
        [0.1428, 0.1428, 0.1428, 0.1429, 0.1429, 0.1429, 0.1429],
        [0.1429, 0.1428, 0.1428, 0.1428, 0.1429, 0.1429, 0.1429],
        [0.1428, 0.1428, 0.1428, 0.1429, 0.1429, 0.1429, 0.1429],
        [0.1428, 0.1428, 0.1428, 0.1429, 0.1429, 0.1429, 0.1429],
        [0.1428, 0.1428, 0.1428, 0.1429, 0.1429, 0.1429, 0.1429],
        [0.1428, 0.1428, 0.1428, 0.1429, 0.1429, 0.1429, 0.1429],
        [0.1428, 0.1429, 0.1428, 0.1428, 0.1429, 0.1429, 0.1429],
        [0.1429, 0.1428, 0.1428, 0.1428, 0.1429, 0.1429, 0.1429],
        [0.1428, 0.1428, 0.1428, 0.1429, 0.1429, 0.1429, 0.1429],
        [0.1428, 0.1428, 0.1429, 0.1429, 0.1429, 0.1429, 0.1429],
        [0.1428, 0.1428, 0.1429, 0.1429, 0.1429, 0.1429, 0.1429],
        [0.1427, 0.1428, 0.1429, 0.1429, 0.1429, 0.1429, 0.1429],
        [0.1428, 0.1428, 0.1429, 0.1429, 0.1429, 0.1429, 0.1429],
        [0.1428, 0.1429, 0.1428, 0.1429, 0.1429, 0.1429, 0.1429],
        [0.1428, 0.1428, 0.1428, 0.1429, 0.1429, 0.1429, 0.1429],
        [0.1428, 0.1428, 0.1429, 0.1429, 0.1429, 0.1429, 0.1429],
        [0.1428, 0.1428, 0.1428, 0.1429, 0.1429, 0.1429, 0.1429],
        [0.1428, 0.1428, 0.1429, 0.1429, 0.1429, 0.1429, 0.1429],
        [0.1428, 0.1428, 0.1428, 0.1429, 0.1429, 0.1429, 0.1429],
        [0.1427, 0.1428, 0.1429, 0.1429, 0.1429, 0.1429, 0.1429],
        [0.1428, 0.1428, 0.1429, 0.1429, 0.1429, 0.1429, 0.1429],
        [0.1428, 0.1428, 0.1428, 0.1429, 0.1429, 0.1429, 0.1429],
        [0.1427, 0.1428, 0.1428, 0.1429, 0.1429, 0.1429, 0.1430],
        [0.1429, 0.1428, 0.1428, 0.1429, 0.1429, 0.1429, 0.1429],
        [0.1427, 0.1429, 0.1428, 0.1429, 0.1429, 0.1429, 0.1429],
        [0.1426, 0.1427, 0.1429, 0.1429, 0.1429, 0.1430, 0.1430],
        [0.1428, 0.1427, 0.1428, 0.1429, 0.1429, 0.1429, 0.1429],
        [0.1428, 0.1428, 0.1428, 0.1429, 0.1429, 0.1429, 0.1429],
        [0.1427, 0.1429, 0.1428, 0.1429, 0.1429, 0.1429, 0.1429],
        [0.1429, 0.1428, 0.1428, 0.1429, 0.1429, 0.1429, 0.1429],
        [0.1428, 0.1428, 0.1428, 0.1429, 0.1429, 0.1429, 0.1429],
        [0.1428, 0.1427, 0.1429, 0.1429, 0.1429, 0.1429, 0.1429],
        [0.1429, 0.1428, 0.1428, 0.1429, 0.1429, 0.1429, 0.1429],
        [0.1428, 0.1429, 0.1428, 0.1429, 0.1429, 0.1429, 0.1429],
        [0.1429, 0.1428, 0.1428, 0.1428, 0.1429, 0.1429, 0.1429],
        [0.1428, 0.1428, 0.1429, 0.1429, 0.1429, 0.1429, 0.1429],
        [0.1427, 0.1428, 0.1429, 0.1429, 0.1429, 0.1429, 0.1429],
        [0.1428, 0.1428, 0.1429, 0.1429, 0.1429, 0.1429, 0.1429],
        [0.1427, 0.1428, 0.1428, 0.1429, 0.1429, 0.1429, 0.1429],
        [0.1428, 0.1428, 0.1428, 0.1429, 0.1429, 0.1429, 0.1429],
        [0.1428, 0.1428, 0.1429, 0.1429, 0.1429, 0.1429, 0.1429],
        [0.1428, 0.1428, 0.1429, 0.1429, 0.1429, 0.1429, 0.1429],
        [0.1428, 0.1428, 0.1429, 0.1429, 0.1429, 0.1429, 0.1429],
        [0.1429, 0.1428, 0.1428, 0.1429, 0.1429, 0.1429, 0.1429],
        [0.1429, 0.1427, 0.1428, 0.1429, 0.1429, 0.1429, 0.1429],
        [0.1429, 0.1427, 0.1429, 0.1429, 0.1429, 0.1429, 0.1429],
        [0.1429, 0.1428, 0.1428, 0.1428, 0.1428, 0.1429, 0.1429],
        [0.1429, 0.1427, 0.1428, 0.1429, 0.1429, 0.1429, 0.1429],
        [0.1430, 0.1427, 0.1428, 0.1428, 0.1429, 0.1429, 0.1429],
        [0.1428, 0.1428, 0.1429, 0.1429, 0.1429, 0.1429, 0.1429],
        [0.1428, 0.1428, 0.1428, 0.1429, 0.1429, 0.1429, 0.1429],
        [0.1339, 0.1516, 0.1494, 0.1476, 0.1424, 0.1388, 0.1362],
        [0.1428, 0.1428, 0.1429, 0.1429, 0.1429, 0.1429, 0.1429],
        [0.1428, 0.1428, 0.1428, 0.1429, 0.1429, 0.1429, 0.1429]],
       device='cuda:1')
perception attention:tensor([0.3842, 0.6158], device='cuda:1')
Test set results: loss= 0.6033 accuracy= 0.8240 F1_score= 0.8240
