# epoch	loss_train	acc_train	loss_val	acc_val	time	acc_test	f1_test
0001	2.1961	0.1167	2.1394	0.3960	0.1878s	2.1422	0.3890	0.3444
0
0002	2.1455	0.2500	2.0682	0.4480	0.1881s	2.0732	0.4450	0.4285
0
0003	2.0734	0.3611	1.9858	0.5180	0.1919s	1.9904	0.5320	0.5234
0
0004	2.0090	0.3667	1.8939	0.5860	0.1882s	1.8966	0.6210	0.6180
0
0005	1.9184	0.5167	1.7929	0.7040	0.1883s	1.7932	0.7190	0.7008
0
0006	1.8462	0.5444	1.6841	0.7400	0.1923s	1.6815	0.7550	0.7418
0
0007	1.7287	0.6500	1.5675	0.7560	0.1881s	1.5627	0.7710	0.7679
0
0008	1.6829	0.6667	1.4490	0.7660	0.1880s	1.4430	0.8050	0.8057
0
0009	1.5302	0.7611	1.3363	0.7860	0.1886s	1.3296	0.8140	0.8162
0
0010	1.4629	0.7389	1.2303	0.7760	0.1877s	1.2230	0.8090	0.8136
0
0011	1.4152	0.7778	1.1332	0.7780	0.1880s	1.1258	0.8040	0.8091
0
0012	1.2970	0.7667	1.0444	0.7840	0.1882s	1.0388	0.8120	0.8158
0
0013	1.2483	0.7778	0.9669	0.7920	0.1885s	0.9619	0.8120	0.8150
0
0014	1.1571	0.8222	0.9011	0.7920	0.1879s	0.8972	0.8080	0.8098
0
0015	1.1139	0.7722	0.8474	0.7880	0.1884s	0.8433	0.7970	0.7976
0
0016	1.0594	0.7944	0.8022	0.7840	0.1886s	0.7952	0.7850	0.7849
0
0017	0.9718	0.7889	0.7655	0.7880	0.1885s	0.7556	0.7830	0.7833
0
0018	0.9666	0.8000	0.7334	0.7880	0.1882s	0.7217	0.7950	0.7974
0
0019	0.9204	0.8389	0.7074	0.8000	0.1892s	0.6943	0.8080	0.8112
0
0020	0.8208	0.8389	0.6895	0.7920	0.1880s	0.6753	0.8050	0.8094
0
0021	0.7776	0.8333	0.6759	0.7880	0.1916s	0.6617	0.7980	0.8036
0
0022	0.8047	0.8222	0.6634	0.7940	0.1934s	0.6498	0.7990	0.8038
0
0023	0.7876	0.8278	0.6554	0.7900	0.1936s	0.6426	0.8020	0.8055
0
0024	0.7993	0.8333	0.6497	0.7840	0.1939s	0.6381	0.8010	0.8038
0
0025	0.7800	0.8278	0.6429	0.7880	0.1900s	0.6275	0.8080	0.8099
0
0026	0.7753	0.8389	0.6393	0.7900	0.1882s	0.6177	0.8130	0.8148
0
0027	0.6983	0.8444	0.6380	0.7980	0.1921s	0.6107	0.8160	0.8174
0
0028	0.6725	0.8556	0.6390	0.8000	0.1902s	0.6067	0.8150	0.8169
0
0029	0.7053	0.8444	0.6424	0.7960	0.1888s	0.6080	0.8160	0.8186
0
0030	0.6699	0.8778	0.6464	0.7980	0.1897s	0.6085	0.8170	0.8199
1
0031	0.6860	0.8778	0.6506	0.7960	0.1920s	0.6114	0.8140	0.8172
2
0032	0.6406	0.8500	0.6528	0.7940	0.1881s	0.6152	0.8130	0.8149
3
0033	0.6123	0.8778	0.6597	0.7880	0.1882s	0.6226	0.8130	0.8139
4
0034	0.6175	0.9222	0.6703	0.7860	0.1900s	0.6331	0.8040	0.8043
5
0035	0.6383	0.8611	0.6800	0.7820	0.1932s	0.6394	0.8040	0.8039
6
0036	0.6310	0.8389	0.6837	0.7840	0.1948s	0.6402	0.8070	0.8080
7
0037	0.6321	0.8722	0.6851	0.7840	0.1881s	0.6386	0.8090	0.8120
8
0038	0.5825	0.8778	0.6936	0.7780	0.1934s	0.6437	0.8050	0.8092
9
0039	0.6263	0.8500	0.7009	0.7800	0.1878s	0.6503	0.8030	0.8070
10
0040	0.6462	0.8278	0.7047	0.7880	0.1878s	0.6542	0.8040	0.8067
11
0041	0.5990	0.8667	0.7077	0.7940	0.1879s	0.6558	0.8020	0.8038
12
0042	0.5675	0.9056	0.7112	0.7880	0.1907s	0.6590	0.8040	0.8054
13
0043	0.5905	0.8611	0.7203	0.7780	0.1921s	0.6680	0.7960	0.7981
14
0044	0.6087	0.8667	0.7234	0.7720	0.1913s	0.6700	0.7970	0.7996
15
0045	0.6015	0.8556	0.7223	0.7740	0.1877s	0.6704	0.7990	0.8019
16
0046	0.5707	0.8611	0.7194	0.7820	0.1885s	0.6696	0.7990	0.8018
17
0047	0.5921	0.8611	0.7139	0.7820	0.1914s	0.6700	0.7970	0.7990
18
0048	0.5963	0.8444	0.7082	0.7860	0.1882s	0.6707	0.8000	0.8012
19
0049	0.6506	0.8833	0.7110	0.7840	0.1879s	0.6762	0.7960	0.7962
20
0050	0.5934	0.8833	0.7180	0.7800	0.1880s	0.6820	0.7910	0.7909
21
0051	0.5886	0.8889	0.7294	0.7820	0.1881s	0.6931	0.7900	0.7897
22
0052	0.6283	0.8111	0.7332	0.7780	0.1932s	0.6956	0.7870	0.7865
23
0053	0.5840	0.8722	0.7316	0.7740	0.1883s	0.6914	0.7870	0.7859
24
0054	0.5443	0.8889	0.7242	0.7840	0.1883s	0.6825	0.7910	0.7904
25
0055	0.6027	0.8278	0.7218	0.7860	0.1917s	0.6810	0.7900	0.7905
26
0056	0.6044	0.8556	0.7198	0.7860	0.1934s	0.6797	0.7930	0.7940
27
0057	0.5678	0.8556	0.7201	0.7900	0.1936s	0.6820	0.7950	0.7963
28
0058	0.5375	0.9278	0.7224	0.7840	0.1918s	0.6864	0.8000	0.8003
29
0059	0.5216	0.8833	0.7268	0.7820	0.1904s	0.6930	0.7960	0.7962
30
0060	0.6087	0.8556	0.7300	0.7860	0.1935s	0.6978	0.7930	0.7940
31
0061	0.5509	0.8611	0.7309	0.7840	0.1904s	0.7011	0.7940	0.7948
32
0062	0.5155	0.8611	0.7299	0.7880	0.1904s	0.7013	0.7930	0.7935
33
0063	0.5606	0.9000	0.7291	0.7800	0.1883s	0.6997	0.7920	0.7921
34
0064	0.5305	0.9000	0.7228	0.7820	0.1934s	0.6924	0.7930	0.7928
35
0065	0.6903	0.8444	0.7161	0.7860	0.1916s	0.6829	0.8010	0.8009
36
0066	0.5713	0.8667	0.7156	0.7880	0.1881s	0.6758	0.8020	0.8016
37
0067	0.5574	0.8389	0.7180	0.7920	0.1902s	0.6743	0.8070	0.8079
38
0068	0.5376	0.9000	0.7229	0.7900	0.1918s	0.6764	0.8050	0.8055
39
0069	0.5665	0.9111	0.7286	0.7900	0.1880s	0.6817	0.8050	0.8053
40
0070	0.5578	0.8611	0.7372	0.7780	0.1881s	0.6885	0.8020	0.8023
41
0071	0.5650	0.8500	0.7451	0.7700	0.1931s	0.6987	0.7970	0.7963
42
0072	0.5572	0.8389	0.7548	0.7680	0.2118s	0.7096	0.7960	0.7957
43
0073	0.6207	0.7944	0.7603	0.7660	0.1881s	0.7165	0.7890	0.7893
44
0074	0.5552	0.8944	0.7600	0.7700	0.1934s	0.7172	0.7860	0.7865
45
0075	0.6292	0.8778	0.7604	0.7720	0.1961s	0.7171	0.7860	0.7863
46
0076	0.4905	0.8722	0.7579	0.7780	0.1932s	0.7142	0.7850	0.7858
47
0077	0.5290	0.8944	0.7557	0.7800	0.1938s	0.7093	0.7930	0.7943
48
0078	0.5563	0.8667	0.7579	0.7760	0.1936s	0.7066	0.7930	0.7944
49
0079	0.4822	0.9167	0.7606	0.7680	0.1921s	0.7062	0.7930	0.7954
50
0080	0.5268	0.8611	0.7584	0.7700	0.1933s	0.7021	0.7940	0.7962
51
0081	0.5647	0.8944	0.7609	0.7740	0.1932s	0.6970	0.7980	0.7995
52
0082	0.5516	0.8611	0.7593	0.7800	0.1931s	0.6949	0.7990	0.8001
53
0083	0.5422	0.9056	0.7610	0.7820	0.1940s	0.6968	0.8010	0.8009
54
0084	0.5557	0.8944	0.7642	0.7820	0.1927s	0.6998	0.8020	0.8010
55
0085	0.5336	0.8611	0.7708	0.7740	0.1934s	0.7048	0.8000	0.7988
56
0086	0.5978	0.8778	0.7742	0.7780	0.1932s	0.7110	0.7950	0.7938
57
0087	0.5870	0.8778	0.7792	0.7740	0.1932s	0.7157	0.7940	0.7941
58
0088	0.5603	0.8778	0.7924	0.7720	0.1935s	0.7244	0.7900	0.7917
59
0089	0.4957	0.9222	0.8017	0.7700	0.1992s	0.7304	0.7850	0.7890
60
0090	0.5602	0.8444	0.8008	0.7660	0.1946s	0.7281	0.7870	0.7909
61
0091	0.5272	0.8611	0.7906	0.7680	0.1944s	0.7181	0.7930	0.7961
62
0092	0.5003	0.8833	0.7842	0.7640	0.1944s	0.7138	0.7930	0.7948
63
0093	0.5599	0.8667	0.7799	0.7640	0.1900s	0.7114	0.7970	0.7985
64
0094	0.4880	0.9000	0.7753	0.7700	0.1946s	0.7096	0.7980	0.7983
65
0095	0.4455	0.9000	0.7715	0.7740	0.1943s	0.7084	0.7960	0.7957
66
0096	0.4624	0.8500	0.7708	0.7820	0.1940s	0.7077	0.7970	0.7962
67
0097	0.5008	0.8611	0.7711	0.7780	0.1929s	0.7094	0.7940	0.7928
68
0098	0.5292	0.9056	0.7687	0.7880	0.1934s	0.7103	0.7960	0.7952
69
0099	0.5314	0.9056	0.7699	0.7880	0.1920s	0.7112	0.7950	0.7948
70
0100	0.4665	0.8722	0.7760	0.7820	0.1930s	0.7135	0.7930	0.7929
71
0101	0.5083	0.8944	0.7825	0.7780	0.1915s	0.7137	0.7930	0.7936
72
0102	0.5344	0.8667	0.7897	0.7720	0.1941s	0.7151	0.7890	0.7916
73
0103	0.5568	0.8889	0.7992	0.7700	0.1930s	0.7182	0.7870	0.7900
74
0104	0.5996	0.8944	0.8020	0.7680	0.1924s	0.7207	0.7830	0.7877
75
0105	0.5693	0.8833	0.7923	0.7700	0.1926s	0.7157	0.7860	0.7899
76
0106	0.5816	0.8889	0.7808	0.7760	0.1949s	0.7115	0.7930	0.7961
77
0107	0.5307	0.8556	0.7718	0.7820	0.1931s	0.7115	0.7970	0.7992
78
0108	0.5391	0.8722	0.7637	0.7760	0.1933s	0.7121	0.8000	0.8021
79
0109	0.5417	0.8944	0.7602	0.7820	0.1927s	0.7098	0.8000	0.8001
80
0110	0.5876	0.8778	0.7617	0.7860	0.1917s	0.7094	0.8010	0.8009
81
0111	0.5805	0.8389	0.7699	0.7920	0.1919s	0.7086	0.7970	0.7967
82
0112	0.5345	0.9000	0.7804	0.7820	0.1931s	0.7127	0.7940	0.7936
83
0113	0.5594	0.8667	0.7963	0.7800	0.1942s	0.7234	0.7900	0.7896
84
0114	0.5191	0.8778	0.8002	0.7780	0.1930s	0.7286	0.7890	0.7891
85
0115	0.5041	0.8611	0.7937	0.7780	0.1936s	0.7274	0.7900	0.7902
86
0116	0.5142	0.8722	0.7892	0.7740	0.1932s	0.7288	0.7900	0.7912
87
0117	0.5312	0.8722	0.7816	0.7760	0.1937s	0.7287	0.7910	0.7927
88
0118	0.5010	0.8889	0.7744	0.7820	0.1931s	0.7280	0.7930	0.7948
89
0119	0.5199	0.9056	0.7679	0.7800	0.1934s	0.7249	0.7990	0.7994
90
0120	0.4617	0.8667	0.7642	0.7820	0.1936s	0.7229	0.7980	0.7975
91
0121	0.5010	0.8778	0.7647	0.7780	0.1937s	0.7224	0.7990	0.7977
92
0122	0.5106	0.8889	0.7691	0.7800	0.1940s	0.7243	0.7970	0.7957
93
0123	0.5295	0.8333	0.7712	0.7740	0.1829s	0.7242	0.7950	0.7930
94
0124	0.5390	0.8556	0.7721	0.7720	0.1940s	0.7241	0.7940	0.7924
95
0125	0.4843	0.8889	0.7776	0.7740	0.1961s	0.7284	0.7920	0.7915
96
0126	0.4802	0.8722	0.7859	0.7700	0.1895s	0.7346	0.7840	0.7848
97
0127	0.4883	0.8500	0.7905	0.7700	0.1879s	0.7394	0.7790	0.7803
98
0128	0.4757	0.8667	0.7877	0.7720	0.1888s	0.7369	0.7820	0.7830
99
0129	0.5518	0.8889	0.7745	0.7720	0.2206s	0.7273	0.7900	0.7917
100
0130	0.5148	0.8833	0.7643	0.7700	0.2075s	0.7201	0.7960	0.7968
101
0131	0.5371	0.9000	0.7553	0.7780	0.1966s	0.7147	0.8000	0.8001
102
0132	0.5249	0.8722	0.7492	0.7820	0.1936s	0.7129	0.8000	0.7998
103
0133	0.4998	0.8500	0.7483	0.7820	0.1936s	0.7122	0.8000	0.7997
104
0134	0.5476	0.8500	0.7532	0.7820	0.1937s	0.7135	0.8000	0.7997
105
0135	0.5738	0.8444	0.7642	0.7800	0.1936s	0.7174	0.7980	0.7975
106
0136	0.5149	0.8833	0.7781	0.7740	0.1937s	0.7245	0.7960	0.7951
107
0137	0.4553	0.8667	0.7935	0.7700	0.1921s	0.7345	0.7880	0.7872
108
0138	0.5075	0.8667	0.8031	0.7620	0.1939s	0.7424	0.7850	0.7852
109
0139	0.5261	0.8944	0.7994	0.7660	0.1950s	0.7410	0.7860	0.7871
110
0140	0.5374	0.8722	0.7904	0.7680	0.1952s	0.7367	0.7930	0.7946
111
0141	0.4969	0.8722	0.7808	0.7780	0.1938s	0.7357	0.7900	0.7916
112
0142	0.5318	0.8611	0.7788	0.7760	0.1944s	0.7381	0.7900	0.7911
113
0143	0.5551	0.8722	0.7762	0.7760	0.1938s	0.7380	0.7930	0.7934
114
0144	0.5421	0.8444	0.7797	0.7720	0.1914s	0.7404	0.7920	0.7927
115
0145	0.5154	0.8944	0.7913	0.7660	0.1883s	0.7466	0.7900	0.7903
116
0146	0.4907	0.8944	0.8069	0.7760	0.1955s	0.7588	0.7840	0.7836
117
0147	0.5404	0.8667	0.8168	0.7700	0.1932s	0.7676	0.7830	0.7819
118
0148	0.5062	0.8944	0.8134	0.7740	0.1938s	0.7648	0.7830	0.7820
119
0149	0.5099	0.8833	0.8012	0.7780	0.1945s	0.7524	0.7880	0.7865
120
0150	0.4874	0.8944	0.7852	0.7760	0.1922s	0.7382	0.7950	0.7944
121
0151	0.5165	0.8944	0.7766	0.7840	0.1937s	0.7330	0.7930	0.7928
122
0152	0.4934	0.8833	0.7756	0.7860	0.1965s	0.7340	0.7890	0.7906
123
0153	0.4945	0.8667	0.7770	0.7840	0.1934s	0.7323	0.7890	0.7906
124
0154	0.5793	0.8833	0.7771	0.7820	0.1930s	0.7295	0.7870	0.7887
125
0155	0.4941	0.8944	0.7800	0.7840	0.1940s	0.7281	0.7840	0.7857
126
0156	0.5369	0.8278	0.7921	0.7840	0.1970s	0.7342	0.7850	0.7854
127
0157	0.4839	0.8722	0.8032	0.7760	0.1920s	0.7421	0.7870	0.7873
128
0158	0.4880	0.8611	0.8070	0.7700	0.1934s	0.7457	0.7850	0.7842
129
0159	0.5624	0.8556	0.7981	0.7760	0.1937s	0.7382	0.7900	0.7896
130
0160	0.5226	0.9222	0.7823	0.7800	0.1917s	0.7253	0.7860	0.7863
131
0161	0.5098	0.8722	0.7706	0.7700	0.1913s	0.7181	0.7860	0.7868
132
0162	0.4858	0.8944	0.7675	0.7720	0.1880s	0.7184	0.7830	0.7842
133
0163	0.5522	0.8611	0.7652	0.7760	0.1930s	0.7185	0.7800	0.7816
134
0164	0.5658	0.8556	0.7615	0.7760	0.1930s	0.7183	0.7800	0.7810
135
0165	0.5274	0.8222	0.7619	0.7720	0.1942s	0.7173	0.7860	0.7861
136
0166	0.5502	0.8889	0.7673	0.7780	0.1940s	0.7195	0.7840	0.7832
137
0167	0.4442	0.8944	0.7782	0.7780	0.1945s	0.7252	0.7770	0.7756
138
0168	0.5707	0.8611	0.7895	0.7800	0.1909s	0.7315	0.7780	0.7756
139
0169	0.5036	0.8444	0.8001	0.7800	0.1945s	0.7391	0.7810	0.7786
140
0170	0.5126	0.8944	0.8125	0.7760	0.1914s	0.7500	0.7790	0.7773
141
0171	0.5397	0.8556	0.8214	0.7700	0.1945s	0.7579	0.7790	0.7781
142
0172	0.4718	0.8944	0.8264	0.7680	0.1926s	0.7628	0.7830	0.7826
143
0173	0.5599	0.8778	0.8277	0.7660	0.1932s	0.7660	0.7830	0.7830
144
0174	0.4848	0.8722	0.8266	0.7700	0.1932s	0.7672	0.7790	0.7800
145
0175	0.5194	0.8556	0.8224	0.7780	0.1916s	0.7647	0.7780	0.7793
146
0176	0.5421	0.8611	0.8161	0.7760	0.1925s	0.7608	0.7850	0.7867
147
0177	0.4674	0.9056	0.8148	0.7680	0.1933s	0.7610	0.7820	0.7841
148
0178	0.4656	0.9222	0.8168	0.7700	0.1913s	0.7628	0.7780	0.7783
149
0179	0.4695	0.8833	0.8189	0.7720	0.1931s	0.7631	0.7740	0.7741
150
0180	0.4858	0.8944	0.8161	0.7700	0.1932s	0.7582	0.7730	0.7728
151
0181	0.5026	0.8722	0.8125	0.7700	0.1931s	0.7519	0.7760	0.7759
152
0182	0.4955	0.8722	0.8059	0.7680	0.1944s	0.7436	0.7830	0.7842
153
0183	0.4803	0.8167	0.8036	0.7740	0.1931s	0.7416	0.7900	0.7912
154
0184	0.4468	0.9000	0.8045	0.7700	0.1954s	0.7438	0.7890	0.7906
155
0185	0.5221	0.9111	0.8059	0.7660	0.1932s	0.7452	0.7880	0.7894
156
0186	0.5157	0.9056	0.8045	0.7700	0.1931s	0.7448	0.7910	0.7921
157
0187	0.5852	0.8778	0.8060	0.7660	0.1923s	0.7448	0.7940	0.7945
158
0188	0.5748	0.8611	0.8093	0.7680	0.1927s	0.7483	0.7980	0.7979
159
0189	0.4886	0.8722	0.8168	0.7700	0.1947s	0.7579	0.7940	0.7938
160
0190	0.4521	0.9278	0.8251	0.7640	0.1944s	0.7684	0.7850	0.7830
161
0191	0.4351	0.8889	0.8333	0.7620	0.1945s	0.7772	0.7810	0.7795
162
0192	0.5274	0.8722	0.8332	0.7620	0.1949s	0.7779	0.7850	0.7845
163
0193	0.5240	0.8722	0.8262	0.7660	0.1947s	0.7735	0.7970	0.7979
164
0194	0.5645	0.8556	0.8181	0.7740	0.1939s	0.7691	0.7990	0.7997
165
0195	0.4675	0.8722	0.8159	0.7700	0.1937s	0.7688	0.7960	0.7969
166
0196	0.5333	0.8833	0.8141	0.7760	0.1952s	0.7692	0.7910	0.7915
167
0197	0.5026	0.8778	0.8123	0.7780	0.1950s	0.7675	0.7950	0.7952
168
0198	0.4936	0.8667	0.8104	0.7740	0.1943s	0.7628	0.8000	0.7999
169
0199	0.4450	0.8778	0.8102	0.7680	0.1950s	0.7588	0.8020	0.8017
170
0200	0.4997	0.9111	0.8113	0.7700	0.1941s	0.7582	0.7980	0.7980
171
0201	0.4941	0.9056	0.8145	0.7680	0.1939s	0.7598	0.7910	0.7914
172
0202	0.5604	0.8889	0.8152	0.7740	0.1944s	0.7608	0.7920	0.7919
173
0203	0.5683	0.8556	0.8109	0.7780	0.2111s	0.7583	0.7960	0.7955
174
0204	0.4656	0.8556	0.8017	0.7780	0.1931s	0.7522	0.7990	0.7984
175
0205	0.5301	0.8667	0.7972	0.7740	0.1925s	0.7512	0.7990	0.7986
176
0206	0.4993	0.8778	0.7984	0.7760	0.1936s	0.7565	0.8010	0.8011
177
0207	0.5325	0.8556	0.8033	0.7680	0.1913s	0.7662	0.8000	0.7999
178
0208	0.4542	0.8667	0.8073	0.7660	0.1933s	0.7732	0.7990	0.7987
179
0209	0.5233	0.8778	0.8088	0.7700	0.1927s	0.7739	0.7980	0.7969
180
0210	0.5538	0.9111	0.8093	0.7720	0.1933s	0.7699	0.8060	0.8047
181
0211	0.5038	0.8278	0.8123	0.7780	0.1938s	0.7654	0.8050	0.8039
182
0212	0.4625	0.8889	0.8148	0.7740	0.1937s	0.7610	0.8030	0.8018
183
0213	0.4783	0.8722	0.8215	0.7740	0.1952s	0.7601	0.7960	0.7944
184
0214	0.4908	0.9056	0.8302	0.7720	0.1919s	0.7631	0.7940	0.7927
185
0215	0.4176	0.8944	0.8311	0.7740	0.1936s	0.7628	0.7940	0.7927
186
0216	0.4810	0.8889	0.8264	0.7740	0.1940s	0.7610	0.7920	0.7909
187
0217	0.5511	0.8500	0.8238	0.7780	0.1953s	0.7622	0.7950	0.7944
188
0218	0.4622	0.8944	0.8241	0.7700	0.1930s	0.7658	0.7990	0.7982
189
0219	0.4817	0.8833	0.8245	0.7700	0.1944s	0.7714	0.8000	0.7998
190
0220	0.4736	0.9111	0.8253	0.7700	0.1967s	0.7769	0.7960	0.7960
191
0221	0.5019	0.8611	0.8275	0.7740	0.1959s	0.7808	0.8000	0.7999
192
0222	0.4610	0.9000	0.8279	0.7700	0.1928s	0.7825	0.7990	0.7990
193
0223	0.4434	0.8611	0.8247	0.7700	0.1930s	0.7810	0.7980	0.7980
194
0224	0.5206	0.9056	0.8156	0.7780	0.1925s	0.7748	0.8000	0.7994
195
0225	0.5046	0.8667	0.8067	0.7800	0.1934s	0.7694	0.7990	0.7986
196
0226	0.4061	0.9056	0.7983	0.7760	0.1914s	0.7644	0.7960	0.7953
197
0227	0.5503	0.8611	0.7912	0.7760	0.1932s	0.7591	0.7940	0.7932
198
0228	0.5030	0.8611	0.7851	0.7760	0.1953s	0.7550	0.7960	0.7952
199
Early stop! Min loss:0.6380334496498108,  Max accuracy:0.8
Early stop model validation loss:0.6380334496498108,  accuracy:0.798
Optimization Finished!
Total time elapsed: 44.7812s
test max acc:0.8170
Loading 26th epoch
stru_node_to_hop attention:tensor([[0.3334, 0.3333, 0.3333],
        [0.3332, 0.3334, 0.3334],
        [0.3330, 0.3336, 0.3334],
        [0.3333, 0.3334, 0.3333],
        [0.3334, 0.3333, 0.3334],
        [0.3334, 0.3333, 0.3333],
        [0.3332, 0.3334, 0.3334],
        [0.3331, 0.3334, 0.3335],
        [0.3332, 0.3335, 0.3333],
        [0.3334, 0.3333, 0.3334],
        [0.3335, 0.3332, 0.3333],
        [0.3328, 0.3336, 0.3336],
        [0.3333, 0.3334, 0.3333],
        [0.3333, 0.3333, 0.3334],
        [0.3330, 0.3335, 0.3335],
        [0.3332, 0.3334, 0.3334],
        [0.3335, 0.3331, 0.3333],
        [0.3332, 0.3334, 0.3334],
        [0.3346, 0.3712, 0.2942],
        [0.3333, 0.3334, 0.3333],
        [0.3332, 0.3335, 0.3334],
        [0.3334, 0.3332, 0.3334],
        [0.3329, 0.3336, 0.3335],
        [0.3333, 0.3333, 0.3333],
        [0.3332, 0.3334, 0.3334],
        [0.3332, 0.3335, 0.3333],
        [0.3331, 0.3334, 0.3335],
        [0.3329, 0.3336, 0.3335],
        [0.3333, 0.3333, 0.3334],
        [0.3331, 0.3335, 0.3334],
        [0.3334, 0.3332, 0.3334],
        [0.3331, 0.3335, 0.3335],
        [0.3329, 0.3336, 0.3335],
        [0.3331, 0.3336, 0.3334],
        [0.3333, 0.3334, 0.3334],
        [0.3329, 0.3334, 0.3337],
        [0.3332, 0.3333, 0.3335],
        [0.3332, 0.3334, 0.3334],
        [0.3332, 0.3336, 0.3333],
        [0.3330, 0.3336, 0.3334],
        [0.3333, 0.3334, 0.3333],
        [0.3333, 0.3333, 0.3334],
        [0.3333, 0.3334, 0.3334],
        [0.3331, 0.3334, 0.3334],
        [0.3330, 0.3335, 0.3335],
        [0.3332, 0.3334, 0.3334],
        [0.3333, 0.3334, 0.3333],
        [0.3333, 0.3334, 0.3334],
        [0.3331, 0.3335, 0.3333],
        [0.3332, 0.3335, 0.3333],
        [0.3334, 0.3333, 0.3333],
        [0.3331, 0.3334, 0.3334],
        [0.3331, 0.3335, 0.3334],
        [0.3330, 0.3336, 0.3334],
        [0.3332, 0.3334, 0.3334],
        [0.3333, 0.3333, 0.3334],
        [0.3333, 0.3333, 0.3334],
        [0.3330, 0.3335, 0.3335],
        [0.3331, 0.3334, 0.3335],
        [0.3332, 0.3333, 0.3334],
        [0.3331, 0.3335, 0.3334],
        [0.3332, 0.3334, 0.3334],
        [0.3332, 0.3334, 0.3334],
        [0.3333, 0.3333, 0.3334],
        [0.3333, 0.3334, 0.3333],
        [0.3328, 0.3336, 0.3336],
        [0.3328, 0.3336, 0.3336],
        [0.3331, 0.3335, 0.3334],
        [0.3330, 0.3336, 0.3334],
        [0.3333, 0.3333, 0.3333],
        [0.3332, 0.3334, 0.3334],
        [0.3335, 0.3332, 0.3333],
        [0.3330, 0.3336, 0.3334],
        [0.3334, 0.3332, 0.3334],
        [0.3330, 0.3336, 0.3334],
        [0.3332, 0.3334, 0.3334],
        [0.3330, 0.3335, 0.3334],
        [0.3333, 0.3334, 0.3334],
        [0.3331, 0.3335, 0.3334],
        [0.3333, 0.3333, 0.3334],
        [0.3334, 0.3333, 0.3333],
        [0.3332, 0.3335, 0.3333],
        [0.3332, 0.3334, 0.3333],
        [0.3332, 0.3334, 0.3333],
        [0.3335, 0.3332, 0.3333],
        [0.3332, 0.3334, 0.3334],
        [0.3332, 0.3334, 0.3334],
        [0.3333, 0.3333, 0.3334],
        [0.3333, 0.3333, 0.3334],
        [0.3333, 0.3333, 0.3333],
        [0.3325, 0.3337, 0.3338],
        [0.3331, 0.3335, 0.3334],
        [0.3331, 0.3334, 0.3335],
        [0.3333, 0.3333, 0.3334],
        [0.3333, 0.3334, 0.3334],
        [0.3334, 0.3333, 0.3333],
        [0.3332, 0.3334, 0.3334],
        [0.2568, 0.4085, 0.3346],
        [0.3331, 0.3334, 0.3334],
        [0.3333, 0.3334, 0.3334]], device='cuda:1')
fea_node_to_hop attention:tensor([[0.1428, 0.1429, 0.1428, 0.1429, 0.1429, 0.1429, 0.1429],
        [0.1428, 0.1429, 0.1428, 0.1429, 0.1428, 0.1429, 0.1429],
        [0.1429, 0.1429, 0.1427, 0.1429, 0.1428, 0.1429, 0.1429],
        [0.1428, 0.1428, 0.1428, 0.1429, 0.1429, 0.1429, 0.1429],
        [0.1428, 0.1429, 0.1427, 0.1429, 0.1428, 0.1429, 0.1429],
        [0.1428, 0.1429, 0.1428, 0.1429, 0.1428, 0.1429, 0.1429],
        [0.1428, 0.1429, 0.1428, 0.1429, 0.1428, 0.1429, 0.1429],
        [0.1428, 0.1428, 0.1428, 0.1429, 0.1429, 0.1429, 0.1429],
        [0.1428, 0.1428, 0.1429, 0.1429, 0.1429, 0.1429, 0.1429],
        [0.1428, 0.1428, 0.1428, 0.1429, 0.1429, 0.1429, 0.1429],
        [0.1428, 0.1428, 0.1428, 0.1429, 0.1429, 0.1429, 0.1429],
        [0.1428, 0.1428, 0.1429, 0.1429, 0.1429, 0.1429, 0.1429],
        [0.1429, 0.1428, 0.1428, 0.1429, 0.1429, 0.1429, 0.1429],
        [0.1429, 0.1427, 0.1428, 0.1429, 0.1429, 0.1429, 0.1429],
        [0.1424, 0.1428, 0.1428, 0.1429, 0.1430, 0.1430, 0.1430],
        [0.1427, 0.1427, 0.1428, 0.1429, 0.1429, 0.1430, 0.1430],
        [0.1428, 0.1428, 0.1428, 0.1429, 0.1429, 0.1429, 0.1429],
        [0.1428, 0.1428, 0.1429, 0.1429, 0.1429, 0.1429, 0.1429],
        [0.1153, 0.1387, 0.1464, 0.1546, 0.1526, 0.1484, 0.1440],
        [0.1430, 0.1426, 0.1428, 0.1428, 0.1429, 0.1429, 0.1429],
        [0.1429, 0.1428, 0.1428, 0.1429, 0.1429, 0.1429, 0.1429],
        [0.1429, 0.1428, 0.1428, 0.1428, 0.1429, 0.1429, 0.1429],
        [0.1428, 0.1428, 0.1428, 0.1429, 0.1429, 0.1429, 0.1429],
        [0.1428, 0.1428, 0.1429, 0.1429, 0.1429, 0.1429, 0.1429],
        [0.1427, 0.1428, 0.1429, 0.1429, 0.1429, 0.1429, 0.1429],
        [0.1428, 0.1428, 0.1428, 0.1428, 0.1429, 0.1429, 0.1429],
        [0.1429, 0.1428, 0.1428, 0.1429, 0.1429, 0.1429, 0.1429],
        [0.1427, 0.1428, 0.1428, 0.1429, 0.1429, 0.1429, 0.1429],
        [0.1428, 0.1428, 0.1428, 0.1429, 0.1429, 0.1429, 0.1429],
        [0.1428, 0.1428, 0.1428, 0.1429, 0.1429, 0.1429, 0.1429],
        [0.1428, 0.1427, 0.1428, 0.1429, 0.1429, 0.1429, 0.1429],
        [0.1427, 0.1428, 0.1429, 0.1429, 0.1429, 0.1429, 0.1429],
        [0.1428, 0.1428, 0.1428, 0.1429, 0.1429, 0.1429, 0.1429],
        [0.1428, 0.1428, 0.1428, 0.1429, 0.1429, 0.1429, 0.1429],
        [0.1429, 0.1428, 0.1428, 0.1428, 0.1429, 0.1429, 0.1429],
        [0.1428, 0.1427, 0.1428, 0.1429, 0.1429, 0.1429, 0.1430],
        [0.1429, 0.1428, 0.1428, 0.1428, 0.1429, 0.1429, 0.1429],
        [0.1428, 0.1428, 0.1428, 0.1429, 0.1429, 0.1429, 0.1429],
        [0.1428, 0.1428, 0.1428, 0.1429, 0.1429, 0.1429, 0.1429],
        [0.1427, 0.1428, 0.1429, 0.1429, 0.1429, 0.1429, 0.1429],
        [0.1428, 0.1428, 0.1429, 0.1429, 0.1429, 0.1429, 0.1429],
        [0.1427, 0.1428, 0.1428, 0.1429, 0.1429, 0.1429, 0.1429],
        [0.1430, 0.1427, 0.1428, 0.1428, 0.1429, 0.1429, 0.1429],
        [0.1427, 0.1428, 0.1428, 0.1429, 0.1429, 0.1429, 0.1429],
        [0.1428, 0.1428, 0.1429, 0.1429, 0.1429, 0.1429, 0.1429],
        [0.1427, 0.1428, 0.1429, 0.1429, 0.1429, 0.1429, 0.1429],
        [0.1427, 0.1428, 0.1428, 0.1429, 0.1429, 0.1429, 0.1429],
        [0.1428, 0.1427, 0.1428, 0.1429, 0.1429, 0.1429, 0.1429],
        [0.1428, 0.1428, 0.1428, 0.1429, 0.1429, 0.1429, 0.1429],
        [0.1428, 0.1428, 0.1428, 0.1429, 0.1429, 0.1429, 0.1429],
        [0.1428, 0.1428, 0.1428, 0.1429, 0.1429, 0.1429, 0.1429],
        [0.1428, 0.1427, 0.1428, 0.1429, 0.1429, 0.1429, 0.1429],
        [0.1426, 0.1428, 0.1428, 0.1429, 0.1429, 0.1430, 0.1430],
        [0.1429, 0.1428, 0.1428, 0.1429, 0.1429, 0.1429, 0.1429],
        [0.1428, 0.1428, 0.1428, 0.1429, 0.1429, 0.1429, 0.1429],
        [0.1428, 0.1428, 0.1429, 0.1429, 0.1429, 0.1429, 0.1429],
        [0.1428, 0.1427, 0.1428, 0.1429, 0.1429, 0.1429, 0.1429],
        [0.1429, 0.1427, 0.1428, 0.1429, 0.1429, 0.1429, 0.1429],
        [0.1428, 0.1428, 0.1429, 0.1429, 0.1429, 0.1429, 0.1429],
        [0.1427, 0.1429, 0.1429, 0.1429, 0.1429, 0.1429, 0.1429],
        [0.1428, 0.1428, 0.1428, 0.1429, 0.1429, 0.1429, 0.1429],
        [0.1428, 0.1428, 0.1429, 0.1429, 0.1429, 0.1429, 0.1429],
        [0.1429, 0.1428, 0.1428, 0.1429, 0.1429, 0.1429, 0.1429],
        [0.1427, 0.1428, 0.1429, 0.1429, 0.1429, 0.1429, 0.1429],
        [0.1428, 0.1428, 0.1428, 0.1429, 0.1429, 0.1429, 0.1429],
        [0.1428, 0.1428, 0.1429, 0.1429, 0.1429, 0.1429, 0.1429],
        [0.1427, 0.1428, 0.1429, 0.1429, 0.1429, 0.1429, 0.1429],
        [0.1429, 0.1427, 0.1428, 0.1428, 0.1429, 0.1429, 0.1429],
        [0.1428, 0.1427, 0.1428, 0.1429, 0.1429, 0.1429, 0.1430],
        [0.1428, 0.1428, 0.1429, 0.1429, 0.1429, 0.1429, 0.1429],
        [0.1428, 0.1428, 0.1428, 0.1429, 0.1429, 0.1429, 0.1429],
        [0.1428, 0.1427, 0.1428, 0.1429, 0.1429, 0.1429, 0.1429],
        [0.1428, 0.1428, 0.1428, 0.1429, 0.1429, 0.1429, 0.1429],
        [0.1429, 0.1428, 0.1428, 0.1428, 0.1429, 0.1429, 0.1429],
        [0.1429, 0.1428, 0.1428, 0.1428, 0.1429, 0.1429, 0.1429],
        [0.1428, 0.1428, 0.1428, 0.1429, 0.1429, 0.1429, 0.1429],
        [0.1428, 0.1428, 0.1428, 0.1429, 0.1429, 0.1429, 0.1429],
        [0.1429, 0.1426, 0.1428, 0.1429, 0.1429, 0.1429, 0.1430],
        [0.1429, 0.1428, 0.1428, 0.1428, 0.1429, 0.1429, 0.1429],
        [0.1428, 0.1428, 0.1428, 0.1429, 0.1429, 0.1429, 0.1429],
        [0.1430, 0.1429, 0.1428, 0.1428, 0.1428, 0.1429, 0.1429],
        [0.1426, 0.1428, 0.1429, 0.1429, 0.1429, 0.1429, 0.1429],
        [0.1427, 0.1428, 0.1429, 0.1429, 0.1429, 0.1429, 0.1429],
        [0.1428, 0.1428, 0.1428, 0.1429, 0.1429, 0.1429, 0.1429],
        [0.1428, 0.1428, 0.1429, 0.1429, 0.1429, 0.1429, 0.1429],
        [0.1428, 0.1428, 0.1428, 0.1429, 0.1429, 0.1429, 0.1429],
        [0.1428, 0.1428, 0.1429, 0.1429, 0.1429, 0.1429, 0.1429],
        [0.1428, 0.1428, 0.1429, 0.1429, 0.1429, 0.1429, 0.1429],
        [0.1428, 0.1428, 0.1428, 0.1429, 0.1429, 0.1429, 0.1429],
        [0.1428, 0.1427, 0.1429, 0.1429, 0.1429, 0.1429, 0.1429],
        [0.1429, 0.1428, 0.1428, 0.1428, 0.1429, 0.1429, 0.1429],
        [0.1429, 0.1428, 0.1428, 0.1428, 0.1429, 0.1429, 0.1429],
        [0.1429, 0.1428, 0.1428, 0.1428, 0.1429, 0.1429, 0.1429],
        [0.1428, 0.1427, 0.1429, 0.1429, 0.1429, 0.1429, 0.1429],
        [0.1429, 0.1427, 0.1428, 0.1428, 0.1429, 0.1429, 0.1429],
        [0.1428, 0.1428, 0.1428, 0.1429, 0.1429, 0.1429, 0.1429],
        [0.1428, 0.1428, 0.1428, 0.1429, 0.1429, 0.1429, 0.1429],
        [0.1341, 0.1440, 0.1493, 0.1473, 0.1445, 0.1415, 0.1394],
        [0.1428, 0.1428, 0.1429, 0.1429, 0.1429, 0.1429, 0.1429],
        [0.1429, 0.1428, 0.1428, 0.1428, 0.1429, 0.1429, 0.1429]],
       device='cuda:1')
perception attention:tensor([0.3700, 0.6300], device='cuda:1')
Test set results: loss= 0.6107 accuracy= 0.8160 F1_score= 0.8174
