# epoch	loss_train	acc_train	loss_val	acc_val	time	acc_test	f1_test
0001	2.1978	0.0833	2.1364	0.4260	0.1899s	2.1410	0.4160	0.3953
0
0002	2.1534	0.3389	2.0626	0.5240	0.2044s	2.0701	0.5420	0.4973
0
0003	2.0940	0.4500	1.9781	0.6020	0.2031s	1.9887	0.6120	0.5617
0
0004	1.9831	0.4778	1.8804	0.6720	0.1882s	1.8918	0.6740	0.6474
0
0005	1.9190	0.4944	1.7735	0.7380	0.1937s	1.7822	0.7230	0.7027
0
0006	1.8388	0.5556	1.6610	0.7580	0.2182s	1.6657	0.7740	0.7522
0
0007	1.7316	0.6222	1.5446	0.7860	0.1933s	1.5454	0.7880	0.7692
0
0008	1.6432	0.6889	1.4296	0.7860	0.1929s	1.4272	0.8000	0.7862
0
0009	1.5585	0.6778	1.3203	0.7800	0.1914s	1.3155	0.7960	0.7882
0
0010	1.4469	0.7667	1.2161	0.7880	0.1941s	1.2105	0.8070	0.8066
0
0011	1.3801	0.7500	1.1194	0.7960	0.1928s	1.1128	0.8180	0.8192
0
0012	1.2538	0.7667	1.0319	0.8020	0.1935s	1.0260	0.8270	0.8282
0
0013	1.2091	0.8111	0.9551	0.7960	0.1933s	0.9507	0.8170	0.8183
0
0014	1.2110	0.7778	0.8904	0.8000	0.1918s	0.8889	0.8140	0.8147
0
0015	1.0972	0.8111	0.8366	0.8060	0.1937s	0.8354	0.8220	0.8230
0
0016	1.0585	0.8444	0.7924	0.8020	0.1928s	0.7909	0.8180	0.8202
0
0017	1.0219	0.8389	0.7565	0.8020	0.1934s	0.7531	0.8150	0.8182
0
0018	0.9787	0.7889	0.7273	0.7900	0.1916s	0.7207	0.8120	0.8158
0
0019	0.9004	0.7944	0.7019	0.8000	0.1915s	0.6910	0.8100	0.8141
0
0020	0.8561	0.8389	0.6807	0.7980	0.1916s	0.6667	0.8090	0.8126
0
0021	0.8713	0.8056	0.6650	0.8020	0.1935s	0.6490	0.8010	0.8052
0
0022	0.8984	0.8167	0.6567	0.7880	0.1935s	0.6391	0.7910	0.7923
0
0023	0.7889	0.8000	0.6512	0.7900	0.1919s	0.6317	0.7910	0.7913
0
0024	0.8036	0.8000	0.6460	0.7900	0.1940s	0.6239	0.8090	0.8098
0
0025	0.7515	0.8167	0.6436	0.8000	0.1934s	0.6168	0.8160	0.8167
0
0026	0.6919	0.8556	0.6461	0.7920	0.1884s	0.6165	0.8110	0.8140
0
0027	0.6686	0.8444	0.6557	0.7880	0.1945s	0.6220	0.8050	0.8081
1
0028	0.7044	0.8389	0.6646	0.7800	0.2145s	0.6253	0.8030	0.8070
2
0029	0.6622	0.8389	0.6715	0.7860	0.1907s	0.6294	0.8040	0.8077
3
0030	0.7420	0.8333	0.6773	0.7900	0.1882s	0.6347	0.8010	0.8036
4
0031	0.7467	0.8167	0.6804	0.7780	0.1876s	0.6372	0.7970	0.7968
5
0032	0.7346	0.7944	0.6795	0.7800	0.1876s	0.6358	0.7990	0.7967
6
0033	0.6404	0.8444	0.6795	0.7840	0.1878s	0.6331	0.7990	0.7968
7
0034	0.6985	0.8278	0.6814	0.7900	0.1882s	0.6274	0.8030	0.8041
8
0035	0.7597	0.8611	0.6830	0.7920	0.1876s	0.6244	0.8060	0.8085
9
0036	0.6256	0.8111	0.6866	0.7920	0.1881s	0.6251	0.8040	0.8083
10
0037	0.6032	0.8500	0.6883	0.7880	0.1791s	0.6259	0.8000	0.8052
11
0038	0.6260	0.8167	0.6853	0.7880	0.1830s	0.6250	0.8040	0.8088
12
0039	0.6361	0.8056	0.6818	0.7920	0.1792s	0.6258	0.8050	0.8087
13
0040	0.6668	0.7667	0.6808	0.8000	0.1791s	0.6326	0.8040	0.8057
14
0041	0.5800	0.8556	0.6829	0.7940	0.1809s	0.6425	0.7940	0.7950
15
0042	0.6639	0.8833	0.6880	0.7760	0.1789s	0.6540	0.7880	0.7884
16
0043	0.6132	0.8667	0.6882	0.7760	0.1788s	0.6577	0.7900	0.7912
17
0044	0.6376	0.8722	0.6843	0.7860	0.1792s	0.6521	0.7950	0.7969
18
0045	0.6021	0.8833	0.6831	0.7900	0.1815s	0.6490	0.7970	0.7989
19
0046	0.5974	0.8667	0.6776	0.7860	0.1803s	0.6418	0.8030	0.8047
20
0047	0.6478	0.8667	0.6714	0.7880	0.1804s	0.6358	0.7970	0.7989
21
0048	0.6126	0.8611	0.6645	0.7920	0.1820s	0.6281	0.8030	0.8049
22
0049	0.6106	0.8833	0.6592	0.7880	0.1801s	0.6244	0.8020	0.8038
23
0050	0.5376	0.8889	0.6566	0.7860	0.1790s	0.6250	0.8020	0.8033
24
0051	0.5623	0.8556	0.6592	0.7900	0.1790s	0.6305	0.8050	0.8060
25
0052	0.5946	0.8667	0.6668	0.7920	0.1785s	0.6389	0.8000	0.8011
26
0053	0.5742	0.8889	0.6789	0.7840	0.1786s	0.6509	0.7950	0.7955
27
0054	0.5823	0.8722	0.6873	0.7820	0.1797s	0.6584	0.7890	0.7899
28
0055	0.6072	0.8611	0.6895	0.7840	0.1786s	0.6598	0.7890	0.7902
29
0056	0.5159	0.9000	0.6824	0.7860	0.1800s	0.6516	0.7950	0.7963
30
0057	0.5830	0.8556	0.6754	0.7900	0.1857s	0.6446	0.7980	0.7992
31
0058	0.5745	0.8389	0.6726	0.7920	0.1905s	0.6432	0.8010	0.8022
32
0059	0.6164	0.8722	0.6722	0.7900	0.1925s	0.6441	0.8050	0.8056
33
0060	0.5982	0.8667	0.6725	0.7880	0.1942s	0.6440	0.8040	0.8043
34
0061	0.5861	0.8722	0.6761	0.7900	0.1942s	0.6492	0.7980	0.7984
35
0062	0.5595	0.8722	0.6874	0.7800	0.1951s	0.6574	0.7950	0.7956
36
0063	0.5232	0.8889	0.6976	0.7780	0.1935s	0.6630	0.7950	0.7952
37
0064	0.5903	0.8667	0.7035	0.7760	0.1933s	0.6672	0.7960	0.7957
38
0065	0.5597	0.8444	0.7062	0.7860	0.1935s	0.6689	0.7960	0.7948
39
0066	0.6110	0.9000	0.7096	0.7780	0.1932s	0.6732	0.7980	0.7974
40
0067	0.5767	0.8667	0.7141	0.7780	0.1942s	0.6763	0.7960	0.7957
41
0068	0.5767	0.9167	0.7202	0.7720	0.1921s	0.6776	0.7970	0.7984
42
0069	0.5085	0.8944	0.7263	0.7680	0.1940s	0.6809	0.7940	0.7967
43
0070	0.5611	0.8778	0.7278	0.7740	0.1936s	0.6824	0.7940	0.7972
44
0071	0.5489	0.8389	0.7262	0.7680	0.1940s	0.6811	0.8000	0.8020
45
0072	0.5600	0.8556	0.7213	0.7700	0.1925s	0.6800	0.8020	0.8029
46
0073	0.6023	0.8667	0.7197	0.7760	0.1938s	0.6829	0.8000	0.7996
47
0074	0.5403	0.8722	0.7266	0.7740	0.1932s	0.6933	0.7970	0.7955
48
0075	0.5571	0.8944	0.7259	0.7740	0.1918s	0.6985	0.7950	0.7937
49
0076	0.5969	0.8667	0.7222	0.7740	0.1899s	0.6995	0.8010	0.7993
50
0077	0.5879	0.9111	0.7134	0.7820	0.1908s	0.6956	0.8040	0.8027
51
0078	0.5219	0.8611	0.7071	0.7820	0.1938s	0.6890	0.8040	0.8033
52
0079	0.5044	0.8889	0.7092	0.7720	0.1937s	0.6846	0.8020	0.8018
53
0080	0.6159	0.8500	0.7189	0.7760	0.1931s	0.6847	0.7960	0.7979
54
0081	0.5286	0.8889	0.7324	0.7700	0.1913s	0.6832	0.7950	0.7976
55
0082	0.6160	0.8833	0.7477	0.7740	0.1932s	0.6860	0.8010	0.8032
56
0083	0.5640	0.8722	0.7641	0.7780	0.1932s	0.6955	0.7950	0.7966
57
0084	0.6421	0.9000	0.7618	0.7800	0.1953s	0.6955	0.8000	0.7996
58
0085	0.5873	0.8333	0.7592	0.7760	0.1933s	0.6947	0.8070	0.8054
59
0086	0.5299	0.8667	0.7540	0.7720	0.1913s	0.6936	0.8060	0.8037
60
0087	0.5122	0.8500	0.7465	0.7780	0.1935s	0.6924	0.8060	0.8033
61
0088	0.5746	0.8722	0.7440	0.7860	0.1944s	0.6962	0.8060	0.8046
62
0089	0.5347	0.8778	0.7423	0.7880	0.1929s	0.6989	0.8020	0.8016
63
0090	0.5734	0.8722	0.7418	0.7840	0.1921s	0.6994	0.8030	0.8041
64
0091	0.5330	0.8611	0.7427	0.7760	0.1930s	0.6990	0.8010	0.8032
65
0092	0.5113	0.8833	0.7443	0.7780	0.1944s	0.6989	0.7980	0.8008
66
0093	0.5350	0.8778	0.7480	0.7780	0.1919s	0.7006	0.7960	0.7987
67
0094	0.5142	0.8889	0.7544	0.7820	0.1948s	0.7070	0.7950	0.7973
68
0095	0.5292	0.9000	0.7552	0.7780	0.1878s	0.7100	0.7950	0.7954
69
0096	0.5728	0.8111	0.7530	0.7740	0.1944s	0.7120	0.7960	0.7955
70
0097	0.5247	0.9111	0.7520	0.7740	0.1901s	0.7139	0.7960	0.7949
71
0098	0.6700	0.8833	0.7448	0.7720	0.1913s	0.7104	0.7950	0.7943
72
0099	0.5712	0.8444	0.7369	0.7860	0.1928s	0.7024	0.7990	0.7985
73
0100	0.5337	0.8556	0.7341	0.7780	0.1911s	0.6982	0.7960	0.7962
74
0101	0.4766	0.8889	0.7358	0.7820	0.1882s	0.6984	0.7960	0.7967
75
0102	0.5149	0.9167	0.7406	0.7820	0.1958s	0.6995	0.7970	0.7981
76
0103	0.5865	0.8278	0.7449	0.7780	0.1933s	0.6991	0.8010	0.8019
77
0104	0.6439	0.8778	0.7461	0.7800	0.1929s	0.6973	0.8020	0.8031
78
0105	0.5422	0.8833	0.7410	0.7860	0.1932s	0.6953	0.7970	0.7977
79
0106	0.5012	0.8944	0.7386	0.7900	0.1931s	0.6943	0.7990	0.7994
80
0107	0.5149	0.8889	0.7383	0.7920	0.1952s	0.6936	0.8000	0.8003
81
0108	0.4525	0.9000	0.7394	0.7880	0.1912s	0.6945	0.8050	0.8049
82
0109	0.5188	0.8611	0.7396	0.7900	0.1934s	0.6951	0.8020	0.8021
83
0110	0.4798	0.8833	0.7416	0.7920	0.1914s	0.6968	0.7950	0.7966
84
0111	0.5134	0.9056	0.7462	0.7820	0.1943s	0.6987	0.7890	0.7918
85
0112	0.4681	0.9167	0.7477	0.7820	0.1915s	0.6998	0.7860	0.7895
86
0113	0.5575	0.8667	0.7419	0.7840	0.1943s	0.6954	0.7870	0.7905
87
0114	0.5023	0.8611	0.7396	0.7860	0.1917s	0.6948	0.7940	0.7958
88
0115	0.4889	0.9000	0.7363	0.7860	0.1931s	0.6931	0.7980	0.7990
89
0116	0.5295	0.8500	0.7371	0.7860	0.1939s	0.6950	0.8040	0.8044
90
0117	0.5354	0.8944	0.7375	0.7920	0.1932s	0.6942	0.8040	0.8038
91
0118	0.5160	0.8833	0.7392	0.7900	0.1930s	0.6935	0.8060	0.8057
92
0119	0.5011	0.8611	0.7412	0.7880	0.1943s	0.6910	0.8060	0.8061
93
0120	0.5214	0.8389	0.7482	0.7820	0.1936s	0.6927	0.8050	0.8058
94
0121	0.5648	0.8444	0.7569	0.7860	0.1938s	0.6953	0.8030	0.8034
95
0122	0.5221	0.8611	0.7664	0.7840	0.1927s	0.6980	0.7980	0.7986
96
0123	0.5132	0.8778	0.7743	0.7780	0.1933s	0.6996	0.7960	0.7969
97
0124	0.5495	0.8889	0.7766	0.7820	0.1925s	0.6988	0.7980	0.7990
98
0125	0.4982	0.8667	0.7762	0.7820	0.1901s	0.6969	0.8010	0.8021
99
0126	0.4806	0.8833	0.7764	0.7820	0.1934s	0.6987	0.8030	0.8038
100
0127	0.5598	0.8611	0.7774	0.7760	0.1930s	0.7039	0.8030	0.8037
101
0128	0.5321	0.8611	0.7816	0.7740	0.1914s	0.7146	0.7970	0.7989
102
0129	0.4921	0.9222	0.7861	0.7680	0.1932s	0.7248	0.7930	0.7955
103
0130	0.4935	0.9111	0.7877	0.7700	0.1930s	0.7328	0.7900	0.7912
104
0131	0.5487	0.8611	0.7909	0.7740	0.1928s	0.7399	0.7880	0.7888
105
0132	0.5372	0.8667	0.7910	0.7720	0.1916s	0.7427	0.7890	0.7892
106
0133	0.5230	0.8611	0.7842	0.7760	0.1931s	0.7381	0.7930	0.7926
107
0134	0.5051	0.9000	0.7749	0.7820	0.1932s	0.7304	0.7960	0.7953
108
0135	0.5571	0.8778	0.7687	0.7840	0.1945s	0.7238	0.8000	0.7992
109
0136	0.4919	0.8889	0.7658	0.7840	0.1913s	0.7189	0.8010	0.8005
110
0137	0.5237	0.8667	0.7653	0.7820	0.1933s	0.7152	0.8010	0.8008
111
0138	0.5184	0.9000	0.7651	0.7860	0.1965s	0.7121	0.8060	0.8059
112
0139	0.4607	0.8778	0.7661	0.7880	0.1914s	0.7087	0.8030	0.8028
113
0140	0.4569	0.9222	0.7736	0.7800	0.1915s	0.7116	0.8000	0.8000
114
0141	0.5493	0.8722	0.7861	0.7760	0.1944s	0.7205	0.7970	0.7975
115
0142	0.5102	0.8444	0.7935	0.7720	0.1931s	0.7284	0.7930	0.7942
116
0143	0.5186	0.8333	0.7943	0.7700	0.1918s	0.7315	0.7970	0.7976
117
0144	0.5671	0.8611	0.7926	0.7700	0.1917s	0.7344	0.7960	0.7962
118
0145	0.5557	0.8500	0.7861	0.7760	0.1903s	0.7327	0.7990	0.7993
119
0146	0.5522	0.8667	0.7787	0.7780	0.1932s	0.7298	0.7940	0.7944
120
0147	0.5314	0.8667	0.7687	0.7900	0.1934s	0.7258	0.7940	0.7943
121
0148	0.5228	0.9389	0.7638	0.7900	0.1949s	0.7245	0.7950	0.7954
122
0149	0.5301	0.9056	0.7622	0.7880	0.1882s	0.7229	0.7960	0.7970
123
0150	0.5268	0.8944	0.7651	0.7880	0.1930s	0.7234	0.7940	0.7958
124
0151	0.4632	0.8944	0.7695	0.7840	0.1912s	0.7244	0.7930	0.7950
125
0152	0.4425	0.9056	0.7721	0.7880	0.1916s	0.7256	0.7920	0.7936
126
0153	0.5252	0.8611	0.7779	0.7820	0.1931s	0.7289	0.7960	0.7964
127
0154	0.4897	0.8833	0.7869	0.7800	0.1934s	0.7357	0.7960	0.7960
128
0155	0.4980	0.8722	0.7938	0.7760	0.1926s	0.7425	0.7940	0.7934
129
0156	0.4324	0.9000	0.7980	0.7780	0.1925s	0.7478	0.7940	0.7931
130
0157	0.5269	0.8833	0.7998	0.7740	0.1936s	0.7512	0.7950	0.7945
131
0158	0.5110	0.9222	0.7980	0.7760	0.1929s	0.7540	0.7950	0.7949
132
0159	0.5091	0.8444	0.7971	0.7720	0.1937s	0.7597	0.7950	0.7949
133
0160	0.4962	0.8444	0.7982	0.7760	0.1921s	0.7659	0.7890	0.7893
134
0161	0.5437	0.8444	0.7978	0.7840	0.1915s	0.7721	0.7860	0.7871
135
0162	0.5032	0.8500	0.7998	0.7860	0.1924s	0.7794	0.7840	0.7857
136
0163	0.5237	0.8500	0.8042	0.7840	0.1899s	0.7827	0.7850	0.7869
137
0164	0.5853	0.8556	0.8118	0.7780	0.1875s	0.7870	0.7810	0.7840
138
0165	0.5042	0.8722	0.8179	0.7740	0.1913s	0.7909	0.7800	0.7828
139
0166	0.5282	0.8944	0.8185	0.7680	0.1924s	0.7896	0.7820	0.7848
140
0167	0.5052	0.9111	0.8147	0.7700	0.1935s	0.7832	0.7820	0.7841
141
0168	0.5239	0.8667	0.8112	0.7700	0.1934s	0.7745	0.7850	0.7864
142
0169	0.5311	0.8889	0.8094	0.7700	0.1897s	0.7665	0.7900	0.7909
143
0170	0.5148	0.8944	0.8084	0.7740	0.1934s	0.7600	0.7920	0.7910
144
0171	0.5493	0.8778	0.8109	0.7760	0.1935s	0.7565	0.7940	0.7926
145
0172	0.4926	0.8833	0.8129	0.7760	0.1952s	0.7534	0.7930	0.7918
146
0173	0.5142	0.8944	0.8128	0.7760	0.1924s	0.7492	0.7980	0.7977
147
0174	0.5064	0.8722	0.8140	0.7760	0.1916s	0.7461	0.7970	0.7974
148
0175	0.4137	0.8778	0.8147	0.7640	0.1919s	0.7456	0.7910	0.7929
149
0176	0.4818	0.8889	0.8170	0.7620	0.1899s	0.7465	0.7890	0.7912
150
0177	0.4335	0.9056	0.8192	0.7620	0.1920s	0.7473	0.7900	0.7928
151
0178	0.5533	0.8944	0.8195	0.7620	0.1936s	0.7472	0.7880	0.7907
152
0179	0.5696	0.8444	0.8159	0.7680	0.1940s	0.7452	0.7890	0.7907
153
0180	0.5133	0.8778	0.8084	0.7780	0.1934s	0.7401	0.7890	0.7888
154
0181	0.5799	0.8278	0.8003	0.7820	0.1937s	0.7329	0.7960	0.7942
155
0182	0.5099	0.8778	0.7928	0.7840	0.1881s	0.7272	0.7950	0.7929
156
0183	0.4989	0.8833	0.7894	0.7780	0.1939s	0.7234	0.7950	0.7933
157
0184	0.4583	0.8889	0.7869	0.7840	0.1882s	0.7198	0.7980	0.7966
158
0185	0.5780	0.8778	0.7893	0.7860	0.1904s	0.7209	0.7960	0.7949
159
0186	0.5412	0.8778	0.7949	0.7760	0.1934s	0.7234	0.7890	0.7888
160
0187	0.5064	0.8556	0.8013	0.7780	0.1889s	0.7271	0.7880	0.7890
161
0188	0.4744	0.9056	0.8101	0.7740	0.1919s	0.7343	0.7880	0.7895
162
0189	0.4597	0.8833	0.8144	0.7680	0.1941s	0.7389	0.7930	0.7940
163
0190	0.5670	0.8778	0.8104	0.7760	0.1881s	0.7404	0.7900	0.7910
164
0191	0.4956	0.8500	0.8040	0.7840	0.1902s	0.7418	0.7960	0.7961
165
0192	0.4735	0.8556	0.7973	0.7880	0.1935s	0.7426	0.7960	0.7954
166
0193	0.4771	0.8444	0.7919	0.7920	0.1925s	0.7446	0.7940	0.7928
167
0194	0.5345	0.8722	0.7899	0.7920	0.1921s	0.7473	0.7940	0.7925
168
0195	0.5095	0.9111	0.7895	0.7920	0.1932s	0.7488	0.7940	0.7928
169
0196	0.5755	0.8389	0.7876	0.7920	0.1919s	0.7477	0.7940	0.7942
170
0197	0.5394	0.8944	0.7878	0.7900	0.1933s	0.7490	0.7900	0.7909
171
0198	0.5195	0.8611	0.7919	0.7800	0.1920s	0.7512	0.7850	0.7862
172
0199	0.5568	0.9056	0.7991	0.7740	0.1933s	0.7553	0.7790	0.7804
173
0200	0.4777	0.8611	0.8056	0.7700	0.1909s	0.7592	0.7750	0.7767
174
0201	0.5368	0.8889	0.8052	0.7680	0.1931s	0.7593	0.7770	0.7790
175
0202	0.5001	0.8389	0.7985	0.7720	0.1933s	0.7548	0.7810	0.7815
176
0203	0.5059	0.8944	0.7856	0.7760	0.1928s	0.7460	0.7840	0.7837
177
0204	0.4977	0.8722	0.7737	0.7820	0.1917s	0.7378	0.7880	0.7877
178
0205	0.5258	0.8722	0.7665	0.7840	0.1915s	0.7327	0.7890	0.7885
179
0206	0.4754	0.8667	0.7676	0.7820	0.1972s	0.7310	0.7920	0.7915
180
0207	0.5053	0.8833	0.7716	0.7820	0.1936s	0.7313	0.7910	0.7913
181
0208	0.5001	0.9167	0.7784	0.7820	0.1935s	0.7321	0.7910	0.7918
182
0209	0.4269	0.8722	0.7826	0.7860	0.1917s	0.7307	0.7920	0.7927
183
0210	0.4557	0.8611	0.7872	0.7900	0.1933s	0.7307	0.7890	0.7897
184
0211	0.5802	0.8722	0.7911	0.7880	0.1941s	0.7319	0.7890	0.7897
185
0212	0.4716	0.8722	0.7961	0.7760	0.1917s	0.7362	0.7890	0.7891
186
0213	0.4920	0.8833	0.7981	0.7780	0.1935s	0.7375	0.7870	0.7864
187
0214	0.4476	0.9333	0.7949	0.7760	0.1913s	0.7377	0.7900	0.7888
188
0215	0.5099	0.8556	0.7854	0.7760	0.1934s	0.7345	0.7900	0.7886
189
0216	0.4902	0.8722	0.7739	0.7800	0.1935s	0.7315	0.7890	0.7874
190
0217	0.5146	0.8556	0.7648	0.7840	0.1934s	0.7301	0.7920	0.7911
191
0218	0.4952	0.9000	0.7598	0.7860	0.1931s	0.7299	0.7900	0.7903
192
0219	0.5471	0.8556	0.7619	0.7800	0.1932s	0.7320	0.7910	0.7919
193
0220	0.5075	0.8611	0.7641	0.7800	0.1914s	0.7321	0.7930	0.7936
194
0221	0.4452	0.8667	0.7692	0.7840	0.1930s	0.7325	0.7940	0.7943
195
0222	0.5364	0.9000	0.7748	0.7900	0.1933s	0.7302	0.7980	0.7979
196
0223	0.5039	0.8944	0.7821	0.7900	0.1934s	0.7273	0.7980	0.7981
197
0224	0.5006	0.8889	0.7909	0.7900	0.1944s	0.7271	0.8010	0.8010
198
0225	0.5273	0.8889	0.7988	0.7900	0.1930s	0.7273	0.8000	0.7997
199
Early stop! Min loss:0.6435920000076294,  Max accuracy:0.806
Early stop model validation loss:0.6435920000076294,  accuracy:0.8
Optimization Finished!
Total time elapsed: 43.9860s
test max acc:0.8270
Loading 24th epoch
stru_node_to_hop attention:tensor([[0.3329, 0.3336, 0.3335],
        [0.3334, 0.3333, 0.3333],
        [0.3331, 0.3334, 0.3335],
        [0.3333, 0.3335, 0.3333],
        [0.3333, 0.3334, 0.3333],
        [0.3333, 0.3333, 0.3334],
        [0.3332, 0.3334, 0.3334],
        [0.3334, 0.3332, 0.3334],
        [0.3333, 0.3335, 0.3333],
        [0.3334, 0.3333, 0.3333],
        [0.3334, 0.3332, 0.3333],
        [0.3332, 0.3334, 0.3334],
        [0.3333, 0.3334, 0.3334],
        [0.3333, 0.3334, 0.3334],
        [0.3334, 0.3333, 0.3333],
        [0.3331, 0.3335, 0.3334],
        [0.3335, 0.3332, 0.3333],
        [0.3331, 0.3335, 0.3334],
        [0.3069, 0.3970, 0.2961],
        [0.3333, 0.3333, 0.3334],
        [0.3330, 0.3335, 0.3335],
        [0.3331, 0.3334, 0.3335],
        [0.3335, 0.3333, 0.3333],
        [0.3333, 0.3333, 0.3334],
        [0.3332, 0.3334, 0.3334],
        [0.3331, 0.3335, 0.3333],
        [0.3333, 0.3333, 0.3334],
        [0.3331, 0.3335, 0.3334],
        [0.3332, 0.3334, 0.3334],
        [0.3331, 0.3335, 0.3334],
        [0.3333, 0.3333, 0.3334],
        [0.3333, 0.3334, 0.3333],
        [0.3331, 0.3334, 0.3334],
        [0.3330, 0.3336, 0.3334],
        [0.3333, 0.3334, 0.3334],
        [0.3330, 0.3334, 0.3335],
        [0.3335, 0.3331, 0.3334],
        [0.3333, 0.3333, 0.3334],
        [0.3332, 0.3336, 0.3333],
        [0.3330, 0.3335, 0.3335],
        [0.3334, 0.3333, 0.3333],
        [0.3331, 0.3334, 0.3335],
        [0.3331, 0.3335, 0.3334],
        [0.3333, 0.3333, 0.3334],
        [0.3331, 0.3335, 0.3334],
        [0.3330, 0.3335, 0.3336],
        [0.3332, 0.3335, 0.3333],
        [0.3332, 0.3334, 0.3334],
        [0.3332, 0.3335, 0.3334],
        [0.3331, 0.3336, 0.3333],
        [0.3332, 0.3334, 0.3334],
        [0.3332, 0.3334, 0.3333],
        [0.3325, 0.3339, 0.3337],
        [0.3331, 0.3335, 0.3334],
        [0.3332, 0.3334, 0.3333],
        [0.3333, 0.3333, 0.3334],
        [0.3332, 0.3334, 0.3334],
        [0.3332, 0.3334, 0.3334],
        [0.3333, 0.3333, 0.3334],
        [0.3332, 0.3334, 0.3334],
        [0.3331, 0.3334, 0.3334],
        [0.3333, 0.3334, 0.3334],
        [0.3333, 0.3334, 0.3334],
        [0.3332, 0.3334, 0.3334],
        [0.3333, 0.3334, 0.3333],
        [0.3332, 0.3334, 0.3334],
        [0.3331, 0.3334, 0.3335],
        [0.3333, 0.3334, 0.3333],
        [0.3329, 0.3336, 0.3335],
        [0.3333, 0.3333, 0.3333],
        [0.3330, 0.3335, 0.3334],
        [0.3334, 0.3333, 0.3333],
        [0.3330, 0.3336, 0.3334],
        [0.3333, 0.3333, 0.3333],
        [0.3330, 0.3335, 0.3335],
        [0.3332, 0.3335, 0.3333],
        [0.3331, 0.3335, 0.3334],
        [0.3334, 0.3332, 0.3334],
        [0.3330, 0.3335, 0.3335],
        [0.3330, 0.3335, 0.3335],
        [0.3331, 0.3334, 0.3334],
        [0.3330, 0.3336, 0.3335],
        [0.3333, 0.3334, 0.3333],
        [0.3334, 0.3333, 0.3333],
        [0.3335, 0.3332, 0.3333],
        [0.3331, 0.3334, 0.3334],
        [0.3332, 0.3334, 0.3334],
        [0.3333, 0.3333, 0.3333],
        [0.3333, 0.3334, 0.3334],
        [0.3333, 0.3333, 0.3334],
        [0.3330, 0.3335, 0.3335],
        [0.3333, 0.3333, 0.3334],
        [0.3332, 0.3334, 0.3334],
        [0.3331, 0.3334, 0.3335],
        [0.3333, 0.3333, 0.3334],
        [0.3332, 0.3334, 0.3334],
        [0.3333, 0.3334, 0.3334],
        [0.2664, 0.4001, 0.3335],
        [0.3331, 0.3334, 0.3334],
        [0.3333, 0.3333, 0.3334]], device='cuda:1')
fea_node_to_hop attention:tensor([[0.1429, 0.1428, 0.1428, 0.1429, 0.1429, 0.1429, 0.1429],
        [0.1428, 0.1429, 0.1427, 0.1429, 0.1428, 0.1429, 0.1429],
        [0.1429, 0.1429, 0.1427, 0.1429, 0.1428, 0.1429, 0.1429],
        [0.1428, 0.1429, 0.1428, 0.1429, 0.1428, 0.1429, 0.1429],
        [0.1428, 0.1429, 0.1427, 0.1429, 0.1428, 0.1429, 0.1429],
        [0.1428, 0.1429, 0.1427, 0.1429, 0.1428, 0.1429, 0.1429],
        [0.1427, 0.1429, 0.1428, 0.1429, 0.1429, 0.1429, 0.1429],
        [0.1429, 0.1430, 0.1426, 0.1429, 0.1428, 0.1429, 0.1428],
        [0.1428, 0.1428, 0.1428, 0.1428, 0.1429, 0.1429, 0.1429],
        [0.1427, 0.1428, 0.1429, 0.1429, 0.1429, 0.1429, 0.1429],
        [0.1428, 0.1428, 0.1429, 0.1429, 0.1429, 0.1429, 0.1429],
        [0.1428, 0.1428, 0.1428, 0.1429, 0.1429, 0.1429, 0.1429],
        [0.1429, 0.1427, 0.1428, 0.1429, 0.1429, 0.1429, 0.1429],
        [0.1428, 0.1428, 0.1429, 0.1429, 0.1429, 0.1429, 0.1429],
        [0.1428, 0.1428, 0.1428, 0.1429, 0.1429, 0.1429, 0.1429],
        [0.1423, 0.1428, 0.1429, 0.1430, 0.1430, 0.1430, 0.1430],
        [0.1429, 0.1427, 0.1428, 0.1429, 0.1429, 0.1429, 0.1429],
        [0.1428, 0.1428, 0.1429, 0.1429, 0.1429, 0.1429, 0.1429],
        [0.1205, 0.1380, 0.1467, 0.1536, 0.1510, 0.1471, 0.1432],
        [0.1429, 0.1427, 0.1428, 0.1429, 0.1429, 0.1429, 0.1429],
        [0.1427, 0.1428, 0.1429, 0.1429, 0.1429, 0.1429, 0.1429],
        [0.1429, 0.1428, 0.1428, 0.1428, 0.1429, 0.1429, 0.1429],
        [0.1428, 0.1428, 0.1429, 0.1429, 0.1429, 0.1429, 0.1429],
        [0.1427, 0.1428, 0.1429, 0.1429, 0.1429, 0.1429, 0.1429],
        [0.1428, 0.1428, 0.1428, 0.1429, 0.1429, 0.1429, 0.1429],
        [0.1428, 0.1428, 0.1428, 0.1428, 0.1429, 0.1429, 0.1429],
        [0.1428, 0.1428, 0.1428, 0.1429, 0.1429, 0.1429, 0.1429],
        [0.1428, 0.1428, 0.1428, 0.1429, 0.1429, 0.1429, 0.1429],
        [0.1428, 0.1428, 0.1429, 0.1429, 0.1429, 0.1429, 0.1429],
        [0.1427, 0.1428, 0.1429, 0.1429, 0.1429, 0.1429, 0.1429],
        [0.1427, 0.1428, 0.1429, 0.1429, 0.1429, 0.1429, 0.1429],
        [0.1427, 0.1427, 0.1428, 0.1429, 0.1429, 0.1429, 0.1430],
        [0.1428, 0.1428, 0.1428, 0.1429, 0.1429, 0.1429, 0.1429],
        [0.1427, 0.1428, 0.1429, 0.1429, 0.1429, 0.1429, 0.1429],
        [0.1428, 0.1428, 0.1428, 0.1429, 0.1429, 0.1429, 0.1429],
        [0.1429, 0.1427, 0.1428, 0.1428, 0.1429, 0.1429, 0.1429],
        [0.1429, 0.1428, 0.1428, 0.1428, 0.1429, 0.1429, 0.1429],
        [0.1428, 0.1428, 0.1428, 0.1429, 0.1429, 0.1429, 0.1429],
        [0.1428, 0.1428, 0.1428, 0.1429, 0.1429, 0.1429, 0.1429],
        [0.1428, 0.1429, 0.1429, 0.1429, 0.1429, 0.1429, 0.1429],
        [0.1428, 0.1428, 0.1428, 0.1429, 0.1429, 0.1429, 0.1429],
        [0.1428, 0.1429, 0.1428, 0.1429, 0.1429, 0.1429, 0.1429],
        [0.1429, 0.1428, 0.1428, 0.1428, 0.1429, 0.1429, 0.1429],
        [0.1428, 0.1428, 0.1428, 0.1429, 0.1429, 0.1429, 0.1429],
        [0.1428, 0.1427, 0.1429, 0.1429, 0.1429, 0.1429, 0.1429],
        [0.1429, 0.1428, 0.1428, 0.1428, 0.1429, 0.1429, 0.1429],
        [0.1428, 0.1428, 0.1428, 0.1429, 0.1429, 0.1429, 0.1429],
        [0.1429, 0.1427, 0.1428, 0.1429, 0.1429, 0.1429, 0.1429],
        [0.1429, 0.1428, 0.1428, 0.1429, 0.1429, 0.1429, 0.1429],
        [0.1428, 0.1428, 0.1428, 0.1429, 0.1429, 0.1429, 0.1429],
        [0.1428, 0.1428, 0.1428, 0.1429, 0.1429, 0.1429, 0.1429],
        [0.1429, 0.1427, 0.1428, 0.1429, 0.1429, 0.1429, 0.1429],
        [0.1427, 0.1428, 0.1428, 0.1429, 0.1429, 0.1429, 0.1429],
        [0.1429, 0.1428, 0.1428, 0.1429, 0.1429, 0.1429, 0.1429],
        [0.1429, 0.1427, 0.1428, 0.1428, 0.1429, 0.1429, 0.1429],
        [0.1428, 0.1428, 0.1429, 0.1429, 0.1429, 0.1429, 0.1429],
        [0.1427, 0.1428, 0.1429, 0.1429, 0.1429, 0.1429, 0.1429],
        [0.1428, 0.1427, 0.1428, 0.1429, 0.1429, 0.1429, 0.1429],
        [0.1427, 0.1428, 0.1429, 0.1429, 0.1429, 0.1429, 0.1429],
        [0.1429, 0.1429, 0.1428, 0.1428, 0.1429, 0.1429, 0.1429],
        [0.1428, 0.1428, 0.1428, 0.1429, 0.1429, 0.1429, 0.1429],
        [0.1428, 0.1428, 0.1429, 0.1429, 0.1429, 0.1429, 0.1429],
        [0.1429, 0.1427, 0.1428, 0.1429, 0.1429, 0.1429, 0.1429],
        [0.1428, 0.1428, 0.1429, 0.1429, 0.1429, 0.1429, 0.1429],
        [0.1428, 0.1428, 0.1428, 0.1429, 0.1429, 0.1429, 0.1429],
        [0.1428, 0.1428, 0.1429, 0.1429, 0.1429, 0.1429, 0.1429],
        [0.1427, 0.1428, 0.1429, 0.1429, 0.1429, 0.1429, 0.1429],
        [0.1429, 0.1427, 0.1428, 0.1428, 0.1429, 0.1429, 0.1429],
        [0.1429, 0.1428, 0.1428, 0.1428, 0.1429, 0.1429, 0.1429],
        [0.1428, 0.1428, 0.1428, 0.1429, 0.1429, 0.1429, 0.1429],
        [0.1428, 0.1428, 0.1429, 0.1429, 0.1429, 0.1429, 0.1429],
        [0.1428, 0.1428, 0.1429, 0.1429, 0.1429, 0.1429, 0.1429],
        [0.1427, 0.1428, 0.1429, 0.1429, 0.1429, 0.1429, 0.1429],
        [0.1428, 0.1428, 0.1428, 0.1429, 0.1429, 0.1429, 0.1429],
        [0.1428, 0.1428, 0.1429, 0.1429, 0.1429, 0.1429, 0.1429],
        [0.1429, 0.1428, 0.1428, 0.1429, 0.1429, 0.1429, 0.1429],
        [0.1428, 0.1428, 0.1428, 0.1429, 0.1429, 0.1429, 0.1429],
        [0.1428, 0.1427, 0.1428, 0.1429, 0.1429, 0.1429, 0.1429],
        [0.1428, 0.1428, 0.1429, 0.1429, 0.1429, 0.1429, 0.1429],
        [0.1427, 0.1429, 0.1428, 0.1429, 0.1429, 0.1429, 0.1429],
        [0.1429, 0.1428, 0.1428, 0.1428, 0.1429, 0.1429, 0.1429],
        [0.1427, 0.1428, 0.1429, 0.1429, 0.1429, 0.1429, 0.1429],
        [0.1428, 0.1428, 0.1429, 0.1429, 0.1429, 0.1429, 0.1429],
        [0.1428, 0.1428, 0.1429, 0.1429, 0.1429, 0.1429, 0.1429],
        [0.1429, 0.1428, 0.1428, 0.1429, 0.1429, 0.1429, 0.1429],
        [0.1428, 0.1428, 0.1428, 0.1429, 0.1429, 0.1429, 0.1429],
        [0.1429, 0.1428, 0.1428, 0.1429, 0.1429, 0.1429, 0.1429],
        [0.1428, 0.1428, 0.1428, 0.1429, 0.1429, 0.1429, 0.1429],
        [0.1429, 0.1428, 0.1428, 0.1429, 0.1429, 0.1429, 0.1429],
        [0.1428, 0.1428, 0.1428, 0.1429, 0.1429, 0.1429, 0.1429],
        [0.1429, 0.1427, 0.1428, 0.1429, 0.1429, 0.1429, 0.1429],
        [0.1429, 0.1428, 0.1428, 0.1429, 0.1429, 0.1429, 0.1429],
        [0.1428, 0.1428, 0.1428, 0.1429, 0.1429, 0.1429, 0.1429],
        [0.1428, 0.1428, 0.1428, 0.1429, 0.1429, 0.1429, 0.1429],
        [0.1429, 0.1427, 0.1428, 0.1428, 0.1429, 0.1429, 0.1429],
        [0.1428, 0.1428, 0.1429, 0.1429, 0.1429, 0.1429, 0.1429],
        [0.1426, 0.1429, 0.1429, 0.1429, 0.1429, 0.1429, 0.1429],
        [0.1343, 0.1425, 0.1469, 0.1467, 0.1453, 0.1433, 0.1412],
        [0.1428, 0.1428, 0.1429, 0.1429, 0.1429, 0.1429, 0.1429],
        [0.1429, 0.1428, 0.1428, 0.1428, 0.1429, 0.1429, 0.1429]],
       device='cuda:1')
perception attention:tensor([0.3877, 0.6123], device='cuda:1')
Test set results: loss= 0.6168 accuracy= 0.8160 F1_score= 0.8167
