# epoch	loss_train	acc_train	loss_val	acc_val	time	acc_test	f1_test
0001	2.1994	0.1278	2.1436	0.5060	0.2068s	2.1448	0.5200	0.4749
0
0002	2.1514	0.3889	2.0709	0.4900	0.2050s	2.0766	0.4830	0.4445
0
0003	2.0804	0.3889	1.9851	0.5560	0.2015s	1.9972	0.5540	0.5255
0
0004	1.9983	0.4500	1.8886	0.6440	0.2016s	1.9032	0.6700	0.6512
0
0005	1.9270	0.5111	1.7821	0.7360	0.2100s	1.7950	0.7410	0.7267
0
0006	1.8323	0.5667	1.6692	0.7580	0.2073s	1.6779	0.7730	0.7615
0
0007	1.7521	0.6333	1.5520	0.7580	0.2072s	1.5545	0.7850	0.7727
0
0008	1.6528	0.6500	1.4364	0.7520	0.2074s	1.4312	0.7740	0.7590
0
0009	1.5395	0.6889	1.3257	0.7580	0.2077s	1.3147	0.7740	0.7654
0
0010	1.4455	0.7611	1.2212	0.7540	0.2069s	1.2072	0.7770	0.7748
0
0011	1.3649	0.7000	1.1252	0.7640	0.2054s	1.1111	0.7940	0.7969
0
0012	1.3018	0.7333	1.0370	0.7800	0.2078s	1.0242	0.8060	0.8122
0
0013	1.2089	0.7556	0.9604	0.7760	0.2092s	0.9509	0.7880	0.7960
0
0014	1.1601	0.7611	0.8969	0.7580	0.2076s	0.8910	0.7710	0.7781
0
0015	1.0885	0.7833	0.8410	0.7700	0.2089s	0.8373	0.7800	0.7872
0
0016	1.0533	0.7944	0.7912	0.7780	0.2089s	0.7870	0.8000	0.8044
0
0017	0.9968	0.8778	0.7518	0.8040	0.2092s	0.7436	0.8220	0.8237
0
0018	0.9474	0.8167	0.7223	0.7940	0.2074s	0.7092	0.8210	0.8221
0
0019	0.8797	0.8444	0.7018	0.7900	0.2097s	0.6833	0.8200	0.8201
0
0020	0.8856	0.8333	0.6884	0.7880	0.2077s	0.6633	0.8240	0.8250
0
0021	0.8229	0.8389	0.6791	0.7920	0.2073s	0.6493	0.8160	0.8190
0
0022	0.8204	0.8611	0.6753	0.7900	0.2071s	0.6411	0.8090	0.8118
0
0023	0.8273	0.8000	0.6730	0.7900	0.2072s	0.6361	0.8070	0.8095
0
0024	0.7815	0.8056	0.6717	0.7900	0.1938s	0.6325	0.8000	0.8022
0
0025	0.7298	0.7944	0.6679	0.7960	0.1935s	0.6285	0.7970	0.7995
0
0026	0.7020	0.8833	0.6629	0.7960	0.1913s	0.6255	0.8040	0.8059
0
0027	0.7306	0.8167	0.6590	0.7960	0.1930s	0.6238	0.8120	0.8129
0
0028	0.6313	0.8444	0.6570	0.7920	0.1919s	0.6229	0.8160	0.8169
0
0029	0.6979	0.8556	0.6591	0.7860	0.1942s	0.6243	0.8150	0.8169
0
0030	0.6906	0.8333	0.6607	0.7860	0.1951s	0.6252	0.8140	0.8163
1
0031	0.6654	0.8222	0.6643	0.7920	0.1930s	0.6252	0.8120	0.8144
2
0032	0.6447	0.8500	0.6690	0.7960	0.1926s	0.6265	0.8110	0.8130
3
0033	0.6530	0.8500	0.6750	0.7940	0.1927s	0.6283	0.8080	0.8094
4
0034	0.5931	0.8722	0.6811	0.7920	0.1937s	0.6317	0.8050	0.8060
5
0035	0.5980	0.8611	0.6857	0.7920	0.1933s	0.6324	0.8050	0.8063
6
0036	0.6416	0.8333	0.6883	0.7880	0.1935s	0.6312	0.8090	0.8102
7
0037	0.6583	0.8389	0.6874	0.7920	0.1933s	0.6280	0.8080	0.8098
8
0038	0.6380	0.8556	0.6866	0.7940	0.1934s	0.6275	0.8110	0.8136
9
0039	0.6245	0.8722	0.6851	0.7980	0.1913s	0.6276	0.8070	0.8104
10
0040	0.6031	0.8500	0.6862	0.7880	0.1912s	0.6299	0.8060	0.8090
11
0041	0.5961	0.8444	0.6887	0.7840	0.1921s	0.6327	0.8070	0.8083
12
0042	0.5867	0.8444	0.6947	0.7760	0.2070s	0.6399	0.7990	0.7997
13
0043	0.6817	0.8611	0.7004	0.7800	0.2051s	0.6460	0.7980	0.7988
14
0044	0.5595	0.8889	0.7077	0.7780	0.2098s	0.6505	0.7980	0.7987
15
0045	0.6206	0.8667	0.7093	0.7780	0.2075s	0.6549	0.7950	0.7960
16
0046	0.5355	0.8944	0.7090	0.7820	0.2079s	0.6571	0.7960	0.7972
17
0047	0.5915	0.8556	0.7000	0.7780	0.2119s	0.6523	0.8000	0.8019
18
0048	0.6392	0.8222	0.6921	0.7820	0.2077s	0.6466	0.8010	0.8024
19
0049	0.5914	0.9000	0.6893	0.7820	0.2071s	0.6468	0.8020	0.8029
20
0050	0.6091	0.8778	0.6949	0.7860	0.2080s	0.6524	0.8040	0.8047
21
0051	0.6339	0.8778	0.7025	0.7760	0.1943s	0.6567	0.8050	0.8052
22
0052	0.5319	0.8889	0.7072	0.7780	0.1921s	0.6609	0.8080	0.8082
23
0053	0.5196	0.8667	0.7097	0.7760	0.1943s	0.6620	0.8010	0.8013
24
0054	0.5847	0.9389	0.7142	0.7780	0.1960s	0.6649	0.7980	0.7983
25
0055	0.6390	0.8389	0.7159	0.7760	0.1941s	0.6642	0.7970	0.7978
26
0056	0.5272	0.8944	0.7137	0.7760	0.1939s	0.6629	0.7950	0.7951
27
0057	0.6085	0.8556	0.7062	0.7760	0.1955s	0.6601	0.7980	0.7982
28
0058	0.6558	0.8333	0.6939	0.7860	0.1939s	0.6540	0.8050	0.8054
29
0059	0.5658	0.8389	0.6835	0.7860	0.1900s	0.6497	0.8040	0.8048
30
0060	0.5873	0.8056	0.6812	0.7820	0.1927s	0.6510	0.8020	0.8034
31
0061	0.6493	0.8778	0.6853	0.7860	0.1974s	0.6564	0.8030	0.8045
32
0062	0.6226	0.9222	0.6921	0.7880	0.1940s	0.6632	0.7970	0.7993
33
0063	0.6037	0.8389	0.7016	0.7820	0.1947s	0.6730	0.7970	0.7985
34
0064	0.5526	0.8556	0.7114	0.7800	0.1976s	0.6823	0.7940	0.7946
35
0065	0.5541	0.8111	0.7166	0.7780	0.1940s	0.6877	0.7960	0.7968
36
0066	0.5768	0.8167	0.7162	0.7720	0.1928s	0.6872	0.7940	0.7947
37
0067	0.5646	0.9056	0.7053	0.7740	0.1941s	0.6746	0.7930	0.7950
38
0068	0.5234	0.8722	0.6976	0.7740	0.1935s	0.6661	0.7950	0.7973
39
0069	0.5481	0.9000	0.6962	0.7760	0.1943s	0.6628	0.7960	0.7979
40
0070	0.5501	0.8389	0.6987	0.7740	0.1945s	0.6641	0.7920	0.7943
41
0071	0.5780	0.8778	0.6979	0.7740	0.1947s	0.6621	0.7970	0.7981
42
0072	0.6445	0.8389	0.7020	0.7760	0.1929s	0.6627	0.8000	0.8002
43
0073	0.5073	0.9167	0.7042	0.7700	0.1974s	0.6639	0.7950	0.7954
44
0074	0.5056	0.8778	0.7130	0.7660	0.1944s	0.6698	0.7970	0.7976
45
0075	0.5718	0.8222	0.7204	0.7700	0.1938s	0.6754	0.7950	0.7962
46
0076	0.5505	0.8833	0.7270	0.7700	0.1950s	0.6798	0.7960	0.7985
47
0077	0.6176	0.8833	0.7343	0.7720	0.1947s	0.6849	0.7910	0.7943
48
0078	0.5498	0.8722	0.7362	0.7680	0.1927s	0.6882	0.7880	0.7915
49
0079	0.6086	0.8444	0.7326	0.7740	0.1931s	0.6862	0.7940	0.7969
50
0080	0.4921	0.9000	0.7275	0.7700	0.1927s	0.6822	0.7940	0.7958
51
0081	0.5637	0.8611	0.7263	0.7740	0.1923s	0.6819	0.7950	0.7951
52
0082	0.5210	0.8889	0.7288	0.7840	0.1943s	0.6856	0.7960	0.7941
53
0083	0.6077	0.8833	0.7341	0.7840	0.1941s	0.6892	0.7970	0.7947
54
0084	0.5743	0.8722	0.7419	0.7720	0.1945s	0.6927	0.7930	0.7915
55
0085	0.5434	0.8667	0.7560	0.7640	0.1960s	0.6961	0.7890	0.7894
56
0086	0.5551	0.8722	0.7686	0.7640	0.1926s	0.6973	0.7840	0.7855
57
0087	0.6085	0.8778	0.7704	0.7700	0.1964s	0.6947	0.7850	0.7862
58
0088	0.5788	0.8889	0.7675	0.7660	0.1941s	0.6915	0.7850	0.7876
59
0089	0.5550	0.8500	0.7522	0.7620	0.1942s	0.6835	0.7950	0.7974
60
0090	0.5586	0.8722	0.7381	0.7740	0.1945s	0.6787	0.8030	0.8034
61
0091	0.6161	0.8556	0.7334	0.7860	0.1948s	0.6788	0.7980	0.7967
62
0092	0.5324	0.8889	0.7363	0.7860	0.1941s	0.6849	0.7950	0.7930
63
0093	0.5367	0.9056	0.7420	0.7860	0.1971s	0.6913	0.7940	0.7913
64
0094	0.5375	0.8389	0.7528	0.7740	0.1938s	0.6974	0.7970	0.7951
65
0095	0.5253	0.8833	0.7644	0.7760	0.1948s	0.7029	0.7980	0.7963
66
0096	0.4689	0.9611	0.7725	0.7720	0.1943s	0.7041	0.8000	0.7997
67
0097	0.5313	0.8444	0.7791	0.7700	0.1939s	0.7069	0.7940	0.7955
68
0098	0.4920	0.8722	0.7834	0.7720	0.1939s	0.7101	0.7930	0.7955
69
0099	0.5363	0.8611	0.7826	0.7700	0.1942s	0.7116	0.7910	0.7945
70
0100	0.5006	0.8444	0.7814	0.7700	0.1921s	0.7124	0.7910	0.7945
71
0101	0.5209	0.8722	0.7767	0.7640	0.1947s	0.7101	0.7930	0.7961
72
0102	0.5565	0.8778	0.7750	0.7700	0.1943s	0.7089	0.7930	0.7954
73
0103	0.5543	0.8500	0.7738	0.7740	0.1939s	0.7079	0.7930	0.7939
74
0104	0.5081	0.8611	0.7690	0.7740	0.1941s	0.7057	0.7960	0.7952
75
0105	0.5605	0.9111	0.7675	0.7740	0.1945s	0.7060	0.7940	0.7930
76
0106	0.5180	0.8833	0.7658	0.7780	0.1940s	0.7057	0.7970	0.7962
77
0107	0.4706	0.8778	0.7676	0.7880	0.1944s	0.7088	0.8000	0.8007
78
0108	0.5177	0.8556	0.7724	0.7840	0.1929s	0.7137	0.7970	0.7986
79
0109	0.5129	0.8778	0.7796	0.7760	0.1924s	0.7196	0.7950	0.7976
80
0110	0.5421	0.8722	0.7887	0.7680	0.1941s	0.7268	0.7890	0.7927
81
0111	0.5295	0.8944	0.7917	0.7720	0.1964s	0.7283	0.7900	0.7926
82
0112	0.5100	0.8556	0.7886	0.7680	0.1941s	0.7246	0.7920	0.7937
83
0113	0.5720	0.8500	0.7813	0.7740	0.1975s	0.7161	0.7970	0.7982
84
0114	0.5029	0.9056	0.7708	0.7820	0.1945s	0.7053	0.8010	0.8016
85
0115	0.5179	0.8611	0.7601	0.7840	0.1947s	0.6971	0.8030	0.8024
86
0116	0.5301	0.8722	0.7514	0.7800	0.2198s	0.6910	0.8020	0.8011
87
0117	0.5242	0.8444	0.7464	0.7820	0.2093s	0.6876	0.8040	0.8039
88
0118	0.5235	0.8778	0.7435	0.7800	0.1900s	0.6876	0.7990	0.7991
89
0119	0.5232	0.8722	0.7430	0.7800	0.1941s	0.6899	0.8000	0.8002
90
0120	0.4927	0.8944	0.7463	0.7780	0.1948s	0.6932	0.8030	0.8035
91
0121	0.5255	0.8667	0.7537	0.7780	0.1948s	0.7001	0.8010	0.8017
92
0122	0.4428	0.9111	0.7598	0.7680	0.1953s	0.7053	0.7980	0.7990
93
0123	0.5309	0.8889	0.7613	0.7700	0.1934s	0.7048	0.7990	0.7997
94
0124	0.4877	0.8611	0.7622	0.7700	0.1947s	0.7029	0.7970	0.7972
95
0125	0.4735	0.8667	0.7644	0.7720	0.2068s	0.7027	0.7970	0.7973
96
0126	0.5297	0.8833	0.7671	0.7700	0.1926s	0.7050	0.7960	0.7959
97
0127	0.4960	0.8667	0.7698	0.7700	0.1939s	0.7072	0.7950	0.7947
98
0128	0.4709	0.9056	0.7719	0.7760	0.1944s	0.7091	0.7940	0.7939
99
0129	0.5715	0.8778	0.7737	0.7780	0.1926s	0.7110	0.7950	0.7948
100
0130	0.4368	0.9000	0.7747	0.7760	0.1939s	0.7120	0.7970	0.7969
101
0131	0.4968	0.8667	0.7772	0.7700	0.1938s	0.7131	0.7920	0.7926
102
0132	0.5147	0.8500	0.7743	0.7800	0.1938s	0.7139	0.7930	0.7948
103
0133	0.5088	0.8500	0.7693	0.7820	0.1942s	0.7155	0.7960	0.7980
104
0134	0.6187	0.8389	0.7640	0.7820	0.1923s	0.7166	0.7940	0.7964
105
0135	0.5138	0.8444	0.7604	0.7800	0.1959s	0.7172	0.7950	0.7967
106
0136	0.5185	0.8667	0.7605	0.7820	0.1936s	0.7209	0.7950	0.7963
107
0137	0.5655	0.8889	0.7616	0.7780	0.1942s	0.7225	0.7980	0.7986
108
0138	0.5820	0.8944	0.7627	0.7840	0.1939s	0.7216	0.7930	0.7936
109
0139	0.4588	0.8778	0.7629	0.7760	0.1940s	0.7203	0.7930	0.7935
110
0140	0.5881	0.8278	0.7703	0.7760	0.1943s	0.7218	0.7950	0.7951
111
0141	0.4715	0.8944	0.7742	0.7780	0.1933s	0.7215	0.7950	0.7953
112
0142	0.5284	0.9056	0.7796	0.7740	0.1940s	0.7210	0.7920	0.7923
113
0143	0.5022	0.9056	0.7870	0.7760	0.2024s	0.7220	0.7970	0.7979
114
0144	0.4733	0.9111	0.7952	0.7760	0.2075s	0.7255	0.7980	0.7994
115
0145	0.4810	0.8778	0.8000	0.7760	0.2077s	0.7289	0.7990	0.8004
116
0146	0.5649	0.8889	0.7977	0.7800	0.2107s	0.7299	0.7970	0.7987
117
0147	0.5115	0.8833	0.7918	0.7780	0.2076s	0.7298	0.7970	0.7983
118
0148	0.4846	0.8833	0.7838	0.7760	0.2077s	0.7287	0.7970	0.7982
119
0149	0.5491	0.8722	0.7728	0.7840	0.2058s	0.7272	0.7970	0.7980
120
0150	0.5468	0.8944	0.7660	0.7820	0.2050s	0.7287	0.7960	0.7962
121
0151	0.4998	0.8389	0.7653	0.7880	0.2077s	0.7320	0.7970	0.7967
122
0152	0.5443	0.8722	0.7681	0.7820	0.2068s	0.7360	0.7990	0.7990
123
0153	0.5394	0.8500	0.7772	0.7800	0.2079s	0.7415	0.7950	0.7951
124
0154	0.4682	0.9000	0.7924	0.7740	0.2066s	0.7476	0.7910	0.7919
125
0155	0.5303	0.8944	0.8106	0.7620	0.2071s	0.7526	0.7850	0.7863
126
0156	0.5210	0.8722	0.8238	0.7660	0.1948s	0.7546	0.7860	0.7876
127
0157	0.4942	0.9222	0.8268	0.7660	0.1947s	0.7474	0.7920	0.7940
128
0158	0.4777	0.9222	0.8270	0.7700	0.1954s	0.7417	0.7970	0.7989
129
0159	0.5107	0.8833	0.8229	0.7740	0.1971s	0.7356	0.8000	0.8016
130
0160	0.4082	0.9389	0.8232	0.7780	0.1953s	0.7353	0.8040	0.8052
131
0161	0.5216	0.9000	0.8230	0.7840	0.1959s	0.7366	0.8030	0.8041
132
0162	0.5259	0.8778	0.8256	0.7780	0.1942s	0.7411	0.8020	0.8034
133
0163	0.5154	0.8667	0.8333	0.7760	0.1943s	0.7479	0.8020	0.8031
134
0164	0.5138	0.8778	0.8423	0.7740	0.1930s	0.7558	0.8010	0.8021
135
0165	0.5036	0.8722	0.8503	0.7700	0.1940s	0.7623	0.8010	0.8016
136
0166	0.5014	0.8889	0.8573	0.7680	0.1940s	0.7660	0.8010	0.8014
137
0167	0.5699	0.8389	0.8609	0.7740	0.1941s	0.7667	0.7990	0.7995
138
0168	0.4906	0.8500	0.8627	0.7720	0.1943s	0.7664	0.8040	0.8045
139
0169	0.5110	0.8667	0.8600	0.7720	0.1946s	0.7616	0.7990	0.7999
140
0170	0.4951	0.8778	0.8571	0.7700	0.1942s	0.7578	0.8000	0.8013
141
0171	0.4977	0.8389	0.8511	0.7720	0.1939s	0.7548	0.8000	0.8015
142
0172	0.4720	0.8556	0.8470	0.7780	0.1938s	0.7533	0.8020	0.8035
143
0173	0.5619	0.8944	0.8420	0.7780	0.1956s	0.7495	0.8020	0.8036
144
0174	0.5179	0.8722	0.8411	0.7760	0.1935s	0.7492	0.7960	0.7975
145
0175	0.4847	0.8778	0.8350	0.7760	0.1934s	0.7462	0.7990	0.8002
146
0176	0.4647	0.9056	0.8286	0.7760	0.1951s	0.7421	0.7970	0.7978
147
0177	0.5708	0.8444	0.8232	0.7760	0.1946s	0.7369	0.7940	0.7946
148
0178	0.4970	0.8833	0.8185	0.7800	0.1945s	0.7325	0.7950	0.7955
149
0179	0.5656	0.9222	0.8162	0.7820	0.1948s	0.7295	0.7960	0.7964
150
0180	0.5341	0.8500	0.8204	0.7740	0.1942s	0.7291	0.7910	0.7924
151
0181	0.5971	0.9000	0.8244	0.7740	0.1942s	0.7297	0.7940	0.7953
152
0182	0.6112	0.8944	0.8255	0.7740	0.1885s	0.7301	0.7940	0.7950
153
0183	0.5659	0.8889	0.8287	0.7720	0.1915s	0.7312	0.7920	0.7932
154
0184	0.4696	0.9000	0.8348	0.7760	0.1907s	0.7360	0.7920	0.7935
155
0185	0.4860	0.9167	0.8386	0.7780	0.1898s	0.7378	0.7910	0.7919
156
0186	0.5043	0.8722	0.8382	0.7800	0.1888s	0.7372	0.7920	0.7928
157
0187	0.4951	0.8889	0.8333	0.7820	0.1890s	0.7329	0.7930	0.7934
158
0188	0.4668	0.8889	0.8241	0.7820	0.1887s	0.7262	0.7940	0.7941
159
0189	0.5047	0.8944	0.8143	0.7840	0.1929s	0.7198	0.7940	0.7942
160
0190	0.4713	0.9000	0.8050	0.7860	0.1931s	0.7145	0.7990	0.7995
161
0191	0.5749	0.8722	0.7991	0.7840	0.1876s	0.7115	0.7990	0.7999
162
0192	0.5453	0.8778	0.7984	0.7840	0.1937s	0.7134	0.7960	0.7973
163
0193	0.5170	0.9000	0.7967	0.7800	0.1886s	0.7155	0.7960	0.7971
164
0194	0.4960	0.8778	0.7982	0.7840	0.1896s	0.7191	0.7940	0.7952
165
0195	0.4723	0.8833	0.7925	0.7820	0.1899s	0.7161	0.7960	0.7968
166
0196	0.5429	0.8278	0.7878	0.7820	0.1928s	0.7122	0.7940	0.7950
167
0197	0.4865	0.8944	0.7855	0.7800	0.1931s	0.7102	0.7930	0.7940
168
0198	0.5258	0.9111	0.7822	0.7800	0.1874s	0.7078	0.7970	0.7975
169
0199	0.4562	0.8889	0.7833	0.7820	0.1879s	0.7077	0.7980	0.7987
170
0200	0.4441	0.9111	0.7872	0.7800	0.1873s	0.7104	0.7960	0.7963
171
0201	0.4618	0.8889	0.7937	0.7760	0.1917s	0.7153	0.7950	0.7949
172
0202	0.5478	0.8889	0.8019	0.7800	0.1902s	0.7216	0.7950	0.7951
173
0203	0.5009	0.9333	0.8078	0.7740	0.1911s	0.7295	0.7930	0.7933
174
0204	0.5206	0.8611	0.8109	0.7660	0.1888s	0.7368	0.7860	0.7862
175
0205	0.5000	0.8833	0.8075	0.7660	0.1938s	0.7384	0.7850	0.7853
176
0206	0.4226	0.9167	0.8045	0.7680	0.1881s	0.7398	0.7870	0.7872
177
0207	0.4710	0.8722	0.7963	0.7720	0.1905s	0.7385	0.7890	0.7899
178
0208	0.5160	0.8611	0.7887	0.7680	0.1880s	0.7381	0.7930	0.7942
179
0209	0.4831	0.8667	0.7800	0.7700	0.1884s	0.7361	0.7930	0.7937
180
0210	0.5178	0.9056	0.7719	0.7700	0.1887s	0.7341	0.7960	0.7958
181
0211	0.5146	0.8889	0.7647	0.7780	0.1893s	0.7325	0.7960	0.7956
182
0212	0.4323	0.8889	0.7604	0.7780	0.2324s	0.7317	0.7950	0.7942
183
0213	0.4444	0.9278	0.7593	0.7760	0.2081s	0.7331	0.7930	0.7918
184
0214	0.4697	0.8222	0.7612	0.7760	0.2074s	0.7358	0.7880	0.7871
185
0215	0.5222	0.8444	0.7673	0.7780	0.2071s	0.7388	0.7870	0.7865
186
0216	0.4305	0.9111	0.7779	0.7720	0.2053s	0.7470	0.7840	0.7844
187
0217	0.4888	0.8722	0.7903	0.7740	0.2069s	0.7577	0.7840	0.7853
188
0218	0.5144	0.8889	0.7901	0.7720	0.2079s	0.7618	0.7840	0.7845
189
0219	0.4873	0.8889	0.7850	0.7760	0.2054s	0.7595	0.7860	0.7861
190
0220	0.5081	0.9000	0.7766	0.7720	0.2074s	0.7522	0.7880	0.7881
191
0221	0.4828	0.9111	0.7693	0.7680	0.2076s	0.7448	0.7890	0.7887
192
0222	0.5071	0.8722	0.7698	0.7780	0.2077s	0.7424	0.7890	0.7893
193
0223	0.5376	0.8944	0.7728	0.7700	0.2073s	0.7440	0.7870	0.7874
194
0224	0.5270	0.9000	0.7756	0.7740	0.2090s	0.7474	0.7880	0.7884
195
0225	0.4825	0.9056	0.7717	0.7760	0.2052s	0.7474	0.7870	0.7876
196
0226	0.4678	0.8611	0.7633	0.7740	0.2095s	0.7453	0.7900	0.7907
197
0227	0.5102	0.8389	0.7582	0.7760	0.1943s	0.7464	0.7910	0.7914
198
0228	0.5361	0.8722	0.7593	0.7780	0.1952s	0.7524	0.7880	0.7884
199
Early stop! Min loss:0.6569666862487793,  Max accuracy:0.804
Early stop model validation loss:0.6569666862487793,  accuracy:0.792
Optimization Finished!
Total time elapsed: 45.9137s
test max acc:0.8240
Loading 27th epoch
stru_node_to_hop attention:tensor([[0.3334, 0.3333, 0.3333],
        [0.3334, 0.3333, 0.3333],
        [0.3330, 0.3335, 0.3335],
        [0.3333, 0.3334, 0.3333],
        [0.3332, 0.3334, 0.3334],
        [0.3334, 0.3333, 0.3333],
        [0.3333, 0.3333, 0.3334],
        [0.3335, 0.3332, 0.3333],
        [0.3331, 0.3336, 0.3334],
        [0.3334, 0.3333, 0.3333],
        [0.3333, 0.3333, 0.3333],
        [0.3334, 0.3333, 0.3333],
        [0.3334, 0.3334, 0.3332],
        [0.3334, 0.3332, 0.3334],
        [0.3330, 0.3336, 0.3334],
        [0.3333, 0.3334, 0.3334],
        [0.3333, 0.3333, 0.3334],
        [0.3331, 0.3335, 0.3334],
        [0.3326, 0.3367, 0.3307],
        [0.3331, 0.3334, 0.3335],
        [0.3332, 0.3334, 0.3334],
        [0.3333, 0.3333, 0.3334],
        [0.3331, 0.3335, 0.3335],
        [0.3333, 0.3333, 0.3334],
        [0.3333, 0.3334, 0.3334],
        [0.3331, 0.3336, 0.3333],
        [0.3331, 0.3335, 0.3335],
        [0.3332, 0.3335, 0.3333],
        [0.3331, 0.3335, 0.3334],
        [0.3332, 0.3335, 0.3334],
        [0.3332, 0.3334, 0.3335],
        [0.3332, 0.3335, 0.3334],
        [0.3328, 0.3336, 0.3336],
        [0.3331, 0.3336, 0.3333],
        [0.3334, 0.3333, 0.3333],
        [0.3333, 0.3332, 0.3335],
        [0.3332, 0.3333, 0.3335],
        [0.3332, 0.3334, 0.3334],
        [0.3333, 0.3334, 0.3333],
        [0.3331, 0.3335, 0.3334],
        [0.3333, 0.3333, 0.3334],
        [0.3335, 0.3332, 0.3333],
        [0.3333, 0.3333, 0.3334],
        [0.3331, 0.3334, 0.3335],
        [0.3329, 0.3336, 0.3335],
        [0.3330, 0.3335, 0.3335],
        [0.3330, 0.3336, 0.3334],
        [0.3333, 0.3333, 0.3334],
        [0.3329, 0.3337, 0.3333],
        [0.3332, 0.3335, 0.3333],
        [0.3333, 0.3334, 0.3334],
        [0.3334, 0.3332, 0.3334],
        [0.3331, 0.3335, 0.3334],
        [0.3330, 0.3336, 0.3334],
        [0.3335, 0.3332, 0.3333],
        [0.3333, 0.3333, 0.3334],
        [0.3334, 0.3333, 0.3334],
        [0.3334, 0.3333, 0.3333],
        [0.3333, 0.3333, 0.3334],
        [0.3332, 0.3334, 0.3334],
        [0.3330, 0.3336, 0.3335],
        [0.3331, 0.3334, 0.3335],
        [0.3333, 0.3333, 0.3334],
        [0.3332, 0.3334, 0.3334],
        [0.3333, 0.3333, 0.3334],
        [0.3330, 0.3335, 0.3335],
        [0.3333, 0.3333, 0.3334],
        [0.3330, 0.3335, 0.3335],
        [0.3329, 0.3336, 0.3335],
        [0.3333, 0.3333, 0.3334],
        [0.3331, 0.3335, 0.3334],
        [0.3335, 0.3332, 0.3333],
        [0.3331, 0.3335, 0.3334],
        [0.3333, 0.3332, 0.3334],
        [0.3331, 0.3334, 0.3334],
        [0.3332, 0.3334, 0.3333],
        [0.3331, 0.3334, 0.3334],
        [0.3333, 0.3333, 0.3334],
        [0.3333, 0.3334, 0.3333],
        [0.3332, 0.3334, 0.3334],
        [0.3333, 0.3333, 0.3334],
        [0.3332, 0.3334, 0.3333],
        [0.3331, 0.3336, 0.3333],
        [0.3332, 0.3334, 0.3334],
        [0.3335, 0.3331, 0.3334],
        [0.3331, 0.3335, 0.3335],
        [0.3332, 0.3334, 0.3334],
        [0.3333, 0.3334, 0.3334],
        [0.3327, 0.3336, 0.3337],
        [0.3334, 0.3333, 0.3333],
        [0.3329, 0.3336, 0.3336],
        [0.3333, 0.3333, 0.3334],
        [0.3329, 0.3335, 0.3336],
        [0.3331, 0.3334, 0.3335],
        [0.3332, 0.3334, 0.3334],
        [0.3331, 0.3334, 0.3334],
        [0.3330, 0.3335, 0.3335],
        [0.2772, 0.4037, 0.3191],
        [0.3331, 0.3334, 0.3334],
        [0.3332, 0.3335, 0.3334]], device='cuda:1')
fea_node_to_hop attention:tensor([[0.1428, 0.1428, 0.1428, 0.1429, 0.1429, 0.1429, 0.1429],
        [0.1428, 0.1429, 0.1428, 0.1429, 0.1429, 0.1429, 0.1429],
        [0.1429, 0.1429, 0.1428, 0.1429, 0.1428, 0.1429, 0.1429],
        [0.1428, 0.1429, 0.1428, 0.1429, 0.1429, 0.1429, 0.1429],
        [0.1429, 0.1427, 0.1427, 0.1429, 0.1428, 0.1430, 0.1429],
        [0.1428, 0.1430, 0.1427, 0.1430, 0.1428, 0.1430, 0.1429],
        [0.1429, 0.1428, 0.1428, 0.1429, 0.1429, 0.1429, 0.1429],
        [0.1428, 0.1429, 0.1428, 0.1429, 0.1428, 0.1429, 0.1429],
        [0.1428, 0.1428, 0.1428, 0.1429, 0.1429, 0.1429, 0.1429],
        [0.1429, 0.1428, 0.1428, 0.1428, 0.1429, 0.1429, 0.1429],
        [0.1429, 0.1427, 0.1429, 0.1429, 0.1429, 0.1429, 0.1429],
        [0.1429, 0.1428, 0.1428, 0.1428, 0.1429, 0.1429, 0.1429],
        [0.1429, 0.1428, 0.1428, 0.1428, 0.1429, 0.1429, 0.1429],
        [0.1429, 0.1427, 0.1428, 0.1429, 0.1429, 0.1429, 0.1429],
        [0.1425, 0.1426, 0.1428, 0.1429, 0.1430, 0.1430, 0.1431],
        [0.1426, 0.1427, 0.1428, 0.1429, 0.1430, 0.1430, 0.1430],
        [0.1428, 0.1427, 0.1428, 0.1429, 0.1429, 0.1429, 0.1430],
        [0.1428, 0.1428, 0.1429, 0.1429, 0.1429, 0.1429, 0.1429],
        [0.1231, 0.1411, 0.1497, 0.1527, 0.1484, 0.1443, 0.1406],
        [0.1428, 0.1428, 0.1428, 0.1429, 0.1429, 0.1429, 0.1429],
        [0.1428, 0.1428, 0.1428, 0.1429, 0.1429, 0.1429, 0.1429],
        [0.1428, 0.1428, 0.1428, 0.1429, 0.1429, 0.1429, 0.1429],
        [0.1428, 0.1428, 0.1428, 0.1429, 0.1429, 0.1429, 0.1429],
        [0.1427, 0.1428, 0.1429, 0.1429, 0.1429, 0.1429, 0.1429],
        [0.1429, 0.1427, 0.1428, 0.1429, 0.1429, 0.1429, 0.1429],
        [0.1428, 0.1428, 0.1428, 0.1429, 0.1429, 0.1429, 0.1429],
        [0.1428, 0.1427, 0.1428, 0.1429, 0.1429, 0.1429, 0.1429],
        [0.1427, 0.1428, 0.1429, 0.1429, 0.1429, 0.1429, 0.1429],
        [0.1429, 0.1427, 0.1428, 0.1429, 0.1429, 0.1429, 0.1429],
        [0.1428, 0.1428, 0.1428, 0.1429, 0.1429, 0.1429, 0.1429],
        [0.1428, 0.1428, 0.1428, 0.1429, 0.1429, 0.1429, 0.1429],
        [0.1427, 0.1428, 0.1429, 0.1429, 0.1429, 0.1429, 0.1429],
        [0.1428, 0.1428, 0.1428, 0.1429, 0.1429, 0.1429, 0.1429],
        [0.1429, 0.1428, 0.1428, 0.1429, 0.1429, 0.1429, 0.1429],
        [0.1427, 0.1428, 0.1429, 0.1429, 0.1429, 0.1429, 0.1429],
        [0.1428, 0.1428, 0.1428, 0.1428, 0.1429, 0.1429, 0.1429],
        [0.1428, 0.1428, 0.1428, 0.1429, 0.1429, 0.1429, 0.1429],
        [0.1427, 0.1428, 0.1429, 0.1429, 0.1429, 0.1429, 0.1429],
        [0.1428, 0.1428, 0.1428, 0.1429, 0.1429, 0.1429, 0.1429],
        [0.1428, 0.1429, 0.1428, 0.1428, 0.1429, 0.1429, 0.1429],
        [0.1427, 0.1428, 0.1428, 0.1429, 0.1429, 0.1429, 0.1429],
        [0.1428, 0.1428, 0.1428, 0.1429, 0.1429, 0.1429, 0.1429],
        [0.1430, 0.1427, 0.1428, 0.1428, 0.1429, 0.1429, 0.1429],
        [0.1429, 0.1428, 0.1428, 0.1428, 0.1429, 0.1429, 0.1429],
        [0.1428, 0.1428, 0.1428, 0.1429, 0.1429, 0.1429, 0.1429],
        [0.1428, 0.1428, 0.1428, 0.1429, 0.1429, 0.1429, 0.1429],
        [0.1427, 0.1428, 0.1429, 0.1429, 0.1429, 0.1429, 0.1429],
        [0.1429, 0.1426, 0.1429, 0.1429, 0.1429, 0.1429, 0.1430],
        [0.1428, 0.1428, 0.1429, 0.1429, 0.1429, 0.1429, 0.1429],
        [0.1428, 0.1428, 0.1428, 0.1429, 0.1429, 0.1429, 0.1429],
        [0.1428, 0.1428, 0.1428, 0.1429, 0.1429, 0.1429, 0.1429],
        [0.1428, 0.1428, 0.1428, 0.1429, 0.1429, 0.1429, 0.1429],
        [0.1429, 0.1428, 0.1428, 0.1428, 0.1429, 0.1429, 0.1429],
        [0.1428, 0.1428, 0.1428, 0.1429, 0.1429, 0.1429, 0.1429],
        [0.1428, 0.1428, 0.1428, 0.1429, 0.1429, 0.1429, 0.1429],
        [0.1427, 0.1428, 0.1429, 0.1429, 0.1429, 0.1429, 0.1429],
        [0.1429, 0.1427, 0.1428, 0.1429, 0.1429, 0.1429, 0.1429],
        [0.1428, 0.1428, 0.1428, 0.1429, 0.1429, 0.1429, 0.1429],
        [0.1429, 0.1428, 0.1428, 0.1429, 0.1429, 0.1429, 0.1429],
        [0.1428, 0.1428, 0.1429, 0.1429, 0.1429, 0.1429, 0.1429],
        [0.1429, 0.1428, 0.1428, 0.1429, 0.1429, 0.1429, 0.1429],
        [0.1428, 0.1428, 0.1428, 0.1429, 0.1429, 0.1429, 0.1429],
        [0.1429, 0.1427, 0.1428, 0.1429, 0.1429, 0.1429, 0.1429],
        [0.1427, 0.1428, 0.1429, 0.1429, 0.1429, 0.1429, 0.1429],
        [0.1428, 0.1428, 0.1428, 0.1429, 0.1429, 0.1429, 0.1429],
        [0.1428, 0.1428, 0.1429, 0.1429, 0.1429, 0.1429, 0.1429],
        [0.1427, 0.1429, 0.1429, 0.1429, 0.1429, 0.1429, 0.1429],
        [0.1429, 0.1427, 0.1428, 0.1428, 0.1429, 0.1429, 0.1429],
        [0.1428, 0.1427, 0.1428, 0.1429, 0.1429, 0.1429, 0.1429],
        [0.1428, 0.1428, 0.1429, 0.1429, 0.1429, 0.1429, 0.1429],
        [0.1428, 0.1428, 0.1428, 0.1429, 0.1429, 0.1429, 0.1429],
        [0.1425, 0.1428, 0.1429, 0.1429, 0.1429, 0.1429, 0.1429],
        [0.1427, 0.1428, 0.1429, 0.1429, 0.1429, 0.1429, 0.1429],
        [0.1429, 0.1428, 0.1428, 0.1428, 0.1429, 0.1429, 0.1429],
        [0.1428, 0.1428, 0.1428, 0.1429, 0.1429, 0.1429, 0.1429],
        [0.1429, 0.1428, 0.1428, 0.1429, 0.1429, 0.1429, 0.1429],
        [0.1428, 0.1428, 0.1428, 0.1429, 0.1429, 0.1429, 0.1429],
        [0.1429, 0.1427, 0.1428, 0.1429, 0.1429, 0.1429, 0.1429],
        [0.1429, 0.1428, 0.1428, 0.1428, 0.1429, 0.1429, 0.1429],
        [0.1429, 0.1427, 0.1428, 0.1429, 0.1429, 0.1429, 0.1429],
        [0.1429, 0.1428, 0.1428, 0.1428, 0.1429, 0.1429, 0.1429],
        [0.1428, 0.1428, 0.1429, 0.1429, 0.1429, 0.1429, 0.1429],
        [0.1424, 0.1428, 0.1429, 0.1429, 0.1430, 0.1430, 0.1430],
        [0.1427, 0.1428, 0.1429, 0.1429, 0.1429, 0.1429, 0.1429],
        [0.1428, 0.1428, 0.1429, 0.1429, 0.1429, 0.1429, 0.1429],
        [0.1429, 0.1428, 0.1428, 0.1429, 0.1429, 0.1429, 0.1429],
        [0.1429, 0.1428, 0.1428, 0.1429, 0.1429, 0.1429, 0.1429],
        [0.1427, 0.1428, 0.1428, 0.1429, 0.1429, 0.1429, 0.1429],
        [0.1428, 0.1428, 0.1429, 0.1429, 0.1429, 0.1429, 0.1429],
        [0.1429, 0.1427, 0.1428, 0.1429, 0.1429, 0.1429, 0.1429],
        [0.1430, 0.1427, 0.1428, 0.1428, 0.1429, 0.1429, 0.1429],
        [0.1429, 0.1427, 0.1429, 0.1429, 0.1429, 0.1429, 0.1429],
        [0.1429, 0.1427, 0.1428, 0.1428, 0.1429, 0.1429, 0.1429],
        [0.1429, 0.1428, 0.1428, 0.1428, 0.1429, 0.1429, 0.1429],
        [0.1428, 0.1427, 0.1428, 0.1429, 0.1429, 0.1429, 0.1429],
        [0.1428, 0.1428, 0.1428, 0.1429, 0.1429, 0.1429, 0.1429],
        [0.1429, 0.1427, 0.1428, 0.1429, 0.1429, 0.1429, 0.1429],
        [0.1268, 0.1344, 0.1404, 0.1513, 0.1514, 0.1491, 0.1466],
        [0.1428, 0.1428, 0.1429, 0.1429, 0.1429, 0.1429, 0.1429],
        [0.1428, 0.1427, 0.1428, 0.1429, 0.1429, 0.1429, 0.1430]],
       device='cuda:1')
perception attention:tensor([0.3661, 0.6339], device='cuda:1')
Test set results: loss= 0.6229 accuracy= 0.8160 F1_score= 0.8169
