# epoch	loss_train	acc_train	loss_val	acc_val	time	acc_test	f1_test
0001	2.1979	0.1167	2.1411	0.5440	0.1920s	2.1443	0.5540	0.5093
0
0002	2.1373	0.4722	2.0679	0.5380	0.1932s	2.0748	0.5660	0.5050
0
0003	2.0673	0.4944	1.9829	0.5500	0.1930s	1.9922	0.5720	0.5286
0
0004	2.0154	0.4722	1.8874	0.5820	0.1915s	1.8972	0.6080	0.5593
0
0005	1.9265	0.4778	1.7820	0.6520	0.1927s	1.7918	0.6870	0.6485
0
0006	1.8579	0.5556	1.6729	0.7480	0.1915s	1.6801	0.7610	0.7441
0
0007	1.7672	0.6500	1.5609	0.7800	0.1915s	1.5644	0.8070	0.7993
0
0008	1.6734	0.6833	1.4498	0.7840	0.1916s	1.4496	0.8240	0.8230
0
0009	1.5624	0.7056	1.3397	0.7680	0.1937s	1.3355	0.8130	0.8164
0
0010	1.4577	0.7722	1.2333	0.7760	0.1936s	1.2271	0.8120	0.8157
0
0011	1.3816	0.7722	1.1354	0.7860	0.1934s	1.1294	0.8230	0.8267
0
0012	1.2885	0.7611	1.0479	0.7960	0.1914s	1.0410	0.8280	0.8321
0
0013	1.2129	0.7833	0.9704	0.8100	0.1942s	0.9640	0.8270	0.8301
0
0014	1.1236	0.8056	0.9046	0.8060	0.1921s	0.8983	0.8160	0.8189
0
0015	1.1260	0.7778	0.8492	0.8040	0.1936s	0.8415	0.8090	0.8115
0
0016	1.0713	0.7667	0.8024	0.8000	0.1913s	0.7919	0.8120	0.8135
0
0017	1.0369	0.7944	0.7641	0.8100	0.1937s	0.7509	0.8320	0.8329
0
0018	0.9378	0.8333	0.7349	0.8180	0.1932s	0.7185	0.8390	0.8396
0
0019	0.9405	0.8111	0.7124	0.8080	0.1916s	0.6930	0.8310	0.8323
0
0020	0.8692	0.8000	0.6991	0.7880	0.1935s	0.6766	0.8230	0.8258
0
0021	0.8535	0.8222	0.6930	0.7900	0.1916s	0.6681	0.8120	0.8167
0
0022	0.8710	0.8389	0.6917	0.7900	0.1910s	0.6645	0.8090	0.8133
0
0023	0.7933	0.8500	0.6902	0.7860	0.1939s	0.6628	0.8000	0.8044
0
0024	0.8126	0.8000	0.6836	0.7940	0.1931s	0.6555	0.8000	0.8049
0
0025	0.8053	0.7889	0.6722	0.7980	0.1937s	0.6435	0.8090	0.8123
0
0026	0.7107	0.8556	0.6601	0.7940	0.1932s	0.6322	0.8220	0.8229
0
0027	0.7235	0.8556	0.6575	0.8060	0.1932s	0.6284	0.8220	0.8220
0
0028	0.7175	0.8833	0.6583	0.8100	0.1934s	0.6267	0.8200	0.8199
0
0029	0.7395	0.8389	0.6569	0.8080	0.1935s	0.6238	0.8200	0.8200
1
0030	0.6588	0.8889	0.6586	0.8000	0.1933s	0.6238	0.8210	0.8212
0
0031	0.7034	0.8444	0.6592	0.7960	0.1931s	0.6240	0.8160	0.8166
1
0032	0.6601	0.8833	0.6636	0.7960	0.1927s	0.6255	0.8080	0.8100
2
0033	0.6412	0.8111	0.6696	0.7940	0.1933s	0.6302	0.8010	0.8034
3
0034	0.6476	0.8500	0.6665	0.7920	0.1914s	0.6294	0.8030	0.8058
4
0035	0.6372	0.8500	0.6678	0.7980	0.1928s	0.6335	0.8050	0.8072
5
0036	0.6589	0.8889	0.6643	0.8020	0.1913s	0.6324	0.8060	0.8074
6
0037	0.6049	0.8389	0.6637	0.8000	0.1911s	0.6308	0.8110	0.8114
7
0038	0.6099	0.8667	0.6677	0.8020	0.1940s	0.6335	0.8100	0.8102
8
0039	0.6418	0.8222	0.6686	0.8000	0.1927s	0.6356	0.8090	0.8089
9
0040	0.5900	0.8722	0.6712	0.8020	0.1928s	0.6373	0.8030	0.8036
10
0041	0.6244	0.8611	0.6766	0.7960	0.1930s	0.6407	0.7990	0.8007
11
0042	0.6209	0.8500	0.6779	0.7980	0.1915s	0.6445	0.7970	0.7988
12
0043	0.5635	0.8833	0.6786	0.8060	0.1915s	0.6470	0.7980	0.8002
13
0044	0.5448	0.8611	0.6833	0.8040	0.1931s	0.6517	0.8020	0.8039
14
0045	0.5923	0.8389	0.6863	0.8000	0.1931s	0.6534	0.8000	0.8012
15
0046	0.5572	0.8778	0.6856	0.7980	0.1937s	0.6534	0.7990	0.8003
16
0047	0.5742	0.8444	0.6820	0.7960	0.1913s	0.6480	0.7980	0.7990
17
0048	0.5971	0.8889	0.6810	0.7980	0.1934s	0.6480	0.8000	0.8005
18
0049	0.5898	0.8444	0.6864	0.7940	0.1903s	0.6508	0.7980	0.7980
19
0050	0.6139	0.8778	0.6909	0.7860	0.1886s	0.6524	0.7940	0.7943
20
0051	0.6034	0.8944	0.6974	0.7760	0.1932s	0.6548	0.7910	0.7923
21
0052	0.5594	0.8611	0.7052	0.7780	0.1938s	0.6550	0.7880	0.7903
22
0053	0.6892	0.8500	0.7037	0.7780	0.1932s	0.6525	0.7890	0.7913
23
0054	0.5193	0.8778	0.7035	0.7780	0.1932s	0.6525	0.7880	0.7903
24
0055	0.6109	0.8889	0.7042	0.7740	0.1928s	0.6552	0.7890	0.7914
25
0056	0.5364	0.8889	0.7061	0.7760	0.1929s	0.6593	0.7910	0.7932
26
0057	0.5364	0.9278	0.7093	0.7760	0.1914s	0.6631	0.7940	0.7958
27
0058	0.5532	0.8833	0.7134	0.7800	0.1916s	0.6676	0.7920	0.7932
28
0059	0.5705	0.8722	0.7152	0.7780	0.1939s	0.6679	0.7910	0.7924
29
0060	0.5484	0.8722	0.7155	0.7760	0.1933s	0.6686	0.7910	0.7928
30
0061	0.5392	0.9056	0.7161	0.7760	0.1976s	0.6680	0.7940	0.7962
31
0062	0.5338	0.9056	0.7158	0.7760	0.1931s	0.6660	0.7960	0.7988
32
0063	0.5240	0.8556	0.7168	0.7800	0.1937s	0.6625	0.7960	0.7992
33
0064	0.6196	0.9111	0.7132	0.7800	0.1892s	0.6555	0.8000	0.8018
34
0065	0.5695	0.9000	0.7166	0.7800	0.1887s	0.6518	0.8010	0.8011
35
0066	0.6108	0.8722	0.7177	0.7760	0.1911s	0.6464	0.7990	0.7980
36
0067	0.6436	0.8889	0.7221	0.7740	0.1930s	0.6431	0.8010	0.7992
37
0068	0.5822	0.8722	0.7268	0.7740	0.1930s	0.6423	0.8030	0.8015
38
0069	0.6109	0.8444	0.7280	0.7800	0.1914s	0.6436	0.8070	0.8056
39
0070	0.5442	0.8944	0.7341	0.7780	0.1916s	0.6495	0.8050	0.8046
40
0071	0.5483	0.8944	0.7451	0.7760	0.1927s	0.6588	0.8020	0.8016
41
0072	0.5761	0.8333	0.7546	0.7760	0.1930s	0.6665	0.7990	0.7994
42
0073	0.5410	0.8667	0.7584	0.7760	0.1930s	0.6712	0.7990	0.8002
43
0074	0.5428	0.8389	0.7622	0.7700	0.1930s	0.6756	0.7970	0.7987
44
0075	0.5130	0.8611	0.7618	0.7720	0.1929s	0.6755	0.7990	0.8008
45
0076	0.5390	0.8556	0.7570	0.7700	0.1912s	0.6748	0.7970	0.7987
46
0077	0.5123	0.9000	0.7551	0.7740	0.1934s	0.6784	0.7990	0.8000
47
0078	0.5112	0.8556	0.7538	0.7760	0.1919s	0.6811	0.7990	0.8006
48
0079	0.5344	0.8611	0.7572	0.7740	0.1932s	0.6846	0.7980	0.7995
49
0080	0.5243	0.8778	0.7654	0.7660	0.1939s	0.6899	0.7960	0.7973
50
0081	0.4825	0.8833	0.7756	0.7660	0.1934s	0.6969	0.7970	0.7980
51
0082	0.5849	0.8722	0.7822	0.7660	0.1931s	0.7025	0.7950	0.7956
52
0083	0.5711	0.8611	0.7843	0.7600	0.1929s	0.7026	0.8000	0.8005
53
0084	0.5738	0.9000	0.7820	0.7600	0.1936s	0.7002	0.8000	0.8004
54
0085	0.5560	0.9111	0.7782	0.7660	0.1931s	0.6982	0.7980	0.7987
55
0086	0.5339	0.8556	0.7741	0.7720	0.1932s	0.6983	0.7970	0.7990
56
0087	0.5664	0.8944	0.7673	0.7740	0.1936s	0.6992	0.7950	0.7970
57
0088	0.5489	0.8556	0.7620	0.7760	0.1931s	0.6993	0.7950	0.7971
58
0089	0.5093	0.8556	0.7598	0.7680	0.1914s	0.6992	0.7990	0.8006
59
0090	0.5839	0.8500	0.7584	0.7660	0.1920s	0.7013	0.7940	0.7963
60
0091	0.4912	0.8556	0.7576	0.7640	0.1929s	0.7031	0.7950	0.7970
61
0092	0.5109	0.8944	0.7573	0.7640	0.1933s	0.7033	0.7940	0.7958
62
0093	0.5659	0.9389	0.7539	0.7620	0.1930s	0.6986	0.7970	0.7986
63
0094	0.5365	0.8611	0.7454	0.7720	0.1928s	0.6909	0.7980	0.7996
64
0095	0.5250	0.8667	0.7380	0.7760	0.1932s	0.6856	0.8020	0.8029
65
0096	0.5711	0.9111	0.7386	0.7780	0.1931s	0.6876	0.8060	0.8071
66
0097	0.5184	0.8944	0.7434	0.7800	0.1915s	0.6931	0.7980	0.8001
67
0098	0.5953	0.9000	0.7463	0.7820	0.1936s	0.6974	0.7990	0.8010
68
0099	0.5130	0.8611	0.7524	0.7740	0.1932s	0.7028	0.7960	0.7983
69
0100	0.5458	0.8611	0.7572	0.7660	0.1914s	0.7077	0.7960	0.7988
70
0101	0.5470	0.8556	0.7625	0.7600	0.1913s	0.7142	0.7950	0.7980
71
0102	0.5668	0.8833	0.7596	0.7700	0.1929s	0.7163	0.7910	0.7950
72
0103	0.6124	0.8500	0.7559	0.7720	0.1930s	0.7158	0.7930	0.7969
73
0104	0.5361	0.8667	0.7492	0.7740	0.1928s	0.7101	0.7910	0.7941
74
0105	0.6170	0.8611	0.7436	0.7780	0.1948s	0.7039	0.7930	0.7951
75
0106	0.5954	0.8389	0.7415	0.7760	0.1929s	0.6971	0.7980	0.7998
76
0107	0.5058	0.8667	0.7431	0.7800	0.1934s	0.6904	0.7990	0.8001
77
0108	0.5473	0.8778	0.7550	0.7780	0.1938s	0.6917	0.8000	0.8015
78
0109	0.4731	0.8944	0.7723	0.7800	0.1931s	0.6983	0.7990	0.8006
79
0110	0.5612	0.8722	0.7827	0.7820	0.1930s	0.7039	0.8010	0.8021
80
0111	0.5211	0.8667	0.7874	0.7800	0.1935s	0.7114	0.8040	0.8051
81
0112	0.5458	0.8833	0.7863	0.7800	0.1936s	0.7170	0.8020	0.8027
82
0113	0.4737	0.8833	0.7761	0.7800	0.1932s	0.7162	0.8040	0.8046
83
0114	0.4985	0.8833	0.7676	0.7760	0.1933s	0.7160	0.8020	0.8029
84
0115	0.5658	0.8778	0.7639	0.7780	0.1912s	0.7171	0.8000	0.8011
85
0116	0.5698	0.8722	0.7623	0.7760	0.1936s	0.7148	0.7980	0.7996
86
0117	0.5489	0.8889	0.7685	0.7720	0.1931s	0.7174	0.7950	0.7964
87
0118	0.5263	0.8722	0.7701	0.7700	0.1911s	0.7146	0.7910	0.7921
88
0119	0.5559	0.9000	0.7701	0.7780	0.1928s	0.7092	0.7940	0.7949
89
0120	0.5193	0.8444	0.7672	0.7760	0.1934s	0.7035	0.7970	0.7980
90
0121	0.6260	0.8833	0.7618	0.7780	0.1937s	0.6939	0.8000	0.8010
91
0122	0.5384	0.8611	0.7630	0.7780	0.1929s	0.6906	0.8000	0.8015
92
0123	0.4864	0.9111	0.7681	0.7780	0.1926s	0.6934	0.8010	0.8024
93
0124	0.5616	0.8778	0.7753	0.7760	0.1930s	0.6974	0.8020	0.8025
94
0125	0.4996	0.8389	0.7824	0.7740	0.1938s	0.7025	0.8050	0.8052
95
0126	0.4766	0.8722	0.7898	0.7700	0.1935s	0.7084	0.8060	0.8057
96
0127	0.5546	0.8500	0.7971	0.7720	0.1933s	0.7145	0.8010	0.8013
97
0128	0.4339	0.8389	0.8033	0.7700	0.1930s	0.7201	0.7960	0.7956
98
0129	0.5145	0.8611	0.8084	0.7620	0.1930s	0.7260	0.7930	0.7939
99
0130	0.5635	0.8444	0.8074	0.7660	0.1934s	0.7254	0.7910	0.7927
100
0131	0.5273	0.8389	0.8031	0.7720	0.1931s	0.7209	0.7900	0.7908
101
0132	0.5992	0.8667	0.7979	0.7720	0.1935s	0.7176	0.7890	0.7894
102
0133	0.5738	0.9056	0.7912	0.7720	0.1933s	0.7150	0.7960	0.7966
103
0134	0.5682	0.9111	0.7883	0.7780	0.1934s	0.7172	0.7940	0.7941
104
0135	0.5093	0.9000	0.7862	0.7740	0.1936s	0.7204	0.7930	0.7927
105
0136	0.4757	0.8889	0.7821	0.7760	0.1941s	0.7230	0.7970	0.7961
106
0137	0.5367	0.8667	0.7805	0.7760	0.1931s	0.7270	0.7940	0.7931
107
0138	0.4779	0.8667	0.7870	0.7760	0.1933s	0.7349	0.7900	0.7889
108
0139	0.4790	0.8556	0.8007	0.7600	0.1929s	0.7452	0.7910	0.7900
109
0140	0.4831	0.8722	0.8153	0.7660	0.1929s	0.7549	0.7900	0.7898
110
0141	0.4936	0.8611	0.8188	0.7680	0.1955s	0.7553	0.7900	0.7910
111
0142	0.4898	0.8778	0.8135	0.7680	0.1933s	0.7488	0.7900	0.7912
112
0143	0.5111	0.9111	0.8033	0.7760	0.1913s	0.7404	0.7880	0.7893
113
0144	0.5474	0.8500	0.7905	0.7780	0.1914s	0.7321	0.7880	0.7892
114
0145	0.5132	0.8611	0.7799	0.7780	0.1916s	0.7278	0.7890	0.7894
115
0146	0.4817	0.9111	0.7757	0.7820	0.1934s	0.7287	0.7880	0.7884
116
0147	0.5409	0.8778	0.7744	0.7740	0.1917s	0.7310	0.7890	0.7898
117
0148	0.4653	0.9000	0.7733	0.7780	0.1916s	0.7317	0.7950	0.7957
118
0149	0.4698	0.8667	0.7741	0.7740	0.1914s	0.7329	0.7930	0.7937
119
0150	0.4709	0.8833	0.7765	0.7780	0.1934s	0.7345	0.7910	0.7920
120
0151	0.5381	0.8944	0.7782	0.7760	0.1938s	0.7347	0.7920	0.7934
121
0152	0.5360	0.8667	0.7782	0.7740	0.1933s	0.7324	0.7910	0.7922
122
0153	0.5580	0.8667	0.7792	0.7780	0.1932s	0.7323	0.7920	0.7930
123
0154	0.4737	0.9222	0.7804	0.7800	0.1914s	0.7328	0.7930	0.7933
124
0155	0.4522	0.8833	0.7805	0.7820	0.1912s	0.7341	0.7890	0.7891
125
0156	0.4738	0.9056	0.7801	0.7800	0.1934s	0.7344	0.7950	0.7949
126
0157	0.5015	0.8667	0.7789	0.7800	0.1936s	0.7338	0.7930	0.7930
127
0158	0.5099	0.8667	0.7798	0.7820	0.1939s	0.7336	0.7960	0.7963
128
0159	0.6165	0.8833	0.7792	0.7780	0.1935s	0.7324	0.7990	0.7994
129
0160	0.4546	0.8611	0.7821	0.7720	0.1931s	0.7354	0.7930	0.7928
130
0161	0.5686	0.8667	0.7858	0.7680	0.1915s	0.7391	0.7910	0.7908
131
0162	0.4914	0.8944	0.7918	0.7640	0.1935s	0.7445	0.7860	0.7863
132
0163	0.4888	0.8944	0.7916	0.7660	0.1935s	0.7456	0.7850	0.7851
133
0164	0.5228	0.8667	0.7921	0.7680	0.1933s	0.7468	0.7930	0.7941
134
0165	0.4651	0.9000	0.7862	0.7720	0.1917s	0.7436	0.7990	0.7995
135
0166	0.5183	0.8833	0.7807	0.7700	0.1910s	0.7393	0.8030	0.8030
136
0167	0.5334	0.8778	0.7789	0.7660	0.1931s	0.7364	0.8030	0.8028
137
0168	0.5097	0.8778	0.7785	0.7660	0.1937s	0.7319	0.8000	0.7999
138
0169	0.5679	0.8556	0.7821	0.7700	0.1929s	0.7287	0.7990	0.7986
139
0170	0.4978	0.8833	0.7887	0.7720	0.1929s	0.7293	0.7950	0.7945
140
0171	0.4671	0.8667	0.7989	0.7720	0.1932s	0.7330	0.8010	0.8001
141
0172	0.5006	0.9056	0.8078	0.7660	0.1932s	0.7366	0.8000	0.7992
142
0173	0.4530	0.9000	0.8194	0.7640	0.1934s	0.7425	0.8000	0.7997
143
0174	0.5447	0.8667	0.8243	0.7680	0.1937s	0.7447	0.7970	0.7974
144
0175	0.4895	0.9222	0.8281	0.7720	0.1933s	0.7473	0.7950	0.7952
145
0176	0.5231	0.8833	0.8320	0.7740	0.1933s	0.7514	0.7950	0.7947
146
0177	0.4858	0.8833	0.8338	0.7680	0.1915s	0.7552	0.7920	0.7914
147
0178	0.5287	0.8778	0.8366	0.7680	0.1919s	0.7602	0.7900	0.7894
148
0179	0.4899	0.8722	0.8359	0.7700	0.1933s	0.7632	0.7930	0.7922
149
0180	0.4801	0.8667	0.8366	0.7700	0.1916s	0.7682	0.7950	0.7941
150
0181	0.5166	0.9167	0.8341	0.7680	0.1936s	0.7688	0.7930	0.7922
151
0182	0.5329	0.8778	0.8300	0.7680	0.1930s	0.7660	0.7950	0.7945
152
0183	0.4317	0.8944	0.8289	0.7620	0.1916s	0.7653	0.7920	0.7928
153
0184	0.5071	0.8833	0.8277	0.7640	0.1946s	0.7645	0.7960	0.7974
154
0185	0.4966	0.8778	0.8275	0.7640	0.1934s	0.7654	0.7990	0.8001
155
0186	0.5223	0.8444	0.8285	0.7720	0.1936s	0.7658	0.7980	0.7987
156
0187	0.5136	0.9056	0.8286	0.7760	0.1935s	0.7675	0.7980	0.7989
157
0188	0.5623	0.8500	0.8344	0.7720	0.1939s	0.7716	0.7970	0.7973
158
0189	0.5679	0.9000	0.8347	0.7760	0.1935s	0.7717	0.7920	0.7920
159
0190	0.5112	0.9000	0.8416	0.7720	0.1932s	0.7761	0.7910	0.7907
160
0191	0.4849	0.8667	0.8412	0.7680	0.1929s	0.7764	0.7930	0.7924
161
0192	0.5807	0.8611	0.8300	0.7720	0.1948s	0.7699	0.7980	0.7979
162
0193	0.4969	0.8667	0.8195	0.7760	0.1934s	0.7650	0.7970	0.7968
163
0194	0.4595	0.9167	0.8118	0.7840	0.1932s	0.7608	0.7960	0.7961
164
0195	0.4852	0.8889	0.8021	0.7880	0.1931s	0.7576	0.7970	0.7972
165
0196	0.5035	0.8833	0.7932	0.7800	0.1998s	0.7555	0.7930	0.7940
166
0197	0.4260	0.8833	0.7864	0.7860	0.1946s	0.7530	0.7910	0.7917
167
0198	0.5454	0.8944	0.7798	0.7820	0.1945s	0.7484	0.7890	0.7890
168
0199	0.4672	0.8944	0.7775	0.7820	0.1932s	0.7463	0.7980	0.7969
169
0200	0.4542	0.8667	0.7753	0.7840	0.1927s	0.7427	0.7980	0.7968
170
0201	0.5732	0.8944	0.7777	0.7800	0.1941s	0.7390	0.7970	0.7954
171
0202	0.4678	0.8778	0.7795	0.7820	0.1940s	0.7356	0.7980	0.7971
172
0203	0.4829	0.8500	0.7817	0.7840	0.1908s	0.7316	0.8030	0.8027
173
0204	0.4324	0.9000	0.7850	0.7800	0.1885s	0.7263	0.8010	0.8021
174
0205	0.5948	0.8389	0.7887	0.7740	0.1881s	0.7244	0.7970	0.7985
175
0206	0.5077	0.8944	0.7882	0.7840	0.1883s	0.7225	0.7970	0.7983
176
0207	0.5384	0.8611	0.7856	0.7820	0.1881s	0.7222	0.7980	0.7989
177
0208	0.4926	0.9056	0.7883	0.7740	0.1886s	0.7243	0.7990	0.7999
178
0209	0.5239	0.8611	0.7936	0.7700	0.1884s	0.7273	0.8010	0.8018
179
0210	0.5474	0.8611	0.7979	0.7700	0.1888s	0.7322	0.8000	0.8006
180
0211	0.5133	0.8778	0.7989	0.7780	0.1800s	0.7350	0.8010	0.8012
181
0212	0.5285	0.8556	0.8031	0.7780	0.1809s	0.7398	0.7990	0.7989
182
0213	0.4601	0.8944	0.8072	0.7760	0.1808s	0.7415	0.8010	0.8011
183
0214	0.5349	0.8833	0.7992	0.7800	0.1792s	0.7347	0.8020	0.8025
184
0215	0.5078	0.8722	0.7961	0.7780	0.1853s	0.7297	0.8090	0.8094
185
0216	0.5319	0.8778	0.7923	0.7780	0.1791s	0.7256	0.8020	0.8034
186
0217	0.4922	0.8778	0.7945	0.7800	0.1797s	0.7261	0.8000	0.8019
187
0218	0.5156	0.9056	0.8025	0.7800	0.1841s	0.7316	0.8010	0.8033
188
0219	0.4738	0.8500	0.8113	0.7780	0.1827s	0.7380	0.7940	0.7963
189
0220	0.5118	0.8889	0.8183	0.7780	0.1871s	0.7434	0.7930	0.7945
190
0221	0.5089	0.8778	0.8290	0.7740	0.1792s	0.7510	0.7880	0.7890
191
0222	0.5385	0.8167	0.8362	0.7740	0.1866s	0.7582	0.7860	0.7866
192
0223	0.5113	0.8611	0.8394	0.7800	0.1800s	0.7625	0.7890	0.7887
193
0224	0.4845	0.9222	0.8425	0.7780	0.1842s	0.7670	0.7900	0.7895
194
0225	0.5625	0.8278	0.8438	0.7800	0.1795s	0.7708	0.7920	0.7918
195
0226	0.5851	0.8500	0.8444	0.7760	0.1805s	0.7750	0.7920	0.7926
196
0227	0.4607	0.8944	0.8437	0.7760	0.1792s	0.7789	0.7870	0.7874
197
0228	0.4705	0.8667	0.8425	0.7760	0.1825s	0.7804	0.7840	0.7855
198
0229	0.6087	0.9111	0.8404	0.7800	0.1796s	0.7804	0.7850	0.7862
199
Early stop! Min loss:0.6569105982780457,  Max accuracy:0.8180000000000001
Early stop model validation loss:0.6569105982780457,  accuracy:0.808
Optimization Finished!
Total time elapsed: 44.8631s
test max acc:0.8390
Loading 28th epoch
stru_node_to_hop attention:tensor([[0.3332, 0.3336, 0.3333],
        [0.3334, 0.3333, 0.3333],
        [0.3332, 0.3333, 0.3334],
        [0.3333, 0.3335, 0.3333],
        [0.3333, 0.3334, 0.3334],
        [0.3335, 0.3331, 0.3333],
        [0.3332, 0.3334, 0.3334],
        [0.3336, 0.3331, 0.3333],
        [0.3327, 0.3338, 0.3335],
        [0.3333, 0.3333, 0.3334],
        [0.3334, 0.3332, 0.3334],
        [0.3333, 0.3334, 0.3333],
        [0.3334, 0.3333, 0.3332],
        [0.3333, 0.3333, 0.3334],
        [0.3333, 0.3334, 0.3333],
        [0.3330, 0.3335, 0.3335],
        [0.3335, 0.3331, 0.3334],
        [0.3332, 0.3334, 0.3334],
        [0.3409, 0.3720, 0.2871],
        [0.3331, 0.3335, 0.3335],
        [0.3332, 0.3334, 0.3334],
        [0.3336, 0.3331, 0.3334],
        [0.3332, 0.3334, 0.3334],
        [0.3333, 0.3333, 0.3334],
        [0.3329, 0.3336, 0.3335],
        [0.3332, 0.3335, 0.3333],
        [0.3332, 0.3333, 0.3335],
        [0.3331, 0.3336, 0.3333],
        [0.3332, 0.3334, 0.3334],
        [0.3332, 0.3334, 0.3334],
        [0.3334, 0.3332, 0.3334],
        [0.3331, 0.3335, 0.3334],
        [0.3331, 0.3334, 0.3335],
        [0.3331, 0.3336, 0.3333],
        [0.3331, 0.3335, 0.3334],
        [0.3333, 0.3333, 0.3334],
        [0.3327, 0.3335, 0.3338],
        [0.3335, 0.3332, 0.3333],
        [0.3333, 0.3335, 0.3333],
        [0.3331, 0.3335, 0.3334],
        [0.3332, 0.3335, 0.3333],
        [0.3333, 0.3333, 0.3334],
        [0.3334, 0.3333, 0.3333],
        [0.3331, 0.3334, 0.3336],
        [0.3333, 0.3333, 0.3334],
        [0.3332, 0.3334, 0.3334],
        [0.3331, 0.3335, 0.3334],
        [0.3334, 0.3333, 0.3334],
        [0.3330, 0.3336, 0.3334],
        [0.3333, 0.3335, 0.3333],
        [0.3334, 0.3333, 0.3333],
        [0.3333, 0.3333, 0.3335],
        [0.3333, 0.3334, 0.3333],
        [0.3328, 0.3337, 0.3334],
        [0.3332, 0.3334, 0.3334],
        [0.3332, 0.3334, 0.3334],
        [0.3333, 0.3333, 0.3334],
        [0.3333, 0.3334, 0.3334],
        [0.3333, 0.3333, 0.3334],
        [0.3332, 0.3334, 0.3334],
        [0.3331, 0.3335, 0.3334],
        [0.3332, 0.3334, 0.3334],
        [0.3333, 0.3334, 0.3334],
        [0.3333, 0.3333, 0.3334],
        [0.3333, 0.3334, 0.3333],
        [0.3333, 0.3333, 0.3334],
        [0.3329, 0.3335, 0.3336],
        [0.3332, 0.3334, 0.3334],
        [0.3330, 0.3336, 0.3335],
        [0.3334, 0.3333, 0.3333],
        [0.3330, 0.3335, 0.3335],
        [0.3333, 0.3333, 0.3334],
        [0.3331, 0.3335, 0.3334],
        [0.3332, 0.3333, 0.3335],
        [0.3331, 0.3335, 0.3334],
        [0.3332, 0.3334, 0.3334],
        [0.3331, 0.3335, 0.3334],
        [0.3336, 0.3332, 0.3333],
        [0.3332, 0.3335, 0.3334],
        [0.3334, 0.3332, 0.3334],
        [0.3334, 0.3332, 0.3333],
        [0.3332, 0.3334, 0.3334],
        [0.3333, 0.3334, 0.3333],
        [0.3332, 0.3335, 0.3333],
        [0.3337, 0.3330, 0.3332],
        [0.3332, 0.3334, 0.3334],
        [0.3332, 0.3334, 0.3334],
        [0.3333, 0.3334, 0.3334],
        [0.3330, 0.3335, 0.3335],
        [0.3332, 0.3333, 0.3335],
        [0.3333, 0.3334, 0.3334],
        [0.3331, 0.3335, 0.3334],
        [0.3333, 0.3333, 0.3334],
        [0.3331, 0.3334, 0.3335],
        [0.3331, 0.3334, 0.3334],
        [0.3332, 0.3334, 0.3333],
        [0.3332, 0.3334, 0.3334],
        [0.2478, 0.4096, 0.3427],
        [0.3329, 0.3336, 0.3335],
        [0.3332, 0.3335, 0.3334]], device='cuda:1')
fea_node_to_hop attention:tensor([[0.1429, 0.1429, 0.1427, 0.1430, 0.1428, 0.1430, 0.1429],
        [0.1428, 0.1429, 0.1427, 0.1429, 0.1428, 0.1429, 0.1429],
        [0.1428, 0.1429, 0.1427, 0.1429, 0.1428, 0.1429, 0.1429],
        [0.1428, 0.1428, 0.1428, 0.1429, 0.1429, 0.1429, 0.1429],
        [0.1429, 0.1429, 0.1427, 0.1429, 0.1428, 0.1429, 0.1429],
        [0.1429, 0.1430, 0.1426, 0.1429, 0.1427, 0.1429, 0.1428],
        [0.1429, 0.1428, 0.1428, 0.1429, 0.1428, 0.1429, 0.1429],
        [0.1429, 0.1429, 0.1427, 0.1429, 0.1428, 0.1429, 0.1429],
        [0.1428, 0.1428, 0.1428, 0.1429, 0.1429, 0.1429, 0.1429],
        [0.1427, 0.1428, 0.1429, 0.1429, 0.1429, 0.1429, 0.1429],
        [0.1429, 0.1427, 0.1429, 0.1429, 0.1429, 0.1429, 0.1429],
        [0.1428, 0.1428, 0.1428, 0.1429, 0.1429, 0.1429, 0.1429],
        [0.1429, 0.1428, 0.1428, 0.1428, 0.1429, 0.1429, 0.1429],
        [0.1429, 0.1427, 0.1429, 0.1429, 0.1429, 0.1429, 0.1429],
        [0.1427, 0.1428, 0.1428, 0.1429, 0.1429, 0.1429, 0.1429],
        [0.1427, 0.1427, 0.1429, 0.1429, 0.1429, 0.1429, 0.1429],
        [0.1430, 0.1426, 0.1428, 0.1429, 0.1429, 0.1429, 0.1430],
        [0.1428, 0.1428, 0.1429, 0.1429, 0.1429, 0.1429, 0.1429],
        [0.1190, 0.1393, 0.1482, 0.1575, 0.1515, 0.1451, 0.1394],
        [0.1428, 0.1427, 0.1428, 0.1429, 0.1429, 0.1429, 0.1429],
        [0.1428, 0.1428, 0.1429, 0.1429, 0.1429, 0.1429, 0.1429],
        [0.1428, 0.1427, 0.1428, 0.1429, 0.1429, 0.1429, 0.1429],
        [0.1428, 0.1427, 0.1428, 0.1429, 0.1429, 0.1429, 0.1429],
        [0.1428, 0.1428, 0.1428, 0.1429, 0.1429, 0.1429, 0.1429],
        [0.1429, 0.1428, 0.1428, 0.1429, 0.1429, 0.1429, 0.1429],
        [0.1428, 0.1428, 0.1428, 0.1428, 0.1429, 0.1429, 0.1429],
        [0.1427, 0.1428, 0.1428, 0.1429, 0.1429, 0.1429, 0.1429],
        [0.1428, 0.1428, 0.1428, 0.1429, 0.1429, 0.1429, 0.1429],
        [0.1429, 0.1428, 0.1428, 0.1429, 0.1429, 0.1429, 0.1429],
        [0.1428, 0.1428, 0.1428, 0.1429, 0.1429, 0.1429, 0.1429],
        [0.1429, 0.1428, 0.1428, 0.1429, 0.1429, 0.1429, 0.1429],
        [0.1428, 0.1428, 0.1428, 0.1429, 0.1429, 0.1429, 0.1429],
        [0.1428, 0.1428, 0.1428, 0.1429, 0.1429, 0.1429, 0.1429],
        [0.1427, 0.1428, 0.1429, 0.1429, 0.1429, 0.1429, 0.1429],
        [0.1429, 0.1428, 0.1428, 0.1429, 0.1429, 0.1429, 0.1429],
        [0.1428, 0.1428, 0.1428, 0.1429, 0.1429, 0.1429, 0.1429],
        [0.1428, 0.1428, 0.1428, 0.1428, 0.1429, 0.1429, 0.1429],
        [0.1427, 0.1428, 0.1429, 0.1429, 0.1429, 0.1429, 0.1429],
        [0.1428, 0.1428, 0.1428, 0.1429, 0.1429, 0.1429, 0.1429],
        [0.1428, 0.1428, 0.1429, 0.1429, 0.1429, 0.1429, 0.1429],
        [0.1427, 0.1427, 0.1429, 0.1429, 0.1429, 0.1429, 0.1429],
        [0.1428, 0.1428, 0.1428, 0.1429, 0.1429, 0.1429, 0.1429],
        [0.1430, 0.1427, 0.1428, 0.1428, 0.1429, 0.1429, 0.1429],
        [0.1429, 0.1428, 0.1428, 0.1429, 0.1429, 0.1429, 0.1429],
        [0.1428, 0.1428, 0.1428, 0.1429, 0.1429, 0.1429, 0.1429],
        [0.1428, 0.1428, 0.1428, 0.1429, 0.1429, 0.1429, 0.1429],
        [0.1428, 0.1428, 0.1428, 0.1429, 0.1429, 0.1429, 0.1429],
        [0.1429, 0.1428, 0.1428, 0.1428, 0.1429, 0.1429, 0.1429],
        [0.1429, 0.1428, 0.1428, 0.1429, 0.1429, 0.1429, 0.1429],
        [0.1428, 0.1428, 0.1428, 0.1429, 0.1429, 0.1429, 0.1429],
        [0.1427, 0.1428, 0.1428, 0.1429, 0.1429, 0.1429, 0.1429],
        [0.1429, 0.1427, 0.1428, 0.1428, 0.1429, 0.1429, 0.1429],
        [0.1427, 0.1428, 0.1428, 0.1429, 0.1429, 0.1429, 0.1430],
        [0.1429, 0.1428, 0.1428, 0.1428, 0.1429, 0.1429, 0.1429],
        [0.1428, 0.1428, 0.1428, 0.1429, 0.1429, 0.1429, 0.1429],
        [0.1429, 0.1428, 0.1428, 0.1429, 0.1429, 0.1429, 0.1429],
        [0.1428, 0.1428, 0.1429, 0.1429, 0.1429, 0.1429, 0.1429],
        [0.1428, 0.1427, 0.1428, 0.1429, 0.1429, 0.1429, 0.1429],
        [0.1428, 0.1428, 0.1428, 0.1429, 0.1429, 0.1429, 0.1429],
        [0.1429, 0.1428, 0.1428, 0.1429, 0.1429, 0.1429, 0.1429],
        [0.1429, 0.1428, 0.1428, 0.1428, 0.1429, 0.1429, 0.1429],
        [0.1428, 0.1428, 0.1428, 0.1429, 0.1429, 0.1429, 0.1429],
        [0.1429, 0.1427, 0.1428, 0.1429, 0.1429, 0.1429, 0.1429],
        [0.1427, 0.1428, 0.1429, 0.1429, 0.1429, 0.1429, 0.1429],
        [0.1428, 0.1428, 0.1428, 0.1429, 0.1429, 0.1429, 0.1429],
        [0.1427, 0.1428, 0.1429, 0.1429, 0.1429, 0.1429, 0.1429],
        [0.1428, 0.1428, 0.1429, 0.1429, 0.1429, 0.1429, 0.1429],
        [0.1428, 0.1428, 0.1428, 0.1429, 0.1429, 0.1429, 0.1429],
        [0.1427, 0.1427, 0.1429, 0.1429, 0.1429, 0.1429, 0.1430],
        [0.1428, 0.1428, 0.1428, 0.1429, 0.1429, 0.1429, 0.1429],
        [0.1428, 0.1427, 0.1428, 0.1429, 0.1429, 0.1429, 0.1429],
        [0.1428, 0.1428, 0.1429, 0.1429, 0.1429, 0.1429, 0.1429],
        [0.1428, 0.1428, 0.1428, 0.1429, 0.1429, 0.1429, 0.1429],
        [0.1428, 0.1427, 0.1428, 0.1429, 0.1429, 0.1429, 0.1429],
        [0.1428, 0.1428, 0.1429, 0.1429, 0.1429, 0.1429, 0.1429],
        [0.1428, 0.1428, 0.1428, 0.1429, 0.1429, 0.1429, 0.1429],
        [0.1428, 0.1428, 0.1428, 0.1429, 0.1429, 0.1429, 0.1429],
        [0.1428, 0.1427, 0.1429, 0.1429, 0.1429, 0.1429, 0.1429],
        [0.1429, 0.1428, 0.1428, 0.1429, 0.1429, 0.1429, 0.1429],
        [0.1429, 0.1428, 0.1428, 0.1429, 0.1429, 0.1429, 0.1429],
        [0.1429, 0.1428, 0.1429, 0.1429, 0.1429, 0.1429, 0.1429],
        [0.1428, 0.1428, 0.1429, 0.1429, 0.1429, 0.1429, 0.1429],
        [0.1428, 0.1428, 0.1428, 0.1429, 0.1429, 0.1429, 0.1429],
        [0.1428, 0.1428, 0.1429, 0.1429, 0.1429, 0.1429, 0.1429],
        [0.1427, 0.1428, 0.1429, 0.1429, 0.1429, 0.1429, 0.1429],
        [0.1428, 0.1428, 0.1428, 0.1429, 0.1429, 0.1429, 0.1429],
        [0.1429, 0.1428, 0.1428, 0.1429, 0.1429, 0.1429, 0.1429],
        [0.1428, 0.1428, 0.1429, 0.1429, 0.1429, 0.1429, 0.1429],
        [0.1428, 0.1428, 0.1428, 0.1429, 0.1429, 0.1429, 0.1429],
        [0.1429, 0.1426, 0.1429, 0.1429, 0.1429, 0.1429, 0.1429],
        [0.1428, 0.1428, 0.1428, 0.1429, 0.1429, 0.1429, 0.1429],
        [0.1427, 0.1428, 0.1428, 0.1429, 0.1429, 0.1429, 0.1429],
        [0.1427, 0.1428, 0.1429, 0.1429, 0.1429, 0.1429, 0.1429],
        [0.1430, 0.1427, 0.1428, 0.1428, 0.1429, 0.1429, 0.1429],
        [0.1429, 0.1427, 0.1428, 0.1429, 0.1429, 0.1429, 0.1429],
        [0.1428, 0.1427, 0.1428, 0.1429, 0.1429, 0.1429, 0.1430],
        [0.1429, 0.1428, 0.1428, 0.1429, 0.1429, 0.1429, 0.1429],
        [0.1237, 0.1325, 0.1420, 0.1524, 0.1531, 0.1498, 0.1466],
        [0.1428, 0.1428, 0.1429, 0.1429, 0.1429, 0.1429, 0.1429],
        [0.1427, 0.1428, 0.1428, 0.1429, 0.1429, 0.1429, 0.1430]],
       device='cuda:1')
perception attention:tensor([0.3715, 0.6285], device='cuda:1')
Test set results: loss= 0.6238 accuracy= 0.8200 F1_score= 0.8200
