# epoch	loss_train	acc_train	loss_val	acc_val	time	acc_test	f1_test
0001	2.1972	0.0889	2.1400	0.4700	0.2040s	2.1424	0.4920	0.4405
0
0002	2.1405	0.3000	2.0687	0.5300	0.1999s	2.0733	0.5600	0.5428
0
0003	2.0819	0.3778	1.9826	0.5880	0.2016s	1.9895	0.6130	0.5902
0
0004	1.9955	0.4278	1.8868	0.6340	0.2104s	1.8922	0.6520	0.6467
0
0005	1.9096	0.5056	1.7825	0.6840	0.2050s	1.7824	0.7020	0.6898
0
0006	1.8396	0.5333	1.6703	0.7260	0.2053s	1.6649	0.7530	0.7266
0
0007	1.7258	0.5778	1.5547	0.7420	0.2052s	1.5458	0.7690	0.7451
0
0008	1.6276	0.6278	1.4371	0.7420	0.2058s	1.4271	0.7770	0.7595
0
0009	1.5294	0.7056	1.3233	0.7820	0.2052s	1.3134	0.8090	0.8038
0
0010	1.4307	0.7556	1.2180	0.8020	0.2075s	1.2102	0.8270	0.8279
0
0011	1.3828	0.7000	1.1216	0.8040	0.2070s	1.1160	0.8250	0.8265
0
0012	1.3308	0.7944	1.0358	0.7920	0.2057s	1.0333	0.8170	0.8188
0
0013	1.1980	0.7944	0.9624	0.7960	0.2083s	0.9617	0.8070	0.8088
0
0014	1.1257	0.7833	0.8989	0.7980	0.2073s	0.8975	0.8090	0.8118
0
0015	1.1135	0.7722	0.8449	0.7960	0.2076s	0.8424	0.8100	0.8135
0
0016	1.0254	0.8444	0.7987	0.8000	0.2053s	0.7940	0.8170	0.8200
0
0017	1.0091	0.8278	0.7612	0.7900	0.2070s	0.7556	0.8100	0.8133
0
0018	0.9385	0.7667	0.7301	0.7880	0.2075s	0.7230	0.8080	0.8110
0
0019	0.9027	0.7889	0.7037	0.7900	0.2057s	0.6945	0.8100	0.8125
0
0020	0.8506	0.7833	0.6801	0.7940	0.2080s	0.6693	0.8160	0.8182
0
0021	0.8347	0.8389	0.6620	0.7980	0.2072s	0.6484	0.8140	0.8158
0
0022	0.8494	0.8278	0.6491	0.7980	0.2075s	0.6329	0.8150	0.8172
0
0023	0.7869	0.8333	0.6442	0.8020	0.2074s	0.6235	0.8200	0.8221
0
0024	0.7617	0.8444	0.6440	0.8060	0.2052s	0.6208	0.8160	0.8171
0
0025	0.7174	0.8333	0.6475	0.8040	0.2094s	0.6212	0.8130	0.8145
0
0026	0.7424	0.8611	0.6511	0.7940	0.2076s	0.6225	0.8130	0.8158
1
0027	0.6944	0.8667	0.6545	0.7860	0.2105s	0.6258	0.8000	0.8039
2
0028	0.7450	0.8278	0.6559	0.7860	0.2053s	0.6267	0.8050	0.8084
3
0029	0.6600	0.8667	0.6561	0.7820	0.2069s	0.6274	0.8000	0.8022
4
0030	0.6444	0.8778	0.6544	0.7820	0.2076s	0.6259	0.7980	0.8000
5
0031	0.6524	0.8333	0.6507	0.7900	0.2073s	0.6214	0.8010	0.8023
6
0032	0.6978	0.8556	0.6478	0.7940	0.2077s	0.6161	0.8070	0.8081
7
0033	0.6478	0.8333	0.6496	0.7920	0.2077s	0.6139	0.8120	0.8127
8
0034	0.6108	0.8944	0.6535	0.7860	0.2089s	0.6157	0.8120	0.8124
9
0035	0.6836	0.8500	0.6632	0.7840	0.2054s	0.6250	0.8090	0.8106
10
0036	0.6727	0.8667	0.6714	0.7880	0.2093s	0.6332	0.8070	0.8093
11
0037	0.7063	0.8500	0.6741	0.8020	0.2090s	0.6388	0.8030	0.8058
12
0038	0.5799	0.8111	0.6805	0.7960	0.2053s	0.6478	0.7900	0.7928
13
0039	0.6242	0.8667	0.6855	0.7860	0.2072s	0.6559	0.7900	0.7920
14
0040	0.6013	0.8722	0.6907	0.7760	0.2083s	0.6593	0.7920	0.7929
15
0041	0.5895	0.8556	0.6951	0.7860	0.2072s	0.6618	0.7930	0.7929
16
0042	0.6561	0.8444	0.6937	0.7880	0.2072s	0.6583	0.7990	0.7983
17
0043	0.6418	0.8111	0.6848	0.7860	0.2088s	0.6471	0.8040	0.8036
18
0044	0.5823	0.8222	0.6771	0.7920	0.2070s	0.6376	0.8080	0.8076
19
0045	0.6701	0.8667	0.6697	0.7960	0.2051s	0.6295	0.8090	0.8090
20
0046	0.5490	0.8667	0.6707	0.7940	0.2086s	0.6283	0.8070	0.8074
21
0047	0.6408	0.8722	0.6778	0.7940	0.2071s	0.6321	0.8020	0.8038
22
0048	0.5842	0.8611	0.6854	0.7920	0.2053s	0.6381	0.7960	0.7986
23
0049	0.5373	0.8833	0.6981	0.7840	0.2081s	0.6477	0.7910	0.7935
24
0050	0.5700	0.8556	0.7057	0.7820	0.2079s	0.6529	0.7890	0.7920
25
0051	0.6342	0.8667	0.7093	0.7840	0.2077s	0.6589	0.7890	0.7921
26
0052	0.6384	0.8778	0.7027	0.7800	0.2071s	0.6597	0.7910	0.7944
27
0053	0.6079	0.8333	0.6915	0.7740	0.2090s	0.6570	0.8000	0.8012
28
0054	0.5791	0.8444	0.6787	0.7800	0.2078s	0.6522	0.8040	0.8040
29
0055	0.5990	0.9000	0.6698	0.7780	0.2072s	0.6477	0.8080	0.8071
30
0056	0.6018	0.8778	0.6669	0.7820	0.2074s	0.6450	0.8090	0.8080
31
0057	0.5567	0.8556	0.6691	0.7820	0.2069s	0.6454	0.8090	0.8082
32
0058	0.5725	0.8278	0.6753	0.7800	0.2054s	0.6477	0.8080	0.8076
33
0059	0.5569	0.8444	0.6831	0.7820	0.2080s	0.6509	0.8080	0.8081
34
0060	0.6119	0.8500	0.6962	0.7760	0.2069s	0.6601	0.8020	0.8043
35
0061	0.5606	0.8667	0.7113	0.7680	0.2073s	0.6703	0.8000	0.8029
36
0062	0.6169	0.8333	0.7194	0.7720	0.2072s	0.6747	0.8000	0.8037
37
0063	0.5355	0.8611	0.7262	0.7720	0.2096s	0.6747	0.7950	0.7984
38
0064	0.5666	0.8889	0.7245	0.7760	0.2079s	0.6708	0.7970	0.7995
39
0065	0.5419	0.8667	0.7214	0.7760	0.2081s	0.6663	0.8030	0.8041
40
0066	0.5625	0.8333	0.7191	0.7720	0.2076s	0.6643	0.8040	0.8037
41
0067	0.6285	0.8667	0.7083	0.7760	0.1940s	0.6576	0.8010	0.7999
42
0068	0.5903	0.8889	0.7017	0.7780	0.1938s	0.6560	0.8020	0.8007
43
0069	0.6094	0.8389	0.6920	0.7820	0.1939s	0.6554	0.8040	0.8034
44
0070	0.5074	0.9111	0.6898	0.7820	0.1963s	0.6590	0.8040	0.8044
45
0071	0.5506	0.8833	0.6935	0.7860	0.1950s	0.6670	0.8040	0.8057
46
0072	0.5783	0.8333	0.7042	0.7760	0.1943s	0.6768	0.7990	0.8023
47
0073	0.5356	0.8556	0.7132	0.7800	0.1939s	0.6834	0.7980	0.8013
48
0074	0.5587	0.8722	0.7200	0.7800	0.1948s	0.6874	0.8030	0.8056
49
0075	0.5907	0.8500	0.7220	0.7880	0.1949s	0.6851	0.7990	0.8009
50
0076	0.5808	0.8444	0.7240	0.7900	0.1960s	0.6874	0.8020	0.8020
51
0077	0.5563	0.8833	0.7285	0.7900	0.1949s	0.6911	0.8030	0.8023
52
0078	0.5000	0.8778	0.7316	0.7920	0.1954s	0.6925	0.8000	0.7995
53
0079	0.5367	0.8722	0.7301	0.7860	0.1940s	0.6892	0.7980	0.7976
54
0080	0.7068	0.8222	0.7306	0.7900	0.1958s	0.6879	0.7970	0.7976
55
0081	0.5221	0.8778	0.7347	0.7860	0.1926s	0.6894	0.7980	0.7990
56
0082	0.5759	0.8222	0.7397	0.7840	0.1955s	0.6917	0.7900	0.7922
57
0083	0.5093	0.9056	0.7406	0.7720	0.1925s	0.6915	0.7880	0.7907
58
0084	0.5153	0.8778	0.7440	0.7740	0.1975s	0.6943	0.7880	0.7907
59
0085	0.5172	0.8667	0.7492	0.7780	0.1944s	0.6977	0.7900	0.7924
60
0086	0.5684	0.8500	0.7493	0.7860	0.1940s	0.6967	0.7870	0.7883
61
0087	0.5341	0.8667	0.7508	0.7840	0.1944s	0.6970	0.7880	0.7876
62
0088	0.5101	0.9056	0.7533	0.7800	0.1945s	0.6979	0.7870	0.7855
63
0089	0.5554	0.8444	0.7547	0.7820	0.1940s	0.6992	0.7880	0.7862
64
0090	0.5400	0.8833	0.7534	0.7820	0.1945s	0.6976	0.7890	0.7877
65
0091	0.5203	0.8833	0.7528	0.7800	0.1952s	0.6990	0.7850	0.7843
66
0092	0.5261	0.8556	0.7526	0.7760	0.1951s	0.6999	0.7890	0.7894
67
0093	0.5755	0.8611	0.7533	0.7680	0.1925s	0.7023	0.7910	0.7929
68
0094	0.5547	0.9000	0.7612	0.7640	0.1928s	0.7080	0.7920	0.7951
69
0095	0.5327	0.9111	0.7703	0.7680	0.1945s	0.7135	0.7830	0.7870
70
0096	0.5852	0.8556	0.7777	0.7680	0.1954s	0.7159	0.7830	0.7869
71
0097	0.5207	0.8667	0.7795	0.7740	0.1929s	0.7149	0.7870	0.7901
72
0098	0.5154	0.8889	0.7731	0.7720	0.1953s	0.7097	0.7940	0.7956
73
0099	0.5867	0.8333	0.7667	0.7720	0.1941s	0.7063	0.7950	0.7948
74
0100	0.5025	0.8944	0.7657	0.7760	0.1951s	0.7065	0.7930	0.7926
75
0101	0.5308	0.8667	0.7648	0.7760	0.1925s	0.7085	0.7920	0.7909
76
0102	0.5177	0.8889	0.7687	0.7720	0.1963s	0.7138	0.7900	0.7887
77
0103	0.5069	0.8889	0.7742	0.7720	0.1945s	0.7187	0.7930	0.7921
78
0104	0.5341	0.8611	0.7791	0.7700	0.1970s	0.7232	0.7920	0.7916
79
0105	0.5403	0.8389	0.7815	0.7640	0.1957s	0.7254	0.7890	0.7890
80
0106	0.4696	0.9000	0.7798	0.7640	0.1933s	0.7227	0.7880	0.7892
81
0107	0.5147	0.8667	0.7738	0.7680	0.1946s	0.7134	0.7870	0.7883
82
0108	0.4676	0.8833	0.7707	0.7760	0.1929s	0.7067	0.7950	0.7959
83
0109	0.5840	0.8500	0.7726	0.7800	0.1941s	0.7056	0.7860	0.7875
84
0110	0.5561	0.8556	0.7742	0.7780	0.1938s	0.7053	0.7830	0.7847
85
0111	0.5369	0.8778	0.7781	0.7820	0.1973s	0.7075	0.7760	0.7779
86
0112	0.4696	0.9000	0.7830	0.7740	0.1950s	0.7116	0.7840	0.7858
87
0113	0.5147	0.8500	0.7821	0.7720	0.1941s	0.7139	0.7850	0.7866
88
0114	0.5626	0.8944	0.7811	0.7680	0.1944s	0.7192	0.7830	0.7841
89
0115	0.4935	0.8944	0.7784	0.7700	0.1943s	0.7240	0.7850	0.7853
90
0116	0.4990	0.8611	0.7764	0.7720	0.1947s	0.7271	0.7860	0.7860
91
0117	0.5384	0.8500	0.7695	0.7740	0.1959s	0.7254	0.7890	0.7883
92
0118	0.5288	0.8611	0.7619	0.7740	0.1925s	0.7226	0.7900	0.7893
93
0119	0.5900	0.9000	0.7604	0.7760	0.1961s	0.7233	0.7920	0.7916
94
0120	0.5362	0.8444	0.7675	0.7740	0.1942s	0.7263	0.7910	0.7906
95
0121	0.5724	0.8722	0.7765	0.7720	0.1953s	0.7295	0.7890	0.7892
96
0122	0.5127	0.8833	0.7891	0.7740	0.1944s	0.7355	0.7890	0.7905
97
0123	0.5450	0.8778	0.7971	0.7700	0.1961s	0.7389	0.7870	0.7894
98
0124	0.4786	0.8611	0.8037	0.7700	0.1946s	0.7439	0.7830	0.7860
99
0125	0.5026	0.9056	0.8079	0.7660	0.1950s	0.7477	0.7830	0.7861
100
0126	0.4764	0.8722	0.8026	0.7600	0.1945s	0.7456	0.7840	0.7861
101
0127	0.4980	0.9167	0.7924	0.7640	0.1960s	0.7398	0.7830	0.7850
102
0128	0.5009	0.9000	0.7853	0.7740	0.1944s	0.7355	0.7850	0.7863
103
0129	0.5183	0.8500	0.7779	0.7720	0.1928s	0.7314	0.7880	0.7882
104
0130	0.5697	0.8611	0.7733	0.7780	0.1921s	0.7290	0.7920	0.7909
105
0131	0.5639	0.8611	0.7710	0.7800	0.1925s	0.7252	0.7960	0.7948
106
0132	0.4376	0.8944	0.7707	0.7860	0.1969s	0.7239	0.7950	0.7943
107
0133	0.4541	0.8722	0.7738	0.7900	0.1947s	0.7237	0.7910	0.7910
108
0134	0.5267	0.8833	0.7813	0.7820	0.1946s	0.7270	0.7910	0.7924
109
0135	0.5013	0.8722	0.7907	0.7780	0.1938s	0.7326	0.7860	0.7879
110
0136	0.5436	0.8111	0.8009	0.7680	0.1942s	0.7400	0.7880	0.7900
111
0137	0.5847	0.8722	0.8022	0.7680	0.1940s	0.7433	0.7870	0.7892
112
0138	0.5478	0.8611	0.7969	0.7640	0.1943s	0.7431	0.7870	0.7888
113
0139	0.5978	0.9000	0.7842	0.7760	0.1947s	0.7356	0.7890	0.7902
114
0140	0.5042	0.9222	0.7692	0.7800	0.1956s	0.7274	0.7960	0.7964
115
0141	0.5373	0.8667	0.7572	0.7820	0.1941s	0.7225	0.7960	0.7964
116
0142	0.4938	0.8944	0.7459	0.7880	0.1953s	0.7150	0.7980	0.7982
117
0143	0.5067	0.9111	0.7358	0.7840	0.1941s	0.7094	0.8000	0.8000
118
0144	0.4774	0.8722	0.7295	0.7900	0.1963s	0.7056	0.8000	0.8001
119
0145	0.4747	0.8611	0.7304	0.7860	0.1945s	0.7047	0.8010	0.8020
120
0146	0.4988	0.8278	0.7396	0.7840	0.1965s	0.7053	0.7960	0.7980
121
0147	0.5794	0.9167	0.7507	0.7880	0.1935s	0.7055	0.7960	0.7986
122
0148	0.5825	0.8611	0.7603	0.7820	0.1945s	0.7066	0.7930	0.7953
123
0149	0.5261	0.8611	0.7600	0.7800	0.1941s	0.7031	0.7960	0.7972
124
0150	0.5418	0.8722	0.7578	0.7760	0.1942s	0.7012	0.7900	0.7913
125
0151	0.5242	0.8778	0.7524	0.7860	0.1954s	0.7006	0.7930	0.7940
126
0152	0.4806	0.8722	0.7507	0.7780	0.1944s	0.7050	0.7930	0.7936
127
0153	0.5512	0.8722	0.7474	0.7860	0.1945s	0.7067	0.7940	0.7941
128
0154	0.4231	0.9000	0.7442	0.7820	0.1932s	0.7093	0.7960	0.7957
129
0155	0.4738	0.8778	0.7429	0.7840	0.1910s	0.7124	0.8000	0.7995
130
0156	0.5238	0.8389	0.7408	0.7900	0.1899s	0.7116	0.8020	0.8013
131
0157	0.5339	0.8889	0.7351	0.7880	0.1946s	0.7108	0.8030	0.8023
132
0158	0.5072	0.8389	0.7320	0.7860	0.1944s	0.7087	0.8030	0.8021
133
0159	0.5229	0.9222	0.7286	0.7860	0.1950s	0.7065	0.8060	0.8054
134
0160	0.5214	0.8889	0.7305	0.7900	0.1945s	0.7083	0.8090	0.8087
135
0161	0.4954	0.9056	0.7347	0.7820	0.1930s	0.7116	0.8070	0.8078
136
0162	0.6036	0.8500	0.7389	0.7820	0.1946s	0.7136	0.8050	0.8060
137
0163	0.5253	0.8889	0.7393	0.7840	0.1943s	0.7106	0.8060	0.8069
138
0164	0.5616	0.8500	0.7411	0.7800	0.1964s	0.7100	0.8090	0.8096
139
0165	0.4455	0.8889	0.7450	0.7760	0.1943s	0.7101	0.8080	0.8078
140
0166	0.5008	0.8833	0.7484	0.7760	0.1982s	0.7096	0.8070	0.8058
141
0167	0.5306	0.8556	0.7490	0.7860	0.1947s	0.7077	0.8110	0.8092
142
0168	0.5429	0.8889	0.7538	0.7840	0.1943s	0.7086	0.8070	0.8057
143
0169	0.4992	0.8944	0.7594	0.7840	0.1943s	0.7110	0.8070	0.8059
144
0170	0.4867	0.8333	0.7697	0.7860	0.1935s	0.7175	0.8010	0.8006
145
0171	0.5415	0.8278	0.7812	0.7880	0.1968s	0.7256	0.8000	0.8001
146
0172	0.4575	0.8556	0.7935	0.7820	0.1947s	0.7362	0.7940	0.7952
147
0173	0.5223	0.8833	0.8028	0.7820	0.1929s	0.7454	0.7910	0.7925
148
0174	0.5003	0.8778	0.8107	0.7760	0.1944s	0.7500	0.7890	0.7906
149
0175	0.5326	0.9167	0.8122	0.7720	0.1924s	0.7517	0.7890	0.7901
150
0176	0.4682	0.9389	0.8064	0.7760	0.1943s	0.7480	0.7880	0.7887
151
0177	0.5023	0.8833	0.8013	0.7780	0.1947s	0.7435	0.7940	0.7941
152
0178	0.5069	0.8944	0.7988	0.7740	0.1963s	0.7395	0.7950	0.7954
153
0179	0.5293	0.9000	0.7983	0.7800	0.1947s	0.7374	0.7950	0.7948
154
0180	0.5188	0.8667	0.8003	0.7800	0.1944s	0.7378	0.7960	0.7955
155
0181	0.4887	0.8778	0.7997	0.7860	0.1940s	0.7381	0.7980	0.7975
156
0182	0.5234	0.9056	0.7979	0.7840	0.1944s	0.7403	0.7960	0.7964
157
0183	0.5136	0.8722	0.7994	0.7820	0.1948s	0.7451	0.7970	0.7979
158
0184	0.5304	0.8722	0.8033	0.7780	0.1945s	0.7491	0.7920	0.7931
159
0185	0.4924	0.8444	0.8080	0.7740	0.1948s	0.7532	0.7920	0.7934
160
0186	0.5389	0.8667	0.8162	0.7640	0.1960s	0.7591	0.7920	0.7940
161
0187	0.5497	0.8944	0.8226	0.7660	0.1939s	0.7653	0.7890	0.7914
162
0188	0.5211	0.8778	0.8238	0.7720	0.1955s	0.7687	0.7900	0.7919
163
0189	0.5550	0.8889	0.8211	0.7720	0.1942s	0.7663	0.7910	0.7924
164
0190	0.4330	0.8889	0.8188	0.7740	0.1955s	0.7661	0.7900	0.7911
165
0191	0.5088	0.8889	0.8143	0.7740	0.1925s	0.7654	0.7910	0.7907
166
0192	0.4619	0.9167	0.8078	0.7780	0.1970s	0.7632	0.7920	0.7913
167
0193	0.5008	0.9167	0.8055	0.7800	0.1940s	0.7625	0.7930	0.7918
168
0194	0.4719	0.9000	0.8077	0.7800	0.1940s	0.7631	0.7890	0.7879
169
0195	0.5903	0.8833	0.8064	0.7740	0.1944s	0.7620	0.7890	0.7883
170
0196	0.5134	0.8722	0.8086	0.7720	0.1940s	0.7608	0.7880	0.7879
171
0197	0.5247	0.8667	0.8168	0.7700	0.1943s	0.7617	0.7890	0.7896
172
0198	0.5958	0.8556	0.8201	0.7760	0.1943s	0.7616	0.7930	0.7947
173
0199	0.5136	0.8722	0.8156	0.7740	0.1954s	0.7570	0.7960	0.7975
174
0200	0.4884	0.8556	0.8097	0.7760	0.1947s	0.7524	0.7980	0.7989
175
0201	0.5134	0.9278	0.8025	0.7740	0.1944s	0.7488	0.8020	0.8016
176
0202	0.4751	0.8556	0.7960	0.7800	0.1941s	0.7446	0.7990	0.7980
177
0203	0.5018	0.8778	0.7911	0.7840	0.1944s	0.7406	0.7960	0.7941
178
0204	0.4415	0.8778	0.7881	0.7820	0.1943s	0.7381	0.7960	0.7941
179
0205	0.5577	0.8889	0.7858	0.7840	0.1951s	0.7342	0.7980	0.7961
180
0206	0.4803	0.8889	0.7849	0.7840	0.1952s	0.7320	0.8010	0.7995
181
0207	0.4630	0.8889	0.7849	0.7760	0.1944s	0.7307	0.8070	0.8059
182
0208	0.5886	0.8611	0.7832	0.7820	0.1960s	0.7309	0.8020	0.8014
183
0209	0.5342	0.8833	0.7820	0.7820	0.1939s	0.7313	0.8030	0.8022
184
0210	0.4832	0.8889	0.7796	0.7800	0.1973s	0.7306	0.8020	0.8009
185
0211	0.4850	0.8889	0.7768	0.7800	0.1942s	0.7291	0.8030	0.8016
186
0212	0.4826	0.9056	0.7804	0.7820	0.1945s	0.7302	0.8000	0.7986
187
0213	0.5169	0.8889	0.7858	0.7760	0.1967s	0.7319	0.7990	0.7974
188
0214	0.4767	0.9056	0.7886	0.7700	0.1925s	0.7318	0.7950	0.7938
189
0215	0.4581	0.8778	0.7912	0.7700	0.1941s	0.7331	0.7960	0.7952
190
0216	0.4528	0.9000	0.7939	0.7720	0.1942s	0.7355	0.7920	0.7920
191
0217	0.5387	0.8667	0.7948	0.7700	0.1936s	0.7364	0.7910	0.7914
192
0218	0.4847	0.9222	0.7958	0.7680	0.1925s	0.7378	0.7950	0.7955
193
0219	0.5016	0.8833	0.7991	0.7640	0.1921s	0.7427	0.7920	0.7929
194
0220	0.4434	0.8722	0.7974	0.7680	0.1938s	0.7460	0.7960	0.7966
195
0221	0.5268	0.8556	0.7950	0.7680	0.1945s	0.7464	0.7950	0.7955
196
0222	0.4577	0.8944	0.7931	0.7640	0.1952s	0.7453	0.7960	0.7961
197
0223	0.4710	0.9000	0.7871	0.7660	0.1946s	0.7420	0.7990	0.7988
198
0224	0.4462	0.9222	0.7835	0.7640	0.1925s	0.7399	0.8020	0.8014
199
Early stop! Min loss:0.6440476179122925,  Max accuracy:0.806
Early stop model validation loss:0.6440476179122925,  accuracy:0.806
Optimization Finished!
Total time elapsed: 45.1895s
test max acc:0.8270
Loading 23th epoch
stru_node_to_hop attention:tensor([[0.3332, 0.3335, 0.3333],
        [0.3333, 0.3333, 0.3333],
        [0.3331, 0.3335, 0.3334],
        [0.3333, 0.3334, 0.3333],
        [0.3334, 0.3332, 0.3334],
        [0.3334, 0.3333, 0.3334],
        [0.3332, 0.3334, 0.3334],
        [0.3334, 0.3332, 0.3334],
        [0.3333, 0.3333, 0.3334],
        [0.3331, 0.3334, 0.3335],
        [0.3334, 0.3333, 0.3334],
        [0.3332, 0.3334, 0.3334],
        [0.3335, 0.3332, 0.3332],
        [0.3333, 0.3333, 0.3334],
        [0.3334, 0.3333, 0.3333],
        [0.3335, 0.3333, 0.3332],
        [0.3335, 0.3332, 0.3333],
        [0.3332, 0.3334, 0.3333],
        [0.3477, 0.3585, 0.2938],
        [0.3331, 0.3334, 0.3335],
        [0.3331, 0.3335, 0.3334],
        [0.3333, 0.3333, 0.3333],
        [0.3330, 0.3335, 0.3335],
        [0.3333, 0.3333, 0.3334],
        [0.3333, 0.3333, 0.3333],
        [0.3330, 0.3336, 0.3334],
        [0.3333, 0.3333, 0.3334],
        [0.3333, 0.3334, 0.3333],
        [0.3331, 0.3335, 0.3335],
        [0.3331, 0.3335, 0.3334],
        [0.3333, 0.3334, 0.3334],
        [0.3333, 0.3334, 0.3333],
        [0.3329, 0.3336, 0.3335],
        [0.3330, 0.3336, 0.3334],
        [0.3333, 0.3333, 0.3334],
        [0.3334, 0.3332, 0.3334],
        [0.3330, 0.3334, 0.3336],
        [0.3334, 0.3333, 0.3333],
        [0.3333, 0.3335, 0.3333],
        [0.3330, 0.3335, 0.3334],
        [0.3333, 0.3333, 0.3333],
        [0.3334, 0.3333, 0.3334],
        [0.3335, 0.3332, 0.3333],
        [0.3330, 0.3335, 0.3335],
        [0.3333, 0.3334, 0.3334],
        [0.3331, 0.3334, 0.3335],
        [0.3331, 0.3335, 0.3334],
        [0.3333, 0.3333, 0.3333],
        [0.3331, 0.3335, 0.3333],
        [0.3332, 0.3335, 0.3333],
        [0.3333, 0.3334, 0.3333],
        [0.3333, 0.3332, 0.3334],
        [0.3333, 0.3334, 0.3333],
        [0.3331, 0.3336, 0.3333],
        [0.3331, 0.3335, 0.3334],
        [0.3333, 0.3334, 0.3333],
        [0.3332, 0.3334, 0.3334],
        [0.3330, 0.3335, 0.3335],
        [0.3333, 0.3334, 0.3334],
        [0.3334, 0.3333, 0.3333],
        [0.3330, 0.3336, 0.3335],
        [0.3331, 0.3335, 0.3335],
        [0.3333, 0.3333, 0.3334],
        [0.3332, 0.3334, 0.3334],
        [0.3333, 0.3333, 0.3333],
        [0.3331, 0.3335, 0.3334],
        [0.3330, 0.3335, 0.3335],
        [0.3333, 0.3334, 0.3334],
        [0.3331, 0.3335, 0.3334],
        [0.3332, 0.3334, 0.3334],
        [0.3330, 0.3335, 0.3335],
        [0.3331, 0.3334, 0.3335],
        [0.3329, 0.3336, 0.3335],
        [0.3331, 0.3334, 0.3335],
        [0.3332, 0.3335, 0.3334],
        [0.3332, 0.3334, 0.3333],
        [0.3332, 0.3334, 0.3334],
        [0.3332, 0.3333, 0.3334],
        [0.3329, 0.3336, 0.3335],
        [0.3332, 0.3334, 0.3334],
        [0.3333, 0.3334, 0.3333],
        [0.3332, 0.3334, 0.3333],
        [0.3333, 0.3334, 0.3333],
        [0.3332, 0.3335, 0.3334],
        [0.3333, 0.3333, 0.3334],
        [0.3330, 0.3335, 0.3335],
        [0.3333, 0.3333, 0.3333],
        [0.3333, 0.3334, 0.3333],
        [0.3330, 0.3335, 0.3335],
        [0.3333, 0.3334, 0.3334],
        [0.3326, 0.3337, 0.3337],
        [0.3332, 0.3334, 0.3334],
        [0.3331, 0.3334, 0.3335],
        [0.3331, 0.3335, 0.3335],
        [0.3333, 0.3333, 0.3334],
        [0.3333, 0.3334, 0.3333],
        [0.3330, 0.3335, 0.3335],
        [0.2709, 0.3967, 0.3325],
        [0.3331, 0.3335, 0.3335],
        [0.3333, 0.3333, 0.3334]], device='cuda:1')
fea_node_to_hop attention:tensor([[0.1429, 0.1428, 0.1428, 0.1429, 0.1428, 0.1429, 0.1429],
        [0.1429, 0.1429, 0.1427, 0.1429, 0.1428, 0.1429, 0.1429],
        [0.1428, 0.1429, 0.1428, 0.1429, 0.1429, 0.1429, 0.1429],
        [0.1428, 0.1428, 0.1428, 0.1429, 0.1429, 0.1429, 0.1429],
        [0.1428, 0.1429, 0.1428, 0.1429, 0.1428, 0.1429, 0.1429],
        [0.1428, 0.1429, 0.1428, 0.1429, 0.1428, 0.1429, 0.1429],
        [0.1429, 0.1429, 0.1428, 0.1429, 0.1428, 0.1429, 0.1429],
        [0.1427, 0.1430, 0.1427, 0.1429, 0.1428, 0.1429, 0.1429],
        [0.1428, 0.1428, 0.1428, 0.1429, 0.1429, 0.1429, 0.1429],
        [0.1428, 0.1428, 0.1428, 0.1429, 0.1429, 0.1429, 0.1429],
        [0.1428, 0.1428, 0.1428, 0.1429, 0.1429, 0.1429, 0.1429],
        [0.1430, 0.1428, 0.1428, 0.1428, 0.1429, 0.1429, 0.1429],
        [0.1428, 0.1428, 0.1429, 0.1429, 0.1429, 0.1429, 0.1429],
        [0.1428, 0.1428, 0.1429, 0.1429, 0.1429, 0.1429, 0.1429],
        [0.1428, 0.1428, 0.1428, 0.1429, 0.1429, 0.1429, 0.1429],
        [0.1428, 0.1428, 0.1428, 0.1429, 0.1429, 0.1429, 0.1429],
        [0.1429, 0.1427, 0.1428, 0.1429, 0.1429, 0.1429, 0.1429],
        [0.1428, 0.1429, 0.1429, 0.1429, 0.1429, 0.1429, 0.1429],
        [0.1262, 0.1382, 0.1490, 0.1526, 0.1495, 0.1450, 0.1396],
        [0.1429, 0.1429, 0.1428, 0.1428, 0.1429, 0.1429, 0.1429],
        [0.1426, 0.1428, 0.1429, 0.1429, 0.1429, 0.1429, 0.1429],
        [0.1429, 0.1428, 0.1428, 0.1429, 0.1429, 0.1429, 0.1429],
        [0.1429, 0.1427, 0.1428, 0.1429, 0.1429, 0.1429, 0.1429],
        [0.1428, 0.1429, 0.1429, 0.1429, 0.1429, 0.1429, 0.1429],
        [0.1429, 0.1428, 0.1428, 0.1429, 0.1429, 0.1429, 0.1429],
        [0.1428, 0.1428, 0.1428, 0.1429, 0.1429, 0.1429, 0.1429],
        [0.1428, 0.1428, 0.1429, 0.1429, 0.1429, 0.1429, 0.1429],
        [0.1428, 0.1428, 0.1428, 0.1429, 0.1429, 0.1429, 0.1429],
        [0.1429, 0.1428, 0.1428, 0.1429, 0.1429, 0.1429, 0.1429],
        [0.1428, 0.1428, 0.1429, 0.1429, 0.1429, 0.1429, 0.1429],
        [0.1429, 0.1428, 0.1428, 0.1429, 0.1429, 0.1429, 0.1429],
        [0.1428, 0.1428, 0.1429, 0.1429, 0.1429, 0.1429, 0.1429],
        [0.1428, 0.1427, 0.1428, 0.1429, 0.1429, 0.1429, 0.1429],
        [0.1429, 0.1428, 0.1428, 0.1429, 0.1429, 0.1429, 0.1429],
        [0.1429, 0.1428, 0.1428, 0.1429, 0.1429, 0.1429, 0.1429],
        [0.1428, 0.1428, 0.1428, 0.1429, 0.1429, 0.1429, 0.1429],
        [0.1429, 0.1428, 0.1428, 0.1428, 0.1429, 0.1429, 0.1429],
        [0.1428, 0.1428, 0.1428, 0.1429, 0.1429, 0.1429, 0.1429],
        [0.1428, 0.1428, 0.1428, 0.1429, 0.1429, 0.1429, 0.1429],
        [0.1429, 0.1428, 0.1428, 0.1428, 0.1429, 0.1429, 0.1429],
        [0.1428, 0.1428, 0.1428, 0.1429, 0.1429, 0.1429, 0.1429],
        [0.1427, 0.1428, 0.1429, 0.1429, 0.1429, 0.1429, 0.1429],
        [0.1429, 0.1428, 0.1428, 0.1428, 0.1429, 0.1429, 0.1429],
        [0.1429, 0.1428, 0.1428, 0.1428, 0.1429, 0.1429, 0.1429],
        [0.1428, 0.1428, 0.1428, 0.1429, 0.1429, 0.1429, 0.1429],
        [0.1428, 0.1429, 0.1428, 0.1429, 0.1429, 0.1429, 0.1429],
        [0.1427, 0.1428, 0.1429, 0.1429, 0.1429, 0.1429, 0.1429],
        [0.1428, 0.1428, 0.1428, 0.1429, 0.1429, 0.1429, 0.1429],
        [0.1428, 0.1428, 0.1429, 0.1429, 0.1429, 0.1429, 0.1429],
        [0.1428, 0.1428, 0.1428, 0.1429, 0.1429, 0.1429, 0.1429],
        [0.1428, 0.1428, 0.1428, 0.1429, 0.1429, 0.1429, 0.1429],
        [0.1428, 0.1427, 0.1429, 0.1429, 0.1429, 0.1429, 0.1429],
        [0.1424, 0.1428, 0.1429, 0.1429, 0.1430, 0.1430, 0.1430],
        [0.1427, 0.1429, 0.1429, 0.1429, 0.1429, 0.1429, 0.1429],
        [0.1428, 0.1428, 0.1428, 0.1429, 0.1429, 0.1429, 0.1429],
        [0.1428, 0.1428, 0.1429, 0.1429, 0.1429, 0.1429, 0.1429],
        [0.1428, 0.1428, 0.1429, 0.1429, 0.1429, 0.1429, 0.1429],
        [0.1428, 0.1428, 0.1428, 0.1429, 0.1429, 0.1429, 0.1429],
        [0.1428, 0.1428, 0.1429, 0.1429, 0.1429, 0.1429, 0.1429],
        [0.1429, 0.1428, 0.1428, 0.1429, 0.1429, 0.1429, 0.1429],
        [0.1428, 0.1428, 0.1428, 0.1429, 0.1429, 0.1429, 0.1429],
        [0.1429, 0.1428, 0.1428, 0.1429, 0.1429, 0.1429, 0.1429],
        [0.1428, 0.1428, 0.1429, 0.1429, 0.1429, 0.1429, 0.1429],
        [0.1428, 0.1428, 0.1429, 0.1429, 0.1429, 0.1429, 0.1429],
        [0.1428, 0.1428, 0.1428, 0.1429, 0.1429, 0.1429, 0.1429],
        [0.1426, 0.1429, 0.1429, 0.1429, 0.1429, 0.1429, 0.1429],
        [0.1428, 0.1428, 0.1428, 0.1429, 0.1429, 0.1429, 0.1429],
        [0.1428, 0.1428, 0.1428, 0.1429, 0.1429, 0.1429, 0.1429],
        [0.1427, 0.1428, 0.1429, 0.1429, 0.1429, 0.1429, 0.1429],
        [0.1428, 0.1428, 0.1428, 0.1429, 0.1429, 0.1429, 0.1429],
        [0.1428, 0.1428, 0.1428, 0.1429, 0.1429, 0.1429, 0.1429],
        [0.1428, 0.1428, 0.1428, 0.1429, 0.1429, 0.1429, 0.1429],
        [0.1428, 0.1428, 0.1428, 0.1429, 0.1429, 0.1429, 0.1429],
        [0.1429, 0.1428, 0.1428, 0.1428, 0.1429, 0.1429, 0.1429],
        [0.1428, 0.1428, 0.1428, 0.1429, 0.1429, 0.1429, 0.1429],
        [0.1429, 0.1428, 0.1429, 0.1429, 0.1429, 0.1429, 0.1429],
        [0.1428, 0.1428, 0.1429, 0.1429, 0.1429, 0.1429, 0.1429],
        [0.1428, 0.1427, 0.1429, 0.1429, 0.1429, 0.1429, 0.1429],
        [0.1428, 0.1428, 0.1429, 0.1429, 0.1429, 0.1429, 0.1429],
        [0.1428, 0.1428, 0.1428, 0.1429, 0.1429, 0.1429, 0.1429],
        [0.1429, 0.1428, 0.1428, 0.1428, 0.1429, 0.1429, 0.1429],
        [0.1426, 0.1427, 0.1429, 0.1429, 0.1429, 0.1429, 0.1430],
        [0.1428, 0.1428, 0.1429, 0.1429, 0.1429, 0.1429, 0.1429],
        [0.1428, 0.1428, 0.1429, 0.1429, 0.1429, 0.1429, 0.1429],
        [0.1428, 0.1428, 0.1428, 0.1429, 0.1429, 0.1429, 0.1429],
        [0.1428, 0.1428, 0.1428, 0.1429, 0.1429, 0.1429, 0.1429],
        [0.1428, 0.1428, 0.1429, 0.1429, 0.1429, 0.1429, 0.1429],
        [0.1428, 0.1428, 0.1428, 0.1429, 0.1429, 0.1429, 0.1429],
        [0.1428, 0.1428, 0.1429, 0.1429, 0.1429, 0.1429, 0.1429],
        [0.1429, 0.1428, 0.1428, 0.1429, 0.1429, 0.1429, 0.1429],
        [0.1428, 0.1427, 0.1428, 0.1429, 0.1429, 0.1429, 0.1429],
        [0.1429, 0.1428, 0.1428, 0.1428, 0.1429, 0.1429, 0.1429],
        [0.1428, 0.1428, 0.1429, 0.1429, 0.1429, 0.1429, 0.1429],
        [0.1428, 0.1427, 0.1428, 0.1429, 0.1429, 0.1429, 0.1429],
        [0.1429, 0.1427, 0.1428, 0.1428, 0.1429, 0.1429, 0.1429],
        [0.1428, 0.1428, 0.1428, 0.1429, 0.1429, 0.1429, 0.1429],
        [0.1428, 0.1427, 0.1428, 0.1429, 0.1429, 0.1429, 0.1429],
        [0.1276, 0.1417, 0.1516, 0.1510, 0.1465, 0.1424, 0.1393],
        [0.1427, 0.1428, 0.1429, 0.1429, 0.1429, 0.1429, 0.1429],
        [0.1426, 0.1428, 0.1429, 0.1429, 0.1429, 0.1429, 0.1430]],
       device='cuda:1')
perception attention:tensor([0.3930, 0.6070], device='cuda:1')
Test set results: loss= 0.6208 accuracy= 0.8160 F1_score= 0.8171
