# epoch	loss_train	acc_train	loss_val	acc_val	time	acc_test	f1_test
0001	2.2013	0.0944	2.1408	0.4800	0.1941s	2.1444	0.4890	0.4473
0
0002	2.1464	0.3611	2.0727	0.5500	0.1963s	2.0774	0.5730	0.4972
0
0003	2.0786	0.4167	1.9944	0.5640	0.1959s	1.9967	0.5830	0.5169
0
0004	2.0166	0.4667	1.9056	0.6200	0.1900s	1.9056	0.6440	0.6015
0
0005	1.9293	0.4278	1.8097	0.6920	0.1950s	1.8046	0.7100	0.6878
0
0006	1.8584	0.5222	1.7043	0.7220	0.1974s	1.6946	0.7410	0.7322
0
0007	1.7439	0.6167	1.5901	0.7480	0.1948s	1.5772	0.7750	0.7711
0
0008	1.6282	0.6778	1.4704	0.7700	0.1950s	1.4574	0.7820	0.7810
0
0009	1.5495	0.7222	1.3514	0.7720	0.1960s	1.3395	0.7850	0.7807
0
0010	1.4673	0.7444	1.2397	0.7820	0.1928s	1.2297	0.7960	0.7889
0
0011	1.4049	0.7389	1.1364	0.8020	0.1941s	1.1272	0.8100	0.8024
0
0012	1.3052	0.7500	1.0444	0.8020	0.1945s	1.0371	0.8270	0.8252
0
0013	1.2819	0.7556	0.9652	0.8100	0.1942s	0.9612	0.8300	0.8310
0
0014	1.1646	0.7556	0.8995	0.8020	0.1947s	0.8997	0.8150	0.8176
0
0015	1.1175	0.7556	0.8470	0.7720	0.1943s	0.8495	0.7900	0.7932
0
0016	1.0546	0.7889	0.8046	0.7680	0.1941s	0.8064	0.7820	0.7858
0
0017	0.9663	0.7889	0.7707	0.7780	0.1958s	0.7705	0.7860	0.7900
0
0018	0.9730	0.8056	0.7424	0.7700	0.1953s	0.7381	0.8000	0.8033
0
0019	0.9485	0.8000	0.7176	0.7780	0.1949s	0.7107	0.8080	0.8123
0
0020	0.8782	0.8444	0.6994	0.7840	0.1954s	0.6907	0.8060	0.8116
0
0021	0.8677	0.8333	0.6815	0.7940	0.1972s	0.6707	0.8130	0.8172
0
0022	0.7923	0.8222	0.6669	0.7980	0.1947s	0.6548	0.8200	0.8225
0
0023	0.8044	0.8278	0.6566	0.7920	0.1945s	0.6432	0.8150	0.8163
0
0024	0.8049	0.8333	0.6525	0.8000	0.1964s	0.6366	0.8160	0.8165
0
0025	0.7513	0.8278	0.6525	0.8080	0.1944s	0.6318	0.8200	0.8209
0
0026	0.7084	0.8389	0.6581	0.8020	0.1940s	0.6321	0.8170	0.8176
1
0027	0.7700	0.8167	0.6688	0.7920	0.1939s	0.6370	0.8060	0.8079
2
0028	0.7211	0.8389	0.6827	0.7820	0.1946s	0.6429	0.7990	0.8013
3
0029	0.7064	0.8056	0.6922	0.7800	0.1948s	0.6478	0.7960	0.8000
4
0030	0.6112	0.8444	0.6933	0.7820	0.1941s	0.6484	0.7980	0.8018
5
0031	0.6894	0.8167	0.6873	0.7880	0.1942s	0.6457	0.8070	0.8102
6
0032	0.6469	0.8611	0.6780	0.7840	0.1943s	0.6427	0.8080	0.8113
7
0033	0.6529	0.8333	0.6701	0.7980	0.1942s	0.6422	0.8120	0.8147
8
0034	0.6863	0.8889	0.6699	0.7980	0.1947s	0.6475	0.8060	0.8081
9
0035	0.5962	0.8667	0.6724	0.7980	0.1963s	0.6531	0.8070	0.8079
10
0036	0.6381	0.8444	0.6765	0.7940	0.1944s	0.6563	0.8060	0.8062
11
0037	0.6507	0.8389	0.6827	0.7900	0.1950s	0.6558	0.8000	0.8001
12
0038	0.6267	0.8667	0.6917	0.7880	0.1943s	0.6570	0.8040	0.8057
13
0039	0.6910	0.8278	0.7025	0.7840	0.1943s	0.6601	0.8010	0.8042
14
0040	0.5795	0.8778	0.7112	0.7780	0.1931s	0.6621	0.7950	0.7988
15
0041	0.6875	0.8500	0.7148	0.7800	0.1947s	0.6608	0.7920	0.7961
16
0042	0.5891	0.8278	0.7118	0.7800	0.1944s	0.6581	0.7990	0.8022
17
0043	0.5666	0.9000	0.7039	0.7840	0.1943s	0.6542	0.7950	0.7985
18
0044	0.6405	0.8889	0.6889	0.7920	0.1922s	0.6496	0.8040	0.8064
19
0045	0.6237	0.8556	0.6810	0.7980	0.1939s	0.6518	0.8040	0.8057
20
0046	0.6070	0.8722	0.6753	0.7940	0.1937s	0.6546	0.8050	0.8058
21
0047	0.6651	0.8333	0.6735	0.7940	0.1927s	0.6576	0.8070	0.8075
22
0048	0.6098	0.8444	0.6712	0.7920	0.1938s	0.6567	0.8050	0.8057
23
0049	0.5796	0.8444	0.6746	0.7880	0.1939s	0.6594	0.8040	0.8054
24
0050	0.5839	0.8944	0.6861	0.7880	0.1942s	0.6627	0.8030	0.8048
25
0051	0.5765	0.8611	0.7038	0.7840	0.1940s	0.6706	0.7930	0.7951
26
0052	0.5612	0.9111	0.7176	0.7780	0.1939s	0.6752	0.7910	0.7939
27
0053	0.5253	0.8444	0.7234	0.7720	0.1925s	0.6753	0.7870	0.7907
28
0054	0.6181	0.8944	0.7138	0.7700	0.1941s	0.6676	0.7890	0.7914
29
0055	0.5292	0.8889	0.6982	0.7760	0.1944s	0.6575	0.7960	0.7981
30
0056	0.5591	0.8889	0.6873	0.7840	0.1942s	0.6530	0.8010	0.8025
31
0057	0.5447	0.8722	0.6844	0.7800	0.1943s	0.6569	0.8010	0.8021
32
0058	0.5090	0.9111	0.6864	0.7760	0.1940s	0.6641	0.8010	0.8024
33
0059	0.5634	0.8778	0.6873	0.7760	0.1957s	0.6660	0.7990	0.8000
34
0060	0.5490	0.8556	0.6891	0.7760	0.1941s	0.6671	0.7990	0.8000
35
0061	0.5876	0.8611	0.6927	0.7760	0.1948s	0.6683	0.7990	0.7996
36
0062	0.5430	0.8500	0.6994	0.7740	0.1945s	0.6708	0.7940	0.7943
37
0063	0.5392	0.8500	0.6992	0.7720	0.1945s	0.6683	0.8010	0.8011
38
0064	0.5226	0.8833	0.6968	0.7800	0.1931s	0.6656	0.8030	0.8025
39
0065	0.5542	0.9000	0.6964	0.7840	0.1942s	0.6648	0.8040	0.8034
40
0066	0.5637	0.8889	0.6953	0.7860	0.1948s	0.6641	0.8050	0.8047
41
0067	0.6162	0.9056	0.6938	0.7880	0.1948s	0.6653	0.8050	0.8045
42
0068	0.4931	0.8667	0.6991	0.7860	0.1952s	0.6730	0.7990	0.8002
43
0069	0.5446	0.8778	0.7105	0.7640	0.1942s	0.6851	0.7910	0.7920
44
0070	0.5336	0.8500	0.7186	0.7580	0.1942s	0.6932	0.7880	0.7889
45
0071	0.5804	0.8444	0.7204	0.7640	0.1941s	0.6926	0.7890	0.7900
46
0072	0.5594	0.8944	0.7217	0.7660	0.1947s	0.6917	0.7880	0.7889
47
0073	0.5762	0.8778	0.7095	0.7740	0.1941s	0.6836	0.7940	0.7946
48
0074	0.5662	0.8611	0.7025	0.7800	0.1938s	0.6773	0.7970	0.7972
49
0075	0.5514	0.8944	0.6994	0.7800	0.1944s	0.6751	0.8010	0.8011
50
0076	0.5309	0.9167	0.6989	0.7800	0.1925s	0.6750	0.8030	0.8034
51
0077	0.5755	0.8778	0.7031	0.7800	0.1945s	0.6790	0.8070	0.8072
52
0078	0.5019	0.9167	0.7114	0.7780	0.1925s	0.6845	0.8050	0.8048
53
0079	0.5551	0.8444	0.7208	0.7780	0.1950s	0.6913	0.7960	0.7961
54
0080	0.6247	0.8667	0.7276	0.7780	0.1941s	0.6922	0.7950	0.7953
55
0081	0.5453	0.9167	0.7320	0.7800	0.1925s	0.6918	0.7920	0.7923
56
0082	0.5256	0.8667	0.7358	0.7740	0.1945s	0.6932	0.7920	0.7927
57
0083	0.5554	0.8556	0.7350	0.7720	0.1942s	0.6911	0.7910	0.7913
58
0084	0.5253	0.8722	0.7275	0.7720	0.1945s	0.6847	0.7990	0.7987
59
0085	0.5773	0.8389	0.7199	0.7800	0.1944s	0.6783	0.7990	0.7983
60
0086	0.5743	0.8500	0.7119	0.7860	0.1921s	0.6718	0.8070	0.8063
61
0087	0.5358	0.8611	0.7068	0.7920	0.1922s	0.6680	0.8060	0.8055
62
0088	0.5048	0.9000	0.7071	0.7980	0.1940s	0.6690	0.8030	0.8035
63
0089	0.5048	0.8722	0.7109	0.7960	0.1945s	0.6729	0.8030	0.8035
64
0090	0.6096	0.8833	0.7141	0.7940	0.1940s	0.6774	0.8020	0.8026
65
0091	0.4837	0.8722	0.7189	0.7900	0.1927s	0.6842	0.7990	0.8002
66
0092	0.6251	0.8222	0.7264	0.7800	0.1944s	0.6920	0.7980	0.7995
67
0093	0.5811	0.8944	0.7335	0.7780	0.1923s	0.6962	0.7960	0.7979
68
0094	0.5306	0.8556	0.7402	0.7780	0.1944s	0.7005	0.7960	0.7983
69
0095	0.5675	0.8722	0.7452	0.7820	0.1941s	0.7028	0.7930	0.7949
70
0096	0.5330	0.8778	0.7446	0.7820	0.1941s	0.7037	0.7920	0.7942
71
0097	0.5527	0.8611	0.7401	0.7820	0.1942s	0.7016	0.7950	0.7960
72
0098	0.5712	0.8722	0.7360	0.7800	0.1949s	0.7006	0.7970	0.7972
73
0099	0.5345	0.8722	0.7331	0.7920	0.1937s	0.6998	0.8010	0.8009
74
0100	0.6164	0.8611	0.7321	0.7900	0.1939s	0.7008	0.7970	0.7970
75
0101	0.5434	0.8944	0.7332	0.7880	0.1936s	0.7044	0.7960	0.7957
76
0102	0.5068	0.8833	0.7341	0.7840	0.1918s	0.7083	0.7980	0.7979
77
0103	0.5305	0.8611	0.7364	0.7840	0.1933s	0.7104	0.7960	0.7959
78
0104	0.5127	0.8500	0.7386	0.7760	0.1911s	0.7100	0.7950	0.7950
79
0105	0.5319	0.8778	0.7432	0.7760	0.1925s	0.7097	0.7910	0.7920
80
0106	0.5174	0.8444	0.7509	0.7740	0.1936s	0.7118	0.7920	0.7933
81
0107	0.5179	0.8556	0.7585	0.7760	0.1937s	0.7150	0.7930	0.7943
82
0108	0.5205	0.8556	0.7657	0.7700	0.1936s	0.7202	0.7910	0.7923
83
0109	0.4851	0.8611	0.7657	0.7700	0.1914s	0.7229	0.7860	0.7869
84
0110	0.5409	0.8500	0.7600	0.7700	0.1916s	0.7217	0.7890	0.7887
85
0111	0.6463	0.8667	0.7523	0.7760	0.1947s	0.7190	0.7880	0.7869
86
0112	0.5804	0.8500	0.7450	0.7780	0.1933s	0.7162	0.7940	0.7926
87
0113	0.5479	0.8889	0.7387	0.7860	0.1932s	0.7129	0.7970	0.7956
88
0114	0.5332	0.8556	0.7371	0.7840	0.1944s	0.7149	0.7930	0.7926
89
0115	0.5904	0.8722	0.7390	0.7800	0.1935s	0.7188	0.7910	0.7916
90
0116	0.5346	0.8444	0.7437	0.7800	0.1932s	0.7229	0.7880	0.7887
91
0117	0.5225	0.8667	0.7531	0.7800	0.1935s	0.7279	0.7880	0.7888
92
0118	0.5535	0.8944	0.7627	0.7820	0.1931s	0.7355	0.7910	0.7911
93
0119	0.4708	0.8778	0.7729	0.7780	0.1928s	0.7412	0.7890	0.7894
94
0120	0.5525	0.8500	0.7755	0.7780	0.1918s	0.7428	0.7870	0.7877
95
0121	0.5379	0.8889	0.7729	0.7760	0.1913s	0.7406	0.7900	0.7905
96
0122	0.5243	0.8444	0.7694	0.7800	0.1927s	0.7366	0.7910	0.7918
97
0123	0.5031	0.9111	0.7696	0.7780	0.1935s	0.7373	0.7940	0.7946
98
0124	0.4974	0.8778	0.7675	0.7800	0.1937s	0.7374	0.7910	0.7919
99
0125	0.5029	0.9000	0.7672	0.7880	0.1937s	0.7363	0.7940	0.7943
100
0126	0.5122	0.8889	0.7645	0.7900	0.1934s	0.7360	0.7940	0.7937
101
0127	0.5947	0.8444	0.7634	0.7860	0.1913s	0.7363	0.7930	0.7926
102
0128	0.5769	0.8500	0.7616	0.7900	0.1916s	0.7373	0.7910	0.7910
103
0129	0.5248	0.8556	0.7624	0.7880	0.1935s	0.7402	0.7900	0.7905
104
0130	0.4456	0.8889	0.7645	0.7900	0.1933s	0.7437	0.7880	0.7888
105
0131	0.5300	0.8778	0.7620	0.7820	0.1934s	0.7439	0.7870	0.7885
106
0132	0.5273	0.8889	0.7556	0.7800	0.1934s	0.7445	0.7910	0.7925
107
0133	0.5467	0.8500	0.7540	0.7800	0.1917s	0.7452	0.7890	0.7903
108
0134	0.4823	0.8611	0.7571	0.7780	0.1929s	0.7462	0.7910	0.7922
109
0135	0.5447	0.8722	0.7652	0.7760	0.1957s	0.7492	0.7890	0.7899
110
0136	0.5278	0.8722	0.7743	0.7820	0.1935s	0.7548	0.7860	0.7869
111
0137	0.4929	0.9167	0.7872	0.7840	0.1914s	0.7624	0.7850	0.7854
112
0138	0.5577	0.8556	0.7959	0.7820	0.1936s	0.7650	0.7850	0.7854
113
0139	0.4684	0.9000	0.7961	0.7820	0.1937s	0.7623	0.7860	0.7868
114
0140	0.4967	0.8833	0.7929	0.7860	0.1935s	0.7589	0.7880	0.7898
115
0141	0.5255	0.8778	0.7896	0.7840	0.1934s	0.7585	0.7890	0.7907
116
0142	0.4761	0.8778	0.7880	0.7840	0.1935s	0.7610	0.7880	0.7897
117
0143	0.5049	0.8778	0.7890	0.7880	0.1932s	0.7657	0.7870	0.7889
118
0144	0.5497	0.8611	0.7911	0.7820	0.1934s	0.7688	0.7850	0.7869
119
0145	0.4987	0.8611	0.7963	0.7800	0.1939s	0.7727	0.7830	0.7848
120
0146	0.4818	0.8944	0.7990	0.7800	0.1930s	0.7727	0.7860	0.7872
121
0147	0.5164	0.8667	0.8034	0.7820	0.1910s	0.7736	0.7870	0.7872
122
0148	0.4468	0.8500	0.8050	0.7860	0.1931s	0.7722	0.7920	0.7919
123
0149	0.5026	0.8833	0.8066	0.7900	0.1929s	0.7701	0.7920	0.7916
124
0150	0.5383	0.8389	0.8114	0.7900	0.1932s	0.7722	0.7920	0.7921
125
0151	0.4785	0.9056	0.8155	0.7860	0.1934s	0.7763	0.7920	0.7925
126
0152	0.4990	0.9111	0.8182	0.7860	0.1933s	0.7808	0.7880	0.7884
127
0153	0.5049	0.9222	0.8212	0.7760	0.1963s	0.7857	0.7860	0.7862
128
0154	0.5006	0.8778	0.8241	0.7720	0.1931s	0.7906	0.7840	0.7846
129
0155	0.5015	0.8833	0.8255	0.7740	0.1917s	0.7937	0.7800	0.7808
130
0156	0.4374	0.9222	0.8275	0.7740	0.1937s	0.7965	0.7740	0.7757
131
0157	0.5323	0.9056	0.8289	0.7720	0.1932s	0.7973	0.7760	0.7776
132
0158	0.5120	0.8667	0.8271	0.7680	0.1963s	0.7946	0.7760	0.7775
133
0159	0.4817	0.8833	0.8253	0.7660	0.1918s	0.7914	0.7780	0.7795
134
0160	0.5683	0.8500	0.8251	0.7660	0.1933s	0.7874	0.7790	0.7804
135
0161	0.4967	0.8667	0.8196	0.7620	0.1934s	0.7805	0.7820	0.7832
136
0162	0.4580	0.8778	0.8107	0.7620	0.1915s	0.7741	0.7850	0.7858
137
0163	0.5714	0.8778	0.8033	0.7620	0.1966s	0.7719	0.7870	0.7885
138
0164	0.4733	0.9111	0.7993	0.7620	0.1936s	0.7719	0.7900	0.7906
139
0165	0.4783	0.8833	0.8037	0.7660	0.1912s	0.7773	0.7820	0.7816
140
0166	0.5537	0.8889	0.8125	0.7680	0.1933s	0.7868	0.7810	0.7803
141
0167	0.5165	0.9000	0.8209	0.7660	0.1913s	0.7923	0.7820	0.7815
142
0168	0.4965	0.8778	0.8313	0.7680	0.1950s	0.7954	0.7760	0.7762
143
0169	0.4842	0.8778	0.8370	0.7640	0.1940s	0.7961	0.7760	0.7764
144
0170	0.4981	0.8722	0.8385	0.7660	0.1921s	0.7910	0.7790	0.7795
145
0171	0.5497	0.8333	0.8357	0.7680	0.1932s	0.7814	0.7810	0.7817
146
0172	0.4772	0.8500	0.8293	0.7700	0.1967s	0.7745	0.7860	0.7866
147
0173	0.4984	0.8611	0.8219	0.7700	0.1951s	0.7710	0.7920	0.7918
148
0174	0.5242	0.9111	0.8144	0.7700	0.2002s	0.7682	0.7920	0.7916
149
0175	0.4974	0.9056	0.8065	0.7720	0.1954s	0.7665	0.7940	0.7938
150
0176	0.5446	0.8333	0.7972	0.7720	0.1949s	0.7644	0.7930	0.7929
151
0177	0.5145	0.9222	0.7882	0.7780	0.1945s	0.7603	0.7900	0.7898
152
0178	0.5233	0.8556	0.7849	0.7880	0.1928s	0.7599	0.7950	0.7953
153
0179	0.5194	0.8333	0.7890	0.7860	0.1950s	0.7622	0.7940	0.7943
154
0180	0.4986	0.8444	0.7999	0.7780	0.1945s	0.7677	0.7900	0.7910
155
0181	0.4786	0.8944	0.8112	0.7720	0.1948s	0.7749	0.7850	0.7861
156
0182	0.4697	0.8944	0.8212	0.7680	0.1967s	0.7818	0.7820	0.7826
157
0183	0.4397	0.9111	0.8256	0.7720	0.1945s	0.7844	0.7840	0.7845
158
0184	0.6559	0.8667	0.8251	0.7800	0.1802s	0.7820	0.7780	0.7777
159
0185	0.5663	0.8500	0.8225	0.7800	0.1847s	0.7783	0.7830	0.7814
160
0186	0.4956	0.9167	0.8170	0.7840	0.1905s	0.7742	0.7900	0.7881
161
0187	0.5408	0.9056	0.8050	0.7920	0.1944s	0.7663	0.7920	0.7904
162
0188	0.4698	0.8889	0.7994	0.7940	0.1937s	0.7629	0.7970	0.7960
163
0189	0.5073	0.8722	0.7979	0.7860	0.1932s	0.7632	0.7970	0.7974
164
0190	0.4892	0.8611	0.7996	0.7780	0.1953s	0.7654	0.7960	0.7974
165
0191	0.4967	0.8944	0.8038	0.7760	0.1961s	0.7687	0.7970	0.7988
166
0192	0.5285	0.8667	0.8073	0.7760	0.1963s	0.7719	0.7930	0.7952
167
0193	0.5128	0.8833	0.8083	0.7700	0.1962s	0.7765	0.7870	0.7888
168
0194	0.5483	0.8889	0.8043	0.7760	0.1957s	0.7799	0.7830	0.7850
169
0195	0.4751	0.9056	0.7992	0.7720	0.1934s	0.7834	0.7800	0.7802
170
0196	0.5501	0.8722	0.7886	0.7720	0.1951s	0.7796	0.7840	0.7823
171
0197	0.5749	0.8556	0.7752	0.7820	0.1989s	0.7714	0.7940	0.7912
172
0198	0.5438	0.8556	0.7612	0.7880	0.1946s	0.7605	0.8000	0.7975
173
0199	0.4369	0.9056	0.7529	0.7940	0.1942s	0.7516	0.7990	0.7970
174
0200	0.5157	0.8722	0.7497	0.7960	0.1950s	0.7423	0.8030	0.8023
175
0201	0.5271	0.8889	0.7545	0.7920	0.1946s	0.7356	0.8030	0.8035
176
0202	0.4667	0.8444	0.7673	0.7920	0.1962s	0.7376	0.7980	0.8000
177
0203	0.5755	0.8389	0.7813	0.7900	0.1940s	0.7413	0.7940	0.7966
178
0204	0.5108	0.9056	0.7956	0.7840	0.1943s	0.7484	0.7910	0.7937
179
0205	0.6000	0.8278	0.8024	0.7840	0.1945s	0.7532	0.7900	0.7928
180
0206	0.5603	0.8722	0.7967	0.7780	0.1958s	0.7520	0.7880	0.7890
181
0207	0.5121	0.8944	0.7837	0.7780	0.1933s	0.7465	0.7900	0.7894
182
0208	0.4780	0.9222	0.7737	0.7720	0.1951s	0.7432	0.7940	0.7925
183
0209	0.4565	0.8944	0.7642	0.7760	0.1977s	0.7390	0.7960	0.7943
184
0210	0.5339	0.8778	0.7586	0.7760	0.1943s	0.7353	0.7980	0.7963
185
0211	0.5085	0.8444	0.7525	0.7820	0.2006s	0.7297	0.8020	0.8009
186
0212	0.5509	0.8444	0.7560	0.7820	0.1934s	0.7281	0.8010	0.8008
187
0213	0.5062	0.8889	0.7630	0.7840	0.1952s	0.7285	0.8060	0.8055
188
0214	0.5192	0.8611	0.7688	0.7880	0.1970s	0.7289	0.8050	0.8047
189
0215	0.4815	0.9167	0.7809	0.7840	0.1959s	0.7319	0.8010	0.8010
190
0216	0.5193	0.8778	0.7960	0.7800	0.1943s	0.7382	0.7950	0.7950
191
0217	0.4808	0.8944	0.8100	0.7800	0.1945s	0.7448	0.7900	0.7904
192
0218	0.5268	0.8500	0.8277	0.7760	0.1923s	0.7559	0.7900	0.7907
193
0219	0.4628	0.9000	0.8404	0.7760	0.1940s	0.7648	0.7840	0.7837
194
0220	0.5563	0.9222	0.8422	0.7760	0.1966s	0.7656	0.7840	0.7839
195
0221	0.5129	0.8778	0.8340	0.7800	0.1945s	0.7612	0.7880	0.7872
196
0222	0.5029	0.8889	0.8265	0.7860	0.1943s	0.7566	0.7910	0.7900
197
0223	0.5298	0.8889	0.8189	0.7840	0.1940s	0.7505	0.7970	0.7963
198
0224	0.5460	0.8389	0.8109	0.7820	0.1950s	0.7461	0.8000	0.7996
199
Early stop! Min loss:0.652508556842804,  Max accuracy:0.81
Early stop model validation loss:0.652508556842804,  accuracy:0.8
Optimization Finished!
Total time elapsed: 44.2298s
test max acc:0.8300
Loading 23th epoch
stru_node_to_hop attention:tensor([[0.3334, 0.3333, 0.3333],
        [0.3333, 0.3333, 0.3334],
        [0.3333, 0.3333, 0.3334],
        [0.3333, 0.3335, 0.3333],
        [0.3332, 0.3334, 0.3335],
        [0.3332, 0.3334, 0.3335],
        [0.3332, 0.3334, 0.3334],
        [0.3332, 0.3334, 0.3334],
        [0.3333, 0.3334, 0.3333],
        [0.3333, 0.3333, 0.3334],
        [0.3333, 0.3333, 0.3334],
        [0.3332, 0.3334, 0.3334],
        [0.3334, 0.3333, 0.3333],
        [0.3332, 0.3334, 0.3334],
        [0.3334, 0.3333, 0.3333],
        [0.3335, 0.3333, 0.3333],
        [0.3333, 0.3333, 0.3333],
        [0.3331, 0.3335, 0.3333],
        [0.3073, 0.3770, 0.3157],
        [0.3331, 0.3334, 0.3334],
        [0.3332, 0.3335, 0.3334],
        [0.3333, 0.3333, 0.3334],
        [0.3332, 0.3334, 0.3334],
        [0.3334, 0.3333, 0.3333],
        [0.3333, 0.3334, 0.3333],
        [0.3329, 0.3336, 0.3334],
        [0.3333, 0.3333, 0.3334],
        [0.3333, 0.3334, 0.3333],
        [0.3331, 0.3335, 0.3334],
        [0.3332, 0.3334, 0.3334],
        [0.3333, 0.3333, 0.3334],
        [0.3333, 0.3334, 0.3333],
        [0.3331, 0.3335, 0.3334],
        [0.3330, 0.3336, 0.3333],
        [0.3332, 0.3334, 0.3334],
        [0.3332, 0.3333, 0.3335],
        [0.3333, 0.3333, 0.3334],
        [0.3332, 0.3334, 0.3334],
        [0.3332, 0.3335, 0.3333],
        [0.3331, 0.3334, 0.3334],
        [0.3333, 0.3334, 0.3334],
        [0.3333, 0.3333, 0.3334],
        [0.3333, 0.3333, 0.3333],
        [0.3329, 0.3335, 0.3336],
        [0.3332, 0.3334, 0.3334],
        [0.3332, 0.3334, 0.3334],
        [0.3331, 0.3335, 0.3334],
        [0.3332, 0.3334, 0.3334],
        [0.3330, 0.3336, 0.3334],
        [0.3332, 0.3334, 0.3333],
        [0.3333, 0.3334, 0.3334],
        [0.3330, 0.3335, 0.3335],
        [0.3334, 0.3333, 0.3333],
        [0.3331, 0.3335, 0.3334],
        [0.3333, 0.3334, 0.3333],
        [0.3333, 0.3333, 0.3333],
        [0.3331, 0.3334, 0.3335],
        [0.3329, 0.3336, 0.3335],
        [0.3332, 0.3334, 0.3333],
        [0.3333, 0.3333, 0.3333],
        [0.3332, 0.3334, 0.3334],
        [0.3331, 0.3335, 0.3334],
        [0.3333, 0.3334, 0.3334],
        [0.3332, 0.3334, 0.3334],
        [0.3334, 0.3333, 0.3333],
        [0.3331, 0.3334, 0.3334],
        [0.3332, 0.3334, 0.3334],
        [0.3332, 0.3334, 0.3334],
        [0.3332, 0.3334, 0.3334],
        [0.3333, 0.3333, 0.3334],
        [0.3330, 0.3335, 0.3335],
        [0.3331, 0.3334, 0.3334],
        [0.3331, 0.3335, 0.3334],
        [0.3334, 0.3332, 0.3334],
        [0.3332, 0.3334, 0.3334],
        [0.3333, 0.3334, 0.3334],
        [0.3330, 0.3335, 0.3334],
        [0.3333, 0.3333, 0.3334],
        [0.3330, 0.3335, 0.3335],
        [0.3333, 0.3333, 0.3334],
        [0.3332, 0.3334, 0.3334],
        [0.3333, 0.3334, 0.3333],
        [0.3332, 0.3335, 0.3333],
        [0.3334, 0.3333, 0.3334],
        [0.3335, 0.3332, 0.3333],
        [0.3329, 0.3335, 0.3335],
        [0.3333, 0.3333, 0.3333],
        [0.3333, 0.3333, 0.3333],
        [0.3331, 0.3334, 0.3335],
        [0.3334, 0.3333, 0.3333],
        [0.3332, 0.3334, 0.3334],
        [0.3332, 0.3334, 0.3334],
        [0.3332, 0.3334, 0.3334],
        [0.3332, 0.3334, 0.3334],
        [0.3331, 0.3335, 0.3335],
        [0.3332, 0.3334, 0.3334],
        [0.3332, 0.3334, 0.3334],
        [0.2583, 0.3934, 0.3483],
        [0.3330, 0.3335, 0.3335],
        [0.3332, 0.3334, 0.3334]], device='cuda:1')
fea_node_to_hop attention:tensor([[0.1428, 0.1427, 0.1428, 0.1429, 0.1429, 0.1429, 0.1429],
        [0.1428, 0.1429, 0.1428, 0.1429, 0.1428, 0.1429, 0.1429],
        [0.1429, 0.1428, 0.1428, 0.1429, 0.1429, 0.1429, 0.1429],
        [0.1429, 0.1428, 0.1428, 0.1429, 0.1429, 0.1429, 0.1429],
        [0.1429, 0.1428, 0.1428, 0.1429, 0.1428, 0.1429, 0.1429],
        [0.1429, 0.1429, 0.1428, 0.1429, 0.1428, 0.1429, 0.1429],
        [0.1426, 0.1429, 0.1428, 0.1429, 0.1429, 0.1429, 0.1429],
        [0.1429, 0.1429, 0.1427, 0.1429, 0.1428, 0.1429, 0.1428],
        [0.1429, 0.1428, 0.1428, 0.1428, 0.1429, 0.1429, 0.1429],
        [0.1429, 0.1428, 0.1428, 0.1429, 0.1429, 0.1429, 0.1429],
        [0.1428, 0.1428, 0.1429, 0.1429, 0.1429, 0.1429, 0.1429],
        [0.1429, 0.1428, 0.1428, 0.1429, 0.1429, 0.1429, 0.1429],
        [0.1428, 0.1428, 0.1428, 0.1429, 0.1429, 0.1429, 0.1429],
        [0.1428, 0.1428, 0.1429, 0.1429, 0.1429, 0.1429, 0.1429],
        [0.1427, 0.1427, 0.1429, 0.1429, 0.1429, 0.1429, 0.1430],
        [0.1428, 0.1427, 0.1428, 0.1429, 0.1429, 0.1429, 0.1429],
        [0.1429, 0.1427, 0.1428, 0.1429, 0.1429, 0.1429, 0.1429],
        [0.1428, 0.1428, 0.1429, 0.1429, 0.1429, 0.1429, 0.1429],
        [0.1234, 0.1342, 0.1466, 0.1521, 0.1502, 0.1479, 0.1455],
        [0.1429, 0.1428, 0.1428, 0.1429, 0.1429, 0.1429, 0.1429],
        [0.1427, 0.1428, 0.1429, 0.1429, 0.1429, 0.1429, 0.1429],
        [0.1429, 0.1427, 0.1428, 0.1429, 0.1429, 0.1429, 0.1429],
        [0.1429, 0.1428, 0.1428, 0.1428, 0.1429, 0.1429, 0.1429],
        [0.1429, 0.1428, 0.1429, 0.1429, 0.1429, 0.1429, 0.1429],
        [0.1428, 0.1428, 0.1428, 0.1429, 0.1429, 0.1429, 0.1429],
        [0.1429, 0.1428, 0.1428, 0.1428, 0.1429, 0.1429, 0.1429],
        [0.1428, 0.1428, 0.1428, 0.1429, 0.1429, 0.1429, 0.1429],
        [0.1428, 0.1428, 0.1428, 0.1429, 0.1429, 0.1429, 0.1429],
        [0.1429, 0.1428, 0.1428, 0.1429, 0.1429, 0.1429, 0.1429],
        [0.1427, 0.1428, 0.1429, 0.1429, 0.1429, 0.1429, 0.1429],
        [0.1429, 0.1428, 0.1428, 0.1429, 0.1429, 0.1429, 0.1429],
        [0.1428, 0.1428, 0.1428, 0.1429, 0.1429, 0.1429, 0.1429],
        [0.1429, 0.1428, 0.1428, 0.1428, 0.1429, 0.1429, 0.1429],
        [0.1429, 0.1428, 0.1428, 0.1429, 0.1429, 0.1429, 0.1429],
        [0.1428, 0.1428, 0.1428, 0.1429, 0.1429, 0.1429, 0.1429],
        [0.1428, 0.1428, 0.1428, 0.1429, 0.1429, 0.1429, 0.1429],
        [0.1427, 0.1429, 0.1429, 0.1429, 0.1429, 0.1429, 0.1429],
        [0.1428, 0.1428, 0.1428, 0.1429, 0.1429, 0.1429, 0.1429],
        [0.1428, 0.1428, 0.1428, 0.1429, 0.1429, 0.1429, 0.1429],
        [0.1429, 0.1428, 0.1428, 0.1428, 0.1429, 0.1429, 0.1429],
        [0.1429, 0.1427, 0.1428, 0.1429, 0.1429, 0.1429, 0.1429],
        [0.1428, 0.1428, 0.1428, 0.1429, 0.1429, 0.1429, 0.1429],
        [0.1429, 0.1428, 0.1428, 0.1428, 0.1429, 0.1429, 0.1429],
        [0.1428, 0.1428, 0.1428, 0.1429, 0.1429, 0.1429, 0.1429],
        [0.1428, 0.1428, 0.1429, 0.1429, 0.1429, 0.1429, 0.1429],
        [0.1428, 0.1428, 0.1429, 0.1429, 0.1429, 0.1429, 0.1429],
        [0.1428, 0.1428, 0.1428, 0.1429, 0.1429, 0.1429, 0.1429],
        [0.1429, 0.1427, 0.1428, 0.1429, 0.1429, 0.1429, 0.1429],
        [0.1429, 0.1428, 0.1428, 0.1429, 0.1429, 0.1429, 0.1429],
        [0.1428, 0.1428, 0.1428, 0.1429, 0.1429, 0.1429, 0.1429],
        [0.1427, 0.1428, 0.1428, 0.1429, 0.1429, 0.1429, 0.1429],
        [0.1427, 0.1428, 0.1428, 0.1429, 0.1429, 0.1429, 0.1429],
        [0.1429, 0.1429, 0.1428, 0.1428, 0.1428, 0.1429, 0.1429],
        [0.1429, 0.1428, 0.1428, 0.1429, 0.1429, 0.1429, 0.1429],
        [0.1428, 0.1428, 0.1428, 0.1429, 0.1429, 0.1429, 0.1429],
        [0.1428, 0.1428, 0.1429, 0.1429, 0.1429, 0.1429, 0.1429],
        [0.1427, 0.1429, 0.1429, 0.1429, 0.1429, 0.1429, 0.1429],
        [0.1426, 0.1428, 0.1429, 0.1429, 0.1429, 0.1429, 0.1430],
        [0.1426, 0.1428, 0.1429, 0.1429, 0.1429, 0.1429, 0.1429],
        [0.1428, 0.1428, 0.1428, 0.1429, 0.1429, 0.1429, 0.1429],
        [0.1428, 0.1428, 0.1428, 0.1429, 0.1429, 0.1429, 0.1429],
        [0.1428, 0.1428, 0.1428, 0.1429, 0.1429, 0.1429, 0.1429],
        [0.1428, 0.1428, 0.1429, 0.1429, 0.1429, 0.1429, 0.1429],
        [0.1428, 0.1428, 0.1429, 0.1429, 0.1429, 0.1429, 0.1429],
        [0.1428, 0.1428, 0.1429, 0.1429, 0.1429, 0.1429, 0.1429],
        [0.1428, 0.1428, 0.1429, 0.1429, 0.1429, 0.1429, 0.1429],
        [0.1428, 0.1428, 0.1429, 0.1429, 0.1429, 0.1429, 0.1429],
        [0.1429, 0.1428, 0.1428, 0.1428, 0.1429, 0.1429, 0.1429],
        [0.1429, 0.1427, 0.1428, 0.1428, 0.1429, 0.1429, 0.1429],
        [0.1428, 0.1428, 0.1429, 0.1429, 0.1429, 0.1429, 0.1429],
        [0.1427, 0.1428, 0.1429, 0.1429, 0.1429, 0.1429, 0.1429],
        [0.1428, 0.1428, 0.1428, 0.1429, 0.1429, 0.1429, 0.1429],
        [0.1428, 0.1428, 0.1428, 0.1429, 0.1429, 0.1429, 0.1429],
        [0.1429, 0.1428, 0.1428, 0.1429, 0.1429, 0.1429, 0.1429],
        [0.1429, 0.1428, 0.1428, 0.1429, 0.1429, 0.1429, 0.1429],
        [0.1429, 0.1428, 0.1428, 0.1429, 0.1429, 0.1429, 0.1429],
        [0.1428, 0.1428, 0.1428, 0.1429, 0.1429, 0.1429, 0.1429],
        [0.1428, 0.1427, 0.1428, 0.1429, 0.1429, 0.1429, 0.1429],
        [0.1429, 0.1428, 0.1428, 0.1428, 0.1429, 0.1429, 0.1429],
        [0.1428, 0.1428, 0.1428, 0.1429, 0.1429, 0.1429, 0.1429],
        [0.1430, 0.1428, 0.1428, 0.1428, 0.1428, 0.1429, 0.1429],
        [0.1428, 0.1428, 0.1429, 0.1429, 0.1429, 0.1429, 0.1429],
        [0.1427, 0.1428, 0.1429, 0.1429, 0.1429, 0.1429, 0.1429],
        [0.1429, 0.1428, 0.1428, 0.1429, 0.1429, 0.1429, 0.1429],
        [0.1428, 0.1428, 0.1429, 0.1429, 0.1429, 0.1429, 0.1429],
        [0.1428, 0.1429, 0.1428, 0.1429, 0.1429, 0.1429, 0.1429],
        [0.1428, 0.1428, 0.1429, 0.1429, 0.1429, 0.1429, 0.1429],
        [0.1428, 0.1428, 0.1428, 0.1429, 0.1429, 0.1429, 0.1429],
        [0.1427, 0.1428, 0.1429, 0.1429, 0.1429, 0.1429, 0.1429],
        [0.1429, 0.1428, 0.1429, 0.1429, 0.1429, 0.1429, 0.1429],
        [0.1429, 0.1427, 0.1428, 0.1429, 0.1429, 0.1429, 0.1429],
        [0.1428, 0.1428, 0.1428, 0.1429, 0.1429, 0.1429, 0.1429],
        [0.1429, 0.1428, 0.1428, 0.1428, 0.1429, 0.1429, 0.1429],
        [0.1428, 0.1427, 0.1428, 0.1429, 0.1429, 0.1429, 0.1429],
        [0.1428, 0.1429, 0.1428, 0.1429, 0.1429, 0.1429, 0.1429],
        [0.1428, 0.1428, 0.1428, 0.1429, 0.1429, 0.1429, 0.1429],
        [0.1428, 0.1427, 0.1428, 0.1429, 0.1429, 0.1429, 0.1429],
        [0.1325, 0.1367, 0.1499, 0.1492, 0.1473, 0.1439, 0.1405],
        [0.1427, 0.1428, 0.1429, 0.1429, 0.1429, 0.1429, 0.1429],
        [0.1427, 0.1428, 0.1429, 0.1429, 0.1429, 0.1429, 0.1429]],
       device='cuda:1')
perception attention:tensor([0.3833, 0.6167], device='cuda:1')
Test set results: loss= 0.6366 accuracy= 0.8160 F1_score= 0.8165
