# epoch	loss_train	acc_train	loss_val	acc_val	time	acc_test	f1_test
0001	2.1969	0.1389	2.1412	0.6540	0.1876s	2.1430	0.6720	0.6686
0
0002	2.1438	0.4000	2.0679	0.5740	0.1901s	2.0723	0.5990	0.5507
0
0003	2.0748	0.3944	1.9836	0.5820	0.1915s	1.9896	0.6140	0.5804
0
0004	2.0009	0.4222	1.8867	0.6440	0.1919s	1.8942	0.6660	0.6551
0
0005	1.9351	0.5222	1.7828	0.7160	0.1931s	1.7898	0.7470	0.7356
0
0006	1.8409	0.5333	1.6718	0.7580	0.1880s	1.6763	0.7830	0.7756
0
0007	1.7199	0.6389	1.5561	0.7540	0.1886s	1.5579	0.7950	0.7955
0
0008	1.6385	0.6944	1.4357	0.7740	0.1916s	1.4347	0.8050	0.8059
0
0009	1.5287	0.7389	1.3157	0.7900	0.1934s	1.3137	0.8150	0.8167
0
0010	1.4673	0.7056	1.2032	0.7980	0.1933s	1.2019	0.8350	0.8350
0
0011	1.3824	0.7611	1.1021	0.8020	0.1934s	1.1021	0.8320	0.8309
0
0012	1.2633	0.8111	1.0160	0.7960	0.1932s	1.0153	0.8350	0.8340
0
0013	1.2447	0.7722	0.9418	0.7980	0.1935s	0.9398	0.8320	0.8324
0
0014	1.1340	0.7667	0.8816	0.7960	0.1846s	0.8763	0.8230	0.8263
0
0015	1.0979	0.7722	0.8314	0.7880	0.1825s	0.8219	0.8190	0.8227
0
0016	1.0505	0.8000	0.7917	0.7860	0.1857s	0.7772	0.8160	0.8201
0
0017	0.9830	0.8389	0.7589	0.7860	0.1888s	0.7407	0.8140	0.8180
0
0018	0.9611	0.7444	0.7303	0.7860	0.1936s	0.7107	0.8170	0.8209
0
0019	0.9249	0.7444	0.7073	0.7880	0.1956s	0.6852	0.8170	0.8208
0
0020	0.8860	0.8222	0.6885	0.7960	0.1932s	0.6627	0.8220	0.8251
0
0021	0.7991	0.8278	0.6739	0.8020	0.1933s	0.6449	0.8220	0.8241
0
0022	0.8899	0.8167	0.6652	0.7940	0.1938s	0.6333	0.8220	0.8226
0
0023	0.7673	0.7944	0.6606	0.7980	0.1928s	0.6272	0.8230	0.8236
0
0024	0.8006	0.8111	0.6570	0.7940	0.1930s	0.6241	0.8200	0.8206
0
0025	0.7606	0.7833	0.6521	0.7920	0.1950s	0.6195	0.8210	0.8213
0
0026	0.7204	0.8611	0.6503	0.7980	0.1934s	0.6162	0.8200	0.8205
0
0027	0.7250	0.9000	0.6486	0.8020	0.1915s	0.6157	0.8170	0.8182
0
0028	0.7049	0.8500	0.6492	0.8000	0.1934s	0.6171	0.8140	0.8160
0
0029	0.6865	0.8722	0.6468	0.8020	0.1929s	0.6158	0.8120	0.8143
1
0030	0.7238	0.8500	0.6466	0.8040	0.1944s	0.6148	0.8070	0.8099
0
0031	0.6724	0.8778	0.6454	0.8040	0.1879s	0.6116	0.8110	0.8136
0
0032	0.6294	0.8556	0.6500	0.8040	0.1916s	0.6113	0.8110	0.8134
0
0033	0.6684	0.8111	0.6555	0.8000	0.1934s	0.6129	0.8150	0.8166
0
0034	0.5910	0.8722	0.6634	0.8000	0.1931s	0.6172	0.8070	0.8080
1
0035	0.5871	0.9000	0.6749	0.7920	0.1914s	0.6261	0.8080	0.8095
2
0036	0.6728	0.8778	0.6860	0.7880	0.1948s	0.6346	0.8000	0.8022
3
0037	0.5825	0.8444	0.6935	0.7740	0.1930s	0.6423	0.7970	0.7993
4
0038	0.6786	0.8444	0.6909	0.7780	0.1934s	0.6409	0.8000	0.8018
5
0039	0.6079	0.8778	0.6794	0.7880	0.1941s	0.6330	0.8040	0.8047
6
0040	0.5990	0.8611	0.6673	0.7840	0.1930s	0.6269	0.8100	0.8101
7
0041	0.6180	0.8389	0.6625	0.7920	0.1931s	0.6271	0.8090	0.8087
8
0042	0.6048	0.8500	0.6621	0.7940	0.1914s	0.6275	0.8090	0.8092
9
0043	0.6210	0.8611	0.6693	0.7860	0.1930s	0.6318	0.8080	0.8095
10
0044	0.7252	0.8556	0.6840	0.7800	0.1924s	0.6409	0.8010	0.8035
11
0045	0.6398	0.8333	0.7025	0.7840	0.1879s	0.6515	0.7930	0.7960
12
0046	0.5783	0.8500	0.7100	0.7800	0.1875s	0.6565	0.7890	0.7917
13
0047	0.5917	0.9000	0.6992	0.7860	0.1933s	0.6475	0.8000	0.8015
14
0048	0.6226	0.8611	0.6869	0.7940	0.1934s	0.6395	0.8050	0.8060
15
0049	0.5924	0.9222	0.6774	0.7960	0.1931s	0.6344	0.8080	0.8079
16
0050	0.5908	0.8222	0.6729	0.8000	0.1967s	0.6345	0.8090	0.8086
17
0051	0.5869	0.9111	0.6738	0.7980	0.2034s	0.6385	0.8070	0.8066
18
0052	0.5861	0.8833	0.6748	0.7960	0.1886s	0.6422	0.8040	0.8038
19
0053	0.6569	0.8444	0.6751	0.7880	0.2097s	0.6434	0.8000	0.8004
20
0054	0.6132	0.8556	0.6797	0.7880	0.2013s	0.6463	0.8010	0.8013
21
0055	0.5875	0.8944	0.6869	0.7820	0.1909s	0.6501	0.7960	0.7965
22
0056	0.6388	0.8222	0.6920	0.7820	0.1804s	0.6506	0.8000	0.8012
23
0057	0.5602	0.8778	0.6964	0.7860	0.1857s	0.6504	0.7990	0.8011
24
0058	0.5383	0.9056	0.6987	0.7840	0.1937s	0.6509	0.7960	0.7987
25
0059	0.6542	0.8778	0.6931	0.7860	0.1932s	0.6490	0.7970	0.7996
26
0060	0.6179	0.8667	0.6836	0.7900	0.1930s	0.6464	0.8030	0.8044
27
0061	0.4849	0.9167	0.6771	0.7920	0.1928s	0.6451	0.8020	0.8025
28
0062	0.6387	0.8444	0.6750	0.7940	0.1929s	0.6461	0.7980	0.7978
29
0063	0.5852	0.8611	0.6737	0.7880	0.1935s	0.6454	0.7960	0.7953
30
0064	0.5801	0.8556	0.6772	0.7880	0.1931s	0.6491	0.7970	0.7964
31
0065	0.6146	0.8722	0.6877	0.7780	0.1932s	0.6587	0.7950	0.7947
32
0066	0.5943	0.8611	0.6991	0.7760	0.1913s	0.6656	0.7950	0.7953
33
0067	0.5298	0.8722	0.7100	0.7760	0.1932s	0.6702	0.7870	0.7889
34
0068	0.5943	0.8889	0.7159	0.7780	0.1975s	0.6725	0.7860	0.7884
35
0069	0.6367	0.8389	0.7176	0.7800	0.1930s	0.6739	0.7870	0.7893
36
0070	0.5566	0.8556	0.7156	0.7720	0.1913s	0.6747	0.7940	0.7958
37
0071	0.5818	0.8333	0.7142	0.7840	0.1930s	0.6786	0.7900	0.7911
38
0072	0.5224	0.9056	0.7166	0.7740	0.1924s	0.6867	0.7910	0.7907
39
0073	0.4935	0.8944	0.7211	0.7760	0.1938s	0.6960	0.7830	0.7827
40
0074	0.5538	0.8556	0.7225	0.7760	0.1934s	0.7025	0.7860	0.7863
41
0075	0.5214	0.8944	0.7187	0.7800	0.1932s	0.7043	0.7860	0.7866
42
0076	0.4945	0.8611	0.7135	0.7760	0.1934s	0.7052	0.7880	0.7887
43
0077	0.5649	0.8667	0.7097	0.7800	0.1935s	0.7047	0.7880	0.7885
44
0078	0.5728	0.8000	0.7080	0.7800	0.1932s	0.7037	0.7890	0.7895
45
0079	0.5263	0.8944	0.7100	0.7840	0.1938s	0.7018	0.7880	0.7891
46
0080	0.5203	0.8667	0.7146	0.7840	0.1928s	0.7012	0.7900	0.7916
47
0081	0.5949	0.8944	0.7242	0.7840	0.1930s	0.7038	0.7850	0.7874
48
0082	0.5553	0.8611	0.7353	0.7720	0.1910s	0.7074	0.7800	0.7832
49
0083	0.5595	0.8611	0.7479	0.7700	0.1931s	0.7139	0.7740	0.7782
50
0084	0.5810	0.8889	0.7470	0.7720	0.1929s	0.7138	0.7770	0.7811
51
0085	0.5626	0.9056	0.7430	0.7800	0.1919s	0.7137	0.7860	0.7896
52
0086	0.5462	0.8722	0.7425	0.7780	0.1935s	0.7169	0.7880	0.7910
53
0087	0.6190	0.8500	0.7409	0.7720	0.1950s	0.7190	0.7930	0.7952
54
0088	0.5380	0.8278	0.7396	0.7800	0.1932s	0.7196	0.7940	0.7958
55
0089	0.5248	0.8722	0.7385	0.7780	0.1931s	0.7169	0.7970	0.7983
56
0090	0.5256	0.8500	0.7400	0.7840	0.1933s	0.7124	0.7880	0.7889
57
0091	0.4713	0.8556	0.7447	0.7800	0.1931s	0.7082	0.7860	0.7863
58
0092	0.4943	0.8556	0.7470	0.7760	0.1938s	0.7047	0.7900	0.7889
59
0093	0.5365	0.8944	0.7503	0.7760	0.1933s	0.7029	0.7910	0.7898
60
0094	0.5378	0.9000	0.7583	0.7740	0.1918s	0.7060	0.7910	0.7899
61
0095	0.5164	0.8667	0.7639	0.7740	0.1935s	0.7076	0.7840	0.7843
62
0096	0.5513	0.8389	0.7607	0.7780	0.1949s	0.7053	0.7840	0.7854
63
0097	0.5077	0.8944	0.7567	0.7800	0.1915s	0.7028	0.7850	0.7870
64
0098	0.6625	0.8500	0.7526	0.7860	0.1931s	0.6985	0.7920	0.7941
65
0099	0.5112	0.9111	0.7515	0.7840	0.1930s	0.6954	0.7910	0.7938
66
0100	0.5611	0.8944	0.7476	0.7840	0.1927s	0.6925	0.7960	0.7982
67
0101	0.6019	0.8278	0.7464	0.7880	0.1915s	0.6946	0.7960	0.7976
68
0102	0.4927	0.8778	0.7521	0.7840	0.1924s	0.7020	0.7950	0.7961
69
0103	0.5125	0.8611	0.7645	0.7840	0.1877s	0.7117	0.7890	0.7901
70
0104	0.5916	0.8722	0.7817	0.7720	0.1939s	0.7207	0.7870	0.7877
71
0105	0.4791	0.8944	0.7874	0.7720	0.1930s	0.7223	0.7900	0.7903
72
0106	0.5219	0.8722	0.7909	0.7740	0.1928s	0.7204	0.7940	0.7942
73
0107	0.5365	0.9056	0.7890	0.7800	0.1940s	0.7174	0.7950	0.7950
74
0108	0.4788	0.8889	0.7881	0.7800	0.1929s	0.7153	0.7920	0.7928
75
0109	0.5494	0.8889	0.7862	0.7800	0.1935s	0.7145	0.7910	0.7924
76
0110	0.5274	0.8444	0.7920	0.7760	0.1945s	0.7178	0.7880	0.7901
77
0111	0.5750	0.8833	0.8019	0.7720	0.1931s	0.7241	0.7840	0.7864
78
0112	0.5379	0.8111	0.8047	0.7660	0.1928s	0.7270	0.7830	0.7858
79
0113	0.4807	0.9222	0.8030	0.7700	0.1932s	0.7269	0.7850	0.7879
80
0114	0.5564	0.8833	0.7934	0.7780	0.1931s	0.7197	0.7860	0.7892
81
0115	0.5348	0.8778	0.7846	0.7780	0.1943s	0.7142	0.7870	0.7894
82
0116	0.5297	0.8833	0.7755	0.7860	0.1934s	0.7091	0.7890	0.7903
83
0117	0.5464	0.8944	0.7663	0.7840	0.1929s	0.7033	0.7910	0.7921
84
0118	0.5061	0.8722	0.7634	0.7840	0.1933s	0.7012	0.7960	0.7966
85
0119	0.5668	0.8556	0.7687	0.7820	0.1928s	0.7021	0.7950	0.7961
86
0120	0.5038	0.8722	0.7798	0.7720	0.1936s	0.7056	0.7970	0.7987
87
0121	0.5343	0.8722	0.7935	0.7680	0.1934s	0.7130	0.7930	0.7954
88
0122	0.5323	0.8778	0.7989	0.7740	0.1884s	0.7181	0.7930	0.7954
89
0123	0.5737	0.8778	0.7951	0.7740	0.1913s	0.7188	0.7890	0.7916
90
0124	0.4764	0.8611	0.7904	0.7740	0.1929s	0.7188	0.7880	0.7910
91
0125	0.4881	0.9167	0.7857	0.7820	0.1913s	0.7192	0.7850	0.7873
92
0126	0.4973	0.8611	0.7738	0.7800	0.1963s	0.7170	0.7930	0.7941
93
0127	0.4922	0.8500	0.7669	0.7840	0.1937s	0.7149	0.7990	0.8008
94
0128	0.5013	0.8778	0.7625	0.7820	0.1887s	0.7132	0.7960	0.7984
95
0129	0.5841	0.8778	0.7640	0.7800	0.1933s	0.7118	0.7920	0.7956
96
0130	0.5052	0.8778	0.7704	0.7760	0.1933s	0.7094	0.7930	0.7968
97
0131	0.4973	0.8778	0.7773	0.7820	0.1932s	0.7082	0.7910	0.7951
98
0132	0.5479	0.8556	0.7851	0.7780	0.1914s	0.7106	0.7940	0.7979
99
0133	0.5213	0.9111	0.7864	0.7780	0.1935s	0.7123	0.7940	0.7971
100
0134	0.5416	0.8333	0.7856	0.7720	0.1938s	0.7151	0.7920	0.7951
101
0135	0.4909	0.8833	0.7809	0.7740	0.1932s	0.7176	0.7890	0.7921
102
0136	0.5114	0.9000	0.7696	0.7840	0.1916s	0.7163	0.7910	0.7937
103
0137	0.4718	0.8944	0.7622	0.7840	0.1931s	0.7176	0.7920	0.7937
104
0138	0.5062	0.8611	0.7579	0.7900	0.1928s	0.7198	0.7960	0.7969
105
0139	0.4981	0.8778	0.7549	0.7880	0.1914s	0.7215	0.7950	0.7957
106
0140	0.5227	0.8611	0.7552	0.7860	0.1932s	0.7222	0.7940	0.7950
107
0141	0.5221	0.8778	0.7543	0.7860	0.1888s	0.7213	0.7920	0.7938
108
0142	0.4554	0.8611	0.7553	0.7920	0.1928s	0.7199	0.7950	0.7972
109
0143	0.5053	0.9000	0.7620	0.7880	0.1917s	0.7207	0.7940	0.7960
110
0144	0.4892	0.9167	0.7733	0.7760	0.1935s	0.7231	0.7910	0.7930
111
0145	0.4289	0.8889	0.7815	0.7740	0.1950s	0.7251	0.7930	0.7948
112
0146	0.5239	0.8944	0.7860	0.7740	0.1910s	0.7270	0.7930	0.7948
113
0147	0.5219	0.8389	0.7842	0.7740	0.1934s	0.7256	0.7920	0.7941
114
0148	0.5048	0.8889	0.7765	0.7780	0.1879s	0.7226	0.7930	0.7950
115
0149	0.5078	0.8889	0.7664	0.7860	0.1933s	0.7190	0.7920	0.7938
116
0150	0.5250	0.8444	0.7596	0.7900	0.1914s	0.7181	0.7980	0.7987
117
0151	0.4505	0.8944	0.7568	0.7940	0.1933s	0.7200	0.8000	0.8003
118
0152	0.5099	0.8778	0.7583	0.7840	0.1931s	0.7226	0.7990	0.7995
119
0153	0.5065	0.8944	0.7578	0.7840	0.1931s	0.7230	0.7950	0.7962
120
0154	0.5820	0.8667	0.7620	0.7680	0.1934s	0.7283	0.7960	0.7975
121
0155	0.5024	0.8611	0.7695	0.7640	0.1921s	0.7334	0.7970	0.7987
122
0156	0.5256	0.8500	0.7767	0.7600	0.1941s	0.7373	0.7960	0.7981
123
0157	0.4975	0.8722	0.7777	0.7640	0.1936s	0.7374	0.7980	0.7998
124
0158	0.5510	0.8556	0.7729	0.7760	0.1920s	0.7322	0.7940	0.7953
125
0159	0.4731	0.9111	0.7609	0.7820	0.1919s	0.7229	0.7930	0.7936
126
0160	0.5582	0.8722	0.7535	0.7860	0.1918s	0.7187	0.7960	0.7958
127
0161	0.5427	0.8944	0.7481	0.7940	0.1914s	0.7184	0.7990	0.7980
128
0162	0.5076	0.8667	0.7464	0.7920	0.1931s	0.7198	0.7960	0.7949
129
0163	0.4544	0.9056	0.7497	0.7860	0.1932s	0.7227	0.7960	0.7955
130
0164	0.5354	0.8556	0.7546	0.7820	0.1916s	0.7243	0.7950	0.7939
131
0165	0.5112	0.8556	0.7653	0.7820	0.1935s	0.7283	0.7900	0.7898
132
0166	0.5289	0.8333	0.7749	0.7800	0.1930s	0.7327	0.7890	0.7895
133
0167	0.4817	0.8833	0.7792	0.7760	0.1932s	0.7356	0.7920	0.7929
134
0168	0.5089	0.8833	0.7782	0.7820	0.1931s	0.7375	0.7930	0.7940
135
0169	0.5447	0.9000	0.7739	0.7820	0.1931s	0.7354	0.7910	0.7917
136
0170	0.5468	0.8722	0.7646	0.7840	0.1941s	0.7288	0.7930	0.7930
137
0171	0.5477	0.8889	0.7607	0.7840	0.1914s	0.7265	0.7950	0.7943
138
0172	0.4928	0.8722	0.7613	0.7880	0.1951s	0.7272	0.7930	0.7927
139
0173	0.4654	0.8889	0.7602	0.7860	0.1918s	0.7292	0.7960	0.7961
140
0174	0.5574	0.8889	0.7602	0.7860	0.1916s	0.7323	0.7920	0.7928
141
0175	0.5811	0.8722	0.7591	0.7820	0.1932s	0.7370	0.7910	0.7917
142
0176	0.5285	0.8778	0.7609	0.7800	0.1936s	0.7443	0.7870	0.7884
143
0177	0.5047	0.8944	0.7669	0.7740	0.1928s	0.7560	0.7850	0.7871
144
0178	0.5388	0.8722	0.7714	0.7780	0.1971s	0.7671	0.7830	0.7846
145
0179	0.5166	0.8500	0.7689	0.7820	0.1914s	0.7704	0.7870	0.7874
146
0180	0.5504	0.8889	0.7621	0.7840	0.1929s	0.7711	0.7830	0.7833
147
0181	0.5023	0.8611	0.7593	0.7840	0.1930s	0.7723	0.7830	0.7830
148
0182	0.4535	0.9000	0.7579	0.7820	0.1917s	0.7711	0.7870	0.7869
149
0183	0.4745	0.8667	0.7596	0.7820	0.1929s	0.7698	0.7870	0.7875
150
0184	0.4555	0.8833	0.7614	0.7800	0.1929s	0.7684	0.7820	0.7828
151
0185	0.5130	0.8778	0.7669	0.7820	0.1934s	0.7709	0.7830	0.7850
152
0186	0.5229	0.9111	0.7756	0.7820	0.1930s	0.7747	0.7810	0.7837
153
0187	0.5447	0.8667	0.7868	0.7840	0.1934s	0.7779	0.7800	0.7831
154
0188	0.5125	0.8556	0.7977	0.7800	0.1934s	0.7812	0.7810	0.7844
155
0189	0.5146	0.8167	0.8050	0.7840	0.1927s	0.7817	0.7840	0.7864
156
0190	0.5245	0.9056	0.8103	0.7880	0.1910s	0.7834	0.7850	0.7872
157
0191	0.4922	0.9056	0.8088	0.7880	0.1929s	0.7822	0.7870	0.7887
158
0192	0.4813	0.8833	0.8038	0.7900	0.1915s	0.7799	0.7880	0.7892
159
0193	0.5485	0.8778	0.7952	0.7900	0.1930s	0.7756	0.7880	0.7888
160
0194	0.5493	0.8556	0.7858	0.7880	0.1932s	0.7697	0.7910	0.7909
161
0195	0.5168	0.9056	0.7803	0.7840	0.1929s	0.7664	0.7910	0.7911
162
0196	0.4520	0.8833	0.7811	0.7840	0.1926s	0.7660	0.7900	0.7907
163
0197	0.4958	0.9167	0.7835	0.7860	0.1932s	0.7661	0.7890	0.7908
164
0198	0.5270	0.9111	0.7799	0.7780	0.1931s	0.7637	0.7850	0.7879
165
0199	0.5237	0.8556	0.7740	0.7780	0.1928s	0.7577	0.7830	0.7864
166
0200	0.4789	0.9111	0.7673	0.7840	0.1935s	0.7490	0.7850	0.7882
167
0201	0.4826	0.9056	0.7621	0.7800	0.1928s	0.7402	0.7910	0.7937
168
0202	0.4654	0.8833	0.7618	0.7780	0.1930s	0.7356	0.7950	0.7963
169
0203	0.5062	0.8833	0.7622	0.7760	0.1936s	0.7329	0.7970	0.7979
170
0204	0.5232	0.8556	0.7625	0.7800	0.1938s	0.7311	0.7980	0.7976
171
0205	0.4767	0.8722	0.7642	0.7820	0.1935s	0.7312	0.7960	0.7956
172
0206	0.5928	0.8611	0.7678	0.7900	0.1931s	0.7320	0.7960	0.7965
173
0207	0.5301	0.8833	0.7731	0.7880	0.1929s	0.7324	0.7930	0.7933
174
0208	0.5440	0.8778	0.7767	0.7880	0.1931s	0.7312	0.7970	0.7981
175
0209	0.4419	0.8833	0.7810	0.7820	0.1950s	0.7326	0.7950	0.7970
176
0210	0.5493	0.8722	0.7857	0.7820	0.1930s	0.7349	0.7910	0.7938
177
0211	0.5028	0.8667	0.7838	0.7840	0.1932s	0.7362	0.7890	0.7920
178
0212	0.4654	0.8667	0.7782	0.7800	0.1934s	0.7355	0.7890	0.7919
179
0213	0.4913	0.8667	0.7757	0.7800	0.1926s	0.7363	0.7890	0.7917
180
0214	0.5105	0.8778	0.7776	0.7840	0.1938s	0.7403	0.7910	0.7929
181
0215	0.5076	0.8944	0.7819	0.7800	0.1925s	0.7462	0.7950	0.7952
182
0216	0.4599	0.8667	0.7850	0.7740	0.1919s	0.7523	0.7930	0.7930
183
0217	0.5574	0.8722	0.7832	0.7720	0.1913s	0.7537	0.7910	0.7916
184
0218	0.5043	0.9000	0.7795	0.7820	0.1931s	0.7526	0.7840	0.7854
185
0219	0.4876	0.8667	0.7744	0.7860	0.1926s	0.7471	0.7900	0.7920
186
0220	0.4956	0.8556	0.7745	0.7880	0.1933s	0.7456	0.7900	0.7929
187
0221	0.5206	0.8278	0.7777	0.7840	0.1932s	0.7452	0.7890	0.7920
188
0222	0.5054	0.8889	0.7828	0.7840	0.1914s	0.7442	0.7930	0.7965
189
0223	0.5290	0.9056	0.7868	0.7780	0.1928s	0.7440	0.7900	0.7932
190
0224	0.5553	0.8556	0.7840	0.7840	0.1886s	0.7395	0.7930	0.7954
191
0225	0.4732	0.9000	0.7837	0.7840	0.1931s	0.7359	0.7940	0.7947
192
0226	0.4539	0.8778	0.7848	0.7860	0.1921s	0.7338	0.7960	0.7963
193
0227	0.5829	0.8556	0.7840	0.7880	0.1939s	0.7327	0.7970	0.7968
194
0228	0.4900	0.9000	0.7842	0.7840	0.1914s	0.7335	0.7990	0.7985
195
0229	0.5094	0.8778	0.7898	0.7800	0.1928s	0.7384	0.7970	0.7969
196
0230	0.5229	0.8556	0.7957	0.7820	0.1915s	0.7434	0.7930	0.7944
197
0231	0.4667	0.9000	0.7993	0.7840	0.1964s	0.7456	0.7920	0.7945
198
0232	0.4994	0.9000	0.8022	0.7800	0.1932s	0.7469	0.7860	0.7884
199
Early stop! Min loss:0.6453613638877869,  Max accuracy:0.804
Early stop model validation loss:0.6453613638877869,  accuracy:0.804
Optimization Finished!
Total time elapsed: 45.5972s
test max acc:0.8350
Loading 30th epoch
stru_node_to_hop attention:tensor([[0.3333, 0.3334, 0.3333],
        [0.3334, 0.3333, 0.3333],
        [0.3333, 0.3333, 0.3334],
        [0.3332, 0.3335, 0.3333],
        [0.3333, 0.3334, 0.3334],
        [0.3331, 0.3335, 0.3334],
        [0.3330, 0.3335, 0.3335],
        [0.3333, 0.3332, 0.3334],
        [0.3332, 0.3334, 0.3333],
        [0.3332, 0.3334, 0.3334],
        [0.3334, 0.3333, 0.3333],
        [0.3334, 0.3333, 0.3333],
        [0.3333, 0.3333, 0.3334],
        [0.3334, 0.3332, 0.3334],
        [0.3333, 0.3334, 0.3334],
        [0.3334, 0.3333, 0.3334],
        [0.3339, 0.3330, 0.3331],
        [0.3332, 0.3334, 0.3334],
        [0.3005, 0.4037, 0.2958],
        [0.3332, 0.3333, 0.3334],
        [0.3330, 0.3335, 0.3334],
        [0.3336, 0.3332, 0.3333],
        [0.3331, 0.3335, 0.3334],
        [0.3331, 0.3335, 0.3335],
        [0.3333, 0.3333, 0.3333],
        [0.3332, 0.3335, 0.3333],
        [0.3334, 0.3332, 0.3334],
        [0.3332, 0.3335, 0.3333],
        [0.3332, 0.3334, 0.3334],
        [0.3332, 0.3334, 0.3334],
        [0.3336, 0.3331, 0.3333],
        [0.3333, 0.3334, 0.3333],
        [0.3330, 0.3335, 0.3335],
        [0.3330, 0.3337, 0.3333],
        [0.3333, 0.3334, 0.3333],
        [0.3333, 0.3332, 0.3335],
        [0.3332, 0.3333, 0.3335],
        [0.3333, 0.3334, 0.3334],
        [0.3331, 0.3336, 0.3333],
        [0.3331, 0.3335, 0.3334],
        [0.3333, 0.3333, 0.3334],
        [0.3333, 0.3333, 0.3333],
        [0.3332, 0.3335, 0.3333],
        [0.3334, 0.3332, 0.3334],
        [0.3333, 0.3333, 0.3334],
        [0.3333, 0.3334, 0.3333],
        [0.3332, 0.3335, 0.3333],
        [0.3334, 0.3333, 0.3333],
        [0.3330, 0.3336, 0.3334],
        [0.3332, 0.3335, 0.3333],
        [0.3333, 0.3333, 0.3333],
        [0.3334, 0.3333, 0.3333],
        [0.3331, 0.3335, 0.3334],
        [0.3330, 0.3337, 0.3334],
        [0.3334, 0.3333, 0.3333],
        [0.3334, 0.3333, 0.3333],
        [0.3334, 0.3333, 0.3333],
        [0.3328, 0.3336, 0.3336],
        [0.3333, 0.3333, 0.3334],
        [0.3333, 0.3333, 0.3333],
        [0.3330, 0.3336, 0.3334],
        [0.3333, 0.3334, 0.3334],
        [0.3333, 0.3334, 0.3334],
        [0.3332, 0.3334, 0.3334],
        [0.3334, 0.3333, 0.3333],
        [0.3332, 0.3334, 0.3334],
        [0.3328, 0.3336, 0.3336],
        [0.3329, 0.3336, 0.3335],
        [0.3330, 0.3335, 0.3334],
        [0.3334, 0.3333, 0.3333],
        [0.3331, 0.3335, 0.3334],
        [0.3332, 0.3334, 0.3334],
        [0.3331, 0.3335, 0.3334],
        [0.3333, 0.3333, 0.3334],
        [0.3331, 0.3336, 0.3334],
        [0.3333, 0.3333, 0.3334],
        [0.3331, 0.3335, 0.3334],
        [0.3336, 0.3331, 0.3333],
        [0.3330, 0.3335, 0.3335],
        [0.3333, 0.3333, 0.3334],
        [0.3325, 0.3338, 0.3337],
        [0.3331, 0.3335, 0.3334],
        [0.3332, 0.3335, 0.3333],
        [0.3334, 0.3333, 0.3332],
        [0.3335, 0.3332, 0.3333],
        [0.3333, 0.3333, 0.3334],
        [0.3332, 0.3334, 0.3334],
        [0.3331, 0.3335, 0.3335],
        [0.3331, 0.3335, 0.3335],
        [0.3334, 0.3333, 0.3333],
        [0.3331, 0.3334, 0.3335],
        [0.3333, 0.3334, 0.3334],
        [0.3332, 0.3333, 0.3334],
        [0.3332, 0.3334, 0.3334],
        [0.3329, 0.3336, 0.3335],
        [0.3332, 0.3334, 0.3334],
        [0.3335, 0.3333, 0.3333],
        [0.2611, 0.4093, 0.3296],
        [0.3328, 0.3336, 0.3336],
        [0.3333, 0.3334, 0.3334]], device='cuda:1')
fea_node_to_hop attention:tensor([[0.1426, 0.1430, 0.1428, 0.1429, 0.1429, 0.1429, 0.1429],
        [0.1429, 0.1430, 0.1427, 0.1429, 0.1428, 0.1429, 0.1428],
        [0.1430, 0.1429, 0.1426, 0.1429, 0.1428, 0.1429, 0.1428],
        [0.1427, 0.1429, 0.1429, 0.1429, 0.1429, 0.1429, 0.1429],
        [0.1428, 0.1429, 0.1427, 0.1429, 0.1428, 0.1429, 0.1429],
        [0.1427, 0.1429, 0.1427, 0.1429, 0.1428, 0.1429, 0.1429],
        [0.1429, 0.1428, 0.1428, 0.1429, 0.1429, 0.1429, 0.1429],
        [0.1429, 0.1428, 0.1427, 0.1429, 0.1428, 0.1429, 0.1429],
        [0.1427, 0.1428, 0.1428, 0.1429, 0.1429, 0.1429, 0.1429],
        [0.1427, 0.1428, 0.1428, 0.1429, 0.1429, 0.1429, 0.1429],
        [0.1428, 0.1427, 0.1429, 0.1429, 0.1429, 0.1429, 0.1429],
        [0.1429, 0.1428, 0.1428, 0.1428, 0.1429, 0.1429, 0.1429],
        [0.1429, 0.1428, 0.1428, 0.1428, 0.1429, 0.1429, 0.1429],
        [0.1428, 0.1427, 0.1428, 0.1429, 0.1429, 0.1429, 0.1429],
        [0.1425, 0.1429, 0.1429, 0.1429, 0.1429, 0.1429, 0.1430],
        [0.1428, 0.1428, 0.1428, 0.1428, 0.1429, 0.1429, 0.1429],
        [0.1429, 0.1426, 0.1428, 0.1429, 0.1429, 0.1430, 0.1430],
        [0.1428, 0.1428, 0.1429, 0.1429, 0.1429, 0.1429, 0.1429],
        [0.1274, 0.1377, 0.1462, 0.1525, 0.1486, 0.1456, 0.1420],
        [0.1429, 0.1427, 0.1428, 0.1428, 0.1429, 0.1429, 0.1429],
        [0.1427, 0.1428, 0.1429, 0.1429, 0.1429, 0.1429, 0.1429],
        [0.1428, 0.1428, 0.1428, 0.1429, 0.1429, 0.1429, 0.1429],
        [0.1428, 0.1429, 0.1428, 0.1428, 0.1429, 0.1429, 0.1429],
        [0.1428, 0.1428, 0.1428, 0.1429, 0.1429, 0.1429, 0.1429],
        [0.1429, 0.1426, 0.1428, 0.1429, 0.1429, 0.1429, 0.1429],
        [0.1428, 0.1428, 0.1428, 0.1428, 0.1429, 0.1429, 0.1429],
        [0.1428, 0.1428, 0.1428, 0.1429, 0.1429, 0.1429, 0.1429],
        [0.1427, 0.1428, 0.1428, 0.1429, 0.1429, 0.1429, 0.1430],
        [0.1429, 0.1427, 0.1428, 0.1429, 0.1429, 0.1429, 0.1429],
        [0.1427, 0.1429, 0.1429, 0.1429, 0.1429, 0.1429, 0.1429],
        [0.1428, 0.1428, 0.1428, 0.1429, 0.1429, 0.1429, 0.1429],
        [0.1427, 0.1428, 0.1428, 0.1429, 0.1429, 0.1429, 0.1429],
        [0.1427, 0.1428, 0.1428, 0.1429, 0.1429, 0.1429, 0.1429],
        [0.1428, 0.1428, 0.1428, 0.1429, 0.1429, 0.1429, 0.1429],
        [0.1428, 0.1428, 0.1428, 0.1429, 0.1429, 0.1429, 0.1429],
        [0.1428, 0.1428, 0.1428, 0.1428, 0.1429, 0.1429, 0.1429],
        [0.1428, 0.1428, 0.1428, 0.1429, 0.1429, 0.1429, 0.1429],
        [0.1429, 0.1427, 0.1428, 0.1429, 0.1429, 0.1429, 0.1429],
        [0.1428, 0.1428, 0.1428, 0.1429, 0.1429, 0.1429, 0.1429],
        [0.1428, 0.1428, 0.1428, 0.1429, 0.1429, 0.1429, 0.1429],
        [0.1429, 0.1427, 0.1428, 0.1429, 0.1429, 0.1429, 0.1429],
        [0.1429, 0.1428, 0.1428, 0.1429, 0.1429, 0.1429, 0.1429],
        [0.1429, 0.1427, 0.1428, 0.1428, 0.1429, 0.1429, 0.1430],
        [0.1428, 0.1428, 0.1428, 0.1429, 0.1429, 0.1429, 0.1429],
        [0.1428, 0.1427, 0.1428, 0.1429, 0.1429, 0.1429, 0.1429],
        [0.1429, 0.1428, 0.1428, 0.1428, 0.1429, 0.1429, 0.1429],
        [0.1428, 0.1428, 0.1428, 0.1429, 0.1429, 0.1429, 0.1429],
        [0.1429, 0.1428, 0.1428, 0.1429, 0.1429, 0.1429, 0.1429],
        [0.1428, 0.1428, 0.1428, 0.1429, 0.1429, 0.1429, 0.1429],
        [0.1428, 0.1428, 0.1428, 0.1429, 0.1429, 0.1429, 0.1429],
        [0.1428, 0.1428, 0.1428, 0.1429, 0.1429, 0.1429, 0.1429],
        [0.1428, 0.1427, 0.1428, 0.1429, 0.1429, 0.1429, 0.1429],
        [0.1428, 0.1428, 0.1428, 0.1429, 0.1429, 0.1429, 0.1429],
        [0.1426, 0.1429, 0.1429, 0.1429, 0.1429, 0.1429, 0.1429],
        [0.1428, 0.1427, 0.1428, 0.1429, 0.1429, 0.1429, 0.1430],
        [0.1428, 0.1427, 0.1428, 0.1429, 0.1429, 0.1429, 0.1429],
        [0.1429, 0.1428, 0.1428, 0.1429, 0.1429, 0.1429, 0.1429],
        [0.1427, 0.1427, 0.1429, 0.1429, 0.1429, 0.1429, 0.1430],
        [0.1429, 0.1428, 0.1428, 0.1429, 0.1429, 0.1429, 0.1429],
        [0.1428, 0.1428, 0.1429, 0.1429, 0.1429, 0.1429, 0.1429],
        [0.1429, 0.1428, 0.1428, 0.1428, 0.1429, 0.1429, 0.1429],
        [0.1428, 0.1428, 0.1428, 0.1429, 0.1429, 0.1429, 0.1429],
        [0.1428, 0.1425, 0.1429, 0.1429, 0.1430, 0.1430, 0.1430],
        [0.1427, 0.1428, 0.1429, 0.1429, 0.1429, 0.1429, 0.1429],
        [0.1428, 0.1428, 0.1428, 0.1429, 0.1429, 0.1429, 0.1429],
        [0.1427, 0.1428, 0.1429, 0.1429, 0.1429, 0.1429, 0.1429],
        [0.1428, 0.1428, 0.1429, 0.1429, 0.1429, 0.1429, 0.1429],
        [0.1428, 0.1428, 0.1428, 0.1429, 0.1429, 0.1429, 0.1430],
        [0.1429, 0.1428, 0.1428, 0.1428, 0.1429, 0.1429, 0.1429],
        [0.1428, 0.1428, 0.1428, 0.1429, 0.1429, 0.1429, 0.1429],
        [0.1428, 0.1428, 0.1428, 0.1429, 0.1429, 0.1429, 0.1429],
        [0.1428, 0.1427, 0.1428, 0.1429, 0.1429, 0.1429, 0.1429],
        [0.1428, 0.1428, 0.1428, 0.1429, 0.1429, 0.1429, 0.1429],
        [0.1427, 0.1428, 0.1428, 0.1429, 0.1429, 0.1429, 0.1429],
        [0.1430, 0.1428, 0.1428, 0.1428, 0.1429, 0.1429, 0.1429],
        [0.1428, 0.1428, 0.1428, 0.1429, 0.1429, 0.1429, 0.1429],
        [0.1428, 0.1428, 0.1428, 0.1429, 0.1429, 0.1429, 0.1429],
        [0.1428, 0.1427, 0.1428, 0.1429, 0.1429, 0.1429, 0.1429],
        [0.1430, 0.1428, 0.1428, 0.1428, 0.1428, 0.1429, 0.1429],
        [0.1428, 0.1428, 0.1428, 0.1429, 0.1429, 0.1429, 0.1429],
        [0.1430, 0.1429, 0.1428, 0.1428, 0.1428, 0.1429, 0.1429],
        [0.1427, 0.1428, 0.1429, 0.1429, 0.1429, 0.1429, 0.1429],
        [0.1428, 0.1428, 0.1428, 0.1429, 0.1429, 0.1429, 0.1429],
        [0.1428, 0.1428, 0.1429, 0.1429, 0.1429, 0.1429, 0.1429],
        [0.1427, 0.1428, 0.1428, 0.1429, 0.1429, 0.1429, 0.1429],
        [0.1429, 0.1428, 0.1428, 0.1428, 0.1429, 0.1429, 0.1429],
        [0.1428, 0.1428, 0.1428, 0.1429, 0.1429, 0.1429, 0.1429],
        [0.1428, 0.1427, 0.1428, 0.1429, 0.1429, 0.1429, 0.1429],
        [0.1428, 0.1427, 0.1428, 0.1429, 0.1429, 0.1429, 0.1429],
        [0.1428, 0.1426, 0.1428, 0.1429, 0.1429, 0.1429, 0.1430],
        [0.1429, 0.1427, 0.1428, 0.1429, 0.1429, 0.1429, 0.1429],
        [0.1426, 0.1428, 0.1429, 0.1429, 0.1429, 0.1429, 0.1429],
        [0.1429, 0.1428, 0.1428, 0.1428, 0.1429, 0.1429, 0.1429],
        [0.1428, 0.1427, 0.1428, 0.1429, 0.1429, 0.1429, 0.1429],
        [0.1429, 0.1428, 0.1428, 0.1428, 0.1429, 0.1429, 0.1429],
        [0.1428, 0.1428, 0.1428, 0.1429, 0.1429, 0.1429, 0.1429],
        [0.1427, 0.1427, 0.1429, 0.1429, 0.1429, 0.1430, 0.1430],
        [0.1220, 0.1339, 0.1439, 0.1540, 0.1529, 0.1487, 0.1446],
        [0.1428, 0.1428, 0.1428, 0.1429, 0.1429, 0.1429, 0.1429],
        [0.1429, 0.1428, 0.1428, 0.1429, 0.1429, 0.1429, 0.1429]],
       device='cuda:1')
perception attention:tensor([0.3533, 0.6467], device='cuda:1')
Test set results: loss= 0.6116 accuracy= 0.8110 F1_score= 0.8136
