# epoch	loss_train	acc_train	loss_val	acc_val	time	acc_test	f1_test
0001	2.1964	0.1000	2.1424	0.4780	0.1925s	2.1455	0.4900	0.4662
0
0002	2.1540	0.3722	2.0756	0.4840	0.1943s	2.0792	0.4710	0.4717
0
0003	2.0969	0.3889	1.9967	0.5460	0.1945s	2.0006	0.5580	0.5442
0
0004	2.0181	0.4167	1.9052	0.6480	0.1930s	1.9103	0.6600	0.6455
0
0005	1.9351	0.4944	1.8022	0.7180	0.1932s	1.8072	0.7290	0.7157
0
0006	1.8605	0.5389	1.6885	0.7520	0.1942s	1.6926	0.7610	0.7485
0
0007	1.6802	0.6167	1.5712	0.7820	0.1943s	1.5723	0.7890	0.7789
0
0008	1.6898	0.6667	1.4539	0.7800	0.1942s	1.4515	0.8060	0.7994
0
0009	1.5565	0.6722	1.3396	0.7840	0.1943s	1.3360	0.8070	0.8022
0
0010	1.4839	0.7333	1.2318	0.7900	0.1949s	1.2282	0.8160	0.8132
0
0011	1.3605	0.7889	1.1326	0.8060	0.1942s	1.1316	0.8230	0.8220
0
0012	1.3122	0.7722	1.0435	0.8180	0.1947s	1.0452	0.8300	0.8298
0
0013	1.2295	0.7889	0.9658	0.8160	0.1929s	0.9695	0.8190	0.8193
0
0014	1.1610	0.8111	0.9005	0.8100	0.1925s	0.9041	0.8100	0.8132
0
0015	1.1490	0.8278	0.8473	0.8060	0.1927s	0.8481	0.8060	0.8112
0
0016	1.0084	0.7889	0.8039	0.8000	0.1931s	0.8012	0.8040	0.8101
0
0017	1.0325	0.7889	0.7649	0.8020	0.1947s	0.7584	0.8050	0.8111
0
0018	0.9944	0.8000	0.7314	0.8020	0.1921s	0.7240	0.8100	0.8153
0
0019	0.8931	0.8667	0.7012	0.7940	0.1943s	0.6944	0.8140	0.8179
0
0020	0.9141	0.8389	0.6755	0.8040	0.1921s	0.6701	0.8170	0.8210
0
0021	0.8604	0.8056	0.6547	0.8120	0.1945s	0.6522	0.8230	0.8247
0
0022	0.7994	0.8500	0.6399	0.8160	0.1943s	0.6387	0.8230	0.8241
0
0023	0.8073	0.8222	0.6344	0.8060	0.1945s	0.6311	0.8180	0.8198
0
0024	0.8132	0.7889	0.6335	0.7960	0.1946s	0.6262	0.8150	0.8172
0
0025	0.7305	0.7889	0.6377	0.7920	0.1945s	0.6246	0.8060	0.8093
0
0026	0.7358	0.8611	0.6417	0.7940	0.1929s	0.6228	0.8050	0.8085
1
0027	0.6839	0.8167	0.6446	0.7940	0.1939s	0.6215	0.8030	0.8067
2
0028	0.7127	0.8556	0.6455	0.7920	0.1957s	0.6189	0.8060	0.8091
3
0029	0.7048	0.8611	0.6477	0.7960	0.1942s	0.6157	0.8060	0.8083
4
0030	0.6716	0.8667	0.6465	0.8020	0.1942s	0.6116	0.8070	0.8091
5
0031	0.6685	0.8111	0.6456	0.8020	0.1948s	0.6074	0.8160	0.8179
6
0032	0.6264	0.8611	0.6450	0.7960	0.1939s	0.6067	0.8200	0.8216
7
0033	0.6231	0.8778	0.6472	0.7940	0.1923s	0.6095	0.8180	0.8193
8
0034	0.6194	0.8444	0.6537	0.7920	0.1949s	0.6158	0.8140	0.8156
9
0035	0.6161	0.8333	0.6623	0.7940	0.1958s	0.6226	0.8090	0.8102
10
0036	0.6426	0.8722	0.6715	0.7900	0.1956s	0.6297	0.8040	0.8052
11
0037	0.6747	0.8611	0.6742	0.7900	0.1942s	0.6312	0.8060	0.8066
12
0038	0.6456	0.8333	0.6702	0.7880	0.1927s	0.6275	0.8080	0.8089
13
0039	0.6618	0.8667	0.6667	0.7860	0.1927s	0.6250	0.8100	0.8109
14
0040	0.6051	0.8722	0.6683	0.7920	0.1943s	0.6267	0.8130	0.8148
15
0041	0.6086	0.8556	0.6757	0.7900	0.1958s	0.6314	0.8130	0.8152
16
0042	0.6039	0.9111	0.6875	0.7860	0.1944s	0.6381	0.8080	0.8107
17
0043	0.6224	0.8167	0.7006	0.7860	0.1941s	0.6483	0.8040	0.8069
18
0044	0.6109	0.8278	0.7105	0.7820	0.1970s	0.6571	0.7950	0.7979
19
0045	0.5413	0.8833	0.7235	0.7700	0.1946s	0.6689	0.7920	0.7944
20
0046	0.6306	0.8667	0.7262	0.7680	0.1927s	0.6713	0.7930	0.7944
21
0047	0.5840	0.8500	0.7214	0.7660	0.1938s	0.6682	0.7930	0.7930
22
0048	0.6550	0.8389	0.7145	0.7740	0.1940s	0.6637	0.7990	0.7982
23
0049	0.6174	0.8722	0.7056	0.7700	0.1943s	0.6550	0.8070	0.8056
24
0050	0.6351	0.8500	0.7017	0.7800	0.1926s	0.6500	0.8110	0.8094
25
0051	0.6505	0.8889	0.7041	0.7820	0.1941s	0.6494	0.8080	0.8070
26
0052	0.6009	0.8778	0.7127	0.7800	0.1923s	0.6538	0.8100	0.8100
27
0053	0.5330	0.8722	0.7300	0.7720	0.1946s	0.6649	0.8020	0.8034
28
0054	0.6251	0.8278	0.7517	0.7700	0.1943s	0.6789	0.7890	0.7930
29
0055	0.6373	0.8667	0.7705	0.7700	0.1945s	0.6928	0.7830	0.7881
30
0056	0.5772	0.8778	0.7725	0.7680	0.1939s	0.6935	0.7850	0.7900
31
0057	0.5446	0.8389	0.7557	0.7820	0.1947s	0.6784	0.7910	0.7953
32
0058	0.5750	0.8556	0.7411	0.7860	0.1947s	0.6667	0.7970	0.8003
33
0059	0.5375	0.8556	0.7264	0.7860	0.1942s	0.6579	0.8020	0.8042
34
0060	0.5731	0.8889	0.7157	0.7960	0.1937s	0.6533	0.8090	0.8093
35
0061	0.5954	0.8833	0.7115	0.7940	0.1944s	0.6531	0.8030	0.8022
36
0062	0.5569	0.8889	0.7115	0.7920	0.1946s	0.6561	0.8010	0.7994
37
0063	0.6356	0.8500	0.7165	0.7920	0.1939s	0.6584	0.8010	0.8000
38
0064	0.5653	0.8667	0.7231	0.7900	0.1936s	0.6628	0.7960	0.7960
39
0065	0.5510	0.8556	0.7306	0.7900	0.1946s	0.6668	0.7950	0.7964
40
0066	0.4931	0.8444	0.7385	0.7860	0.1942s	0.6708	0.7950	0.7985
41
0067	0.5579	0.8611	0.7383	0.7840	0.1948s	0.6692	0.7960	0.7994
42
0068	0.5904	0.8222	0.7302	0.7900	0.1926s	0.6630	0.7990	0.8019
43
0069	0.5756	0.8444	0.7213	0.7900	0.1943s	0.6565	0.8060	0.8080
44
0070	0.5732	0.8333	0.7195	0.7880	0.1944s	0.6570	0.8080	0.8093
45
0071	0.5634	0.8889	0.7155	0.7900	0.1939s	0.6570	0.8070	0.8080
46
0072	0.5455	0.8722	0.7131	0.7920	0.1941s	0.6579	0.8030	0.8032
47
0073	0.5608	0.8278	0.7159	0.7920	0.1926s	0.6615	0.7970	0.7974
48
0074	0.5734	0.8944	0.7234	0.7800	0.1945s	0.6701	0.7920	0.7926
49
0075	0.5936	0.8556	0.7281	0.7840	0.1940s	0.6791	0.7950	0.7966
50
0076	0.5593	0.8778	0.7301	0.7860	0.1944s	0.6860	0.7940	0.7959
51
0077	0.5635	0.8722	0.7290	0.7820	0.1945s	0.6878	0.7920	0.7942
52
0078	0.5291	0.8722	0.7274	0.7840	0.1942s	0.6885	0.7930	0.7953
53
0079	0.5293	0.8556	0.7249	0.7840	0.1936s	0.6889	0.7970	0.7986
54
0080	0.5498	0.8556	0.7212	0.7880	0.1944s	0.6890	0.7980	0.7996
55
0081	0.5680	0.9000	0.7187	0.7880	0.1941s	0.6883	0.8010	0.8019
56
0082	0.4656	0.8889	0.7158	0.7920	0.1943s	0.6854	0.8020	0.8020
57
0083	0.5551	0.8611	0.7157	0.7860	0.1942s	0.6823	0.8000	0.7996
58
0084	0.5640	0.8667	0.7218	0.7860	0.1942s	0.6845	0.7980	0.7964
59
0085	0.5795	0.8667	0.7271	0.7840	0.1946s	0.6881	0.7920	0.7906
60
0086	0.6465	0.8333	0.7281	0.7800	0.1922s	0.6859	0.7920	0.7916
61
0087	0.4825	0.8611	0.7309	0.7780	0.1941s	0.6851	0.7930	0.7930
62
0088	0.5163	0.9167	0.7351	0.7760	0.1939s	0.6840	0.7940	0.7945
63
0089	0.4996	0.8389	0.7390	0.7800	0.1948s	0.6837	0.7900	0.7920
64
0090	0.4620	0.9333	0.7403	0.7780	0.1925s	0.6818	0.7940	0.7958
65
0091	0.4628	0.8611	0.7412	0.7820	0.1939s	0.6831	0.7940	0.7956
66
0092	0.5392	0.8556	0.7449	0.7720	0.1942s	0.6863	0.7940	0.7961
67
0093	0.5679	0.8722	0.7454	0.7820	0.1926s	0.6871	0.7950	0.7966
68
0094	0.5388	0.8500	0.7410	0.7800	0.1939s	0.6878	0.7920	0.7936
69
0095	0.5240	0.8944	0.7338	0.7820	0.1942s	0.6871	0.7940	0.7951
70
0096	0.5142	0.8667	0.7281	0.7820	0.1944s	0.6868	0.7940	0.7943
71
0097	0.6169	0.8889	0.7235	0.7860	0.1943s	0.6862	0.7950	0.7951
72
0098	0.5041	0.8667	0.7209	0.7840	0.1939s	0.6853	0.7960	0.7958
73
0099	0.4966	0.8611	0.7231	0.7880	0.1945s	0.6858	0.7910	0.7896
74
0100	0.5248	0.8889	0.7279	0.7880	0.1943s	0.6864	0.7930	0.7915
75
0101	0.5624	0.9056	0.7390	0.7800	0.1939s	0.6916	0.7950	0.7939
76
0102	0.5169	0.8722	0.7525	0.7820	0.1943s	0.6993	0.7920	0.7911
77
0103	0.5425	0.8833	0.7651	0.7780	0.1944s	0.7090	0.7890	0.7883
78
0104	0.5338	0.8500	0.7731	0.7780	0.1961s	0.7152	0.7870	0.7860
79
0105	0.5333	0.8667	0.7753	0.7800	0.1938s	0.7178	0.7880	0.7880
80
0106	0.4897	0.8556	0.7765	0.7780	0.1925s	0.7172	0.7910	0.7907
81
0107	0.5402	0.9000	0.7753	0.7820	0.1940s	0.7163	0.7940	0.7939
82
0108	0.4597	0.8778	0.7749	0.7820	0.1935s	0.7162	0.7940	0.7950
83
0109	0.5629	0.8944	0.7735	0.7840	0.1944s	0.7150	0.7950	0.7960
84
0110	0.5215	0.8611	0.7711	0.7880	0.1923s	0.7157	0.7920	0.7930
85
0111	0.5080	0.8722	0.7720	0.7860	0.1926s	0.7178	0.7940	0.7944
86
0112	0.4604	0.8556	0.7717	0.7820	0.1948s	0.7206	0.7930	0.7929
87
0113	0.5006	0.8778	0.7778	0.7820	0.1921s	0.7267	0.7890	0.7887
88
0114	0.5051	0.9000	0.7877	0.7880	0.1938s	0.7364	0.7880	0.7877
89
0115	0.5124	0.8722	0.8033	0.7860	0.1993s	0.7487	0.7850	0.7839
90
0116	0.5187	0.8944	0.8175	0.7760	0.1939s	0.7595	0.7810	0.7804
91
0117	0.6368	0.8611	0.8233	0.7800	0.1942s	0.7640	0.7860	0.7853
92
0118	0.5428	0.8944	0.8289	0.7760	0.1939s	0.7666	0.7870	0.7867
93
0119	0.4720	0.9056	0.8295	0.7820	0.1932s	0.7667	0.7830	0.7846
94
0120	0.4646	0.8667	0.8286	0.7740	0.1939s	0.7672	0.7830	0.7857
95
0121	0.5150	0.8944	0.8283	0.7720	0.1932s	0.7681	0.7790	0.7830
96
0122	0.5340	0.9167	0.8247	0.7740	0.1942s	0.7643	0.7830	0.7866
97
0123	0.5396	0.8556	0.8203	0.7760	0.1940s	0.7618	0.7880	0.7900
98
0124	0.5235	0.9056	0.8184	0.7780	0.1946s	0.7607	0.7870	0.7882
99
0125	0.4614	0.8833	0.8199	0.7820	0.1924s	0.7645	0.7860	0.7855
100
0126	0.5359	0.8389	0.8227	0.7840	0.1923s	0.7673	0.7830	0.7817
101
0127	0.5059	0.8833	0.8196	0.7800	0.1941s	0.7646	0.7860	0.7849
102
0128	0.5258	0.8556	0.8123	0.7820	0.1944s	0.7546	0.7920	0.7912
103
0129	0.4693	0.9389	0.8052	0.7780	0.1941s	0.7458	0.7980	0.7976
104
0130	0.5788	0.8722	0.8002	0.7900	0.1945s	0.7405	0.7990	0.7996
105
0131	0.5289	0.8444	0.8001	0.7920	0.1939s	0.7400	0.7960	0.7981
106
0132	0.6445	0.8833	0.8013	0.7920	0.1924s	0.7403	0.7890	0.7924
107
0133	0.4959	0.9222	0.7992	0.7940	0.1939s	0.7367	0.7910	0.7946
108
0134	0.5002	0.8611	0.7959	0.7940	0.1924s	0.7349	0.7940	0.7972
109
0135	0.5078	0.8889	0.7962	0.7920	0.1940s	0.7351	0.7970	0.7999
110
0136	0.4689	0.8500	0.7963	0.7880	0.1937s	0.7356	0.7950	0.7976
111
0137	0.5080	0.8889	0.7966	0.7920	0.1943s	0.7380	0.7910	0.7930
112
0138	0.4927	0.8944	0.8021	0.7840	0.1923s	0.7464	0.7890	0.7916
113
0139	0.5103	0.8889	0.8035	0.7760	0.1945s	0.7488	0.7840	0.7869
114
0140	0.4934	0.8556	0.7938	0.7800	0.1944s	0.7425	0.7850	0.7874
115
0141	0.5149	0.8667	0.7819	0.7780	0.1931s	0.7322	0.7880	0.7907
116
0142	0.4859	0.8778	0.7699	0.7880	0.1942s	0.7205	0.7930	0.7953
117
0143	0.5216	0.8667	0.7608	0.7860	0.1941s	0.7105	0.7950	0.7966
118
0144	0.5110	0.8389	0.7574	0.7880	0.1946s	0.7044	0.7940	0.7953
119
0145	0.5712	0.8778	0.7573	0.7860	0.1941s	0.7004	0.7940	0.7953
120
0146	0.5155	0.8444	0.7603	0.7900	0.1941s	0.6998	0.7930	0.7940
121
0147	0.5630	0.8722	0.7657	0.7920	0.1954s	0.7030	0.7940	0.7956
122
0148	0.5007	0.8611	0.7753	0.7880	0.1941s	0.7108	0.7940	0.7955
123
0149	0.4796	0.9333	0.7848	0.7840	0.1928s	0.7217	0.7910	0.7925
124
0150	0.4846	0.8556	0.7940	0.7740	0.1943s	0.7342	0.7870	0.7891
125
0151	0.5224	0.8611	0.7998	0.7680	0.1937s	0.7448	0.7870	0.7887
126
0152	0.4564	0.8667	0.8049	0.7660	0.1944s	0.7520	0.7860	0.7876
127
0153	0.5395	0.8833	0.8052	0.7620	0.1930s	0.7561	0.7830	0.7846
128
0154	0.4897	0.8833	0.7997	0.7680	0.1943s	0.7529	0.7820	0.7839
129
0155	0.5384	0.8500	0.7930	0.7800	0.1925s	0.7470	0.7860	0.7873
130
0156	0.5740	0.8944	0.7866	0.7800	0.1957s	0.7405	0.7850	0.7876
131
0157	0.5311	0.8500	0.7814	0.7860	0.1944s	0.7360	0.7860	0.7879
132
0158	0.5163	0.9056	0.7810	0.7900	0.1939s	0.7338	0.7850	0.7862
133
0159	0.5039	0.8944	0.7820	0.7840	0.1949s	0.7345	0.7900	0.7905
134
0160	0.5119	0.8889	0.7911	0.7800	0.1939s	0.7400	0.7870	0.7869
135
0161	0.5483	0.8722	0.7986	0.7840	0.1943s	0.7460	0.7870	0.7871
136
0162	0.4963	0.9056	0.8050	0.7800	0.1939s	0.7510	0.7860	0.7857
137
0163	0.4643	0.8778	0.8080	0.7800	0.1940s	0.7532	0.7880	0.7876
138
0164	0.5222	0.9000	0.8080	0.7860	0.2013s	0.7557	0.7880	0.7872
139
0165	0.5065	0.8667	0.8041	0.7780	0.1935s	0.7568	0.7900	0.7895
140
0166	0.4807	0.8944	0.8015	0.7760	0.1941s	0.7584	0.7900	0.7898
141
0167	0.5435	0.8778	0.7953	0.7820	0.1932s	0.7558	0.7870	0.7877
142
0168	0.4601	0.8778	0.7918	0.7820	0.2197s	0.7544	0.7910	0.7919
143
0169	0.4822	0.9222	0.7906	0.7820	0.2053s	0.7509	0.7920	0.7929
144
0170	0.5594	0.8444	0.7917	0.7780	0.1942s	0.7462	0.7950	0.7955
145
0171	0.4208	0.9167	0.7956	0.7780	0.1925s	0.7424	0.7920	0.7929
146
0172	0.4808	0.8889	0.8012	0.7820	0.1926s	0.7393	0.7960	0.7971
147
0173	0.4862	0.8444	0.8067	0.7800	0.1941s	0.7368	0.7920	0.7933
148
0174	0.5195	0.9056	0.8103	0.7780	0.1940s	0.7358	0.7930	0.7945
149
0175	0.4866	0.8611	0.8111	0.7740	0.1944s	0.7336	0.7920	0.7926
150
0176	0.5072	0.8778	0.8083	0.7740	0.1942s	0.7314	0.7930	0.7930
151
0177	0.4479	0.8944	0.8042	0.7760	0.1941s	0.7303	0.8000	0.7994
152
0178	0.5251	0.9000	0.7997	0.7840	0.1938s	0.7314	0.8060	0.8046
153
0179	0.4792	0.9056	0.7990	0.7860	0.1945s	0.7364	0.8060	0.8042
154
0180	0.5614	0.9111	0.8035	0.7820	0.1949s	0.7418	0.8040	0.8029
155
0181	0.4998	0.9333	0.8107	0.7800	0.1941s	0.7489	0.8040	0.8033
156
0182	0.3937	0.9167	0.8205	0.7740	0.1942s	0.7588	0.7950	0.7959
157
0183	0.5124	0.8778	0.8303	0.7740	0.1933s	0.7676	0.7920	0.7945
158
0184	0.4871	0.8778	0.8405	0.7640	0.1938s	0.7749	0.7920	0.7955
159
0185	0.4988	0.8611	0.8457	0.7600	0.1943s	0.7773	0.7900	0.7935
160
0186	0.5121	0.8833	0.8414	0.7620	0.1948s	0.7723	0.7920	0.7953
161
0187	0.5126	0.8833	0.8345	0.7680	0.1947s	0.7638	0.7920	0.7940
162
0188	0.5503	0.8889	0.8293	0.7780	0.1967s	0.7589	0.7960	0.7963
163
0189	0.4926	0.9167	0.8213	0.7760	0.1951s	0.7528	0.8020	0.8009
164
0190	0.6692	0.8889	0.8160	0.7780	0.1944s	0.7510	0.8040	0.8026
165
0191	0.4746	0.9000	0.8130	0.7800	0.1924s	0.7512	0.8040	0.8033
166
0192	0.4742	0.8722	0.8123	0.7820	0.1925s	0.7534	0.8030	0.8033
167
0193	0.4669	0.8944	0.8175	0.7800	0.1938s	0.7598	0.7980	0.7990
168
0194	0.5275	0.8500	0.8236	0.7760	0.1941s	0.7667	0.7950	0.7975
169
0195	0.5436	0.8667	0.8304	0.7760	0.1943s	0.7730	0.7930	0.7962
170
0196	0.4852	0.8833	0.8291	0.7780	0.1943s	0.7737	0.7940	0.7980
171
0197	0.5044	0.8833	0.8208	0.7840	0.1956s	0.7699	0.7950	0.7988
172
0198	0.5231	0.8722	0.8052	0.7880	0.1940s	0.7620	0.7960	0.7986
173
0199	0.4563	0.8833	0.7936	0.7840	0.1929s	0.7582	0.8010	0.8022
174
0200	0.5391	0.9000	0.7870	0.7820	0.1942s	0.7584	0.8030	0.8037
175
0201	0.5447	0.9056	0.7840	0.7820	0.1945s	0.7598	0.8010	0.8016
176
0202	0.5799	0.9278	0.7792	0.7860	0.1941s	0.7571	0.7990	0.7996
177
0203	0.5397	0.8500	0.7795	0.7820	0.1940s	0.7555	0.7940	0.7947
178
0204	0.5294	0.8722	0.7805	0.7780	0.1944s	0.7536	0.7940	0.7948
179
0205	0.4749	0.8833	0.7839	0.7800	0.1942s	0.7520	0.7930	0.7948
180
0206	0.5431	0.8833	0.7886	0.7800	0.1944s	0.7519	0.7920	0.7942
181
0207	0.5122	0.9000	0.7928	0.7740	0.1940s	0.7514	0.7910	0.7929
182
0208	0.5239	0.8833	0.7940	0.7780	0.1942s	0.7492	0.7910	0.7926
183
0209	0.5177	0.9111	0.7944	0.7800	0.1960s	0.7479	0.7940	0.7948
184
0210	0.4690	0.8611	0.7959	0.7780	0.1940s	0.7476	0.7930	0.7933
185
0211	0.4805	0.8722	0.7971	0.7760	0.1942s	0.7467	0.7930	0.7922
186
0212	0.5493	0.8667	0.7980	0.7780	0.1939s	0.7459	0.7950	0.7948
187
0213	0.5440	0.8611	0.8006	0.7740	0.1929s	0.7491	0.7960	0.7958
188
0214	0.4362	0.8833	0.8048	0.7760	0.1941s	0.7558	0.7920	0.7929
189
0215	0.5691	0.8611	0.8064	0.7800	0.1942s	0.7622	0.7900	0.7911
190
0216	0.5566	0.9056	0.8046	0.7840	0.1969s	0.7643	0.7930	0.7942
191
0217	0.4144	0.9000	0.8012	0.7780	0.1943s	0.7631	0.7940	0.7953
192
0218	0.5074	0.8889	0.7955	0.7840	0.1927s	0.7600	0.7930	0.7940
193
0219	0.4413	0.8944	0.7895	0.7780	0.1941s	0.7556	0.7920	0.7925
194
0220	0.6565	0.8778	0.7860	0.7740	0.1953s	0.7490	0.7950	0.7952
195
0221	0.5765	0.8556	0.7845	0.7740	0.1944s	0.7419	0.7980	0.7973
196
0222	0.5577	0.9111	0.7845	0.7740	0.1945s	0.7357	0.7920	0.7914
197
0223	0.5440	0.8778	0.7872	0.7760	0.1942s	0.7321	0.7970	0.7973
198
0224	0.5449	0.8889	0.7937	0.7760	0.1948s	0.7329	0.7900	0.7909
199
Early stop! Min loss:0.6335451602935791,  Max accuracy:0.8180000000000001
Early stop model validation loss:0.6335451602935791,  accuracy:0.796
Optimization Finished!
Total time elapsed: 44.3139s
test max acc:0.8300
Loading 23th epoch
stru_node_to_hop attention:tensor([[0.3332, 0.3335, 0.3334],
        [0.3332, 0.3334, 0.3334],
        [0.3332, 0.3334, 0.3335],
        [0.3333, 0.3334, 0.3333],
        [0.3333, 0.3333, 0.3334],
        [0.3333, 0.3333, 0.3334],
        [0.3333, 0.3333, 0.3333],
        [0.3331, 0.3334, 0.3335],
        [0.3333, 0.3334, 0.3333],
        [0.3333, 0.3334, 0.3334],
        [0.3333, 0.3333, 0.3334],
        [0.3332, 0.3334, 0.3334],
        [0.3334, 0.3333, 0.3333],
        [0.3333, 0.3333, 0.3334],
        [0.3331, 0.3334, 0.3335],
        [0.3333, 0.3333, 0.3333],
        [0.3334, 0.3332, 0.3334],
        [0.3332, 0.3334, 0.3333],
        [0.3339, 0.3684, 0.2977],
        [0.3332, 0.3334, 0.3334],
        [0.3331, 0.3335, 0.3334],
        [0.3334, 0.3332, 0.3333],
        [0.3329, 0.3336, 0.3336],
        [0.3331, 0.3334, 0.3334],
        [0.3333, 0.3333, 0.3333],
        [0.3331, 0.3335, 0.3334],
        [0.3333, 0.3333, 0.3334],
        [0.3332, 0.3334, 0.3334],
        [0.3331, 0.3335, 0.3335],
        [0.3331, 0.3335, 0.3334],
        [0.3333, 0.3333, 0.3334],
        [0.3331, 0.3335, 0.3334],
        [0.3332, 0.3334, 0.3334],
        [0.3331, 0.3336, 0.3334],
        [0.3333, 0.3334, 0.3334],
        [0.3333, 0.3333, 0.3334],
        [0.3331, 0.3334, 0.3335],
        [0.3334, 0.3333, 0.3333],
        [0.3331, 0.3336, 0.3333],
        [0.3331, 0.3335, 0.3334],
        [0.3331, 0.3334, 0.3334],
        [0.3333, 0.3333, 0.3334],
        [0.3332, 0.3333, 0.3334],
        [0.3332, 0.3334, 0.3334],
        [0.3331, 0.3334, 0.3334],
        [0.3331, 0.3334, 0.3335],
        [0.3332, 0.3334, 0.3334],
        [0.3331, 0.3334, 0.3334],
        [0.3330, 0.3336, 0.3334],
        [0.3332, 0.3335, 0.3333],
        [0.3333, 0.3334, 0.3333],
        [0.3333, 0.3333, 0.3334],
        [0.3331, 0.3335, 0.3335],
        [0.3329, 0.3337, 0.3334],
        [0.3330, 0.3336, 0.3334],
        [0.3332, 0.3334, 0.3334],
        [0.3332, 0.3334, 0.3334],
        [0.3332, 0.3334, 0.3334],
        [0.3333, 0.3334, 0.3333],
        [0.3332, 0.3334, 0.3334],
        [0.3332, 0.3334, 0.3334],
        [0.3332, 0.3334, 0.3334],
        [0.3333, 0.3334, 0.3334],
        [0.3333, 0.3333, 0.3333],
        [0.3333, 0.3334, 0.3334],
        [0.3331, 0.3334, 0.3335],
        [0.3333, 0.3333, 0.3333],
        [0.3333, 0.3333, 0.3334],
        [0.3329, 0.3336, 0.3335],
        [0.3333, 0.3334, 0.3334],
        [0.3331, 0.3335, 0.3334],
        [0.3332, 0.3334, 0.3334],
        [0.3331, 0.3335, 0.3334],
        [0.3333, 0.3333, 0.3334],
        [0.3329, 0.3336, 0.3335],
        [0.3332, 0.3334, 0.3334],
        [0.3330, 0.3335, 0.3335],
        [0.3334, 0.3333, 0.3333],
        [0.3333, 0.3334, 0.3333],
        [0.3332, 0.3334, 0.3334],
        [0.3331, 0.3334, 0.3335],
        [0.3332, 0.3334, 0.3333],
        [0.3332, 0.3334, 0.3333],
        [0.3333, 0.3334, 0.3333],
        [0.3331, 0.3334, 0.3335],
        [0.3333, 0.3333, 0.3334],
        [0.3332, 0.3334, 0.3334],
        [0.3333, 0.3334, 0.3334],
        [0.3330, 0.3335, 0.3335],
        [0.3331, 0.3334, 0.3335],
        [0.3325, 0.3338, 0.3338],
        [0.3333, 0.3334, 0.3334],
        [0.3332, 0.3334, 0.3334],
        [0.3332, 0.3334, 0.3334],
        [0.3333, 0.3333, 0.3334],
        [0.3333, 0.3334, 0.3333],
        [0.3333, 0.3333, 0.3334],
        [0.2749, 0.3928, 0.3324],
        [0.3329, 0.3335, 0.3335],
        [0.3334, 0.3333, 0.3333]], device='cuda:1')
fea_node_to_hop attention:tensor([[0.1427, 0.1429, 0.1428, 0.1429, 0.1429, 0.1429, 0.1429],
        [0.1428, 0.1429, 0.1428, 0.1429, 0.1429, 0.1429, 0.1429],
        [0.1428, 0.1430, 0.1427, 0.1429, 0.1428, 0.1429, 0.1429],
        [0.1428, 0.1428, 0.1428, 0.1429, 0.1429, 0.1429, 0.1429],
        [0.1428, 0.1428, 0.1428, 0.1429, 0.1429, 0.1429, 0.1429],
        [0.1427, 0.1429, 0.1428, 0.1429, 0.1429, 0.1429, 0.1429],
        [0.1429, 0.1429, 0.1428, 0.1429, 0.1428, 0.1429, 0.1429],
        [0.1429, 0.1429, 0.1427, 0.1429, 0.1428, 0.1429, 0.1429],
        [0.1428, 0.1428, 0.1428, 0.1429, 0.1429, 0.1429, 0.1429],
        [0.1428, 0.1428, 0.1428, 0.1429, 0.1429, 0.1429, 0.1429],
        [0.1427, 0.1428, 0.1429, 0.1429, 0.1429, 0.1429, 0.1429],
        [0.1427, 0.1428, 0.1429, 0.1429, 0.1429, 0.1429, 0.1429],
        [0.1428, 0.1428, 0.1428, 0.1429, 0.1429, 0.1429, 0.1429],
        [0.1428, 0.1427, 0.1429, 0.1429, 0.1429, 0.1429, 0.1429],
        [0.1428, 0.1428, 0.1428, 0.1429, 0.1429, 0.1429, 0.1429],
        [0.1427, 0.1428, 0.1428, 0.1429, 0.1429, 0.1429, 0.1429],
        [0.1429, 0.1427, 0.1428, 0.1429, 0.1429, 0.1429, 0.1429],
        [0.1428, 0.1428, 0.1429, 0.1429, 0.1429, 0.1429, 0.1429],
        [0.1172, 0.1421, 0.1527, 0.1552, 0.1504, 0.1443, 0.1381],
        [0.1429, 0.1428, 0.1428, 0.1429, 0.1429, 0.1429, 0.1429],
        [0.1428, 0.1428, 0.1428, 0.1429, 0.1429, 0.1429, 0.1429],
        [0.1428, 0.1428, 0.1428, 0.1429, 0.1429, 0.1429, 0.1429],
        [0.1428, 0.1428, 0.1428, 0.1429, 0.1429, 0.1429, 0.1429],
        [0.1428, 0.1429, 0.1429, 0.1429, 0.1429, 0.1429, 0.1429],
        [0.1428, 0.1428, 0.1428, 0.1429, 0.1429, 0.1429, 0.1429],
        [0.1427, 0.1428, 0.1428, 0.1429, 0.1429, 0.1429, 0.1430],
        [0.1428, 0.1428, 0.1429, 0.1429, 0.1429, 0.1429, 0.1429],
        [0.1428, 0.1428, 0.1428, 0.1429, 0.1429, 0.1429, 0.1429],
        [0.1429, 0.1428, 0.1428, 0.1428, 0.1429, 0.1429, 0.1429],
        [0.1428, 0.1428, 0.1429, 0.1429, 0.1429, 0.1429, 0.1429],
        [0.1428, 0.1428, 0.1428, 0.1429, 0.1429, 0.1429, 0.1429],
        [0.1425, 0.1428, 0.1429, 0.1429, 0.1430, 0.1430, 0.1430],
        [0.1428, 0.1428, 0.1428, 0.1429, 0.1429, 0.1429, 0.1429],
        [0.1428, 0.1428, 0.1429, 0.1429, 0.1429, 0.1429, 0.1429],
        [0.1429, 0.1428, 0.1428, 0.1429, 0.1429, 0.1429, 0.1429],
        [0.1428, 0.1428, 0.1428, 0.1429, 0.1429, 0.1429, 0.1429],
        [0.1425, 0.1429, 0.1429, 0.1429, 0.1429, 0.1429, 0.1430],
        [0.1429, 0.1428, 0.1428, 0.1429, 0.1429, 0.1429, 0.1429],
        [0.1428, 0.1428, 0.1428, 0.1429, 0.1429, 0.1429, 0.1429],
        [0.1427, 0.1429, 0.1429, 0.1429, 0.1429, 0.1429, 0.1429],
        [0.1427, 0.1428, 0.1429, 0.1429, 0.1429, 0.1429, 0.1429],
        [0.1428, 0.1428, 0.1429, 0.1429, 0.1429, 0.1429, 0.1429],
        [0.1430, 0.1428, 0.1428, 0.1428, 0.1428, 0.1429, 0.1429],
        [0.1429, 0.1428, 0.1428, 0.1428, 0.1429, 0.1429, 0.1429],
        [0.1427, 0.1428, 0.1429, 0.1429, 0.1429, 0.1429, 0.1429],
        [0.1428, 0.1428, 0.1428, 0.1429, 0.1429, 0.1429, 0.1429],
        [0.1428, 0.1428, 0.1428, 0.1429, 0.1429, 0.1429, 0.1429],
        [0.1429, 0.1428, 0.1428, 0.1429, 0.1429, 0.1429, 0.1429],
        [0.1429, 0.1429, 0.1428, 0.1428, 0.1429, 0.1429, 0.1429],
        [0.1429, 0.1428, 0.1428, 0.1429, 0.1429, 0.1429, 0.1429],
        [0.1428, 0.1428, 0.1428, 0.1429, 0.1429, 0.1429, 0.1429],
        [0.1427, 0.1428, 0.1429, 0.1429, 0.1429, 0.1429, 0.1430],
        [0.1426, 0.1428, 0.1429, 0.1429, 0.1429, 0.1429, 0.1430],
        [0.1427, 0.1428, 0.1429, 0.1429, 0.1429, 0.1429, 0.1429],
        [0.1428, 0.1428, 0.1428, 0.1429, 0.1429, 0.1429, 0.1429],
        [0.1428, 0.1428, 0.1429, 0.1429, 0.1429, 0.1429, 0.1429],
        [0.1428, 0.1428, 0.1428, 0.1429, 0.1429, 0.1429, 0.1429],
        [0.1429, 0.1427, 0.1428, 0.1429, 0.1429, 0.1429, 0.1429],
        [0.1428, 0.1428, 0.1429, 0.1429, 0.1429, 0.1429, 0.1429],
        [0.1429, 0.1428, 0.1428, 0.1429, 0.1429, 0.1429, 0.1429],
        [0.1428, 0.1428, 0.1429, 0.1429, 0.1429, 0.1429, 0.1429],
        [0.1427, 0.1429, 0.1429, 0.1429, 0.1429, 0.1429, 0.1429],
        [0.1428, 0.1428, 0.1429, 0.1429, 0.1429, 0.1429, 0.1429],
        [0.1428, 0.1428, 0.1429, 0.1429, 0.1429, 0.1429, 0.1429],
        [0.1428, 0.1428, 0.1428, 0.1429, 0.1429, 0.1429, 0.1429],
        [0.1428, 0.1428, 0.1429, 0.1429, 0.1429, 0.1429, 0.1429],
        [0.1427, 0.1428, 0.1429, 0.1429, 0.1429, 0.1429, 0.1429],
        [0.1428, 0.1428, 0.1428, 0.1429, 0.1429, 0.1429, 0.1429],
        [0.1427, 0.1427, 0.1428, 0.1429, 0.1429, 0.1430, 0.1430],
        [0.1428, 0.1428, 0.1429, 0.1429, 0.1429, 0.1429, 0.1429],
        [0.1428, 0.1428, 0.1428, 0.1429, 0.1429, 0.1429, 0.1429],
        [0.1428, 0.1428, 0.1429, 0.1429, 0.1429, 0.1429, 0.1429],
        [0.1428, 0.1427, 0.1428, 0.1429, 0.1429, 0.1429, 0.1429],
        [0.1428, 0.1428, 0.1428, 0.1429, 0.1429, 0.1429, 0.1429],
        [0.1426, 0.1428, 0.1429, 0.1429, 0.1429, 0.1429, 0.1430],
        [0.1428, 0.1428, 0.1428, 0.1429, 0.1429, 0.1429, 0.1429],
        [0.1427, 0.1428, 0.1429, 0.1429, 0.1429, 0.1429, 0.1429],
        [0.1429, 0.1427, 0.1428, 0.1429, 0.1429, 0.1429, 0.1429],
        [0.1429, 0.1428, 0.1428, 0.1428, 0.1429, 0.1429, 0.1429],
        [0.1428, 0.1429, 0.1428, 0.1429, 0.1429, 0.1429, 0.1429],
        [0.1429, 0.1428, 0.1429, 0.1429, 0.1429, 0.1429, 0.1429],
        [0.1428, 0.1428, 0.1429, 0.1429, 0.1429, 0.1429, 0.1429],
        [0.1428, 0.1428, 0.1429, 0.1429, 0.1429, 0.1429, 0.1429],
        [0.1429, 0.1428, 0.1428, 0.1429, 0.1429, 0.1429, 0.1429],
        [0.1427, 0.1429, 0.1429, 0.1429, 0.1429, 0.1429, 0.1429],
        [0.1429, 0.1428, 0.1428, 0.1429, 0.1429, 0.1429, 0.1429],
        [0.1427, 0.1429, 0.1429, 0.1429, 0.1429, 0.1429, 0.1429],
        [0.1428, 0.1428, 0.1429, 0.1429, 0.1429, 0.1429, 0.1429],
        [0.1428, 0.1427, 0.1429, 0.1429, 0.1429, 0.1429, 0.1429],
        [0.1428, 0.1428, 0.1429, 0.1429, 0.1429, 0.1429, 0.1429],
        [0.1429, 0.1427, 0.1428, 0.1428, 0.1429, 0.1429, 0.1429],
        [0.1428, 0.1428, 0.1429, 0.1429, 0.1429, 0.1429, 0.1429],
        [0.1428, 0.1429, 0.1428, 0.1429, 0.1429, 0.1429, 0.1429],
        [0.1428, 0.1428, 0.1428, 0.1429, 0.1429, 0.1429, 0.1429],
        [0.1429, 0.1428, 0.1428, 0.1428, 0.1429, 0.1429, 0.1429],
        [0.1428, 0.1427, 0.1428, 0.1429, 0.1429, 0.1429, 0.1429],
        [0.1428, 0.1427, 0.1428, 0.1429, 0.1429, 0.1429, 0.1429],
        [0.1244, 0.1389, 0.1473, 0.1521, 0.1502, 0.1455, 0.1416],
        [0.1428, 0.1428, 0.1429, 0.1429, 0.1429, 0.1429, 0.1429],
        [0.1429, 0.1428, 0.1428, 0.1428, 0.1429, 0.1429, 0.1429]],
       device='cuda:1')
perception attention:tensor([0.3934, 0.6066], device='cuda:1')
Test set results: loss= 0.6262 accuracy= 0.8150 F1_score= 0.8172
