# epoch	loss_train	acc_train	loss_val	acc_val	time	acc_test	f1_test
0001	2.1951	0.0889	2.1407	0.2740	0.1909s	2.1433	0.2560	0.2383
0
0002	2.1541	0.2444	2.0708	0.3540	0.1877s	2.0778	0.3530	0.3521
0
0003	2.0940	0.2667	1.9902	0.4540	0.1928s	1.9989	0.4640	0.4825
0
0004	2.0048	0.3500	1.8977	0.5960	0.1916s	1.9051	0.6370	0.6523
0
0005	1.9300	0.4278	1.7940	0.7320	0.1873s	1.7974	0.7450	0.7327
0
0006	1.8112	0.5111	1.6798	0.7580	0.1935s	1.6786	0.7880	0.7752
0
0007	1.7283	0.6056	1.5591	0.7980	0.1928s	1.5549	0.8180	0.8082
0
0008	1.6642	0.6389	1.4391	0.8160	0.1935s	1.4328	0.8350	0.8296
0
0009	1.5665	0.7222	1.3238	0.8220	0.1914s	1.3169	0.8370	0.8352
0
0010	1.4431	0.7722	1.2161	0.8120	0.1929s	1.2089	0.8320	0.8333
0
0011	1.3366	0.8056	1.1188	0.8000	0.1945s	1.1123	0.8230	0.8272
0
0012	1.2801	0.8000	1.0319	0.8000	0.1936s	1.0269	0.8200	0.8250
0
0013	1.2697	0.7611	0.9540	0.8100	0.1936s	0.9500	0.8250	0.8292
0
0014	1.1667	0.7278	0.8893	0.8080	0.1933s	0.8854	0.8210	0.8251
0
0015	1.0658	0.8444	0.8348	0.8020	0.1943s	0.8309	0.8180	0.8219
0
0016	1.0406	0.7944	0.7859	0.8080	0.1934s	0.7832	0.8200	0.8227
0
0017	0.9760	0.8444	0.7456	0.8100	0.1936s	0.7427	0.8180	0.8201
0
0018	0.9732	0.8278	0.7116	0.8100	0.1912s	0.7066	0.8240	0.8257
0
0019	0.8855	0.8333	0.6836	0.8060	0.1934s	0.6767	0.8230	0.8243
0
0020	0.8845	0.8056	0.6634	0.8040	0.1936s	0.6532	0.8230	0.8250
0
0021	0.8232	0.8444	0.6525	0.7980	0.1884s	0.6364	0.8200	0.8231
0
0022	0.8532	0.8222	0.6442	0.7960	0.1931s	0.6236	0.8170	0.8216
0
0023	0.7968	0.8167	0.6373	0.7980	0.1931s	0.6149	0.8190	0.8232
0
0024	0.7691	0.8889	0.6299	0.7960	0.1929s	0.6091	0.8170	0.8191
0
0025	0.7522	0.8389	0.6255	0.7960	0.1876s	0.6073	0.8200	0.8214
0
0026	0.7187	0.8278	0.6258	0.8000	0.1933s	0.6075	0.8170	0.8180
0
0027	0.6830	0.8444	0.6256	0.7920	0.1933s	0.6068	0.8160	0.8175
1
0028	0.6481	0.8333	0.6249	0.8000	0.1918s	0.6039	0.8190	0.8207
2
0029	0.6456	0.8778	0.6262	0.8000	0.1932s	0.6022	0.8160	0.8188
0
0030	0.6637	0.8556	0.6302	0.8000	0.1932s	0.6019	0.8160	0.8185
1
0031	0.6658	0.8333	0.6360	0.7960	0.1933s	0.6061	0.8170	0.8194
2
0032	0.6579	0.8278	0.6438	0.7940	0.1929s	0.6133	0.8200	0.8221
3
0033	0.5959	0.8444	0.6510	0.7920	0.1925s	0.6179	0.8190	0.8208
4
0034	0.6382	0.8556	0.6580	0.7920	0.1911s	0.6217	0.8180	0.8185
5
0035	0.5668	0.8722	0.6633	0.7960	0.1931s	0.6251	0.8140	0.8140
6
0036	0.5836	0.8778	0.6721	0.8000	0.1877s	0.6322	0.8120	0.8127
7
0037	0.6115	0.8556	0.6827	0.7900	0.1960s	0.6387	0.8100	0.8117
8
0038	0.6504	0.8722	0.6908	0.7820	0.1932s	0.6423	0.8080	0.8108
9
0039	0.5868	0.8889	0.7011	0.7800	0.1930s	0.6481	0.8010	0.8051
10
0040	0.5959	0.8167	0.7056	0.7800	0.1931s	0.6497	0.8030	0.8068
11
0041	0.6651	0.8611	0.7030	0.7760	0.1930s	0.6481	0.8070	0.8101
12
0042	0.6169	0.8722	0.6980	0.7840	0.1912s	0.6467	0.8060	0.8080
13
0043	0.6651	0.8556	0.6963	0.7800	0.1939s	0.6463	0.8070	0.8076
14
0044	0.5457	0.9000	0.6997	0.7800	0.1932s	0.6501	0.8050	0.8050
15
0045	0.6436	0.8611	0.7098	0.7780	0.1932s	0.6587	0.8000	0.7999
16
0046	0.6093	0.8889	0.7228	0.7740	0.1937s	0.6694	0.8040	0.8044
17
0047	0.6389	0.8444	0.7335	0.7760	0.1928s	0.6778	0.8020	0.8046
18
0048	0.5335	0.8667	0.7309	0.7800	0.1924s	0.6776	0.7960	0.7996
19
0049	0.6129	0.8556	0.7319	0.7760	0.1933s	0.6812	0.7950	0.7986
20
0050	0.5723	0.8778	0.7296	0.7780	0.1928s	0.6819	0.7930	0.7965
21
0051	0.5421	0.8778	0.7247	0.7780	0.1932s	0.6802	0.7950	0.7984
22
0052	0.5607	0.8722	0.7170	0.7860	0.1928s	0.6745	0.7960	0.7989
23
0053	0.4943	0.8833	0.7094	0.7780	0.1928s	0.6684	0.7980	0.8004
24
0054	0.5565	0.8778	0.7095	0.7860	0.1929s	0.6683	0.8000	0.8013
25
0055	0.6090	0.8278	0.7040	0.7920	0.1945s	0.6625	0.8020	0.8030
26
0056	0.5571	0.8611	0.7013	0.7900	0.1932s	0.6590	0.8070	0.8082
27
0057	0.5952	0.8778	0.7001	0.7860	0.1934s	0.6557	0.8070	0.8091
28
0058	0.5707	0.8278	0.6992	0.7860	0.1944s	0.6574	0.8010	0.8043
29
0059	0.5967	0.8944	0.7032	0.7860	0.1925s	0.6643	0.7950	0.7990
30
0060	0.5793	0.9000	0.7015	0.7800	0.1928s	0.6679	0.7960	0.7991
31
0061	0.5846	0.8333	0.6930	0.7800	0.1931s	0.6657	0.7960	0.7978
32
0062	0.6160	0.8556	0.6904	0.7820	0.1911s	0.6652	0.8020	0.8032
33
0063	0.5395	0.8778	0.6921	0.7820	0.1925s	0.6677	0.8030	0.8029
34
0064	0.6000	0.8944	0.6964	0.7860	0.1936s	0.6707	0.7970	0.7967
35
0065	0.5123	0.8667	0.6937	0.7880	0.1931s	0.6692	0.8010	0.8008
36
0066	0.6241	0.8667	0.6923	0.7900	0.1927s	0.6657	0.8020	0.8018
37
0067	0.5601	0.8222	0.6908	0.7960	0.1929s	0.6626	0.8040	0.8050
38
0068	0.5351	0.8889	0.6952	0.8000	0.1914s	0.6627	0.8070	0.8084
39
0069	0.5747	0.8444	0.7037	0.7940	0.1930s	0.6685	0.8030	0.8053
40
0070	0.5791	0.9111	0.7132	0.7880	0.1951s	0.6778	0.7980	0.8008
41
0071	0.5310	0.8778	0.7292	0.7800	0.1920s	0.6892	0.7930	0.7957
42
0072	0.4941	0.8722	0.7431	0.7680	0.1929s	0.6990	0.7880	0.7908
43
0073	0.5834	0.8667	0.7420	0.7720	0.1914s	0.7007	0.7890	0.7910
44
0074	0.5552	0.8778	0.7341	0.7760	0.1911s	0.6972	0.7870	0.7879
45
0075	0.5507	0.8444	0.7227	0.7860	0.1933s	0.6924	0.8070	0.8066
46
0076	0.5093	0.8556	0.7183	0.7880	0.1915s	0.6941	0.7990	0.7975
47
0077	0.5488	0.8722	0.7167	0.7920	0.1931s	0.6935	0.8000	0.7999
48
0078	0.5797	0.8500	0.7166	0.7900	0.1932s	0.6938	0.7990	0.8000
49
0079	0.4702	0.9000	0.7249	0.7880	0.1933s	0.6969	0.8000	0.8019
50
0080	0.5947	0.8722	0.7364	0.7880	0.1901s	0.7007	0.7990	0.8015
51
0081	0.5168	0.8833	0.7461	0.7920	0.1949s	0.7033	0.7950	0.7978
52
0082	0.5574	0.8556	0.7457	0.7880	0.1935s	0.7016	0.7960	0.7974
53
0083	0.5071	0.8833	0.7465	0.7860	0.1930s	0.7020	0.7980	0.7970
54
0084	0.5777	0.8611	0.7473	0.7820	0.1935s	0.7048	0.7980	0.7959
55
0085	0.6283	0.8667	0.7470	0.7900	0.1931s	0.7072	0.8020	0.7997
56
0086	0.6072	0.8611	0.7478	0.7920	0.1937s	0.7093	0.8030	0.8010
57
0087	0.6076	0.8833	0.7533	0.7900	0.1935s	0.7122	0.8000	0.7992
58
0088	0.4916	0.8889	0.7600	0.7820	0.1937s	0.7159	0.7980	0.7977
59
0089	0.6120	0.8722	0.7606	0.7760	0.1934s	0.7164	0.7960	0.7961
60
0090	0.5382	0.8778	0.7579	0.7760	0.1936s	0.7150	0.7990	0.7992
61
0091	0.5919	0.8833	0.7621	0.7760	0.1929s	0.7177	0.8010	0.8005
62
0092	0.5147	0.8889	0.7661	0.7800	0.1930s	0.7193	0.7970	0.7962
63
0093	0.5478	0.8167	0.7680	0.7800	0.1912s	0.7182	0.7980	0.7969
64
0094	0.4896	0.8722	0.7702	0.7780	0.1936s	0.7183	0.7940	0.7924
65
0095	0.5206	0.8444	0.7679	0.7800	0.1916s	0.7176	0.7950	0.7937
66
0096	0.6681	0.8389	0.7654	0.7800	0.1941s	0.7161	0.7960	0.7944
67
0097	0.5287	0.8833	0.7637	0.7800	0.1939s	0.7166	0.7940	0.7926
68
0098	0.4923	0.8889	0.7654	0.7800	0.1934s	0.7180	0.7980	0.7969
69
0099	0.5305	0.8833	0.7617	0.7820	0.1939s	0.7164	0.7990	0.7984
70
0100	0.5013	0.8556	0.7605	0.7820	0.1934s	0.7162	0.7990	0.7981
71
0101	0.5951	0.8333	0.7613	0.7780	0.1933s	0.7149	0.8010	0.7997
72
0102	0.5229	0.8222	0.7652	0.7740	0.1936s	0.7144	0.8030	0.8023
73
0103	0.5037	0.8778	0.7730	0.7740	0.1935s	0.7165	0.8030	0.8020
74
0104	0.4731	0.9056	0.7772	0.7740	0.1944s	0.7181	0.7990	0.7983
75
0105	0.5223	0.8944	0.7774	0.7760	0.1937s	0.7171	0.8000	0.7998
76
0106	0.5569	0.8722	0.7745	0.7800	0.1935s	0.7163	0.8010	0.8012
77
0107	0.5395	0.8667	0.7718	0.7780	0.1930s	0.7141	0.8000	0.8005
78
0108	0.5326	0.8889	0.7716	0.7740	0.1930s	0.7145	0.8010	0.8020
79
0109	0.5091	0.8722	0.7759	0.7780	0.1958s	0.7165	0.8030	0.8041
80
0110	0.4708	0.9000	0.7858	0.7800	0.1933s	0.7207	0.8020	0.8025
81
0111	0.5424	0.9000	0.7956	0.7720	0.1932s	0.7253	0.8000	0.7999
82
0112	0.5773	0.8778	0.7992	0.7700	0.1935s	0.7273	0.7970	0.7969
83
0113	0.5449	0.8722	0.8008	0.7720	0.1931s	0.7305	0.7990	0.7992
84
0114	0.5075	0.8333	0.8009	0.7700	0.1919s	0.7309	0.8010	0.8012
85
0115	0.5048	0.8944	0.7996	0.7700	0.1915s	0.7302	0.8020	0.8025
86
0116	0.5554	0.8611	0.7983	0.7760	0.1931s	0.7279	0.7980	0.7984
87
0117	0.4987	0.8556	0.7967	0.7780	0.1926s	0.7247	0.8020	0.8024
88
0118	0.5578	0.9056	0.7981	0.7820	0.1934s	0.7242	0.7990	0.7988
89
0119	0.5131	0.8778	0.8015	0.7740	0.1939s	0.7264	0.7990	0.7987
90
0120	0.4437	0.8889	0.8042	0.7700	0.1927s	0.7277	0.7990	0.7990
91
0121	0.4828	0.8833	0.8055	0.7720	0.1933s	0.7287	0.7950	0.7961
92
0122	0.6027	0.8889	0.8037	0.7700	0.1931s	0.7264	0.7970	0.7984
93
0123	0.5217	0.8611	0.8013	0.7760	0.1927s	0.7243	0.7920	0.7928
94
0124	0.5055	0.8944	0.7975	0.7780	0.1934s	0.7212	0.7930	0.7936
95
0125	0.5587	0.8167	0.7941	0.7740	0.1932s	0.7176	0.7970	0.7964
96
0126	0.5072	0.8778	0.7917	0.7800	0.1930s	0.7147	0.7970	0.7958
97
0127	0.5110	0.9167	0.7939	0.7800	0.1963s	0.7160	0.7960	0.7944
98
0128	0.4766	0.8444	0.7965	0.7760	0.1932s	0.7167	0.7990	0.7970
99
0129	0.6044	0.8333	0.7959	0.7760	0.1934s	0.7155	0.8020	0.8001
100
0130	0.5616	0.8667	0.7931	0.7740	0.1911s	0.7127	0.8020	0.8008
101
0131	0.5127	0.8389	0.7938	0.7800	0.1927s	0.7156	0.8020	0.8022
102
0132	0.5504	0.9000	0.7985	0.7740	0.1933s	0.7220	0.7970	0.7982
103
0133	0.4829	0.9167	0.8020	0.7700	0.1936s	0.7295	0.7930	0.7948
104
0134	0.6239	0.8667	0.8030	0.7680	0.1932s	0.7295	0.7900	0.7914
105
0135	0.5314	0.8667	0.8029	0.7660	0.1915s	0.7291	0.7990	0.7991
106
0136	0.5591	0.9111	0.8034	0.7760	0.1934s	0.7320	0.7990	0.7976
107
0137	0.5897	0.9278	0.8040	0.7760	0.1930s	0.7367	0.7960	0.7924
108
0138	0.4762	0.8722	0.8007	0.7760	0.1935s	0.7343	0.7950	0.7909
109
0139	0.5003	0.8667	0.7942	0.7780	0.1931s	0.7271	0.7960	0.7929
110
0140	0.5460	0.8611	0.7894	0.7720	0.1935s	0.7172	0.7980	0.7961
111
0141	0.5604	0.8833	0.7899	0.7740	0.1935s	0.7146	0.7960	0.7954
112
0142	0.5006	0.8444	0.7951	0.7720	0.1928s	0.7185	0.7970	0.7978
113
0143	0.5617	0.8778	0.8024	0.7660	0.1934s	0.7265	0.7910	0.7933
114
0144	0.5449	0.8278	0.8029	0.7660	0.1928s	0.7318	0.7910	0.7921
115
0145	0.5470	0.8667	0.8005	0.7680	0.1934s	0.7334	0.7950	0.7948
116
0146	0.5031	0.8667	0.8013	0.7720	0.1931s	0.7365	0.7960	0.7951
117
0147	0.5547	0.8667	0.8024	0.7740	0.1935s	0.7405	0.7950	0.7932
118
0148	0.5258	0.8556	0.8030	0.7760	0.1938s	0.7436	0.7920	0.7894
119
0149	0.5372	0.8778	0.8058	0.7760	0.1928s	0.7455	0.7920	0.7896
120
0150	0.4730	0.8944	0.8136	0.7700	0.1915s	0.7487	0.7900	0.7886
121
0151	0.5361	0.8500	0.8205	0.7660	0.1910s	0.7509	0.7900	0.7896
122
0152	0.5128	0.8778	0.8253	0.7640	0.1915s	0.7509	0.7940	0.7941
123
0153	0.6057	0.8444	0.8238	0.7700	0.1950s	0.7468	0.7970	0.7976
124
0154	0.4912	0.8833	0.8208	0.7680	0.1934s	0.7441	0.7990	0.8008
125
0155	0.5237	0.8944	0.8090	0.7720	0.1931s	0.7354	0.7970	0.7978
126
0156	0.5279	0.8833	0.7999	0.7760	0.1932s	0.7286	0.7950	0.7950
127
0157	0.5070	0.8722	0.7943	0.7840	0.1931s	0.7236	0.7990	0.7984
128
0158	0.5209	0.8833	0.7947	0.7800	0.1918s	0.7224	0.8030	0.8020
129
0159	0.5276	0.8556	0.7975	0.7800	0.1937s	0.7241	0.8010	0.7997
130
0160	0.5530	0.9000	0.8013	0.7740	0.1937s	0.7274	0.7960	0.7957
131
0161	0.5650	0.8500	0.8035	0.7680	0.1938s	0.7305	0.7950	0.7956
132
0162	0.5110	0.8667	0.8070	0.7680	0.1934s	0.7324	0.7930	0.7945
133
0163	0.5093	0.8722	0.8090	0.7680	0.1936s	0.7342	0.7970	0.7988
134
0164	0.4717	0.9111	0.8100	0.7700	0.1961s	0.7362	0.7950	0.7971
135
0165	0.5323	0.8444	0.8020	0.7720	0.1937s	0.7332	0.7940	0.7957
136
0166	0.5160	0.8778	0.7914	0.7700	0.1931s	0.7295	0.7990	0.8002
137
0167	0.4560	0.8944	0.7837	0.7660	0.1934s	0.7271	0.8020	0.8022
138
0168	0.5489	0.8778	0.7793	0.7800	0.1932s	0.7247	0.8040	0.8038
139
0169	0.5400	0.8389	0.7811	0.7800	0.1914s	0.7253	0.8010	0.8004
140
0170	0.4874	0.8833	0.7839	0.7840	0.1930s	0.7285	0.7980	0.7977
141
0171	0.4861	0.9278	0.7907	0.7760	0.1933s	0.7324	0.7980	0.7986
142
0172	0.4931	0.8500	0.8020	0.7760	0.1932s	0.7418	0.7940	0.7944
143
0173	0.4501	0.8722	0.8178	0.7720	0.1913s	0.7545	0.7930	0.7942
144
0174	0.4848	0.9056	0.8311	0.7660	0.1932s	0.7624	0.7870	0.7887
145
0175	0.5250	0.8944	0.8341	0.7580	0.1912s	0.7620	0.7870	0.7886
146
0176	0.5589	0.8722	0.8341	0.7580	0.1908s	0.7589	0.7840	0.7854
147
0177	0.5120	0.8611	0.8261	0.7660	0.1937s	0.7510	0.7840	0.7858
148
0178	0.5701	0.8500	0.8174	0.7640	0.1908s	0.7439	0.7850	0.7864
149
0179	0.5342	0.9000	0.8122	0.7680	0.1879s	0.7406	0.7860	0.7872
150
0180	0.4991	0.9056	0.8079	0.7700	0.1889s	0.7376	0.7900	0.7904
151
0181	0.4928	0.8444	0.8040	0.7760	0.1947s	0.7368	0.7900	0.7907
152
0182	0.5442	0.8889	0.8034	0.7780	0.1884s	0.7390	0.7900	0.7908
153
0183	0.5364	0.8667	0.8033	0.7720	0.1879s	0.7439	0.7870	0.7881
154
0184	0.4948	0.8500	0.8038	0.7680	0.1877s	0.7493	0.7850	0.7868
155
0185	0.4861	0.8889	0.8066	0.7620	0.1881s	0.7568	0.7810	0.7832
156
0186	0.5325	0.9000	0.8084	0.7580	0.1937s	0.7604	0.7800	0.7820
157
0187	0.5020	0.8944	0.8120	0.7620	0.1877s	0.7626	0.7780	0.7803
158
0188	0.4994	0.8889	0.8145	0.7620	0.1886s	0.7629	0.7780	0.7797
159
0189	0.4863	0.9167	0.8134	0.7600	0.1920s	0.7580	0.7800	0.7814
160
0190	0.5344	0.8611	0.8071	0.7620	0.1918s	0.7498	0.7900	0.7905
161
0191	0.5397	0.8667	0.8025	0.7680	0.1915s	0.7420	0.7900	0.7902
162
0192	0.4775	0.8944	0.7987	0.7740	0.1938s	0.7367	0.7920	0.7922
163
0193	0.5444	0.8722	0.7979	0.7720	0.1880s	0.7353	0.7970	0.7966
164
0194	0.4993	0.9056	0.7989	0.7740	0.1879s	0.7338	0.7960	0.7959
165
0195	0.5387	0.8778	0.8014	0.7760	0.1904s	0.7342	0.7960	0.7960
166
0196	0.4848	0.8667	0.8027	0.7760	0.1907s	0.7362	0.7930	0.7941
167
0197	0.4741	0.9056	0.8008	0.7780	0.1933s	0.7377	0.7900	0.7927
168
0198	0.4389	0.8833	0.8009	0.7720	0.1889s	0.7420	0.7870	0.7905
169
0199	0.5549	0.8556	0.8037	0.7780	0.1901s	0.7469	0.7880	0.7917
170
0200	0.4675	0.8778	0.8037	0.7780	0.1922s	0.7486	0.7870	0.7910
171
0201	0.5294	0.8722	0.8035	0.7800	0.1881s	0.7472	0.7870	0.7907
172
0202	0.5735	0.8778	0.8010	0.7800	0.1886s	0.7427	0.7920	0.7948
173
0203	0.4811	0.8778	0.8016	0.7840	0.1936s	0.7377	0.7970	0.7988
174
0204	0.4756	0.8889	0.8024	0.7860	0.1898s	0.7349	0.7970	0.7981
175
0205	0.5075	0.8833	0.8011	0.7820	0.1891s	0.7348	0.7970	0.7971
176
0206	0.5457	0.8500	0.8018	0.7840	0.1937s	0.7379	0.7980	0.7977
177
0207	0.4931	0.9056	0.8042	0.7820	0.1903s	0.7403	0.8000	0.7992
178
0208	0.4350	0.9222	0.8086	0.7840	0.1888s	0.7421	0.8000	0.7983
179
0209	0.5369	0.8611	0.8133	0.7820	0.1883s	0.7433	0.8030	0.8017
180
0210	0.5034	0.8778	0.8193	0.7800	0.1946s	0.7451	0.8010	0.8003
181
0211	0.5091	0.9056	0.8243	0.7780	0.1914s	0.7478	0.7980	0.7982
182
0212	0.4551	0.8833	0.8287	0.7820	0.1882s	0.7506	0.7980	0.7985
183
0213	0.4443	0.8500	0.8340	0.7780	0.1892s	0.7551	0.7990	0.8003
184
0214	0.4455	0.9111	0.8361	0.7820	0.1916s	0.7593	0.7950	0.7974
185
0215	0.4850	0.8833	0.8310	0.7860	0.1891s	0.7591	0.7960	0.7983
186
0216	0.5186	0.8944	0.8252	0.7840	0.1881s	0.7591	0.7980	0.7993
187
0217	0.5026	0.8389	0.8227	0.7840	0.1919s	0.7597	0.7970	0.7979
188
0218	0.5467	0.8500	0.8164	0.7840	0.1901s	0.7554	0.7950	0.7955
189
0219	0.4642	0.8778	0.8117	0.7820	0.1916s	0.7517	0.7990	0.7987
190
0220	0.4459	0.8833	0.8115	0.7820	0.1918s	0.7480	0.7990	0.7988
191
0221	0.5073	0.9111	0.8159	0.7820	0.1938s	0.7476	0.8030	0.8016
192
0222	0.5179	0.8722	0.8229	0.7780	0.1935s	0.7486	0.7970	0.7955
193
0223	0.5333	0.8944	0.8277	0.7740	0.1918s	0.7472	0.7910	0.7898
194
0224	0.4881	0.8722	0.8277	0.7740	0.1894s	0.7437	0.7950	0.7944
195
0225	0.5201	0.9111	0.8249	0.7720	0.1916s	0.7393	0.7950	0.7951
196
0226	0.4767	0.8944	0.8221	0.7700	0.1921s	0.7363	0.7930	0.7943
197
0227	0.5028	0.8667	0.8192	0.7720	0.1881s	0.7358	0.7930	0.7957
198
0228	0.4673	0.8889	0.8171	0.7740	0.1922s	0.7376	0.7910	0.7941
199
Early stop! Min loss:0.6249116659164429,  Max accuracy:0.8220000000000001
Early stop model validation loss:0.6249116659164429,  accuracy:0.8
Optimization Finished!
Total time elapsed: 44.6605s
test max acc:0.8370
Loading 27th epoch
stru_node_to_hop attention:tensor([[0.3332, 0.3335, 0.3334],
        [0.3334, 0.3332, 0.3334],
        [0.3331, 0.3335, 0.3334],
        [0.3334, 0.3333, 0.3333],
        [0.3331, 0.3335, 0.3334],
        [0.3332, 0.3334, 0.3334],
        [0.3332, 0.3334, 0.3334],
        [0.3328, 0.3335, 0.3337],
        [0.3333, 0.3334, 0.3333],
        [0.3332, 0.3334, 0.3334],
        [0.3335, 0.3332, 0.3333],
        [0.3329, 0.3336, 0.3335],
        [0.3333, 0.3333, 0.3333],
        [0.3332, 0.3334, 0.3334],
        [0.3334, 0.3333, 0.3333],
        [0.3333, 0.3333, 0.3333],
        [0.3335, 0.3332, 0.3333],
        [0.3332, 0.3334, 0.3334],
        [0.3497, 0.3539, 0.2964],
        [0.3333, 0.3333, 0.3334],
        [0.3331, 0.3335, 0.3334],
        [0.3333, 0.3334, 0.3334],
        [0.3329, 0.3335, 0.3336],
        [0.3331, 0.3334, 0.3335],
        [0.3333, 0.3334, 0.3334],
        [0.3333, 0.3334, 0.3333],
        [0.3335, 0.3332, 0.3333],
        [0.3333, 0.3334, 0.3333],
        [0.3328, 0.3337, 0.3335],
        [0.3331, 0.3335, 0.3335],
        [0.3335, 0.3332, 0.3334],
        [0.3334, 0.3334, 0.3332],
        [0.3329, 0.3336, 0.3335],
        [0.3328, 0.3338, 0.3334],
        [0.3334, 0.3333, 0.3333],
        [0.3335, 0.3331, 0.3334],
        [0.3332, 0.3333, 0.3335],
        [0.3333, 0.3333, 0.3334],
        [0.3333, 0.3334, 0.3333],
        [0.3330, 0.3336, 0.3335],
        [0.3330, 0.3336, 0.3334],
        [0.3334, 0.3333, 0.3334],
        [0.3332, 0.3334, 0.3334],
        [0.3332, 0.3334, 0.3334],
        [0.3332, 0.3334, 0.3334],
        [0.3332, 0.3334, 0.3334],
        [0.3332, 0.3334, 0.3333],
        [0.3334, 0.3332, 0.3334],
        [0.3330, 0.3337, 0.3334],
        [0.3332, 0.3335, 0.3333],
        [0.3332, 0.3334, 0.3333],
        [0.3334, 0.3332, 0.3334],
        [0.3333, 0.3334, 0.3333],
        [0.3329, 0.3337, 0.3334],
        [0.3334, 0.3334, 0.3332],
        [0.3332, 0.3334, 0.3334],
        [0.3333, 0.3333, 0.3334],
        [0.3332, 0.3334, 0.3334],
        [0.3333, 0.3333, 0.3334],
        [0.3332, 0.3334, 0.3334],
        [0.3328, 0.3336, 0.3336],
        [0.3331, 0.3335, 0.3335],
        [0.3332, 0.3334, 0.3334],
        [0.3330, 0.3335, 0.3336],
        [0.3334, 0.3333, 0.3333],
        [0.3333, 0.3333, 0.3333],
        [0.3332, 0.3334, 0.3334],
        [0.3327, 0.3337, 0.3337],
        [0.3331, 0.3334, 0.3335],
        [0.3333, 0.3334, 0.3333],
        [0.3330, 0.3335, 0.3334],
        [0.3336, 0.3331, 0.3332],
        [0.3331, 0.3336, 0.3334],
        [0.3333, 0.3333, 0.3334],
        [0.3331, 0.3334, 0.3335],
        [0.3329, 0.3336, 0.3334],
        [0.3330, 0.3335, 0.3334],
        [0.3334, 0.3333, 0.3334],
        [0.3333, 0.3333, 0.3334],
        [0.3333, 0.3333, 0.3334],
        [0.3329, 0.3336, 0.3336],
        [0.3332, 0.3335, 0.3334],
        [0.3332, 0.3334, 0.3333],
        [0.3333, 0.3334, 0.3332],
        [0.3337, 0.3330, 0.3332],
        [0.3332, 0.3334, 0.3334],
        [0.3332, 0.3334, 0.3334],
        [0.3333, 0.3334, 0.3333],
        [0.3333, 0.3334, 0.3334],
        [0.3331, 0.3335, 0.3334],
        [0.3331, 0.3334, 0.3335],
        [0.3331, 0.3335, 0.3334],
        [0.3332, 0.3334, 0.3334],
        [0.3332, 0.3334, 0.3334],
        [0.3329, 0.3335, 0.3335],
        [0.3333, 0.3334, 0.3333],
        [0.3334, 0.3333, 0.3333],
        [0.2531, 0.4108, 0.3361],
        [0.3327, 0.3337, 0.3337],
        [0.3332, 0.3335, 0.3333]], device='cuda:1')
fea_node_to_hop attention:tensor([[0.1427, 0.1428, 0.1428, 0.1429, 0.1429, 0.1429, 0.1429],
        [0.1429, 0.1429, 0.1427, 0.1429, 0.1428, 0.1429, 0.1429],
        [0.1429, 0.1429, 0.1426, 0.1429, 0.1428, 0.1429, 0.1429],
        [0.1428, 0.1428, 0.1428, 0.1429, 0.1428, 0.1429, 0.1429],
        [0.1429, 0.1429, 0.1427, 0.1429, 0.1428, 0.1429, 0.1429],
        [0.1428, 0.1430, 0.1427, 0.1429, 0.1428, 0.1429, 0.1429],
        [0.1429, 0.1428, 0.1427, 0.1429, 0.1428, 0.1429, 0.1429],
        [0.1428, 0.1429, 0.1427, 0.1429, 0.1428, 0.1429, 0.1429],
        [0.1427, 0.1428, 0.1428, 0.1429, 0.1429, 0.1429, 0.1429],
        [0.1429, 0.1427, 0.1428, 0.1429, 0.1429, 0.1429, 0.1429],
        [0.1428, 0.1427, 0.1429, 0.1429, 0.1429, 0.1429, 0.1429],
        [0.1428, 0.1428, 0.1428, 0.1429, 0.1429, 0.1429, 0.1429],
        [0.1427, 0.1428, 0.1428, 0.1429, 0.1429, 0.1429, 0.1429],
        [0.1428, 0.1428, 0.1428, 0.1429, 0.1429, 0.1429, 0.1429],
        [0.1428, 0.1428, 0.1428, 0.1429, 0.1429, 0.1429, 0.1429],
        [0.1424, 0.1427, 0.1429, 0.1429, 0.1430, 0.1430, 0.1430],
        [0.1428, 0.1427, 0.1428, 0.1429, 0.1429, 0.1429, 0.1429],
        [0.1428, 0.1428, 0.1429, 0.1429, 0.1429, 0.1429, 0.1429],
        [0.1149, 0.1326, 0.1478, 0.1556, 0.1538, 0.1500, 0.1452],
        [0.1429, 0.1426, 0.1428, 0.1429, 0.1429, 0.1429, 0.1429],
        [0.1426, 0.1429, 0.1429, 0.1429, 0.1429, 0.1429, 0.1429],
        [0.1428, 0.1428, 0.1429, 0.1429, 0.1429, 0.1429, 0.1429],
        [0.1429, 0.1429, 0.1428, 0.1428, 0.1428, 0.1429, 0.1429],
        [0.1428, 0.1428, 0.1429, 0.1429, 0.1429, 0.1429, 0.1429],
        [0.1427, 0.1428, 0.1429, 0.1429, 0.1429, 0.1429, 0.1429],
        [0.1428, 0.1428, 0.1428, 0.1428, 0.1429, 0.1429, 0.1429],
        [0.1428, 0.1426, 0.1428, 0.1429, 0.1429, 0.1429, 0.1430],
        [0.1428, 0.1428, 0.1428, 0.1429, 0.1429, 0.1429, 0.1429],
        [0.1427, 0.1428, 0.1428, 0.1429, 0.1429, 0.1429, 0.1429],
        [0.1428, 0.1428, 0.1428, 0.1429, 0.1429, 0.1429, 0.1429],
        [0.1429, 0.1427, 0.1428, 0.1428, 0.1429, 0.1429, 0.1429],
        [0.1428, 0.1428, 0.1429, 0.1429, 0.1429, 0.1429, 0.1429],
        [0.1428, 0.1427, 0.1428, 0.1429, 0.1429, 0.1429, 0.1429],
        [0.1429, 0.1428, 0.1428, 0.1429, 0.1429, 0.1429, 0.1429],
        [0.1429, 0.1428, 0.1428, 0.1429, 0.1429, 0.1429, 0.1429],
        [0.1428, 0.1428, 0.1428, 0.1428, 0.1429, 0.1429, 0.1429],
        [0.1429, 0.1427, 0.1428, 0.1428, 0.1429, 0.1429, 0.1429],
        [0.1429, 0.1427, 0.1428, 0.1429, 0.1429, 0.1429, 0.1429],
        [0.1428, 0.1428, 0.1428, 0.1429, 0.1429, 0.1429, 0.1429],
        [0.1429, 0.1428, 0.1428, 0.1429, 0.1429, 0.1429, 0.1429],
        [0.1428, 0.1427, 0.1429, 0.1429, 0.1429, 0.1429, 0.1429],
        [0.1427, 0.1428, 0.1428, 0.1429, 0.1429, 0.1429, 0.1429],
        [0.1429, 0.1428, 0.1428, 0.1428, 0.1429, 0.1429, 0.1429],
        [0.1429, 0.1427, 0.1428, 0.1429, 0.1429, 0.1429, 0.1429],
        [0.1427, 0.1428, 0.1429, 0.1429, 0.1429, 0.1429, 0.1429],
        [0.1428, 0.1429, 0.1429, 0.1429, 0.1429, 0.1429, 0.1429],
        [0.1428, 0.1428, 0.1428, 0.1429, 0.1429, 0.1429, 0.1429],
        [0.1429, 0.1429, 0.1428, 0.1428, 0.1429, 0.1429, 0.1429],
        [0.1429, 0.1428, 0.1428, 0.1429, 0.1429, 0.1429, 0.1429],
        [0.1428, 0.1428, 0.1428, 0.1429, 0.1429, 0.1429, 0.1429],
        [0.1428, 0.1428, 0.1428, 0.1429, 0.1429, 0.1429, 0.1429],
        [0.1428, 0.1427, 0.1428, 0.1429, 0.1429, 0.1429, 0.1430],
        [0.1428, 0.1428, 0.1428, 0.1429, 0.1429, 0.1429, 0.1429],
        [0.1427, 0.1428, 0.1429, 0.1429, 0.1429, 0.1429, 0.1429],
        [0.1428, 0.1428, 0.1428, 0.1429, 0.1429, 0.1429, 0.1429],
        [0.1427, 0.1428, 0.1429, 0.1429, 0.1429, 0.1429, 0.1429],
        [0.1428, 0.1428, 0.1428, 0.1429, 0.1429, 0.1429, 0.1429],
        [0.1427, 0.1427, 0.1428, 0.1429, 0.1429, 0.1429, 0.1430],
        [0.1428, 0.1428, 0.1428, 0.1429, 0.1429, 0.1429, 0.1429],
        [0.1428, 0.1428, 0.1428, 0.1429, 0.1429, 0.1429, 0.1429],
        [0.1428, 0.1428, 0.1428, 0.1429, 0.1429, 0.1429, 0.1429],
        [0.1428, 0.1428, 0.1428, 0.1429, 0.1429, 0.1429, 0.1429],
        [0.1429, 0.1427, 0.1428, 0.1429, 0.1429, 0.1429, 0.1429],
        [0.1428, 0.1428, 0.1428, 0.1429, 0.1429, 0.1429, 0.1429],
        [0.1428, 0.1428, 0.1428, 0.1429, 0.1429, 0.1429, 0.1429],
        [0.1426, 0.1429, 0.1429, 0.1429, 0.1429, 0.1429, 0.1429],
        [0.1428, 0.1429, 0.1429, 0.1429, 0.1429, 0.1429, 0.1429],
        [0.1430, 0.1427, 0.1428, 0.1428, 0.1429, 0.1429, 0.1429],
        [0.1427, 0.1428, 0.1428, 0.1429, 0.1429, 0.1429, 0.1429],
        [0.1425, 0.1428, 0.1429, 0.1429, 0.1429, 0.1430, 0.1430],
        [0.1427, 0.1428, 0.1429, 0.1429, 0.1429, 0.1429, 0.1429],
        [0.1428, 0.1428, 0.1428, 0.1429, 0.1429, 0.1429, 0.1429],
        [0.1427, 0.1428, 0.1428, 0.1429, 0.1429, 0.1429, 0.1429],
        [0.1428, 0.1429, 0.1428, 0.1429, 0.1429, 0.1429, 0.1429],
        [0.1428, 0.1428, 0.1428, 0.1429, 0.1429, 0.1429, 0.1429],
        [0.1428, 0.1428, 0.1428, 0.1429, 0.1429, 0.1429, 0.1429],
        [0.1428, 0.1428, 0.1428, 0.1429, 0.1429, 0.1429, 0.1429],
        [0.1428, 0.1427, 0.1429, 0.1429, 0.1429, 0.1429, 0.1429],
        [0.1429, 0.1428, 0.1428, 0.1428, 0.1429, 0.1429, 0.1429],
        [0.1428, 0.1428, 0.1428, 0.1429, 0.1429, 0.1429, 0.1429],
        [0.1430, 0.1428, 0.1428, 0.1428, 0.1428, 0.1429, 0.1429],
        [0.1425, 0.1429, 0.1429, 0.1429, 0.1429, 0.1429, 0.1429],
        [0.1426, 0.1428, 0.1429, 0.1429, 0.1429, 0.1430, 0.1430],
        [0.1429, 0.1428, 0.1428, 0.1429, 0.1429, 0.1429, 0.1429],
        [0.1428, 0.1427, 0.1429, 0.1429, 0.1429, 0.1429, 0.1429],
        [0.1428, 0.1428, 0.1428, 0.1429, 0.1429, 0.1429, 0.1429],
        [0.1428, 0.1428, 0.1428, 0.1429, 0.1429, 0.1429, 0.1429],
        [0.1428, 0.1428, 0.1429, 0.1429, 0.1429, 0.1429, 0.1429],
        [0.1429, 0.1428, 0.1429, 0.1429, 0.1429, 0.1429, 0.1429],
        [0.1430, 0.1425, 0.1428, 0.1429, 0.1429, 0.1429, 0.1430],
        [0.1430, 0.1426, 0.1428, 0.1428, 0.1429, 0.1429, 0.1430],
        [0.1429, 0.1427, 0.1428, 0.1429, 0.1429, 0.1429, 0.1429],
        [0.1428, 0.1429, 0.1428, 0.1429, 0.1429, 0.1429, 0.1429],
        [0.1430, 0.1427, 0.1428, 0.1428, 0.1429, 0.1429, 0.1429],
        [0.1430, 0.1426, 0.1428, 0.1428, 0.1429, 0.1429, 0.1429],
        [0.1428, 0.1428, 0.1428, 0.1429, 0.1429, 0.1429, 0.1429],
        [0.1425, 0.1428, 0.1429, 0.1429, 0.1429, 0.1430, 0.1430],
        [0.1282, 0.1408, 0.1485, 0.1503, 0.1487, 0.1439, 0.1397],
        [0.1428, 0.1428, 0.1429, 0.1429, 0.1429, 0.1429, 0.1429],
        [0.1428, 0.1428, 0.1428, 0.1428, 0.1429, 0.1429, 0.1429]],
       device='cuda:1')
perception attention:tensor([0.3748, 0.6252], device='cuda:1')
Test set results: loss= 0.6039 accuracy= 0.8190 F1_score= 0.8207
