# epoch	loss_train	acc_train	loss_val	acc_val	time	acc_test	f1_test
0001	2.1995	0.0556	2.1392	0.4700	0.1871s	2.1418	0.4950	0.4246
0
0002	2.1521	0.3000	2.0679	0.5440	0.1933s	2.0717	0.5780	0.5119
0
0003	2.0970	0.3833	1.9837	0.5940	0.1932s	1.9908	0.6190	0.5822
0
0004	2.0127	0.4333	1.8894	0.6380	0.1989s	1.8964	0.6610	0.6515
0
0005	1.9367	0.4667	1.7855	0.7280	0.1879s	1.7900	0.7510	0.7405
0
0006	1.8122	0.5167	1.6749	0.7940	0.1878s	1.6756	0.8060	0.7968
0
0007	1.7180	0.6389	1.5589	0.8000	0.1933s	1.5562	0.8080	0.8036
0
0008	1.6454	0.7167	1.4414	0.8120	0.1936s	1.4363	0.8130	0.8132
0
0009	1.5587	0.7000	1.3262	0.8160	0.1935s	1.3194	0.8100	0.8139
0
0010	1.4873	0.7444	1.2161	0.8060	0.1917s	1.2081	0.8180	0.8218
0
0011	1.3857	0.7500	1.1161	0.8060	0.1931s	1.1080	0.8190	0.8218
0
0012	1.3121	0.7833	1.0285	0.8040	0.1929s	1.0227	0.8170	0.8189
0
0013	1.1962	0.7944	0.9539	0.8080	0.1934s	0.9482	0.8270	0.8296
0
0014	1.1210	0.7333	0.8920	0.8060	0.1916s	0.8860	0.8210	0.8256
0
0015	1.0752	0.8056	0.8410	0.7960	0.1937s	0.8354	0.8120	0.8174
0
0016	1.0409	0.8222	0.7969	0.7900	0.1933s	0.7903	0.7980	0.8044
0
0017	1.0273	0.7944	0.7591	0.7920	0.1935s	0.7493	0.8000	0.8051
0
0018	0.9475	0.7667	0.7276	0.7880	0.1929s	0.7138	0.8000	0.8043
0
0019	0.8768	0.8000	0.7058	0.7880	0.1933s	0.6864	0.8070	0.8098
0
0020	0.8484	0.8444	0.6901	0.7880	0.1951s	0.6622	0.8060	0.8090
0
0021	0.8333	0.8000	0.6785	0.7940	0.1935s	0.6442	0.8170	0.8188
0
0022	0.7894	0.8556	0.6724	0.7940	0.1936s	0.6347	0.8190	0.8211
0
0023	0.7921	0.8278	0.6657	0.7960	0.1936s	0.6300	0.8150	0.8176
0
0024	0.7804	0.8556	0.6594	0.7940	0.1937s	0.6273	0.8160	0.8181
0
0025	0.7581	0.8278	0.6542	0.7880	0.1929s	0.6238	0.8140	0.8159
0
0026	0.7185	0.8333	0.6525	0.7920	0.1937s	0.6212	0.8120	0.8139
0
0027	0.7394	0.8056	0.6528	0.8000	0.1939s	0.6180	0.8160	0.8169
0
0028	0.7157	0.8556	0.6558	0.7940	0.1917s	0.6183	0.8190	0.8205
1
0029	0.7271	0.8389	0.6602	0.7920	0.1975s	0.6153	0.8180	0.8189
2
0030	0.6818	0.8500	0.6651	0.7880	0.1932s	0.6111	0.8160	0.8170
3
0031	0.6615	0.8167	0.6722	0.7920	0.1930s	0.6106	0.8150	0.8168
4
0032	0.6491	0.8278	0.6819	0.7900	0.1941s	0.6134	0.8110	0.8128
5
0033	0.6446	0.8722	0.6923	0.7880	0.1914s	0.6207	0.8090	0.8105
6
0034	0.6418	0.8722	0.7005	0.7880	0.1934s	0.6285	0.8030	0.8051
7
0035	0.6796	0.8444	0.7031	0.7940	0.1938s	0.6343	0.8070	0.8093
8
0036	0.7101	0.8056	0.7009	0.7900	0.1916s	0.6366	0.8070	0.8092
9
0037	0.6555	0.8278	0.6905	0.7900	0.1926s	0.6332	0.8110	0.8122
10
0038	0.6512	0.8778	0.6824	0.7960	0.1932s	0.6326	0.8080	0.8078
11
0039	0.6492	0.8667	0.6759	0.7960	0.1931s	0.6303	0.8080	0.8068
12
0040	0.6160	0.8833	0.6752	0.7960	0.1933s	0.6292	0.8110	0.8093
13
0041	0.6479	0.8556	0.6848	0.7900	0.1931s	0.6346	0.8050	0.8043
14
0042	0.6308	0.8278	0.7011	0.7880	0.1936s	0.6451	0.7990	0.8002
15
0043	0.5911	0.9000	0.7099	0.7840	0.1932s	0.6510	0.7930	0.7959
16
0044	0.6087	0.8667	0.7091	0.7800	0.1932s	0.6514	0.7960	0.7992
17
0045	0.6317	0.8167	0.7013	0.7820	0.1949s	0.6449	0.8040	0.8071
18
0046	0.5911	0.8889	0.6963	0.7920	0.1932s	0.6417	0.8040	0.8068
19
0047	0.5980	0.9056	0.6947	0.7880	0.1934s	0.6404	0.8040	0.8066
20
0048	0.6465	0.8667	0.6954	0.7920	0.1932s	0.6393	0.8060	0.8077
21
0049	0.6375	0.8778	0.6929	0.7940	0.1938s	0.6353	0.8070	0.8086
22
0050	0.5521	0.8389	0.6910	0.7940	0.1932s	0.6346	0.8040	0.8048
23
0051	0.5651	0.8833	0.6935	0.7980	0.1934s	0.6376	0.8040	0.8048
24
0052	0.5596	0.8444	0.6979	0.7960	0.1931s	0.6428	0.8030	0.8035
25
0053	0.5756	0.8556	0.6993	0.7900	0.1932s	0.6493	0.8020	0.8024
26
0054	0.6417	0.8889	0.7021	0.7880	0.1937s	0.6564	0.8000	0.8008
27
0055	0.5731	0.9111	0.7061	0.7880	0.1951s	0.6634	0.7970	0.7977
28
0056	0.6063	0.8667	0.7070	0.7920	0.1932s	0.6640	0.7980	0.7987
29
0057	0.6400	0.9167	0.7092	0.7820	0.1946s	0.6647	0.7980	0.7993
30
0058	0.5252	0.8667	0.7127	0.7840	0.1936s	0.6628	0.8020	0.8036
31
0059	0.5463	0.8778	0.7127	0.7820	0.1934s	0.6583	0.8040	0.8049
32
0060	0.5316	0.8833	0.7114	0.7820	0.1935s	0.6553	0.8000	0.8013
33
0061	0.5169	0.8889	0.7112	0.7800	0.1934s	0.6533	0.7960	0.7970
34
0062	0.5961	0.8611	0.7154	0.7780	0.1932s	0.6530	0.7930	0.7939
35
0063	0.5698	0.8667	0.7189	0.7800	0.1930s	0.6525	0.7920	0.7923
36
0064	0.5714	0.9111	0.7205	0.7780	0.1924s	0.6506	0.7950	0.7958
37
0065	0.6277	0.8778	0.7176	0.7800	0.1934s	0.6510	0.7980	0.8001
38
0066	0.5205	0.8722	0.7153	0.7800	0.1936s	0.6540	0.8010	0.8030
39
0067	0.6089	0.8833	0.7168	0.7720	0.1958s	0.6601	0.8000	0.8021
40
0068	0.5595	0.8778	0.7183	0.7740	0.1933s	0.6663	0.7960	0.7981
41
0069	0.6043	0.8500	0.7217	0.7700	0.1942s	0.6701	0.7970	0.7985
42
0070	0.5733	0.8500	0.7247	0.7740	0.1933s	0.6724	0.7960	0.7968
43
0071	0.5405	0.9222	0.7269	0.7760	0.1916s	0.6740	0.7980	0.7980
44
0072	0.5963	0.8500	0.7246	0.7780	0.1915s	0.6751	0.8010	0.8004
45
0073	0.6436	0.8667	0.7223	0.7860	0.1935s	0.6701	0.8040	0.8035
46
0074	0.5692	0.8944	0.7234	0.7960	0.1934s	0.6652	0.8050	0.8063
47
0075	0.5929	0.9000	0.7267	0.7960	0.1931s	0.6650	0.8010	0.8034
48
0076	0.5431	0.8444	0.7292	0.7880	0.1935s	0.6662	0.8020	0.8041
49
0077	0.5573	0.8833	0.7298	0.7880	0.1934s	0.6682	0.8030	0.8051
50
0078	0.5239	0.8444	0.7292	0.7940	0.1931s	0.6688	0.8010	0.8024
51
0079	0.5890	0.8444	0.7292	0.7960	0.1932s	0.6734	0.7960	0.7969
52
0080	0.5157	0.8611	0.7265	0.7960	0.1929s	0.6791	0.7950	0.7949
53
0081	0.5850	0.9111	0.7259	0.7900	0.1909s	0.6846	0.7910	0.7915
54
0082	0.5171	0.8944	0.7213	0.7900	0.1930s	0.6851	0.7930	0.7945
55
0083	0.6197	0.8556	0.7176	0.7920	0.1927s	0.6848	0.7920	0.7939
56
0084	0.5647	0.8611	0.7104	0.8020	0.2018s	0.6815	0.7950	0.7967
57
0085	0.5220	0.8667	0.7062	0.7960	0.2124s	0.6783	0.7960	0.7969
58
0086	0.5277	0.8667	0.7120	0.7940	0.2075s	0.6812	0.7930	0.7939
59
0087	0.5223	0.8667	0.7208	0.7960	0.2079s	0.6857	0.7890	0.7906
60
0088	0.5592	0.8722	0.7313	0.7900	0.2075s	0.6907	0.7920	0.7939
61
0089	0.5695	0.9167	0.7422	0.7880	0.2044s	0.6975	0.7930	0.7946
62
0090	0.4866	0.9056	0.7512	0.7820	0.1939s	0.7034	0.7890	0.7907
63
0091	0.5626	0.8556	0.7521	0.7840	0.1932s	0.7068	0.7990	0.8006
64
0092	0.5502	0.9056	0.7515	0.7800	0.1919s	0.7100	0.8010	0.8025
65
0093	0.6148	0.8556	0.7482	0.7820	0.1946s	0.7111	0.8010	0.8019
66
0094	0.5361	0.8333	0.7505	0.7920	0.1936s	0.7176	0.8000	0.8004
67
0095	0.5766	0.8556	0.7561	0.7860	0.1921s	0.7239	0.7920	0.7924
68
0096	0.6093	0.8222	0.7597	0.7760	0.1964s	0.7263	0.7920	0.7928
69
0097	0.5091	0.8667	0.7643	0.7800	0.1965s	0.7274	0.7920	0.7942
70
0098	0.5395	0.8833	0.7631	0.7820	0.1990s	0.7242	0.7940	0.7969
71
0099	0.5333	0.8611	0.7644	0.7740	0.1922s	0.7204	0.7940	0.7975
72
0100	0.4797	0.8889	0.7687	0.7720	0.1941s	0.7208	0.7910	0.7945
73
0101	0.5808	0.8778	0.7693	0.7740	0.1933s	0.7198	0.7900	0.7924
74
0102	0.5125	0.8722	0.7688	0.7780	0.1938s	0.7202	0.7910	0.7931
75
0103	0.6199	0.8278	0.7678	0.7820	0.1937s	0.7179	0.7920	0.7933
76
0104	0.5741	0.8500	0.7649	0.7820	0.1931s	0.7171	0.7940	0.7942
77
0105	0.5751	0.8944	0.7683	0.7820	0.1947s	0.7203	0.7900	0.7903
78
0106	0.5866	0.8889	0.7790	0.7740	0.1934s	0.7270	0.7850	0.7851
79
0107	0.5333	0.9111	0.7902	0.7720	0.1929s	0.7345	0.7880	0.7891
80
0108	0.5386	0.8944	0.7985	0.7700	0.1936s	0.7374	0.7850	0.7875
81
0109	0.5173	0.8667	0.7986	0.7680	0.1920s	0.7341	0.7830	0.7860
82
0110	0.5199	0.8889	0.7920	0.7760	0.1934s	0.7246	0.7870	0.7893
83
0111	0.5260	0.8333	0.7891	0.7760	0.1933s	0.7182	0.7880	0.7901
84
0112	0.5037	0.8833	0.7839	0.7760	0.1942s	0.7110	0.7910	0.7919
85
0113	0.5618	0.8778	0.7786	0.7780	0.1955s	0.7059	0.7910	0.7914
86
0114	0.6123	0.8333	0.7707	0.7860	0.1933s	0.7010	0.7910	0.7916
87
0115	0.5134	0.9444	0.7665	0.7820	0.1933s	0.7009	0.7930	0.7938
88
0116	0.5051	0.8722	0.7651	0.7700	0.1928s	0.7049	0.7910	0.7919
89
0117	0.4884	0.9111	0.7658	0.7700	0.1945s	0.7110	0.7900	0.7915
90
0118	0.5299	0.8889	0.7699	0.7660	0.1938s	0.7195	0.7890	0.7911
91
0119	0.4684	0.9000	0.7755	0.7700	0.1933s	0.7243	0.7830	0.7855
92
0120	0.6167	0.8500	0.7764	0.7660	0.1930s	0.7241	0.7840	0.7861
93
0121	0.5416	0.8889	0.7742	0.7660	0.1935s	0.7213	0.7810	0.7833
94
0122	0.4951	0.8500	0.7707	0.7720	0.1916s	0.7159	0.7860	0.7871
95
0123	0.4913	0.9000	0.7711	0.7760	0.1933s	0.7125	0.7870	0.7874
96
0124	0.5479	0.8556	0.7727	0.7740	0.1931s	0.7113	0.7870	0.7867
97
0125	0.4871	0.8778	0.7715	0.7840	0.1941s	0.7093	0.7880	0.7878
98
0126	0.4868	0.8444	0.7707	0.7760	0.1930s	0.7079	0.7890	0.7893
99
0127	0.5015	0.8944	0.7685	0.7760	0.1935s	0.7061	0.7890	0.7896
100
0128	0.5092	0.8833	0.7657	0.7780	0.1930s	0.7037	0.7880	0.7899
101
0129	0.5022	0.8278	0.7642	0.7780	0.1934s	0.7036	0.7860	0.7893
102
0130	0.4701	0.9056	0.7645	0.7840	0.1956s	0.7057	0.7850	0.7894
103
0131	0.5116	0.8611	0.7662	0.7820	0.1953s	0.7058	0.7870	0.7905
104
0132	0.5541	0.8833	0.7718	0.7780	0.1943s	0.7077	0.7930	0.7955
105
0133	0.5005	0.8722	0.7753	0.7840	0.1937s	0.7078	0.7950	0.7970
106
0134	0.4846	0.8778	0.7841	0.7780	0.1915s	0.7108	0.7930	0.7946
107
0135	0.4637	0.8833	0.7891	0.7820	0.1934s	0.7111	0.7950	0.7962
108
0136	0.5403	0.8889	0.7939	0.7840	0.1936s	0.7118	0.7950	0.7963
109
0137	0.4906	0.8833	0.7946	0.7800	0.1932s	0.7112	0.7940	0.7950
110
0138	0.4987	0.8944	0.7963	0.7740	0.1943s	0.7122	0.7960	0.7970
111
0139	0.5626	0.8667	0.7967	0.7800	0.1931s	0.7136	0.7970	0.7985
112
0140	0.4013	0.9667	0.7978	0.7760	0.1916s	0.7147	0.7980	0.7992
113
0141	0.4418	0.9389	0.8006	0.7760	0.1955s	0.7164	0.7970	0.7989
114
0142	0.4421	0.8778	0.8043	0.7740	0.1935s	0.7210	0.7950	0.7974
115
0143	0.5734	0.8722	0.8090	0.7760	0.1935s	0.7276	0.7960	0.7986
116
0144	0.4828	0.8889	0.8142	0.7780	0.1947s	0.7344	0.7900	0.7927
117
0145	0.4561	0.8611	0.8145	0.7780	0.1931s	0.7376	0.7930	0.7957
118
0146	0.4692	0.8833	0.8140	0.7740	0.1934s	0.7373	0.7930	0.7957
119
0147	0.5798	0.8667	0.8087	0.7680	0.1948s	0.7332	0.7950	0.7973
120
0148	0.5172	0.8833	0.8017	0.7760	0.1936s	0.7267	0.8000	0.8013
121
0149	0.5396	0.9056	0.7971	0.7840	0.1934s	0.7229	0.8010	0.8022
122
0150	0.4949	0.9056	0.7979	0.7860	0.1959s	0.7216	0.8020	0.8020
123
0151	0.5557	0.8889	0.8013	0.7840	0.1932s	0.7205	0.8030	0.8024
124
0152	0.5701	0.8556	0.8115	0.7860	0.1931s	0.7233	0.8010	0.8002
125
0153	0.5325	0.9222	0.8223	0.7800	0.1937s	0.7309	0.7950	0.7942
126
0154	0.5136	0.8722	0.8309	0.7740	0.1929s	0.7388	0.7910	0.7905
127
0155	0.4878	0.8833	0.8317	0.7720	0.1936s	0.7412	0.7940	0.7940
128
0156	0.5492	0.8611	0.8235	0.7660	0.1941s	0.7371	0.7970	0.7972
129
0157	0.4876	0.8889	0.8120	0.7740	0.1933s	0.7295	0.8060	0.8064
130
0158	0.5101	0.8944	0.8034	0.7880	0.1932s	0.7259	0.7970	0.7979
131
0159	0.4938	0.8833	0.8001	0.7920	0.1935s	0.7252	0.7950	0.7957
132
0160	0.5129	0.8889	0.7989	0.7940	0.1915s	0.7266	0.7940	0.7945
133
0161	0.5013	0.9222	0.7995	0.7880	0.1934s	0.7282	0.7930	0.7935
134
0162	0.5275	0.8611	0.8009	0.7880	0.1942s	0.7305	0.7990	0.7993
135
0163	0.4682	0.8833	0.8054	0.7820	0.1932s	0.7339	0.8010	0.8010
136
0164	0.4987	0.8611	0.8051	0.7840	0.1933s	0.7362	0.8010	0.8008
137
0165	0.4627	0.9111	0.8009	0.7860	0.1944s	0.7360	0.8000	0.8000
138
0166	0.5571	0.8778	0.7921	0.7900	0.1933s	0.7336	0.7970	0.7970
139
0167	0.4844	0.8611	0.7887	0.7860	0.1939s	0.7330	0.7940	0.7942
140
0168	0.4820	0.9056	0.7868	0.7800	0.1941s	0.7342	0.7940	0.7944
141
0169	0.4962	0.8778	0.7842	0.7840	0.1935s	0.7375	0.7910	0.7923
142
0170	0.4082	0.9167	0.7828	0.7860	0.1959s	0.7409	0.7920	0.7936
143
0171	0.4718	0.8889	0.7828	0.7860	0.1920s	0.7447	0.7900	0.7923
144
0172	0.4344	0.9111	0.7836	0.7860	0.1922s	0.7466	0.7920	0.7943
145
0173	0.4840	0.9000	0.7817	0.7860	0.1931s	0.7465	0.7930	0.7940
146
0174	0.4895	0.9056	0.7783	0.7880	0.1934s	0.7463	0.7930	0.7934
147
0175	0.5497	0.8556	0.7713	0.7940	0.1940s	0.7418	0.7960	0.7956
148
0176	0.4792	0.8944	0.7701	0.7920	0.1933s	0.7392	0.7990	0.7981
149
0177	0.5150	0.9111	0.7730	0.7820	0.1934s	0.7392	0.7970	0.7961
150
0178	0.5405	0.8944	0.7730	0.7820	0.1928s	0.7396	0.7910	0.7904
151
0179	0.5036	0.8889	0.7722	0.7680	0.1931s	0.7394	0.7950	0.7946
152
0180	0.4837	0.9167	0.7713	0.7720	0.1933s	0.7377	0.7960	0.7961
153
0181	0.4645	0.8833	0.7692	0.7860	0.1953s	0.7320	0.7960	0.7968
154
0182	0.5099	0.8722	0.7699	0.7900	0.1931s	0.7290	0.7980	0.7983
155
0183	0.4701	0.9111	0.7723	0.7880	0.1932s	0.7289	0.7970	0.7978
156
0184	0.5169	0.9056	0.7763	0.7800	0.1931s	0.7298	0.7930	0.7938
157
0185	0.4928	0.8667	0.7810	0.7760	0.1939s	0.7330	0.7900	0.7908
158
0186	0.4696	0.8500	0.7838	0.7720	0.1935s	0.7336	0.7930	0.7938
159
0187	0.4538	0.8667	0.7837	0.7780	0.1918s	0.7316	0.7930	0.7933
160
0188	0.5259	0.8611	0.7834	0.7760	0.1932s	0.7289	0.7930	0.7936
161
0189	0.4821	0.8556	0.7828	0.7760	0.1953s	0.7275	0.7870	0.7884
162
0190	0.4821	0.8833	0.7826	0.7720	0.1948s	0.7258	0.7930	0.7948
163
0191	0.4793	0.8778	0.7812	0.7760	0.1929s	0.7215	0.7920	0.7935
164
0192	0.4356	0.8944	0.7816	0.7740	0.1933s	0.7180	0.7980	0.7989
165
0193	0.4865	0.9167	0.7887	0.7740	0.1933s	0.7177	0.7990	0.7995
166
0194	0.4925	0.8889	0.7965	0.7700	0.1926s	0.7196	0.8010	0.8010
167
0195	0.5848	0.8222	0.7981	0.7720	0.1915s	0.7197	0.7990	0.7990
168
0196	0.4333	0.9000	0.7985	0.7680	0.1941s	0.7202	0.7990	0.7996
169
0197	0.4549	0.8889	0.7933	0.7700	0.1934s	0.7204	0.7980	0.7990
170
0198	0.5860	0.8778	0.7858	0.7620	0.1916s	0.7199	0.7980	0.7994
171
0199	0.4551	0.8833	0.7810	0.7680	0.1933s	0.7204	0.7950	0.7963
172
0200	0.5484	0.8778	0.7768	0.7720	0.1933s	0.7213	0.7950	0.7954
173
0201	0.5059	0.8722	0.7716	0.7680	0.1934s	0.7215	0.7990	0.7989
174
0202	0.5366	0.9056	0.7725	0.7660	0.1936s	0.7223	0.7990	0.7980
175
0203	0.5523	0.8667	0.7790	0.7660	0.1941s	0.7238	0.8020	0.8007
176
0204	0.5015	0.9056	0.7954	0.7740	0.1945s	0.7301	0.7950	0.7941
177
0205	0.5109	0.8778	0.8096	0.7740	0.1947s	0.7362	0.7960	0.7959
178
0206	0.5265	0.9000	0.8241	0.7740	0.1944s	0.7436	0.7980	0.7991
179
0207	0.5069	0.8889	0.8359	0.7700	0.1941s	0.7504	0.7910	0.7927
180
0208	0.5167	0.8500	0.8390	0.7720	0.1961s	0.7518	0.7900	0.7913
181
0209	0.4827	0.8611	0.8332	0.7700	0.1943s	0.7480	0.7940	0.7937
182
0210	0.5384	0.8722	0.8234	0.7740	0.1943s	0.7412	0.7940	0.7939
183
0211	0.5444	0.8944	0.8177	0.7760	0.1945s	0.7382	0.7930	0.7927
184
0212	0.5130	0.8722	0.8133	0.7800	0.1946s	0.7365	0.7930	0.7928
185
0213	0.4774	0.8889	0.8122	0.7780	0.1947s	0.7366	0.7940	0.7938
186
0214	0.4830	0.8778	0.8144	0.7740	0.1943s	0.7368	0.7940	0.7935
187
0215	0.5526	0.8611	0.8179	0.7700	0.1942s	0.7383	0.7910	0.7907
188
0216	0.4401	0.8889	0.8234	0.7680	0.1922s	0.7423	0.7930	0.7944
189
0217	0.5052	0.8722	0.8288	0.7640	0.1945s	0.7469	0.7910	0.7929
190
0218	0.4476	0.8944	0.8288	0.7660	0.1951s	0.7480	0.7900	0.7918
191
0219	0.5371	0.8778	0.8270	0.7680	0.1941s	0.7478	0.7890	0.7911
192
0220	0.4784	0.8722	0.8208	0.7720	0.1944s	0.7456	0.7900	0.7913
193
0221	0.5062	0.8722	0.8104	0.7740	0.1935s	0.7418	0.7920	0.7929
194
0222	0.4996	0.8833	0.8029	0.7760	0.1941s	0.7376	0.7960	0.7964
195
0223	0.5068	0.9000	0.7957	0.7780	0.1944s	0.7336	0.7980	0.7982
196
0224	0.4536	0.8944	0.7930	0.7800	0.1884s	0.7311	0.7970	0.7972
197
0225	0.5722	0.8611	0.7949	0.7780	0.1877s	0.7302	0.8000	0.8010
198
0226	0.4894	0.8889	0.8006	0.7780	0.1942s	0.7321	0.7970	0.7988
199
Early stop! Min loss:0.6525379419326782,  Max accuracy:0.8160000000000001
Early stop model validation loss:0.6525379419326782,  accuracy:0.792
Optimization Finished!
Total time elapsed: 44.6728s
test max acc:0.8270
Loading 25th epoch
stru_node_to_hop attention:tensor([[0.3331, 0.3335, 0.3334],
        [0.3332, 0.3334, 0.3334],
        [0.3331, 0.3334, 0.3335],
        [0.3333, 0.3334, 0.3333],
        [0.3333, 0.3333, 0.3334],
        [0.3333, 0.3333, 0.3334],
        [0.3332, 0.3334, 0.3335],
        [0.3333, 0.3332, 0.3335],
        [0.3331, 0.3336, 0.3333],
        [0.3331, 0.3334, 0.3335],
        [0.3334, 0.3333, 0.3333],
        [0.3333, 0.3334, 0.3333],
        [0.3334, 0.3333, 0.3333],
        [0.3329, 0.3335, 0.3335],
        [0.3333, 0.3334, 0.3333],
        [0.3331, 0.3334, 0.3334],
        [0.3333, 0.3333, 0.3334],
        [0.3331, 0.3335, 0.3334],
        [0.3252, 0.3750, 0.2999],
        [0.3331, 0.3334, 0.3335],
        [0.3332, 0.3334, 0.3334],
        [0.3334, 0.3333, 0.3333],
        [0.3331, 0.3334, 0.3335],
        [0.3333, 0.3333, 0.3334],
        [0.3333, 0.3334, 0.3334],
        [0.3332, 0.3335, 0.3333],
        [0.3333, 0.3333, 0.3334],
        [0.3332, 0.3335, 0.3333],
        [0.3331, 0.3335, 0.3334],
        [0.3329, 0.3336, 0.3335],
        [0.3333, 0.3333, 0.3334],
        [0.3334, 0.3334, 0.3333],
        [0.3331, 0.3335, 0.3334],
        [0.3331, 0.3335, 0.3334],
        [0.3332, 0.3334, 0.3334],
        [0.3333, 0.3333, 0.3335],
        [0.3330, 0.3334, 0.3335],
        [0.3334, 0.3333, 0.3334],
        [0.3330, 0.3337, 0.3333],
        [0.3330, 0.3335, 0.3334],
        [0.3331, 0.3335, 0.3334],
        [0.3332, 0.3334, 0.3334],
        [0.3330, 0.3335, 0.3335],
        [0.3332, 0.3334, 0.3334],
        [0.3332, 0.3334, 0.3334],
        [0.3333, 0.3334, 0.3334],
        [0.3332, 0.3334, 0.3333],
        [0.3333, 0.3333, 0.3334],
        [0.3331, 0.3335, 0.3334],
        [0.3331, 0.3336, 0.3334],
        [0.3333, 0.3334, 0.3334],
        [0.3329, 0.3335, 0.3336],
        [0.3331, 0.3336, 0.3334],
        [0.3331, 0.3335, 0.3334],
        [0.3334, 0.3333, 0.3333],
        [0.3333, 0.3334, 0.3334],
        [0.3333, 0.3333, 0.3333],
        [0.3332, 0.3334, 0.3334],
        [0.3333, 0.3333, 0.3334],
        [0.3333, 0.3333, 0.3333],
        [0.3331, 0.3335, 0.3334],
        [0.3331, 0.3334, 0.3334],
        [0.3333, 0.3333, 0.3334],
        [0.3333, 0.3333, 0.3334],
        [0.3332, 0.3335, 0.3334],
        [0.3332, 0.3334, 0.3334],
        [0.3329, 0.3335, 0.3335],
        [0.3333, 0.3333, 0.3334],
        [0.3330, 0.3335, 0.3335],
        [0.3332, 0.3334, 0.3334],
        [0.3330, 0.3335, 0.3335],
        [0.3336, 0.3332, 0.3332],
        [0.3331, 0.3335, 0.3334],
        [0.3333, 0.3333, 0.3334],
        [0.3332, 0.3335, 0.3334],
        [0.3333, 0.3333, 0.3334],
        [0.3331, 0.3335, 0.3334],
        [0.3334, 0.3332, 0.3333],
        [0.3331, 0.3335, 0.3334],
        [0.3333, 0.3333, 0.3334],
        [0.3333, 0.3333, 0.3333],
        [0.3331, 0.3335, 0.3334],
        [0.3333, 0.3334, 0.3333],
        [0.3332, 0.3334, 0.3334],
        [0.3334, 0.3333, 0.3334],
        [0.3334, 0.3333, 0.3333],
        [0.3334, 0.3333, 0.3333],
        [0.3332, 0.3334, 0.3334],
        [0.3332, 0.3334, 0.3334],
        [0.3333, 0.3333, 0.3333],
        [0.3330, 0.3335, 0.3335],
        [0.3331, 0.3335, 0.3334],
        [0.3331, 0.3335, 0.3335],
        [0.3331, 0.3334, 0.3335],
        [0.3334, 0.3333, 0.3333],
        [0.3333, 0.3333, 0.3334],
        [0.3333, 0.3334, 0.3334],
        [0.2659, 0.4031, 0.3310],
        [0.3332, 0.3334, 0.3334],
        [0.3333, 0.3333, 0.3334]], device='cuda:1')
fea_node_to_hop attention:tensor([[0.1429, 0.1428, 0.1428, 0.1429, 0.1429, 0.1429, 0.1429],
        [0.1427, 0.1429, 0.1428, 0.1429, 0.1428, 0.1429, 0.1429],
        [0.1428, 0.1429, 0.1428, 0.1429, 0.1429, 0.1429, 0.1429],
        [0.1428, 0.1428, 0.1428, 0.1429, 0.1429, 0.1429, 0.1429],
        [0.1428, 0.1429, 0.1427, 0.1429, 0.1428, 0.1429, 0.1429],
        [0.1428, 0.1429, 0.1427, 0.1429, 0.1428, 0.1429, 0.1429],
        [0.1427, 0.1429, 0.1429, 0.1429, 0.1429, 0.1429, 0.1429],
        [0.1427, 0.1429, 0.1427, 0.1429, 0.1428, 0.1429, 0.1429],
        [0.1426, 0.1428, 0.1429, 0.1429, 0.1429, 0.1429, 0.1429],
        [0.1429, 0.1428, 0.1428, 0.1428, 0.1429, 0.1429, 0.1429],
        [0.1427, 0.1428, 0.1428, 0.1429, 0.1429, 0.1429, 0.1429],
        [0.1429, 0.1428, 0.1428, 0.1428, 0.1429, 0.1429, 0.1429],
        [0.1427, 0.1428, 0.1428, 0.1429, 0.1429, 0.1429, 0.1430],
        [0.1429, 0.1427, 0.1429, 0.1429, 0.1429, 0.1429, 0.1429],
        [0.1427, 0.1428, 0.1428, 0.1429, 0.1429, 0.1429, 0.1429],
        [0.1425, 0.1428, 0.1429, 0.1429, 0.1429, 0.1430, 0.1430],
        [0.1429, 0.1428, 0.1428, 0.1428, 0.1429, 0.1429, 0.1429],
        [0.1428, 0.1428, 0.1429, 0.1429, 0.1429, 0.1429, 0.1429],
        [0.1230, 0.1254, 0.1453, 0.1527, 0.1552, 0.1514, 0.1470],
        [0.1429, 0.1428, 0.1428, 0.1429, 0.1429, 0.1429, 0.1429],
        [0.1428, 0.1428, 0.1428, 0.1429, 0.1429, 0.1429, 0.1429],
        [0.1429, 0.1428, 0.1428, 0.1428, 0.1429, 0.1429, 0.1429],
        [0.1429, 0.1428, 0.1428, 0.1428, 0.1429, 0.1429, 0.1429],
        [0.1427, 0.1428, 0.1429, 0.1429, 0.1429, 0.1429, 0.1429],
        [0.1428, 0.1428, 0.1429, 0.1429, 0.1429, 0.1429, 0.1429],
        [0.1427, 0.1428, 0.1428, 0.1429, 0.1429, 0.1429, 0.1429],
        [0.1426, 0.1428, 0.1429, 0.1429, 0.1429, 0.1429, 0.1429],
        [0.1428, 0.1428, 0.1428, 0.1429, 0.1429, 0.1429, 0.1429],
        [0.1429, 0.1428, 0.1428, 0.1429, 0.1429, 0.1429, 0.1429],
        [0.1427, 0.1428, 0.1429, 0.1429, 0.1429, 0.1429, 0.1429],
        [0.1428, 0.1428, 0.1428, 0.1429, 0.1429, 0.1429, 0.1429],
        [0.1428, 0.1428, 0.1428, 0.1429, 0.1429, 0.1429, 0.1429],
        [0.1429, 0.1428, 0.1428, 0.1428, 0.1429, 0.1429, 0.1429],
        [0.1429, 0.1428, 0.1428, 0.1429, 0.1429, 0.1429, 0.1429],
        [0.1428, 0.1428, 0.1428, 0.1429, 0.1429, 0.1429, 0.1429],
        [0.1428, 0.1428, 0.1428, 0.1429, 0.1429, 0.1429, 0.1429],
        [0.1428, 0.1428, 0.1428, 0.1429, 0.1429, 0.1429, 0.1429],
        [0.1428, 0.1428, 0.1428, 0.1429, 0.1429, 0.1429, 0.1429],
        [0.1412, 0.1431, 0.1431, 0.1432, 0.1432, 0.1431, 0.1431],
        [0.1428, 0.1428, 0.1428, 0.1429, 0.1429, 0.1429, 0.1429],
        [0.1429, 0.1427, 0.1429, 0.1429, 0.1429, 0.1429, 0.1429],
        [0.1428, 0.1428, 0.1428, 0.1429, 0.1429, 0.1429, 0.1429],
        [0.1429, 0.1427, 0.1428, 0.1428, 0.1429, 0.1429, 0.1429],
        [0.1427, 0.1428, 0.1428, 0.1429, 0.1429, 0.1429, 0.1429],
        [0.1428, 0.1428, 0.1428, 0.1429, 0.1429, 0.1429, 0.1429],
        [0.1428, 0.1428, 0.1428, 0.1429, 0.1429, 0.1429, 0.1429],
        [0.1428, 0.1428, 0.1428, 0.1429, 0.1429, 0.1429, 0.1429],
        [0.1429, 0.1428, 0.1428, 0.1428, 0.1429, 0.1429, 0.1429],
        [0.1429, 0.1428, 0.1428, 0.1429, 0.1429, 0.1429, 0.1429],
        [0.1428, 0.1428, 0.1428, 0.1429, 0.1429, 0.1429, 0.1429],
        [0.1428, 0.1428, 0.1428, 0.1429, 0.1429, 0.1429, 0.1429],
        [0.1429, 0.1428, 0.1428, 0.1429, 0.1429, 0.1429, 0.1429],
        [0.1429, 0.1428, 0.1428, 0.1428, 0.1429, 0.1429, 0.1429],
        [0.1429, 0.1428, 0.1428, 0.1429, 0.1429, 0.1429, 0.1429],
        [0.1428, 0.1428, 0.1428, 0.1429, 0.1429, 0.1429, 0.1429],
        [0.1428, 0.1428, 0.1428, 0.1429, 0.1429, 0.1429, 0.1429],
        [0.1429, 0.1428, 0.1428, 0.1429, 0.1429, 0.1429, 0.1429],
        [0.1429, 0.1428, 0.1428, 0.1429, 0.1429, 0.1429, 0.1429],
        [0.1428, 0.1428, 0.1428, 0.1429, 0.1429, 0.1429, 0.1429],
        [0.1429, 0.1428, 0.1428, 0.1429, 0.1429, 0.1429, 0.1429],
        [0.1428, 0.1428, 0.1428, 0.1429, 0.1429, 0.1429, 0.1429],
        [0.1428, 0.1428, 0.1428, 0.1429, 0.1429, 0.1429, 0.1429],
        [0.1429, 0.1428, 0.1428, 0.1429, 0.1429, 0.1429, 0.1429],
        [0.1428, 0.1428, 0.1429, 0.1429, 0.1429, 0.1429, 0.1429],
        [0.1428, 0.1428, 0.1428, 0.1429, 0.1429, 0.1429, 0.1429],
        [0.1428, 0.1428, 0.1429, 0.1429, 0.1429, 0.1429, 0.1429],
        [0.1428, 0.1428, 0.1429, 0.1429, 0.1429, 0.1429, 0.1429],
        [0.1428, 0.1428, 0.1428, 0.1429, 0.1429, 0.1429, 0.1429],
        [0.1427, 0.1429, 0.1428, 0.1429, 0.1429, 0.1429, 0.1429],
        [0.1428, 0.1428, 0.1429, 0.1429, 0.1429, 0.1429, 0.1429],
        [0.1428, 0.1428, 0.1428, 0.1429, 0.1429, 0.1429, 0.1429],
        [0.1427, 0.1427, 0.1429, 0.1429, 0.1429, 0.1429, 0.1430],
        [0.1428, 0.1428, 0.1428, 0.1429, 0.1429, 0.1429, 0.1429],
        [0.1427, 0.1428, 0.1429, 0.1429, 0.1429, 0.1429, 0.1429],
        [0.1428, 0.1428, 0.1428, 0.1429, 0.1429, 0.1429, 0.1429],
        [0.1429, 0.1428, 0.1428, 0.1428, 0.1429, 0.1429, 0.1429],
        [0.1423, 0.1427, 0.1429, 0.1430, 0.1430, 0.1430, 0.1430],
        [0.1428, 0.1427, 0.1428, 0.1429, 0.1429, 0.1429, 0.1429],
        [0.1429, 0.1428, 0.1428, 0.1428, 0.1428, 0.1429, 0.1429],
        [0.1429, 0.1428, 0.1428, 0.1428, 0.1429, 0.1429, 0.1429],
        [0.1429, 0.1428, 0.1428, 0.1428, 0.1429, 0.1429, 0.1429],
        [0.1427, 0.1428, 0.1429, 0.1429, 0.1429, 0.1429, 0.1429],
        [0.1428, 0.1428, 0.1429, 0.1429, 0.1429, 0.1429, 0.1429],
        [0.1427, 0.1428, 0.1429, 0.1429, 0.1429, 0.1429, 0.1429],
        [0.1428, 0.1428, 0.1428, 0.1429, 0.1429, 0.1429, 0.1429],
        [0.1428, 0.1428, 0.1428, 0.1429, 0.1429, 0.1429, 0.1429],
        [0.1429, 0.1428, 0.1428, 0.1429, 0.1429, 0.1429, 0.1429],
        [0.1427, 0.1428, 0.1429, 0.1429, 0.1429, 0.1429, 0.1429],
        [0.1428, 0.1428, 0.1428, 0.1429, 0.1429, 0.1429, 0.1429],
        [0.1429, 0.1427, 0.1428, 0.1429, 0.1429, 0.1429, 0.1429],
        [0.1428, 0.1428, 0.1428, 0.1429, 0.1429, 0.1429, 0.1429],
        [0.1429, 0.1428, 0.1428, 0.1428, 0.1429, 0.1429, 0.1429],
        [0.1429, 0.1428, 0.1428, 0.1428, 0.1429, 0.1429, 0.1429],
        [0.1430, 0.1428, 0.1428, 0.1428, 0.1429, 0.1429, 0.1429],
        [0.1430, 0.1428, 0.1428, 0.1428, 0.1428, 0.1429, 0.1429],
        [0.1428, 0.1428, 0.1428, 0.1429, 0.1429, 0.1429, 0.1429],
        [0.1429, 0.1427, 0.1428, 0.1429, 0.1429, 0.1429, 0.1429],
        [0.1207, 0.1477, 0.1514, 0.1515, 0.1474, 0.1423, 0.1390],
        [0.1428, 0.1428, 0.1429, 0.1429, 0.1429, 0.1429, 0.1429],
        [0.1428, 0.1428, 0.1428, 0.1428, 0.1429, 0.1429, 0.1429]],
       device='cuda:1')
perception attention:tensor([0.3743, 0.6257], device='cuda:1')
Test set results: loss= 0.6212 accuracy= 0.8120 F1_score= 0.8139
