# epoch	loss_train	acc_train	loss_val	acc_val	time	acc_test	f1_test
0001	2.1967	0.1167	2.1388	0.3740	0.1909s	2.1427	0.3730	0.3392
0
0002	2.1495	0.2889	2.0697	0.3500	0.1934s	2.0745	0.3480	0.3318
0
0003	2.0663	0.2611	1.9901	0.4500	0.1931s	1.9964	0.4700	0.4640
0
0004	2.0128	0.3333	1.9009	0.5800	0.1873s	1.9078	0.5980	0.5955
0
0005	1.9309	0.4278	1.8010	0.7120	0.1936s	1.8069	0.7190	0.6977
0
0006	1.8661	0.5278	1.6924	0.7520	0.1931s	1.6972	0.7540	0.7428
0
0007	1.7692	0.6000	1.5792	0.7840	0.1914s	1.5841	0.7850	0.7851
0
0008	1.6719	0.6556	1.4643	0.8000	0.1916s	1.4681	0.8180	0.8172
0
0009	1.5664	0.7056	1.3515	0.7980	0.1911s	1.3529	0.8230	0.8242
0
0010	1.5058	0.7056	1.2426	0.7920	0.1915s	1.2410	0.8160	0.8165
0
0011	1.4077	0.7111	1.1415	0.7940	0.1931s	1.1370	0.8240	0.8253
0
0012	1.2916	0.7278	1.0498	0.8140	0.1932s	1.0441	0.8290	0.8322
0
0013	1.2374	0.7611	0.9673	0.8140	0.1914s	0.9616	0.8260	0.8286
0
0014	1.2031	0.8056	0.8984	0.7920	0.1931s	0.8934	0.8050	0.8061
0
0015	1.0913	0.7889	0.8411	0.7820	0.1936s	0.8367	0.7970	0.7967
0
0016	1.0423	0.7667	0.7930	0.7880	0.1878s	0.7882	0.7980	0.7983
0
0017	0.9777	0.8444	0.7539	0.7960	0.1914s	0.7476	0.8130	0.8147
0
0018	0.9122	0.8556	0.7251	0.8100	0.1934s	0.7159	0.8230	0.8252
0
0019	0.8995	0.7889	0.7036	0.8020	0.1941s	0.6900	0.8270	0.8294
0
0020	0.8838	0.8222	0.6874	0.7980	0.1934s	0.6688	0.8190	0.8218
0
0021	0.8003	0.8278	0.6754	0.7980	0.1916s	0.6538	0.8180	0.8209
0
0022	0.8556	0.8389	0.6657	0.8020	0.1907s	0.6433	0.8240	0.8267
0
0023	0.8246	0.8278	0.6558	0.7980	0.1927s	0.6341	0.8180	0.8201
0
0024	0.7564	0.8389	0.6465	0.7980	0.1929s	0.6265	0.8130	0.8150
0
0025	0.7519	0.8444	0.6402	0.7940	0.1929s	0.6209	0.8130	0.8139
0
0026	0.6835	0.8000	0.6374	0.7960	0.1931s	0.6168	0.8140	0.8153
0
0027	0.6895	0.8111	0.6430	0.7980	0.1916s	0.6168	0.8110	0.8132
0
0028	0.7163	0.8389	0.6473	0.7960	0.1929s	0.6159	0.8130	0.8149
1
0029	0.7013	0.8333	0.6537	0.7960	0.1932s	0.6175	0.8090	0.8113
2
0030	0.6449	0.8444	0.6626	0.7900	0.1934s	0.6215	0.8100	0.8118
3
0031	0.6739	0.8833	0.6766	0.7860	0.1932s	0.6325	0.8090	0.8100
4
0032	0.6384	0.8611	0.6919	0.7900	0.1912s	0.6444	0.8080	0.8087
5
0033	0.6321	0.8444	0.7068	0.7880	0.1896s	0.6562	0.8030	0.8043
6
0034	0.6435	0.8500	0.7169	0.7840	0.1912s	0.6652	0.8000	0.8017
7
0035	0.6979	0.8389	0.7289	0.7660	0.1927s	0.6725	0.7940	0.7970
8
0036	0.6074	0.8833	0.7337	0.7640	0.1923s	0.6755	0.7890	0.7928
9
0037	0.6627	0.8500	0.7300	0.7740	0.1929s	0.6726	0.7910	0.7945
10
0038	0.6115	0.8667	0.7220	0.7820	0.1930s	0.6667	0.7960	0.7987
11
0039	0.5905	0.9167	0.7157	0.7840	0.1931s	0.6646	0.7990	0.8013
12
0040	0.6072	0.8722	0.7142	0.7840	0.1938s	0.6697	0.7990	0.8005
13
0041	0.6317	0.8556	0.7081	0.7900	0.1912s	0.6728	0.8030	0.8036
14
0042	0.6409	0.8444	0.7032	0.7920	0.1913s	0.6726	0.8060	0.8055
15
0043	0.6317	0.8778	0.7017	0.7940	0.1933s	0.6703	0.8100	0.8092
16
0044	0.6147	0.8222	0.7040	0.7840	0.1931s	0.6691	0.8040	0.8049
17
0045	0.6736	0.8667	0.7149	0.7880	0.1935s	0.6751	0.8030	0.8047
18
0046	0.6039	0.8222	0.7324	0.7860	0.1943s	0.6844	0.8010	0.8037
19
0047	0.6214	0.8722	0.7464	0.7760	0.1910s	0.6935	0.7920	0.7957
20
0048	0.6100	0.9389	0.7483	0.7780	0.1922s	0.6943	0.7890	0.7928
21
0049	0.6408	0.8778	0.7407	0.7800	0.1913s	0.6851	0.7970	0.8000
22
0050	0.6155	0.8667	0.7256	0.7820	0.1930s	0.6710	0.8060	0.8077
23
0051	0.6326	0.8611	0.7127	0.7900	0.1934s	0.6615	0.8040	0.8049
24
0052	0.5892	0.8556	0.7051	0.7860	0.1928s	0.6580	0.8030	0.8040
25
0053	0.5609	0.8667	0.7004	0.7840	0.1915s	0.6583	0.8010	0.8023
26
0054	0.5692	0.8722	0.6974	0.7860	0.1937s	0.6592	0.7990	0.8002
27
0055	0.5913	0.8722	0.6991	0.7820	0.1932s	0.6624	0.7990	0.8009
28
0056	0.5681	0.8944	0.7040	0.7820	0.1900s	0.6684	0.7980	0.8006
29
0057	0.5686	0.8667	0.7111	0.7800	0.1934s	0.6760	0.7910	0.7947
30
0058	0.5899	0.8833	0.7142	0.7800	0.1916s	0.6799	0.7880	0.7920
31
0059	0.5851	0.8889	0.7152	0.7760	0.1933s	0.6784	0.7880	0.7928
32
0060	0.6195	0.8611	0.7164	0.7800	0.1935s	0.6758	0.7890	0.7932
33
0061	0.6287	0.8111	0.7121	0.7780	0.1934s	0.6673	0.7940	0.7965
34
0062	0.5970	0.9167	0.7112	0.7760	0.1932s	0.6641	0.7970	0.7984
35
0063	0.6058	0.8667	0.7077	0.7760	0.1927s	0.6632	0.7980	0.7981
36
0064	0.5488	0.8444	0.7054	0.7840	0.1914s	0.6627	0.8010	0.8002
37
0065	0.5402	0.8556	0.7054	0.7840	0.1927s	0.6667	0.8000	0.7992
38
0066	0.5737	0.8500	0.7105	0.7920	0.1909s	0.6749	0.8040	0.8040
39
0067	0.5353	0.8667	0.7226	0.7840	0.1932s	0.6863	0.8000	0.8019
40
0068	0.5920	0.8667	0.7381	0.7780	0.1928s	0.7000	0.7930	0.7953
41
0069	0.5349	0.9000	0.7497	0.7720	0.1918s	0.7068	0.7910	0.7938
42
0070	0.5458	0.8833	0.7578	0.7700	0.1926s	0.7095	0.7870	0.7902
43
0071	0.5255	0.9000	0.7617	0.7720	0.1931s	0.7093	0.7920	0.7943
44
0072	0.5698	0.8667	0.7530	0.7740	0.1931s	0.6979	0.7940	0.7956
45
0073	0.5191	0.9000	0.7403	0.7860	0.1930s	0.6868	0.8000	0.8012
46
0074	0.6114	0.8944	0.7322	0.7900	0.1937s	0.6804	0.7990	0.7999
47
0075	0.5263	0.8722	0.7245	0.7900	0.1945s	0.6762	0.7960	0.7969
48
0076	0.5379	0.8833	0.7192	0.7880	0.1933s	0.6757	0.7980	0.7992
49
0077	0.5800	0.8611	0.7181	0.7860	0.1913s	0.6791	0.8000	0.8013
50
0078	0.6169	0.8444	0.7273	0.7860	0.1931s	0.6897	0.7980	0.7992
51
0079	0.5425	0.8833	0.7398	0.7820	0.1932s	0.7015	0.7980	0.7997
52
0080	0.5623	0.8778	0.7521	0.7800	0.1948s	0.7119	0.7890	0.7906
53
0081	0.5538	0.8778	0.7577	0.7720	0.1931s	0.7139	0.7890	0.7913
54
0082	0.5195	0.8889	0.7557	0.7720	0.1931s	0.7092	0.7960	0.7985
55
0083	0.5162	0.8889	0.7521	0.7780	0.1932s	0.7027	0.7930	0.7951
56
0084	0.5349	0.8778	0.7478	0.7820	0.1933s	0.6979	0.7910	0.7925
57
0085	0.5641	0.8500	0.7437	0.7840	0.1937s	0.6957	0.7950	0.7957
58
0086	0.5190	0.8833	0.7388	0.7840	0.1930s	0.6955	0.7940	0.7946
59
0087	0.4991	0.8556	0.7382	0.7840	0.1917s	0.6981	0.7960	0.7968
60
0088	0.4930	0.8778	0.7432	0.7780	0.1914s	0.7031	0.7960	0.7973
61
0089	0.5169	0.9111	0.7490	0.7740	0.1932s	0.7086	0.7980	0.8005
62
0090	0.5571	0.9000	0.7546	0.7720	0.1930s	0.7124	0.7970	0.7998
63
0091	0.6632	0.8111	0.7550	0.7660	0.1915s	0.7161	0.7880	0.7909
64
0092	0.5471	0.8333	0.7518	0.7620	0.1929s	0.7150	0.7890	0.7913
65
0093	0.5933	0.8333	0.7502	0.7660	0.1938s	0.7137	0.7940	0.7961
66
0094	0.5424	0.8833	0.7525	0.7700	0.1913s	0.7120	0.7880	0.7891
67
0095	0.5503	0.8500	0.7546	0.7720	0.1931s	0.7110	0.7890	0.7901
68
0096	0.6527	0.8222	0.7563	0.7720	0.1928s	0.7082	0.7920	0.7932
69
0097	0.5662	0.9000	0.7570	0.7760	0.1930s	0.7052	0.7970	0.7992
70
0098	0.5086	0.8722	0.7600	0.7680	0.1930s	0.7033	0.7990	0.8010
71
0099	0.5916	0.8278	0.7643	0.7680	0.1933s	0.7052	0.8010	0.8029
72
0100	0.4332	0.8889	0.7690	0.7700	0.1933s	0.7076	0.8000	0.8018
73
0101	0.4812	0.9111	0.7726	0.7660	0.1931s	0.7085	0.8010	0.8030
74
0102	0.5654	0.8944	0.7768	0.7720	0.1933s	0.7085	0.8020	0.8033
75
0103	0.5677	0.8667	0.7778	0.7720	0.1914s	0.7058	0.7990	0.8002
76
0104	0.5468	0.8389	0.7773	0.7800	0.1943s	0.7029	0.8050	0.8058
77
0105	0.4844	0.9056	0.7795	0.7760	0.1934s	0.7038	0.8040	0.8045
78
0106	0.5259	0.8722	0.7826	0.7700	0.1930s	0.7032	0.8020	0.8019
79
0107	0.4933	0.9111	0.7848	0.7760	0.1927s	0.7036	0.8040	0.8041
80
0108	0.5550	0.8389	0.7842	0.7780	0.1929s	0.7053	0.7960	0.7961
81
0109	0.5237	0.8833	0.7853	0.7720	0.1933s	0.7100	0.7960	0.7956
82
0110	0.5320	0.9056	0.7837	0.7620	0.1936s	0.7136	0.7970	0.7966
83
0111	0.4894	0.8889	0.7823	0.7620	0.1909s	0.7174	0.7940	0.7939
84
0112	0.5519	0.8500	0.7814	0.7600	0.1917s	0.7201	0.7960	0.7961
85
0113	0.5624	0.9278	0.7764	0.7580	0.1929s	0.7170	0.7950	0.7954
86
0114	0.5039	0.8722	0.7692	0.7700	0.1933s	0.7121	0.8000	0.7998
87
0115	0.4963	0.9000	0.7653	0.7760	0.1930s	0.7112	0.7960	0.7956
88
0116	0.5223	0.8833	0.7654	0.7800	0.1930s	0.7137	0.7970	0.7967
89
0117	0.4753	0.8944	0.7689	0.7820	0.1935s	0.7161	0.7970	0.7970
90
0118	0.5193	0.8667	0.7729	0.7820	0.1935s	0.7207	0.7950	0.7957
91
0119	0.5026	0.9056	0.7737	0.7780	0.1934s	0.7240	0.7970	0.7977
92
0120	0.4735	0.8944	0.7739	0.7760	0.1937s	0.7267	0.7980	0.7983
93
0121	0.4894	0.8611	0.7739	0.7780	0.1931s	0.7284	0.7940	0.7942
94
0122	0.4998	0.8722	0.7768	0.7740	0.1930s	0.7333	0.7940	0.7942
95
0123	0.4570	0.9056	0.7778	0.7700	0.1930s	0.7356	0.7950	0.7952
96
0124	0.5032	0.9111	0.7811	0.7660	0.1938s	0.7393	0.7910	0.7918
97
0125	0.5070	0.8778	0.7847	0.7700	0.1930s	0.7406	0.7890	0.7899
98
0126	0.5277	0.8667	0.7854	0.7720	0.1933s	0.7390	0.7920	0.7927
99
0127	0.4880	0.8444	0.7832	0.7720	0.1932s	0.7357	0.7960	0.7967
100
0128	0.5533	0.8333	0.7864	0.7740	0.1911s	0.7345	0.7950	0.7959
101
0129	0.4788	0.8667	0.7906	0.7760	0.1925s	0.7352	0.7950	0.7956
102
0130	0.5075	0.8667	0.8024	0.7760	0.1934s	0.7397	0.7950	0.7954
103
0131	0.4842	0.9056	0.8117	0.7700	0.1930s	0.7446	0.7970	0.7971
104
0132	0.5421	0.8444	0.8150	0.7720	0.1932s	0.7452	0.7970	0.7972
105
0133	0.4757	0.8722	0.8160	0.7720	0.1913s	0.7427	0.7990	0.7991
106
0134	0.5593	0.8722	0.8142	0.7760	0.1932s	0.7387	0.7970	0.7971
107
0135	0.4660	0.8778	0.8139	0.7700	0.1932s	0.7379	0.7980	0.7986
108
0136	0.4954	0.9056	0.8171	0.7660	0.1918s	0.7377	0.7970	0.7973
109
0137	0.4529	0.8778	0.8247	0.7660	0.1932s	0.7412	0.7980	0.7984
110
0138	0.4828	0.8944	0.8312	0.7620	0.1939s	0.7449	0.7940	0.7948
111
0139	0.5579	0.8278	0.8397	0.7680	0.1935s	0.7506	0.7970	0.7981
112
0140	0.5512	0.8722	0.8486	0.7680	0.1932s	0.7596	0.7940	0.7949
113
0141	0.5358	0.8778	0.8496	0.7660	0.1917s	0.7652	0.7880	0.7890
114
0142	0.4590	0.8944	0.8420	0.7680	0.1930s	0.7646	0.7910	0.7918
115
0143	0.5128	0.9056	0.8322	0.7680	0.1902s	0.7622	0.7900	0.7906
116
0144	0.5190	0.8611	0.8187	0.7680	0.1892s	0.7547	0.7840	0.7853
117
0145	0.5937	0.8444	0.8113	0.7660	0.1932s	0.7531	0.7830	0.7850
118
0146	0.4929	0.8667	0.8072	0.7720	0.1955s	0.7528	0.7910	0.7935
119
0147	0.5052	0.8444	0.8089	0.7680	0.1931s	0.7541	0.7910	0.7931
120
0148	0.4920	0.8944	0.8112	0.7720	0.1913s	0.7517	0.7910	0.7913
121
0149	0.5856	0.8500	0.8174	0.7880	0.1932s	0.7543	0.7890	0.7893
122
0150	0.4940	0.8778	0.8226	0.7860	0.1930s	0.7558	0.7850	0.7846
123
0151	0.5279	0.9000	0.8266	0.7860	0.1934s	0.7554	0.7850	0.7840
124
0152	0.4693	0.9056	0.8260	0.7860	0.1931s	0.7537	0.7850	0.7840
125
0153	0.5642	0.9000	0.8275	0.7780	0.1919s	0.7543	0.7850	0.7845
126
0154	0.5107	0.8778	0.8259	0.7740	0.1930s	0.7545	0.7880	0.7884
127
0155	0.4607	0.8778	0.8261	0.7720	0.1935s	0.7575	0.7910	0.7923
128
0156	0.4853	0.8944	0.8277	0.7700	0.1938s	0.7617	0.7880	0.7902
129
0157	0.5021	0.9056	0.8298	0.7740	0.1933s	0.7648	0.7880	0.7908
130
0158	0.5007	0.9111	0.8304	0.7720	0.1933s	0.7671	0.7870	0.7903
131
0159	0.5338	0.8778	0.8306	0.7760	0.1935s	0.7689	0.7870	0.7906
132
0160	0.5564	0.8778	0.8336	0.7720	0.1920s	0.7712	0.7840	0.7871
133
0161	0.5482	0.8778	0.8314	0.7840	0.1930s	0.7710	0.7840	0.7865
134
0162	0.5388	0.8667	0.8255	0.7800	0.1932s	0.7692	0.7850	0.7874
135
0163	0.5717	0.9222	0.8111	0.7860	0.1931s	0.7648	0.7880	0.7895
136
0164	0.4988	0.9000	0.7985	0.7840	0.1940s	0.7591	0.7920	0.7935
137
0165	0.5393	0.8667	0.7886	0.7820	0.1932s	0.7525	0.7940	0.7945
138
0166	0.5008	0.8667	0.7848	0.7840	0.1929s	0.7469	0.7940	0.7938
139
0167	0.4924	0.9111	0.7868	0.7840	0.1932s	0.7451	0.7940	0.7948
140
0168	0.5373	0.8722	0.7956	0.7860	0.1937s	0.7444	0.7900	0.7918
141
0169	0.5559	0.8667	0.8085	0.7880	0.1932s	0.7490	0.7890	0.7910
142
0170	0.5340	0.9167	0.8177	0.7860	0.1906s	0.7521	0.7870	0.7888
143
0171	0.4648	0.8833	0.8219	0.7820	0.1932s	0.7533	0.7860	0.7877
144
0172	0.5080	0.8889	0.8277	0.7800	0.1888s	0.7555	0.7870	0.7886
145
0173	0.4472	0.8944	0.8300	0.7760	0.1914s	0.7562	0.7890	0.7905
146
0174	0.4893	0.8778	0.8288	0.7740	0.1928s	0.7559	0.7920	0.7934
147
0175	0.4579	0.9056	0.8239	0.7740	0.1933s	0.7548	0.7900	0.7917
148
0176	0.5260	0.8611	0.8163	0.7740	0.1930s	0.7520	0.7910	0.7927
149
0177	0.5202	0.8833	0.8103	0.7780	0.1912s	0.7525	0.7920	0.7935
150
0178	0.4340	0.9000	0.8045	0.7740	0.1933s	0.7525	0.7950	0.7961
151
0179	0.5253	0.8722	0.8034	0.7780	0.1932s	0.7540	0.7940	0.7939
152
0180	0.4557	0.8778	0.8046	0.7780	0.1932s	0.7560	0.7920	0.7921
153
0181	0.4531	0.9167	0.8072	0.7820	0.1935s	0.7565	0.7910	0.7912
154
0182	0.5125	0.8944	0.8118	0.7780	0.1931s	0.7559	0.7900	0.7899
155
0183	0.5063	0.8833	0.8118	0.7760	0.1929s	0.7503	0.7950	0.7947
156
0184	0.4862	0.8889	0.8098	0.7760	0.1938s	0.7438	0.7940	0.7942
157
0185	0.4616	0.8778	0.8045	0.7740	0.1935s	0.7357	0.7960	0.7966
158
0186	0.4746	0.8389	0.8030	0.7720	0.1933s	0.7306	0.7950	0.7954
159
0187	0.5375	0.8722	0.8026	0.7760	0.1920s	0.7283	0.8040	0.8036
160
0188	0.4842	0.9000	0.8036	0.7820	0.1935s	0.7284	0.8060	0.8054
161
0189	0.5421	0.9056	0.8028	0.7820	0.1956s	0.7286	0.8070	0.8062
162
0190	0.5045	0.8944	0.8069	0.7820	0.1932s	0.7324	0.8000	0.7992
163
0191	0.5596	0.8889	0.8105	0.7760	0.1932s	0.7352	0.7990	0.7986
164
0192	0.4534	0.8833	0.8102	0.7780	0.1949s	0.7360	0.8010	0.8008
165
0193	0.4823	0.8611	0.8067	0.7760	0.1945s	0.7362	0.8020	0.8019
166
0194	0.4211	0.8889	0.8023	0.7740	0.1942s	0.7357	0.7980	0.7981
167
0195	0.5002	0.9333	0.7954	0.7700	0.1943s	0.7354	0.7970	0.7979
168
0196	0.5777	0.8556	0.7883	0.7740	0.1947s	0.7336	0.7960	0.7969
169
0197	0.6108	0.9056	0.7807	0.7740	0.1940s	0.7318	0.7960	0.7969
170
0198	0.4614	0.8611	0.7749	0.7700	0.2072s	0.7293	0.7950	0.7961
171
0199	0.5132	0.9111	0.7704	0.7720	0.1934s	0.7266	0.7980	0.7988
172
0200	0.5175	0.8722	0.7688	0.7680	0.1932s	0.7244	0.7980	0.7980
173
0201	0.4838	0.8722	0.7722	0.7700	0.1915s	0.7245	0.8000	0.8002
174
0202	0.4575	0.9056	0.7770	0.7680	0.1934s	0.7246	0.8010	0.8012
175
0203	0.4719	0.8833	0.7854	0.7680	0.1932s	0.7276	0.8020	0.8018
176
0204	0.5099	0.8667	0.7905	0.7760	0.1929s	0.7312	0.8040	0.8035
177
0205	0.5440	0.8722	0.7937	0.7740	0.1916s	0.7333	0.8050	0.8041
178
0206	0.5203	0.9111	0.7949	0.7740	0.1929s	0.7351	0.8050	0.8042
179
0207	0.4830	0.8722	0.7939	0.7780	0.1917s	0.7353	0.8020	0.8016
180
0208	0.5058	0.8778	0.7938	0.7740	0.1921s	0.7371	0.8030	0.8023
181
0209	0.5317	0.8667	0.7930	0.7740	0.1919s	0.7361	0.8010	0.8011
182
0210	0.5350	0.8500	0.7919	0.7620	0.1945s	0.7346	0.7990	0.7996
183
0211	0.5836	0.8056	0.7888	0.7600	0.1935s	0.7358	0.7950	0.7965
184
0212	0.4882	0.9222	0.7899	0.7640	0.1913s	0.7401	0.7960	0.7977
185
0213	0.4932	0.8944	0.7879	0.7720	0.1927s	0.7419	0.7980	0.7995
186
0214	0.4568	0.9056	0.7811	0.7760	0.1933s	0.7404	0.7990	0.8004
187
0215	0.5504	0.8611	0.7735	0.7740	0.1934s	0.7396	0.8010	0.8015
188
0216	0.5463	0.8778	0.7684	0.7800	0.1981s	0.7406	0.8020	0.8016
189
0217	0.5424	0.9056	0.7613	0.7780	0.1930s	0.7398	0.8010	0.8000
190
0218	0.4394	0.9000	0.7583	0.7780	0.1930s	0.7395	0.8060	0.8049
191
0219	0.5319	0.8778	0.7559	0.7800	0.1930s	0.7401	0.8010	0.8011
192
0220	0.5317	0.8667	0.7584	0.7740	0.1916s	0.7430	0.8000	0.8003
193
0221	0.4839	0.8222	0.7566	0.7700	0.1917s	0.7442	0.8000	0.8000
194
0222	0.4869	0.8833	0.7522	0.7720	0.1936s	0.7449	0.7980	0.7976
195
0223	0.5760	0.8611	0.7467	0.7720	0.1929s	0.7441	0.7970	0.7968
196
0224	0.4426	0.8889	0.7453	0.7740	0.1937s	0.7435	0.7990	0.7989
197
0225	0.4468	0.8722	0.7462	0.7700	0.1911s	0.7431	0.8000	0.8006
198
0226	0.5159	0.8778	0.7482	0.7760	0.1930s	0.7449	0.7990	0.8005
199
Early stop! Min loss:0.637395977973938,  Max accuracy:0.8140000000000001
Early stop model validation loss:0.637395977973938,  accuracy:0.796
Optimization Finished!
Total time elapsed: 44.5122s
test max acc:0.8290
Loading 25th epoch
stru_node_to_hop attention:tensor([[0.3332, 0.3335, 0.3333],
        [0.3333, 0.3333, 0.3334],
        [0.3332, 0.3334, 0.3334],
        [0.3332, 0.3335, 0.3334],
        [0.3333, 0.3334, 0.3334],
        [0.3333, 0.3333, 0.3334],
        [0.3332, 0.3334, 0.3334],
        [0.3332, 0.3334, 0.3334],
        [0.3332, 0.3335, 0.3333],
        [0.3332, 0.3334, 0.3334],
        [0.3334, 0.3333, 0.3333],
        [0.3331, 0.3335, 0.3334],
        [0.3334, 0.3332, 0.3334],
        [0.3332, 0.3334, 0.3334],
        [0.3334, 0.3333, 0.3334],
        [0.3330, 0.3336, 0.3335],
        [0.3332, 0.3334, 0.3334],
        [0.3331, 0.3335, 0.3334],
        [0.3773, 0.3325, 0.2903],
        [0.3332, 0.3333, 0.3335],
        [0.3332, 0.3334, 0.3334],
        [0.3333, 0.3333, 0.3333],
        [0.3331, 0.3335, 0.3334],
        [0.3330, 0.3335, 0.3335],
        [0.3331, 0.3335, 0.3335],
        [0.3332, 0.3335, 0.3333],
        [0.3332, 0.3333, 0.3334],
        [0.3332, 0.3335, 0.3333],
        [0.3332, 0.3334, 0.3334],
        [0.3331, 0.3335, 0.3334],
        [0.3331, 0.3334, 0.3334],
        [0.3333, 0.3334, 0.3333],
        [0.3330, 0.3335, 0.3335],
        [0.3330, 0.3337, 0.3333],
        [0.3333, 0.3334, 0.3333],
        [0.3332, 0.3333, 0.3335],
        [0.3332, 0.3333, 0.3335],
        [0.3332, 0.3334, 0.3334],
        [0.3332, 0.3335, 0.3332],
        [0.3330, 0.3335, 0.3334],
        [0.3328, 0.3336, 0.3336],
        [0.3332, 0.3333, 0.3334],
        [0.3333, 0.3333, 0.3334],
        [0.3334, 0.3333, 0.3333],
        [0.3330, 0.3335, 0.3335],
        [0.3328, 0.3336, 0.3335],
        [0.3332, 0.3334, 0.3333],
        [0.3334, 0.3333, 0.3333],
        [0.3331, 0.3335, 0.3334],
        [0.3330, 0.3336, 0.3334],
        [0.3334, 0.3333, 0.3333],
        [0.3334, 0.3333, 0.3334],
        [0.3331, 0.3336, 0.3333],
        [0.3330, 0.3336, 0.3334],
        [0.3333, 0.3334, 0.3333],
        [0.3330, 0.3335, 0.3335],
        [0.3332, 0.3334, 0.3334],
        [0.3332, 0.3334, 0.3334],
        [0.3332, 0.3334, 0.3334],
        [0.3333, 0.3334, 0.3334],
        [0.3331, 0.3335, 0.3334],
        [0.3332, 0.3334, 0.3334],
        [0.3333, 0.3333, 0.3334],
        [0.3332, 0.3334, 0.3334],
        [0.3333, 0.3333, 0.3333],
        [0.3333, 0.3334, 0.3334],
        [0.3334, 0.3333, 0.3333],
        [0.3333, 0.3333, 0.3334],
        [0.3332, 0.3335, 0.3334],
        [0.3334, 0.3333, 0.3333],
        [0.3331, 0.3334, 0.3334],
        [0.3335, 0.3332, 0.3333],
        [0.3331, 0.3335, 0.3334],
        [0.3333, 0.3334, 0.3334],
        [0.3332, 0.3334, 0.3334],
        [0.3333, 0.3333, 0.3333],
        [0.3331, 0.3335, 0.3334],
        [0.3335, 0.3332, 0.3333],
        [0.3331, 0.3335, 0.3334],
        [0.3333, 0.3334, 0.3334],
        [0.3333, 0.3333, 0.3334],
        [0.3331, 0.3335, 0.3334],
        [0.3332, 0.3335, 0.3334],
        [0.3330, 0.3336, 0.3334],
        [0.3335, 0.3332, 0.3333],
        [0.3332, 0.3334, 0.3334],
        [0.3331, 0.3334, 0.3335],
        [0.3332, 0.3334, 0.3334],
        [0.3330, 0.3335, 0.3335],
        [0.3333, 0.3333, 0.3333],
        [0.3331, 0.3334, 0.3335],
        [0.3331, 0.3334, 0.3335],
        [0.3333, 0.3333, 0.3334],
        [0.3330, 0.3335, 0.3335],
        [0.3331, 0.3334, 0.3335],
        [0.3333, 0.3333, 0.3333],
        [0.3331, 0.3334, 0.3334],
        [0.2672, 0.3875, 0.3453],
        [0.3331, 0.3334, 0.3335],
        [0.3333, 0.3333, 0.3334]], device='cuda:1')
fea_node_to_hop attention:tensor([[0.1428, 0.1428, 0.1429, 0.1429, 0.1429, 0.1429, 0.1429],
        [0.1428, 0.1429, 0.1428, 0.1429, 0.1428, 0.1429, 0.1429],
        [0.1430, 0.1430, 0.1426, 0.1429, 0.1428, 0.1430, 0.1429],
        [0.1429, 0.1428, 0.1428, 0.1429, 0.1429, 0.1429, 0.1429],
        [0.1429, 0.1429, 0.1427, 0.1429, 0.1428, 0.1429, 0.1429],
        [0.1429, 0.1429, 0.1427, 0.1429, 0.1428, 0.1429, 0.1429],
        [0.1429, 0.1428, 0.1428, 0.1429, 0.1429, 0.1429, 0.1429],
        [0.1429, 0.1429, 0.1427, 0.1429, 0.1428, 0.1429, 0.1429],
        [0.1428, 0.1428, 0.1428, 0.1429, 0.1429, 0.1429, 0.1429],
        [0.1428, 0.1428, 0.1428, 0.1429, 0.1429, 0.1429, 0.1429],
        [0.1429, 0.1428, 0.1428, 0.1429, 0.1429, 0.1429, 0.1429],
        [0.1428, 0.1429, 0.1428, 0.1429, 0.1429, 0.1429, 0.1429],
        [0.1428, 0.1428, 0.1428, 0.1429, 0.1429, 0.1429, 0.1429],
        [0.1427, 0.1428, 0.1429, 0.1429, 0.1429, 0.1429, 0.1429],
        [0.1428, 0.1428, 0.1428, 0.1429, 0.1429, 0.1429, 0.1429],
        [0.1427, 0.1428, 0.1428, 0.1429, 0.1429, 0.1429, 0.1429],
        [0.1429, 0.1427, 0.1428, 0.1429, 0.1429, 0.1429, 0.1429],
        [0.1428, 0.1428, 0.1429, 0.1429, 0.1429, 0.1429, 0.1429],
        [0.1330, 0.1301, 0.1472, 0.1504, 0.1501, 0.1464, 0.1428],
        [0.1429, 0.1428, 0.1428, 0.1428, 0.1429, 0.1429, 0.1429],
        [0.1428, 0.1428, 0.1429, 0.1429, 0.1429, 0.1429, 0.1429],
        [0.1429, 0.1428, 0.1428, 0.1428, 0.1429, 0.1429, 0.1429],
        [0.1429, 0.1428, 0.1428, 0.1428, 0.1429, 0.1429, 0.1429],
        [0.1428, 0.1428, 0.1429, 0.1429, 0.1429, 0.1429, 0.1429],
        [0.1428, 0.1428, 0.1428, 0.1429, 0.1429, 0.1429, 0.1429],
        [0.1427, 0.1429, 0.1429, 0.1429, 0.1429, 0.1429, 0.1429],
        [0.1428, 0.1428, 0.1428, 0.1429, 0.1429, 0.1429, 0.1429],
        [0.1427, 0.1428, 0.1428, 0.1429, 0.1429, 0.1429, 0.1429],
        [0.1429, 0.1428, 0.1428, 0.1428, 0.1429, 0.1429, 0.1429],
        [0.1428, 0.1428, 0.1428, 0.1429, 0.1429, 0.1429, 0.1429],
        [0.1429, 0.1428, 0.1428, 0.1429, 0.1429, 0.1429, 0.1429],
        [0.1428, 0.1428, 0.1428, 0.1429, 0.1429, 0.1429, 0.1429],
        [0.1428, 0.1428, 0.1428, 0.1429, 0.1429, 0.1429, 0.1429],
        [0.1428, 0.1428, 0.1428, 0.1429, 0.1429, 0.1429, 0.1429],
        [0.1429, 0.1428, 0.1428, 0.1429, 0.1429, 0.1429, 0.1429],
        [0.1429, 0.1428, 0.1428, 0.1428, 0.1429, 0.1429, 0.1429],
        [0.1427, 0.1428, 0.1428, 0.1429, 0.1429, 0.1429, 0.1430],
        [0.1427, 0.1428, 0.1429, 0.1429, 0.1429, 0.1429, 0.1429],
        [0.1428, 0.1428, 0.1428, 0.1429, 0.1429, 0.1429, 0.1429],
        [0.1428, 0.1428, 0.1428, 0.1429, 0.1429, 0.1429, 0.1429],
        [0.1428, 0.1428, 0.1429, 0.1429, 0.1429, 0.1429, 0.1429],
        [0.1429, 0.1428, 0.1428, 0.1429, 0.1429, 0.1429, 0.1429],
        [0.1429, 0.1428, 0.1428, 0.1428, 0.1429, 0.1429, 0.1429],
        [0.1428, 0.1428, 0.1428, 0.1429, 0.1429, 0.1429, 0.1429],
        [0.1427, 0.1428, 0.1429, 0.1429, 0.1429, 0.1429, 0.1429],
        [0.1427, 0.1429, 0.1429, 0.1429, 0.1429, 0.1429, 0.1429],
        [0.1428, 0.1428, 0.1428, 0.1429, 0.1429, 0.1429, 0.1429],
        [0.1427, 0.1428, 0.1428, 0.1429, 0.1429, 0.1429, 0.1429],
        [0.1429, 0.1428, 0.1428, 0.1428, 0.1429, 0.1429, 0.1429],
        [0.1427, 0.1428, 0.1429, 0.1429, 0.1429, 0.1429, 0.1429],
        [0.1428, 0.1428, 0.1428, 0.1429, 0.1429, 0.1429, 0.1429],
        [0.1429, 0.1427, 0.1428, 0.1428, 0.1429, 0.1429, 0.1429],
        [0.1428, 0.1428, 0.1428, 0.1429, 0.1429, 0.1429, 0.1429],
        [0.1428, 0.1428, 0.1428, 0.1429, 0.1429, 0.1429, 0.1429],
        [0.1428, 0.1428, 0.1428, 0.1429, 0.1429, 0.1429, 0.1429],
        [0.1428, 0.1428, 0.1429, 0.1429, 0.1429, 0.1429, 0.1429],
        [0.1428, 0.1428, 0.1429, 0.1429, 0.1429, 0.1429, 0.1429],
        [0.1428, 0.1427, 0.1428, 0.1429, 0.1429, 0.1429, 0.1429],
        [0.1429, 0.1428, 0.1428, 0.1429, 0.1429, 0.1429, 0.1429],
        [0.1429, 0.1428, 0.1428, 0.1429, 0.1429, 0.1429, 0.1429],
        [0.1429, 0.1428, 0.1428, 0.1428, 0.1429, 0.1429, 0.1429],
        [0.1428, 0.1428, 0.1429, 0.1429, 0.1429, 0.1429, 0.1429],
        [0.1429, 0.1428, 0.1428, 0.1429, 0.1429, 0.1429, 0.1429],
        [0.1428, 0.1428, 0.1429, 0.1429, 0.1429, 0.1429, 0.1429],
        [0.1428, 0.1427, 0.1428, 0.1429, 0.1429, 0.1429, 0.1429],
        [0.1428, 0.1428, 0.1429, 0.1429, 0.1429, 0.1429, 0.1429],
        [0.1428, 0.1428, 0.1429, 0.1429, 0.1429, 0.1429, 0.1429],
        [0.1428, 0.1427, 0.1428, 0.1429, 0.1429, 0.1429, 0.1430],
        [0.1429, 0.1428, 0.1428, 0.1428, 0.1429, 0.1429, 0.1429],
        [0.1428, 0.1428, 0.1429, 0.1429, 0.1429, 0.1429, 0.1429],
        [0.1428, 0.1428, 0.1428, 0.1429, 0.1429, 0.1429, 0.1429],
        [0.1428, 0.1428, 0.1428, 0.1429, 0.1429, 0.1429, 0.1429],
        [0.1427, 0.1428, 0.1428, 0.1429, 0.1429, 0.1429, 0.1429],
        [0.1429, 0.1428, 0.1428, 0.1428, 0.1429, 0.1429, 0.1429],
        [0.1429, 0.1428, 0.1428, 0.1428, 0.1429, 0.1429, 0.1429],
        [0.1429, 0.1428, 0.1428, 0.1428, 0.1429, 0.1429, 0.1429],
        [0.1428, 0.1428, 0.1428, 0.1429, 0.1429, 0.1429, 0.1429],
        [0.1428, 0.1427, 0.1429, 0.1429, 0.1429, 0.1429, 0.1429],
        [0.1429, 0.1428, 0.1428, 0.1429, 0.1429, 0.1429, 0.1429],
        [0.1429, 0.1428, 0.1428, 0.1429, 0.1429, 0.1429, 0.1429],
        [0.1429, 0.1429, 0.1428, 0.1428, 0.1428, 0.1429, 0.1429],
        [0.1428, 0.1428, 0.1428, 0.1429, 0.1429, 0.1429, 0.1429],
        [0.1428, 0.1428, 0.1428, 0.1429, 0.1429, 0.1429, 0.1429],
        [0.1428, 0.1428, 0.1429, 0.1429, 0.1429, 0.1429, 0.1429],
        [0.1428, 0.1428, 0.1428, 0.1429, 0.1429, 0.1429, 0.1429],
        [0.1429, 0.1428, 0.1428, 0.1429, 0.1429, 0.1429, 0.1429],
        [0.1429, 0.1428, 0.1428, 0.1428, 0.1429, 0.1429, 0.1429],
        [0.1428, 0.1428, 0.1429, 0.1429, 0.1429, 0.1429, 0.1429],
        [0.1427, 0.1428, 0.1429, 0.1429, 0.1429, 0.1429, 0.1429],
        [0.1429, 0.1427, 0.1429, 0.1429, 0.1429, 0.1429, 0.1429],
        [0.1427, 0.1428, 0.1429, 0.1429, 0.1429, 0.1429, 0.1429],
        [0.1427, 0.1428, 0.1429, 0.1429, 0.1429, 0.1429, 0.1429],
        [0.1430, 0.1428, 0.1428, 0.1428, 0.1428, 0.1429, 0.1429],
        [0.1427, 0.1428, 0.1428, 0.1429, 0.1429, 0.1429, 0.1429],
        [0.1429, 0.1427, 0.1428, 0.1428, 0.1429, 0.1429, 0.1429],
        [0.1427, 0.1428, 0.1428, 0.1429, 0.1429, 0.1429, 0.1429],
        [0.1428, 0.1428, 0.1428, 0.1429, 0.1429, 0.1429, 0.1429],
        [0.1255, 0.1331, 0.1467, 0.1477, 0.1504, 0.1493, 0.1474],
        [0.1428, 0.1428, 0.1429, 0.1429, 0.1429, 0.1429, 0.1429],
        [0.1428, 0.1428, 0.1428, 0.1429, 0.1429, 0.1429, 0.1429]],
       device='cuda:1')
perception attention:tensor([0.3837, 0.6163], device='cuda:1')
Test set results: loss= 0.6168 accuracy= 0.8140 F1_score= 0.8153
