# epoch	loss_train	acc_train	loss_val	acc_val	time	acc_test	f1_test
0001	2.1976	0.1556	2.1417	0.2280	0.1935s	2.1416	0.2330	0.2158
0
0002	2.1465	0.2778	2.0670	0.4440	0.1932s	2.0693	0.4340	0.4307
0
0003	2.0668	0.3556	1.9817	0.5840	0.1951s	1.9827	0.5950	0.5488
0
0004	2.0165	0.4222	1.8876	0.6600	0.1946s	1.8860	0.6870	0.6450
0
0005	1.9208	0.5056	1.7809	0.7040	0.1946s	1.7772	0.7360	0.7117
0
0006	1.8305	0.5889	1.6654	0.7360	0.1938s	1.6591	0.7530	0.7425
0
0007	1.7064	0.6111	1.5454	0.7640	0.1943s	1.5366	0.7870	0.7868
0
0008	1.6348	0.7056	1.4229	0.7960	0.1949s	1.4140	0.8160	0.8178
0
0009	1.5552	0.6833	1.3040	0.8060	0.1943s	1.2964	0.8310	0.8317
0
0010	1.4042	0.7278	1.1924	0.8120	0.1939s	1.1871	0.8340	0.8320
0
0011	1.3888	0.7389	1.0939	0.8160	0.1942s	1.0915	0.8400	0.8379
0
0012	1.3021	0.7500	1.0085	0.8200	0.1940s	1.0074	0.8360	0.8361
0
0013	1.2209	0.8222	0.9368	0.7980	0.1941s	0.9356	0.8160	0.8154
0
0014	1.1478	0.7889	0.8768	0.7720	0.1942s	0.8738	0.7880	0.7887
0
0015	1.1038	0.7500	0.8265	0.7640	0.1928s	0.8216	0.7680	0.7691
0
0016	1.0494	0.7944	0.7845	0.7620	0.1947s	0.7761	0.7680	0.7702
0
0017	0.9780	0.7611	0.7477	0.7900	0.1944s	0.7359	0.7960	0.7996
0
0018	0.9491	0.8056	0.7158	0.8040	0.1948s	0.7010	0.8220	0.8262
0
0019	0.9152	0.8222	0.6904	0.7940	0.1941s	0.6735	0.8280	0.8318
0
0020	0.8923	0.7944	0.6705	0.7940	0.1945s	0.6538	0.8280	0.8314
0
0021	0.8448	0.8333	0.6537	0.8020	0.1943s	0.6377	0.8250	0.8272
0
0022	0.8844	0.8222	0.6446	0.8140	0.1944s	0.6285	0.8300	0.8309
0
0023	0.7861	0.8278	0.6410	0.7980	0.1955s	0.6226	0.8260	0.8258
0
0024	0.7746	0.8111	0.6431	0.7980	0.1941s	0.6226	0.8160	0.8150
0
0025	0.7821	0.8167	0.6487	0.7860	0.1944s	0.6258	0.8080	0.8073
1
0026	0.7855	0.8111	0.6508	0.7900	0.1939s	0.6225	0.8100	0.8106
2
0027	0.7350	0.8167	0.6506	0.8000	0.1942s	0.6170	0.8180	0.8188
3
0028	0.7063	0.8389	0.6510	0.7980	0.1925s	0.6134	0.8170	0.8182
4
0029	0.7431	0.8556	0.6550	0.7940	0.1940s	0.6117	0.8190	0.8203
5
0030	0.6569	0.8722	0.6558	0.8000	0.1970s	0.6102	0.8160	0.8175
6
0031	0.6537	0.8389	0.6553	0.8000	0.1940s	0.6072	0.8130	0.8148
7
0032	0.6288	0.8389	0.6591	0.7980	0.1943s	0.6088	0.8190	0.8197
8
0033	0.5973	0.9111	0.6655	0.7920	0.1941s	0.6119	0.8090	0.8099
9
0034	0.6291	0.8444	0.6718	0.7900	0.1944s	0.6181	0.8010	0.8026
10
0035	0.6763	0.8556	0.6725	0.7960	0.1937s	0.6197	0.8050	0.8060
11
0036	0.6178	0.8611	0.6737	0.7960	0.1939s	0.6219	0.8030	0.8044
12
0037	0.6453	0.8611	0.6777	0.7980	0.1942s	0.6275	0.8030	0.8041
13
0038	0.5924	0.8556	0.6798	0.7960	0.1942s	0.6332	0.8010	0.8021
14
0039	0.6071	0.9056	0.6818	0.7880	0.1945s	0.6366	0.8030	0.8036
15
0040	0.6584	0.8611	0.6845	0.7880	0.1939s	0.6413	0.8030	0.8041
16
0041	0.5781	0.8611	0.6850	0.7920	0.1940s	0.6443	0.8000	0.8017
17
0042	0.6353	0.8778	0.6851	0.7920	0.1939s	0.6455	0.8000	0.8022
18
0043	0.6931	0.8556	0.6877	0.7820	0.1939s	0.6499	0.7910	0.7933
19
0044	0.5804	0.8611	0.6913	0.7780	0.1946s	0.6552	0.7900	0.7912
20
0045	0.6633	0.8389	0.6885	0.7760	0.1929s	0.6552	0.7970	0.7963
21
0046	0.5814	0.8833	0.6844	0.7860	0.1944s	0.6550	0.7950	0.7931
22
0047	0.5949	0.8389	0.6828	0.7900	0.1942s	0.6593	0.7960	0.7944
23
0048	0.5727	0.8778	0.6764	0.7960	0.1924s	0.6560	0.8010	0.7995
24
0049	0.5728	0.9111	0.6699	0.8040	0.1943s	0.6505	0.8040	0.8031
25
0050	0.6067	0.8278	0.6675	0.7980	0.1972s	0.6440	0.8060	0.8062
26
0051	0.5926	0.8444	0.6719	0.7960	0.1943s	0.6432	0.8040	0.8054
27
0052	0.6150	0.8778	0.6826	0.7900	0.1938s	0.6487	0.7950	0.7977
28
0053	0.6008	0.8500	0.6965	0.7800	0.1942s	0.6560	0.7870	0.7905
29
0054	0.6075	0.8889	0.7078	0.7760	0.1927s	0.6642	0.7820	0.7853
30
0055	0.5978	0.8667	0.7064	0.7660	0.1940s	0.6651	0.7880	0.7900
31
0056	0.5755	0.8611	0.6931	0.7800	0.1925s	0.6574	0.7890	0.7896
32
0057	0.6265	0.8667	0.6835	0.7800	0.1938s	0.6506	0.7960	0.7951
33
0058	0.6712	0.8333	0.6764	0.7880	0.1941s	0.6459	0.7990	0.7971
34
0059	0.6110	0.8500	0.6741	0.7940	0.1941s	0.6454	0.8060	0.8038
35
0060	0.5784	0.9111	0.6761	0.7880	0.1939s	0.6449	0.8090	0.8072
36
0061	0.5619	0.9111	0.6818	0.7940	0.1945s	0.6428	0.8120	0.8104
37
0062	0.5794	0.8444	0.6851	0.7920	0.1941s	0.6402	0.8070	0.8062
38
0063	0.5672	0.9111	0.6920	0.7780	0.1945s	0.6446	0.8010	0.8004
39
0064	0.5865	0.8556	0.7036	0.7720	0.1927s	0.6549	0.7950	0.7936
40
0065	0.5604	0.9000	0.7166	0.7720	0.1942s	0.6687	0.7930	0.7915
41
0066	0.5893	0.8333	0.7248	0.7700	0.1945s	0.6774	0.7870	0.7862
42
0067	0.6008	0.8556	0.7282	0.7660	0.1938s	0.6827	0.7860	0.7864
43
0068	0.5402	0.8500	0.7258	0.7780	0.1941s	0.6841	0.7860	0.7878
44
0069	0.5930	0.8556	0.7187	0.7800	0.1939s	0.6833	0.7890	0.7907
45
0070	0.5669	0.8611	0.7101	0.7780	0.1967s	0.6823	0.7980	0.7989
46
0071	0.5355	0.8778	0.7041	0.7840	0.1925s	0.6822	0.7990	0.7992
47
0072	0.5946	0.8833	0.7018	0.7860	0.1941s	0.6819	0.8000	0.7995
48
0073	0.5057	0.8778	0.7063	0.7840	0.1936s	0.6841	0.7970	0.7958
49
0074	0.5460	0.8778	0.7120	0.7840	0.1928s	0.6853	0.7920	0.7907
50
0075	0.5352	0.9111	0.7189	0.7860	0.1914s	0.6863	0.7920	0.7916
51
0076	0.4937	0.8833	0.7268	0.7800	0.1930s	0.6886	0.7890	0.7893
52
0077	0.5546	0.8556	0.7318	0.7840	0.1946s	0.6892	0.7930	0.7952
53
0078	0.5729	0.8778	0.7334	0.7860	0.1932s	0.6910	0.7950	0.7974
54
0079	0.5874	0.8556	0.7326	0.7820	0.1926s	0.6934	0.7990	0.8014
55
0080	0.5822	0.8556	0.7323	0.7900	0.1935s	0.6966	0.8000	0.8023
56
0081	0.5231	0.8444	0.7330	0.7860	0.1932s	0.7007	0.8010	0.8018
57
0082	0.5407	0.9000	0.7321	0.7940	0.1950s	0.7029	0.7980	0.7984
58
0083	0.5174	0.8611	0.7334	0.7900	0.1933s	0.7039	0.7950	0.7947
59
0084	0.5708	0.8889	0.7327	0.7940	0.1936s	0.7007	0.8000	0.7997
60
0085	0.5946	0.8556	0.7407	0.7900	0.1881s	0.6990	0.8020	0.8023
61
0086	0.5393	0.8556	0.7535	0.7920	0.1931s	0.7016	0.8000	0.8011
62
0087	0.5615	0.8833	0.7661	0.7820	0.1933s	0.7052	0.7970	0.7985
63
0088	0.5115	0.8833	0.7825	0.7740	0.1929s	0.7127	0.7910	0.7932
64
0089	0.5926	0.8444	0.7948	0.7720	0.1927s	0.7195	0.7900	0.7924
65
0090	0.6016	0.8611	0.7942	0.7720	0.1970s	0.7195	0.7910	0.7934
66
0091	0.5564	0.8833	0.7871	0.7680	0.2024s	0.7170	0.7940	0.7965
67
0092	0.5364	0.8778	0.7782	0.7760	0.2079s	0.7144	0.7990	0.8013
68
0093	0.5705	0.8611	0.7658	0.7860	0.2073s	0.7124	0.8010	0.8026
69
0094	0.5270	0.8611	0.7593	0.7880	0.2047s	0.7137	0.8090	0.8098
70
0095	0.6117	0.8444	0.7602	0.7860	0.2068s	0.7162	0.8030	0.8032
71
0096	0.5028	0.8778	0.7607	0.7920	0.2071s	0.7153	0.8060	0.8056
72
0097	0.5086	0.8944	0.7597	0.7840	0.2055s	0.7121	0.8060	0.8052
73
0098	0.5621	0.8833	0.7652	0.7780	0.2073s	0.7137	0.8030	0.8024
74
0099	0.5974	0.8611	0.7735	0.7740	0.2076s	0.7202	0.7990	0.7974
75
0100	0.4972	0.8611	0.7781	0.7680	0.2077s	0.7247	0.8010	0.7989
76
0101	0.5153	0.8667	0.7791	0.7640	0.2018s	0.7248	0.8000	0.7984
77
0102	0.5035	0.8778	0.7760	0.7620	0.1928s	0.7220	0.7980	0.7974
78
0103	0.6037	0.8667	0.7675	0.7680	0.1902s	0.7169	0.8000	0.8006
79
0104	0.5572	0.8611	0.7600	0.7680	0.1927s	0.7153	0.7930	0.7946
80
0105	0.4826	0.8889	0.7514	0.7700	0.1881s	0.7137	0.7930	0.7945
81
0106	0.5739	0.8778	0.7452	0.7720	0.1938s	0.7141	0.7920	0.7931
82
0107	0.5194	0.8889	0.7454	0.7680	0.1914s	0.7166	0.7950	0.7950
83
0108	0.5030	0.8833	0.7519	0.7620	0.1906s	0.7211	0.7900	0.7892
84
0109	0.5635	0.8667	0.7534	0.7580	0.1942s	0.7189	0.7920	0.7899
85
0110	0.5486	0.8444	0.7475	0.7660	0.1899s	0.7085	0.7920	0.7908
86
0111	0.5705	0.8778	0.7390	0.7700	0.1912s	0.6974	0.7970	0.7961
87
0112	0.4951	0.8889	0.7342	0.7760	0.1918s	0.6925	0.7980	0.7986
88
0113	0.5329	0.8722	0.7347	0.7740	0.1924s	0.6921	0.7990	0.8004
89
0114	0.5126	0.8833	0.7335	0.7740	0.1920s	0.6927	0.7990	0.8002
90
0115	0.4915	0.8556	0.7360	0.7660	0.1879s	0.6958	0.8000	0.8013
91
0116	0.5192	0.8722	0.7458	0.7620	0.1878s	0.7040	0.7870	0.7881
92
0117	0.5120	0.8833	0.7550	0.7680	0.1932s	0.7108	0.7880	0.7887
93
0118	0.4882	0.8500	0.7619	0.7680	0.1932s	0.7162	0.7830	0.7829
94
0119	0.5032	0.8667	0.7591	0.7640	0.1913s	0.7141	0.7850	0.7843
95
0120	0.5661	0.8611	0.7539	0.7700	0.1934s	0.7079	0.7840	0.7836
96
0121	0.4975	0.8500	0.7495	0.7760	0.1929s	0.7035	0.7850	0.7849
97
0122	0.5343	0.8389	0.7507	0.7800	0.1932s	0.7038	0.7880	0.7883
98
0123	0.5462	0.8389	0.7519	0.7820	0.1899s	0.7044	0.7930	0.7935
99
0124	0.4828	0.8389	0.7535	0.7840	0.1937s	0.7059	0.7980	0.7979
100
0125	0.5427	0.8667	0.7556	0.7820	0.1941s	0.7081	0.7920	0.7924
101
0126	0.5121	0.8833	0.7567	0.7820	0.1939s	0.7095	0.7920	0.7926
102
0127	0.5293	0.8667	0.7632	0.7840	0.1942s	0.7148	0.7910	0.7918
103
0128	0.5268	0.9000	0.7741	0.7840	0.1945s	0.7214	0.7950	0.7956
104
0129	0.5151	0.8500	0.7809	0.7740	0.1941s	0.7247	0.7880	0.7888
105
0130	0.4954	0.8611	0.7810	0.7800	0.1942s	0.7229	0.7880	0.7888
106
0131	0.4863	0.8944	0.7742	0.7860	0.1942s	0.7169	0.7900	0.7909
107
0132	0.5136	0.8444	0.7662	0.7900	0.1940s	0.7104	0.7910	0.7917
108
0133	0.5232	0.8500	0.7598	0.7860	0.1948s	0.7069	0.7930	0.7932
109
0134	0.5469	0.8389	0.7579	0.7820	0.1899s	0.7067	0.7960	0.7960
110
0135	0.4763	0.8944	0.7569	0.7820	0.1958s	0.7084	0.7930	0.7933
111
0136	0.4786	0.9222	0.7561	0.7820	0.1950s	0.7104	0.7930	0.7936
112
0137	0.5003	0.9167	0.7577	0.7800	0.1941s	0.7103	0.7900	0.7908
113
0138	0.4696	0.8556	0.7610	0.7840	0.1933s	0.7108	0.7900	0.7913
114
0139	0.4677	0.8500	0.7659	0.7800	0.1941s	0.7128	0.7890	0.7900
115
0140	0.5225	0.8556	0.7715	0.7760	0.1937s	0.7163	0.7830	0.7841
116
0141	0.4687	0.9000	0.7759	0.7680	0.1941s	0.7175	0.7820	0.7830
117
0142	0.5002	0.8778	0.7778	0.7700	0.1944s	0.7173	0.7820	0.7827
118
0143	0.4956	0.9111	0.7739	0.7700	0.1928s	0.7132	0.7870	0.7870
119
0144	0.4970	0.9500	0.7692	0.7760	0.1942s	0.7113	0.7890	0.7889
120
0145	0.4908	0.8944	0.7646	0.7860	0.1938s	0.7108	0.7890	0.7884
121
0146	0.4908	0.8722	0.7609	0.7840	0.1945s	0.7108	0.7970	0.7965
122
0147	0.5542	0.8833	0.7599	0.7860	0.1924s	0.7145	0.7960	0.7959
123
0148	0.4838	0.8611	0.7575	0.7860	0.1944s	0.7175	0.7940	0.7942
124
0149	0.4930	0.8222	0.7612	0.7820	0.1947s	0.7267	0.7940	0.7942
125
0150	0.5429	0.8333	0.7656	0.7800	0.1941s	0.7357	0.7900	0.7903
126
0151	0.4735	0.8667	0.7703	0.7780	0.1942s	0.7438	0.7850	0.7859
127
0152	0.4716	0.9056	0.7752	0.7780	0.1939s	0.7508	0.7870	0.7881
128
0153	0.4857	0.8889	0.7759	0.7820	0.1902s	0.7535	0.7890	0.7900
129
0154	0.4913	0.8389	0.7723	0.7800	0.1925s	0.7523	0.7920	0.7921
130
0155	0.5355	0.8889	0.7698	0.7760	0.1965s	0.7512	0.7940	0.7930
131
0156	0.4844	0.9111	0.7719	0.7740	0.1944s	0.7526	0.7980	0.7968
132
0157	0.4783	0.9056	0.7775	0.7780	0.1945s	0.7559	0.7980	0.7966
133
0158	0.5214	0.8833	0.7875	0.7840	0.1942s	0.7632	0.7960	0.7948
134
0159	0.5283	0.8556	0.7945	0.7820	0.1943s	0.7694	0.7900	0.7893
135
0160	0.4874	0.8889	0.7996	0.7780	0.1987s	0.7747	0.7890	0.7878
136
0161	0.5334	0.8778	0.8037	0.7700	0.1944s	0.7778	0.7900	0.7895
137
0162	0.5124	0.9000	0.8035	0.7700	0.1939s	0.7765	0.7920	0.7920
138
0163	0.5059	0.8722	0.7972	0.7740	0.1962s	0.7704	0.7990	0.7996
139
0164	0.5369	0.9111	0.7931	0.7760	0.1941s	0.7666	0.7960	0.7972
140
0165	0.4731	0.8944	0.7941	0.7720	0.1939s	0.7640	0.7950	0.7966
141
0166	0.5364	0.8833	0.7957	0.7740	0.1924s	0.7607	0.7920	0.7936
142
0167	0.4982	0.8833	0.7956	0.7700	0.1941s	0.7582	0.7940	0.7946
143
0168	0.4737	0.9111	0.7935	0.7700	0.1943s	0.7541	0.7910	0.7912
144
0169	0.5030	0.9000	0.7952	0.7720	0.1944s	0.7505	0.7960	0.7953
145
0170	0.5360	0.8889	0.7968	0.7760	0.1943s	0.7469	0.7940	0.7929
146
0171	0.5375	0.8889	0.8025	0.7760	0.1942s	0.7470	0.7920	0.7907
147
0172	0.4665	0.8556	0.8080	0.7720	0.1941s	0.7480	0.7950	0.7941
148
0173	0.4828	0.8889	0.8136	0.7680	0.1946s	0.7494	0.7960	0.7954
149
0174	0.4913	0.8333	0.8151	0.7740	0.1942s	0.7486	0.7990	0.7988
150
0175	0.4393	0.8500	0.8198	0.7760	0.1944s	0.7499	0.7950	0.7957
151
0176	0.5728	0.8444	0.8251	0.7760	0.1946s	0.7497	0.7950	0.7957
152
0177	0.5467	0.9000	0.8314	0.7720	0.1940s	0.7510	0.7950	0.7957
153
0178	0.5034	0.9056	0.8398	0.7660	0.1938s	0.7568	0.7900	0.7907
154
0179	0.5631	0.8889	0.8449	0.7620	0.1944s	0.7602	0.7940	0.7947
155
0180	0.4990	0.9056	0.8436	0.7660	0.1941s	0.7584	0.7960	0.7960
156
0181	0.5216	0.8889	0.8400	0.7640	0.1939s	0.7536	0.7970	0.7963
157
0182	0.4905	0.8389	0.8346	0.7600	0.1942s	0.7485	0.7960	0.7952
158
0183	0.5505	0.8889	0.8315	0.7620	0.1940s	0.7439	0.7990	0.7980
159
0184	0.5434	0.9000	0.8331	0.7620	0.1905s	0.7427	0.7970	0.7969
160
0185	0.4965	0.9056	0.8353	0.7620	0.1941s	0.7427	0.7990	0.7991
161
0186	0.4649	0.8889	0.8376	0.7640	0.1946s	0.7432	0.7980	0.7978
162
0187	0.4989	0.8722	0.8397	0.7640	0.1901s	0.7457	0.7960	0.7957
163
0188	0.5022	0.8611	0.8401	0.7640	0.1926s	0.7493	0.7920	0.7919
164
0189	0.5244	0.9056	0.8411	0.7620	0.1949s	0.7525	0.7910	0.7909
165
0190	0.4744	0.9056	0.8390	0.7640	0.1928s	0.7536	0.7930	0.7929
166
0191	0.4688	0.9111	0.8370	0.7680	0.1942s	0.7533	0.7930	0.7924
167
0192	0.4763	0.8889	0.8318	0.7720	0.1946s	0.7516	0.7930	0.7921
168
0193	0.4727	0.9111	0.8306	0.7680	0.1945s	0.7515	0.7920	0.7912
169
0194	0.4640	0.8944	0.8282	0.7680	0.1941s	0.7505	0.7920	0.7908
170
0195	0.4970	0.8500	0.8259	0.7660	0.1939s	0.7505	0.7930	0.7918
171
0196	0.4736	0.8722	0.8257	0.7700	0.1950s	0.7528	0.7890	0.7883
172
0197	0.5681	0.8556	0.8240	0.7700	0.1944s	0.7568	0.7880	0.7876
173
0198	0.4945	0.8833	0.8197	0.7660	0.1948s	0.7581	0.7890	0.7887
174
0199	0.4511	0.8667	0.8118	0.7620	0.1939s	0.7573	0.7910	0.7909
175
0200	0.5054	0.8944	0.8049	0.7620	0.1942s	0.7555	0.7930	0.7931
176
0201	0.4866	0.9000	0.8040	0.7680	0.1941s	0.7560	0.7940	0.7936
177
0202	0.4515	0.9000	0.8070	0.7740	0.1932s	0.7573	0.7950	0.7948
178
0203	0.4498	0.9222	0.8092	0.7720	0.1936s	0.7585	0.7950	0.7950
179
0204	0.4904	0.8778	0.8130	0.7720	0.1935s	0.7604	0.7970	0.7969
180
0205	0.4823	0.8889	0.8179	0.7780	0.1934s	0.7606	0.7950	0.7947
181
0206	0.5451	0.8278	0.8238	0.7800	0.1915s	0.7606	0.7940	0.7932
182
0207	0.5232	0.8500	0.8306	0.7740	0.1922s	0.7601	0.7940	0.7930
183
0208	0.5147	0.9056	0.8326	0.7740	0.1933s	0.7581	0.7950	0.7941
184
0209	0.4614	0.9000	0.8287	0.7800	0.1910s	0.7548	0.7970	0.7960
185
0210	0.4862	0.9111	0.8201	0.7780	0.1949s	0.7512	0.8010	0.8001
186
0211	0.4508	0.8944	0.8128	0.7780	0.1934s	0.7505	0.8010	0.8004
187
0212	0.4461	0.8833	0.8077	0.7760	0.1916s	0.7529	0.8000	0.8000
188
0213	0.4567	0.8778	0.8046	0.7760	0.1932s	0.7568	0.7970	0.7974
189
0214	0.4922	0.9111	0.7980	0.7720	0.2018s	0.7604	0.7930	0.7940
190
0215	0.5122	0.8556	0.7943	0.7720	0.1919s	0.7657	0.7900	0.7909
191
0216	0.4710	0.8722	0.7913	0.7740	0.1934s	0.7673	0.7880	0.7886
192
0217	0.5101	0.8833	0.7923	0.7780	0.1936s	0.7678	0.7840	0.7843
193
0218	0.4802	0.8778	0.7951	0.7760	0.1919s	0.7664	0.7810	0.7810
194
0219	0.4669	0.8944	0.8024	0.7820	0.1939s	0.7670	0.7800	0.7803
195
0220	0.5883	0.8889	0.8058	0.7820	0.1937s	0.7631	0.7820	0.7823
196
0221	0.5045	0.8778	0.8081	0.7780	0.1943s	0.7593	0.7870	0.7877
197
0222	0.4490	0.8667	0.8075	0.7780	0.2121s	0.7557	0.7910	0.7914
198
0223	0.4863	0.8611	0.8066	0.7900	0.2088s	0.7533	0.7910	0.7912
199
Early stop! Min loss:0.6410245299339294,  Max accuracy:0.8200000000000001
Early stop model validation loss:0.6410245299339294,  accuracy:0.798
Optimization Finished!
Total time elapsed: 44.0958s
test max acc:0.8400
Loading 22th epoch
stru_node_to_hop attention:tensor([[0.3332, 0.3335, 0.3334],
        [0.3334, 0.3333, 0.3333],
        [0.3329, 0.3336, 0.3336],
        [0.3334, 0.3334, 0.3332],
        [0.3332, 0.3334, 0.3334],
        [0.3334, 0.3333, 0.3333],
        [0.3332, 0.3334, 0.3334],
        [0.3333, 0.3333, 0.3334],
        [0.3332, 0.3335, 0.3333],
        [0.3333, 0.3333, 0.3334],
        [0.3334, 0.3333, 0.3333],
        [0.3329, 0.3336, 0.3335],
        [0.3334, 0.3333, 0.3333],
        [0.3331, 0.3335, 0.3335],
        [0.3334, 0.3333, 0.3333],
        [0.3332, 0.3334, 0.3334],
        [0.3334, 0.3333, 0.3333],
        [0.3332, 0.3335, 0.3333],
        [0.3207, 0.3758, 0.3035],
        [0.3333, 0.3333, 0.3334],
        [0.3332, 0.3335, 0.3334],
        [0.3334, 0.3333, 0.3333],
        [0.3332, 0.3334, 0.3334],
        [0.3331, 0.3334, 0.3334],
        [0.3332, 0.3334, 0.3334],
        [0.3333, 0.3335, 0.3333],
        [0.3334, 0.3333, 0.3333],
        [0.3333, 0.3334, 0.3333],
        [0.3333, 0.3333, 0.3334],
        [0.3331, 0.3335, 0.3334],
        [0.3333, 0.3333, 0.3334],
        [0.3333, 0.3334, 0.3333],
        [0.3331, 0.3334, 0.3334],
        [0.3330, 0.3336, 0.3333],
        [0.3332, 0.3334, 0.3334],
        [0.3334, 0.3332, 0.3334],
        [0.3333, 0.3333, 0.3334],
        [0.3333, 0.3333, 0.3334],
        [0.3333, 0.3334, 0.3333],
        [0.3331, 0.3335, 0.3334],
        [0.3332, 0.3334, 0.3334],
        [0.3332, 0.3333, 0.3334],
        [0.3332, 0.3334, 0.3334],
        [0.3333, 0.3333, 0.3334],
        [0.3333, 0.3334, 0.3334],
        [0.3332, 0.3334, 0.3334],
        [0.3332, 0.3334, 0.3334],
        [0.3331, 0.3335, 0.3335],
        [0.3331, 0.3335, 0.3333],
        [0.3332, 0.3335, 0.3333],
        [0.3332, 0.3335, 0.3334],
        [0.3332, 0.3334, 0.3334],
        [0.3332, 0.3335, 0.3333],
        [0.3332, 0.3335, 0.3333],
        [0.3333, 0.3334, 0.3334],
        [0.3332, 0.3334, 0.3334],
        [0.3333, 0.3333, 0.3334],
        [0.3332, 0.3334, 0.3334],
        [0.3333, 0.3333, 0.3334],
        [0.3333, 0.3333, 0.3334],
        [0.3332, 0.3334, 0.3334],
        [0.3330, 0.3335, 0.3335],
        [0.3333, 0.3334, 0.3334],
        [0.3333, 0.3333, 0.3334],
        [0.3333, 0.3334, 0.3334],
        [0.3329, 0.3335, 0.3335],
        [0.3332, 0.3334, 0.3334],
        [0.3331, 0.3334, 0.3334],
        [0.3332, 0.3334, 0.3334],
        [0.3333, 0.3334, 0.3334],
        [0.3331, 0.3335, 0.3334],
        [0.3334, 0.3333, 0.3333],
        [0.3332, 0.3334, 0.3334],
        [0.3332, 0.3334, 0.3334],
        [0.3332, 0.3334, 0.3334],
        [0.3333, 0.3334, 0.3334],
        [0.3331, 0.3335, 0.3334],
        [0.3333, 0.3333, 0.3334],
        [0.3330, 0.3335, 0.3334],
        [0.3333, 0.3333, 0.3334],
        [0.3333, 0.3333, 0.3334],
        [0.3332, 0.3334, 0.3334],
        [0.3333, 0.3335, 0.3333],
        [0.3332, 0.3334, 0.3334],
        [0.3331, 0.3334, 0.3335],
        [0.3333, 0.3333, 0.3334],
        [0.3331, 0.3334, 0.3334],
        [0.3331, 0.3335, 0.3335],
        [0.3332, 0.3334, 0.3334],
        [0.3333, 0.3333, 0.3334],
        [0.3332, 0.3334, 0.3334],
        [0.3333, 0.3333, 0.3334],
        [0.3332, 0.3334, 0.3334],
        [0.3331, 0.3334, 0.3335],
        [0.3330, 0.3335, 0.3335],
        [0.3332, 0.3334, 0.3334],
        [0.3331, 0.3334, 0.3335],
        [0.2777, 0.3976, 0.3247],
        [0.3331, 0.3335, 0.3335],
        [0.3331, 0.3334, 0.3334]], device='cuda:1')
fea_node_to_hop attention:tensor([[0.1428, 0.1428, 0.1428, 0.1429, 0.1429, 0.1429, 0.1429],
        [0.1428, 0.1429, 0.1428, 0.1429, 0.1429, 0.1429, 0.1429],
        [0.1429, 0.1429, 0.1428, 0.1429, 0.1428, 0.1429, 0.1429],
        [0.1429, 0.1429, 0.1427, 0.1429, 0.1428, 0.1429, 0.1429],
        [0.1429, 0.1428, 0.1428, 0.1429, 0.1428, 0.1429, 0.1429],
        [0.1428, 0.1429, 0.1428, 0.1429, 0.1428, 0.1429, 0.1429],
        [0.1429, 0.1429, 0.1428, 0.1429, 0.1428, 0.1429, 0.1429],
        [0.1428, 0.1429, 0.1428, 0.1429, 0.1428, 0.1429, 0.1429],
        [0.1428, 0.1428, 0.1428, 0.1429, 0.1429, 0.1429, 0.1429],
        [0.1427, 0.1429, 0.1429, 0.1429, 0.1429, 0.1429, 0.1429],
        [0.1429, 0.1428, 0.1428, 0.1429, 0.1429, 0.1429, 0.1429],
        [0.1429, 0.1428, 0.1428, 0.1428, 0.1429, 0.1429, 0.1429],
        [0.1428, 0.1428, 0.1428, 0.1429, 0.1429, 0.1429, 0.1429],
        [0.1429, 0.1428, 0.1429, 0.1429, 0.1429, 0.1429, 0.1429],
        [0.1427, 0.1427, 0.1428, 0.1429, 0.1429, 0.1430, 0.1430],
        [0.1428, 0.1427, 0.1429, 0.1429, 0.1429, 0.1429, 0.1429],
        [0.1428, 0.1427, 0.1428, 0.1429, 0.1429, 0.1429, 0.1429],
        [0.1428, 0.1428, 0.1428, 0.1429, 0.1429, 0.1429, 0.1429],
        [0.1253, 0.1288, 0.1478, 0.1521, 0.1524, 0.1487, 0.1450],
        [0.1428, 0.1428, 0.1429, 0.1429, 0.1429, 0.1429, 0.1429],
        [0.1428, 0.1428, 0.1429, 0.1429, 0.1429, 0.1429, 0.1429],
        [0.1429, 0.1427, 0.1428, 0.1428, 0.1429, 0.1429, 0.1429],
        [0.1427, 0.1428, 0.1429, 0.1429, 0.1429, 0.1429, 0.1429],
        [0.1429, 0.1428, 0.1429, 0.1429, 0.1429, 0.1429, 0.1429],
        [0.1428, 0.1428, 0.1429, 0.1429, 0.1429, 0.1429, 0.1429],
        [0.1428, 0.1428, 0.1428, 0.1429, 0.1429, 0.1429, 0.1429],
        [0.1427, 0.1428, 0.1429, 0.1429, 0.1429, 0.1429, 0.1429],
        [0.1428, 0.1428, 0.1428, 0.1429, 0.1429, 0.1429, 0.1429],
        [0.1429, 0.1428, 0.1428, 0.1429, 0.1429, 0.1429, 0.1429],
        [0.1425, 0.1429, 0.1429, 0.1429, 0.1429, 0.1430, 0.1430],
        [0.1428, 0.1428, 0.1428, 0.1429, 0.1429, 0.1429, 0.1429],
        [0.1428, 0.1428, 0.1428, 0.1429, 0.1429, 0.1429, 0.1429],
        [0.1427, 0.1428, 0.1428, 0.1429, 0.1429, 0.1429, 0.1429],
        [0.1429, 0.1428, 0.1428, 0.1429, 0.1429, 0.1429, 0.1429],
        [0.1428, 0.1428, 0.1428, 0.1429, 0.1429, 0.1429, 0.1429],
        [0.1426, 0.1428, 0.1429, 0.1429, 0.1429, 0.1429, 0.1430],
        [0.1428, 0.1428, 0.1428, 0.1429, 0.1429, 0.1429, 0.1429],
        [0.1428, 0.1428, 0.1429, 0.1429, 0.1429, 0.1429, 0.1429],
        [0.1428, 0.1428, 0.1428, 0.1429, 0.1429, 0.1429, 0.1429],
        [0.1428, 0.1428, 0.1429, 0.1429, 0.1429, 0.1429, 0.1429],
        [0.1429, 0.1429, 0.1428, 0.1428, 0.1429, 0.1429, 0.1429],
        [0.1428, 0.1428, 0.1429, 0.1429, 0.1429, 0.1429, 0.1429],
        [0.1428, 0.1428, 0.1428, 0.1429, 0.1429, 0.1429, 0.1429],
        [0.1427, 0.1428, 0.1429, 0.1429, 0.1429, 0.1429, 0.1429],
        [0.1428, 0.1428, 0.1429, 0.1429, 0.1429, 0.1429, 0.1429],
        [0.1428, 0.1428, 0.1428, 0.1429, 0.1429, 0.1429, 0.1429],
        [0.1427, 0.1428, 0.1429, 0.1429, 0.1429, 0.1429, 0.1429],
        [0.1429, 0.1428, 0.1428, 0.1428, 0.1429, 0.1429, 0.1429],
        [0.1428, 0.1428, 0.1428, 0.1429, 0.1429, 0.1429, 0.1429],
        [0.1427, 0.1428, 0.1428, 0.1429, 0.1429, 0.1429, 0.1429],
        [0.1428, 0.1428, 0.1428, 0.1429, 0.1429, 0.1429, 0.1429],
        [0.1428, 0.1428, 0.1428, 0.1429, 0.1429, 0.1429, 0.1429],
        [0.1428, 0.1428, 0.1428, 0.1428, 0.1429, 0.1429, 0.1429],
        [0.1428, 0.1428, 0.1428, 0.1429, 0.1429, 0.1429, 0.1429],
        [0.1428, 0.1428, 0.1428, 0.1429, 0.1429, 0.1429, 0.1429],
        [0.1429, 0.1428, 0.1428, 0.1429, 0.1429, 0.1429, 0.1429],
        [0.1428, 0.1428, 0.1429, 0.1429, 0.1429, 0.1429, 0.1429],
        [0.1428, 0.1428, 0.1428, 0.1429, 0.1429, 0.1429, 0.1429],
        [0.1428, 0.1428, 0.1429, 0.1429, 0.1429, 0.1429, 0.1429],
        [0.1429, 0.1428, 0.1428, 0.1429, 0.1429, 0.1429, 0.1429],
        [0.1428, 0.1428, 0.1429, 0.1429, 0.1429, 0.1429, 0.1429],
        [0.1427, 0.1428, 0.1429, 0.1429, 0.1429, 0.1429, 0.1429],
        [0.1429, 0.1428, 0.1428, 0.1429, 0.1429, 0.1429, 0.1429],
        [0.1428, 0.1428, 0.1429, 0.1429, 0.1429, 0.1429, 0.1429],
        [0.1428, 0.1428, 0.1428, 0.1429, 0.1429, 0.1429, 0.1429],
        [0.1428, 0.1428, 0.1429, 0.1429, 0.1429, 0.1429, 0.1429],
        [0.1427, 0.1428, 0.1429, 0.1429, 0.1429, 0.1429, 0.1429],
        [0.1429, 0.1428, 0.1428, 0.1428, 0.1429, 0.1429, 0.1429],
        [0.1429, 0.1428, 0.1428, 0.1428, 0.1429, 0.1429, 0.1429],
        [0.1428, 0.1428, 0.1428, 0.1429, 0.1429, 0.1429, 0.1429],
        [0.1428, 0.1428, 0.1428, 0.1429, 0.1429, 0.1429, 0.1429],
        [0.1428, 0.1428, 0.1428, 0.1429, 0.1429, 0.1429, 0.1429],
        [0.1428, 0.1428, 0.1429, 0.1429, 0.1429, 0.1429, 0.1429],
        [0.1429, 0.1428, 0.1428, 0.1428, 0.1429, 0.1429, 0.1429],
        [0.1428, 0.1428, 0.1428, 0.1429, 0.1429, 0.1429, 0.1429],
        [0.1428, 0.1428, 0.1428, 0.1429, 0.1429, 0.1429, 0.1429],
        [0.1426, 0.1428, 0.1429, 0.1429, 0.1429, 0.1429, 0.1429],
        [0.1428, 0.1427, 0.1429, 0.1429, 0.1429, 0.1429, 0.1429],
        [0.1429, 0.1428, 0.1428, 0.1428, 0.1429, 0.1429, 0.1429],
        [0.1428, 0.1429, 0.1428, 0.1428, 0.1429, 0.1429, 0.1429],
        [0.1428, 0.1429, 0.1429, 0.1429, 0.1429, 0.1429, 0.1429],
        [0.1427, 0.1428, 0.1429, 0.1429, 0.1429, 0.1429, 0.1429],
        [0.1427, 0.1428, 0.1429, 0.1429, 0.1429, 0.1429, 0.1429],
        [0.1428, 0.1428, 0.1429, 0.1429, 0.1429, 0.1429, 0.1429],
        [0.1429, 0.1428, 0.1428, 0.1429, 0.1429, 0.1429, 0.1429],
        [0.1428, 0.1428, 0.1429, 0.1429, 0.1429, 0.1429, 0.1429],
        [0.1429, 0.1428, 0.1428, 0.1429, 0.1429, 0.1429, 0.1429],
        [0.1428, 0.1428, 0.1428, 0.1429, 0.1429, 0.1429, 0.1429],
        [0.1427, 0.1427, 0.1429, 0.1429, 0.1429, 0.1429, 0.1429],
        [0.1429, 0.1428, 0.1429, 0.1429, 0.1429, 0.1429, 0.1429],
        [0.1429, 0.1427, 0.1428, 0.1429, 0.1429, 0.1429, 0.1429],
        [0.1429, 0.1428, 0.1428, 0.1428, 0.1429, 0.1429, 0.1429],
        [0.1429, 0.1429, 0.1428, 0.1429, 0.1429, 0.1429, 0.1429],
        [0.1429, 0.1428, 0.1428, 0.1428, 0.1429, 0.1429, 0.1429],
        [0.1429, 0.1428, 0.1428, 0.1429, 0.1429, 0.1429, 0.1429],
        [0.1429, 0.1427, 0.1428, 0.1429, 0.1429, 0.1429, 0.1429],
        [0.1429, 0.1428, 0.1428, 0.1429, 0.1429, 0.1429, 0.1429],
        [0.1277, 0.1398, 0.1456, 0.1504, 0.1500, 0.1451, 0.1413],
        [0.1428, 0.1428, 0.1429, 0.1429, 0.1429, 0.1429, 0.1429],
        [0.1429, 0.1428, 0.1428, 0.1428, 0.1429, 0.1429, 0.1429]],
       device='cuda:1')
perception attention:tensor([0.3883, 0.6117], device='cuda:1')
Test set results: loss= 0.6226 accuracy= 0.8260 F1_score= 0.8258
