# epoch	loss_train	acc_train	loss_val	acc_val	time	acc_test	f1_test
0001	2.1985	0.1056	2.1432	0.4600	0.1925s	2.1467	0.4540	0.4566
0
0002	2.1430	0.2889	2.0750	0.5320	0.1932s	2.0761	0.5470	0.4908
0
0003	2.0801	0.3833	1.9920	0.5880	0.1915s	1.9923	0.6070	0.5488
0
0004	2.0028	0.4167	1.8947	0.6220	0.1876s	1.8953	0.6480	0.6211
0
0005	1.9121	0.4611	1.7893	0.6720	0.1937s	1.7906	0.6930	0.6701
0
0006	1.8383	0.5167	1.6788	0.7460	0.1931s	1.6788	0.7600	0.7397
0
0007	1.7377	0.6500	1.5633	0.7720	0.1931s	1.5610	0.7830	0.7658
0
0008	1.6299	0.6556	1.4467	0.7820	0.1918s	1.4432	0.8010	0.7883
0
0009	1.5747	0.6944	1.3319	0.7900	0.1912s	1.3280	0.8100	0.8026
0
0010	1.4733	0.7778	1.2231	0.8080	0.1935s	1.2188	0.8220	0.8176
0
0011	1.3430	0.7944	1.1226	0.8140	0.1933s	1.1180	0.8240	0.8202
0
0012	1.3048	0.7722	1.0321	0.8220	0.1935s	1.0277	0.8180	0.8170
0
0013	1.2156	0.8000	0.9542	0.8180	0.1921s	0.9500	0.8160	0.8156
0
0014	1.1524	0.7889	0.8893	0.8040	0.1914s	0.8848	0.8130	0.8144
0
0015	1.0942	0.7944	0.8352	0.8000	0.1930s	0.8295	0.8060	0.8097
0
0016	1.0272	0.8278	0.7893	0.8020	0.1928s	0.7822	0.7960	0.8014
0
0017	1.0056	0.7889	0.7518	0.7960	0.1933s	0.7422	0.7960	0.8018
0
0018	0.9632	0.7944	0.7213	0.7940	0.1929s	0.7103	0.8120	0.8166
0
0019	0.9104	0.8167	0.6945	0.8060	0.1933s	0.6824	0.8200	0.8234
0
0020	0.8822	0.8500	0.6709	0.8040	0.1934s	0.6579	0.8260	0.8285
0
0021	0.7872	0.8111	0.6517	0.8120	0.1920s	0.6397	0.8260	0.8282
0
0022	0.8441	0.8167	0.6379	0.8120	0.1913s	0.6251	0.8240	0.8251
0
0023	0.8286	0.8833	0.6285	0.8040	0.1912s	0.6152	0.8230	0.8232
0
0024	0.7740	0.8722	0.6267	0.8000	0.1929s	0.6085	0.8230	0.8234
0
0025	0.7850	0.8611	0.6328	0.7980	0.1943s	0.6081	0.8100	0.8120
0
0026	0.7166	0.8444	0.6412	0.7940	0.1932s	0.6091	0.8060	0.8087
1
0027	0.6859	0.8389	0.6488	0.7920	0.1932s	0.6086	0.8090	0.8121
2
0028	0.7376	0.8389	0.6506	0.7900	0.1934s	0.6034	0.8090	0.8120
3
0029	0.6706	0.8500	0.6565	0.8020	0.1933s	0.6044	0.8200	0.8218
4
0030	0.6674	0.8556	0.6619	0.8040	0.1948s	0.6073	0.8160	0.8174
5
0031	0.6540	0.8278	0.6689	0.7980	0.1930s	0.6138	0.8150	0.8163
6
0032	0.6294	0.8778	0.6711	0.7980	0.1939s	0.6175	0.8170	0.8178
7
0033	0.6575	0.8444	0.6662	0.7980	0.1915s	0.6165	0.8150	0.8150
8
0034	0.6023	0.8722	0.6608	0.7980	0.1945s	0.6140	0.8170	0.8169
9
0035	0.5782	0.8722	0.6591	0.8000	0.1937s	0.6130	0.8190	0.8192
10
0036	0.6154	0.8667	0.6636	0.7980	0.1930s	0.6162	0.8180	0.8187
11
0037	0.6298	0.8556	0.6713	0.7920	0.1917s	0.6206	0.8130	0.8145
12
0038	0.6445	0.8222	0.6802	0.7900	0.1930s	0.6243	0.8060	0.8086
13
0039	0.5620	0.9333	0.6881	0.7860	0.1930s	0.6291	0.8050	0.8080
14
0040	0.6027	0.8556	0.6878	0.7960	0.1914s	0.6290	0.8060	0.8078
15
0041	0.6626	0.8333	0.6882	0.7980	0.1933s	0.6292	0.8070	0.8085
16
0042	0.6325	0.8944	0.6871	0.7940	0.1909s	0.6287	0.8090	0.8092
17
0043	0.6749	0.9000	0.6921	0.7960	0.1932s	0.6338	0.8080	0.8080
18
0044	0.5899	0.8778	0.6972	0.7880	0.1937s	0.6399	0.8060	0.8054
19
0045	0.5926	0.8278	0.7033	0.7920	0.1931s	0.6465	0.8040	0.8051
20
0046	0.5768	0.8667	0.7089	0.7860	0.1937s	0.6551	0.7990	0.8012
21
0047	0.5912	0.8722	0.7216	0.7800	0.1931s	0.6680	0.7930	0.7963
22
0048	0.7185	0.8222	0.7291	0.7780	0.1939s	0.6758	0.7870	0.7912
23
0049	0.6151	0.8500	0.7226	0.7780	0.1929s	0.6710	0.7920	0.7958
24
0050	0.5365	0.8833	0.7086	0.7820	0.1916s	0.6598	0.8000	0.8025
25
0051	0.6164	0.8667	0.6945	0.7900	0.1913s	0.6507	0.8030	0.8032
26
0052	0.5414	0.8667	0.6861	0.7880	0.1922s	0.6493	0.8060	0.8044
27
0053	0.6079	0.8611	0.6820	0.7880	0.1943s	0.6523	0.8060	0.8034
28
0054	0.5696	0.8611	0.6793	0.7880	0.1932s	0.6524	0.8010	0.7996
29
0055	0.5414	0.8778	0.6834	0.7820	0.1928s	0.6540	0.8050	0.8052
30
0056	0.5494	0.9167	0.6961	0.7800	0.1933s	0.6611	0.8050	0.8066
31
0057	0.6436	0.8444	0.7140	0.7800	0.1928s	0.6715	0.7940	0.7971
32
0058	0.6078	0.8667	0.7276	0.7760	0.1933s	0.6770	0.7880	0.7918
33
0059	0.5342	0.8889	0.7357	0.7740	0.1934s	0.6807	0.7830	0.7875
34
0060	0.6157	0.8333	0.7284	0.7840	0.1930s	0.6747	0.7870	0.7908
35
0061	0.5909	0.8333	0.7172	0.7880	0.1933s	0.6668	0.7970	0.7987
36
0062	0.5443	0.8444	0.7059	0.7880	0.1936s	0.6612	0.8000	0.8002
37
0063	0.5593	0.8556	0.7014	0.7820	0.1932s	0.6594	0.8010	0.8004
38
0064	0.6339	0.9056	0.6966	0.7860	0.1929s	0.6600	0.8050	0.8040
39
0065	0.5445	0.8556	0.6957	0.7880	0.1939s	0.6618	0.8030	0.8015
40
0066	0.5757	0.8611	0.6925	0.7840	0.1914s	0.6608	0.8030	0.8020
41
0067	0.5995	0.8722	0.6881	0.7840	0.1930s	0.6610	0.8030	0.8032
42
0068	0.5914	0.8722	0.6862	0.7840	0.1930s	0.6624	0.8020	0.8029
43
0069	0.5453	0.8500	0.6915	0.7840	0.1932s	0.6693	0.7940	0.7968
44
0070	0.5693	0.8889	0.6959	0.7800	0.1928s	0.6734	0.7900	0.7931
45
0071	0.5216	0.8556	0.7019	0.7760	0.1911s	0.6762	0.7920	0.7944
46
0072	0.4755	0.8556	0.7099	0.7740	0.1934s	0.6804	0.7900	0.7917
47
0073	0.5528	0.8667	0.7130	0.7800	0.1930s	0.6802	0.7900	0.7900
48
0074	0.5312	0.8389	0.7104	0.7860	0.1900s	0.6756	0.7890	0.7881
49
0075	0.5938	0.8778	0.7058	0.7860	0.1912s	0.6686	0.7920	0.7918
50
0076	0.5345	0.8944	0.7071	0.7840	0.1935s	0.6669	0.7980	0.7981
51
0077	0.5124	0.8556	0.7113	0.7840	0.1936s	0.6695	0.7990	0.7996
52
0078	0.5605	0.9167	0.7133	0.7800	0.1934s	0.6749	0.7960	0.7975
53
0079	0.5348	0.8889	0.7181	0.7720	0.1929s	0.6806	0.7900	0.7924
54
0080	0.6314	0.8667	0.7238	0.7740	0.1914s	0.6847	0.7900	0.7921
55
0081	0.5727	0.8444	0.7261	0.7740	0.1913s	0.6835	0.7920	0.7924
56
0082	0.5301	0.8778	0.7275	0.7780	0.1927s	0.6835	0.7920	0.7909
57
0083	0.5353	0.8667	0.7298	0.7860	0.1931s	0.6842	0.7890	0.7877
58
0084	0.5472	0.8833	0.7281	0.7840	0.1934s	0.6800	0.7940	0.7930
59
0085	0.4934	0.8833	0.7286	0.7820	0.1935s	0.6791	0.7980	0.7974
60
0086	0.5381	0.8833	0.7280	0.7800	0.1934s	0.6777	0.8000	0.8000
61
0087	0.5408	0.8611	0.7306	0.7760	0.1923s	0.6769	0.8030	0.8038
62
0088	0.5072	0.8389	0.7359	0.7760	0.1934s	0.6784	0.8050	0.8058
63
0089	0.5771	0.8889	0.7416	0.7720	0.1927s	0.6815	0.7980	0.7992
64
0090	0.5335	0.8500	0.7459	0.7740	0.1939s	0.6828	0.7970	0.7987
65
0091	0.5406	0.8944	0.7562	0.7740	0.1926s	0.6866	0.7960	0.7974
66
0092	0.5526	0.8833	0.7705	0.7680	0.1920s	0.6913	0.7970	0.7987
67
0093	0.5245	0.8444	0.7776	0.7680	0.1931s	0.6940	0.7940	0.7958
68
0094	0.5936	0.8944	0.7711	0.7740	0.1915s	0.6863	0.7940	0.7952
69
0095	0.5346	0.9000	0.7574	0.7860	0.1934s	0.6760	0.7980	0.7985
70
0096	0.6091	0.8333	0.7456	0.7780	0.1934s	0.6729	0.8050	0.8045
71
0097	0.5347	0.8389	0.7416	0.7880	0.1938s	0.6775	0.8030	0.8016
72
0098	0.5584	0.8611	0.7427	0.7900	0.1960s	0.6848	0.8000	0.7991
73
0099	0.5562	0.8556	0.7463	0.7840	0.1931s	0.6932	0.7990	0.7984
74
0100	0.5388	0.9000	0.7516	0.7860	0.1932s	0.6978	0.7980	0.7977
75
0101	0.5310	0.8889	0.7566	0.7840	0.1929s	0.7002	0.8010	0.8014
76
0102	0.5486	0.8833	0.7653	0.7820	0.1929s	0.7020	0.7950	0.7960
77
0103	0.5204	0.8889	0.7752	0.7800	0.1930s	0.7024	0.7950	0.7960
78
0104	0.5297	0.8778	0.7794	0.7800	0.1933s	0.7003	0.7940	0.7949
79
0105	0.5072	0.8778	0.7794	0.7820	0.1931s	0.6948	0.7940	0.7948
80
0106	0.5145	0.8444	0.7771	0.7760	0.1928s	0.6903	0.7980	0.7981
81
0107	0.5685	0.8722	0.7751	0.7760	0.1932s	0.6892	0.8030	0.8033
82
0108	0.5310	0.8556	0.7733	0.7800	0.1946s	0.6917	0.8060	0.8052
83
0109	0.5000	0.9056	0.7717	0.7840	0.1932s	0.6921	0.8030	0.8024
84
0110	0.4816	0.8778	0.7723	0.7780	0.1920s	0.6955	0.8010	0.8005
85
0111	0.6305	0.8333	0.7694	0.7820	0.1915s	0.6953	0.8010	0.8011
86
0112	0.5498	0.8722	0.7738	0.7840	0.1916s	0.6979	0.7970	0.7978
87
0113	0.5159	0.8833	0.7829	0.7760	0.1932s	0.7059	0.7950	0.7956
88
0114	0.5311	0.8833	0.7943	0.7640	0.1931s	0.7177	0.7920	0.7929
89
0115	0.4916	0.8556	0.7976	0.7640	0.1964s	0.7234	0.7910	0.7918
90
0116	0.4775	0.8944	0.7905	0.7640	0.1955s	0.7221	0.7930	0.7930
91
0117	0.4984	0.8722	0.7864	0.7680	0.1934s	0.7201	0.7950	0.7949
92
0118	0.5504	0.9000	0.7816	0.7740	0.1932s	0.7169	0.7970	0.7970
93
0119	0.4821	0.9111	0.7770	0.7780	0.1913s	0.7110	0.8050	0.8048
94
0120	0.4973	0.8722	0.7728	0.7740	0.1934s	0.7077	0.8060	0.8057
95
0121	0.5378	0.8833	0.7718	0.7780	0.1932s	0.7077	0.8060	0.8055
96
0122	0.5180	0.8778	0.7765	0.7700	0.1914s	0.7115	0.7990	0.7990
97
0123	0.5891	0.8667	0.7791	0.7600	0.1936s	0.7142	0.7960	0.7966
98
0124	0.4603	0.8889	0.7769	0.7640	0.1931s	0.7160	0.7930	0.7941
99
0125	0.4617	0.8833	0.7759	0.7640	0.1928s	0.7190	0.7910	0.7928
100
0126	0.5532	0.8667	0.7728	0.7680	0.1915s	0.7219	0.7890	0.7907
101
0127	0.5030	0.8722	0.7645	0.7700	0.1935s	0.7204	0.7910	0.7927
102
0128	0.5603	0.8833	0.7601	0.7700	0.1930s	0.7212	0.7970	0.7979
103
0129	0.5031	0.8944	0.7596	0.7700	0.1929s	0.7240	0.7980	0.7982
104
0130	0.6049	0.8778	0.7595	0.7760	0.1936s	0.7251	0.8000	0.8002
105
0131	0.4990	0.9111	0.7640	0.7820	0.1931s	0.7254	0.7990	0.7996
106
0132	0.5365	0.9167	0.7714	0.7840	0.1936s	0.7258	0.8000	0.8011
107
0133	0.5266	0.9000	0.7868	0.7780	0.1933s	0.7295	0.7960	0.7982
108
0134	0.5709	0.8778	0.8051	0.7740	0.1942s	0.7363	0.7920	0.7948
109
0135	0.4107	0.9000	0.8136	0.7740	0.1930s	0.7405	0.7900	0.7929
110
0136	0.4429	0.8833	0.8155	0.7740	0.1930s	0.7426	0.7850	0.7878
111
0137	0.5147	0.8500	0.8062	0.7760	0.1926s	0.7387	0.7870	0.7883
112
0138	0.5550	0.8889	0.7958	0.7860	0.1914s	0.7365	0.7930	0.7936
113
0139	0.4725	0.9000	0.7864	0.7880	0.1933s	0.7363	0.7980	0.7980
114
0140	0.5583	0.8833	0.7827	0.7880	0.1916s	0.7399	0.7960	0.7956
115
0141	0.4934	0.8944	0.7818	0.7860	0.1915s	0.7423	0.7980	0.7974
116
0142	0.4999	0.8833	0.7791	0.7780	0.1915s	0.7425	0.7960	0.7951
117
0143	0.4527	0.8444	0.7774	0.7820	0.1926s	0.7427	0.7930	0.7928
118
0144	0.5116	0.8556	0.7748	0.7800	0.1931s	0.7415	0.7920	0.7917
119
0145	0.5100	0.9000	0.7739	0.7820	0.1936s	0.7403	0.7940	0.7940
120
0146	0.5327	0.8667	0.7771	0.7800	0.1936s	0.7422	0.7940	0.7944
121
0147	0.4831	0.8778	0.7832	0.7800	0.1932s	0.7455	0.7920	0.7934
122
0148	0.5271	0.8222	0.7911	0.7800	0.1934s	0.7490	0.7870	0.7892
123
0149	0.4644	0.8889	0.7948	0.7780	0.1915s	0.7497	0.7890	0.7907
124
0150	0.4953	0.8722	0.7950	0.7740	0.1934s	0.7496	0.7900	0.7916
125
0151	0.5046	0.8778	0.7928	0.7780	0.1934s	0.7501	0.7910	0.7921
126
0152	0.4718	0.9056	0.7887	0.7820	0.1935s	0.7497	0.7960	0.7964
127
0153	0.5445	0.8389	0.7851	0.7860	0.1964s	0.7496	0.7960	0.7961
128
0154	0.4509	0.9111	0.7811	0.7840	0.1914s	0.7468	0.7950	0.7952
129
0155	0.5289	0.8833	0.7749	0.7820	0.1913s	0.7428	0.7970	0.7972
130
0156	0.5177	0.9167	0.7700	0.7780	0.1938s	0.7391	0.7970	0.7977
131
0157	0.4992	0.8667	0.7706	0.7740	0.1935s	0.7379	0.7950	0.7961
132
0158	0.4674	0.8611	0.7744	0.7740	0.1917s	0.7373	0.7920	0.7933
133
0159	0.5713	0.8111	0.7800	0.7700	0.1936s	0.7378	0.7910	0.7925
134
0160	0.5054	0.8722	0.7906	0.7680	0.1932s	0.7415	0.7900	0.7922
135
0161	0.5618	0.8889	0.8011	0.7740	0.1919s	0.7473	0.7920	0.7942
136
0162	0.5191	0.8500	0.8041	0.7740	0.1915s	0.7488	0.7920	0.7938
137
0163	0.4816	0.8778	0.8011	0.7760	0.1936s	0.7459	0.7910	0.7929
138
0164	0.4922	0.8667	0.7968	0.7700	0.1936s	0.7427	0.7920	0.7934
139
0165	0.4999	0.8833	0.7877	0.7740	0.1936s	0.7366	0.8000	0.8002
140
0166	0.5247	0.9000	0.7780	0.7820	0.1932s	0.7306	0.8030	0.8026
141
0167	0.5159	0.8833	0.7723	0.7800	0.1930s	0.7253	0.8040	0.8031
142
0168	0.5348	0.8722	0.7667	0.7760	0.1930s	0.7203	0.8060	0.8040
143
0169	0.5185	0.8556	0.7655	0.7740	0.1936s	0.7183	0.8020	0.7996
144
0170	0.5002	0.8556	0.7677	0.7680	0.1936s	0.7211	0.7990	0.7965
145
0171	0.5376	0.8667	0.7758	0.7740	0.1932s	0.7279	0.7970	0.7956
146
0172	0.4766	0.9056	0.7827	0.7700	0.1919s	0.7318	0.7960	0.7956
147
0173	0.5115	0.8222	0.7867	0.7700	0.1916s	0.7344	0.7940	0.7945
148
0174	0.5345	0.8444	0.7890	0.7720	0.1928s	0.7358	0.7890	0.7898
149
0175	0.4979	0.8611	0.7869	0.7640	0.1936s	0.7335	0.7900	0.7909
150
0176	0.5265	0.9000	0.7799	0.7700	0.1936s	0.7301	0.7910	0.7914
151
0177	0.4455	0.8833	0.7730	0.7720	0.1936s	0.7278	0.7920	0.7919
152
0178	0.4940	0.8944	0.7691	0.7720	0.1952s	0.7274	0.7960	0.7956
153
0179	0.5434	0.8833	0.7667	0.7740	0.1932s	0.7263	0.7930	0.7918
154
0180	0.4663	0.9056	0.7662	0.7760	0.1933s	0.7259	0.7950	0.7932
155
0181	0.4813	0.8889	0.7726	0.7740	0.1914s	0.7254	0.7950	0.7934
156
0182	0.4509	0.9000	0.7841	0.7740	0.1931s	0.7270	0.7890	0.7877
157
0183	0.4932	0.8833	0.8009	0.7780	0.1929s	0.7319	0.7930	0.7925
158
0184	0.4606	0.9389	0.8139	0.7700	0.1929s	0.7369	0.7890	0.7882
159
0185	0.4986	0.8722	0.8223	0.7680	0.1938s	0.7396	0.7910	0.7899
160
0186	0.5608	0.8667	0.8228	0.7720	0.1909s	0.7384	0.7930	0.7918
161
0187	0.5437	0.8833	0.8134	0.7760	0.1929s	0.7321	0.7900	0.7891
162
0188	0.5462	0.8778	0.8006	0.7780	0.1918s	0.7227	0.7900	0.7888
163
0189	0.4858	0.8778	0.7923	0.7820	0.1909s	0.7177	0.7950	0.7938
164
0190	0.4786	0.8667	0.7926	0.7860	0.1941s	0.7206	0.7980	0.7976
165
0191	0.5558	0.8111	0.7993	0.7840	0.1934s	0.7260	0.8010	0.8011
166
0192	0.5208	0.8722	0.8094	0.7800	0.1929s	0.7342	0.8020	0.8023
167
0193	0.5299	0.8833	0.8221	0.7720	0.1937s	0.7408	0.7960	0.7971
168
0194	0.5000	0.8778	0.8323	0.7700	0.1931s	0.7447	0.7920	0.7937
169
0195	0.5077	0.8833	0.8376	0.7660	0.1932s	0.7448	0.7900	0.7917
170
0196	0.4605	0.9278	0.8383	0.7640	0.1934s	0.7438	0.7890	0.7899
171
0197	0.4749	0.9000	0.8334	0.7700	0.1932s	0.7391	0.7880	0.7885
172
0198	0.4866	0.8556	0.8257	0.7740	0.1932s	0.7323	0.7910	0.7899
173
0199	0.5021	0.8556	0.8226	0.7700	0.1935s	0.7299	0.7880	0.7872
174
0200	0.5136	0.8722	0.8192	0.7720	0.1935s	0.7280	0.7880	0.7871
175
0201	0.5600	0.9000	0.8169	0.7740	0.1913s	0.7305	0.7890	0.7890
176
0202	0.5349	0.8667	0.8164	0.7740	0.1912s	0.7339	0.7850	0.7855
177
0203	0.5629	0.8167	0.8181	0.7720	0.1912s	0.7375	0.7830	0.7842
178
0204	0.4779	0.8611	0.8183	0.7700	0.1925s	0.7412	0.7820	0.7835
179
0205	0.4747	0.8722	0.8191	0.7700	0.1929s	0.7466	0.7820	0.7834
180
0206	0.4597	0.8944	0.8195	0.7700	0.1933s	0.7512	0.7800	0.7819
181
0207	0.5177	0.8889	0.8155	0.7680	0.1938s	0.7526	0.7830	0.7850
182
0208	0.4702	0.8944	0.8127	0.7660	0.1881s	0.7537	0.7830	0.7844
183
0209	0.4767	0.8667	0.8072	0.7660	0.1916s	0.7508	0.7860	0.7872
184
0210	0.4714	0.9056	0.8049	0.7620	0.1940s	0.7501	0.7880	0.7884
185
0211	0.5154	0.8667	0.8067	0.7680	0.1929s	0.7485	0.7850	0.7849
186
0212	0.4278	0.9167	0.8051	0.7700	0.1921s	0.7471	0.7890	0.7887
187
0213	0.4626	0.9333	0.8007	0.7740	0.1940s	0.7434	0.7830	0.7833
188
0214	0.4754	0.8611	0.7988	0.7740	0.1955s	0.7426	0.7880	0.7882
189
0215	0.4948	0.8667	0.7998	0.7740	0.1933s	0.7440	0.7900	0.7908
190
0216	0.4347	0.8667	0.8036	0.7700	0.1930s	0.7461	0.7900	0.7910
191
0217	0.5305	0.8889	0.8082	0.7700	0.1917s	0.7490	0.7910	0.7925
192
0218	0.5017	0.9111	0.8160	0.7680	0.1931s	0.7511	0.7840	0.7867
193
0219	0.4465	0.9000	0.8288	0.7680	0.1932s	0.7585	0.7800	0.7831
194
0220	0.5123	0.8611	0.8377	0.7660	0.1928s	0.7610	0.7800	0.7837
195
0221	0.4677	0.9167	0.8382	0.7680	0.1927s	0.7579	0.7790	0.7830
196
0222	0.5347	0.9167	0.8296	0.7660	0.1932s	0.7496	0.7770	0.7816
197
0223	0.4834	0.8667	0.8209	0.7740	0.1933s	0.7448	0.7800	0.7841
198
0224	0.5014	0.9111	0.8095	0.7800	0.1955s	0.7396	0.7870	0.7886
199
Early stop! Min loss:0.6266767382621765,  Max accuracy:0.8220000000000001
Early stop model validation loss:0.6266767382621765,  accuracy:0.8
Optimization Finished!
Total time elapsed: 43.9769s
test max acc:0.8260
Loading 23th epoch
stru_node_to_hop attention:tensor([[0.3330, 0.3335, 0.3335],
        [0.3333, 0.3333, 0.3334],
        [0.3333, 0.3334, 0.3333],
        [0.3333, 0.3334, 0.3333],
        [0.3333, 0.3334, 0.3333],
        [0.3333, 0.3333, 0.3334],
        [0.3333, 0.3333, 0.3333],
        [0.3334, 0.3333, 0.3333],
        [0.3332, 0.3335, 0.3333],
        [0.3332, 0.3334, 0.3334],
        [0.3334, 0.3333, 0.3334],
        [0.3329, 0.3336, 0.3335],
        [0.3331, 0.3335, 0.3335],
        [0.3333, 0.3334, 0.3334],
        [0.3332, 0.3335, 0.3333],
        [0.3332, 0.3334, 0.3334],
        [0.3334, 0.3332, 0.3333],
        [0.3331, 0.3335, 0.3334],
        [0.3008, 0.3995, 0.2997],
        [0.3332, 0.3334, 0.3334],
        [0.3329, 0.3336, 0.3335],
        [0.3330, 0.3335, 0.3335],
        [0.3330, 0.3335, 0.3335],
        [0.3331, 0.3335, 0.3334],
        [0.3332, 0.3334, 0.3334],
        [0.3333, 0.3334, 0.3333],
        [0.3334, 0.3333, 0.3334],
        [0.3333, 0.3334, 0.3333],
        [0.3333, 0.3333, 0.3334],
        [0.3332, 0.3335, 0.3334],
        [0.3333, 0.3333, 0.3334],
        [0.3330, 0.3336, 0.3334],
        [0.3331, 0.3335, 0.3335],
        [0.3330, 0.3336, 0.3334],
        [0.3325, 0.3338, 0.3337],
        [0.3331, 0.3334, 0.3335],
        [0.3334, 0.3332, 0.3333],
        [0.3332, 0.3334, 0.3334],
        [0.3332, 0.3335, 0.3333],
        [0.3331, 0.3335, 0.3334],
        [0.3331, 0.3335, 0.3334],
        [0.3334, 0.3333, 0.3334],
        [0.3331, 0.3334, 0.3335],
        [0.3332, 0.3334, 0.3334],
        [0.3331, 0.3335, 0.3335],
        [0.3333, 0.3334, 0.3334],
        [0.3332, 0.3335, 0.3333],
        [0.3335, 0.3333, 0.3333],
        [0.3330, 0.3336, 0.3334],
        [0.3332, 0.3335, 0.3333],
        [0.3333, 0.3333, 0.3334],
        [0.3335, 0.3332, 0.3333],
        [0.3332, 0.3335, 0.3333],
        [0.3331, 0.3335, 0.3334],
        [0.3333, 0.3334, 0.3333],
        [0.3332, 0.3334, 0.3334],
        [0.3332, 0.3334, 0.3334],
        [0.3332, 0.3334, 0.3334],
        [0.3332, 0.3334, 0.3334],
        [0.3330, 0.3335, 0.3335],
        [0.3331, 0.3335, 0.3334],
        [0.3332, 0.3334, 0.3334],
        [0.3333, 0.3333, 0.3334],
        [0.3333, 0.3333, 0.3334],
        [0.3333, 0.3334, 0.3334],
        [0.3333, 0.3334, 0.3334],
        [0.3332, 0.3334, 0.3334],
        [0.3331, 0.3335, 0.3334],
        [0.3331, 0.3336, 0.3333],
        [0.3333, 0.3333, 0.3334],
        [0.3331, 0.3335, 0.3334],
        [0.3332, 0.3334, 0.3334],
        [0.3332, 0.3334, 0.3334],
        [0.3331, 0.3335, 0.3335],
        [0.3332, 0.3334, 0.3334],
        [0.3333, 0.3334, 0.3333],
        [0.3331, 0.3334, 0.3334],
        [0.3334, 0.3333, 0.3333],
        [0.3330, 0.3335, 0.3335],
        [0.3333, 0.3333, 0.3334],
        [0.3332, 0.3334, 0.3334],
        [0.3329, 0.3336, 0.3335],
        [0.3333, 0.3334, 0.3333],
        [0.3333, 0.3334, 0.3334],
        [0.3334, 0.3332, 0.3333],
        [0.3330, 0.3335, 0.3335],
        [0.3332, 0.3334, 0.3334],
        [0.3333, 0.3333, 0.3333],
        [0.3332, 0.3334, 0.3334],
        [0.3334, 0.3333, 0.3333],
        [0.3330, 0.3335, 0.3335],
        [0.3334, 0.3333, 0.3334],
        [0.3332, 0.3334, 0.3334],
        [0.3332, 0.3334, 0.3334],
        [0.3332, 0.3334, 0.3334],
        [0.3333, 0.3334, 0.3334],
        [0.3331, 0.3335, 0.3334],
        [0.2744, 0.3971, 0.3285],
        [0.3331, 0.3334, 0.3334],
        [0.3333, 0.3333, 0.3333]], device='cuda:1')
fea_node_to_hop attention:tensor([[0.1428, 0.1428, 0.1428, 0.1429, 0.1429, 0.1429, 0.1429],
        [0.1429, 0.1429, 0.1427, 0.1429, 0.1428, 0.1429, 0.1429],
        [0.1429, 0.1429, 0.1427, 0.1429, 0.1428, 0.1429, 0.1429],
        [0.1428, 0.1429, 0.1428, 0.1429, 0.1428, 0.1429, 0.1429],
        [0.1429, 0.1429, 0.1427, 0.1429, 0.1428, 0.1429, 0.1429],
        [0.1427, 0.1429, 0.1428, 0.1429, 0.1429, 0.1429, 0.1429],
        [0.1428, 0.1429, 0.1428, 0.1429, 0.1428, 0.1429, 0.1429],
        [0.1429, 0.1429, 0.1428, 0.1429, 0.1428, 0.1429, 0.1429],
        [0.1428, 0.1428, 0.1428, 0.1429, 0.1429, 0.1429, 0.1429],
        [0.1428, 0.1428, 0.1428, 0.1429, 0.1429, 0.1429, 0.1429],
        [0.1428, 0.1428, 0.1429, 0.1429, 0.1429, 0.1429, 0.1429],
        [0.1429, 0.1428, 0.1428, 0.1428, 0.1429, 0.1429, 0.1429],
        [0.1428, 0.1428, 0.1428, 0.1429, 0.1429, 0.1429, 0.1429],
        [0.1429, 0.1428, 0.1429, 0.1429, 0.1429, 0.1429, 0.1429],
        [0.1427, 0.1428, 0.1428, 0.1429, 0.1429, 0.1429, 0.1429],
        [0.1429, 0.1427, 0.1428, 0.1429, 0.1429, 0.1429, 0.1429],
        [0.1429, 0.1427, 0.1428, 0.1429, 0.1429, 0.1429, 0.1429],
        [0.1428, 0.1428, 0.1428, 0.1429, 0.1429, 0.1429, 0.1429],
        [0.1294, 0.1373, 0.1492, 0.1525, 0.1492, 0.1435, 0.1388],
        [0.1428, 0.1427, 0.1429, 0.1429, 0.1429, 0.1429, 0.1429],
        [0.1428, 0.1428, 0.1428, 0.1429, 0.1429, 0.1429, 0.1429],
        [0.1429, 0.1428, 0.1428, 0.1429, 0.1429, 0.1429, 0.1429],
        [0.1428, 0.1427, 0.1428, 0.1429, 0.1429, 0.1429, 0.1429],
        [0.1428, 0.1428, 0.1429, 0.1429, 0.1429, 0.1429, 0.1429],
        [0.1428, 0.1428, 0.1429, 0.1429, 0.1429, 0.1429, 0.1429],
        [0.1429, 0.1428, 0.1428, 0.1428, 0.1429, 0.1429, 0.1429],
        [0.1425, 0.1428, 0.1429, 0.1429, 0.1429, 0.1429, 0.1430],
        [0.1428, 0.1428, 0.1428, 0.1429, 0.1429, 0.1429, 0.1429],
        [0.1429, 0.1427, 0.1429, 0.1429, 0.1429, 0.1429, 0.1429],
        [0.1427, 0.1428, 0.1428, 0.1429, 0.1429, 0.1429, 0.1429],
        [0.1428, 0.1428, 0.1428, 0.1429, 0.1429, 0.1429, 0.1429],
        [0.1428, 0.1428, 0.1428, 0.1429, 0.1429, 0.1429, 0.1429],
        [0.1427, 0.1428, 0.1428, 0.1429, 0.1429, 0.1429, 0.1429],
        [0.1429, 0.1428, 0.1428, 0.1428, 0.1429, 0.1429, 0.1429],
        [0.1428, 0.1428, 0.1428, 0.1429, 0.1429, 0.1429, 0.1429],
        [0.1428, 0.1428, 0.1428, 0.1429, 0.1429, 0.1429, 0.1429],
        [0.1429, 0.1428, 0.1428, 0.1428, 0.1429, 0.1429, 0.1429],
        [0.1427, 0.1428, 0.1429, 0.1429, 0.1429, 0.1429, 0.1429],
        [0.1428, 0.1428, 0.1428, 0.1429, 0.1429, 0.1429, 0.1429],
        [0.1429, 0.1428, 0.1428, 0.1429, 0.1429, 0.1429, 0.1429],
        [0.1429, 0.1427, 0.1429, 0.1429, 0.1429, 0.1429, 0.1429],
        [0.1428, 0.1428, 0.1429, 0.1429, 0.1429, 0.1429, 0.1429],
        [0.1429, 0.1428, 0.1428, 0.1428, 0.1429, 0.1429, 0.1429],
        [0.1429, 0.1427, 0.1428, 0.1429, 0.1429, 0.1429, 0.1429],
        [0.1427, 0.1428, 0.1429, 0.1429, 0.1429, 0.1429, 0.1429],
        [0.1427, 0.1429, 0.1429, 0.1429, 0.1429, 0.1429, 0.1429],
        [0.1428, 0.1428, 0.1428, 0.1429, 0.1429, 0.1429, 0.1429],
        [0.1428, 0.1428, 0.1429, 0.1429, 0.1429, 0.1429, 0.1429],
        [0.1427, 0.1428, 0.1428, 0.1429, 0.1429, 0.1429, 0.1429],
        [0.1428, 0.1428, 0.1429, 0.1429, 0.1429, 0.1429, 0.1429],
        [0.1428, 0.1428, 0.1428, 0.1429, 0.1429, 0.1429, 0.1429],
        [0.1429, 0.1427, 0.1428, 0.1428, 0.1429, 0.1429, 0.1429],
        [0.1424, 0.1428, 0.1428, 0.1429, 0.1430, 0.1430, 0.1430],
        [0.1428, 0.1428, 0.1428, 0.1429, 0.1429, 0.1429, 0.1429],
        [0.1428, 0.1428, 0.1429, 0.1429, 0.1429, 0.1429, 0.1429],
        [0.1428, 0.1428, 0.1429, 0.1429, 0.1429, 0.1429, 0.1429],
        [0.1428, 0.1428, 0.1428, 0.1429, 0.1429, 0.1429, 0.1429],
        [0.1428, 0.1428, 0.1429, 0.1429, 0.1429, 0.1429, 0.1429],
        [0.1428, 0.1428, 0.1429, 0.1429, 0.1429, 0.1429, 0.1429],
        [0.1428, 0.1428, 0.1428, 0.1429, 0.1429, 0.1429, 0.1429],
        [0.1429, 0.1428, 0.1428, 0.1428, 0.1429, 0.1429, 0.1429],
        [0.1427, 0.1428, 0.1429, 0.1429, 0.1429, 0.1429, 0.1429],
        [0.1428, 0.1427, 0.1429, 0.1429, 0.1429, 0.1429, 0.1429],
        [0.1428, 0.1428, 0.1429, 0.1429, 0.1429, 0.1429, 0.1429],
        [0.1427, 0.1428, 0.1429, 0.1429, 0.1429, 0.1429, 0.1429],
        [0.1427, 0.1429, 0.1429, 0.1429, 0.1429, 0.1429, 0.1429],
        [0.1428, 0.1428, 0.1429, 0.1429, 0.1429, 0.1429, 0.1429],
        [0.1427, 0.1428, 0.1428, 0.1429, 0.1429, 0.1429, 0.1430],
        [0.1428, 0.1428, 0.1428, 0.1429, 0.1429, 0.1429, 0.1429],
        [0.1428, 0.1428, 0.1428, 0.1429, 0.1429, 0.1429, 0.1429],
        [0.1428, 0.1428, 0.1428, 0.1429, 0.1429, 0.1429, 0.1429],
        [0.1428, 0.1428, 0.1429, 0.1429, 0.1429, 0.1429, 0.1429],
        [0.1429, 0.1428, 0.1428, 0.1429, 0.1429, 0.1429, 0.1429],
        [0.1429, 0.1428, 0.1429, 0.1429, 0.1429, 0.1429, 0.1429],
        [0.1428, 0.1428, 0.1428, 0.1429, 0.1429, 0.1429, 0.1429],
        [0.1429, 0.1427, 0.1428, 0.1429, 0.1429, 0.1429, 0.1429],
        [0.1426, 0.1428, 0.1429, 0.1429, 0.1429, 0.1429, 0.1430],
        [0.1428, 0.1427, 0.1429, 0.1429, 0.1429, 0.1429, 0.1429],
        [0.1428, 0.1428, 0.1429, 0.1429, 0.1429, 0.1429, 0.1429],
        [0.1428, 0.1428, 0.1428, 0.1429, 0.1429, 0.1429, 0.1429],
        [0.1429, 0.1428, 0.1428, 0.1429, 0.1429, 0.1429, 0.1429],
        [0.1428, 0.1428, 0.1428, 0.1429, 0.1429, 0.1429, 0.1429],
        [0.1428, 0.1428, 0.1429, 0.1429, 0.1429, 0.1429, 0.1429],
        [0.1428, 0.1428, 0.1428, 0.1429, 0.1429, 0.1429, 0.1429],
        [0.1429, 0.1427, 0.1428, 0.1429, 0.1429, 0.1429, 0.1429],
        [0.1427, 0.1428, 0.1429, 0.1429, 0.1429, 0.1429, 0.1429],
        [0.1427, 0.1429, 0.1429, 0.1429, 0.1429, 0.1429, 0.1429],
        [0.1428, 0.1428, 0.1429, 0.1429, 0.1429, 0.1429, 0.1429],
        [0.1427, 0.1428, 0.1429, 0.1429, 0.1429, 0.1429, 0.1429],
        [0.1428, 0.1428, 0.1429, 0.1429, 0.1429, 0.1429, 0.1429],
        [0.1427, 0.1428, 0.1428, 0.1429, 0.1429, 0.1429, 0.1429],
        [0.1428, 0.1428, 0.1428, 0.1429, 0.1429, 0.1429, 0.1429],
        [0.1429, 0.1428, 0.1428, 0.1429, 0.1429, 0.1429, 0.1429],
        [0.1429, 0.1427, 0.1428, 0.1429, 0.1429, 0.1429, 0.1429],
        [0.1429, 0.1428, 0.1428, 0.1429, 0.1429, 0.1429, 0.1429],
        [0.1429, 0.1428, 0.1428, 0.1429, 0.1429, 0.1429, 0.1429],
        [0.1428, 0.1427, 0.1428, 0.1429, 0.1429, 0.1429, 0.1429],
        [0.1341, 0.1318, 0.1494, 0.1504, 0.1482, 0.1446, 0.1416],
        [0.1429, 0.1427, 0.1429, 0.1429, 0.1429, 0.1429, 0.1429],
        [0.1428, 0.1428, 0.1428, 0.1429, 0.1429, 0.1429, 0.1429]],
       device='cuda:1')
perception attention:tensor([0.3825, 0.6175], device='cuda:1')
Test set results: loss= 0.6085 accuracy= 0.8230 F1_score= 0.8234
