# epoch	loss_train	acc_train	loss_val	acc_val	time	acc_test	f1_test
0001	2.1984	0.1000	2.1351	0.3600	0.1895s	2.1379	0.3560	0.3399
0
0002	2.1498	0.2944	2.0612	0.4020	0.1898s	2.0656	0.3920	0.3785
0
0003	2.1003	0.2944	1.9788	0.5380	0.1881s	1.9859	0.5510	0.5271
0
0004	2.0060	0.4056	1.8876	0.6520	0.1937s	1.8938	0.6630	0.6285
0
0005	1.9156	0.5111	1.7865	0.7100	0.1886s	1.7906	0.7460	0.7151
0
0006	1.8489	0.5444	1.6798	0.7180	0.1936s	1.6796	0.7640	0.7369
0
0007	1.7758	0.6222	1.5661	0.7380	0.1883s	1.5628	0.7750	0.7564
0
0008	1.6564	0.6722	1.4489	0.7780	0.1917s	1.4438	0.8010	0.7958
0
0009	1.5688	0.7667	1.3344	0.7960	0.1929s	1.3288	0.8200	0.8201
0
0010	1.4678	0.7333	1.2283	0.8160	0.1922s	1.2211	0.8190	0.8187
0
0011	1.3960	0.7722	1.1290	0.8120	0.1934s	1.1230	0.8160	0.8149
0
0012	1.3004	0.7611	1.0395	0.8120	0.1905s	1.0350	0.8190	0.8185
0
0013	1.2237	0.8000	0.9633	0.8020	0.1931s	0.9609	0.8240	0.8254
0
0014	1.1535	0.8056	0.8993	0.7880	0.1937s	0.8993	0.8100	0.8130
0
0015	1.1070	0.7944	0.8466	0.7860	0.1878s	0.8461	0.8070	0.8104
0
0016	1.0438	0.8056	0.8017	0.7900	0.1932s	0.7989	0.8080	0.8119
0
0017	1.0416	0.7556	0.7649	0.7900	0.1932s	0.7572	0.8110	0.8171
0
0018	0.9682	0.7944	0.7363	0.7860	0.1934s	0.7230	0.8050	0.8128
0
0019	0.9719	0.8333	0.7132	0.7900	0.1937s	0.6939	0.8120	0.8191
0
0020	0.8476	0.8556	0.6917	0.7980	0.1885s	0.6687	0.8160	0.8215
0
0021	0.8099	0.7944	0.6726	0.8080	0.1935s	0.6480	0.8160	0.8199
0
0022	0.8447	0.8111	0.6579	0.8120	0.1894s	0.6316	0.8220	0.8237
0
0023	0.7617	0.8278	0.6505	0.7980	0.1939s	0.6242	0.8150	0.8160
0
0024	0.7404	0.8222	0.6495	0.7900	0.1929s	0.6228	0.8120	0.8121
0
0025	0.8119	0.8167	0.6505	0.7920	0.1932s	0.6215	0.8080	0.8091
0
0026	0.6809	0.8889	0.6522	0.7960	0.1916s	0.6217	0.8050	0.8073
1
0027	0.7383	0.8056	0.6552	0.7940	0.1914s	0.6220	0.8100	0.8140
2
0028	0.7723	0.8222	0.6614	0.7880	0.1938s	0.6264	0.8010	0.8073
3
0029	0.6698	0.8444	0.6671	0.7880	0.1921s	0.6293	0.7990	0.8058
4
0030	0.6899	0.8222	0.6711	0.7960	0.1933s	0.6307	0.8110	0.8156
5
0031	0.6547	0.8500	0.6756	0.8040	0.1932s	0.6319	0.8090	0.8113
6
0032	0.7104	0.8556	0.6834	0.7920	0.1933s	0.6339	0.8020	0.8031
7
0033	0.6001	0.8944	0.6945	0.7820	0.1931s	0.6394	0.8020	0.8012
8
0034	0.6501	0.8500	0.7001	0.7860	0.1944s	0.6381	0.7990	0.7993
9
0035	0.6756	0.8389	0.7018	0.7880	0.1936s	0.6330	0.8030	0.8047
10
0036	0.6442	0.8000	0.7024	0.7900	0.1934s	0.6289	0.8060	0.8089
11
0037	0.6318	0.8556	0.7017	0.7880	0.1933s	0.6273	0.8040	0.8068
12
0038	0.6427	0.8778	0.7038	0.7880	0.1929s	0.6300	0.7980	0.8009
13
0039	0.6044	0.8389	0.7051	0.8000	0.1930s	0.6308	0.8000	0.8036
14
0040	0.6083	0.8389	0.7017	0.7940	0.1912s	0.6297	0.8120	0.8148
15
0041	0.6811	0.8611	0.6987	0.7940	0.1915s	0.6306	0.8080	0.8108
16
0042	0.5854	0.8389	0.7039	0.7880	0.1915s	0.6387	0.8040	0.8054
17
0043	0.5879	0.8611	0.7177	0.7800	0.1930s	0.6532	0.7980	0.7983
18
0044	0.6771	0.8611	0.7272	0.7780	0.1927s	0.6605	0.7960	0.7956
19
0045	0.6034	0.8556	0.7264	0.7820	0.1941s	0.6588	0.7980	0.7982
20
0046	0.5753	0.8500	0.7255	0.7820	0.1910s	0.6572	0.8010	0.8027
21
0047	0.5848	0.8556	0.7246	0.7860	0.1888s	0.6562	0.7990	0.8024
22
0048	0.5486	0.9111	0.7234	0.7860	0.1929s	0.6571	0.7990	0.8032
23
0049	0.6200	0.8389	0.7216	0.7880	0.1913s	0.6582	0.7990	0.8019
24
0050	0.6268	0.8778	0.7184	0.7820	0.1933s	0.6589	0.8030	0.8053
25
0051	0.6461	0.8389	0.7172	0.7900	0.1939s	0.6587	0.8040	0.8051
26
0052	0.6111	0.8722	0.7189	0.7900	0.1930s	0.6586	0.8010	0.8025
27
0053	0.5748	0.8722	0.7203	0.7880	0.1935s	0.6559	0.7970	0.7984
28
0054	0.6039	0.8556	0.7245	0.7800	0.1931s	0.6529	0.7970	0.7990
29
0055	0.6250	0.8444	0.7255	0.7780	0.1932s	0.6483	0.8000	0.8018
30
0056	0.5737	0.8111	0.7310	0.7840	0.1932s	0.6491	0.8040	0.8047
31
0057	0.5704	0.8611	0.7362	0.7840	0.1971s	0.6527	0.8060	0.8060
32
0058	0.5463	0.8778	0.7409	0.7860	0.1922s	0.6574	0.8060	0.8073
33
0059	0.6388	0.8278	0.7481	0.7840	0.1928s	0.6642	0.7990	0.8013
34
0060	0.5937	0.8889	0.7488	0.7780	0.1929s	0.6694	0.7910	0.7942
35
0061	0.5542	0.8500	0.7505	0.7660	0.1919s	0.6756	0.7830	0.7873
36
0062	0.5590	0.8667	0.7473	0.7680	0.1932s	0.6798	0.7810	0.7852
37
0063	0.6335	0.8500	0.7446	0.7700	0.1935s	0.6823	0.7810	0.7846
38
0064	0.5577	0.8611	0.7355	0.7760	0.1936s	0.6766	0.7810	0.7837
39
0065	0.5678	0.9111	0.7239	0.7840	0.1931s	0.6664	0.7990	0.7989
40
0066	0.5409	0.8722	0.7155	0.7820	0.1928s	0.6580	0.8000	0.7991
41
0067	0.5947	0.8444	0.7153	0.7840	0.2035s	0.6553	0.8020	0.8012
42
0068	0.5380	0.8833	0.7174	0.7900	0.2171s	0.6548	0.8060	0.8050
43
0069	0.5673	0.8500	0.7279	0.7840	0.1940s	0.6590	0.8030	0.8034
44
0070	0.5492	0.8889	0.7373	0.7840	0.1933s	0.6675	0.7950	0.7968
45
0071	0.5649	0.8444	0.7485	0.7740	0.1932s	0.6793	0.7910	0.7934
46
0072	0.5271	0.8778	0.7590	0.7800	0.1928s	0.6901	0.7910	0.7937
47
0073	0.5008	0.8667	0.7637	0.7760	0.1942s	0.6968	0.7910	0.7936
48
0074	0.5639	0.8556	0.7579	0.7720	0.1932s	0.6959	0.7910	0.7924
49
0075	0.5759	0.8444	0.7496	0.7840	0.1938s	0.6907	0.7970	0.7975
50
0076	0.5447	0.8722	0.7418	0.7900	0.1931s	0.6857	0.7980	0.7977
51
0077	0.5975	0.8556	0.7361	0.7820	0.1914s	0.6788	0.7990	0.7986
52
0078	0.6234	0.8222	0.7295	0.7860	0.1930s	0.6697	0.8010	0.8028
53
0079	0.5606	0.8556	0.7299	0.7800	0.1936s	0.6668	0.7990	0.8020
54
0080	0.5309	0.8278	0.7384	0.7780	0.1927s	0.6721	0.7930	0.7971
55
0081	0.6210	0.8667	0.7445	0.7860	0.1931s	0.6748	0.7880	0.7928
56
0082	0.5164	0.8333	0.7535	0.7880	0.1925s	0.6781	0.7880	0.7927
57
0083	0.5707	0.8778	0.7584	0.7840	0.1927s	0.6791	0.7850	0.7882
58
0084	0.5338	0.8833	0.7589	0.7840	0.1935s	0.6785	0.7890	0.7908
59
0085	0.5780	0.8389	0.7570	0.7820	0.1935s	0.6803	0.7960	0.7965
60
0086	0.5808	0.8444	0.7547	0.7780	0.1935s	0.6850	0.7970	0.7964
61
0087	0.5249	0.8500	0.7509	0.7820	0.1917s	0.6875	0.8000	0.7980
62
0088	0.5531	0.8222	0.7530	0.7860	0.1930s	0.6940	0.8000	0.7990
63
0089	0.5018	0.8889	0.7578	0.7800	0.1931s	0.7004	0.7960	0.7964
64
0090	0.5638	0.8444	0.7706	0.7820	0.1957s	0.7122	0.7940	0.7956
65
0091	0.5460	0.8556	0.7836	0.7780	0.1929s	0.7216	0.7880	0.7910
66
0092	0.6165	0.8833	0.7909	0.7840	0.1932s	0.7244	0.7850	0.7899
67
0093	0.4883	0.8667	0.7941	0.7860	0.1934s	0.7238	0.7820	0.7877
68
0094	0.5543	0.8833	0.7934	0.7900	0.1933s	0.7201	0.7840	0.7888
69
0095	0.5168	0.8556	0.7881	0.7940	0.1915s	0.7141	0.7930	0.7952
70
0096	0.5300	0.8333	0.7893	0.7920	0.1909s	0.7121	0.8000	0.8000
71
0097	0.4939	0.8889	0.7927	0.7900	0.1932s	0.7130	0.8020	0.8012
72
0098	0.5144	0.8333	0.7961	0.7880	0.1938s	0.7132	0.8000	0.7990
73
0099	0.5195	0.9056	0.7994	0.7900	0.1929s	0.7143	0.8010	0.7998
74
0100	0.5537	0.8833	0.8042	0.7940	0.1947s	0.7180	0.8000	0.7991
75
0101	0.5452	0.8667	0.8126	0.7960	0.1925s	0.7262	0.8000	0.7996
76
0102	0.4965	0.8889	0.8227	0.7860	0.1942s	0.7367	0.7970	0.7981
77
0103	0.5561	0.8611	0.8302	0.7760	0.1939s	0.7425	0.7930	0.7950
78
0104	0.5230	0.8556	0.8343	0.7800	0.1943s	0.7464	0.7890	0.7918
79
0105	0.4953	0.8389	0.8328	0.7780	0.1944s	0.7453	0.7910	0.7937
80
0106	0.5287	0.8778	0.8220	0.7780	0.1940s	0.7392	0.7890	0.7914
81
0107	0.5131	0.8778	0.8112	0.7800	0.1895s	0.7328	0.7930	0.7938
82
0108	0.4937	0.8778	0.8018	0.7860	0.1934s	0.7287	0.7930	0.7936
83
0109	0.4984	0.8389	0.7951	0.7860	0.1939s	0.7276	0.7940	0.7948
84
0110	0.5340	0.8722	0.7926	0.7880	0.1911s	0.7295	0.7950	0.7957
85
0111	0.5063	0.9333	0.7955	0.7860	0.1931s	0.7329	0.7920	0.7933
86
0112	0.5740	0.9000	0.8013	0.7800	0.1930s	0.7379	0.7850	0.7871
87
0113	0.4534	0.9000	0.8120	0.7820	0.1930s	0.7462	0.7840	0.7869
88
0114	0.5319	0.8778	0.8178	0.7860	0.1911s	0.7513	0.7820	0.7852
89
0115	0.5312	0.8556	0.8229	0.7820	0.1928s	0.7553	0.7800	0.7847
90
0116	0.5729	0.8889	0.8180	0.7760	0.1931s	0.7496	0.7810	0.7851
91
0117	0.4977	0.8944	0.8121	0.7760	0.1934s	0.7430	0.7890	0.7913
92
0118	0.4994	0.8722	0.8075	0.7760	0.1934s	0.7383	0.7920	0.7932
93
0119	0.4662	0.8889	0.8045	0.7720	0.1935s	0.7369	0.7950	0.7951
94
0120	0.5153	0.8889	0.8005	0.7700	0.1936s	0.7360	0.7910	0.7904
95
0121	0.5126	0.8722	0.7980	0.7780	0.1932s	0.7376	0.7930	0.7927
96
0122	0.5390	0.8778	0.7945	0.7760	0.1934s	0.7405	0.7910	0.7909
97
0123	0.5534	0.8889	0.7931	0.7740	0.1931s	0.7459	0.7880	0.7889
98
0124	0.5302	0.8778	0.7949	0.7720	0.1933s	0.7512	0.7850	0.7860
99
0125	0.5026	0.8833	0.7983	0.7700	0.1934s	0.7556	0.7850	0.7866
100
0126	0.5101	0.8889	0.7974	0.7760	0.1929s	0.7555	0.7850	0.7867
101
0127	0.5426	0.8611	0.7968	0.7800	0.1964s	0.7515	0.7840	0.7854
102
0128	0.5519	0.8722	0.7932	0.7780	0.1937s	0.7446	0.7900	0.7905
103
0129	0.5379	0.8833	0.7926	0.7700	0.1944s	0.7383	0.7920	0.7916
104
0130	0.4716	0.9000	0.7960	0.7740	0.1932s	0.7355	0.7940	0.7933
105
0131	0.4447	0.9000	0.8026	0.7740	0.1932s	0.7358	0.7930	0.7921
106
0132	0.5886	0.8500	0.8107	0.7780	0.1891s	0.7402	0.7930	0.7917
107
0133	0.5106	0.8667	0.8202	0.7820	0.1914s	0.7475	0.7960	0.7957
108
0134	0.4962	0.8778	0.8269	0.7800	0.1912s	0.7557	0.7950	0.7957
109
0135	0.4702	0.9167	0.8327	0.7680	0.1932s	0.7641	0.7950	0.7960
110
0136	0.4897	0.8944	0.8340	0.7720	0.1945s	0.7696	0.7930	0.7938
111
0137	0.4958	0.9056	0.8301	0.7700	0.1929s	0.7707	0.7940	0.7947
112
0138	0.4584	0.9056	0.8201	0.7760	0.1916s	0.7654	0.7940	0.7948
113
0139	0.5103	0.8944	0.8099	0.7780	0.1941s	0.7583	0.7940	0.7941
114
0140	0.4795	0.9056	0.8028	0.7780	0.1931s	0.7518	0.7920	0.7922
115
0141	0.5155	0.8889	0.7984	0.7820	0.1939s	0.7448	0.7930	0.7934
116
0142	0.5112	0.8611	0.7950	0.7860	0.1932s	0.7404	0.7940	0.7941
117
0143	0.5723	0.8444	0.7939	0.7760	0.1936s	0.7390	0.7930	0.7934
118
0144	0.4713	0.8833	0.7940	0.7680	0.1934s	0.7396	0.7910	0.7915
119
0145	0.5334	0.8778	0.7945	0.7700	0.1960s	0.7414	0.7930	0.7935
120
0146	0.5305	0.8778	0.7993	0.7680	0.1974s	0.7474	0.7910	0.7923
121
0147	0.4886	0.8500	0.7989	0.7680	0.1935s	0.7512	0.7920	0.7932
122
0148	0.5110	0.8944	0.7955	0.7680	0.1944s	0.7513	0.7960	0.7964
123
0149	0.5476	0.8667	0.7923	0.7720	0.2048s	0.7500	0.8000	0.8002
124
0150	0.5605	0.9278	0.7915	0.7680	0.1888s	0.7480	0.7990	0.7988
125
0151	0.5293	0.8722	0.7918	0.7740	0.1879s	0.7482	0.7940	0.7934
126
0152	0.5099	0.8778	0.7917	0.7800	0.1940s	0.7477	0.7910	0.7914
127
0153	0.5396	0.8722	0.7879	0.7720	0.1916s	0.7457	0.7920	0.7927
128
0154	0.5417	0.8889	0.7859	0.7720	0.1931s	0.7467	0.7910	0.7921
129
0155	0.5212	0.8833	0.7818	0.7780	0.1936s	0.7477	0.7860	0.7869
130
0156	0.5301	0.8833	0.7810	0.7760	0.1931s	0.7502	0.7830	0.7833
131
0157	0.5995	0.8667	0.7817	0.7760	0.1933s	0.7525	0.7830	0.7833
132
0158	0.5356	0.9000	0.7814	0.7760	0.1937s	0.7532	0.7890	0.7886
133
0159	0.5415	0.8611	0.7789	0.7720	0.1934s	0.7514	0.7890	0.7882
134
0160	0.5130	0.8556	0.7808	0.7800	0.1928s	0.7499	0.7910	0.7899
135
0161	0.5900	0.8944	0.7827	0.7760	0.1911s	0.7492	0.7900	0.7894
136
0162	0.5365	0.9000	0.7853	0.7800	0.1938s	0.7490	0.7910	0.7913
137
0163	0.5322	0.8944	0.7863	0.7820	0.1936s	0.7485	0.7840	0.7847
138
0164	0.5096	0.8944	0.7844	0.7860	0.1960s	0.7465	0.7900	0.7913
139
0165	0.4983	0.8722	0.7869	0.7860	0.1942s	0.7484	0.7940	0.7951
140
0166	0.6038	0.8500	0.7906	0.7840	0.1931s	0.7534	0.7940	0.7953
141
0167	0.4331	0.8667	0.7958	0.7860	0.1951s	0.7581	0.7900	0.7915
142
0168	0.5007	0.8778	0.7983	0.7780	0.1931s	0.7613	0.7900	0.7911
143
0169	0.5572	0.8833	0.7989	0.7780	0.1926s	0.7635	0.7870	0.7884
144
0170	0.5429	0.9111	0.8005	0.7760	0.1936s	0.7668	0.7820	0.7841
145
0171	0.4891	0.8833	0.7988	0.7780	0.1928s	0.7672	0.7800	0.7820
146
0172	0.5540	0.8722	0.7983	0.7760	0.1924s	0.7665	0.7830	0.7847
147
0173	0.4676	0.9056	0.7966	0.7780	0.1939s	0.7633	0.7850	0.7866
148
0174	0.5057	0.8333	0.7917	0.7780	0.1945s	0.7557	0.7920	0.7930
149
0175	0.5745	0.8667	0.7858	0.7820	0.1933s	0.7482	0.7960	0.7967
150
0176	0.5024	0.8944	0.7822	0.7860	0.1931s	0.7457	0.7970	0.7973
151
0177	0.4816	0.8944	0.7843	0.7820	0.1936s	0.7444	0.7980	0.7982
152
0178	0.5865	0.9056	0.7899	0.7780	0.1936s	0.7456	0.7950	0.7954
153
0179	0.4615	0.8556	0.7979	0.7740	0.1953s	0.7506	0.7890	0.7893
154
0180	0.4969	0.9056	0.8031	0.7740	0.1932s	0.7547	0.7870	0.7876
155
0181	0.5289	0.8778	0.8054	0.7700	0.1936s	0.7582	0.7870	0.7883
156
0182	0.5448	0.8722	0.8056	0.7660	0.1931s	0.7610	0.7870	0.7889
157
0183	0.5112	0.9000	0.8102	0.7740	0.1930s	0.7675	0.7910	0.7925
158
0184	0.5254	0.8611	0.8098	0.7760	0.1934s	0.7728	0.7910	0.7931
159
0185	0.4865	0.8667	0.8074	0.7720	0.1932s	0.7757	0.7900	0.7919
160
0186	0.4376	0.8778	0.8061	0.7740	0.1935s	0.7755	0.7870	0.7884
161
0187	0.5760	0.8833	0.8059	0.7760	0.1941s	0.7739	0.7870	0.7878
162
0188	0.5163	0.8833	0.8088	0.7760	0.1903s	0.7728	0.7830	0.7833
163
0189	0.5431	0.8222	0.8143	0.7760	0.1942s	0.7704	0.7860	0.7858
164
0190	0.5219	0.8778	0.8213	0.7680	0.1932s	0.7699	0.7890	0.7892
165
0191	0.5526	0.8000	0.8311	0.7600	0.1944s	0.7714	0.7830	0.7836
166
0192	0.4313	0.9056	0.8422	0.7580	0.1950s	0.7760	0.7800	0.7813
167
0193	0.4503	0.8611	0.8519	0.7600	0.1946s	0.7803	0.7780	0.7806
168
0194	0.5284	0.8222	0.8533	0.7580	0.1941s	0.7810	0.7770	0.7795
169
0195	0.5232	0.8611	0.8444	0.7540	0.1938s	0.7757	0.7830	0.7854
170
0196	0.4669	0.8889	0.8343	0.7700	0.1940s	0.7689	0.7840	0.7861
171
0197	0.5535	0.8333	0.8237	0.7700	0.1961s	0.7611	0.7920	0.7930
172
0198	0.5143	0.9111	0.8112	0.7720	0.1949s	0.7525	0.7980	0.7979
173
0199	0.5200	0.8667	0.8032	0.7760	0.1942s	0.7457	0.8040	0.8022
174
0200	0.4756	0.8722	0.7976	0.7780	0.1943s	0.7409	0.8020	0.8001
175
0201	0.5696	0.8944	0.7916	0.7820	0.1940s	0.7384	0.8010	0.7998
176
0202	0.5508	0.9000	0.7917	0.7820	0.1926s	0.7408	0.8060	0.8055
177
0203	0.4661	0.8889	0.7992	0.7760	0.1954s	0.7477	0.7990	0.7996
178
0204	0.4590	0.8889	0.8091	0.7680	0.1944s	0.7570	0.7930	0.7943
179
0205	0.4700	0.9000	0.8133	0.7700	0.1945s	0.7621	0.7900	0.7918
180
0206	0.6903	0.8722	0.8129	0.7700	0.1944s	0.7626	0.7890	0.7910
181
0207	0.5254	0.8389	0.8039	0.7700	0.1961s	0.7564	0.7910	0.7934
182
0208	0.5527	0.8444	0.7936	0.7720	0.1925s	0.7475	0.7970	0.7988
183
0209	0.5129	0.8667	0.7853	0.7820	0.1943s	0.7405	0.8010	0.8025
184
0210	0.4880	0.8778	0.7803	0.7820	0.1941s	0.7348	0.8040	0.8055
185
0211	0.5013	0.8722	0.7798	0.7800	0.1950s	0.7315	0.8020	0.8025
186
0212	0.5525	0.8333	0.7810	0.7820	0.1943s	0.7296	0.8030	0.8024
187
0213	0.5034	0.8833	0.7862	0.7760	0.1942s	0.7319	0.8010	0.8003
188
0214	0.4677	0.8667	0.7941	0.7740	0.1942s	0.7354	0.7980	0.7983
189
0215	0.4634	0.9167	0.8047	0.7660	0.1949s	0.7415	0.7940	0.7952
190
0216	0.4947	0.8611	0.8151	0.7720	0.1945s	0.7476	0.7880	0.7904
191
0217	0.5139	0.8333	0.8177	0.7640	0.1941s	0.7491	0.7920	0.7938
192
0218	0.5323	0.8778	0.8115	0.7680	0.1972s	0.7450	0.7900	0.7915
193
0219	0.5897	0.8944	0.7998	0.7680	0.1944s	0.7353	0.7980	0.7987
194
0220	0.5095	0.8889	0.7905	0.7700	0.1945s	0.7268	0.8030	0.8030
195
0221	0.5156	0.8944	0.7832	0.7760	0.1943s	0.7223	0.8110	0.8100
196
0222	0.5568	0.8778	0.7810	0.7840	0.1942s	0.7199	0.8060	0.8049
197
0223	0.5052	0.9222	0.7818	0.7760	0.1941s	0.7221	0.8090	0.8072
198
0224	0.5229	0.8667	0.7848	0.7780	0.1966s	0.7247	0.8070	0.8049
199
Early stop! Min loss:0.6494881510734558,  Max accuracy:0.8160000000000001
Early stop model validation loss:0.6494881510734558,  accuracy:0.79
Optimization Finished!
Total time elapsed: 44.1176s
test max acc:0.8240
Loading 23th epoch
stru_node_to_hop attention:tensor([[0.3331, 0.3335, 0.3333],
        [0.3334, 0.3333, 0.3333],
        [0.3331, 0.3335, 0.3334],
        [0.3333, 0.3334, 0.3333],
        [0.3333, 0.3334, 0.3334],
        [0.3332, 0.3334, 0.3335],
        [0.3333, 0.3333, 0.3334],
        [0.3332, 0.3333, 0.3334],
        [0.3333, 0.3334, 0.3333],
        [0.3332, 0.3334, 0.3334],
        [0.3334, 0.3333, 0.3333],
        [0.3331, 0.3335, 0.3334],
        [0.3334, 0.3333, 0.3333],
        [0.3334, 0.3333, 0.3333],
        [0.3333, 0.3333, 0.3334],
        [0.3329, 0.3335, 0.3336],
        [0.3335, 0.3332, 0.3333],
        [0.3332, 0.3335, 0.3333],
        [0.3219, 0.3825, 0.2955],
        [0.3333, 0.3333, 0.3334],
        [0.3332, 0.3334, 0.3334],
        [0.3331, 0.3334, 0.3334],
        [0.3334, 0.3333, 0.3333],
        [0.3333, 0.3333, 0.3334],
        [0.3333, 0.3334, 0.3334],
        [0.3333, 0.3334, 0.3333],
        [0.3333, 0.3333, 0.3334],
        [0.3332, 0.3335, 0.3334],
        [0.3331, 0.3335, 0.3334],
        [0.3331, 0.3335, 0.3334],
        [0.3332, 0.3334, 0.3334],
        [0.3332, 0.3335, 0.3333],
        [0.3331, 0.3335, 0.3334],
        [0.3330, 0.3336, 0.3334],
        [0.3331, 0.3335, 0.3334],
        [0.3333, 0.3332, 0.3334],
        [0.3332, 0.3333, 0.3335],
        [0.3334, 0.3333, 0.3333],
        [0.3333, 0.3334, 0.3333],
        [0.3330, 0.3336, 0.3334],
        [0.3332, 0.3335, 0.3333],
        [0.3333, 0.3334, 0.3333],
        [0.3333, 0.3333, 0.3333],
        [0.3330, 0.3335, 0.3335],
        [0.3333, 0.3334, 0.3334],
        [0.3331, 0.3334, 0.3335],
        [0.3330, 0.3336, 0.3334],
        [0.3333, 0.3333, 0.3333],
        [0.3330, 0.3336, 0.3334],
        [0.3332, 0.3335, 0.3333],
        [0.3333, 0.3334, 0.3334],
        [0.3333, 0.3333, 0.3334],
        [0.3332, 0.3334, 0.3334],
        [0.3332, 0.3335, 0.3334],
        [0.3332, 0.3334, 0.3334],
        [0.3332, 0.3334, 0.3334],
        [0.3333, 0.3333, 0.3333],
        [0.3332, 0.3334, 0.3334],
        [0.3333, 0.3333, 0.3334],
        [0.3333, 0.3333, 0.3334],
        [0.3331, 0.3335, 0.3334],
        [0.3332, 0.3334, 0.3334],
        [0.3333, 0.3334, 0.3334],
        [0.3333, 0.3333, 0.3334],
        [0.3332, 0.3334, 0.3334],
        [0.3332, 0.3334, 0.3334],
        [0.3332, 0.3334, 0.3334],
        [0.3333, 0.3333, 0.3334],
        [0.3331, 0.3335, 0.3335],
        [0.3333, 0.3333, 0.3334],
        [0.3331, 0.3335, 0.3334],
        [0.3331, 0.3335, 0.3335],
        [0.3331, 0.3336, 0.3334],
        [0.3333, 0.3333, 0.3334],
        [0.3332, 0.3335, 0.3334],
        [0.3331, 0.3335, 0.3334],
        [0.3332, 0.3334, 0.3334],
        [0.3334, 0.3333, 0.3333],
        [0.3328, 0.3336, 0.3335],
        [0.3331, 0.3334, 0.3334],
        [0.3332, 0.3334, 0.3334],
        [0.3332, 0.3335, 0.3333],
        [0.3333, 0.3334, 0.3333],
        [0.3332, 0.3334, 0.3334],
        [0.3334, 0.3333, 0.3333],
        [0.3333, 0.3333, 0.3334],
        [0.3332, 0.3334, 0.3334],
        [0.3333, 0.3334, 0.3333],
        [0.3330, 0.3335, 0.3335],
        [0.3332, 0.3334, 0.3334],
        [0.3333, 0.3333, 0.3334],
        [0.3333, 0.3334, 0.3333],
        [0.3333, 0.3333, 0.3334],
        [0.3333, 0.3333, 0.3334],
        [0.3331, 0.3335, 0.3334],
        [0.3333, 0.3333, 0.3333],
        [0.3331, 0.3334, 0.3335],
        [0.2770, 0.3996, 0.3234],
        [0.3332, 0.3334, 0.3334],
        [0.3332, 0.3334, 0.3334]], device='cuda:1')
fea_node_to_hop attention:tensor([[0.1428, 0.1428, 0.1428, 0.1429, 0.1429, 0.1429, 0.1429],
        [0.1428, 0.1429, 0.1428, 0.1429, 0.1428, 0.1429, 0.1429],
        [0.1428, 0.1429, 0.1428, 0.1429, 0.1428, 0.1429, 0.1429],
        [0.1428, 0.1428, 0.1428, 0.1429, 0.1429, 0.1429, 0.1429],
        [0.1429, 0.1429, 0.1427, 0.1429, 0.1428, 0.1429, 0.1429],
        [0.1427, 0.1430, 0.1427, 0.1429, 0.1428, 0.1429, 0.1429],
        [0.1428, 0.1429, 0.1428, 0.1429, 0.1428, 0.1429, 0.1429],
        [0.1427, 0.1429, 0.1428, 0.1429, 0.1429, 0.1429, 0.1429],
        [0.1428, 0.1428, 0.1428, 0.1429, 0.1429, 0.1429, 0.1429],
        [0.1428, 0.1428, 0.1429, 0.1429, 0.1429, 0.1429, 0.1429],
        [0.1428, 0.1428, 0.1428, 0.1429, 0.1429, 0.1429, 0.1429],
        [0.1429, 0.1428, 0.1428, 0.1428, 0.1429, 0.1429, 0.1429],
        [0.1429, 0.1428, 0.1428, 0.1429, 0.1429, 0.1429, 0.1429],
        [0.1427, 0.1428, 0.1429, 0.1429, 0.1429, 0.1429, 0.1429],
        [0.1428, 0.1428, 0.1428, 0.1429, 0.1429, 0.1429, 0.1429],
        [0.1429, 0.1428, 0.1428, 0.1429, 0.1429, 0.1429, 0.1429],
        [0.1428, 0.1427, 0.1428, 0.1429, 0.1429, 0.1429, 0.1429],
        [0.1428, 0.1428, 0.1429, 0.1429, 0.1429, 0.1429, 0.1429],
        [0.1230, 0.1413, 0.1456, 0.1532, 0.1497, 0.1458, 0.1413],
        [0.1429, 0.1427, 0.1428, 0.1429, 0.1429, 0.1429, 0.1429],
        [0.1427, 0.1428, 0.1429, 0.1429, 0.1429, 0.1429, 0.1429],
        [0.1428, 0.1428, 0.1428, 0.1429, 0.1429, 0.1429, 0.1429],
        [0.1428, 0.1428, 0.1428, 0.1429, 0.1429, 0.1429, 0.1429],
        [0.1428, 0.1428, 0.1429, 0.1429, 0.1429, 0.1429, 0.1429],
        [0.1429, 0.1428, 0.1428, 0.1429, 0.1429, 0.1429, 0.1429],
        [0.1429, 0.1428, 0.1428, 0.1428, 0.1429, 0.1429, 0.1429],
        [0.1429, 0.1428, 0.1428, 0.1429, 0.1429, 0.1429, 0.1429],
        [0.1426, 0.1428, 0.1429, 0.1429, 0.1429, 0.1429, 0.1430],
        [0.1428, 0.1428, 0.1428, 0.1429, 0.1429, 0.1429, 0.1429],
        [0.1428, 0.1428, 0.1428, 0.1429, 0.1429, 0.1429, 0.1429],
        [0.1429, 0.1428, 0.1428, 0.1429, 0.1429, 0.1429, 0.1429],
        [0.1428, 0.1428, 0.1428, 0.1429, 0.1429, 0.1429, 0.1429],
        [0.1426, 0.1428, 0.1429, 0.1429, 0.1429, 0.1429, 0.1429],
        [0.1428, 0.1428, 0.1428, 0.1429, 0.1429, 0.1429, 0.1429],
        [0.1428, 0.1428, 0.1428, 0.1429, 0.1429, 0.1429, 0.1429],
        [0.1426, 0.1428, 0.1428, 0.1429, 0.1429, 0.1430, 0.1430],
        [0.1427, 0.1428, 0.1428, 0.1429, 0.1429, 0.1429, 0.1430],
        [0.1429, 0.1428, 0.1428, 0.1429, 0.1429, 0.1429, 0.1429],
        [0.1428, 0.1428, 0.1428, 0.1429, 0.1429, 0.1429, 0.1429],
        [0.1429, 0.1428, 0.1428, 0.1428, 0.1429, 0.1429, 0.1429],
        [0.1427, 0.1428, 0.1429, 0.1429, 0.1429, 0.1429, 0.1429],
        [0.1427, 0.1427, 0.1429, 0.1429, 0.1429, 0.1429, 0.1429],
        [0.1429, 0.1427, 0.1428, 0.1428, 0.1429, 0.1429, 0.1429],
        [0.1427, 0.1429, 0.1428, 0.1429, 0.1429, 0.1429, 0.1429],
        [0.1428, 0.1427, 0.1428, 0.1429, 0.1429, 0.1429, 0.1429],
        [0.1427, 0.1429, 0.1429, 0.1429, 0.1429, 0.1429, 0.1429],
        [0.1427, 0.1428, 0.1428, 0.1429, 0.1429, 0.1429, 0.1429],
        [0.1428, 0.1428, 0.1428, 0.1429, 0.1429, 0.1429, 0.1429],
        [0.1426, 0.1428, 0.1429, 0.1429, 0.1429, 0.1429, 0.1429],
        [0.1428, 0.1428, 0.1428, 0.1429, 0.1429, 0.1429, 0.1429],
        [0.1428, 0.1428, 0.1428, 0.1429, 0.1429, 0.1429, 0.1429],
        [0.1429, 0.1428, 0.1428, 0.1428, 0.1429, 0.1429, 0.1429],
        [0.1429, 0.1428, 0.1428, 0.1428, 0.1429, 0.1429, 0.1429],
        [0.1428, 0.1428, 0.1428, 0.1429, 0.1429, 0.1429, 0.1429],
        [0.1428, 0.1428, 0.1428, 0.1429, 0.1429, 0.1429, 0.1429],
        [0.1428, 0.1428, 0.1429, 0.1429, 0.1429, 0.1429, 0.1429],
        [0.1429, 0.1428, 0.1428, 0.1429, 0.1429, 0.1429, 0.1429],
        [0.1428, 0.1428, 0.1428, 0.1429, 0.1429, 0.1429, 0.1429],
        [0.1428, 0.1428, 0.1429, 0.1429, 0.1429, 0.1429, 0.1429],
        [0.1428, 0.1428, 0.1429, 0.1429, 0.1429, 0.1429, 0.1429],
        [0.1429, 0.1428, 0.1428, 0.1429, 0.1429, 0.1429, 0.1429],
        [0.1428, 0.1428, 0.1428, 0.1429, 0.1429, 0.1429, 0.1429],
        [0.1428, 0.1428, 0.1429, 0.1429, 0.1429, 0.1429, 0.1429],
        [0.1428, 0.1428, 0.1429, 0.1429, 0.1429, 0.1429, 0.1429],
        [0.1427, 0.1428, 0.1429, 0.1429, 0.1429, 0.1429, 0.1429],
        [0.1428, 0.1428, 0.1429, 0.1429, 0.1429, 0.1429, 0.1429],
        [0.1427, 0.1429, 0.1429, 0.1429, 0.1429, 0.1429, 0.1429],
        [0.1429, 0.1427, 0.1428, 0.1428, 0.1429, 0.1429, 0.1429],
        [0.1429, 0.1428, 0.1428, 0.1428, 0.1429, 0.1429, 0.1429],
        [0.1428, 0.1428, 0.1429, 0.1429, 0.1429, 0.1429, 0.1429],
        [0.1428, 0.1428, 0.1428, 0.1429, 0.1429, 0.1429, 0.1429],
        [0.1428, 0.1428, 0.1429, 0.1429, 0.1429, 0.1429, 0.1429],
        [0.1428, 0.1428, 0.1428, 0.1429, 0.1429, 0.1429, 0.1429],
        [0.1430, 0.1427, 0.1428, 0.1428, 0.1429, 0.1429, 0.1429],
        [0.1428, 0.1429, 0.1428, 0.1429, 0.1429, 0.1429, 0.1429],
        [0.1429, 0.1427, 0.1428, 0.1429, 0.1429, 0.1429, 0.1429],
        [0.1428, 0.1428, 0.1428, 0.1429, 0.1429, 0.1429, 0.1429],
        [0.1428, 0.1427, 0.1428, 0.1429, 0.1429, 0.1429, 0.1429],
        [0.1428, 0.1428, 0.1428, 0.1429, 0.1429, 0.1429, 0.1429],
        [0.1429, 0.1429, 0.1428, 0.1428, 0.1429, 0.1429, 0.1429],
        [0.1430, 0.1429, 0.1428, 0.1428, 0.1428, 0.1428, 0.1428],
        [0.1427, 0.1428, 0.1429, 0.1429, 0.1429, 0.1429, 0.1429],
        [0.1428, 0.1428, 0.1428, 0.1429, 0.1429, 0.1429, 0.1429],
        [0.1428, 0.1428, 0.1429, 0.1429, 0.1429, 0.1429, 0.1429],
        [0.1428, 0.1428, 0.1429, 0.1429, 0.1429, 0.1429, 0.1429],
        [0.1429, 0.1428, 0.1428, 0.1429, 0.1429, 0.1429, 0.1429],
        [0.1429, 0.1428, 0.1429, 0.1429, 0.1429, 0.1429, 0.1429],
        [0.1428, 0.1428, 0.1429, 0.1429, 0.1429, 0.1429, 0.1429],
        [0.1429, 0.1428, 0.1428, 0.1429, 0.1429, 0.1429, 0.1429],
        [0.1429, 0.1428, 0.1429, 0.1429, 0.1429, 0.1429, 0.1429],
        [0.1428, 0.1427, 0.1428, 0.1429, 0.1429, 0.1429, 0.1429],
        [0.1429, 0.1428, 0.1428, 0.1429, 0.1429, 0.1429, 0.1429],
        [0.1428, 0.1429, 0.1428, 0.1429, 0.1429, 0.1429, 0.1429],
        [0.1428, 0.1427, 0.1429, 0.1429, 0.1429, 0.1429, 0.1429],
        [0.1430, 0.1427, 0.1428, 0.1428, 0.1429, 0.1429, 0.1429],
        [0.1427, 0.1428, 0.1428, 0.1429, 0.1429, 0.1429, 0.1429],
        [0.1426, 0.1428, 0.1429, 0.1429, 0.1429, 0.1429, 0.1430],
        [0.1220, 0.1397, 0.1496, 0.1504, 0.1493, 0.1461, 0.1428],
        [0.1428, 0.1428, 0.1429, 0.1429, 0.1429, 0.1429, 0.1429],
        [0.1429, 0.1428, 0.1428, 0.1428, 0.1429, 0.1429, 0.1429]],
       device='cuda:1')
perception attention:tensor([0.3832, 0.6168], device='cuda:1')
Test set results: loss= 0.6228 accuracy= 0.8120 F1_score= 0.8121
