# epoch	loss_train	acc_train	loss_val	acc_val	time	acc_test	f1_test
0001	2.1995	0.1111	2.1427	0.4800	0.1935s	2.1437	0.5200	0.4797
0
0002	2.1470	0.3611	2.0718	0.4900	0.1880s	2.0735	0.4980	0.4306
0
0003	2.0945	0.3667	1.9911	0.5100	0.1941s	1.9929	0.5270	0.4741
0
0004	2.0292	0.4333	1.8993	0.5920	0.1935s	1.9010	0.6110	0.5787
0
0005	1.9300	0.5167	1.7952	0.6900	0.1921s	1.7959	0.7060	0.6832
0
0006	1.8458	0.6000	1.6828	0.7540	0.1938s	1.6816	0.7800	0.7702
0
0007	1.7383	0.6167	1.5654	0.8020	0.1926s	1.5606	0.8310	0.8271
0
0008	1.6224	0.6722	1.4463	0.8100	0.1933s	1.4387	0.8280	0.8259
0
0009	1.5457	0.7667	1.3307	0.8020	0.1934s	1.3207	0.8040	0.8002
0
0010	1.4383	0.7222	1.2200	0.7960	0.1938s	1.2093	0.8020	0.7953
0
0011	1.3811	0.7000	1.1174	0.8100	0.1933s	1.1072	0.8200	0.8180
0
0012	1.3081	0.8111	1.0253	0.8180	0.1917s	1.0157	0.8310	0.8294
0
0013	1.2409	0.7722	0.9465	0.8020	0.1934s	0.9365	0.8390	0.8380
0
0014	1.1573	0.7833	0.8814	0.8000	0.1879s	0.8711	0.8410	0.8411
0
0015	1.1387	0.7944	0.8297	0.7980	0.1934s	0.8175	0.8240	0.8260
0
0016	1.0042	0.8444	0.7874	0.7920	0.1934s	0.7734	0.8120	0.8154
0
0017	0.9731	0.8111	0.7516	0.7840	0.1936s	0.7369	0.7990	0.8042
0
0018	0.9135	0.8056	0.7167	0.7880	0.1920s	0.7027	0.8040	0.8084
0
0019	0.9077	0.7833	0.6871	0.8000	0.1943s	0.6724	0.8150	0.8182
0
0020	0.9188	0.8278	0.6650	0.8020	0.1943s	0.6484	0.8250	0.8269
0
0021	0.8516	0.8444	0.6499	0.7980	0.1933s	0.6321	0.8280	0.8303
0
0022	0.7835	0.8056	0.6447	0.8000	0.1928s	0.6238	0.8230	0.8266
0
0023	0.7665	0.8278	0.6460	0.7920	0.1936s	0.6212	0.8100	0.8146
0
0024	0.8226	0.8111	0.6469	0.7880	0.1933s	0.6188	0.8040	0.8091
1
0025	0.7275	0.8444	0.6509	0.7820	0.1927s	0.6206	0.8010	0.8058
2
0026	0.7402	0.8444	0.6515	0.7860	0.1934s	0.6217	0.8030	0.8065
3
0027	0.7337	0.8222	0.6478	0.7940	0.1911s	0.6184	0.8040	0.8063
4
0028	0.7341	0.8222	0.6422	0.7960	0.1937s	0.6126	0.8170	0.8178
5
0029	0.6534	0.8611	0.6408	0.8020	0.1930s	0.6089	0.8170	0.8171
0
0030	0.6526	0.8444	0.6412	0.8080	0.1934s	0.6068	0.8220	0.8214
0
0031	0.6281	0.8778	0.6446	0.8040	0.1930s	0.6055	0.8170	0.8167
1
0032	0.6283	0.8278	0.6542	0.7980	0.1929s	0.6077	0.8160	0.8165
2
0033	0.6812	0.8056	0.6625	0.7960	0.1932s	0.6102	0.8110	0.8120
3
0034	0.6718	0.8222	0.6640	0.7980	0.1955s	0.6094	0.8080	0.8094
4
0035	0.6418	0.8833	0.6609	0.7980	0.1914s	0.6090	0.8120	0.8134
5
0036	0.6137	0.8556	0.6585	0.8020	0.1953s	0.6105	0.8120	0.8145
6
0037	0.6409	0.8778	0.6563	0.8000	0.1933s	0.6149	0.8130	0.8158
7
0038	0.6587	0.8500	0.6519	0.8000	0.1934s	0.6180	0.8110	0.8135
8
0039	0.6394	0.8556	0.6526	0.7920	0.1932s	0.6236	0.8120	0.8143
9
0040	0.6419	0.8556	0.6542	0.7880	0.1929s	0.6281	0.8130	0.8141
10
0041	0.5889	0.8722	0.6574	0.7880	0.1914s	0.6319	0.8120	0.8126
11
0042	0.7190	0.8722	0.6594	0.7900	0.1935s	0.6339	0.8110	0.8110
12
0043	0.5707	0.8944	0.6627	0.7860	0.1933s	0.6328	0.8080	0.8077
13
0044	0.6433	0.8722	0.6621	0.7920	0.1935s	0.6277	0.8090	0.8088
14
0045	0.5645	0.8667	0.6620	0.8040	0.1933s	0.6248	0.8090	0.8089
15
0046	0.6169	0.8444	0.6633	0.8020	0.1935s	0.6220	0.8110	0.8110
16
0047	0.5897	0.8278	0.6679	0.7960	0.1931s	0.6250	0.8120	0.8120
17
0048	0.6232	0.8278	0.6760	0.7900	0.1932s	0.6290	0.8090	0.8092
18
0049	0.6130	0.9056	0.6867	0.7840	0.1937s	0.6352	0.8070	0.8086
19
0050	0.5325	0.8389	0.6978	0.7820	0.1934s	0.6428	0.8040	0.8062
20
0051	0.5544	0.8889	0.7106	0.7760	0.1933s	0.6534	0.7960	0.7989
21
0052	0.5919	0.8667	0.7238	0.7740	0.1936s	0.6613	0.7900	0.7934
22
0053	0.6353	0.8778	0.7257	0.7700	0.1937s	0.6638	0.7880	0.7915
23
0054	0.5412	0.8611	0.7179	0.7800	0.1930s	0.6582	0.7940	0.7953
24
0055	0.5738	0.8611	0.7067	0.7900	0.1938s	0.6474	0.8010	0.8019
25
0056	0.5790	0.8722	0.7028	0.7900	0.1933s	0.6423	0.8020	0.8013
26
0057	0.5839	0.8778	0.7062	0.7880	0.1933s	0.6439	0.8000	0.7989
27
0058	0.5831	0.8667	0.7142	0.7820	0.1914s	0.6493	0.7980	0.7971
28
0059	0.4985	0.9056	0.7211	0.7820	0.1931s	0.6538	0.8010	0.8012
29
0060	0.5562	0.9056	0.7325	0.7680	0.1930s	0.6658	0.8000	0.8012
30
0061	0.5727	0.8722	0.7443	0.7680	0.1931s	0.6808	0.7870	0.7905
31
0062	0.5550	0.9000	0.7451	0.7700	0.1916s	0.6864	0.7860	0.7892
32
0063	0.5234	0.9056	0.7408	0.7740	0.1902s	0.6844	0.7900	0.7917
33
0064	0.6003	0.8556	0.7386	0.7780	0.1935s	0.6819	0.7940	0.7951
34
0065	0.5424	0.8722	0.7375	0.7800	0.1918s	0.6776	0.7980	0.7981
35
0066	0.5632	0.8611	0.7365	0.7880	0.1937s	0.6737	0.8010	0.8009
36
0067	0.5891	0.8500	0.7352	0.7860	0.1932s	0.6718	0.8000	0.7992
37
0068	0.5769	0.9056	0.7324	0.7840	0.1898s	0.6712	0.8070	0.8063
38
0069	0.5472	0.8778	0.7289	0.7900	0.1935s	0.6729	0.8050	0.8054
39
0070	0.5592	0.8556	0.7276	0.7860	0.1928s	0.6772	0.8010	0.8024
40
0071	0.4849	0.8667	0.7255	0.7840	0.1927s	0.6824	0.7980	0.8002
41
0072	0.5854	0.8722	0.7193	0.7860	0.1966s	0.6836	0.8010	0.8012
42
0073	0.6104	0.8722	0.7175	0.7860	0.1933s	0.6877	0.8040	0.8035
43
0074	0.5749	0.8222	0.7196	0.7800	0.1934s	0.6941	0.8010	0.8001
44
0075	0.5785	0.8667	0.7211	0.7780	0.1937s	0.6964	0.8050	0.8044
45
0076	0.5821	0.8444	0.7256	0.7760	0.1931s	0.6991	0.8020	0.8018
46
0077	0.5389	0.8944	0.7280	0.7820	0.1961s	0.6968	0.7980	0.7989
47
0078	0.5309	0.8889	0.7266	0.7780	0.1934s	0.6894	0.7960	0.7983
48
0079	0.5138	0.8611	0.7262	0.7780	0.1924s	0.6852	0.7950	0.7974
49
0080	0.6232	0.8389	0.7294	0.7820	0.1936s	0.6837	0.7930	0.7953
50
0081	0.5556	0.8611	0.7318	0.7860	0.1936s	0.6821	0.7940	0.7957
51
0082	0.5924	0.8778	0.7339	0.7820	0.1934s	0.6793	0.7970	0.7981
52
0083	0.5172	0.8667	0.7354	0.7860	0.1939s	0.6813	0.8010	0.8010
53
0084	0.5288	0.8722	0.7396	0.7800	0.1936s	0.6875	0.8010	0.8005
54
0085	0.5613	0.9111	0.7436	0.7800	0.1935s	0.6936	0.8040	0.8029
55
0086	0.5057	0.8722	0.7431	0.7780	0.1935s	0.6944	0.8020	0.8012
56
0087	0.4987	0.8889	0.7428	0.7720	0.1930s	0.6957	0.8000	0.7994
57
0088	0.5654	0.8167	0.7427	0.7740	0.1919s	0.6968	0.7990	0.7985
58
0089	0.5799	0.8944	0.7473	0.7780	0.1935s	0.7001	0.7960	0.7960
59
0090	0.5671	0.8333	0.7570	0.7800	0.1931s	0.7046	0.7940	0.7942
60
0091	0.4961	0.8667	0.7693	0.7760	0.1935s	0.7095	0.7940	0.7951
61
0092	0.4849	0.8944	0.7804	0.7680	0.1934s	0.7120	0.7950	0.7959
62
0093	0.6001	0.8556	0.7907	0.7680	0.1933s	0.7147	0.7960	0.7969
63
0094	0.5114	0.8944	0.7936	0.7680	0.1926s	0.7154	0.7940	0.7947
64
0095	0.5051	0.8722	0.7924	0.7680	0.1926s	0.7155	0.7990	0.7990
65
0096	0.4895	0.8944	0.7899	0.7700	0.1941s	0.7131	0.8000	0.7998
66
0097	0.5198	0.8889	0.7879	0.7740	0.1934s	0.7085	0.7980	0.7970
67
0098	0.4932	0.8611	0.7874	0.7700	0.1917s	0.7059	0.7970	0.7960
68
0099	0.5117	0.8889	0.7882	0.7660	0.1935s	0.7070	0.7990	0.7983
69
0100	0.5477	0.8500	0.7886	0.7640	0.1955s	0.7106	0.7960	0.7954
70
0101	0.4842	0.8611	0.7910	0.7720	0.1932s	0.7151	0.7950	0.7951
71
0102	0.6278	0.8722	0.7936	0.7720	0.1933s	0.7201	0.7970	0.7973
72
0103	0.5327	0.9056	0.8000	0.7720	0.1934s	0.7285	0.8010	0.8010
73
0104	0.4730	0.9056	0.8102	0.7700	0.1914s	0.7390	0.7910	0.7905
74
0105	0.4921	0.8944	0.8149	0.7620	0.1928s	0.7478	0.7840	0.7841
75
0106	0.5634	0.8611	0.8202	0.7620	0.1941s	0.7566	0.7810	0.7811
76
0107	0.5011	0.8944	0.8175	0.7580	0.1934s	0.7542	0.7790	0.7796
77
0108	0.5305	0.8944	0.8074	0.7660	0.1924s	0.7436	0.7870	0.7883
78
0109	0.5637	0.9000	0.7931	0.7660	0.1932s	0.7258	0.7910	0.7919
79
0110	0.4608	0.9056	0.7767	0.7640	0.1929s	0.7097	0.7930	0.7934
80
0111	0.5025	0.8722	0.7668	0.7780	0.1929s	0.7015	0.8010	0.8005
81
0112	0.5274	0.8833	0.7611	0.7860	0.1932s	0.6989	0.8060	0.8040
82
0113	0.4900	0.8833	0.7619	0.7800	0.1933s	0.7034	0.8070	0.8041
83
0114	0.5521	0.8556	0.7643	0.7840	0.1931s	0.7097	0.8010	0.7983
84
0115	0.5779	0.8778	0.7704	0.7820	0.1933s	0.7176	0.7960	0.7947
85
0116	0.5852	0.8500	0.7802	0.7740	0.1930s	0.7297	0.7870	0.7874
86
0117	0.5588	0.8778	0.7817	0.7680	0.1934s	0.7352	0.7850	0.7873
87
0118	0.6091	0.8833	0.7835	0.7680	0.1930s	0.7409	0.7860	0.7885
88
0119	0.5337	0.8611	0.7788	0.7700	0.1913s	0.7422	0.7830	0.7871
89
0120	0.5477	0.8667	0.7696	0.7700	0.1912s	0.7380	0.7830	0.7871
90
0121	0.5279	0.8500	0.7621	0.7680	0.1930s	0.7331	0.7880	0.7908
91
0122	0.5078	0.8778	0.7545	0.7780	0.1930s	0.7278	0.7940	0.7951
92
0123	0.5239	0.8500	0.7550	0.7840	0.1928s	0.7257	0.7970	0.7955
93
0124	0.5206	0.8889	0.7574	0.7820	0.1916s	0.7242	0.7940	0.7921
94
0125	0.5156	0.8889	0.7586	0.7800	0.1929s	0.7227	0.7920	0.7902
95
0126	0.5260	0.8833	0.7588	0.7800	0.1932s	0.7235	0.7930	0.7915
96
0127	0.4846	0.9000	0.7643	0.7760	0.1959s	0.7287	0.7870	0.7875
97
0128	0.5082	0.8889	0.7742	0.7720	0.1932s	0.7359	0.7870	0.7883
98
0129	0.5324	0.8833	0.7859	0.7720	0.1935s	0.7422	0.7860	0.7879
99
0130	0.5088	0.8778	0.7889	0.7720	0.1929s	0.7415	0.7860	0.7882
100
0131	0.5374	0.8444	0.7870	0.7780	0.1933s	0.7378	0.7860	0.7877
101
0132	0.5365	0.9056	0.7817	0.7760	0.1934s	0.7327	0.7880	0.7889
102
0133	0.5845	0.8833	0.7774	0.7820	0.1932s	0.7316	0.7890	0.7889
103
0134	0.5036	0.8722	0.7764	0.7820	0.1929s	0.7327	0.7890	0.7885
104
0135	0.4832	0.9000	0.7759	0.7820	0.1933s	0.7330	0.7920	0.7905
105
0136	0.5304	0.8722	0.7702	0.7820	0.1934s	0.7311	0.7920	0.7905
106
0137	0.5057	0.8611	0.7608	0.7840	0.1934s	0.7254	0.7950	0.7939
107
0138	0.4883	0.9056	0.7558	0.7820	0.1934s	0.7229	0.8000	0.7993
108
0139	0.5250	0.9000	0.7561	0.7740	0.1910s	0.7230	0.7970	0.7973
109
0140	0.5247	0.8556	0.7644	0.7720	0.1930s	0.7260	0.7970	0.7975
110
0141	0.4992	0.8944	0.7762	0.7720	0.1927s	0.7295	0.7950	0.7956
111
0142	0.4697	0.8944	0.7871	0.7720	0.1928s	0.7324	0.7950	0.7959
112
0143	0.5571	0.8611	0.7913	0.7740	0.1932s	0.7334	0.7920	0.7933
113
0144	0.4768	0.8944	0.7850	0.7720	0.1931s	0.7292	0.7940	0.7950
114
0145	0.4935	0.8889	0.7778	0.7720	0.1928s	0.7239	0.7940	0.7946
115
0146	0.5023	0.9056	0.7694	0.7760	0.1946s	0.7180	0.7970	0.7976
116
0147	0.5047	0.8667	0.7646	0.7760	0.1934s	0.7129	0.7940	0.7946
117
0148	0.5107	0.8944	0.7639	0.7780	0.1930s	0.7103	0.7920	0.7926
118
0149	0.5236	0.8667	0.7656	0.7740	0.1932s	0.7097	0.7930	0.7941
119
0150	0.5456	0.9167	0.7707	0.7740	0.1933s	0.7112	0.7950	0.7966
120
0151	0.5326	0.8944	0.7777	0.7760	0.1889s	0.7153	0.7910	0.7928
121
0152	0.4880	0.9111	0.7867	0.7800	0.1928s	0.7214	0.7930	0.7947
122
0153	0.4450	0.8667	0.7991	0.7700	0.1932s	0.7303	0.7890	0.7904
123
0154	0.5046	0.8667	0.8064	0.7680	0.1931s	0.7374	0.7870	0.7873
124
0155	0.4826	0.8889	0.8111	0.7640	0.1932s	0.7403	0.7850	0.7841
125
0156	0.5251	0.8722	0.8097	0.7740	0.1925s	0.7389	0.7880	0.7870
126
0157	0.5293	0.8722	0.8078	0.7760	0.1915s	0.7360	0.7930	0.7923
127
0158	0.5795	0.8444	0.8034	0.7740	0.1932s	0.7301	0.7950	0.7946
128
0159	0.4893	0.8778	0.8048	0.7760	0.1934s	0.7276	0.7960	0.7965
129
0160	0.5867	0.8944	0.8078	0.7740	0.1930s	0.7273	0.7880	0.7898
130
0161	0.4907	0.8500	0.8102	0.7800	0.1934s	0.7277	0.7900	0.7923
131
0162	0.4684	0.9167	0.8123	0.7740	0.1936s	0.7291	0.7880	0.7912
132
0163	0.5365	0.8833	0.8095	0.7700	0.1934s	0.7306	0.7850	0.7888
133
0164	0.4618	0.8667	0.8044	0.7740	0.1931s	0.7318	0.7850	0.7876
134
0165	0.4948	0.8611	0.8012	0.7700	0.1932s	0.7354	0.7850	0.7865
135
0166	0.5282	0.8667	0.7990	0.7700	0.1930s	0.7403	0.7850	0.7856
136
0167	0.5081	0.8944	0.7937	0.7700	0.1928s	0.7419	0.7850	0.7840
137
0168	0.5430	0.8444	0.7923	0.7640	0.1914s	0.7425	0.7910	0.7894
138
0169	0.4886	0.8944	0.7926	0.7660	0.1915s	0.7422	0.7930	0.7909
139
0170	0.4575	0.9000	0.7957	0.7680	0.1934s	0.7420	0.7910	0.7892
140
0171	0.5423	0.8389	0.8040	0.7700	0.1932s	0.7413	0.7890	0.7883
141
0172	0.4383	0.8889	0.8134	0.7700	0.1934s	0.7404	0.7920	0.7913
142
0173	0.5101	0.8667	0.8246	0.7740	0.1965s	0.7428	0.7890	0.7893
143
0174	0.5276	0.8556	0.8355	0.7760	0.2074s	0.7471	0.7880	0.7892
144
0175	0.5585	0.8556	0.8393	0.7700	0.2069s	0.7492	0.7890	0.7910
145
0176	0.5450	0.8222	0.8330	0.7720	0.2071s	0.7472	0.7900	0.7922
146
0177	0.4826	0.8778	0.8211	0.7780	0.2068s	0.7427	0.7850	0.7868
147
0178	0.5111	0.9000	0.8110	0.7760	0.2049s	0.7403	0.7880	0.7891
148
0179	0.5059	0.8611	0.8022	0.7740	0.2072s	0.7390	0.7920	0.7924
149
0180	0.5401	0.8944	0.7967	0.7760	0.2070s	0.7393	0.7890	0.7894
150
0181	0.5453	0.8389	0.7942	0.7760	0.2052s	0.7386	0.7890	0.7893
151
0182	0.4321	0.9111	0.7950	0.7780	0.2071s	0.7401	0.7880	0.7886
152
0183	0.5958	0.8278	0.7985	0.7760	0.2067s	0.7436	0.7790	0.7806
153
0184	0.4504	0.9000	0.8012	0.7740	0.2077s	0.7462	0.7800	0.7814
154
0185	0.5192	0.8889	0.8033	0.7680	0.2052s	0.7490	0.7790	0.7805
155
0186	0.5506	0.9056	0.8062	0.7700	0.2073s	0.7515	0.7760	0.7772
156
0187	0.4623	0.8778	0.8071	0.7720	0.2053s	0.7505	0.7770	0.7777
157
0188	0.5243	0.8722	0.8064	0.7740	0.1910s	0.7483	0.7750	0.7764
158
0189	0.5795	0.8778	0.8052	0.7720	0.1936s	0.7434	0.7830	0.7835
159
0190	0.5333	0.9000	0.8000	0.7760	0.1937s	0.7370	0.7890	0.7891
160
0191	0.4646	0.9111	0.7959	0.7740	0.1919s	0.7304	0.7930	0.7925
161
0192	0.5545	0.8611	0.7918	0.7800	0.1936s	0.7233	0.7910	0.7900
162
0193	0.5153	0.8611	0.7893	0.7840	0.1936s	0.7180	0.7950	0.7938
163
0194	0.4930	0.8611	0.7900	0.7820	0.1935s	0.7137	0.7950	0.7945
164
0195	0.5809	0.8556	0.7951	0.7760	0.1938s	0.7166	0.7930	0.7939
165
0196	0.4539	0.8889	0.8097	0.7700	0.1937s	0.7267	0.7800	0.7828
166
0197	0.5335	0.8667	0.8202	0.7700	0.1941s	0.7340	0.7800	0.7834
167
0198	0.4619	0.8556	0.8261	0.7600	0.1935s	0.7382	0.7790	0.7822
168
0199	0.5805	0.8722	0.8258	0.7600	0.1967s	0.7385	0.7810	0.7833
169
0200	0.4994	0.8722	0.8197	0.7740	0.1948s	0.7360	0.7860	0.7871
170
0201	0.5022	0.8667	0.8088	0.7760	0.1951s	0.7290	0.7870	0.7874
171
0202	0.4783	0.8444	0.7931	0.7780	0.1936s	0.7188	0.7950	0.7951
172
0203	0.5251	0.8722	0.7859	0.7740	0.1938s	0.7122	0.7970	0.7966
173
0204	0.4574	0.8722	0.7822	0.7760	0.1899s	0.7089	0.7960	0.7959
174
0205	0.5652	0.8556	0.7856	0.7820	0.1934s	0.7078	0.7980	0.7981
175
0206	0.5307	0.8556	0.7921	0.7800	0.1933s	0.7089	0.7960	0.7972
176
0207	0.5043	0.9222	0.8004	0.7780	0.1949s	0.7118	0.7940	0.7958
177
0208	0.5056	0.8778	0.8083	0.7720	0.1936s	0.7159	0.7890	0.7911
178
0209	0.4769	0.8778	0.8197	0.7660	0.1935s	0.7236	0.7870	0.7895
179
0210	0.4816	0.8667	0.8303	0.7640	0.1935s	0.7348	0.7820	0.7850
180
0211	0.5192	0.8722	0.8341	0.7660	0.1936s	0.7442	0.7870	0.7887
181
0212	0.5717	0.8444	0.8335	0.7620	0.1938s	0.7487	0.7860	0.7884
182
0213	0.5246	0.8722	0.8270	0.7680	0.1936s	0.7467	0.7910	0.7929
183
0214	0.4309	0.9167	0.8204	0.7660	0.1982s	0.7429	0.7910	0.7931
184
0215	0.4893	0.8889	0.8144	0.7640	0.1937s	0.7389	0.7900	0.7922
185
0216	0.5040	0.8667	0.8068	0.7640	0.1940s	0.7343	0.7930	0.7945
186
0217	0.4902	0.8722	0.8041	0.7640	0.1930s	0.7327	0.7960	0.7976
187
0218	0.5103	0.8500	0.8022	0.7680	0.1942s	0.7320	0.7960	0.7977
188
0219	0.4984	0.8778	0.8010	0.7700	0.1929s	0.7315	0.7950	0.7974
189
0220	0.4971	0.8833	0.8026	0.7660	0.1934s	0.7340	0.7900	0.7923
190
0221	0.5177	0.8556	0.8023	0.7720	0.1890s	0.7363	0.7890	0.7907
191
0222	0.5561	0.9056	0.8042	0.7720	0.1921s	0.7422	0.7840	0.7850
192
0223	0.4541	0.9000	0.8035	0.7740	0.1939s	0.7455	0.7840	0.7850
193
0224	0.4672	0.8778	0.8004	0.7780	0.1934s	0.7454	0.7850	0.7862
194
0225	0.4808	0.8889	0.7971	0.7740	0.1936s	0.7452	0.7840	0.7852
195
0226	0.4795	0.8778	0.7920	0.7740	0.1936s	0.7443	0.7870	0.7879
196
0227	0.4905	0.8944	0.7941	0.7760	0.1935s	0.7450	0.7860	0.7874
197
0228	0.4970	0.8833	0.7960	0.7760	0.1929s	0.7449	0.7870	0.7883
198
0229	0.4831	0.8722	0.7987	0.7720	0.1932s	0.7456	0.7900	0.7907
199
Early stop! Min loss:0.64081871509552,  Max accuracy:0.8180000000000001
Early stop model validation loss:0.64081871509552,  accuracy:0.802
Optimization Finished!
Total time elapsed: 45.1689s
test max acc:0.8410
Loading 28th epoch
stru_node_to_hop attention:tensor([[0.3333, 0.3334, 0.3333],
        [0.3331, 0.3335, 0.3335],
        [0.3333, 0.3334, 0.3333],
        [0.3333, 0.3333, 0.3333],
        [0.3331, 0.3334, 0.3335],
        [0.3334, 0.3333, 0.3333],
        [0.3329, 0.3336, 0.3335],
        [0.3335, 0.3331, 0.3335],
        [0.3332, 0.3335, 0.3333],
        [0.3332, 0.3334, 0.3334],
        [0.3334, 0.3333, 0.3333],
        [0.3331, 0.3335, 0.3333],
        [0.3333, 0.3334, 0.3334],
        [0.3333, 0.3333, 0.3334],
        [0.3330, 0.3335, 0.3334],
        [0.3332, 0.3334, 0.3334],
        [0.3332, 0.3334, 0.3334],
        [0.3332, 0.3335, 0.3333],
        [0.3621, 0.3427, 0.2952],
        [0.3333, 0.3333, 0.3334],
        [0.3331, 0.3335, 0.3334],
        [0.3334, 0.3333, 0.3334],
        [0.3328, 0.3336, 0.3336],
        [0.3333, 0.3333, 0.3334],
        [0.3332, 0.3334, 0.3334],
        [0.3331, 0.3335, 0.3333],
        [0.3332, 0.3333, 0.3334],
        [0.3331, 0.3336, 0.3333],
        [0.3332, 0.3334, 0.3334],
        [0.3332, 0.3334, 0.3334],
        [0.3335, 0.3331, 0.3334],
        [0.3333, 0.3334, 0.3333],
        [0.3331, 0.3334, 0.3334],
        [0.3331, 0.3336, 0.3333],
        [0.3333, 0.3334, 0.3333],
        [0.3331, 0.3333, 0.3335],
        [0.3326, 0.3336, 0.3338],
        [0.3333, 0.3334, 0.3334],
        [0.3333, 0.3334, 0.3333],
        [0.3330, 0.3336, 0.3334],
        [0.3333, 0.3334, 0.3333],
        [0.3332, 0.3334, 0.3335],
        [0.3333, 0.3333, 0.3334],
        [0.3329, 0.3335, 0.3336],
        [0.3329, 0.3336, 0.3335],
        [0.3332, 0.3334, 0.3334],
        [0.3329, 0.3336, 0.3335],
        [0.3332, 0.3334, 0.3334],
        [0.3332, 0.3335, 0.3333],
        [0.3331, 0.3336, 0.3333],
        [0.3333, 0.3334, 0.3334],
        [0.3334, 0.3332, 0.3334],
        [0.3328, 0.3337, 0.3335],
        [0.3331, 0.3335, 0.3334],
        [0.3334, 0.3333, 0.3333],
        [0.3334, 0.3333, 0.3333],
        [0.3332, 0.3334, 0.3334],
        [0.3331, 0.3335, 0.3334],
        [0.3334, 0.3333, 0.3333],
        [0.3332, 0.3334, 0.3334],
        [0.3330, 0.3336, 0.3334],
        [0.3330, 0.3335, 0.3335],
        [0.3332, 0.3334, 0.3334],
        [0.3331, 0.3334, 0.3334],
        [0.3334, 0.3333, 0.3333],
        [0.3332, 0.3334, 0.3334],
        [0.3331, 0.3334, 0.3335],
        [0.3330, 0.3336, 0.3335],
        [0.3330, 0.3336, 0.3334],
        [0.3332, 0.3334, 0.3334],
        [0.3331, 0.3335, 0.3334],
        [0.3336, 0.3332, 0.3332],
        [0.3330, 0.3336, 0.3334],
        [0.3333, 0.3333, 0.3334],
        [0.3332, 0.3334, 0.3334],
        [0.3332, 0.3334, 0.3334],
        [0.3332, 0.3334, 0.3334],
        [0.3334, 0.3333, 0.3333],
        [0.3330, 0.3335, 0.3335],
        [0.3335, 0.3332, 0.3333],
        [0.3334, 0.3333, 0.3333],
        [0.3332, 0.3334, 0.3334],
        [0.3333, 0.3334, 0.3333],
        [0.3333, 0.3334, 0.3333],
        [0.3332, 0.3334, 0.3334],
        [0.3332, 0.3334, 0.3334],
        [0.3333, 0.3333, 0.3334],
        [0.3332, 0.3334, 0.3333],
        [0.3331, 0.3334, 0.3335],
        [0.3333, 0.3333, 0.3334],
        [0.3332, 0.3334, 0.3334],
        [0.3330, 0.3335, 0.3334],
        [0.3331, 0.3334, 0.3335],
        [0.3333, 0.3333, 0.3335],
        [0.3332, 0.3334, 0.3334],
        [0.3332, 0.3334, 0.3333],
        [0.3334, 0.3333, 0.3334],
        [0.2627, 0.4164, 0.3209],
        [0.3329, 0.3336, 0.3336],
        [0.3333, 0.3333, 0.3334]], device='cuda:1')
fea_node_to_hop attention:tensor([[0.1429, 0.1429, 0.1426, 0.1430, 0.1428, 0.1430, 0.1429],
        [0.1428, 0.1429, 0.1428, 0.1429, 0.1428, 0.1429, 0.1429],
        [0.1428, 0.1429, 0.1427, 0.1429, 0.1428, 0.1429, 0.1429],
        [0.1428, 0.1428, 0.1428, 0.1429, 0.1429, 0.1429, 0.1429],
        [0.1429, 0.1427, 0.1428, 0.1429, 0.1429, 0.1430, 0.1430],
        [0.1428, 0.1429, 0.1427, 0.1429, 0.1428, 0.1429, 0.1429],
        [0.1428, 0.1429, 0.1428, 0.1429, 0.1428, 0.1429, 0.1429],
        [0.1428, 0.1430, 0.1427, 0.1429, 0.1428, 0.1429, 0.1429],
        [0.1429, 0.1428, 0.1428, 0.1428, 0.1429, 0.1429, 0.1429],
        [0.1429, 0.1428, 0.1428, 0.1428, 0.1429, 0.1429, 0.1429],
        [0.1428, 0.1428, 0.1429, 0.1429, 0.1429, 0.1429, 0.1429],
        [0.1428, 0.1427, 0.1428, 0.1429, 0.1429, 0.1429, 0.1430],
        [0.1428, 0.1428, 0.1428, 0.1429, 0.1429, 0.1429, 0.1429],
        [0.1428, 0.1427, 0.1429, 0.1429, 0.1429, 0.1429, 0.1429],
        [0.1426, 0.1428, 0.1428, 0.1429, 0.1429, 0.1430, 0.1430],
        [0.1428, 0.1427, 0.1428, 0.1429, 0.1429, 0.1429, 0.1429],
        [0.1429, 0.1427, 0.1428, 0.1429, 0.1429, 0.1429, 0.1429],
        [0.1428, 0.1428, 0.1429, 0.1429, 0.1429, 0.1429, 0.1429],
        [0.1349, 0.1205, 0.1359, 0.1484, 0.1537, 0.1538, 0.1529],
        [0.1429, 0.1428, 0.1428, 0.1428, 0.1429, 0.1429, 0.1429],
        [0.1428, 0.1427, 0.1428, 0.1429, 0.1429, 0.1429, 0.1429],
        [0.1427, 0.1428, 0.1429, 0.1429, 0.1429, 0.1429, 0.1429],
        [0.1429, 0.1427, 0.1428, 0.1429, 0.1429, 0.1429, 0.1429],
        [0.1428, 0.1428, 0.1429, 0.1429, 0.1429, 0.1429, 0.1429],
        [0.1429, 0.1427, 0.1428, 0.1429, 0.1429, 0.1429, 0.1429],
        [0.1428, 0.1428, 0.1428, 0.1428, 0.1429, 0.1429, 0.1429],
        [0.1429, 0.1427, 0.1428, 0.1429, 0.1429, 0.1429, 0.1429],
        [0.1427, 0.1428, 0.1428, 0.1429, 0.1429, 0.1429, 0.1429],
        [0.1428, 0.1428, 0.1428, 0.1429, 0.1429, 0.1429, 0.1429],
        [0.1428, 0.1428, 0.1428, 0.1429, 0.1429, 0.1429, 0.1429],
        [0.1429, 0.1427, 0.1428, 0.1429, 0.1429, 0.1429, 0.1429],
        [0.1428, 0.1428, 0.1428, 0.1429, 0.1429, 0.1429, 0.1429],
        [0.1428, 0.1428, 0.1428, 0.1429, 0.1429, 0.1429, 0.1429],
        [0.1428, 0.1428, 0.1428, 0.1429, 0.1429, 0.1429, 0.1429],
        [0.1428, 0.1428, 0.1428, 0.1429, 0.1429, 0.1429, 0.1429],
        [0.1428, 0.1428, 0.1428, 0.1429, 0.1429, 0.1429, 0.1429],
        [0.1428, 0.1428, 0.1428, 0.1429, 0.1429, 0.1429, 0.1429],
        [0.1429, 0.1427, 0.1428, 0.1429, 0.1429, 0.1429, 0.1429],
        [0.1428, 0.1428, 0.1428, 0.1429, 0.1429, 0.1429, 0.1429],
        [0.1429, 0.1428, 0.1428, 0.1428, 0.1429, 0.1429, 0.1429],
        [0.1428, 0.1428, 0.1428, 0.1429, 0.1429, 0.1429, 0.1429],
        [0.1429, 0.1428, 0.1428, 0.1429, 0.1429, 0.1429, 0.1429],
        [0.1430, 0.1427, 0.1428, 0.1428, 0.1429, 0.1429, 0.1429],
        [0.1427, 0.1428, 0.1428, 0.1429, 0.1429, 0.1429, 0.1429],
        [0.1429, 0.1427, 0.1428, 0.1429, 0.1429, 0.1429, 0.1429],
        [0.1429, 0.1428, 0.1428, 0.1429, 0.1429, 0.1429, 0.1429],
        [0.1428, 0.1428, 0.1428, 0.1429, 0.1429, 0.1429, 0.1429],
        [0.1429, 0.1428, 0.1428, 0.1428, 0.1429, 0.1429, 0.1429],
        [0.1429, 0.1428, 0.1429, 0.1429, 0.1429, 0.1429, 0.1429],
        [0.1427, 0.1428, 0.1428, 0.1429, 0.1429, 0.1429, 0.1429],
        [0.1428, 0.1427, 0.1428, 0.1429, 0.1429, 0.1429, 0.1429],
        [0.1429, 0.1427, 0.1428, 0.1428, 0.1429, 0.1429, 0.1429],
        [0.1429, 0.1427, 0.1427, 0.1428, 0.1429, 0.1430, 0.1430],
        [0.1428, 0.1428, 0.1428, 0.1429, 0.1429, 0.1429, 0.1429],
        [0.1428, 0.1428, 0.1428, 0.1429, 0.1429, 0.1429, 0.1429],
        [0.1428, 0.1428, 0.1429, 0.1429, 0.1429, 0.1429, 0.1429],
        [0.1428, 0.1428, 0.1428, 0.1429, 0.1429, 0.1429, 0.1429],
        [0.1429, 0.1427, 0.1428, 0.1429, 0.1429, 0.1429, 0.1429],
        [0.1428, 0.1428, 0.1428, 0.1429, 0.1429, 0.1429, 0.1429],
        [0.1427, 0.1429, 0.1429, 0.1429, 0.1429, 0.1429, 0.1429],
        [0.1428, 0.1428, 0.1428, 0.1429, 0.1429, 0.1429, 0.1429],
        [0.1428, 0.1428, 0.1428, 0.1429, 0.1429, 0.1429, 0.1429],
        [0.1429, 0.1427, 0.1428, 0.1429, 0.1429, 0.1429, 0.1429],
        [0.1426, 0.1428, 0.1429, 0.1429, 0.1429, 0.1429, 0.1429],
        [0.1428, 0.1428, 0.1428, 0.1429, 0.1429, 0.1429, 0.1429],
        [0.1427, 0.1428, 0.1429, 0.1429, 0.1429, 0.1429, 0.1429],
        [0.1428, 0.1428, 0.1429, 0.1429, 0.1429, 0.1429, 0.1429],
        [0.1427, 0.1427, 0.1428, 0.1429, 0.1429, 0.1430, 0.1430],
        [0.1428, 0.1428, 0.1428, 0.1429, 0.1429, 0.1429, 0.1429],
        [0.1426, 0.1428, 0.1429, 0.1429, 0.1429, 0.1429, 0.1429],
        [0.1428, 0.1428, 0.1428, 0.1429, 0.1429, 0.1429, 0.1429],
        [0.1429, 0.1428, 0.1428, 0.1429, 0.1429, 0.1429, 0.1429],
        [0.1427, 0.1428, 0.1428, 0.1429, 0.1429, 0.1429, 0.1430],
        [0.1429, 0.1427, 0.1428, 0.1429, 0.1429, 0.1429, 0.1430],
        [0.1428, 0.1428, 0.1428, 0.1429, 0.1429, 0.1429, 0.1429],
        [0.1429, 0.1428, 0.1428, 0.1428, 0.1429, 0.1429, 0.1429],
        [0.1428, 0.1428, 0.1428, 0.1429, 0.1429, 0.1429, 0.1429],
        [0.1428, 0.1426, 0.1429, 0.1429, 0.1429, 0.1429, 0.1429],
        [0.1429, 0.1427, 0.1428, 0.1429, 0.1429, 0.1429, 0.1429],
        [0.1430, 0.1428, 0.1428, 0.1428, 0.1428, 0.1429, 0.1429],
        [0.1429, 0.1428, 0.1429, 0.1428, 0.1429, 0.1429, 0.1429],
        [0.1428, 0.1428, 0.1429, 0.1429, 0.1429, 0.1429, 0.1429],
        [0.1428, 0.1428, 0.1429, 0.1429, 0.1429, 0.1429, 0.1429],
        [0.1428, 0.1428, 0.1429, 0.1429, 0.1429, 0.1429, 0.1429],
        [0.1428, 0.1427, 0.1428, 0.1429, 0.1429, 0.1429, 0.1429],
        [0.1429, 0.1428, 0.1428, 0.1429, 0.1429, 0.1429, 0.1429],
        [0.1427, 0.1428, 0.1429, 0.1429, 0.1429, 0.1429, 0.1429],
        [0.1428, 0.1427, 0.1428, 0.1429, 0.1429, 0.1429, 0.1429],
        [0.1429, 0.1427, 0.1428, 0.1429, 0.1429, 0.1429, 0.1429],
        [0.1429, 0.1427, 0.1428, 0.1429, 0.1429, 0.1429, 0.1429],
        [0.1428, 0.1428, 0.1428, 0.1429, 0.1429, 0.1429, 0.1429],
        [0.1429, 0.1426, 0.1428, 0.1429, 0.1429, 0.1429, 0.1429],
        [0.1429, 0.1429, 0.1428, 0.1428, 0.1428, 0.1429, 0.1429],
        [0.1429, 0.1426, 0.1428, 0.1429, 0.1429, 0.1429, 0.1429],
        [0.1429, 0.1427, 0.1428, 0.1428, 0.1429, 0.1429, 0.1429],
        [0.1428, 0.1428, 0.1428, 0.1429, 0.1429, 0.1429, 0.1429],
        [0.1429, 0.1426, 0.1428, 0.1429, 0.1429, 0.1429, 0.1430],
        [0.1173, 0.1347, 0.1504, 0.1548, 0.1524, 0.1477, 0.1428],
        [0.1427, 0.1428, 0.1429, 0.1429, 0.1429, 0.1429, 0.1429],
        [0.1429, 0.1428, 0.1428, 0.1428, 0.1429, 0.1429, 0.1429]],
       device='cuda:1')
perception attention:tensor([0.3613, 0.6387], device='cuda:1')
Test set results: loss= 0.6089 accuracy= 0.8170 F1_score= 0.8171
