# epoch	loss_train	acc_train	loss_val	acc_val	time	acc_test	f1_test
0001	1.7989	0.1167	1.6893	0.3300	0.1222s	1.6717	0.3410	0.2879
0
0002	1.6829	0.3750	1.5409	0.4080	0.1225s	1.5071	0.4150	0.3296
0
0003	1.5348	0.4500	1.3783	0.5360	0.1045s	1.3456	0.5460	0.4554
0
0004	1.3378	0.5750	1.1870	0.7300	0.1199s	1.1632	0.7390	0.7176
0
0005	1.1702	0.7250	1.0072	0.8880	0.1198s	0.9881	0.8810	0.8729
0
0006	0.9810	0.8083	0.8690	0.8680	0.1044s	0.8498	0.8710	0.8679
0
0007	0.8214	0.8500	0.7522	0.8500	0.1217s	0.7341	0.8570	0.8561
0
0008	0.6984	0.8667	0.6440	0.8680	0.1220s	0.6237	0.8730	0.8689
0
0009	0.6152	0.8333	0.5648	0.9000	0.1198s	0.5418	0.8820	0.8738
0
0010	0.5461	0.9000	0.5109	0.9020	0.1041s	0.4878	0.8960	0.8885
0
0011	0.4550	0.9000	0.4667	0.9000	0.1216s	0.4417	0.9040	0.8977
0
0012	0.3933	0.9167	0.4291	0.8960	0.1224s	0.4029	0.9010	0.8954
0
0013	0.3735	0.9667	0.4084	0.9060	0.1226s	0.3812	0.9010	0.8963
0
0014	0.3454	0.9333	0.3962	0.8880	0.1222s	0.3673	0.8990	0.8936
0
0015	0.3231	0.9583	0.3859	0.8980	0.1218s	0.3551	0.9020	0.8967
0
0016	0.2749	0.9417	0.3801	0.8960	0.1228s	0.3480	0.9010	0.8961
0
0017	0.2713	0.9417	0.3768	0.9060	0.1222s	0.3432	0.9000	0.8947
0
0018	0.2618	0.9583	0.3768	0.9040	0.1224s	0.3414	0.9010	0.8959
0
0019	0.2192	0.9500	0.3816	0.9020	0.1223s	0.3445	0.8960	0.8897
1
0020	0.2234	0.9417	0.3962	0.8980	0.1239s	0.3571	0.8970	0.8902
2
0021	0.1983	0.9667	0.4076	0.8880	0.1226s	0.3667	0.8890	0.8816
3
0022	0.2125	0.9417	0.4066	0.8860	0.1220s	0.3646	0.8950	0.8882
4
0023	0.2156	0.9750	0.4004	0.8880	0.1221s	0.3586	0.8940	0.8873
5
0024	0.1970	0.9833	0.3942	0.8940	0.1218s	0.3533	0.8980	0.8918
6
0025	0.1754	0.9750	0.3958	0.8840	0.1045s	0.3565	0.8930	0.8870
7
0026	0.1663	0.9833	0.4003	0.8800	0.1218s	0.3609	0.8940	0.8879
8
0027	0.1816	0.9750	0.4054	0.8820	0.1223s	0.3651	0.8890	0.8824
9
0028	0.1695	0.9750	0.4145	0.8860	0.1221s	0.3725	0.8890	0.8819
10
0029	0.1566	0.9667	0.4267	0.8820	0.1187s	0.3830	0.8900	0.8819
11
0030	0.1745	0.9833	0.4345	0.8820	0.1221s	0.3890	0.8880	0.8801
12
0031	0.1928	0.9917	0.4290	0.8820	0.1214s	0.3844	0.8860	0.8784
13
0032	0.1781	0.9500	0.4179	0.8920	0.1226s	0.3747	0.8900	0.8832
14
0033	0.1595	0.9833	0.4104	0.8880	0.1223s	0.3687	0.8920	0.8858
15
0034	0.1737	0.9417	0.4072	0.8840	0.1219s	0.3682	0.8890	0.8829
16
0035	0.1639	0.9667	0.4059	0.8880	0.1050s	0.3688	0.8910	0.8851
17
0036	0.1687	0.9917	0.4049	0.8840	0.1221s	0.3689	0.8900	0.8840
18
0037	0.1589	0.9833	0.4039	0.8860	0.1219s	0.3693	0.8880	0.8820
19
0038	0.1592	0.9833	0.4044	0.8920	0.1215s	0.3712	0.8890	0.8824
20
0039	0.1396	0.9750	0.4063	0.8920	0.1056s	0.3743	0.8830	0.8759
21
0040	0.1591	0.9500	0.4089	0.8900	0.1043s	0.3773	0.8850	0.8778
22
0041	0.1570	0.9833	0.4084	0.8880	0.1042s	0.3769	0.8850	0.8778
23
0042	0.1426	0.9833	0.4052	0.8880	0.1045s	0.3737	0.8850	0.8777
24
0043	0.1670	0.9917	0.3995	0.8900	0.1194s	0.3676	0.8900	0.8828
25
0044	0.1344	0.9917	0.3960	0.8860	0.1196s	0.3638	0.8910	0.8839
26
0045	0.1892	0.9667	0.3928	0.8860	0.1057s	0.3610	0.8910	0.8847
27
0046	0.1456	0.9917	0.3935	0.8820	0.1225s	0.3610	0.8910	0.8845
28
0047	0.1800	1.0000	0.3944	0.8840	0.1223s	0.3618	0.8930	0.8866
29
0048	0.1705	0.9833	0.3957	0.8840	0.1218s	0.3627	0.8950	0.8890
30
0049	0.1708	1.0000	0.3939	0.8860	0.1117s	0.3617	0.8970	0.8910
31
0050	0.1628	0.9583	0.3907	0.8860	0.1216s	0.3594	0.9000	0.8941
32
0051	0.1533	0.9667	0.3902	0.8880	0.1071s	0.3597	0.8940	0.8874
33
0052	0.1582	0.9417	0.3927	0.8900	0.1193s	0.3625	0.8930	0.8863
34
0053	0.1637	0.9917	0.3950	0.8920	0.1215s	0.3651	0.8880	0.8815
35
0054	0.1497	0.9750	0.3923	0.8940	0.1047s	0.3609	0.8920	0.8855
36
0055	0.1463	0.9917	0.3899	0.8920	0.1164s	0.3561	0.8920	0.8853
37
0056	0.1598	0.9667	0.3874	0.8920	0.1192s	0.3531	0.8970	0.8907
38
0057	0.1474	0.9750	0.3828	0.8920	0.1223s	0.3496	0.9020	0.8965
39
0058	0.1691	0.9750	0.3801	0.8900	0.1228s	0.3497	0.9040	0.8989
40
0059	0.1601	0.9833	0.3772	0.8920	0.1225s	0.3494	0.9050	0.9004
41
0060	0.1590	0.9750	0.3759	0.8920	0.1181s	0.3490	0.9050	0.9005
42
0061	0.1339	0.9833	0.3739	0.9000	0.1223s	0.3476	0.9060	0.9014
0
0062	0.1344	0.9917	0.3734	0.8920	0.1175s	0.3473	0.9050	0.9003
0
0063	0.1511	1.0000	0.3810	0.8860	0.1219s	0.3550	0.8970	0.8915
0
0064	0.1708	0.9833	0.3912	0.8920	0.1223s	0.3639	0.8930	0.8868
1
0065	0.1679	0.9750	0.3993	0.8860	0.1221s	0.3705	0.8920	0.8854
2
0066	0.1732	0.9500	0.3947	0.8860	0.1221s	0.3642	0.8940	0.8873
3
0067	0.1654	0.9667	0.3835	0.8880	0.1223s	0.3516	0.9000	0.8943
4
0068	0.1350	0.9917	0.3734	0.8940	0.1215s	0.3386	0.9060	0.9010
5
0069	0.1435	0.9833	0.3704	0.9000	0.1223s	0.3330	0.9100	0.9055
6
0070	0.1755	0.9833	0.3705	0.8980	0.1217s	0.3322	0.9090	0.9045
0
0071	0.1509	0.9917	0.3712	0.8960	0.1243s	0.3331	0.9040	0.8989
1
0072	0.1624	0.9833	0.3795	0.8940	0.1215s	0.3435	0.8980	0.8920
2
0073	0.1461	1.0000	0.4022	0.8860	0.1197s	0.3676	0.8880	0.8809
3
0074	0.1552	0.9833	0.4298	0.8760	0.1223s	0.3940	0.8830	0.8761
4
0075	0.1656	0.9833	0.4318	0.8720	0.1175s	0.3974	0.8830	0.8763
5
0076	0.1663	0.9833	0.4118	0.8780	0.1218s	0.3793	0.8850	0.8786
6
0077	0.1783	0.9750	0.3888	0.8900	0.1221s	0.3572	0.8990	0.8936
7
0078	0.1327	0.9750	0.3758	0.8980	0.1239s	0.3412	0.9040	0.8989
8
0079	0.1418	0.9750	0.3732	0.9020	0.1226s	0.3342	0.9110	0.9069
9
0080	0.1566	0.9917	0.3767	0.9000	0.1224s	0.3354	0.9120	0.9080
10
0081	0.1664	0.9500	0.3823	0.8980	0.1212s	0.3408	0.9050	0.9000
11
0082	0.1738	0.9667	0.3925	0.8900	0.1210s	0.3524	0.9050	0.8995
12
0083	0.1428	0.9917	0.4088	0.8880	0.1050s	0.3696	0.9000	0.8938
13
0084	0.1427	0.9833	0.4266	0.8820	0.1043s	0.3871	0.8940	0.8867
14
0085	0.1569	0.9250	0.4269	0.8720	0.1045s	0.3879	0.8950	0.8880
15
0086	0.1500	0.9833	0.4171	0.8840	0.1047s	0.3789	0.8970	0.8909
16
0087	0.1376	0.9833	0.4054	0.8860	0.1043s	0.3674	0.8980	0.8923
17
0088	0.1539	0.9583	0.4007	0.8920	0.1215s	0.3603	0.9000	0.8945
18
0089	0.1403	0.9583	0.3983	0.8980	0.1090s	0.3576	0.8990	0.8935
19
0090	0.1307	0.9917	0.3960	0.8960	0.1044s	0.3552	0.9030	0.8978
20
0091	0.1349	1.0000	0.3940	0.8920	0.1042s	0.3538	0.9030	0.8980
21
0092	0.1421	0.9417	0.3894	0.8940	0.1046s	0.3503	0.9080	0.9032
22
0093	0.1492	0.9917	0.3900	0.8980	0.1049s	0.3536	0.9110	0.9065
23
0094	0.1470	0.9667	0.3967	0.8900	0.1044s	0.3616	0.9080	0.9030
24
0095	0.1352	0.9917	0.4044	0.8880	0.1220s	0.3685	0.9040	0.8983
25
0096	0.1325	0.9750	0.4083	0.8840	0.1225s	0.3719	0.9040	0.8980
26
0097	0.1526	0.9500	0.4007	0.8900	0.1219s	0.3641	0.9040	0.8983
27
0098	0.1433	1.0000	0.3907	0.8940	0.1225s	0.3544	0.9030	0.8974
28
0099	0.1579	0.9750	0.3829	0.8960	0.1045s	0.3479	0.9020	0.8969
29
0100	0.1419	0.9667	0.3787	0.8960	0.1076s	0.3447	0.9080	0.9033
30
0101	0.1361	0.9917	0.3772	0.8940	0.1041s	0.3448	0.9080	0.9034
31
0102	0.1342	0.9917	0.3784	0.8940	0.1198s	0.3481	0.9090	0.9045
32
0103	0.1304	0.9667	0.3805	0.8980	0.1198s	0.3510	0.9020	0.8963
33
0104	0.1509	0.9583	0.3868	0.8960	0.1048s	0.3591	0.9030	0.8974
34
0105	0.1394	0.9833	0.3900	0.8920	0.1222s	0.3612	0.9040	0.8985
35
0106	0.1359	0.9917	0.3896	0.8940	0.1224s	0.3602	0.9020	0.8962
36
0107	0.1423	0.9833	0.3884	0.8920	0.1046s	0.3578	0.9030	0.8972
37
0108	0.1681	0.9667	0.3830	0.8940	0.1047s	0.3516	0.9010	0.8951
38
0109	0.1398	0.9833	0.3779	0.9020	0.1199s	0.3445	0.9040	0.8987
39
0110	0.1305	0.9750	0.3779	0.9000	0.1046s	0.3432	0.9100	0.9053
40
0111	0.1177	0.9917	0.3786	0.8980	0.1047s	0.3439	0.9080	0.9029
41
0112	0.1610	0.9750	0.3773	0.9000	0.1226s	0.3449	0.9090	0.9042
42
0113	0.1530	0.9917	0.3758	0.9020	0.1226s	0.3477	0.9040	0.8986
43
0114	0.1384	0.9667	0.3765	0.9020	0.1221s	0.3520	0.9000	0.8941
44
0115	0.1402	0.9750	0.3804	0.8960	0.1212s	0.3576	0.9000	0.8943
45
0116	0.1275	0.9833	0.3802	0.9000	0.1217s	0.3574	0.9050	0.8995
46
0117	0.1357	0.9917	0.3774	0.9000	0.1185s	0.3532	0.9080	0.9025
47
0118	0.1388	0.9750	0.3730	0.9020	0.1195s	0.3470	0.9090	0.9038
48
0119	0.1156	0.9833	0.3699	0.9040	0.1224s	0.3413	0.9100	0.9052
49
0120	0.1419	0.9917	0.3672	0.9080	0.1243s	0.3372	0.9100	0.9048
0
0121	0.1649	0.9667	0.3663	0.9080	0.1104s	0.3352	0.9070	0.9016
0
0122	0.1493	0.9917	0.3676	0.9120	0.1069s	0.3385	0.9070	0.9013
0
0123	0.1384	0.9750	0.3729	0.9080	0.1199s	0.3470	0.9020	0.8963
0
0124	0.1272	0.9833	0.3789	0.8960	0.1044s	0.3560	0.8960	0.8901
1
0125	0.1220	0.9917	0.3829	0.8960	0.1218s	0.3618	0.8970	0.8916
2
0126	0.1402	0.9833	0.3799	0.9040	0.1177s	0.3591	0.8970	0.8916
3
0127	0.1336	0.9750	0.3715	0.9100	0.1227s	0.3473	0.9060	0.9010
4
0128	0.1474	0.9917	0.3678	0.9160	0.1178s	0.3399	0.9110	0.9059
5
0129	0.1627	0.9667	0.3696	0.9160	0.1221s	0.3385	0.9120	0.9071
0
0130	0.1349	0.9500	0.3736	0.9100	0.1188s	0.3420	0.9100	0.9051
0
0131	0.1606	0.9583	0.3771	0.9080	0.1218s	0.3499	0.9060	0.9001
1
0132	0.1384	0.9917	0.3805	0.9020	0.1195s	0.3569	0.9070	0.9011
2
0133	0.1293	0.9833	0.3816	0.9040	0.1219s	0.3593	0.9060	0.9002
3
0134	0.1580	0.9667	0.3829	0.9040	0.1211s	0.3616	0.9070	0.9012
4
0135	0.1540	0.9750	0.3838	0.9060	0.1191s	0.3622	0.9080	0.9023
5
0136	0.1238	0.9833	0.3836	0.9060	0.1221s	0.3614	0.9080	0.9023
6
0137	0.1389	0.9917	0.3814	0.9100	0.1189s	0.3562	0.9050	0.8992
7
0138	0.1422	0.9917	0.3815	0.9140	0.1224s	0.3548	0.9030	0.8973
8
0139	0.1631	0.9750	0.3831	0.9140	0.1250s	0.3554	0.9030	0.8975
9
0140	0.1350	0.9833	0.3854	0.9100	0.1215s	0.3594	0.9030	0.8975
10
0141	0.1408	0.9667	0.3925	0.9080	0.1051s	0.3681	0.9010	0.8951
11
0142	0.1364	0.9917	0.3951	0.9060	0.1221s	0.3721	0.8970	0.8907
12
0143	0.1363	0.9750	0.3947	0.9100	0.1048s	0.3719	0.8970	0.8906
13
0144	0.1322	0.9750	0.3911	0.9080	0.1191s	0.3682	0.9040	0.8982
14
0145	0.1315	0.9917	0.3892	0.9040	0.1224s	0.3666	0.9060	0.8999
15
0146	0.1484	0.9917	0.3895	0.9020	0.1222s	0.3664	0.9050	0.8989
16
0147	0.1326	0.9750	0.3881	0.9100	0.1205s	0.3629	0.9040	0.8978
17
0148	0.1337	0.9833	0.3895	0.9100	0.1221s	0.3623	0.9000	0.8938
18
0149	0.1336	0.9833	0.3928	0.9040	0.1208s	0.3647	0.9020	0.8962
19
0150	0.1333	0.9833	0.3970	0.9020	0.1089s	0.3681	0.9000	0.8943
20
0151	0.1395	0.9583	0.3989	0.9020	0.1218s	0.3683	0.8990	0.8932
21
0152	0.1263	0.9833	0.3966	0.9040	0.1214s	0.3639	0.9000	0.8942
22
0153	0.1479	0.9833	0.3929	0.9060	0.1221s	0.3591	0.9020	0.8965
23
0154	0.1376	0.9500	0.3874	0.9080	0.1219s	0.3515	0.9050	0.8995
24
0155	0.1597	0.9750	0.3847	0.9040	0.1222s	0.3471	0.9100	0.9048
25
0156	0.1317	0.9833	0.3867	0.9020	0.1215s	0.3497	0.9110	0.9058
26
0157	0.1283	0.9833	0.3894	0.8960	0.1214s	0.3543	0.9080	0.9021
27
0158	0.1382	1.0000	0.3937	0.8920	0.1219s	0.3612	0.9070	0.9009
28
0159	0.1405	0.9917	0.3984	0.8960	0.1223s	0.3674	0.9050	0.8988
29
0160	0.1319	0.9917	0.4035	0.8960	0.1222s	0.3732	0.9010	0.8941
30
0161	0.1385	0.9750	0.4021	0.9000	0.1217s	0.3710	0.8980	0.8912
31
0162	0.1190	1.0000	0.3996	0.9020	0.1204s	0.3663	0.9030	0.8970
32
0163	0.1384	0.9750	0.3901	0.9040	0.1221s	0.3552	0.9090	0.9038
33
0164	0.1530	1.0000	0.3818	0.9040	0.1219s	0.3453	0.9090	0.9036
34
0165	0.1315	0.9833	0.3779	0.9020	0.1198s	0.3393	0.9110	0.9059
35
0166	0.1404	1.0000	0.3796	0.9100	0.1076s	0.3401	0.9080	0.9029
36
0167	0.1377	0.9583	0.3815	0.9080	0.1045s	0.3409	0.9050	0.9000
37
0168	0.1411	0.9667	0.3833	0.9060	0.1216s	0.3439	0.9010	0.8955
38
0169	0.1311	0.9917	0.3831	0.9040	0.1221s	0.3482	0.8990	0.8934
39
0170	0.1526	0.9917	0.3831	0.9060	0.1218s	0.3530	0.9030	0.8977
40
0171	0.1319	0.9833	0.3851	0.9000	0.1224s	0.3593	0.9000	0.8938
41
0172	0.1442	0.9917	0.3918	0.8980	0.1219s	0.3676	0.9000	0.8931
42
0173	0.1273	0.9667	0.3909	0.9000	0.1221s	0.3663	0.9010	0.8941
43
0174	0.1424	1.0000	0.3842	0.9000	0.1220s	0.3581	0.9070	0.9010
44
0175	0.1461	0.9667	0.3758	0.9020	0.1217s	0.3469	0.9080	0.9023
45
0176	0.1442	0.9750	0.3699	0.9040	0.1225s	0.3376	0.9130	0.9081
46
0177	0.1381	0.9833	0.3682	0.9100	0.1218s	0.3355	0.9110	0.9060
47
0178	0.1225	0.9750	0.3665	0.9100	0.1215s	0.3364	0.9110	0.9060
48
0179	0.1409	0.9667	0.3643	0.9100	0.1214s	0.3392	0.9090	0.9042
49
0180	0.1202	1.0000	0.3663	0.9080	0.1221s	0.3472	0.9010	0.8952
0
0181	0.1370	0.9917	0.3708	0.9060	0.1223s	0.3551	0.9010	0.8951
1
0182	0.1354	0.9917	0.3769	0.9020	0.1089s	0.3630	0.8990	0.8929
2
0183	0.1379	0.9667	0.3823	0.9040	0.1218s	0.3686	0.9020	0.8964
3
0184	0.1317	0.9833	0.3868	0.9000	0.1214s	0.3715	0.9010	0.8956
4
0185	0.1394	0.9583	0.3871	0.9020	0.1250s	0.3695	0.9020	0.8964
5
0186	0.1384	0.9917	0.3795	0.9080	0.1221s	0.3592	0.9060	0.9004
6
0187	0.1445	0.9667	0.3688	0.9080	0.1220s	0.3446	0.9120	0.9073
7
0188	0.1282	0.9917	0.3650	0.9080	0.1218s	0.3382	0.9120	0.9074
8
0189	0.1555	0.9667	0.3617	0.9100	0.1214s	0.3366	0.9120	0.9075
9
0190	0.1280	0.9917	0.3613	0.9100	0.1233s	0.3410	0.9120	0.9072
0
0191	0.1277	0.9833	0.3687	0.9060	0.1224s	0.3533	0.9090	0.9037
0
0192	0.1106	1.0000	0.3777	0.8960	0.1219s	0.3635	0.9060	0.9006
1
0193	0.1457	0.9917	0.3809	0.8960	0.1222s	0.3652	0.9040	0.8983
2
0194	0.1484	0.9667	0.3801	0.9060	0.1219s	0.3605	0.9050	0.8994
3
0195	0.1498	0.9750	0.3762	0.9040	0.1216s	0.3514	0.9090	0.9040
4
0196	0.1345	0.9917	0.3762	0.9020	0.1218s	0.3470	0.9070	0.9017
5
0197	0.1417	0.9750	0.3733	0.9060	0.1215s	0.3430	0.9110	0.9062
6
0198	0.1272	0.9917	0.3722	0.9060	0.1220s	0.3424	0.9090	0.9040
7
0199	0.1436	0.9583	0.3690	0.9100	0.1039s	0.3425	0.9110	0.9062
8
0200	0.1220	0.9750	0.3706	0.9100	0.1196s	0.3470	0.9090	0.9043
9
0201	0.1261	0.9750	0.3744	0.9060	0.1217s	0.3523	0.9070	0.9020
10
0202	0.1462	0.9583	0.3780	0.9080	0.1219s	0.3569	0.9070	0.9021
11
0203	0.1455	0.9583	0.3791	0.9040	0.1212s	0.3597	0.9040	0.8988
12
0204	0.1241	0.9917	0.3800	0.9060	0.1214s	0.3601	0.9010	0.8961
13
0205	0.1324	0.9917	0.3796	0.9060	0.1227s	0.3583	0.9060	0.9007
14
0206	0.1180	0.9833	0.3739	0.9060	0.1225s	0.3517	0.9070	0.9018
15
0207	0.1460	0.9667	0.3704	0.9040	0.1209s	0.3468	0.9100	0.9050
16
0208	0.1487	0.9750	0.3697	0.9040	0.1223s	0.3454	0.9100	0.9052
17
0209	0.1423	0.9667	0.3727	0.9020	0.1052s	0.3469	0.9060	0.9010
18
0210	0.1333	0.9833	0.3745	0.9040	0.1074s	0.3476	0.9050	0.9000
19
0211	0.1377	0.9750	0.3730	0.9040	0.1193s	0.3448	0.9070	0.9021
20
0212	0.1293	0.9833	0.3699	0.9040	0.1220s	0.3399	0.9080	0.9032
21
0213	0.1528	0.9667	0.3681	0.9080	0.1213s	0.3369	0.9080	0.9033
22
0214	0.1297	0.9667	0.3681	0.9060	0.1222s	0.3380	0.9080	0.9032
23
0215	0.1399	0.9917	0.3690	0.9100	0.1219s	0.3394	0.9090	0.9043
24
0216	0.1397	0.9917	0.3740	0.9020	0.1222s	0.3457	0.9100	0.9053
25
0217	0.1308	0.9750	0.3796	0.8980	0.1222s	0.3520	0.9060	0.9010
26
0218	0.1391	0.9917	0.3833	0.8980	0.1219s	0.3567	0.9030	0.8977
27
0219	0.1202	0.9917	0.3837	0.8980	0.1221s	0.3557	0.9050	0.9001
28
0220	0.1438	0.9917	0.3780	0.9060	0.1198s	0.3481	0.9040	0.8987
29
0221	0.1549	0.9667	0.3705	0.9080	0.1047s	0.3380	0.9070	0.9019
30
0222	0.1408	0.9833	0.3668	0.9100	0.1196s	0.3307	0.9070	0.9019
31
0223	0.1506	0.9833	0.3675	0.9120	0.1222s	0.3283	0.9080	0.9030
32
0224	0.1309	0.9833	0.3693	0.9080	0.1223s	0.3295	0.9060	0.9010
33
0225	0.1435	0.9833	0.3718	0.9040	0.1061s	0.3332	0.9030	0.8977
34
0226	0.1505	0.9667	0.3768	0.9020	0.1192s	0.3415	0.9030	0.8980
35
0227	0.1287	0.9917	0.3857	0.9000	0.1218s	0.3532	0.9000	0.8944
36
0228	0.1541	0.9833	0.3887	0.8960	0.1226s	0.3581	0.9050	0.9000
37
0229	0.1331	0.9833	0.3881	0.8960	0.1051s	0.3581	0.9040	0.8987
38
0230	0.1516	0.9917	0.3836	0.9000	0.1211s	0.3542	0.9060	0.9009
39
0231	0.1497	0.9833	0.3751	0.9040	0.1224s	0.3454	0.9060	0.9007
40
0232	0.1325	0.9750	0.3746	0.9040	0.1224s	0.3450	0.9050	0.8996
41
0233	0.1459	0.9833	0.3762	0.9040	0.1222s	0.3473	0.9040	0.8989
42
0234	0.1301	0.9583	0.3766	0.9000	0.1044s	0.3514	0.9010	0.8957
43
0235	0.1258	0.9667	0.3758	0.8980	0.1221s	0.3554	0.9020	0.8968
44
0236	0.1518	0.9833	0.3764	0.9020	0.1219s	0.3607	0.8980	0.8926
45
0237	0.1426	0.9750	0.3836	0.9000	0.1227s	0.3703	0.9010	0.8958
46
0238	0.1419	0.9833	0.3929	0.8900	0.1221s	0.3798	0.9000	0.8937
47
0239	0.1488	0.9917	0.3948	0.8880	0.1061s	0.3794	0.8990	0.8921
48
0240	0.1465	0.9917	0.3976	0.8860	0.1213s	0.3791	0.9020	0.8956
49
0241	0.1432	0.9667	0.3925	0.8940	0.1216s	0.3712	0.9060	0.8998
50
0242	0.1397	0.9667	0.3839	0.8980	0.1146s	0.3597	0.9100	0.9049
51
0243	0.1480	0.9917	0.3819	0.9020	0.1203s	0.3554	0.9080	0.9026
52
0244	0.1240	0.9750	0.3846	0.9060	0.1221s	0.3577	0.9040	0.8980
53
0245	0.1344	0.9833	0.3864	0.9040	0.1223s	0.3615	0.9020	0.8962
54
0246	0.1396	0.9417	0.3930	0.9020	0.1220s	0.3700	0.8990	0.8931
55
0247	0.1200	0.9833	0.3994	0.8940	0.1220s	0.3780	0.8940	0.8876
56
0248	0.1440	0.9750	0.3970	0.8940	0.1223s	0.3763	0.8970	0.8908
57
0249	0.1133	1.0000	0.3909	0.9020	0.1222s	0.3710	0.8990	0.8930
58
0250	0.1433	0.9833	0.3808	0.9020	0.1221s	0.3609	0.9080	0.9027
59
0251	0.1388	0.9583	0.3762	0.9020	0.1219s	0.3540	0.9090	0.9039
60
0252	0.1310	0.9917	0.3763	0.9000	0.1241s	0.3509	0.9110	0.9058
61
0253	0.1414	0.9833	0.3821	0.9000	0.1220s	0.3547	0.9070	0.9015
62
0254	0.1406	0.9750	0.3910	0.9000	0.1218s	0.3639	0.9030	0.8970
63
0255	0.1495	0.9667	0.3941	0.8960	0.1224s	0.3686	0.9020	0.8957
64
0256	0.1513	0.9500	0.3890	0.8940	0.1227s	0.3665	0.9060	0.9002
65
0257	0.1777	0.9583	0.3836	0.8940	0.1221s	0.3632	0.9080	0.9026
66
0258	0.1372	0.9750	0.3825	0.9000	0.1219s	0.3654	0.9050	0.8993
67
0259	0.1458	0.9833	0.3815	0.9000	0.1223s	0.3646	0.9040	0.8986
68
0260	0.1276	0.9833	0.3785	0.9000	0.1214s	0.3605	0.9060	0.9007
69
0261	0.1370	0.9667	0.3777	0.9000	0.1220s	0.3572	0.9060	0.9008
70
0262	0.1232	0.9917	0.3795	0.8980	0.1222s	0.3558	0.9050	0.8997
71
0263	0.1657	1.0000	0.3802	0.8960	0.1222s	0.3548	0.9070	0.9019
72
0264	0.1448	0.9833	0.3815	0.8980	0.1215s	0.3554	0.9060	0.9009
73
0265	0.1144	0.9750	0.3826	0.9020	0.1223s	0.3556	0.9030	0.8977
74
0266	0.1385	0.9500	0.3827	0.9040	0.1251s	0.3551	0.9030	0.8977
75
0267	0.1452	0.9917	0.3804	0.9040	0.1214s	0.3535	0.9040	0.8988
76
0268	0.1143	0.9833	0.3757	0.9040	0.1222s	0.3505	0.9040	0.8987
77
0269	0.1640	0.9583	0.3731	0.9060	0.1223s	0.3494	0.9080	0.9031
78
0270	0.1153	0.9917	0.3747	0.8980	0.1221s	0.3530	0.9060	0.9005
79
0271	0.1365	0.9667	0.3788	0.8940	0.1219s	0.3584	0.9060	0.9007
80
0272	0.1319	0.9833	0.3840	0.8960	0.1222s	0.3645	0.9020	0.8970
81
0273	0.1315	0.9667	0.3843	0.8940	0.1225s	0.3651	0.9030	0.8980
82
0274	0.1439	0.9750	0.3822	0.8940	0.1221s	0.3607	0.9050	0.8999
83
0275	0.1441	0.9667	0.3834	0.9000	0.1216s	0.3604	0.9050	0.8997
84
0276	0.1364	0.9750	0.3849	0.9020	0.1220s	0.3612	0.9040	0.8985
85
0277	0.1184	1.0000	0.3893	0.9020	0.1223s	0.3649	0.9020	0.8961
86
0278	0.1156	0.9917	0.3929	0.9000	0.1220s	0.3685	0.9020	0.8961
87
0279	0.1273	0.9917	0.3947	0.8940	0.1223s	0.3703	0.9060	0.9002
88
0280	0.1334	0.9917	0.3951	0.8920	0.1222s	0.3716	0.9080	0.9022
89
0281	0.1386	1.0000	0.3924	0.8920	0.1223s	0.3697	0.9100	0.9043
90
0282	0.1221	0.9833	0.3892	0.8960	0.1225s	0.3667	0.9100	0.9044
91
0283	0.1438	0.9667	0.3886	0.8940	0.1220s	0.3665	0.9060	0.9002
92
0284	0.1311	0.9750	0.3913	0.8900	0.1215s	0.3694	0.9050	0.8995
93
0285	0.1565	0.9750	0.3907	0.8900	0.1223s	0.3679	0.9020	0.8963
94
0286	0.1290	0.9917	0.3909	0.8860	0.1217s	0.3674	0.9050	0.8994
95
0287	0.1209	0.9917	0.3926	0.8940	0.1223s	0.3666	0.9060	0.9005
96
0288	0.1254	0.9833	0.3935	0.8940	0.1222s	0.3651	0.9070	0.9017
97
0289	0.1153	0.9667	0.3939	0.8920	0.1222s	0.3645	0.9060	0.9006
98
0290	0.1443	0.9917	0.3939	0.8940	0.1219s	0.3654	0.9090	0.9036
99
0291	0.1367	1.0000	0.3931	0.8920	0.1074s	0.3665	0.9090	0.9034
100
0292	0.1222	0.9917	0.3911	0.8980	0.1221s	0.3662	0.9070	0.9014
101
0293	0.1643	0.9750	0.3872	0.8900	0.1222s	0.3628	0.9070	0.9015
102
0294	0.1251	1.0000	0.3891	0.8920	0.1059s	0.3649	0.9010	0.8952
103
0295	0.1278	0.9667	0.3923	0.8940	0.1220s	0.3679	0.8970	0.8912
104
0296	0.1410	0.9750	0.3924	0.8940	0.1220s	0.3674	0.8970	0.8911
105
0297	0.1380	0.9833	0.3860	0.8940	0.1128s	0.3606	0.9020	0.8962
106
0298	0.1197	0.9917	0.3811	0.8980	0.1222s	0.3550	0.9040	0.8984
107
0299	0.1343	0.9917	0.3803	0.8980	0.1223s	0.3537	0.9030	0.8972
108
0300	0.1227	0.9833	0.3795	0.8940	0.1223s	0.3535	0.9110	0.9057
109
0301	0.1362	0.9917	0.3849	0.8880	0.1223s	0.3586	0.9100	0.9046
110
0302	0.1306	0.9500	0.3919	0.8880	0.1226s	0.3659	0.9110	0.9056
111
0303	0.1532	0.9833	0.3920	0.8900	0.1227s	0.3649	0.9080	0.9023
112
0304	0.1197	0.9917	0.3887	0.8940	0.1223s	0.3592	0.9110	0.9057
113
0305	0.1268	0.9833	0.3850	0.9000	0.1225s	0.3536	0.9070	0.9014
114
0306	0.1282	0.9500	0.3793	0.9020	0.1223s	0.3474	0.9040	0.8987
115
0307	0.1195	0.9917	0.3763	0.9020	0.1220s	0.3450	0.9050	0.8999
116
0308	0.1256	0.9917	0.3773	0.9020	0.1225s	0.3475	0.9060	0.9011
117
0309	0.1651	0.9667	0.3790	0.8980	0.1218s	0.3484	0.9080	0.9032
118
0310	0.1448	0.9833	0.3811	0.9020	0.1218s	0.3501	0.9050	0.8995
119
0311	0.1205	1.0000	0.3816	0.9000	0.1220s	0.3494	0.9110	0.9057
120
0312	0.1368	0.9833	0.3842	0.9000	0.1234s	0.3515	0.9070	0.9012
121
0313	0.1207	0.9750	0.3867	0.9040	0.1220s	0.3534	0.9100	0.9041
122
0314	0.1226	0.9833	0.3880	0.9080	0.1225s	0.3551	0.9090	0.9025
123
0315	0.1222	0.9917	0.3913	0.9060	0.1223s	0.3586	0.9060	0.8996
124
0316	0.1253	0.9917	0.3907	0.9040	0.1223s	0.3589	0.9040	0.8981
125
0317	0.1287	0.9917	0.3876	0.9000	0.1221s	0.3579	0.9050	0.8995
126
0318	0.1182	0.9833	0.3811	0.9000	0.1220s	0.3531	0.9050	0.8994
127
0319	0.1328	0.9917	0.3739	0.9040	0.1223s	0.3465	0.9060	0.9007
128
0320	0.1205	0.9917	0.3719	0.9060	0.1224s	0.3439	0.9070	0.9019
129
0321	0.1362	0.9833	0.3736	0.9040	0.1221s	0.3448	0.9050	0.8999
130
0322	0.1379	0.9833	0.3751	0.9020	0.1220s	0.3465	0.9060	0.9009
131
0323	0.1174	0.9833	0.3736	0.9020	0.1221s	0.3453	0.9100	0.9050
132
0324	0.1263	0.9917	0.3770	0.9000	0.1222s	0.3486	0.9090	0.9037
133
0325	0.1462	0.9500	0.3741	0.9000	0.1226s	0.3472	0.9080	0.9025
134
0326	0.1334	0.9917	0.3685	0.9040	0.1046s	0.3425	0.9070	0.9014
135
0327	0.1169	0.9833	0.3659	0.9060	0.1222s	0.3424	0.9080	0.9021
136
0328	0.1335	1.0000	0.3672	0.9040	0.1220s	0.3452	0.9090	0.9035
137
0329	0.1139	0.9917	0.3686	0.9020	0.1221s	0.3475	0.9090	0.9032
138
0330	0.1236	0.9917	0.3698	0.9040	0.1222s	0.3494	0.9090	0.9032
139
0331	0.1387	0.9833	0.3732	0.8980	0.1216s	0.3519	0.9030	0.8966
140
0332	0.1179	0.9750	0.3731	0.8980	0.1223s	0.3506	0.9050	0.8990
141
0333	0.1204	0.9917	0.3693	0.8980	0.1220s	0.3465	0.9120	0.9073
142
0334	0.1333	0.9917	0.3642	0.9040	0.1121s	0.3421	0.9090	0.9039
143
0335	0.1300	0.9917	0.3613	0.9040	0.1211s	0.3402	0.9080	0.9029
144
0336	0.1273	0.9750	0.3635	0.9020	0.1215s	0.3432	0.9080	0.9027
0
0337	0.1253	0.9750	0.3673	0.8980	0.1046s	0.3457	0.9090	0.9032
1
0338	0.1348	0.9750	0.3754	0.9000	0.1223s	0.3517	0.9100	0.9044
2
0339	0.1311	0.9917	0.3826	0.8940	0.1221s	0.3585	0.9050	0.8988
3
0340	0.1462	0.9500	0.3845	0.8940	0.1224s	0.3617	0.9030	0.8964
4
0341	0.1267	0.9833	0.3768	0.9000	0.1045s	0.3565	0.9060	0.9001
5
0342	0.1253	0.9917	0.3680	0.9040	0.1048s	0.3498	0.9120	0.9069
6
0343	0.1307	0.9833	0.3649	0.9060	0.1131s	0.3484	0.9100	0.9050
7
0344	0.1102	0.9917	0.3636	0.9040	0.1162s	0.3476	0.9120	0.9074
8
0345	0.1359	0.9917	0.3674	0.9020	0.1045s	0.3508	0.9130	0.9085
9
0346	0.1254	0.9667	0.3696	0.9000	0.1196s	0.3513	0.9100	0.9052
10
0347	0.1315	0.9917	0.3709	0.9020	0.1223s	0.3515	0.9110	0.9060
11
0348	0.1466	0.9583	0.3721	0.9020	0.1045s	0.3525	0.9120	0.9070
12
0349	0.1371	0.9750	0.3750	0.9000	0.1220s	0.3540	0.9090	0.9035
13
0350	0.1260	0.9917	0.3759	0.8980	0.1223s	0.3553	0.9120	0.9068
14
0351	0.1327	0.9833	0.3807	0.8960	0.1247s	0.3603	0.9100	0.9044
15
0352	0.1236	0.9750	0.3852	0.8940	0.1221s	0.3648	0.9050	0.8987
16
0353	0.1160	0.9917	0.3846	0.8960	0.1203s	0.3650	0.9050	0.8992
17
0354	0.1353	0.9667	0.3802	0.9060	0.1218s	0.3629	0.9050	0.8994
18
0355	0.1281	0.9833	0.3747	0.9040	0.1220s	0.3589	0.9070	0.9021
19
0356	0.1209	0.9750	0.3724	0.9020	0.1217s	0.3574	0.9060	0.9014
20
0357	0.1557	0.9833	0.3738	0.9040	0.1222s	0.3591	0.9050	0.8999
21
0358	0.1301	0.9833	0.3748	0.9040	0.1225s	0.3604	0.9060	0.9007
22
0359	0.1498	0.9833	0.3792	0.9040	0.1218s	0.3651	0.9040	0.8986
23
0360	0.1210	0.9833	0.3848	0.9020	0.1219s	0.3714	0.9040	0.8985
24
0361	0.1526	0.9750	0.3887	0.8940	0.1210s	0.3768	0.9020	0.8960
25
0362	0.1381	0.9667	0.3874	0.8940	0.1220s	0.3780	0.9030	0.8973
26
0363	0.1365	0.9750	0.3931	0.8900	0.1221s	0.3854	0.9000	0.8938
27
0364	0.1254	0.9833	0.3963	0.8920	0.1213s	0.3871	0.9010	0.8949
28
0365	0.1192	0.9833	0.3980	0.8920	0.1199s	0.3877	0.9000	0.8941
29
0366	0.1262	0.9667	0.3882	0.8940	0.1158s	0.3779	0.9000	0.8939
30
0367	0.1331	0.9500	0.3774	0.9020	0.1209s	0.3665	0.9010	0.8953
31
0368	0.1254	0.9833	0.3713	0.9060	0.1222s	0.3591	0.9030	0.8981
32
0369	0.1273	0.9833	0.3697	0.9040	0.1217s	0.3568	0.9080	0.9033
33
0370	0.1396	0.9750	0.3679	0.9060	0.1222s	0.3563	0.9120	0.9076
34
0371	0.1427	0.9750	0.3705	0.9080	0.1220s	0.3617	0.9070	0.9022
35
0372	0.1292	0.9833	0.3789	0.9000	0.1219s	0.3736	0.9040	0.8987
36
0373	0.1408	0.9833	0.3912	0.8960	0.1218s	0.3866	0.8990	0.8929
37
0374	0.1170	0.9750	0.3921	0.8960	0.1222s	0.3872	0.9000	0.8938
38
0375	0.1355	0.9667	0.3885	0.8980	0.1221s	0.3823	0.9020	0.8957
39
0376	0.1199	0.9917	0.3890	0.8980	0.1219s	0.3803	0.8980	0.8915
40
0377	0.1234	0.9833	0.3900	0.9000	0.1218s	0.3787	0.9030	0.8974
41
0378	0.1354	0.9750	0.3854	0.8980	0.1219s	0.3726	0.9030	0.8979
42
0379	0.1223	0.9750	0.3794	0.9000	0.1052s	0.3668	0.9070	0.9020
43
0380	0.1296	0.9917	0.3765	0.9020	0.1057s	0.3648	0.9080	0.9031
44
0381	0.1483	0.9833	0.3785	0.9020	0.1219s	0.3664	0.9020	0.8964
45
0382	0.1207	1.0000	0.3842	0.9000	0.1217s	0.3705	0.9000	0.8947
46
0383	0.1320	0.9917	0.3859	0.9020	0.1222s	0.3703	0.9020	0.8968
47
0384	0.1435	0.9667	0.3818	0.9020	0.1221s	0.3647	0.9030	0.8976
48
0385	0.1305	0.9917	0.3795	0.9080	0.1224s	0.3599	0.9060	0.9009
49
0386	0.1377	0.9833	0.3816	0.9080	0.1224s	0.3577	0.9090	0.9039
50
0387	0.1230	0.9750	0.3923	0.9000	0.1223s	0.3644	0.9030	0.8978
51
0388	0.1278	1.0000	0.3996	0.9000	0.1225s	0.3705	0.9000	0.8946
52
0389	0.1545	0.9667	0.3979	0.9000	0.1222s	0.3693	0.9010	0.8955
53
0390	0.1195	1.0000	0.3944	0.9020	0.1220s	0.3682	0.9030	0.8975
54
0391	0.1231	0.9833	0.3898	0.9020	0.1223s	0.3681	0.9040	0.8984
55
0392	0.1178	0.9917	0.3881	0.9020	0.1221s	0.3703	0.9030	0.8971
56
0393	0.1406	0.9917	0.3826	0.8980	0.1221s	0.3674	0.9100	0.9051
57
0394	0.1424	0.9667	0.3756	0.9040	0.1218s	0.3603	0.9130	0.9085
58
0395	0.1318	0.9917	0.3712	0.9060	0.1217s	0.3522	0.9090	0.9047
59
0396	0.1306	0.9917	0.3751	0.9080	0.1219s	0.3522	0.9050	0.8998
60
0397	0.1570	0.9750	0.3819	0.9060	0.1224s	0.3573	0.9050	0.8996
61
0398	0.1510	0.9833	0.3852	0.9040	0.1224s	0.3624	0.9090	0.9039
62
0399	0.1388	1.0000	0.3905	0.9020	0.1222s	0.3693	0.9040	0.8982
63
0400	0.1226	0.9833	0.3889	0.9020	0.1220s	0.3684	0.9030	0.8971
64
0401	0.1192	0.9917	0.3885	0.9040	0.1221s	0.3677	0.9040	0.8982
65
0402	0.1312	0.9833	0.3899	0.9000	0.1217s	0.3675	0.9040	0.8983
66
0403	0.1342	0.9833	0.3916	0.9040	0.1216s	0.3684	0.9050	0.8995
67
0404	0.1348	0.9667	0.3966	0.9020	0.1231s	0.3745	0.9010	0.8954
68
0405	0.1432	0.9833	0.4008	0.9020	0.1221s	0.3790	0.8990	0.8928
69
0406	0.1338	0.9667	0.3948	0.9020	0.1221s	0.3745	0.9010	0.8950
70
0407	0.1171	0.9750	0.3838	0.9040	0.1196s	0.3650	0.9060	0.9004
71
0408	0.1159	0.9917	0.3758	0.9080	0.1249s	0.3583	0.9100	0.9049
72
0409	0.1515	0.9833	0.3707	0.9100	0.1220s	0.3512	0.9150	0.9105
73
0410	0.1497	0.9833	0.3673	0.9120	0.1224s	0.3474	0.9130	0.9090
74
0411	0.1512	0.9750	0.3678	0.9120	0.1222s	0.3467	0.9130	0.9090
75
0412	0.1154	1.0000	0.3697	0.9100	0.1219s	0.3484	0.9130	0.9088
76
0413	0.1170	0.9917	0.3759	0.9100	0.1219s	0.3544	0.9090	0.9039
77
0414	0.1310	1.0000	0.3876	0.9000	0.1220s	0.3663	0.9040	0.8979
78
0415	0.1383	0.9667	0.4009	0.9000	0.1219s	0.3794	0.8940	0.8872
79
0416	0.1310	0.9833	0.4024	0.9000	0.1218s	0.3813	0.8950	0.8882
80
0417	0.1430	0.9833	0.3913	0.8980	0.1218s	0.3710	0.9010	0.8950
81
0418	0.1225	0.9667	0.3807	0.9060	0.1224s	0.3605	0.9070	0.9017
82
0419	0.1258	1.0000	0.3743	0.9140	0.1221s	0.3541	0.9140	0.9093
83
0420	0.1473	0.9667	0.3722	0.9140	0.1043s	0.3500	0.9130	0.9084
84
0421	0.1410	0.9917	0.3736	0.9120	0.1045s	0.3488	0.9140	0.9093
85
0422	0.1295	0.9833	0.3791	0.9100	0.1224s	0.3535	0.9090	0.9035
86
0423	0.1316	1.0000	0.3937	0.9040	0.1087s	0.3671	0.9030	0.8974
87
0424	0.1361	0.9667	0.4047	0.8980	0.1222s	0.3771	0.8960	0.8893
88
0425	0.1367	0.9833	0.4059	0.8980	0.1217s	0.3772	0.8920	0.8854
89
0426	0.1206	0.9833	0.4010	0.8960	0.1219s	0.3715	0.8930	0.8872
90
0427	0.1566	0.9667	0.3898	0.9060	0.1217s	0.3585	0.8990	0.8940
91
0428	0.1433	0.9500	0.3779	0.9040	0.1251s	0.3446	0.9050	0.9005
92
0429	0.1093	1.0000	0.3737	0.9060	0.1209s	0.3400	0.9020	0.8976
93
0430	0.1448	0.9667	0.3735	0.9080	0.1214s	0.3410	0.9100	0.9060
94
0431	0.1434	0.9667	0.3779	0.9080	0.1219s	0.3475	0.9190	0.9148
95
0432	0.1378	0.9500	0.3912	0.9100	0.1222s	0.3621	0.9080	0.9023
96
0433	0.1408	0.9917	0.4083	0.9000	0.1215s	0.3782	0.9010	0.8938
97
0434	0.1332	0.9833	0.4150	0.8960	0.1221s	0.3840	0.8960	0.8886
98
0435	0.1466	0.9500	0.4012	0.9020	0.1220s	0.3715	0.8990	0.8928
99
0436	0.1408	0.9833	0.3934	0.9060	0.1175s	0.3646	0.9000	0.8945
100
0437	0.1238	0.9917	0.3835	0.9080	0.1218s	0.3562	0.9040	0.8993
101
0438	0.1168	0.9917	0.3772	0.9080	0.1222s	0.3497	0.9050	0.9008
102
0439	0.1289	0.9833	0.3751	0.9040	0.1220s	0.3472	0.9030	0.8988
103
0440	0.1683	0.9667	0.3746	0.9020	0.1211s	0.3480	0.9090	0.9048
104
0441	0.1166	0.9833	0.3778	0.9020	0.1219s	0.3519	0.9080	0.9035
105
0442	0.1417	0.9833	0.3880	0.9000	0.1222s	0.3605	0.9090	0.9040
106
0443	0.1234	0.9750	0.4010	0.9020	0.1221s	0.3711	0.9020	0.8953
107
0444	0.1322	0.9833	0.4117	0.8920	0.1225s	0.3796	0.8970	0.8899
108
0445	0.1427	0.9917	0.4048	0.8960	0.1225s	0.3726	0.9000	0.8932
109
0446	0.1475	0.9750	0.3888	0.8980	0.1223s	0.3569	0.9060	0.9004
110
0447	0.1177	0.9750	0.3799	0.9020	0.1218s	0.3484	0.9110	0.9063
111
0448	0.1304	0.9750	0.3773	0.9060	0.1216s	0.3459	0.9130	0.9087
112
0449	0.1145	1.0000	0.3760	0.9080	0.1224s	0.3462	0.9120	0.9078
113
0450	0.1083	1.0000	0.3771	0.8980	0.1248s	0.3500	0.9100	0.9056
114
0451	0.1128	1.0000	0.3787	0.9020	0.1214s	0.3556	0.9090	0.9041
115
0452	0.1447	0.9667	0.3868	0.9000	0.1220s	0.3678	0.9020	0.8969
116
0453	0.1420	0.9667	0.3943	0.8960	0.1048s	0.3776	0.8990	0.8938
117
0454	0.1487	0.9583	0.3959	0.8960	0.1221s	0.3797	0.8980	0.8927
118
0455	0.1541	0.9667	0.3912	0.9000	0.1200s	0.3738	0.9020	0.8969
119
0456	0.1418	0.9750	0.3840	0.9000	0.1218s	0.3637	0.9030	0.8980
120
0457	0.1414	0.9750	0.3801	0.9020	0.1216s	0.3552	0.9100	0.9052
121
0458	0.1294	0.9750	0.3816	0.9040	0.1221s	0.3543	0.9110	0.9063
122
0459	0.1538	0.9917	0.3843	0.9040	0.1218s	0.3563	0.9110	0.9061
123
0460	0.1159	0.9917	0.3875	0.9020	0.1220s	0.3614	0.9110	0.9059
124
0461	0.1296	1.0000	0.3938	0.9000	0.1221s	0.3706	0.9060	0.9006
125
0462	0.1499	0.9833	0.3962	0.9000	0.1221s	0.3746	0.9050	0.8998
126
0463	0.1287	0.9750	0.3955	0.9020	0.1219s	0.3754	0.9060	0.9009
127
0464	0.1358	0.9917	0.3908	0.9060	0.1235s	0.3730	0.9080	0.9025
128
0465	0.1461	0.9833	0.3848	0.9040	0.1218s	0.3679	0.9120	0.9072
129
0466	0.1136	0.9833	0.3787	0.9020	0.1216s	0.3605	0.9120	0.9079
130
0467	0.1232	0.9667	0.3763	0.9040	0.1221s	0.3557	0.9100	0.9056
131
0468	0.1404	0.9917	0.3755	0.9020	0.1221s	0.3519	0.9160	0.9117
132
0469	0.1368	0.9833	0.3785	0.8980	0.1219s	0.3535	0.9140	0.9093
133
0470	0.1307	0.9833	0.3825	0.9040	0.1219s	0.3571	0.9120	0.9070
134
0471	0.1273	0.9833	0.3882	0.9080	0.1219s	0.3623	0.9070	0.9015
135
0472	0.1591	0.9833	0.3922	0.9060	0.1225s	0.3645	0.9020	0.8962
136
0473	0.1476	0.9750	0.3920	0.9000	0.1220s	0.3625	0.9040	0.8981
137
0474	0.1282	0.9917	0.3887	0.9020	0.1212s	0.3586	0.9100	0.9046
138
0475	0.1265	0.9750	0.3870	0.9020	0.1073s	0.3566	0.9110	0.9057
139
0476	0.1145	0.9833	0.3834	0.9000	0.1221s	0.3537	0.9120	0.9068
140
0477	0.1385	0.9500	0.3820	0.8960	0.1207s	0.3541	0.9100	0.9047
141
0478	0.1378	0.9750	0.3822	0.8920	0.1217s	0.3555	0.9070	0.9013
142
0479	0.1250	0.9917	0.3858	0.9000	0.1217s	0.3594	0.9020	0.8959
143
0480	0.1419	0.9667	0.3905	0.9000	0.1216s	0.3634	0.9010	0.8948
144
0481	0.1631	0.9500	0.3975	0.9000	0.1215s	0.3695	0.8990	0.8927
145
0482	0.1311	1.0000	0.4006	0.8960	0.1218s	0.3710	0.9010	0.8950
146
0483	0.1179	0.9833	0.4001	0.8980	0.1220s	0.3700	0.9010	0.8950
147
0484	0.1392	0.9667	0.3933	0.8960	0.1218s	0.3622	0.9060	0.9004
148
0485	0.1251	0.9917	0.3866	0.8940	0.1219s	0.3543	0.9110	0.9059
149
0486	0.1444	0.9333	0.3840	0.8920	0.1219s	0.3489	0.9090	0.9040
150
0487	0.1380	0.9917	0.3865	0.8920	0.1217s	0.3491	0.9130	0.9083
151
0488	0.1120	0.9833	0.3935	0.8920	0.1226s	0.3556	0.9060	0.9014
152
0489	0.1444	0.9917	0.3993	0.8900	0.1221s	0.3631	0.9010	0.8958
153
0490	0.1310	0.9833	0.4005	0.8880	0.1223s	0.3661	0.9010	0.8951
154
0491	0.1288	0.9750	0.4006	0.8960	0.1222s	0.3689	0.8990	0.8929
155
0492	0.1441	0.9833	0.4008	0.8960	0.1219s	0.3710	0.9020	0.8957
156
0493	0.1249	1.0000	0.4051	0.8960	0.1225s	0.3767	0.9030	0.8966
157
0494	0.1425	0.9583	0.4080	0.8940	0.1224s	0.3800	0.9030	0.8963
158
0495	0.1323	0.9833	0.4062	0.8940	0.1231s	0.3784	0.9060	0.8996
159
0496	0.1238	0.9667	0.4010	0.8980	0.1047s	0.3728	0.9040	0.8978
160
0497	0.1164	1.0000	0.3967	0.8960	0.1195s	0.3679	0.9040	0.8979
161
0498	0.1260	0.9833	0.3946	0.8960	0.1216s	0.3658	0.9030	0.8971
162
0499	0.1505	0.9583	0.3971	0.8980	0.1222s	0.3678	0.9020	0.8960
163
0500	0.1362	0.9750	0.3962	0.8980	0.1224s	0.3673	0.8980	0.8916
164
0501	0.1154	0.9917	0.3957	0.8940	0.1219s	0.3676	0.8950	0.8884
165
0502	0.1445	0.9833	0.3930	0.8920	0.1221s	0.3653	0.8970	0.8909
166
0503	0.1677	0.9833	0.3850	0.8940	0.1218s	0.3581	0.9000	0.8944
167
0504	0.1273	0.9917	0.3826	0.8940	0.1217s	0.3568	0.9030	0.8974
168
0505	0.1529	0.9750	0.3815	0.8920	0.1215s	0.3563	0.9040	0.8985
169
0506	0.1364	0.9917	0.3850	0.8900	0.1109s	0.3597	0.9000	0.8943
170
0507	0.1363	0.9667	0.3968	0.8880	0.1197s	0.3717	0.8910	0.8853
171
0508	0.1325	0.9750	0.4159	0.8860	0.1218s	0.3903	0.8850	0.8781
172
0509	0.1305	0.9917	0.4296	0.8800	0.1216s	0.4036	0.8820	0.8746
173
0510	0.1495	0.9750	0.4201	0.8840	0.1222s	0.3956	0.8840	0.8769
174
0511	0.1388	0.9917	0.4019	0.8900	0.1226s	0.3800	0.8910	0.8840
175
0512	0.1196	0.9750	0.3828	0.8980	0.1218s	0.3632	0.9010	0.8950
176
0513	0.1250	0.9917	0.3749	0.9040	0.1223s	0.3574	0.9030	0.8977
177
0514	0.1198	1.0000	0.3750	0.9000	0.1224s	0.3589	0.9040	0.8991
178
0515	0.1217	0.9917	0.3763	0.9000	0.1217s	0.3617	0.9040	0.8997
179
0516	0.1533	0.9833	0.3736	0.9000	0.1220s	0.3600	0.9040	0.8996
180
0517	0.1534	0.9833	0.3780	0.8960	0.1219s	0.3657	0.8950	0.8894
181
0518	0.1273	0.9667	0.3931	0.8900	0.1221s	0.3799	0.8900	0.8842
182
0519	0.1233	1.0000	0.4084	0.8840	0.1220s	0.3926	0.8850	0.8786
183
0520	0.1317	0.9917	0.4161	0.8860	0.1218s	0.3977	0.8850	0.8785
184
0521	0.1432	1.0000	0.3974	0.8920	0.1219s	0.3783	0.8940	0.8875
185
0522	0.1526	0.9917	0.3809	0.9020	0.1224s	0.3613	0.8990	0.8930
186
0523	0.1234	0.9667	0.3727	0.9020	0.1221s	0.3532	0.9020	0.8968
187
0524	0.1518	0.9500	0.3769	0.9020	0.1220s	0.3588	0.9010	0.8960
188
0525	0.1314	0.9833	0.3858	0.9000	0.1216s	0.3674	0.8990	0.8936
189
0526	0.1446	0.9917	0.3923	0.8980	0.1207s	0.3718	0.9010	0.8950
190
0527	0.1391	0.9917	0.3979	0.8980	0.1209s	0.3748	0.9050	0.8989
191
0528	0.1226	0.9750	0.4055	0.8920	0.1220s	0.3801	0.8990	0.8922
192
0529	0.1030	1.0000	0.4174	0.8880	0.1220s	0.3895	0.8920	0.8843
193
0530	0.1082	0.9833	0.4294	0.8820	0.1216s	0.3994	0.8920	0.8847
194
0531	0.1179	0.9917	0.4315	0.8800	0.1224s	0.4012	0.8900	0.8831
195
0532	0.1531	0.9917	0.4234	0.8820	0.1221s	0.3934	0.8880	0.8822
196
0533	0.1721	0.9917	0.4062	0.8880	0.1219s	0.3773	0.8950	0.8886
197
0534	0.1251	0.9833	0.3950	0.9020	0.1217s	0.3670	0.8990	0.8933
198
0535	0.1421	0.9833	0.3910	0.9020	0.1218s	0.3629	0.9020	0.8964
199
Early stop! Min loss:0.36129096150398254,  Max accuracy:0.916
Early stop model validation loss:0.36129096150398254,  accuracy:0.904
Optimization Finished!
Total time elapsed: 64.7812s
test max acc:0.9190
Loading 334th epoch
stru_node_to_hop attention:tensor([[0.2495, 0.2503, 0.2499, 0.2503],
        [0.2502, 0.2499, 0.2499, 0.2499],
        [0.2486, 0.2509, 0.2503, 0.2502],
        [0.2503, 0.2507, 0.2498, 0.2492],
        [0.2498, 0.2497, 0.2501, 0.2504],
        [0.2513, 0.2497, 0.2495, 0.2494],
        [0.2503, 0.2501, 0.2499, 0.2497],
        [0.2488, 0.2508, 0.2503, 0.2501],
        [0.2473, 0.2517, 0.2506, 0.2504],
        [0.2484, 0.2511, 0.2503, 0.2501],
        [0.2482, 0.2508, 0.2505, 0.2505],
        [0.2503, 0.2498, 0.2499, 0.2500],
        [0.2506, 0.2498, 0.2498, 0.2498],
        [0.2498, 0.2504, 0.2500, 0.2498],
        [0.2497, 0.2503, 0.2501, 0.2499],
        [0.2495, 0.2508, 0.2500, 0.2497],
        [0.2487, 0.2509, 0.2503, 0.2501],
        [0.2477, 0.2514, 0.2506, 0.2504],
        [0.2497, 0.2502, 0.2501, 0.2500],
        [0.2512, 0.2500, 0.2496, 0.2492],
        [0.2499, 0.2501, 0.2500, 0.2500],
        [0.2479, 0.2513, 0.2505, 0.2503],
        [0.2496, 0.2500, 0.2501, 0.2502],
        [0.2491, 0.2506, 0.2502, 0.2502],
        [0.2499, 0.2500, 0.2500, 0.2500],
        [0.2482, 0.2508, 0.2506, 0.2504],
        [0.2500, 0.2500, 0.2500, 0.2500],
        [0.2477, 0.2510, 0.2507, 0.2505],
        [0.2497, 0.2501, 0.2501, 0.2502],
        [0.2504, 0.2506, 0.2497, 0.2493],
        [0.2487, 0.2508, 0.2503, 0.2502],
        [0.2470, 0.2507, 0.2511, 0.2512],
        [0.2481, 0.2512, 0.2505, 0.2503],
        [0.2500, 0.2501, 0.2499, 0.2500],
        [0.2493, 0.2511, 0.2500, 0.2496],
        [0.2501, 0.2500, 0.2500, 0.2500],
        [0.2501, 0.2500, 0.2500, 0.2499],
        [0.2496, 0.2502, 0.2501, 0.2502],
        [0.2489, 0.2505, 0.2504, 0.2502],
        [0.2517, 0.2506, 0.2490, 0.2487],
        [0.2500, 0.2500, 0.2500, 0.2500],
        [0.2501, 0.2500, 0.2500, 0.2499],
        [0.2488, 0.2508, 0.2502, 0.2502],
        [0.2499, 0.2501, 0.2501, 0.2500],
        [0.2506, 0.2499, 0.2497, 0.2498],
        [0.1542, 0.1920, 0.2773, 0.3765],
        [0.2498, 0.2500, 0.2501, 0.2501],
        [0.2497, 0.2500, 0.2501, 0.2502],
        [0.2520, 0.2496, 0.2493, 0.2491],
        [0.2499, 0.2501, 0.2500, 0.2500],
        [0.2489, 0.2506, 0.2503, 0.2502],
        [0.2497, 0.2502, 0.2500, 0.2500],
        [0.2500, 0.2500, 0.2500, 0.2500],
        [0.2503, 0.2499, 0.2500, 0.2499],
        [0.2476, 0.2513, 0.2507, 0.2504],
        [0.2472, 0.2512, 0.2507, 0.2509],
        [0.2491, 0.2520, 0.2498, 0.2491],
        [0.2491, 0.2503, 0.2504, 0.2503],
        [0.2477, 0.2513, 0.2506, 0.2504],
        [0.2471, 0.2519, 0.2506, 0.2504],
        [0.2478, 0.2511, 0.2506, 0.2504],
        [0.2473, 0.2514, 0.2507, 0.2506],
        [0.2488, 0.2509, 0.2502, 0.2501],
        [0.2516, 0.2507, 0.2493, 0.2484],
        [0.2499, 0.2501, 0.2500, 0.2499],
        [0.2476, 0.2506, 0.2509, 0.2509],
        [0.2475, 0.2519, 0.2505, 0.2501],
        [0.2481, 0.2504, 0.2507, 0.2508],
        [0.2499, 0.2501, 0.2500, 0.2500],
        [0.2477, 0.2506, 0.2509, 0.2508],
        [0.2495, 0.2506, 0.2500, 0.2498],
        [0.2496, 0.2499, 0.2502, 0.2503],
        [0.2484, 0.2511, 0.2505, 0.2500],
        [0.2490, 0.2511, 0.2502, 0.2497],
        [0.2499, 0.2500, 0.2501, 0.2500],
        [0.2497, 0.2501, 0.2501, 0.2501],
        [0.2516, 0.2497, 0.2495, 0.2492],
        [0.2513, 0.2491, 0.2497, 0.2499],
        [0.2499, 0.2500, 0.2500, 0.2500],
        [0.2476, 0.2507, 0.2508, 0.2508],
        [0.2503, 0.2503, 0.2499, 0.2495],
        [0.2484, 0.2511, 0.2504, 0.2502],
        [0.2507, 0.2499, 0.2497, 0.2496],
        [0.2486, 0.2506, 0.2504, 0.2504],
        [0.2492, 0.2505, 0.2502, 0.2502],
        [0.2500, 0.2500, 0.2500, 0.2500],
        [0.2495, 0.2504, 0.2500, 0.2501],
        [0.2510, 0.2495, 0.2497, 0.2498],
        [0.2499, 0.2503, 0.2499, 0.2498],
        [0.2509, 0.2497, 0.2498, 0.2495],
        [0.2482, 0.2506, 0.2506, 0.2506],
        [0.2497, 0.2502, 0.2501, 0.2501],
        [0.2498, 0.2501, 0.2500, 0.2500],
        [0.2497, 0.2501, 0.2501, 0.2501],
        [0.2498, 0.2501, 0.2500, 0.2500],
        [0.2499, 0.2500, 0.2500, 0.2500],
        [0.2482, 0.2509, 0.2505, 0.2505],
        [0.2521, 0.2495, 0.2493, 0.2492],
        [0.2481, 0.2507, 0.2506, 0.2506],
        [0.2501, 0.2504, 0.2498, 0.2496]], device='cuda:1')
fea_node_to_hop attention:tensor([[0.3340, 0.3322, 0.3338],
        [0.3329, 0.3336, 0.3335],
        [0.3336, 0.3320, 0.3345],
        [0.3292, 0.3357, 0.3351],
        [0.3318, 0.3339, 0.3343],
        [0.3328, 0.3313, 0.3359],
        [0.3278, 0.3342, 0.3380],
        [0.3305, 0.3344, 0.3351],
        [0.3236, 0.3382, 0.3383],
        [0.3306, 0.3338, 0.3356],
        [0.3285, 0.3358, 0.3357],
        [0.3350, 0.3318, 0.3332],
        [0.3345, 0.3322, 0.3334],
        [0.3322, 0.3338, 0.3341],
        [0.3299, 0.3338, 0.3363],
        [0.3319, 0.3338, 0.3343],
        [0.3275, 0.3345, 0.3381],
        [0.3288, 0.3344, 0.3368],
        [0.3317, 0.3339, 0.3344],
        [0.3311, 0.3335, 0.3354],
        [0.3327, 0.3337, 0.3336],
        [0.3326, 0.3324, 0.3350],
        [0.3322, 0.3341, 0.3336],
        [0.3334, 0.3326, 0.3340],
        [0.3335, 0.3333, 0.3332],
        [0.3302, 0.3337, 0.3362],
        [0.3337, 0.3329, 0.3334],
        [0.3311, 0.3347, 0.3342],
        [0.3318, 0.3344, 0.3337],
        [0.3317, 0.3335, 0.3348],
        [0.3274, 0.3356, 0.3369],
        [0.3297, 0.3351, 0.3353],
        [0.3310, 0.3345, 0.3345],
        [0.3327, 0.3340, 0.3333],
        [0.3350, 0.3322, 0.3328],
        [0.3321, 0.3337, 0.3342],
        [0.3321, 0.3339, 0.3340],
        [0.3333, 0.3322, 0.3344],
        [0.3296, 0.3346, 0.3358],
        [0.3292, 0.3355, 0.3353],
        [0.3345, 0.3331, 0.3323],
        [0.3343, 0.3323, 0.3334],
        [0.3295, 0.3350, 0.3355],
        [0.3325, 0.3337, 0.3338],
        [0.3326, 0.3331, 0.3343],
        [0.3539, 0.3166, 0.3295],
        [0.3329, 0.3334, 0.3338],
        [0.3309, 0.3346, 0.3345],
        [0.3317, 0.3336, 0.3347],
        [0.3340, 0.3329, 0.3331],
        [0.3332, 0.3334, 0.3334],
        [0.3331, 0.3332, 0.3337],
        [0.3333, 0.3333, 0.3333],
        [0.3311, 0.3344, 0.3345],
        [0.3327, 0.3340, 0.3333],
        [0.3330, 0.3325, 0.3345],
        [0.3314, 0.3344, 0.3341],
        [0.3288, 0.3358, 0.3353],
        [0.3331, 0.3319, 0.3349],
        [0.3320, 0.3328, 0.3352],
        [0.3317, 0.3333, 0.3351],
        [0.3299, 0.3339, 0.3362],
        [0.3326, 0.3334, 0.3341],
        [0.3325, 0.3335, 0.3340],
        [0.3321, 0.3337, 0.3343],
        [0.3288, 0.3348, 0.3363],
        [0.3305, 0.3347, 0.3348],
        [0.3307, 0.3345, 0.3348],
        [0.3331, 0.3331, 0.3339],
        [0.3253, 0.3383, 0.3364],
        [0.3309, 0.3344, 0.3347],
        [0.3319, 0.3343, 0.3338],
        [0.3295, 0.3341, 0.3364],
        [0.3290, 0.3349, 0.3361],
        [0.3315, 0.3337, 0.3348],
        [0.3321, 0.3334, 0.3345],
        [0.3323, 0.3328, 0.3348],
        [0.3311, 0.3340, 0.3349],
        [0.3336, 0.3329, 0.3335],
        [0.3311, 0.3340, 0.3348],
        [0.3311, 0.3340, 0.3350],
        [0.3293, 0.3355, 0.3353],
        [0.3311, 0.3339, 0.3350],
        [0.3286, 0.3349, 0.3365],
        [0.3320, 0.3338, 0.3342],
        [0.3334, 0.3326, 0.3340],
        [0.3306, 0.3350, 0.3344],
        [0.3341, 0.3329, 0.3330],
        [0.3333, 0.3329, 0.3338],
        [0.3311, 0.3337, 0.3352],
        [0.3294, 0.3353, 0.3353],
        [0.3325, 0.3337, 0.3338],
        [0.3324, 0.3338, 0.3338],
        [0.3316, 0.3345, 0.3340],
        [0.3332, 0.3329, 0.3339],
        [0.3328, 0.3335, 0.3337],
        [0.3329, 0.3332, 0.3339],
        [0.3317, 0.3339, 0.3344],
        [0.3295, 0.3355, 0.3350],
        [0.3332, 0.3333, 0.3335]], device='cuda:1')
perception attention:tensor([0.5000, 0.5000], device='cuda:1')
Test set results: loss= 0.3402 accuracy= 0.9080 F1_score= 0.9029
