# epoch	loss_train	acc_train	loss_val	acc_val	time	acc_test	f1_test
0001	1.7969	0.1500	1.6872	0.3920	0.1064s	1.6775	0.3990	0.2863
0
0002	1.6824	0.4667	1.5307	0.4520	0.1190s	1.5047	0.4420	0.3307
0
0003	1.5376	0.4667	1.3610	0.5340	0.1220s	1.3326	0.5640	0.5048
0
0004	1.3558	0.5917	1.1695	0.7820	0.1231s	1.1460	0.8000	0.7850
0
0005	1.1312	0.7750	0.9939	0.8940	0.1210s	0.9733	0.8830	0.8753
0
0006	0.9815	0.8167	0.8515	0.8700	0.1217s	0.8315	0.8860	0.8800
0
0007	0.8283	0.8417	0.7281	0.8780	0.1222s	0.7079	0.8900	0.8839
0
0008	0.7066	0.8583	0.6309	0.8780	0.1223s	0.6097	0.8910	0.8835
0
0009	0.6075	0.8667	0.5601	0.8900	0.1232s	0.5407	0.8950	0.8871
0
0010	0.5424	0.9500	0.5046	0.8860	0.1223s	0.4879	0.8910	0.8831
0
0011	0.4526	0.9167	0.4582	0.8960	0.1226s	0.4391	0.8960	0.8891
0
0012	0.4006	0.9250	0.4286	0.8940	0.1235s	0.4053	0.9050	0.8990
0
0013	0.3326	0.9500	0.4167	0.8820	0.1215s	0.3894	0.8970	0.8900
0
0014	0.3443	0.9083	0.4099	0.8800	0.1225s	0.3781	0.8950	0.8886
0
0015	0.2963	0.9500	0.4004	0.8940	0.1220s	0.3650	0.8950	0.8889
0
0016	0.2854	0.9167	0.3919	0.8960	0.1220s	0.3552	0.8960	0.8900
0
0017	0.2548	0.9333	0.3847	0.9000	0.1233s	0.3477	0.8970	0.8907
0
0018	0.2445	0.9417	0.3825	0.8980	0.1252s	0.3463	0.9000	0.8934
0
0019	0.2445	0.9333	0.3901	0.8820	0.1218s	0.3546	0.8980	0.8920
0
0020	0.2203	0.9917	0.3975	0.8740	0.1233s	0.3612	0.8940	0.8870
1
0021	0.2068	0.9750	0.4035	0.8780	0.1221s	0.3655	0.8960	0.8880
2
0022	0.1979	0.9667	0.4115	0.8740	0.1220s	0.3716	0.8960	0.8887
3
0023	0.2235	0.9417	0.4116	0.8760	0.1222s	0.3707	0.8960	0.8891
4
0024	0.1798	0.9833	0.4077	0.8860	0.1221s	0.3666	0.8940	0.8869
5
0025	0.1846	0.9750	0.4020	0.8880	0.1222s	0.3618	0.8930	0.8860
6
0026	0.2111	0.9500	0.3949	0.8960	0.1227s	0.3550	0.8920	0.8857
7
0027	0.1873	0.9083	0.3939	0.9020	0.1221s	0.3536	0.8910	0.8852
8
0028	0.1952	0.9583	0.3943	0.8980	0.1220s	0.3551	0.8920	0.8861
0
0029	0.1778	0.9917	0.3970	0.8940	0.1056s	0.3592	0.8940	0.8883
1
0030	0.1695	0.9750	0.4061	0.8840	0.1193s	0.3702	0.8900	0.8835
2
0031	0.1555	0.9833	0.4255	0.8780	0.1221s	0.3915	0.8840	0.8759
3
0032	0.1742	0.9500	0.4394	0.8700	0.1220s	0.4064	0.8770	0.8682
4
0033	0.1754	0.9833	0.4344	0.8700	0.1226s	0.4011	0.8800	0.8713
5
0034	0.1757	0.9750	0.4227	0.8800	0.1218s	0.3890	0.8840	0.8756
6
0035	0.2002	0.9917	0.4180	0.8840	0.1218s	0.3847	0.8870	0.8794
7
0036	0.1531	0.9833	0.4169	0.8820	0.1217s	0.3843	0.8880	0.8808
8
0037	0.1614	0.9750	0.4148	0.8840	0.1240s	0.3827	0.8910	0.8841
9
0038	0.1649	0.9667	0.4097	0.8820	0.1222s	0.3792	0.8900	0.8830
10
0039	0.1779	0.9583	0.4038	0.8880	0.1218s	0.3749	0.8870	0.8798
11
0040	0.1453	0.9667	0.4010	0.8880	0.1222s	0.3738	0.8870	0.8806
12
0041	0.1562	0.9750	0.4000	0.8860	0.1230s	0.3740	0.8900	0.8837
13
0042	0.1792	0.9750	0.3998	0.8880	0.1217s	0.3744	0.8920	0.8860
14
0043	0.1639	0.9667	0.4029	0.8880	0.1224s	0.3766	0.8920	0.8855
15
0044	0.1586	0.9833	0.4082	0.8860	0.1219s	0.3798	0.8890	0.8818
16
0045	0.1693	0.9833	0.4133	0.8840	0.1217s	0.3830	0.8910	0.8837
17
0046	0.1796	0.9833	0.4155	0.8820	0.1079s	0.3851	0.8900	0.8826
18
0047	0.1599	0.9750	0.4177	0.8800	0.1018s	0.3882	0.8900	0.8826
19
0048	0.1417	0.9833	0.4227	0.8800	0.0972s	0.3941	0.8910	0.8833
20
0049	0.1569	0.9833	0.4275	0.8800	0.0974s	0.4012	0.8890	0.8804
21
0050	0.1582	0.9667	0.4209	0.8820	0.1158s	0.3976	0.8870	0.8790
22
0051	0.1695	0.9750	0.4068	0.8800	0.1270s	0.3868	0.8920	0.8852
23
0052	0.1464	0.9833	0.3935	0.8860	0.1222s	0.3749	0.8910	0.8846
24
0053	0.1362	0.9917	0.3850	0.8900	0.1227s	0.3662	0.8930	0.8873
25
0054	0.1543	1.0000	0.3806	0.8900	0.1221s	0.3605	0.8920	0.8871
26
0055	0.1466	0.9917	0.3792	0.8940	0.1221s	0.3569	0.8940	0.8891
0
0056	0.1614	0.9583	0.3791	0.9000	0.1224s	0.3524	0.8970	0.8914
0
0057	0.1631	0.9833	0.3816	0.8980	0.1218s	0.3512	0.8980	0.8920
0
0058	0.1657	0.9667	0.3859	0.8980	0.1221s	0.3531	0.9000	0.8942
1
0059	0.1943	0.9917	0.3901	0.8960	0.1222s	0.3566	0.9000	0.8938
2
0060	0.1620	0.9917	0.3954	0.8940	0.1233s	0.3617	0.8950	0.8882
3
0061	0.1469	1.0000	0.3979	0.8900	0.1225s	0.3647	0.8950	0.8883
4
0062	0.1475	0.9833	0.3937	0.8840	0.1221s	0.3624	0.8940	0.8874
5
0063	0.1610	0.9750	0.3878	0.8900	0.1213s	0.3583	0.8990	0.8928
6
0064	0.1733	0.9917	0.3796	0.8940	0.1214s	0.3514	0.8990	0.8933
7
0065	0.1524	0.9833	0.3749	0.8920	0.1044s	0.3470	0.9000	0.8949
8
0066	0.1592	0.9583	0.3714	0.8980	0.1188s	0.3421	0.9030	0.8983
0
0067	0.1627	0.9833	0.3690	0.8980	0.1221s	0.3377	0.9020	0.8970
0
0068	0.1718	0.9833	0.3694	0.9040	0.1196s	0.3355	0.9030	0.8977
0
0069	0.1557	0.9667	0.3763	0.9000	0.1057s	0.3406	0.9010	0.8956
0
0070	0.1313	0.9750	0.3876	0.8920	0.1221s	0.3507	0.8950	0.8885
1
0071	0.1516	0.9917	0.3971	0.8840	0.1089s	0.3605	0.8980	0.8917
2
0072	0.1532	0.9917	0.3982	0.8840	0.1220s	0.3627	0.8960	0.8889
3
0073	0.1494	0.9667	0.3972	0.8860	0.1221s	0.3615	0.8980	0.8913
4
0074	0.1681	0.9833	0.3906	0.8920	0.1218s	0.3540	0.9040	0.8981
5
0075	0.1651	0.9750	0.3849	0.8960	0.1214s	0.3458	0.9060	0.9006
6
0076	0.1399	0.9917	0.3819	0.8980	0.1215s	0.3409	0.9080	0.9028
7
0077	0.1489	0.9750	0.3809	0.9000	0.1221s	0.3391	0.9070	0.9020
8
0078	0.1493	0.9750	0.3830	0.9020	0.1232s	0.3409	0.9040	0.8988
9
0079	0.1290	1.0000	0.3884	0.9040	0.1222s	0.3459	0.9030	0.8980
10
0080	0.1657	0.9917	0.3984	0.8960	0.1221s	0.3539	0.8960	0.8898
0
0081	0.1403	0.9917	0.4117	0.8880	0.1224s	0.3664	0.8930	0.8861
1
0082	0.1409	0.9750	0.4246	0.8780	0.1222s	0.3781	0.8940	0.8871
2
0083	0.1444	0.9667	0.4307	0.8840	0.1227s	0.3839	0.8950	0.8873
3
0084	0.1425	0.9833	0.4264	0.8860	0.1221s	0.3788	0.8940	0.8865
4
0085	0.1363	0.9833	0.4135	0.8900	0.1217s	0.3666	0.8970	0.8902
5
0086	0.1608	0.9917	0.4014	0.8900	0.1049s	0.3560	0.9030	0.8969
6
0087	0.1392	0.9917	0.3941	0.8960	0.1216s	0.3508	0.8990	0.8930
7
0088	0.1405	0.9833	0.3914	0.9000	0.1224s	0.3489	0.9000	0.8942
8
0089	0.1773	0.9667	0.3905	0.9000	0.1218s	0.3482	0.9010	0.8952
9
0090	0.1484	0.9833	0.3953	0.9000	0.1221s	0.3539	0.9040	0.8983
10
0091	0.1374	0.9667	0.4008	0.8960	0.1221s	0.3603	0.9020	0.8961
11
0092	0.1424	0.9750	0.4095	0.8880	0.1251s	0.3693	0.8970	0.8901
12
0093	0.1598	1.0000	0.4117	0.8860	0.1223s	0.3728	0.8970	0.8900
13
0094	0.1359	1.0000	0.4097	0.8920	0.1223s	0.3721	0.8960	0.8891
14
0095	0.1578	0.9833	0.3977	0.8960	0.1233s	0.3612	0.9000	0.8937
15
0096	0.1337	0.9833	0.3877	0.9020	0.1230s	0.3525	0.8990	0.8931
16
0097	0.1459	0.9750	0.3845	0.9060	0.1222s	0.3506	0.9020	0.8966
17
0098	0.1598	0.9667	0.3838	0.9060	0.1245s	0.3521	0.9040	0.8988
0
0099	0.1765	0.9833	0.3899	0.9000	0.1221s	0.3596	0.8960	0.8897
0
0100	0.1588	0.9500	0.4019	0.8900	0.1221s	0.3737	0.8920	0.8856
1
0101	0.1369	0.9917	0.4127	0.8880	0.1218s	0.3852	0.8900	0.8825
2
0102	0.1395	0.9833	0.4199	0.8840	0.1230s	0.3927	0.8900	0.8820
3
0103	0.1367	0.9750	0.4116	0.8880	0.1222s	0.3847	0.8910	0.8832
4
0104	0.1611	0.9667	0.3931	0.8920	0.1223s	0.3647	0.8970	0.8909
5
0105	0.1617	0.9750	0.3851	0.8960	0.1225s	0.3532	0.9000	0.8940
6
0106	0.1649	0.9583	0.3825	0.9020	0.1221s	0.3481	0.9030	0.8977
7
0107	0.1493	0.9833	0.3837	0.9060	0.1230s	0.3494	0.9040	0.8985
8
0108	0.1504	0.9667	0.3883	0.9000	0.1222s	0.3564	0.9010	0.8951
0
0109	0.1432	0.9750	0.3997	0.8880	0.1274s	0.3703	0.8930	0.8862
1
0110	0.1417	0.9917	0.4109	0.8900	0.1222s	0.3843	0.8920	0.8851
2
0111	0.1377	0.9750	0.4165	0.8800	0.1227s	0.3920	0.8910	0.8834
3
0112	0.1449	0.9667	0.4092	0.8880	0.1063s	0.3870	0.8920	0.8850
4
0113	0.1335	0.9750	0.3985	0.8940	0.1223s	0.3769	0.8990	0.8924
5
0114	0.1555	0.9917	0.3884	0.8960	0.1225s	0.3649	0.9030	0.8974
6
0115	0.1392	0.9833	0.3820	0.9000	0.1228s	0.3546	0.9000	0.8938
7
0116	0.1384	1.0000	0.3846	0.9020	0.1223s	0.3527	0.9040	0.8985
8
0117	0.1340	0.9917	0.3920	0.8960	0.1225s	0.3569	0.9000	0.8942
9
0118	0.1781	0.9833	0.3895	0.9040	0.1216s	0.3538	0.8990	0.8929
10
0119	0.1708	0.9917	0.3833	0.9040	0.1222s	0.3495	0.9020	0.8966
11
0120	0.1320	0.9833	0.3802	0.9060	0.1221s	0.3505	0.9000	0.8943
12
0121	0.1523	1.0000	0.3807	0.9100	0.1214s	0.3542	0.9030	0.8980
0
0122	0.1388	0.9917	0.3848	0.9000	0.1223s	0.3598	0.9040	0.8994
0
0123	0.1712	0.9750	0.3910	0.8900	0.1245s	0.3650	0.9030	0.8981
1
0124	0.1502	0.9583	0.3990	0.8860	0.1222s	0.3709	0.8970	0.8909
2
0125	0.1297	0.9917	0.3995	0.8880	0.1221s	0.3701	0.9000	0.8939
3
0126	0.1580	0.9833	0.3962	0.8920	0.1225s	0.3669	0.8980	0.8913
4
0127	0.1352	0.9833	0.3862	0.9040	0.1229s	0.3572	0.9000	0.8940
5
0128	0.1384	0.9833	0.3795	0.9060	0.1221s	0.3513	0.9030	0.8978
6
0129	0.1788	0.9750	0.3786	0.9100	0.1220s	0.3517	0.9070	0.9022
7
0130	0.1423	0.9917	0.3801	0.9060	0.1222s	0.3538	0.9060	0.9009
0
0131	0.1360	0.9917	0.3811	0.9040	0.1224s	0.3542	0.9060	0.9006
1
0132	0.1295	0.9583	0.3835	0.9040	0.1228s	0.3564	0.9060	0.9009
2
0133	0.1322	0.9917	0.3877	0.9020	0.1217s	0.3601	0.9070	0.9020
3
0134	0.1432	0.9833	0.3935	0.9000	0.1222s	0.3668	0.9040	0.8986
4
0135	0.1210	0.9917	0.3967	0.8960	0.1225s	0.3709	0.9020	0.8961
5
0136	0.1310	0.9917	0.3938	0.8980	0.1223s	0.3685	0.9020	0.8959
6
0137	0.1574	0.9500	0.3856	0.9000	0.1222s	0.3611	0.9040	0.8984
7
0138	0.1279	0.9833	0.3788	0.9060	0.1223s	0.3543	0.9070	0.9018
8
0139	0.1515	0.9833	0.3773	0.9080	0.1220s	0.3533	0.9050	0.8998
9
0140	0.1429	0.9750	0.3788	0.9080	0.1249s	0.3548	0.9060	0.9008
10
0141	0.1669	0.9833	0.3816	0.9040	0.1226s	0.3577	0.9050	0.8996
11
0142	0.1510	1.0000	0.3888	0.8980	0.1224s	0.3650	0.8990	0.8931
12
0143	0.1444	0.9750	0.3970	0.8920	0.1225s	0.3726	0.8990	0.8923
13
0144	0.1289	0.9833	0.4062	0.8840	0.1231s	0.3813	0.9000	0.8934
14
0145	0.1493	0.9917	0.4057	0.8900	0.1247s	0.3804	0.8970	0.8901
15
0146	0.1299	0.9917	0.3976	0.8960	0.1225s	0.3729	0.9000	0.8936
16
0147	0.1431	0.9667	0.3897	0.9000	0.1221s	0.3652	0.9020	0.8964
17
0148	0.1564	0.9750	0.3818	0.9080	0.1218s	0.3579	0.9030	0.8979
18
0149	0.1232	0.9667	0.3793	0.9080	0.1223s	0.3549	0.9040	0.8987
19
0150	0.1395	0.9917	0.3789	0.9040	0.1222s	0.3553	0.8990	0.8935
20
0151	0.1525	0.9583	0.3792	0.8980	0.1220s	0.3571	0.9000	0.8944
21
0152	0.1506	0.9583	0.3813	0.8980	0.1232s	0.3583	0.9010	0.8957
22
0153	0.1287	0.9917	0.3831	0.9020	0.1203s	0.3593	0.8990	0.8934
23
0154	0.1210	1.0000	0.3868	0.9000	0.1046s	0.3617	0.8980	0.8920
24
0155	0.1391	0.9917	0.3941	0.8980	0.1210s	0.3680	0.8990	0.8927
25
0156	0.1569	0.9750	0.3993	0.8960	0.1225s	0.3737	0.9000	0.8939
26
0157	0.1707	0.9833	0.4011	0.8940	0.1219s	0.3777	0.9030	0.8971
27
0158	0.1325	0.9750	0.3996	0.8880	0.1045s	0.3785	0.9020	0.8957
28
0159	0.1458	0.9500	0.3901	0.8940	0.1221s	0.3710	0.9040	0.8985
29
0160	0.1441	1.0000	0.3836	0.8980	0.1224s	0.3631	0.9100	0.9049
30
0161	0.1435	0.9833	0.3788	0.9020	0.1045s	0.3553	0.9110	0.9064
31
0162	0.1464	0.9667	0.3808	0.9020	0.1226s	0.3528	0.9080	0.9028
32
0163	0.1214	0.9667	0.3855	0.9000	0.1268s	0.3532	0.9030	0.8970
33
0164	0.1479	0.9667	0.3963	0.8940	0.1215s	0.3605	0.9020	0.8956
34
0165	0.1758	0.9833	0.4043	0.8900	0.1222s	0.3665	0.8960	0.8892
35
0166	0.1173	1.0000	0.4115	0.8860	0.1260s	0.3723	0.8960	0.8891
36
0167	0.1437	0.9750	0.4056	0.8860	0.1226s	0.3672	0.8990	0.8924
37
0168	0.1272	1.0000	0.3973	0.8940	0.1224s	0.3603	0.9020	0.8962
38
0169	0.1299	0.9917	0.3888	0.8980	0.1048s	0.3539	0.9030	0.8974
39
0170	0.1499	0.9667	0.3856	0.9020	0.1195s	0.3526	0.9040	0.8988
40
0171	0.1475	0.9917	0.3881	0.9020	0.1249s	0.3554	0.9060	0.9007
41
0172	0.1295	0.9833	0.3871	0.9020	0.1225s	0.3539	0.9080	0.9025
42
0173	0.1366	0.9833	0.3890	0.9040	0.1222s	0.3549	0.9080	0.9027
43
0174	0.1390	1.0000	0.3911	0.9040	0.1220s	0.3569	0.9080	0.9027
44
0175	0.1395	0.9583	0.3972	0.8980	0.1222s	0.3626	0.9080	0.9025
45
0176	0.1302	0.9833	0.4039	0.8920	0.1229s	0.3700	0.9030	0.8973
46
0177	0.1421	0.9833	0.4106	0.8880	0.1233s	0.3774	0.9030	0.8972
47
0178	0.1542	0.9750	0.4128	0.8880	0.1223s	0.3803	0.9030	0.8971
48
0179	0.1477	1.0000	0.4078	0.8880	0.1224s	0.3778	0.9020	0.8961
49
0180	0.1355	1.0000	0.4048	0.8900	0.1225s	0.3778	0.9030	0.8972
50
0181	0.1437	0.9833	0.3944	0.8960	0.1228s	0.3712	0.9020	0.8965
51
0182	0.1323	0.9750	0.3864	0.8980	0.1220s	0.3669	0.9020	0.8965
52
0183	0.1535	0.9917	0.3828	0.9000	0.1080s	0.3665	0.9030	0.8977
53
0184	0.1219	0.9833	0.3840	0.8980	0.1221s	0.3709	0.9030	0.8974
54
0185	0.1223	1.0000	0.3871	0.8880	0.1221s	0.3755	0.9040	0.8986
55
0186	0.1302	0.9917	0.3922	0.8880	0.1222s	0.3810	0.9040	0.8987
56
0187	0.1405	0.9917	0.3979	0.8920	0.1216s	0.3854	0.9020	0.8963
57
0188	0.1318	0.9917	0.4019	0.8920	0.1230s	0.3865	0.9020	0.8962
58
0189	0.1430	0.9583	0.4004	0.9020	0.1223s	0.3813	0.8980	0.8914
59
0190	0.1169	0.9750	0.3960	0.9020	0.1219s	0.3735	0.8950	0.8883
60
0191	0.1221	0.9833	0.3901	0.9060	0.1220s	0.3664	0.8990	0.8933
61
0192	0.1360	0.9917	0.3859	0.9040	0.1221s	0.3638	0.9020	0.8966
62
0193	0.1263	0.9917	0.3843	0.9040	0.1224s	0.3658	0.9040	0.8986
63
0194	0.1167	0.9917	0.3910	0.8940	0.1223s	0.3764	0.9020	0.8965
64
0195	0.1319	0.9833	0.3966	0.8960	0.1222s	0.3847	0.9030	0.8977
65
0196	0.1380	0.9667	0.3956	0.8980	0.1219s	0.3844	0.9020	0.8964
66
0197	0.1307	0.9833	0.3923	0.8960	0.1224s	0.3802	0.9020	0.8967
67
0198	0.1323	1.0000	0.3820	0.8960	0.1222s	0.3667	0.9060	0.9006
68
0199	0.1437	1.0000	0.3761	0.9040	0.1234s	0.3559	0.9060	0.9005
69
0200	0.1255	0.9833	0.3753	0.9060	0.1217s	0.3513	0.9050	0.8996
70
0201	0.1284	0.9833	0.3796	0.9080	0.1223s	0.3534	0.9030	0.8974
71
0202	0.1405	0.9750	0.3885	0.9040	0.1221s	0.3622	0.8960	0.8897
72
0203	0.1328	0.9667	0.3967	0.9020	0.1221s	0.3726	0.8920	0.8855
73
0204	0.1434	0.9750	0.4029	0.8940	0.1223s	0.3830	0.8950	0.8892
74
0205	0.1159	0.9833	0.4058	0.8920	0.1219s	0.3899	0.8980	0.8921
75
0206	0.1211	0.9833	0.4095	0.8940	0.1222s	0.3971	0.9020	0.8959
76
0207	0.1449	0.9750	0.4038	0.8920	0.1212s	0.3944	0.9010	0.8945
77
0208	0.1378	0.9917	0.3941	0.8900	0.1221s	0.3842	0.9030	0.8972
78
0209	0.1659	0.9667	0.3800	0.8940	0.1222s	0.3693	0.9090	0.9039
79
0210	0.1577	0.9750	0.3679	0.9040	0.1048s	0.3544	0.9080	0.9031
80
0211	0.1325	0.9917	0.3630	0.9120	0.1169s	0.3457	0.9090	0.9037
0
0212	0.1454	0.9500	0.3670	0.9080	0.1221s	0.3470	0.9030	0.8976
0
0213	0.1457	0.9917	0.3780	0.9020	0.1221s	0.3570	0.9000	0.8940
1
0214	0.1354	0.9667	0.3878	0.8980	0.1048s	0.3666	0.8990	0.8931
2
0215	0.1512	0.9917	0.3909	0.9000	0.1190s	0.3720	0.8990	0.8932
3
0216	0.1105	0.9917	0.3919	0.8980	0.1213s	0.3758	0.9000	0.8943
4
0217	0.1426	0.9667	0.3870	0.8980	0.1216s	0.3740	0.9040	0.8986
5
0218	0.1197	0.9917	0.3898	0.8920	0.1211s	0.3775	0.9070	0.9016
6
0219	0.1328	0.9750	0.3831	0.8920	0.1224s	0.3705	0.9110	0.9062
7
0220	0.1405	0.9833	0.3725	0.8980	0.1223s	0.3581	0.9120	0.9072
8
0221	0.1376	0.9583	0.3643	0.9080	0.1227s	0.3469	0.9140	0.9092
9
0222	0.1192	0.9833	0.3675	0.9060	0.1219s	0.3483	0.9110	0.9059
10
0223	0.1428	0.9750	0.3783	0.9000	0.1226s	0.3593	0.9050	0.8994
11
0224	0.1544	0.9667	0.3877	0.8980	0.1224s	0.3686	0.8990	0.8930
12
0225	0.1639	0.9667	0.3998	0.8940	0.1221s	0.3800	0.8950	0.8884
13
0226	0.1185	1.0000	0.4070	0.8940	0.1220s	0.3871	0.8910	0.8842
14
0227	0.1333	0.9833	0.4069	0.8960	0.1221s	0.3882	0.8960	0.8896
15
0228	0.1369	0.9833	0.3967	0.8960	0.1215s	0.3803	0.9010	0.8949
16
0229	0.1302	0.9750	0.3798	0.9000	0.1217s	0.3654	0.9060	0.9003
17
0230	0.1254	0.9667	0.3734	0.8980	0.1210s	0.3589	0.9100	0.9049
18
0231	0.1189	0.9917	0.3723	0.9020	0.1217s	0.3569	0.9130	0.9076
19
0232	0.1605	0.9667	0.3729	0.9040	0.1217s	0.3574	0.9090	0.9040
20
0233	0.1324	1.0000	0.3757	0.9020	0.1207s	0.3609	0.9070	0.9017
21
0234	0.1421	0.9667	0.3828	0.9000	0.1217s	0.3685	0.9040	0.8982
22
0235	0.1523	0.9917	0.3903	0.8920	0.1211s	0.3757	0.9020	0.8959
23
0236	0.1254	0.9750	0.3966	0.8920	0.1218s	0.3821	0.9020	0.8958
24
0237	0.1337	0.9833	0.4012	0.8880	0.1044s	0.3870	0.8980	0.8915
25
0238	0.1457	0.9917	0.4009	0.8920	0.1208s	0.3859	0.8970	0.8910
26
0239	0.1268	0.9833	0.3930	0.8960	0.1214s	0.3779	0.8990	0.8932
27
0240	0.1237	0.9917	0.3839	0.9040	0.1223s	0.3668	0.9090	0.9039
28
0241	0.1373	0.9833	0.3816	0.9020	0.1046s	0.3623	0.9110	0.9060
29
0242	0.1205	0.9750	0.3822	0.9040	0.1045s	0.3605	0.9120	0.9066
30
0243	0.1477	0.9917	0.3855	0.9040	0.1268s	0.3618	0.9080	0.9023
31
0244	0.1310	0.9750	0.3941	0.8940	0.1222s	0.3695	0.9030	0.8967
32
0245	0.1263	0.9833	0.4070	0.8880	0.1222s	0.3807	0.8990	0.8928
33
0246	0.1352	0.9833	0.4094	0.8900	0.1224s	0.3811	0.9010	0.8947
34
0247	0.1397	0.9750	0.4038	0.8900	0.1222s	0.3745	0.8980	0.8914
35
0248	0.1424	0.9667	0.4001	0.8900	0.1222s	0.3700	0.8980	0.8916
36
0249	0.1315	0.9667	0.3980	0.8880	0.1221s	0.3677	0.8950	0.8886
37
0250	0.1354	0.9750	0.3964	0.8920	0.1221s	0.3651	0.8960	0.8899
38
0251	0.1266	1.0000	0.3971	0.8920	0.1222s	0.3646	0.8970	0.8912
39
0252	0.1484	0.9500	0.4024	0.8860	0.1221s	0.3688	0.8980	0.8920
40
0253	0.1221	0.9833	0.4033	0.8860	0.1217s	0.3693	0.8960	0.8896
41
0254	0.1305	0.9833	0.4055	0.8880	0.1220s	0.3710	0.8920	0.8852
42
0255	0.1200	0.9750	0.4069	0.8860	0.1215s	0.3725	0.8920	0.8851
43
0256	0.1189	0.9917	0.4096	0.8840	0.1220s	0.3757	0.8940	0.8876
44
0257	0.1397	0.9833	0.4016	0.8940	0.1218s	0.3704	0.8990	0.8929
45
0258	0.1255	0.9833	0.3950	0.9000	0.1222s	0.3668	0.8980	0.8919
46
0259	0.1307	0.9833	0.3933	0.8980	0.1215s	0.3676	0.8990	0.8927
47
0260	0.1185	0.9917	0.3930	0.8980	0.1226s	0.3687	0.9010	0.8952
48
0261	0.1192	0.9833	0.3879	0.8980	0.1221s	0.3643	0.9030	0.8971
49
0262	0.1254	0.9917	0.3847	0.8980	0.1225s	0.3614	0.9050	0.8997
50
0263	0.1393	0.9750	0.3828	0.8980	0.1049s	0.3585	0.9050	0.8999
51
0264	0.1293	0.9750	0.3835	0.8980	0.1197s	0.3576	0.9010	0.8955
52
0265	0.1356	0.9750	0.3954	0.8900	0.1044s	0.3683	0.8970	0.8910
53
0266	0.1176	0.9750	0.4042	0.8820	0.1219s	0.3785	0.8980	0.8918
54
0267	0.1230	0.9750	0.4144	0.8820	0.1044s	0.3905	0.8890	0.8828
55
0268	0.1245	0.9750	0.4280	0.8820	0.1224s	0.4049	0.8840	0.8778
56
0269	0.1212	0.9750	0.4232	0.8860	0.1222s	0.4003	0.8910	0.8841
57
0270	0.1194	0.9833	0.4110	0.8940	0.1237s	0.3888	0.8970	0.8901
58
0271	0.1236	0.9833	0.4019	0.8880	0.1217s	0.3804	0.9010	0.8943
59
0272	0.1410	0.9917	0.3955	0.8860	0.1221s	0.3730	0.9060	0.9000
60
0273	0.1366	0.9917	0.3850	0.8940	0.1216s	0.3618	0.9160	0.9115
61
0274	0.1518	0.9667	0.3782	0.9000	0.1220s	0.3535	0.9130	0.9083
62
0275	0.1321	0.9833	0.3805	0.9040	0.1227s	0.3552	0.9080	0.9033
63
0276	0.1444	0.9417	0.3852	0.9040	0.1223s	0.3608	0.9050	0.8996
64
0277	0.1386	1.0000	0.3907	0.8980	0.1217s	0.3688	0.9030	0.8976
65
0278	0.1275	0.9750	0.3952	0.8940	0.1221s	0.3766	0.8980	0.8916
66
0279	0.1111	0.9917	0.4000	0.8920	0.1220s	0.3853	0.8960	0.8896
67
0280	0.1404	0.9750	0.4011	0.8920	0.1219s	0.3874	0.8960	0.8895
68
0281	0.1251	1.0000	0.3965	0.8920	0.1220s	0.3819	0.9010	0.8950
69
0282	0.1219	0.9667	0.3844	0.8920	0.1217s	0.3676	0.9060	0.9002
70
0283	0.1529	0.9833	0.3760	0.8980	0.1050s	0.3561	0.9080	0.9028
71
0284	0.1391	0.9750	0.3743	0.9020	0.1194s	0.3485	0.9090	0.9043
72
0285	0.1339	0.9750	0.3784	0.9020	0.1219s	0.3467	0.9100	0.9054
73
0286	0.1355	1.0000	0.3839	0.9000	0.1220s	0.3487	0.9070	0.9019
74
0287	0.1350	0.9750	0.3894	0.9040	0.1225s	0.3547	0.9030	0.8973
75
0288	0.1265	0.9833	0.3970	0.9000	0.1217s	0.3636	0.8980	0.8917
76
0289	0.1322	0.9750	0.4003	0.8900	0.1218s	0.3695	0.8970	0.8903
77
0290	0.1526	0.9750	0.3911	0.8940	0.1220s	0.3646	0.8980	0.8918
78
0291	0.1267	0.9750	0.3767	0.9060	0.1223s	0.3549	0.9040	0.8980
79
0292	0.1341	0.9500	0.3658	0.9020	0.1224s	0.3465	0.9090	0.9038
80
0293	0.1254	0.9750	0.3620	0.9040	0.1223s	0.3422	0.9120	0.9068
81
0294	0.1501	0.9833	0.3618	0.9020	0.1221s	0.3420	0.9100	0.9043
0
0295	0.1338	0.9917	0.3685	0.9060	0.1224s	0.3506	0.9070	0.9012
0
0296	0.1404	0.9417	0.3800	0.9060	0.1233s	0.3622	0.9040	0.8983
1
0297	0.1308	0.9833	0.3963	0.8940	0.1223s	0.3778	0.8980	0.8915
2
0298	0.1322	0.9917	0.4013	0.8900	0.1219s	0.3819	0.8980	0.8914
3
0299	0.1488	0.9750	0.3929	0.8940	0.1215s	0.3720	0.9010	0.8947
4
0300	0.1354	0.9667	0.3809	0.9040	0.1226s	0.3580	0.9040	0.8978
5
0301	0.1519	0.9750	0.3821	0.9040	0.1223s	0.3553	0.9060	0.9001
6
0302	0.1219	0.9667	0.3812	0.9040	0.1216s	0.3538	0.9090	0.9035
7
0303	0.1232	0.9833	0.3816	0.9040	0.1219s	0.3563	0.9060	0.9001
8
0304	0.1514	1.0000	0.3837	0.9000	0.1218s	0.3614	0.9050	0.8990
9
0305	0.1400	0.9833	0.3899	0.8980	0.1220s	0.3717	0.9000	0.8942
10
0306	0.1220	0.9667	0.4006	0.8860	0.1222s	0.3858	0.8970	0.8909
11
0307	0.1363	0.9917	0.4072	0.8880	0.1227s	0.3953	0.8950	0.8891
12
0308	0.1487	0.9917	0.3974	0.8920	0.1225s	0.3862	0.8940	0.8881
13
0309	0.1285	0.9833	0.3864	0.9040	0.1220s	0.3725	0.8990	0.8932
14
0310	0.1336	0.9917	0.3839	0.9020	0.1222s	0.3645	0.9050	0.8994
15
0311	0.1321	1.0000	0.3892	0.8960	0.1223s	0.3623	0.9040	0.8983
16
0312	0.1565	0.9750	0.3952	0.8920	0.1222s	0.3652	0.9050	0.8995
17
0313	0.1355	0.9833	0.3987	0.9000	0.1222s	0.3697	0.9090	0.9042
18
0314	0.1437	0.9583	0.4061	0.9020	0.1222s	0.3795	0.9010	0.8952
19
0315	0.1334	0.9833	0.4158	0.8960	0.1222s	0.3920	0.8990	0.8930
20
0316	0.1253	0.9667	0.4236	0.8860	0.1219s	0.4037	0.8940	0.8875
21
0317	0.1267	0.9917	0.4247	0.8880	0.1224s	0.4081	0.8920	0.8856
22
0318	0.1533	0.9833	0.4194	0.8880	0.1217s	0.4060	0.8940	0.8877
23
0319	0.1329	0.9750	0.4092	0.8940	0.1221s	0.3954	0.8980	0.8922
24
0320	0.1392	0.9833	0.3980	0.9020	0.1223s	0.3803	0.9000	0.8943
25
0321	0.1158	0.9833	0.3927	0.9100	0.1218s	0.3697	0.9020	0.8965
26
0322	0.1155	1.0000	0.3942	0.9040	0.1225s	0.3648	0.9050	0.8999
27
0323	0.1483	0.9750	0.3973	0.9060	0.1223s	0.3649	0.9090	0.9041
28
0324	0.1530	1.0000	0.3975	0.9060	0.1225s	0.3645	0.9110	0.9062
29
0325	0.1312	0.9583	0.3952	0.9080	0.1221s	0.3647	0.9050	0.9000
30
0326	0.1478	0.9583	0.3964	0.9020	0.1223s	0.3704	0.8980	0.8921
31
0327	0.1360	0.9500	0.3969	0.9000	0.1215s	0.3761	0.8980	0.8922
32
0328	0.1554	0.9667	0.3989	0.8960	0.1218s	0.3820	0.8950	0.8888
33
0329	0.1413	0.9833	0.3986	0.8980	0.1220s	0.3829	0.8960	0.8899
34
0330	0.1352	0.9667	0.3928	0.8980	0.1217s	0.3775	0.8950	0.8889
35
0331	0.1511	0.9917	0.3893	0.9020	0.1221s	0.3728	0.8970	0.8908
36
0332	0.1451	0.9750	0.3860	0.9080	0.1215s	0.3683	0.9000	0.8941
37
0333	0.1597	0.9833	0.3780	0.9140	0.1222s	0.3594	0.9010	0.8951
38
0334	0.1255	0.9833	0.3751	0.9140	0.1220s	0.3546	0.9070	0.9016
0
0335	0.1245	1.0000	0.3755	0.9060	0.1218s	0.3540	0.9060	0.9011
0
0336	0.1237	0.9917	0.3790	0.9040	0.1224s	0.3574	0.9040	0.8990
1
0337	0.1342	0.9750	0.3834	0.8980	0.1219s	0.3625	0.9040	0.8989
2
0338	0.1484	0.9500	0.3903	0.8940	0.1221s	0.3694	0.8970	0.8907
3
0339	0.1170	1.0000	0.3983	0.8960	0.1222s	0.3780	0.8960	0.8895
4
0340	0.1286	0.9917	0.4039	0.8880	0.1225s	0.3845	0.8930	0.8861
5
0341	0.1364	0.9500	0.4079	0.8880	0.1220s	0.3885	0.8890	0.8816
6
0342	0.1298	0.9917	0.4097	0.8900	0.1220s	0.3888	0.8940	0.8869
7
0343	0.1371	0.9917	0.4070	0.8900	0.1220s	0.3838	0.8950	0.8880
8
0344	0.1407	0.9917	0.3946	0.8940	0.1223s	0.3683	0.9030	0.8968
9
0345	0.1416	0.9917	0.3858	0.8940	0.1222s	0.3570	0.9060	0.9004
10
0346	0.1638	0.9667	0.3809	0.8960	0.1220s	0.3515	0.9070	0.9017
11
0347	0.1319	0.9833	0.3772	0.9060	0.1221s	0.3477	0.9060	0.9011
12
0348	0.1257	1.0000	0.3775	0.9080	0.1236s	0.3489	0.9060	0.9011
13
0349	0.1303	0.9917	0.3835	0.9040	0.1215s	0.3573	0.9080	0.9033
14
0350	0.1406	0.9917	0.3976	0.8960	0.1220s	0.3736	0.9020	0.8962
15
0351	0.1362	0.9833	0.4087	0.8900	0.1227s	0.3850	0.8940	0.8878
16
0352	0.1339	0.9833	0.4136	0.8860	0.1221s	0.3903	0.8940	0.8877
17
0353	0.1398	0.9750	0.4094	0.8940	0.1223s	0.3848	0.8980	0.8917
18
0354	0.1372	0.9833	0.4006	0.8920	0.1223s	0.3753	0.9010	0.8950
19
0355	0.1401	0.9500	0.3896	0.8980	0.1223s	0.3643	0.9060	0.9006
20
0356	0.1340	0.9750	0.3826	0.8980	0.1213s	0.3581	0.9070	0.9020
21
0357	0.1311	0.9917	0.3812	0.8940	0.1219s	0.3570	0.9060	0.9008
22
0358	0.1240	0.9917	0.3804	0.8960	0.1221s	0.3573	0.9060	0.9009
23
0359	0.1281	0.9750	0.3775	0.8960	0.1217s	0.3564	0.9050	0.9001
24
0360	0.1264	0.9917	0.3779	0.8960	0.1223s	0.3578	0.9040	0.8991
25
0361	0.1369	1.0000	0.3849	0.9020	0.1220s	0.3654	0.9070	0.9023
26
0362	0.1556	0.9667	0.3942	0.8960	0.1221s	0.3725	0.9040	0.8990
27
0363	0.1360	0.9583	0.3944	0.8980	0.1218s	0.3705	0.9050	0.9001
28
0364	0.1133	0.9833	0.3978	0.8980	0.1216s	0.3717	0.9080	0.9031
29
0365	0.1450	0.9667	0.3964	0.9000	0.1224s	0.3677	0.9030	0.8979
30
0366	0.1255	0.9917	0.3965	0.8980	0.1224s	0.3659	0.9020	0.8969
31
0367	0.1264	0.9917	0.3961	0.8980	0.1224s	0.3646	0.9020	0.8969
32
0368	0.1286	0.9750	0.3915	0.9000	0.1222s	0.3603	0.9010	0.8958
33
0369	0.1493	0.9667	0.3871	0.9000	0.1217s	0.3584	0.9060	0.9012
34
0370	0.1270	0.9833	0.3860	0.9020	0.1218s	0.3598	0.9050	0.9000
35
0371	0.1418	0.9917	0.3822	0.8980	0.1222s	0.3574	0.9050	0.8999
36
0372	0.1352	0.9833	0.3810	0.9000	0.1219s	0.3549	0.9040	0.8989
37
0373	0.1296	0.9917	0.3814	0.9000	0.1220s	0.3531	0.9040	0.8992
38
0374	0.1372	0.9750	0.3818	0.9020	0.1204s	0.3508	0.9030	0.8976
39
0375	0.1376	0.9833	0.3849	0.9000	0.1220s	0.3510	0.9010	0.8955
40
0376	0.1327	0.9917	0.3912	0.9000	0.1223s	0.3552	0.9000	0.8942
41
0377	0.1303	0.9667	0.3956	0.8960	0.1223s	0.3594	0.9000	0.8943
42
0378	0.1250	0.9833	0.4024	0.8960	0.1228s	0.3662	0.9000	0.8942
43
0379	0.1139	1.0000	0.4066	0.8960	0.1225s	0.3721	0.8970	0.8911
44
0380	0.1365	0.9833	0.4047	0.8980	0.1223s	0.3725	0.8960	0.8902
45
0381	0.1599	0.9750	0.3970	0.8980	0.1111s	0.3668	0.9000	0.8949
46
0382	0.1476	0.9417	0.3804	0.9100	0.1226s	0.3486	0.9030	0.8981
47
0383	0.1252	0.9667	0.3746	0.9080	0.1260s	0.3401	0.9080	0.9032
48
0384	0.1287	0.9750	0.3742	0.9080	0.1223s	0.3373	0.9080	0.9030
49
0385	0.1284	1.0000	0.3769	0.9060	0.1223s	0.3397	0.9030	0.8973
50
0386	0.1456	0.9750	0.3832	0.9060	0.1221s	0.3462	0.9090	0.9033
51
0387	0.1469	0.9833	0.3887	0.9040	0.1222s	0.3516	0.9010	0.8947
52
0388	0.1251	1.0000	0.3933	0.9040	0.1219s	0.3561	0.8970	0.8907
53
0389	0.1165	0.9750	0.3941	0.9000	0.1225s	0.3571	0.8960	0.8898
54
0390	0.1518	0.9833	0.3876	0.9040	0.1223s	0.3525	0.8950	0.8886
55
0391	0.1267	0.9750	0.3842	0.9020	0.1222s	0.3519	0.8960	0.8897
56
0392	0.1227	0.9750	0.3801	0.9020	0.1219s	0.3499	0.8950	0.8885
57
0393	0.1324	0.9750	0.3785	0.9060	0.1217s	0.3508	0.9000	0.8938
58
0394	0.1485	0.9917	0.3817	0.9040	0.1221s	0.3561	0.8990	0.8929
59
0395	0.1323	0.9667	0.3809	0.9060	0.1222s	0.3537	0.8990	0.8928
60
0396	0.1239	1.0000	0.3817	0.9040	0.1223s	0.3532	0.8960	0.8896
61
0397	0.1323	0.9833	0.3853	0.9040	0.1217s	0.3554	0.8980	0.8918
62
0398	0.1330	0.9833	0.3867	0.9060	0.1221s	0.3579	0.8990	0.8928
63
0399	0.1307	0.9917	0.3898	0.9040	0.1226s	0.3623	0.8980	0.8916
64
0400	0.1213	1.0000	0.3912	0.9020	0.1223s	0.3648	0.8960	0.8893
65
0401	0.1313	0.9750	0.3915	0.9000	0.1234s	0.3667	0.8950	0.8884
66
0402	0.1356	0.9917	0.3935	0.8980	0.1218s	0.3706	0.8990	0.8928
67
0403	0.1282	0.9583	0.3971	0.8960	0.1228s	0.3742	0.8980	0.8918
68
0404	0.1333	0.9917	0.4000	0.8840	0.1218s	0.3768	0.8980	0.8916
69
0405	0.1218	0.9833	0.4016	0.8900	0.1221s	0.3767	0.8960	0.8891
70
0406	0.1445	0.9833	0.3915	0.8960	0.1220s	0.3639	0.9020	0.8962
71
0407	0.1270	0.9833	0.3880	0.9000	0.1219s	0.3579	0.9050	0.8995
72
0408	0.1260	1.0000	0.3839	0.9020	0.1221s	0.3526	0.9090	0.9038
73
0409	0.1428	0.9750	0.3855	0.9020	0.1218s	0.3548	0.9110	0.9059
74
0410	0.1442	1.0000	0.3848	0.9080	0.1223s	0.3549	0.9080	0.9024
75
0411	0.1378	0.9833	0.3842	0.9060	0.1227s	0.3556	0.9040	0.8983
76
0412	0.1315	0.9750	0.3868	0.9020	0.1222s	0.3603	0.9020	0.8960
77
0413	0.1322	0.9917	0.3927	0.8980	0.1241s	0.3677	0.8990	0.8930
78
0414	0.1252	0.9917	0.3951	0.8960	0.1222s	0.3693	0.8970	0.8911
79
0415	0.1257	0.9667	0.3979	0.8960	0.1222s	0.3714	0.8950	0.8888
80
0416	0.1204	0.9917	0.3980	0.8940	0.1220s	0.3705	0.8960	0.8900
81
0417	0.1566	0.9833	0.3883	0.9000	0.1217s	0.3604	0.8990	0.8926
82
0418	0.1413	0.9833	0.3809	0.9020	0.1225s	0.3525	0.9020	0.8962
83
0419	0.1269	0.9750	0.3832	0.9060	0.1226s	0.3541	0.9060	0.9007
84
0420	0.1306	0.9833	0.3920	0.9020	0.1225s	0.3638	0.9060	0.9000
85
0421	0.1442	0.9833	0.3982	0.9000	0.1224s	0.3702	0.9090	0.9030
86
0422	0.1528	0.9667	0.4007	0.8980	0.1225s	0.3722	0.9070	0.9010
87
0423	0.1375	0.9917	0.3994	0.9000	0.1227s	0.3691	0.9010	0.8947
88
0424	0.1643	0.9667	0.4053	0.8940	0.1226s	0.3693	0.8980	0.8914
89
0425	0.1169	0.9833	0.4100	0.9020	0.1059s	0.3698	0.8990	0.8923
90
0426	0.1342	0.9917	0.4030	0.9000	0.1044s	0.3621	0.9020	0.8957
91
0427	0.1427	0.9917	0.3924	0.9020	0.1220s	0.3550	0.9020	0.8959
92
0428	0.1492	0.9917	0.3891	0.9080	0.1225s	0.3559	0.9080	0.9026
93
0429	0.1059	0.9917	0.3899	0.9040	0.1221s	0.3597	0.9040	0.8986
94
0430	0.1181	0.9917	0.3952	0.8960	0.1223s	0.3683	0.9020	0.8964
95
0431	0.1554	0.9583	0.4026	0.8900	0.1220s	0.3785	0.9000	0.8941
96
0432	0.1585	0.9750	0.4038	0.8920	0.1224s	0.3791	0.9020	0.8961
97
0433	0.1259	1.0000	0.4059	0.8940	0.1250s	0.3786	0.8990	0.8925
98
0434	0.1299	0.9667	0.4049	0.8940	0.1222s	0.3746	0.8980	0.8909
99
0435	0.1307	1.0000	0.4055	0.8900	0.1219s	0.3734	0.9010	0.8947
100
0436	0.1361	0.9833	0.4024	0.8940	0.1219s	0.3699	0.9000	0.8938
101
0437	0.1278	0.9917	0.3971	0.8940	0.1226s	0.3648	0.9040	0.8980
102
0438	0.1394	0.9750	0.3916	0.9000	0.1224s	0.3590	0.9070	0.9012
103
0439	0.1413	0.9500	0.3856	0.8960	0.1245s	0.3550	0.9050	0.8994
104
0440	0.1424	0.9833	0.3825	0.8960	0.1219s	0.3541	0.9060	0.9003
105
0441	0.1271	0.9833	0.3864	0.8940	0.1248s	0.3606	0.9060	0.9005
106
0442	0.1438	0.9917	0.3876	0.8940	0.1221s	0.3628	0.9050	0.8995
107
0443	0.1285	0.9917	0.3878	0.8940	0.1238s	0.3637	0.9010	0.8950
108
0444	0.1279	0.9917	0.3847	0.8940	0.1221s	0.3600	0.9000	0.8939
109
0445	0.1158	0.9833	0.3835	0.8960	0.1223s	0.3579	0.9000	0.8933
110
0446	0.1348	0.9917	0.3848	0.8980	0.1222s	0.3573	0.9040	0.8981
111
0447	0.1301	0.9583	0.3878	0.8980	0.1219s	0.3577	0.9040	0.8978
112
0448	0.1307	0.9833	0.3900	0.8980	0.1225s	0.3586	0.9000	0.8934
113
0449	0.1428	0.9917	0.3959	0.8960	0.1222s	0.3648	0.8990	0.8922
114
0450	0.1414	0.9750	0.4027	0.8940	0.1221s	0.3725	0.8950	0.8881
115
0451	0.1438	0.9750	0.3954	0.8900	0.1221s	0.3667	0.8960	0.8891
116
0452	0.1153	0.9750	0.3846	0.8940	0.1223s	0.3582	0.9050	0.8992
117
0453	0.1421	0.9667	0.3762	0.8980	0.1224s	0.3520	0.9030	0.8975
118
0454	0.1325	1.0000	0.3731	0.8980	0.1220s	0.3515	0.9020	0.8963
119
0455	0.1465	0.9917	0.3706	0.8980	0.1214s	0.3506	0.9040	0.8984
120
0456	0.1186	0.9833	0.3691	0.8980	0.1225s	0.3501	0.9060	0.9006
121
0457	0.1285	0.9833	0.3667	0.9000	0.1212s	0.3479	0.9060	0.9006
122
0458	0.1355	0.9917	0.3651	0.9040	0.1212s	0.3458	0.9080	0.9028
123
0459	0.1241	0.9750	0.3662	0.9040	0.1221s	0.3470	0.9080	0.9028
124
0460	0.1304	0.9917	0.3700	0.9040	0.1223s	0.3504	0.9050	0.8996
125
0461	0.1125	0.9917	0.3716	0.9060	0.1221s	0.3514	0.9030	0.8973
126
0462	0.1463	0.9500	0.3735	0.9080	0.1218s	0.3544	0.9000	0.8938
127
0463	0.1294	0.9833	0.3715	0.9020	0.1220s	0.3563	0.9000	0.8943
128
0464	0.1431	0.9833	0.3657	0.9000	0.1217s	0.3532	0.9050	0.8995
129
0465	0.1367	0.9833	0.3662	0.9000	0.1222s	0.3564	0.9060	0.9007
130
0466	0.1381	0.9667	0.3661	0.9000	0.1225s	0.3582	0.9080	0.9028
131
0467	0.1173	0.9833	0.3698	0.9000	0.1223s	0.3620	0.9060	0.9005
132
0468	0.1267	0.9917	0.3709	0.9000	0.1221s	0.3629	0.9050	0.8995
133
0469	0.1265	0.9667	0.3712	0.9040	0.1222s	0.3622	0.9010	0.8952
134
0470	0.1127	0.9917	0.3733	0.9020	0.1223s	0.3629	0.9020	0.8963
135
0471	0.1299	0.9917	0.3761	0.9060	0.1225s	0.3643	0.9000	0.8940
136
0472	0.1332	0.9750	0.3774	0.9080	0.1226s	0.3643	0.9010	0.8949
137
0473	0.1207	0.9833	0.3772	0.9080	0.1222s	0.3638	0.8980	0.8919
138
0474	0.1323	0.9667	0.3748	0.9040	0.1219s	0.3642	0.9040	0.8988
139
0475	0.1259	1.0000	0.3711	0.9020	0.1216s	0.3626	0.9010	0.8955
140
0476	0.1346	0.9667	0.3748	0.8960	0.1222s	0.3710	0.9030	0.8974
141
0477	0.1482	0.9750	0.3790	0.8940	0.1218s	0.3764	0.9030	0.8972
142
0478	0.1445	0.9833	0.3815	0.8900	0.1048s	0.3781	0.9030	0.8971
143
0479	0.1390	0.9750	0.3831	0.8920	0.1214s	0.3760	0.9040	0.8983
144
0480	0.1555	0.9583	0.3835	0.9000	0.1224s	0.3701	0.9040	0.8983
145
0481	0.1145	0.9833	0.3861	0.9020	0.1223s	0.3672	0.9010	0.8947
146
0482	0.1279	0.9750	0.3878	0.9000	0.1223s	0.3658	0.9000	0.8938
147
0483	0.1313	0.9667	0.3843	0.9020	0.1226s	0.3604	0.9010	0.8946
148
0484	0.1302	0.9833	0.3782	0.9040	0.1222s	0.3554	0.9030	0.8969
149
0485	0.1344	0.9917	0.3674	0.9040	0.1221s	0.3483	0.9030	0.8971
150
0486	0.1351	0.9667	0.3627	0.8980	0.1223s	0.3478	0.9030	0.8977
151
0487	0.1146	0.9917	0.3675	0.8900	0.1219s	0.3577	0.9030	0.8979
152
0488	0.1755	0.9417	0.3695	0.8880	0.1266s	0.3627	0.9020	0.8968
153
0489	0.1369	0.9917	0.3697	0.8900	0.1228s	0.3639	0.9010	0.8956
154
0490	0.1287	0.9917	0.3658	0.8920	0.1218s	0.3582	0.9040	0.8989
155
0491	0.1327	0.9833	0.3671	0.9000	0.1222s	0.3568	0.9070	0.9019
156
0492	0.1142	1.0000	0.3651	0.8980	0.1219s	0.3528	0.9070	0.9018
157
0493	0.1367	0.9750	0.3639	0.8980	0.1222s	0.3498	0.9040	0.8986
158
0494	0.1181	0.9917	0.3628	0.9020	0.1217s	0.3471	0.9030	0.8976
159
0495	0.1465	0.9917	0.3601	0.9060	0.1220s	0.3450	0.9030	0.8977
160
0496	0.1469	0.9667	0.3573	0.9060	0.1220s	0.3425	0.9030	0.8977
0
0497	0.1353	0.9917	0.3575	0.9020	0.1227s	0.3445	0.9000	0.8948
0
0498	0.1041	1.0000	0.3588	0.9000	0.1219s	0.3474	0.9010	0.8961
1
0499	0.1439	0.9917	0.3613	0.8980	0.1233s	0.3520	0.9030	0.8981
2
0500	0.1601	0.9917	0.3654	0.8960	0.1307s	0.3561	0.9060	0.9009
3
0501	0.1233	0.9833	0.3665	0.8920	0.1225s	0.3561	0.9070	0.9016
4
0502	0.1278	0.9833	0.3668	0.8940	0.1234s	0.3548	0.9100	0.9049
5
0503	0.1315	0.9750	0.3649	0.8940	0.1218s	0.3509	0.9110	0.9062
6
0504	0.1218	0.9750	0.3641	0.8940	0.1220s	0.3494	0.9130	0.9082
7
0505	0.1250	0.9917	0.3646	0.8980	0.1221s	0.3505	0.9120	0.9073
8
0506	0.1464	0.9667	0.3660	0.9000	0.1221s	0.3527	0.9060	0.9008
9
0507	0.1338	0.9750	0.3662	0.9040	0.1215s	0.3536	0.9020	0.8969
10
0508	0.1116	1.0000	0.3670	0.9040	0.1056s	0.3547	0.9010	0.8959
11
0509	0.1220	0.9750	0.3666	0.9040	0.1197s	0.3530	0.9010	0.8958
12
0510	0.1372	0.9833	0.3652	0.9020	0.1220s	0.3520	0.9030	0.8980
13
0511	0.1200	0.9750	0.3649	0.9000	0.1226s	0.3514	0.9060	0.9009
14
0512	0.1221	0.9833	0.3676	0.9000	0.1217s	0.3537	0.9060	0.9009
15
0513	0.1370	1.0000	0.3726	0.8960	0.1216s	0.3583	0.9090	0.9039
16
0514	0.1534	0.9750	0.3784	0.9000	0.1219s	0.3653	0.9070	0.9018
17
0515	0.1253	0.9917	0.3860	0.9000	0.1219s	0.3744	0.9030	0.8976
18
0516	0.1378	1.0000	0.3933	0.8940	0.1219s	0.3804	0.8950	0.8891
19
0517	0.1358	0.9500	0.3888	0.9000	0.1219s	0.3743	0.9010	0.8954
20
0518	0.1429	0.9833	0.3766	0.9080	0.1213s	0.3608	0.9060	0.9005
21
0519	0.1264	0.9917	0.3696	0.9040	0.1216s	0.3524	0.9070	0.9019
22
0520	0.1386	0.9667	0.3675	0.9060	0.1223s	0.3479	0.9080	0.9029
23
0521	0.1157	0.9667	0.3679	0.9060	0.1223s	0.3479	0.9050	0.8998
24
0522	0.1263	0.9833	0.3699	0.9040	0.1225s	0.3510	0.9050	0.8995
25
0523	0.1291	0.9917	0.3732	0.9040	0.1218s	0.3571	0.9060	0.9009
26
0524	0.1397	0.9917	0.3747	0.9040	0.1222s	0.3605	0.9030	0.8978
27
0525	0.1373	0.9667	0.3829	0.9040	0.1220s	0.3685	0.8960	0.8901
28
0526	0.1264	0.9583	0.3858	0.9020	0.1223s	0.3707	0.8970	0.8913
29
0527	0.1362	0.9667	0.3821	0.9060	0.1219s	0.3657	0.8990	0.8934
30
0528	0.1378	0.9750	0.3772	0.9080	0.1221s	0.3593	0.9020	0.8964
31
0529	0.1268	0.9833	0.3700	0.9100	0.1224s	0.3510	0.9050	0.8994
32
0530	0.1416	0.9833	0.3659	0.9100	0.1222s	0.3462	0.9050	0.8993
33
0531	0.1375	0.9750	0.3648	0.9120	0.1219s	0.3439	0.9080	0.9026
34
0532	0.1307	0.9833	0.3663	0.9100	0.1238s	0.3458	0.9100	0.9047
35
0533	0.1104	0.9833	0.3688	0.9080	0.1218s	0.3492	0.9100	0.9046
36
0534	0.1367	0.9833	0.3698	0.9080	0.1234s	0.3515	0.9100	0.9046
37
0535	0.1180	0.9833	0.3703	0.9080	0.1221s	0.3533	0.9060	0.9006
38
0536	0.1338	0.9833	0.3715	0.9080	0.1197s	0.3549	0.9060	0.9007
39
0537	0.1209	0.9750	0.3728	0.9080	0.1221s	0.3569	0.9040	0.8988
40
0538	0.1496	1.0000	0.3707	0.9080	0.1225s	0.3552	0.9030	0.8979
41
0539	0.1329	0.9750	0.3663	0.9120	0.1222s	0.3487	0.9070	0.9019
42
0540	0.1464	0.9833	0.3623	0.9120	0.1222s	0.3411	0.9080	0.9031
43
0541	0.1438	0.9750	0.3620	0.9120	0.1222s	0.3368	0.9110	0.9064
44
0542	0.1147	0.9833	0.3648	0.9100	0.1224s	0.3378	0.9070	0.9020
45
0543	0.1334	0.9833	0.3686	0.9100	0.1222s	0.3426	0.9050	0.8996
46
0544	0.1313	0.9750	0.3715	0.9080	0.1221s	0.3464	0.9060	0.9002
47
0545	0.1186	0.9833	0.3719	0.9100	0.1221s	0.3481	0.9060	0.9006
48
0546	0.1249	0.9750	0.3712	0.9080	0.1219s	0.3488	0.9110	0.9059
49
0547	0.1323	0.9917	0.3702	0.9080	0.1224s	0.3488	0.9090	0.9039
50
0548	0.1219	0.9833	0.3676	0.9080	0.1222s	0.3462	0.9090	0.9043
51
0549	0.1438	0.9750	0.3638	0.9100	0.1225s	0.3408	0.9100	0.9052
52
0550	0.1344	1.0000	0.3649	0.9060	0.1216s	0.3400	0.9070	0.9019
53
0551	0.1165	0.9917	0.3698	0.9040	0.1220s	0.3449	0.8970	0.8916
54
0552	0.1257	0.9833	0.3734	0.9060	0.1214s	0.3500	0.8940	0.8889
55
0553	0.1216	0.9833	0.3741	0.9060	0.1219s	0.3523	0.8920	0.8867
56
0554	0.1459	0.9917	0.3740	0.9080	0.1226s	0.3535	0.8950	0.8898
57
0555	0.1289	0.9917	0.3774	0.9080	0.1046s	0.3580	0.8980	0.8923
58
0556	0.1157	1.0000	0.3805	0.9060	0.1219s	0.3620	0.9000	0.8940
59
0557	0.1361	0.9750	0.3869	0.9020	0.1227s	0.3683	0.8990	0.8924
60
0558	0.1341	0.9833	0.3884	0.9040	0.1219s	0.3711	0.9010	0.8943
61
0559	0.1315	0.9917	0.3839	0.9040	0.1222s	0.3681	0.9030	0.8964
62
0560	0.1192	0.9917	0.3744	0.9040	0.1224s	0.3589	0.9040	0.8982
63
0561	0.1517	0.9833	0.3670	0.9080	0.1230s	0.3512	0.9070	0.9020
64
0562	0.1352	0.9583	0.3618	0.9080	0.1226s	0.3459	0.9080	0.9032
65
0563	0.1395	0.9667	0.3603	0.9060	0.1051s	0.3455	0.9070	0.9022
66
0564	0.1165	0.9917	0.3630	0.9040	0.1218s	0.3504	0.9020	0.8969
67
0565	0.1186	0.9500	0.3657	0.9020	0.1224s	0.3536	0.9000	0.8949
68
0566	0.1211	1.0000	0.3680	0.9000	0.1222s	0.3567	0.9010	0.8959
69
0567	0.1385	0.9750	0.3695	0.9000	0.1224s	0.3591	0.8970	0.8913
70
0568	0.1471	0.9667	0.3687	0.9060	0.1216s	0.3575	0.9010	0.8953
71
0569	0.1320	0.9917	0.3673	0.9060	0.1221s	0.3558	0.9040	0.8983
72
0570	0.1357	0.9583	0.3659	0.9060	0.1218s	0.3539	0.9040	0.8985
73
0571	0.1224	0.9917	0.3646	0.9060	0.1224s	0.3515	0.9050	0.8994
74
0572	0.1539	0.9583	0.3613	0.9020	0.1225s	0.3461	0.9090	0.9042
75
0573	0.1300	0.9833	0.3602	0.9020	0.1045s	0.3440	0.9080	0.9033
76
0574	0.1102	0.9833	0.3586	0.9040	0.1196s	0.3430	0.9080	0.9034
77
0575	0.1298	0.9750	0.3592	0.9060	0.1219s	0.3448	0.9090	0.9044
78
0576	0.1134	0.9833	0.3618	0.9060	0.1223s	0.3477	0.9070	0.9019
79
0577	0.1438	0.9833	0.3666	0.9040	0.1219s	0.3541	0.9030	0.8974
80
0578	0.1338	0.9833	0.3690	0.9040	0.1222s	0.3565	0.9010	0.8954
81
0579	0.1277	0.9833	0.3658	0.9060	0.1217s	0.3523	0.9030	0.8974
82
0580	0.1203	0.9833	0.3622	0.9060	0.1235s	0.3460	0.9080	0.9031
83
0581	0.1316	0.9833	0.3590	0.9020	0.1234s	0.3410	0.9080	0.9030
84
0582	0.1168	0.9833	0.3556	0.9040	0.1225s	0.3366	0.9090	0.9042
85
0583	0.1341	0.9833	0.3541	0.9080	0.1089s	0.3357	0.9110	0.9062
0
0584	0.1318	0.9833	0.3540	0.9080	0.1216s	0.3382	0.9110	0.9062
0
0585	0.1302	0.9667	0.3538	0.9060	0.1234s	0.3412	0.9110	0.9060
0
0586	0.1428	0.9750	0.3542	0.9060	0.1264s	0.3457	0.9100	0.9048
0
0587	0.1269	0.9833	0.3537	0.9040	0.1226s	0.3475	0.9090	0.9037
1
0588	0.1502	0.9583	0.3516	0.9040	0.1226s	0.3452	0.9120	0.9076
0
0589	0.1445	0.9417	0.3524	0.9040	0.1250s	0.3455	0.9120	0.9074
0
0590	0.1462	0.9833	0.3527	0.9040	0.1260s	0.3444	0.9110	0.9067
1
0591	0.1331	0.9917	0.3543	0.9060	0.1226s	0.3472	0.9110	0.9066
2
0592	0.1334	0.9833	0.3551	0.9040	0.1233s	0.3500	0.9090	0.9040
3
0593	0.1487	0.9917	0.3536	0.9080	0.1224s	0.3501	0.9100	0.9050
4
0594	0.1587	0.9583	0.3548	0.9100	0.1235s	0.3528	0.9090	0.9038
5
0595	0.1476	0.9917	0.3607	0.9100	0.1221s	0.3613	0.9070	0.9011
6
0596	0.1318	1.0000	0.3734	0.9020	0.1230s	0.3754	0.8990	0.8929
7
0597	0.1142	0.9917	0.3801	0.9020	0.1223s	0.3826	0.8920	0.8863
8
0598	0.1527	0.9417	0.3726	0.8980	0.1221s	0.3741	0.8960	0.8898
9
0599	0.1374	0.9833	0.3617	0.9000	0.1219s	0.3622	0.9050	0.8993
10
0600	0.1177	0.9583	0.3586	0.9040	0.1220s	0.3578	0.9070	0.9015
11
0601	0.1335	0.9833	0.3622	0.9040	0.1220s	0.3614	0.9100	0.9051
12
0602	0.1254	0.9833	0.3691	0.9040	0.1220s	0.3704	0.9080	0.9033
13
0603	0.1590	0.9667	0.3739	0.9040	0.1223s	0.3764	0.9040	0.8989
14
0604	0.1633	0.9583	0.3746	0.9020	0.1225s	0.3779	0.9060	0.9004
15
0605	0.1357	0.9833	0.3768	0.8960	0.1220s	0.3795	0.9030	0.8969
16
0606	0.1506	0.9667	0.3811	0.9000	0.1221s	0.3822	0.9030	0.8968
17
0607	0.1372	0.9917	0.3791	0.9020	0.1232s	0.3787	0.9010	0.8947
18
0608	0.1283	0.9917	0.3710	0.9040	0.1221s	0.3687	0.8990	0.8928
19
0609	0.1291	0.9833	0.3621	0.9040	0.1056s	0.3576	0.9040	0.8984
20
0610	0.1281	0.9750	0.3567	0.9080	0.1222s	0.3508	0.9070	0.9019
21
0611	0.1398	0.9750	0.3542	0.9060	0.1260s	0.3483	0.9070	0.9019
22
0612	0.1366	0.9833	0.3541	0.9080	0.1224s	0.3474	0.9080	0.9032
23
0613	0.1382	0.9500	0.3543	0.9080	0.1221s	0.3453	0.9100	0.9052
24
0614	0.1357	0.9917	0.3550	0.9080	0.1227s	0.3430	0.9080	0.9029
25
0615	0.1470	0.9583	0.3598	0.9100	0.1221s	0.3463	0.9100	0.9043
26
0616	0.1337	0.9667	0.3694	0.9040	0.1221s	0.3545	0.9050	0.8985
27
0617	0.1417	0.9833	0.3780	0.8960	0.1228s	0.3625	0.9050	0.8984
28
0618	0.1342	0.9833	0.3754	0.9000	0.1220s	0.3581	0.9040	0.8974
29
0619	0.1534	0.9833	0.3647	0.9060	0.1224s	0.3453	0.9100	0.9044
30
0620	0.1387	0.9833	0.3567	0.9080	0.1237s	0.3356	0.9110	0.9062
31
0621	0.1360	1.0000	0.3517	0.9100	0.1220s	0.3286	0.9100	0.9054
32
0622	0.1488	0.9667	0.3486	0.9080	0.1222s	0.3250	0.9080	0.9035
33
0623	0.1452	0.9750	0.3505	0.9020	0.1238s	0.3266	0.9080	0.9037
0
0624	0.1478	0.9917	0.3575	0.9000	0.1221s	0.3341	0.9070	0.9023
1
0625	0.1277	0.9917	0.3674	0.8980	0.1219s	0.3439	0.9010	0.8954
2
0626	0.1445	0.9667	0.3713	0.9060	0.1231s	0.3494	0.9010	0.8951
3
0627	0.1470	0.9833	0.3732	0.9040	0.1210s	0.3528	0.8970	0.8900
4
0628	0.1348	0.9833	0.3719	0.9040	0.1216s	0.3519	0.8970	0.8904
5
0629	0.1231	1.0000	0.3661	0.9080	0.1055s	0.3444	0.8990	0.8928
6
0630	0.1046	0.9833	0.3613	0.9080	0.1221s	0.3376	0.9040	0.8984
7
0631	0.1404	0.9667	0.3608	0.9080	0.1222s	0.3363	0.9080	0.9030
8
0632	0.1332	1.0000	0.3598	0.9080	0.1224s	0.3347	0.9120	0.9072
9
0633	0.1360	0.9917	0.3604	0.9040	0.1224s	0.3359	0.9090	0.9039
10
0634	0.1185	0.9833	0.3647	0.9020	0.1223s	0.3414	0.9020	0.8965
11
0635	0.1248	0.9833	0.3751	0.9020	0.1221s	0.3526	0.8970	0.8911
12
0636	0.1329	0.9917	0.3880	0.8980	0.1218s	0.3650	0.8940	0.8878
13
0637	0.1273	0.9833	0.3927	0.8960	0.1219s	0.3700	0.8920	0.8858
14
0638	0.1525	0.9833	0.3839	0.8960	0.1223s	0.3634	0.8960	0.8901
15
0639	0.1392	0.9417	0.3696	0.8980	0.1224s	0.3509	0.9010	0.8953
16
0640	0.1513	0.9583	0.3590	0.9020	0.1221s	0.3398	0.9090	0.9040
17
0641	0.1502	0.9667	0.3585	0.9080	0.1225s	0.3409	0.9140	0.9093
18
0642	0.1319	0.9917	0.3606	0.9080	0.1219s	0.3453	0.9130	0.9081
19
0643	0.1283	0.9833	0.3635	0.9000	0.1224s	0.3498	0.9080	0.9025
20
0644	0.1267	0.9833	0.3670	0.9000	0.1217s	0.3532	0.9060	0.9001
21
0645	0.1638	0.9750	0.3699	0.9040	0.1218s	0.3553	0.9070	0.9013
22
0646	0.1426	0.9500	0.3769	0.9000	0.1218s	0.3605	0.9020	0.8958
23
0647	0.1170	0.9750	0.3821	0.9020	0.1223s	0.3645	0.9010	0.8947
24
0648	0.1523	0.9667	0.3770	0.9040	0.1218s	0.3598	0.9030	0.8969
25
0649	0.1235	0.9750	0.3699	0.9000	0.1218s	0.3531	0.9060	0.9005
26
0650	0.1424	0.9750	0.3656	0.9060	0.1228s	0.3488	0.9090	0.9037
27
0651	0.1304	0.9750	0.3630	0.9080	0.1221s	0.3467	0.9150	0.9103
28
0652	0.1318	1.0000	0.3629	0.9060	0.1225s	0.3465	0.9100	0.9049
29
0653	0.1492	0.9750	0.3678	0.9020	0.1235s	0.3506	0.9090	0.9035
30
0654	0.1272	0.9917	0.3706	0.9020	0.1220s	0.3535	0.9080	0.9023
31
0655	0.1364	1.0000	0.3721	0.9060	0.1219s	0.3564	0.9050	0.8990
32
0656	0.1549	0.9750	0.3704	0.9000	0.1262s	0.3565	0.9050	0.8993
33
0657	0.1395	0.9750	0.3709	0.9000	0.1223s	0.3571	0.9040	0.8985
34
0658	0.1340	0.9917	0.3711	0.8980	0.1218s	0.3556	0.9050	0.8998
35
0659	0.1228	0.9917	0.3696	0.9040	0.1221s	0.3512	0.9050	0.8998
36
0660	0.1285	0.9833	0.3697	0.9060	0.1227s	0.3474	0.9050	0.8996
37
0661	0.1200	0.9833	0.3749	0.9040	0.1218s	0.3485	0.9060	0.9009
38
0662	0.1147	0.9750	0.3775	0.9040	0.1217s	0.3476	0.9060	0.9008
39
0663	0.1396	0.9750	0.3744	0.9080	0.1222s	0.3443	0.9060	0.9009
40
0664	0.1261	0.9750	0.3706	0.9120	0.1218s	0.3418	0.9090	0.9038
41
0665	0.1227	0.9667	0.3740	0.9060	0.1228s	0.3464	0.9060	0.9005
42
0666	0.1198	0.9833	0.3761	0.9000	0.1226s	0.3502	0.9060	0.9003
43
0667	0.1232	0.9833	0.3755	0.9000	0.1225s	0.3511	0.9060	0.9001
44
0668	0.1317	0.9667	0.3772	0.9000	0.1225s	0.3540	0.9040	0.8981
45
0669	0.1385	1.0000	0.3769	0.9000	0.1222s	0.3535	0.9080	0.9025
46
0670	0.1461	0.9667	0.3721	0.9020	0.1221s	0.3464	0.9100	0.9047
47
0671	0.1373	0.9750	0.3699	0.9040	0.1220s	0.3420	0.9120	0.9072
48
0672	0.1436	0.9667	0.3730	0.9060	0.1223s	0.3449	0.9110	0.9058
49
0673	0.1393	0.9833	0.3771	0.9080	0.1223s	0.3486	0.9100	0.9046
50
0674	0.1591	0.9583	0.3818	0.9060	0.1217s	0.3527	0.9000	0.8933
51
0675	0.1296	0.9917	0.3807	0.9040	0.1222s	0.3505	0.9030	0.8971
52
0676	0.1361	1.0000	0.3713	0.9100	0.1224s	0.3420	0.9060	0.9008
53
0677	0.1422	0.9750	0.3634	0.9040	0.1220s	0.3364	0.9070	0.9020
54
0678	0.1262	0.9750	0.3606	0.9040	0.1223s	0.3358	0.9060	0.9009
55
0679	0.1597	0.9583	0.3614	0.9080	0.1221s	0.3405	0.9100	0.9049
56
0680	0.1155	0.9833	0.3662	0.9040	0.1227s	0.3478	0.9090	0.9036
57
0681	0.1249	0.9917	0.3718	0.9040	0.1222s	0.3542	0.9040	0.8977
58
0682	0.1182	0.9917	0.3770	0.9040	0.1219s	0.3593	0.9040	0.8974
59
0683	0.1340	0.9833	0.3794	0.9040	0.1218s	0.3609	0.9050	0.8987
60
0684	0.1402	0.9917	0.3760	0.9040	0.1235s	0.3560	0.9040	0.8974
61
0685	0.1541	0.9583	0.3719	0.9040	0.1223s	0.3502	0.9050	0.8990
62
0686	0.1509	0.9750	0.3680	0.9060	0.1219s	0.3453	0.9080	0.9029
63
0687	0.1414	0.9917	0.3675	0.9060	0.1226s	0.3454	0.9040	0.8988
64
0688	0.1535	0.9833	0.3703	0.9040	0.1222s	0.3490	0.9040	0.8987
65
0689	0.1443	1.0000	0.3738	0.9060	0.1237s	0.3547	0.8990	0.8931
66
0690	0.1292	0.9833	0.3809	0.9020	0.1222s	0.3645	0.8960	0.8898
67
0691	0.1328	0.9917	0.3891	0.8980	0.1222s	0.3758	0.8920	0.8858
68
0692	0.1400	0.9750	0.3887	0.8980	0.1224s	0.3747	0.8930	0.8868
69
0693	0.1445	0.9750	0.3867	0.8960	0.1221s	0.3706	0.9000	0.8943
70
0694	0.1420	0.9583	0.3865	0.8900	0.1236s	0.3668	0.8990	0.8931
71
0695	0.1361	0.9750	0.3881	0.8900	0.1224s	0.3648	0.9060	0.9001
72
0696	0.1194	1.0000	0.3860	0.8940	0.1222s	0.3594	0.9060	0.9004
73
0697	0.1308	0.9750	0.3835	0.9020	0.1224s	0.3532	0.9070	0.9014
74
0698	0.1498	0.9583	0.3866	0.9040	0.1220s	0.3539	0.9010	0.8948
75
0699	0.1434	0.9667	0.3931	0.9000	0.1212s	0.3610	0.9010	0.8953
76
0700	0.1514	0.9833	0.3980	0.8960	0.1237s	0.3683	0.8940	0.8876
77
0701	0.1409	0.9750	0.3960	0.8980	0.1222s	0.3690	0.8950	0.8886
78
0702	0.1285	1.0000	0.3905	0.8960	0.1205s	0.3656	0.8960	0.8895
79
0703	0.1574	0.9583	0.3838	0.8980	0.1220s	0.3605	0.9000	0.8940
80
0704	0.1369	0.9833	0.3829	0.8920	0.1044s	0.3616	0.9050	0.8994
81
0705	0.1070	0.9917	0.3854	0.8940	0.1047s	0.3650	0.9020	0.8961
82
0706	0.1175	0.9917	0.3873	0.8920	0.1219s	0.3662	0.8990	0.8933
83
0707	0.1284	0.9833	0.3865	0.8880	0.1045s	0.3645	0.9040	0.8983
84
0708	0.1468	0.9667	0.3838	0.8920	0.1219s	0.3603	0.8990	0.8928
85
0709	0.1374	0.9833	0.3827	0.8960	0.1224s	0.3576	0.8950	0.8883
86
0710	0.1254	0.9667	0.3818	0.8960	0.1214s	0.3556	0.8950	0.8884
87
0711	0.1243	0.9833	0.3816	0.8960	0.1210s	0.3552	0.8940	0.8876
88
0712	0.1251	0.9833	0.3801	0.9000	0.1219s	0.3541	0.8940	0.8877
89
0713	0.1198	0.9917	0.3795	0.8980	0.1223s	0.3553	0.8950	0.8887
90
0714	0.1628	0.9750	0.3792	0.8980	0.1225s	0.3579	0.8970	0.8906
91
0715	0.1312	0.9917	0.3790	0.8960	0.1216s	0.3611	0.9010	0.8952
92
0716	0.1317	0.9833	0.3799	0.8940	0.1221s	0.3649	0.9030	0.8971
93
0717	0.1281	0.9750	0.3817	0.8900	0.1222s	0.3693	0.9020	0.8960
94
0718	0.1382	0.9667	0.3802	0.8920	0.1221s	0.3664	0.9020	0.8962
95
0719	0.1355	0.9750	0.3791	0.8980	0.1220s	0.3637	0.9000	0.8940
96
0720	0.1237	0.9833	0.3780	0.9000	0.1221s	0.3615	0.9020	0.8961
97
0721	0.1302	0.9833	0.3751	0.9000	0.1221s	0.3594	0.9000	0.8938
98
0722	0.1289	0.9750	0.3736	0.9020	0.1234s	0.3598	0.8970	0.8909
99
0723	0.1498	0.9833	0.3714	0.9000	0.1218s	0.3595	0.8990	0.8932
100
0724	0.1220	0.9833	0.3695	0.9040	0.1225s	0.3584	0.9030	0.8979
101
0725	0.1420	0.9583	0.3698	0.9020	0.1221s	0.3594	0.9030	0.8978
102
0726	0.1613	0.9833	0.3685	0.9020	0.1220s	0.3583	0.9020	0.8970
103
0727	0.1390	0.9667	0.3671	0.9000	0.1231s	0.3569	0.9010	0.8960
104
0728	0.1374	0.9667	0.3675	0.9060	0.1226s	0.3589	0.9030	0.8981
105
0729	0.1317	1.0000	0.3706	0.9040	0.1221s	0.3625	0.9020	0.8969
106
0730	0.1653	0.9833	0.3780	0.9000	0.1215s	0.3699	0.8990	0.8930
107
0731	0.1195	0.9833	0.3823	0.9020	0.1217s	0.3732	0.8970	0.8908
108
0732	0.1570	0.9833	0.3813	0.9020	0.1046s	0.3708	0.8980	0.8921
109
0733	0.1209	1.0000	0.3809	0.9020	0.1174s	0.3679	0.8990	0.8933
110
0734	0.1297	0.9750	0.3777	0.9020	0.1222s	0.3619	0.8960	0.8898
111
0735	0.1253	0.9833	0.3740	0.9000	0.1224s	0.3561	0.9010	0.8955
112
0736	0.1483	0.9750	0.3752	0.8980	0.1054s	0.3552	0.9010	0.8955
113
0737	0.1238	0.9583	0.3756	0.9040	0.1212s	0.3556	0.9030	0.8979
114
0738	0.1502	0.9667	0.3790	0.9000	0.1217s	0.3585	0.9030	0.8978
115
0739	0.1549	0.9667	0.3846	0.9000	0.1047s	0.3638	0.9010	0.8951
116
0740	0.1312	0.9667	0.3881	0.8980	0.1242s	0.3663	0.9030	0.8969
117
0741	0.1387	0.9583	0.3856	0.8980	0.1224s	0.3634	0.9030	0.8969
118
0742	0.1513	0.9667	0.3747	0.9000	0.1224s	0.3528	0.9070	0.9016
119
0743	0.1367	0.9667	0.3660	0.9000	0.1223s	0.3435	0.9060	0.9012
120
0744	0.1134	1.0000	0.3636	0.9040	0.1217s	0.3390	0.9060	0.9015
121
0745	0.1369	0.9667	0.3625	0.9000	0.1220s	0.3382	0.9080	0.9038
122
0746	0.1282	0.9833	0.3620	0.9040	0.1221s	0.3375	0.9090	0.9045
123
0747	0.1361	0.9917	0.3645	0.9000	0.1221s	0.3400	0.9060	0.9016
124
0748	0.1314	0.9750	0.3706	0.8980	0.1220s	0.3459	0.9020	0.8972
125
0749	0.1278	0.9750	0.3721	0.9040	0.1220s	0.3466	0.9030	0.8980
126
0750	0.1331	0.9833	0.3709	0.8980	0.1221s	0.3450	0.9030	0.8981
127
0751	0.1476	0.9750	0.3713	0.8960	0.1222s	0.3454	0.9060	0.9011
128
0752	0.1316	0.9667	0.3686	0.9000	0.1219s	0.3442	0.9070	0.9020
129
0753	0.1355	0.9750	0.3631	0.9020	0.1217s	0.3410	0.9100	0.9053
130
0754	0.1369	0.9667	0.3574	0.9020	0.1218s	0.3367	0.9100	0.9052
131
0755	0.1357	0.9750	0.3545	0.9040	0.1230s	0.3363	0.9100	0.9054
132
0756	0.1310	0.9750	0.3545	0.9020	0.1221s	0.3387	0.9080	0.9033
133
0757	0.1406	0.9833	0.3572	0.9040	0.1223s	0.3426	0.9080	0.9034
134
0758	0.1442	0.9583	0.3572	0.9040	0.1224s	0.3406	0.9070	0.9021
135
0759	0.1159	1.0000	0.3592	0.9040	0.1224s	0.3410	0.9080	0.9034
136
0760	0.1175	0.9917	0.3604	0.9020	0.1224s	0.3410	0.9060	0.9011
137
0761	0.1283	0.9917	0.3641	0.9020	0.1224s	0.3460	0.9060	0.9014
138
0762	0.1327	0.9667	0.3652	0.9020	0.1225s	0.3478	0.9050	0.9003
139
0763	0.1405	0.9750	0.3612	0.9020	0.1223s	0.3456	0.9090	0.9043
140
0764	0.1423	0.9667	0.3565	0.9060	0.1224s	0.3430	0.9100	0.9052
141
0765	0.1329	0.9833	0.3539	0.9040	0.1220s	0.3412	0.9070	0.9020
142
0766	0.1089	1.0000	0.3535	0.9040	0.1222s	0.3417	0.9050	0.9000
143
0767	0.1477	0.9750	0.3551	0.9060	0.1219s	0.3460	0.9080	0.9032
144
0768	0.1281	0.9833	0.3573	0.9040	0.1216s	0.3498	0.9070	0.9021
145
0769	0.1371	0.9750	0.3645	0.9000	0.1220s	0.3583	0.9060	0.9009
146
0770	0.1473	0.9667	0.3780	0.9020	0.1239s	0.3708	0.9030	0.8972
147
0771	0.1355	0.9917	0.3888	0.9020	0.1224s	0.3806	0.8950	0.8889
148
0772	0.1329	0.9833	0.3826	0.9060	0.1215s	0.3752	0.9020	0.8960
149
0773	0.1362	0.9833	0.3759	0.9040	0.1223s	0.3699	0.9010	0.8951
150
0774	0.1476	0.9750	0.3608	0.9040	0.1221s	0.3557	0.9060	0.9009
151
0775	0.1221	0.9917	0.3564	0.9080	0.1223s	0.3517	0.9070	0.9018
152
0776	0.1317	0.9750	0.3567	0.9060	0.1220s	0.3528	0.9030	0.8980
153
0777	0.1431	0.9833	0.3565	0.9060	0.1220s	0.3550	0.9020	0.8970
154
0778	0.1331	0.9833	0.3569	0.9080	0.1237s	0.3576	0.9040	0.8988
155
0779	0.1104	0.9833	0.3599	0.9040	0.1222s	0.3633	0.9060	0.9008
156
0780	0.1280	0.9917	0.3659	0.9020	0.1221s	0.3705	0.9060	0.9003
157
0781	0.1209	0.9667	0.3747	0.8980	0.1215s	0.3788	0.9020	0.8958
158
0782	0.1210	0.9833	0.3793	0.8940	0.1218s	0.3829	0.8980	0.8911
159
0783	0.1154	1.0000	0.3738	0.8980	0.1256s	0.3767	0.9040	0.8984
160
0784	0.1272	0.9750	0.3683	0.8980	0.1213s	0.3709	0.9080	0.9025
161
0785	0.1589	0.9917	0.3616	0.9040	0.1217s	0.3642	0.9060	0.9012
162
0786	0.1176	0.9750	0.3570	0.9100	0.1225s	0.3587	0.9070	0.9022
163
0787	0.1363	0.9917	0.3564	0.9040	0.1220s	0.3559	0.9040	0.8991
164
0788	0.1424	0.9583	0.3574	0.9080	0.1219s	0.3542	0.9070	0.9019
165
0789	0.1141	0.9750	0.3572	0.9080	0.1216s	0.3531	0.9090	0.9043
166
0790	0.1431	0.9917	0.3576	0.9080	0.1224s	0.3547	0.9090	0.9044
167
0791	0.1339	0.9833	0.3615	0.9040	0.1221s	0.3599	0.9070	0.9019
168
0792	0.1398	0.9833	0.3691	0.9060	0.1214s	0.3666	0.9010	0.8946
169
0793	0.1347	0.9917	0.3707	0.9020	0.1230s	0.3689	0.9000	0.8937
170
0794	0.1374	0.9750	0.3692	0.9020	0.1217s	0.3682	0.9030	0.8968
171
0795	0.1333	0.9583	0.3668	0.9060	0.1043s	0.3654	0.9010	0.8952
172
0796	0.1420	0.9917	0.3648	0.9040	0.1223s	0.3624	0.9010	0.8955
173
0797	0.1266	0.9833	0.3621	0.9060	0.1220s	0.3585	0.9020	0.8969
174
0798	0.1403	0.9750	0.3598	0.9060	0.1222s	0.3551	0.9050	0.9006
175
0799	0.1278	0.9833	0.3589	0.9100	0.1222s	0.3537	0.9070	0.9025
176
0800	0.1322	0.9917	0.3600	0.9060	0.1045s	0.3552	0.9080	0.9036
177
0801	0.1118	0.9667	0.3619	0.9020	0.1231s	0.3578	0.9030	0.8974
178
0802	0.1246	0.9667	0.3633	0.9020	0.1219s	0.3599	0.9030	0.8975
179
0803	0.1635	0.9750	0.3615	0.9040	0.1221s	0.3569	0.9000	0.8942
180
0804	0.1274	0.9667	0.3555	0.9040	0.1043s	0.3484	0.9080	0.9032
181
0805	0.1498	0.9833	0.3525	0.9080	0.1043s	0.3425	0.9120	0.9075
182
0806	0.1216	0.9833	0.3524	0.9080	0.1042s	0.3402	0.9110	0.9066
183
0807	0.1305	0.9833	0.3516	0.9080	0.1045s	0.3410	0.9110	0.9065
184
0808	0.1221	0.9667	0.3531	0.9040	0.1172s	0.3457	0.9090	0.9045
185
0809	0.1203	0.9917	0.3573	0.9040	0.1221s	0.3521	0.9030	0.8973
186
0810	0.1479	0.9833	0.3620	0.9040	0.1221s	0.3583	0.9040	0.8980
187
0811	0.1389	0.9833	0.3655	0.9080	0.1221s	0.3628	0.9020	0.8958
188
0812	0.1308	0.9833	0.3639	0.9080	0.1222s	0.3605	0.8990	0.8929
189
0813	0.1352	0.9833	0.3578	0.9080	0.1223s	0.3521	0.9040	0.8988
190
0814	0.1215	0.9917	0.3540	0.9060	0.1217s	0.3443	0.9040	0.8990
191
0815	0.1299	1.0000	0.3539	0.9100	0.1219s	0.3402	0.9070	0.9021
192
0816	0.1427	0.9917	0.3530	0.9060	0.1217s	0.3352	0.9060	0.9013
193
0817	0.1376	0.9667	0.3527	0.9060	0.1258s	0.3314	0.9060	0.9014
194
0818	0.1377	0.9917	0.3548	0.9060	0.1224s	0.3310	0.9080	0.9035
195
0819	0.1313	0.9750	0.3580	0.9080	0.1224s	0.3325	0.9090	0.9040
196
0820	0.1135	0.9833	0.3627	0.9000	0.1223s	0.3365	0.9120	0.9070
197
0821	0.1286	0.9750	0.3686	0.9020	0.1220s	0.3426	0.9150	0.9101
198
0822	0.1579	0.9667	0.3679	0.9060	0.1222s	0.3397	0.9140	0.9089
199
Early stop! Min loss:0.3485950827598572,  Max accuracy:0.914
Early stop model validation loss:0.3485950827598572,  accuracy:0.908
Optimization Finished!
Total time elapsed: 100.6079s
test max acc:0.9160
Loading 621th epoch
stru_node_to_hop attention:tensor([[0.2489, 0.2516, 0.2500, 0.2496],
        [0.2499, 0.2501, 0.2500, 0.2500],
        [0.2479, 0.2511, 0.2505, 0.2504],
        [0.2502, 0.2520, 0.2493, 0.2485],
        [0.2502, 0.2494, 0.2502, 0.2502],
        [0.2495, 0.2509, 0.2499, 0.2497],
        [0.2491, 0.2507, 0.2502, 0.2501],
        [0.2504, 0.2503, 0.2499, 0.2494],
        [0.2482, 0.2507, 0.2505, 0.2505],
        [0.2481, 0.2508, 0.2506, 0.2505],
        [0.2495, 0.2506, 0.2500, 0.2499],
        [0.2506, 0.2496, 0.2498, 0.2499],
        [0.2495, 0.2503, 0.2501, 0.2501],
        [0.2493, 0.2504, 0.2500, 0.2502],
        [0.2473, 0.2507, 0.2508, 0.2512],
        [0.2501, 0.2506, 0.2498, 0.2495],
        [0.2470, 0.2518, 0.2507, 0.2505],
        [0.2481, 0.2515, 0.2503, 0.2502],
        [0.2488, 0.2504, 0.2504, 0.2504],
        [0.2514, 0.2501, 0.2495, 0.2491],
        [0.2500, 0.2502, 0.2499, 0.2499],
        [0.2489, 0.2508, 0.2502, 0.2501],
        [0.2505, 0.2500, 0.2498, 0.2496],
        [0.2483, 0.2513, 0.2502, 0.2502],
        [0.2485, 0.2506, 0.2504, 0.2504],
        [0.2489, 0.2510, 0.2501, 0.2500],
        [0.2503, 0.2499, 0.2499, 0.2499],
        [0.2473, 0.2514, 0.2507, 0.2506],
        [0.2511, 0.2498, 0.2496, 0.2496],
        [0.2513, 0.2496, 0.2496, 0.2495],
        [0.2507, 0.2494, 0.2498, 0.2500],
        [0.2462, 0.2520, 0.2511, 0.2507],
        [0.2503, 0.2500, 0.2499, 0.2498],
        [0.2515, 0.2493, 0.2496, 0.2496],
        [0.2494, 0.2504, 0.2503, 0.2499],
        [0.2488, 0.2510, 0.2501, 0.2501],
        [0.2514, 0.2495, 0.2498, 0.2493],
        [0.2500, 0.2497, 0.2501, 0.2502],
        [0.2504, 0.2500, 0.2498, 0.2498],
        [0.2479, 0.2522, 0.2500, 0.2499],
        [0.2502, 0.2499, 0.2500, 0.2500],
        [0.2496, 0.2498, 0.2503, 0.2502],
        [0.2479, 0.2511, 0.2506, 0.2505],
        [0.2494, 0.2505, 0.2501, 0.2500],
        [0.2483, 0.2505, 0.2506, 0.2506],
        [0.1392, 0.1887, 0.2731, 0.3989],
        [0.2498, 0.2503, 0.2501, 0.2499],
        [0.2480, 0.2514, 0.2504, 0.2502],
        [0.2504, 0.2509, 0.2494, 0.2493],
        [0.2491, 0.2506, 0.2503, 0.2500],
        [0.2482, 0.2502, 0.2507, 0.2509],
        [0.2478, 0.2514, 0.2506, 0.2503],
        [0.2500, 0.2500, 0.2500, 0.2500],
        [0.2506, 0.2496, 0.2500, 0.2498],
        [0.2471, 0.2519, 0.2503, 0.2507],
        [0.2456, 0.2521, 0.2511, 0.2513],
        [0.2506, 0.2504, 0.2497, 0.2492],
        [0.2506, 0.2504, 0.2496, 0.2493],
        [0.2486, 0.2507, 0.2505, 0.2502],
        [0.2481, 0.2510, 0.2505, 0.2504],
        [0.2501, 0.2503, 0.2499, 0.2498],
        [0.2504, 0.2494, 0.2500, 0.2501],
        [0.2471, 0.2518, 0.2508, 0.2503],
        [0.2474, 0.2514, 0.2507, 0.2505],
        [0.2497, 0.2500, 0.2501, 0.2501],
        [0.2493, 0.2497, 0.2504, 0.2506],
        [0.2497, 0.2508, 0.2501, 0.2495],
        [0.2488, 0.2505, 0.2503, 0.2504],
        [0.2510, 0.2496, 0.2497, 0.2497],
        [0.2485, 0.2509, 0.2504, 0.2502],
        [0.2493, 0.2507, 0.2501, 0.2500],
        [0.2495, 0.2500, 0.2502, 0.2502],
        [0.2494, 0.2503, 0.2502, 0.2501],
        [0.2502, 0.2500, 0.2500, 0.2498],
        [0.2509, 0.2496, 0.2498, 0.2498],
        [0.2494, 0.2507, 0.2500, 0.2500],
        [0.2488, 0.2511, 0.2501, 0.2500],
        [0.2452, 0.2530, 0.2510, 0.2508],
        [0.2486, 0.2506, 0.2504, 0.2504],
        [0.2490, 0.2502, 0.2504, 0.2504],
        [0.2505, 0.2503, 0.2499, 0.2494],
        [0.2501, 0.2499, 0.2501, 0.2500],
        [0.2517, 0.2497, 0.2495, 0.2491],
        [0.2504, 0.2497, 0.2500, 0.2499],
        [0.2490, 0.2504, 0.2503, 0.2503],
        [0.2502, 0.2501, 0.2499, 0.2498],
        [0.2487, 0.2502, 0.2506, 0.2506],
        [0.2470, 0.2520, 0.2507, 0.2504],
        [0.2499, 0.2497, 0.2501, 0.2503],
        [0.2534, 0.2490, 0.2491, 0.2486],
        [0.2501, 0.2499, 0.2500, 0.2500],
        [0.2499, 0.2501, 0.2500, 0.2500],
        [0.2489, 0.2505, 0.2503, 0.2503],
        [0.2496, 0.2503, 0.2501, 0.2500],
        [0.2503, 0.2499, 0.2499, 0.2499],
        [0.2500, 0.2500, 0.2500, 0.2500],
        [0.2499, 0.2501, 0.2500, 0.2500],
        [0.2497, 0.2502, 0.2500, 0.2501],
        [0.2495, 0.2505, 0.2500, 0.2500],
        [0.2500, 0.2507, 0.2498, 0.2495]], device='cuda:1')
fea_node_to_hop attention:tensor([[0.3330, 0.3336, 0.3334],
        [0.3329, 0.3336, 0.3335],
        [0.3336, 0.3319, 0.3345],
        [0.3278, 0.3355, 0.3367],
        [0.3309, 0.3348, 0.3343],
        [0.3285, 0.3344, 0.3371],
        [0.3299, 0.3343, 0.3358],
        [0.3313, 0.3317, 0.3370],
        [0.3317, 0.3336, 0.3347],
        [0.3317, 0.3332, 0.3351],
        [0.3312, 0.3335, 0.3352],
        [0.3331, 0.3333, 0.3336],
        [0.3328, 0.3333, 0.3339],
        [0.3329, 0.3350, 0.3321],
        [0.3330, 0.3329, 0.3341],
        [0.3304, 0.3338, 0.3358],
        [0.3307, 0.3336, 0.3357],
        [0.3280, 0.3365, 0.3355],
        [0.3284, 0.3364, 0.3352],
        [0.3349, 0.3323, 0.3327],
        [0.3332, 0.3329, 0.3339],
        [0.3310, 0.3348, 0.3342],
        [0.3305, 0.3337, 0.3357],
        [0.3271, 0.3363, 0.3367],
        [0.3320, 0.3346, 0.3335],
        [0.3304, 0.3341, 0.3356],
        [0.3327, 0.3335, 0.3338],
        [0.3331, 0.3333, 0.3337],
        [0.3318, 0.3322, 0.3360],
        [0.3307, 0.3340, 0.3353],
        [0.3342, 0.3335, 0.3324],
        [0.3275, 0.3344, 0.3381],
        [0.3300, 0.3352, 0.3348],
        [0.3370, 0.3315, 0.3315],
        [0.3349, 0.3319, 0.3331],
        [0.3312, 0.3332, 0.3357],
        [0.3323, 0.3325, 0.3351],
        [0.3367, 0.3309, 0.3324],
        [0.3346, 0.3326, 0.3329],
        [0.3302, 0.3358, 0.3339],
        [0.3325, 0.3335, 0.3339],
        [0.3338, 0.3329, 0.3333],
        [0.3322, 0.3344, 0.3334],
        [0.3298, 0.3354, 0.3348],
        [0.3328, 0.3332, 0.3339],
        [0.3380, 0.3111, 0.3509],
        [0.3315, 0.3338, 0.3347],
        [0.3328, 0.3334, 0.3338],
        [0.3326, 0.3324, 0.3350],
        [0.3315, 0.3339, 0.3346],
        [0.3317, 0.3347, 0.3336],
        [0.3293, 0.3349, 0.3358],
        [0.3328, 0.3335, 0.3337],
        [0.3293, 0.3337, 0.3370],
        [0.3291, 0.3346, 0.3362],
        [0.3322, 0.3334, 0.3343],
        [0.3340, 0.3330, 0.3330],
        [0.3321, 0.3324, 0.3355],
        [0.3309, 0.3333, 0.3359],
        [0.3319, 0.3344, 0.3337],
        [0.3331, 0.3331, 0.3338],
        [0.3329, 0.3336, 0.3335],
        [0.3301, 0.3341, 0.3358],
        [0.3310, 0.3343, 0.3347],
        [0.3323, 0.3338, 0.3339],
        [0.3349, 0.3322, 0.3330],
        [0.3308, 0.3346, 0.3345],
        [0.3342, 0.3321, 0.3337],
        [0.3343, 0.3329, 0.3328],
        [0.3290, 0.3340, 0.3371],
        [0.3299, 0.3351, 0.3351],
        [0.3255, 0.3359, 0.3386],
        [0.3319, 0.3337, 0.3345],
        [0.3290, 0.3346, 0.3364],
        [0.3336, 0.3332, 0.3332],
        [0.3321, 0.3329, 0.3350],
        [0.3303, 0.3353, 0.3345],
        [0.3381, 0.3300, 0.3320],
        [0.3322, 0.3337, 0.3341],
        [0.3312, 0.3344, 0.3344],
        [0.3300, 0.3348, 0.3352],
        [0.3328, 0.3344, 0.3328],
        [0.3313, 0.3336, 0.3351],
        [0.3333, 0.3328, 0.3340],
        [0.3306, 0.3342, 0.3352],
        [0.3299, 0.3345, 0.3357],
        [0.3330, 0.3333, 0.3337],
        [0.3315, 0.3328, 0.3357],
        [0.3318, 0.3340, 0.3343],
        [0.3275, 0.3353, 0.3373],
        [0.3333, 0.3336, 0.3331],
        [0.3325, 0.3336, 0.3339],
        [0.3312, 0.3337, 0.3351],
        [0.3320, 0.3342, 0.3338],
        [0.3333, 0.3332, 0.3335],
        [0.3334, 0.3334, 0.3332],
        [0.3327, 0.3336, 0.3337],
        [0.3349, 0.3317, 0.3333],
        [0.3326, 0.3329, 0.3345],
        [0.3298, 0.3356, 0.3347]], device='cuda:1')
perception attention:tensor([0.5000, 0.5000], device='cuda:1')
Test set results: loss= 0.3250 accuracy= 0.9080 F1_score= 0.9035
