# epoch	loss_train	acc_train	loss_val	acc_val	time	acc_test	f1_test
0001	1.7946	0.1667	1.6921	0.3740	0.1223s	1.6781	0.3920	0.3073
0
0002	1.6853	0.4167	1.5415	0.3940	0.1221s	1.5090	0.4170	0.2913
0
0003	1.5293	0.4333	1.3782	0.5140	0.1221s	1.3436	0.5440	0.4441
0
0004	1.3550	0.5917	1.1863	0.7540	0.1229s	1.1580	0.7850	0.7674
0
0005	1.1394	0.8167	1.0091	0.8420	0.1062s	0.9863	0.8680	0.8590
0
0006	0.9877	0.8667	0.8699	0.8460	0.1230s	0.8495	0.8530	0.8477
0
0007	0.8507	0.8500	0.7588	0.8180	0.1233s	0.7377	0.8290	0.8240
0
0008	0.6933	0.8417	0.6579	0.8500	0.1226s	0.6358	0.8460	0.8373
0
0009	0.6168	0.8250	0.5765	0.8780	0.1197s	0.5547	0.8840	0.8765
0
0010	0.5413	0.8583	0.5182	0.8860	0.1223s	0.4970	0.8950	0.8881
0
0011	0.4555	0.9333	0.4779	0.8820	0.1220s	0.4553	0.8950	0.8876
0
0012	0.3957	0.9417	0.4430	0.8920	0.1049s	0.4194	0.8970	0.8904
0
0013	0.3627	0.9250	0.4176	0.8880	0.1069s	0.3918	0.8930	0.8862
0
0014	0.3472	0.9417	0.4025	0.8880	0.1196s	0.3763	0.8980	0.8921
0
0015	0.3064	0.9417	0.3939	0.8820	0.1225s	0.3663	0.9000	0.8944
0
0016	0.2491	0.9333	0.3855	0.8880	0.1227s	0.3564	0.9020	0.8969
0
0017	0.2490	0.9667	0.3874	0.8840	0.1225s	0.3570	0.8940	0.8877
0
0018	0.2337	0.9500	0.3979	0.8760	0.1222s	0.3660	0.8890	0.8809
1
0019	0.2163	0.9500	0.4031	0.8780	0.1225s	0.3703	0.8880	0.8796
2
0020	0.2368	0.9417	0.4021	0.8800	0.1227s	0.3678	0.8910	0.8835
3
0021	0.2257	0.9083	0.3914	0.8900	0.1223s	0.3557	0.8990	0.8931
4
0022	0.2321	0.9833	0.3853	0.8940	0.1225s	0.3474	0.8980	0.8925
5
0023	0.2225	0.9500	0.3844	0.8940	0.1221s	0.3453	0.8980	0.8923
0
0024	0.1874	0.9667	0.3861	0.8920	0.1044s	0.3478	0.8980	0.8923
0
0025	0.2082	0.9500	0.3948	0.8800	0.1221s	0.3580	0.8950	0.8887
1
0026	0.1919	0.9583	0.4040	0.8780	0.1221s	0.3677	0.8920	0.8850
2
0027	0.1892	0.9667	0.4172	0.8740	0.1220s	0.3807	0.8920	0.8845
3
0028	0.1832	0.9417	0.4231	0.8780	0.1220s	0.3860	0.8870	0.8792
4
0029	0.1934	0.9833	0.4205	0.8840	0.1221s	0.3825	0.8860	0.8780
5
0030	0.1715	0.9417	0.4143	0.8860	0.1219s	0.3758	0.8920	0.8843
6
0031	0.1594	1.0000	0.4064	0.8880	0.1221s	0.3678	0.8920	0.8849
7
0032	0.1689	0.9833	0.3999	0.8960	0.1063s	0.3616	0.8940	0.8872
8
0033	0.1621	0.9667	0.3971	0.8960	0.1223s	0.3595	0.8930	0.8868
0
0034	0.1536	0.9500	0.3968	0.9000	0.1222s	0.3610	0.8990	0.8936
0
0035	0.1592	0.9500	0.4004	0.8940	0.1220s	0.3665	0.8960	0.8900
0
0036	0.1615	0.9750	0.4043	0.8900	0.1221s	0.3727	0.8930	0.8864
1
0037	0.1755	0.9833	0.4068	0.8800	0.1226s	0.3773	0.8930	0.8863
2
0038	0.1482	0.9917	0.4136	0.8840	0.1222s	0.3855	0.8870	0.8800
3
0039	0.1630	0.9500	0.4221	0.8760	0.1221s	0.3950	0.8830	0.8753
4
0040	0.1564	0.9500	0.4205	0.8800	0.1218s	0.3943	0.8820	0.8748
5
0041	0.1496	0.9667	0.4115	0.8800	0.1222s	0.3855	0.8850	0.8780
6
0042	0.1477	0.9917	0.4007	0.8820	0.1227s	0.3751	0.8900	0.8835
7
0043	0.1529	0.9917	0.3918	0.8880	0.1220s	0.3666	0.8920	0.8855
8
0044	0.1436	0.9833	0.3856	0.8960	0.1219s	0.3613	0.8940	0.8878
9
0045	0.1737	0.9583	0.3861	0.9000	0.1219s	0.3632	0.8960	0.8898
10
0046	0.1558	1.0000	0.3883	0.8920	0.1159s	0.3666	0.8970	0.8908
0
0047	0.1451	0.9833	0.3914	0.8900	0.1048s	0.3705	0.8970	0.8904
1
0048	0.1808	0.9750	0.3952	0.8900	0.1177s	0.3746	0.8990	0.8922
2
0049	0.1475	0.9917	0.3957	0.8900	0.1196s	0.3747	0.8960	0.8888
3
0050	0.1690	0.9750	0.3928	0.8920	0.1045s	0.3710	0.8970	0.8903
4
0051	0.1524	0.9667	0.3910	0.8920	0.1047s	0.3687	0.8970	0.8903
5
0052	0.1642	0.9583	0.3870	0.8920	0.1048s	0.3639	0.8950	0.8883
6
0053	0.1799	0.9583	0.3823	0.8920	0.1171s	0.3588	0.8930	0.8864
7
0054	0.1651	0.9583	0.3780	0.8920	0.1226s	0.3540	0.8960	0.8897
0
0055	0.1402	0.9750	0.3745	0.9000	0.1149s	0.3513	0.8980	0.8916
0
0056	0.1837	0.9667	0.3768	0.9020	0.1052s	0.3544	0.9020	0.8960
0
0057	0.1459	0.9667	0.3790	0.8960	0.1142s	0.3577	0.9000	0.8942
0
0058	0.1678	1.0000	0.3807	0.8920	0.1145s	0.3607	0.9020	0.8966
1
0059	0.1505	0.9750	0.3790	0.8900	0.1200s	0.3601	0.9000	0.8944
2
0060	0.1484	0.9917	0.3753	0.8880	0.1219s	0.3569	0.9020	0.8961
3
0061	0.1857	0.9667	0.3754	0.8940	0.1225s	0.3575	0.9040	0.8981
4
0062	0.1535	0.9833	0.3741	0.8940	0.1111s	0.3564	0.9010	0.8954
5
0063	0.1412	0.9833	0.3725	0.8940	0.1194s	0.3547	0.8990	0.8932
0
0064	0.1688	0.9750	0.3691	0.9000	0.1197s	0.3501	0.8960	0.8900
0
0065	0.1435	0.9750	0.3667	0.9040	0.1178s	0.3468	0.9020	0.8963
0
0066	0.1577	0.9833	0.3678	0.9040	0.1196s	0.3466	0.9060	0.9002
0
0067	0.1460	0.9917	0.3739	0.9000	0.1223s	0.3508	0.9030	0.8972
0
0068	0.1450	0.9917	0.3777	0.9020	0.1203s	0.3539	0.9040	0.8981
1
0069	0.1749	0.9583	0.3752	0.9020	0.1226s	0.3523	0.9050	0.8990
2
0070	0.1756	0.9917	0.3720	0.9000	0.1152s	0.3512	0.9080	0.9021
3
0071	0.1473	0.9750	0.3703	0.9020	0.1196s	0.3525	0.9070	0.9007
4
0072	0.1429	0.9833	0.3685	0.8940	0.1212s	0.3531	0.9030	0.8966
5
0073	0.1506	0.9917	0.3697	0.8900	0.1160s	0.3557	0.8980	0.8921
6
0074	0.1553	0.9583	0.3712	0.8880	0.1173s	0.3573	0.9000	0.8943
7
0075	0.1589	0.9750	0.3700	0.8940	0.1148s	0.3552	0.9050	0.8989
8
0076	0.1505	0.9500	0.3714	0.8960	0.0978s	0.3544	0.9070	0.9009
9
0077	0.1738	0.9833	0.3772	0.8980	0.1070s	0.3576	0.9080	0.9020
10
0078	0.1415	1.0000	0.3815	0.8960	0.0963s	0.3590	0.9080	0.9022
11
0079	0.1379	0.9750	0.3799	0.9000	0.1060s	0.3566	0.9040	0.8977
12
0080	0.1315	0.9917	0.3745	0.9060	0.1215s	0.3513	0.9050	0.8986
13
0081	0.1549	1.0000	0.3707	0.9020	0.1201s	0.3493	0.9030	0.8965
0
0082	0.1432	1.0000	0.3684	0.9020	0.1189s	0.3477	0.9040	0.8980
1
0083	0.1482	0.9750	0.3679	0.9020	0.1177s	0.3480	0.9020	0.8961
2
0084	0.1452	0.9833	0.3728	0.8960	0.1225s	0.3525	0.9020	0.8962
3
0085	0.1330	0.9750	0.3774	0.8940	0.1176s	0.3566	0.9020	0.8957
4
0086	0.1299	0.9833	0.3835	0.8920	0.1226s	0.3628	0.9050	0.8982
5
0087	0.1403	0.9917	0.3861	0.8880	0.1197s	0.3647	0.9070	0.9002
6
0088	0.1368	0.9833	0.3857	0.8880	0.1051s	0.3627	0.9090	0.9030
7
0089	0.1760	0.9583	0.3819	0.8920	0.1048s	0.3585	0.9080	0.9019
8
0090	0.1594	0.9750	0.3791	0.8960	0.1046s	0.3554	0.9060	0.9002
9
0091	0.1505	0.9917	0.3760	0.8980	0.1044s	0.3529	0.9040	0.8980
10
0092	0.1457	1.0000	0.3753	0.9000	0.1195s	0.3529	0.9030	0.8972
11
0093	0.1294	0.9750	0.3751	0.9020	0.1224s	0.3538	0.9020	0.8966
12
0094	0.1380	0.9833	0.3755	0.9000	0.1150s	0.3548	0.9010	0.8954
13
0095	0.1453	0.9667	0.3797	0.8960	0.1170s	0.3587	0.8970	0.8916
14
0096	0.1523	0.9833	0.3838	0.8920	0.1178s	0.3610	0.9000	0.8945
15
0097	0.1555	0.9583	0.3824	0.8940	0.1046s	0.3578	0.9020	0.8967
16
0098	0.1705	0.9750	0.3828	0.8940	0.1219s	0.3556	0.9060	0.9005
17
0099	0.1523	0.9750	0.3848	0.8940	0.1113s	0.3558	0.9020	0.8958
18
0100	0.1410	0.9750	0.3906	0.8940	0.1227s	0.3603	0.9000	0.8938
19
0101	0.1387	0.9750	0.3935	0.8940	0.1221s	0.3633	0.8990	0.8926
20
0102	0.1767	0.9750	0.3862	0.8960	0.1221s	0.3577	0.9030	0.8972
21
0103	0.1413	0.9750	0.3767	0.8980	0.1198s	0.3513	0.9090	0.9036
22
0104	0.1225	0.9917	0.3706	0.8960	0.1224s	0.3471	0.9080	0.9030
23
0105	0.1476	0.9917	0.3684	0.8960	0.1141s	0.3466	0.9060	0.9010
24
0106	0.1522	0.9833	0.3680	0.8980	0.1044s	0.3465	0.9070	0.9020
25
0107	0.1156	1.0000	0.3699	0.8980	0.1174s	0.3490	0.9080	0.9033
26
0108	0.1354	0.9833	0.3711	0.8980	0.1047s	0.3506	0.9090	0.9040
27
0109	0.1567	0.9667	0.3725	0.8960	0.1045s	0.3517	0.9070	0.9017
28
0110	0.1559	0.9583	0.3751	0.8980	0.1047s	0.3548	0.9030	0.8969
29
0111	0.1202	0.9833	0.3805	0.8940	0.1046s	0.3603	0.9040	0.8978
30
0112	0.1272	0.9750	0.3839	0.8980	0.1213s	0.3638	0.9020	0.8956
31
0113	0.1248	0.9833	0.3822	0.8960	0.1046s	0.3622	0.9000	0.8936
32
0114	0.1164	0.9917	0.3794	0.8980	0.1218s	0.3602	0.9010	0.8947
33
0115	0.1336	0.9917	0.3759	0.9000	0.1212s	0.3568	0.9020	0.8960
34
0116	0.1368	0.9750	0.3679	0.8980	0.1219s	0.3497	0.9030	0.8972
35
0117	0.1338	0.9833	0.3654	0.9020	0.1218s	0.3484	0.9060	0.9004
36
0118	0.1286	0.9917	0.3660	0.9000	0.1050s	0.3504	0.9070	0.9020
0
0119	0.1243	1.0000	0.3689	0.8980	0.1193s	0.3552	0.9080	0.9032
1
0120	0.1465	0.9750	0.3736	0.8920	0.1220s	0.3613	0.9070	0.9018
2
0121	0.1335	0.9833	0.3763	0.8920	0.1189s	0.3647	0.9080	0.9026
3
0122	0.1318	1.0000	0.3769	0.8940	0.1223s	0.3635	0.9060	0.9002
4
0123	0.1238	0.9667	0.3781	0.9000	0.1047s	0.3630	0.9040	0.8981
5
0124	0.1616	0.9667	0.3821	0.8980	0.1224s	0.3649	0.9000	0.8942
6
0125	0.1430	0.9917	0.3837	0.8980	0.1221s	0.3659	0.9030	0.8975
7
0126	0.1515	0.9750	0.3869	0.9000	0.1201s	0.3685	0.9020	0.8964
8
0127	0.1464	0.9583	0.3847	0.9020	0.1225s	0.3680	0.9030	0.8974
9
0128	0.1264	0.9750	0.3792	0.9000	0.1224s	0.3642	0.9050	0.8996
10
0129	0.1631	0.9500	0.3753	0.9000	0.1047s	0.3613	0.9050	0.9000
11
0130	0.1277	0.9833	0.3709	0.9060	0.1172s	0.3548	0.9070	0.9023
12
0131	0.1354	0.9750	0.3686	0.9060	0.1130s	0.3485	0.9070	0.9023
0
0132	0.1794	0.9750	0.3692	0.9080	0.1224s	0.3457	0.9080	0.9035
0
0133	0.1507	0.9750	0.3709	0.9040	0.1219s	0.3473	0.9110	0.9066
0
0134	0.1285	0.9667	0.3765	0.9060	0.1222s	0.3549	0.9060	0.9006
1
0135	0.1180	0.9917	0.3877	0.8960	0.1224s	0.3679	0.9000	0.8937
2
0136	0.1321	0.9833	0.3994	0.8920	0.1227s	0.3806	0.9010	0.8944
3
0137	0.1653	0.9833	0.3997	0.8920	0.1048s	0.3799	0.9010	0.8943
4
0138	0.1569	0.9833	0.3898	0.8940	0.1226s	0.3691	0.9020	0.8955
5
0139	0.1352	0.9833	0.3761	0.8960	0.1219s	0.3535	0.9050	0.8990
6
0140	0.1259	0.9750	0.3666	0.9000	0.1221s	0.3411	0.9080	0.9032
7
0141	0.1409	0.9833	0.3645	0.9020	0.1219s	0.3356	0.9150	0.9109
8
0142	0.1455	0.9583	0.3635	0.9040	0.1222s	0.3352	0.9120	0.9077
0
0143	0.1417	1.0000	0.3627	0.9040	0.1088s	0.3381	0.9140	0.9100
0
0144	0.1243	0.9833	0.3652	0.8980	0.1198s	0.3459	0.9100	0.9054
0
0145	0.1365	0.9917	0.3751	0.8980	0.1048s	0.3594	0.9040	0.8979
1
0146	0.1274	0.9750	0.3909	0.8920	0.1172s	0.3767	0.9000	0.8932
2
0147	0.1465	0.9833	0.3982	0.8880	0.1073s	0.3835	0.8980	0.8909
3
0148	0.1523	0.9750	0.3904	0.8900	0.1185s	0.3751	0.8980	0.8911
4
0149	0.1560	0.9833	0.3814	0.8960	0.1222s	0.3657	0.9010	0.8950
5
0150	0.1678	0.9917	0.3724	0.9040	0.1221s	0.3531	0.9040	0.8984
6
0151	0.1147	1.0000	0.3694	0.9020	0.1221s	0.3458	0.9080	0.9030
7
0152	0.1538	0.9833	0.3684	0.9020	0.1219s	0.3430	0.9090	0.9047
8
0153	0.1464	0.9667	0.3705	0.9000	0.1240s	0.3471	0.9040	0.8985
9
0154	0.1394	0.9917	0.3757	0.9000	0.1218s	0.3544	0.9050	0.8991
10
0155	0.1276	0.9917	0.3832	0.9000	0.1217s	0.3624	0.9050	0.8992
11
0156	0.1281	0.9750	0.3877	0.8960	0.1045s	0.3669	0.9020	0.8959
12
0157	0.1279	0.9750	0.3890	0.8940	0.1219s	0.3674	0.9010	0.8948
13
0158	0.1386	0.9583	0.3906	0.8940	0.1218s	0.3665	0.8990	0.8926
14
0159	0.1355	0.9917	0.3871	0.8980	0.1239s	0.3609	0.8970	0.8904
15
0160	0.1386	0.9917	0.3791	0.9040	0.1222s	0.3521	0.9020	0.8960
16
0161	0.1416	0.9750	0.3754	0.9000	0.1218s	0.3474	0.9010	0.8954
17
0162	0.1333	0.9833	0.3732	0.8980	0.1222s	0.3458	0.9010	0.8956
18
0163	0.1138	0.9833	0.3707	0.9000	0.1219s	0.3449	0.9020	0.8964
19
0164	0.1252	0.9750	0.3682	0.9020	0.1217s	0.3442	0.9020	0.8967
20
0165	0.1449	0.9833	0.3677	0.9020	0.1220s	0.3453	0.9060	0.9012
21
0166	0.1349	0.9917	0.3680	0.9020	0.1217s	0.3456	0.9040	0.8991
22
0167	0.1357	0.9750	0.3675	0.8980	0.1215s	0.3465	0.9040	0.8990
23
0168	0.1250	0.9917	0.3692	0.8960	0.1216s	0.3517	0.9030	0.8975
24
0169	0.1435	0.9750	0.3697	0.8980	0.1210s	0.3552	0.9020	0.8963
25
0170	0.1355	1.0000	0.3750	0.8960	0.1207s	0.3623	0.9010	0.8952
26
0171	0.1376	0.9667	0.3828	0.8920	0.1219s	0.3704	0.8990	0.8929
27
0172	0.1334	0.9917	0.3817	0.8940	0.1224s	0.3695	0.8960	0.8899
28
0173	0.1423	0.9667	0.3759	0.8920	0.1222s	0.3629	0.8970	0.8910
29
0174	0.1303	0.9833	0.3678	0.8940	0.1051s	0.3547	0.9020	0.8964
30
0175	0.1613	0.9917	0.3628	0.9000	0.1040s	0.3472	0.9040	0.8988
31
0176	0.1480	0.9417	0.3614	0.9000	0.1045s	0.3465	0.9030	0.8977
32
0177	0.1389	0.9500	0.3605	0.9080	0.1219s	0.3463	0.9050	0.8998
0
0178	0.1643	0.9667	0.3612	0.9080	0.1222s	0.3497	0.9080	0.9028
0
0179	0.1374	0.9750	0.3663	0.9000	0.1215s	0.3592	0.9020	0.8963
0
0180	0.1504	0.9833	0.3765	0.9000	0.1221s	0.3740	0.9000	0.8939
1
0181	0.1320	0.9750	0.3873	0.8940	0.1225s	0.3857	0.9000	0.8932
2
0182	0.1519	0.9750	0.3908	0.8920	0.1213s	0.3896	0.8980	0.8911
3
0183	0.1369	0.9667	0.3899	0.8860	0.1162s	0.3866	0.8970	0.8904
4
0184	0.1533	0.9833	0.3907	0.8880	0.1218s	0.3841	0.8920	0.8853
5
0185	0.1447	0.9750	0.3900	0.8880	0.1222s	0.3784	0.8920	0.8849
6
0186	0.1538	0.9667	0.3931	0.8940	0.1212s	0.3776	0.8920	0.8853
7
0187	0.1366	0.9833	0.3916	0.8920	0.1226s	0.3750	0.8950	0.8881
8
0188	0.1589	1.0000	0.3826	0.8980	0.1221s	0.3668	0.9020	0.8956
9
0189	0.1405	0.9750	0.3793	0.8980	0.1264s	0.3651	0.9020	0.8961
10
0190	0.1467	0.9917	0.3844	0.9020	0.1222s	0.3719	0.9010	0.8951
11
0191	0.1315	0.9917	0.3955	0.8900	0.1223s	0.3849	0.9000	0.8946
12
0192	0.1314	0.9833	0.4029	0.8860	0.1222s	0.3933	0.8990	0.8940
13
0193	0.1423	0.9833	0.4030	0.8860	0.1222s	0.3937	0.8990	0.8939
14
0194	0.1316	0.9833	0.3961	0.8920	0.1221s	0.3860	0.9030	0.8975
15
0195	0.1569	0.9750	0.3963	0.8940	0.1221s	0.3832	0.9010	0.8949
16
0196	0.1394	0.9833	0.4058	0.8940	0.1225s	0.3870	0.8980	0.8914
17
0197	0.1400	0.9833	0.4196	0.8900	0.1213s	0.3970	0.8920	0.8852
18
0198	0.1278	0.9750	0.4258	0.8920	0.1203s	0.4006	0.8880	0.8817
19
0199	0.1525	0.9500	0.4127	0.8960	0.1222s	0.3895	0.8930	0.8866
20
0200	0.1416	0.9667	0.3989	0.8980	0.1204s	0.3793	0.9040	0.8983
21
0201	0.1513	0.9417	0.3927	0.9020	0.1221s	0.3773	0.9070	0.9013
22
0202	0.1436	0.9917	0.3979	0.8960	0.1047s	0.3870	0.9040	0.8982
23
0203	0.1294	0.9917	0.4097	0.8820	0.1195s	0.4019	0.9030	0.8976
24
0204	0.1349	0.9833	0.4196	0.8800	0.1217s	0.4118	0.8970	0.8919
25
0205	0.1406	0.9667	0.4142	0.8840	0.1216s	0.4058	0.8970	0.8914
26
0206	0.1425	0.9833	0.4049	0.8880	0.1215s	0.3955	0.8940	0.8879
27
0207	0.1446	1.0000	0.3973	0.8920	0.1221s	0.3879	0.8970	0.8907
28
0208	0.1535	0.9833	0.3931	0.8900	0.1216s	0.3844	0.8980	0.8921
29
0209	0.1249	0.9750	0.3945	0.8900	0.1222s	0.3869	0.8950	0.8895
30
0210	0.1363	0.9833	0.3959	0.8880	0.1215s	0.3881	0.8950	0.8895
31
0211	0.1478	0.9500	0.3905	0.8900	0.1214s	0.3837	0.8940	0.8883
32
0212	0.1345	0.9583	0.3865	0.9040	0.1216s	0.3803	0.9020	0.8967
33
0213	0.1311	0.9750	0.3871	0.8980	0.1210s	0.3823	0.9000	0.8945
34
0214	0.1259	0.9833	0.3932	0.8980	0.1219s	0.3874	0.9020	0.8962
35
0215	0.1574	0.9750	0.3956	0.8960	0.1216s	0.3876	0.9010	0.8949
36
0216	0.1366	0.9833	0.4006	0.8960	0.1219s	0.3885	0.8980	0.8918
37
0217	0.1558	0.9750	0.4021	0.8940	0.1087s	0.3859	0.8940	0.8879
38
0218	0.1585	0.9583	0.4039	0.8860	0.1222s	0.3864	0.8940	0.8877
39
0219	0.1263	0.9833	0.4001	0.8900	0.1218s	0.3823	0.8960	0.8897
40
0220	0.1454	0.9833	0.3926	0.8940	0.1223s	0.3761	0.9010	0.8950
41
0221	0.1707	0.9833	0.3822	0.9000	0.1109s	0.3663	0.9050	0.8993
42
0222	0.1217	1.0000	0.3801	0.9060	0.1218s	0.3636	0.9040	0.8989
43
0223	0.1177	0.9750	0.3813	0.9040	0.1219s	0.3645	0.9070	0.9021
44
0224	0.1385	0.9917	0.3876	0.8920	0.1218s	0.3701	0.9100	0.9045
45
0225	0.1343	0.9833	0.3983	0.8960	0.1222s	0.3809	0.9050	0.8995
46
0226	0.1427	0.9917	0.4017	0.8980	0.1220s	0.3841	0.9050	0.8991
47
0227	0.1489	0.9750	0.3922	0.9000	0.1217s	0.3750	0.9050	0.8995
48
0228	0.1218	0.9833	0.3852	0.8980	0.1220s	0.3680	0.9040	0.8988
49
0229	0.1419	0.9917	0.3779	0.9020	0.1221s	0.3605	0.9080	0.9030
50
0230	0.1538	0.9667	0.3749	0.9060	0.1223s	0.3576	0.9100	0.9050
51
0231	0.1258	0.9750	0.3760	0.9020	0.1218s	0.3608	0.9090	0.9038
52
0232	0.1246	0.9667	0.3783	0.9020	0.1222s	0.3650	0.9060	0.9008
53
0233	0.1308	0.9917	0.3827	0.8960	0.1221s	0.3713	0.9040	0.8987
54
0234	0.1186	0.9667	0.3841	0.8980	0.1225s	0.3750	0.9060	0.9007
55
0235	0.1342	1.0000	0.3841	0.9020	0.1049s	0.3770	0.9070	0.9018
56
0236	0.1232	0.9833	0.3840	0.9000	0.1221s	0.3781	0.9060	0.9009
57
0237	0.1316	0.9833	0.3853	0.8960	0.1219s	0.3789	0.9040	0.8988
58
0238	0.1246	0.9750	0.3834	0.8960	0.1222s	0.3758	0.9050	0.9001
59
0239	0.1219	0.9750	0.3812	0.8980	0.1222s	0.3708	0.9020	0.8966
60
0240	0.1504	0.9750	0.3773	0.9040	0.1217s	0.3648	0.9090	0.9043
61
0241	0.1338	0.9917	0.3756	0.9020	0.1221s	0.3621	0.9050	0.8999
62
0242	0.1268	0.9583	0.3749	0.9040	0.1219s	0.3607	0.9070	0.9023
63
0243	0.1378	0.9750	0.3750	0.9020	0.1222s	0.3620	0.9050	0.9001
64
0244	0.1268	0.9833	0.3806	0.8960	0.1223s	0.3681	0.9040	0.8986
65
0245	0.1283	0.9750	0.3885	0.8960	0.1224s	0.3748	0.9020	0.8962
66
0246	0.1366	0.9917	0.3929	0.8960	0.1220s	0.3760	0.9050	0.8993
67
0247	0.1160	1.0000	0.3955	0.8960	0.1247s	0.3758	0.9050	0.8991
68
0248	0.1238	0.9750	0.3925	0.8940	0.1221s	0.3721	0.9050	0.8992
69
0249	0.1456	0.9667	0.3875	0.9040	0.1218s	0.3672	0.9060	0.9003
70
0250	0.1288	1.0000	0.3882	0.8980	0.1221s	0.3673	0.9050	0.8994
71
0251	0.1283	0.9917	0.3843	0.9020	0.1049s	0.3637	0.9070	0.9018
72
0252	0.1282	0.9833	0.3824	0.9020	0.1225s	0.3612	0.9080	0.9032
73
0253	0.1467	0.9750	0.3796	0.9020	0.1221s	0.3590	0.9110	0.9062
74
0254	0.1157	0.9917	0.3773	0.9080	0.1222s	0.3550	0.9070	0.9019
75
0255	0.1407	0.9750	0.3788	0.9080	0.1219s	0.3544	0.9050	0.8996
0
0256	0.1228	1.0000	0.3835	0.9020	0.1234s	0.3581	0.9010	0.8952
0
0257	0.1227	0.9667	0.3877	0.9000	0.1047s	0.3622	0.8990	0.8926
1
0258	0.1325	1.0000	0.3891	0.9000	0.1220s	0.3637	0.9000	0.8938
2
0259	0.1323	1.0000	0.3897	0.9000	0.1138s	0.3638	0.8990	0.8930
3
0260	0.1182	0.9917	0.3917	0.8980	0.1042s	0.3652	0.9040	0.8977
4
0261	0.1261	0.9833	0.3900	0.9000	0.1196s	0.3632	0.9060	0.8998
5
0262	0.1251	0.9833	0.3928	0.8940	0.1242s	0.3666	0.9060	0.8998
6
0263	0.1415	0.9750	0.3990	0.8920	0.1201s	0.3733	0.9050	0.8982
7
0264	0.1426	0.9583	0.4005	0.8900	0.1224s	0.3751	0.9050	0.8985
8
0265	0.1196	0.9917	0.3959	0.8920	0.1218s	0.3701	0.9000	0.8930
9
0266	0.1423	0.9583	0.3921	0.8980	0.1220s	0.3641	0.8990	0.8928
10
0267	0.1453	0.9833	0.3923	0.8920	0.1221s	0.3602	0.9000	0.8944
11
0268	0.1219	0.9583	0.3912	0.8980	0.1220s	0.3550	0.9000	0.8945
12
0269	0.1346	0.9917	0.3889	0.9000	0.1218s	0.3499	0.9060	0.9010
13
0270	0.1359	0.9667	0.3877	0.9000	0.1220s	0.3485	0.9030	0.8976
14
0271	0.1198	0.9750	0.3870	0.9040	0.1214s	0.3493	0.9050	0.8996
15
0272	0.1279	0.9833	0.3907	0.9000	0.1216s	0.3563	0.9070	0.9014
16
0273	0.1194	0.9750	0.3978	0.8840	0.1219s	0.3666	0.9060	0.9002
17
0274	0.1433	0.9833	0.4013	0.8860	0.1222s	0.3721	0.9040	0.8983
18
0275	0.1517	0.9833	0.4015	0.8840	0.1223s	0.3726	0.9030	0.8971
19
0276	0.1519	0.9833	0.3907	0.8980	0.1228s	0.3610	0.9030	0.8973
20
0277	0.1232	0.9750	0.3824	0.9040	0.1225s	0.3502	0.9090	0.9040
21
0278	0.1316	1.0000	0.3801	0.9060	0.1219s	0.3458	0.9060	0.9007
22
0279	0.1202	0.9750	0.3829	0.9080	0.1222s	0.3478	0.9000	0.8941
23
0280	0.1339	0.9750	0.3822	0.9080	0.1216s	0.3477	0.9030	0.8971
0
0281	0.1232	1.0000	0.3816	0.9080	0.1221s	0.3479	0.9030	0.8970
0
0282	0.1207	0.9833	0.3810	0.9060	0.1220s	0.3481	0.9050	0.8996
0
0283	0.1139	0.9750	0.3812	0.9020	0.1222s	0.3501	0.9040	0.8985
1
0284	0.1467	0.9833	0.3816	0.9040	0.1221s	0.3514	0.9030	0.8975
2
0285	0.1394	0.9750	0.3826	0.9020	0.1215s	0.3542	0.9050	0.8998
3
0286	0.1361	0.9917	0.3847	0.9040	0.1222s	0.3569	0.9040	0.8985
4
0287	0.1231	0.9917	0.3845	0.9040	0.1218s	0.3558	0.9030	0.8977
5
0288	0.1325	0.9750	0.3798	0.8980	0.1222s	0.3487	0.9050	0.8999
6
0289	0.1550	0.9750	0.3789	0.9040	0.1224s	0.3453	0.9090	0.9044
7
0290	0.1281	1.0000	0.3790	0.9040	0.1221s	0.3444	0.9070	0.9022
8
0291	0.1210	0.9750	0.3804	0.9020	0.1222s	0.3463	0.9080	0.9033
9
0292	0.1147	0.9750	0.3836	0.9020	0.1047s	0.3508	0.9070	0.9023
10
0293	0.1261	0.9833	0.3859	0.9020	0.1215s	0.3524	0.9060	0.9011
11
0294	0.1435	0.9667	0.3901	0.9000	0.1218s	0.3562	0.9060	0.9012
12
0295	0.1381	0.9833	0.3885	0.9020	0.1221s	0.3538	0.9080	0.9031
13
0296	0.1354	0.9667	0.3834	0.9060	0.1224s	0.3472	0.9060	0.9008
14
0297	0.1470	0.9750	0.3840	0.9040	0.1219s	0.3460	0.9060	0.9006
15
0298	0.1392	0.9750	0.3830	0.9000	0.1222s	0.3448	0.9040	0.8986
16
0299	0.1469	0.9500	0.3809	0.9020	0.1218s	0.3435	0.9040	0.8987
17
0300	0.1427	0.9833	0.3798	0.9020	0.1225s	0.3433	0.9080	0.9038
18
0301	0.1328	0.9917	0.3842	0.9020	0.1227s	0.3504	0.9020	0.8974
19
0302	0.1351	0.9917	0.3926	0.8920	0.1221s	0.3615	0.9030	0.8982
20
0303	0.1277	1.0000	0.4004	0.8880	0.1246s	0.3705	0.9010	0.8956
21
0304	0.1288	0.9750	0.4066	0.8860	0.1224s	0.3769	0.8990	0.8929
22
0305	0.1230	0.9833	0.4047	0.8900	0.1222s	0.3730	0.8980	0.8920
23
0306	0.1285	0.9833	0.3964	0.8980	0.1105s	0.3606	0.9050	0.8999
24
0307	0.1353	0.9833	0.3904	0.9000	0.1214s	0.3497	0.9020	0.8961
25
0308	0.1384	0.9833	0.3899	0.9040	0.1223s	0.3451	0.9070	0.9019
26
0309	0.1263	0.9917	0.3899	0.9020	0.1220s	0.3441	0.9030	0.8978
27
0310	0.1296	0.9917	0.3868	0.9040	0.1218s	0.3435	0.9040	0.8992
28
0311	0.1410	0.9750	0.3867	0.8940	0.1220s	0.3497	0.9020	0.8965
29
0312	0.1288	0.9833	0.3926	0.8960	0.1222s	0.3601	0.9030	0.8977
30
0313	0.1554	0.9667	0.3969	0.8920	0.1194s	0.3699	0.8990	0.8933
31
0314	0.1399	0.9667	0.3986	0.8960	0.1202s	0.3756	0.8970	0.8913
32
0315	0.1593	0.9917	0.3998	0.8960	0.1220s	0.3796	0.8990	0.8930
33
0316	0.1207	0.9833	0.4001	0.9020	0.1223s	0.3779	0.8960	0.8897
34
0317	0.1285	0.9583	0.4033	0.8960	0.1221s	0.3783	0.8940	0.8873
35
0318	0.1252	0.9917	0.3969	0.8960	0.1044s	0.3700	0.8960	0.8895
36
0319	0.1301	0.9833	0.3905	0.8980	0.1198s	0.3623	0.8940	0.8877
37
0320	0.1396	0.9750	0.3845	0.9020	0.1220s	0.3568	0.8980	0.8918
38
0321	0.1497	0.9833	0.3819	0.9020	0.1213s	0.3558	0.8980	0.8921
39
0322	0.1427	0.9917	0.3838	0.8920	0.1223s	0.3605	0.9020	0.8968
40
0323	0.1339	1.0000	0.3878	0.8920	0.1221s	0.3670	0.9040	0.8990
41
0324	0.1315	0.9750	0.3925	0.8880	0.1049s	0.3733	0.9050	0.8998
42
0325	0.1462	0.9583	0.3892	0.8940	0.1190s	0.3707	0.8990	0.8934
43
0326	0.1367	1.0000	0.3856	0.9020	0.1193s	0.3680	0.9010	0.8955
44
0327	0.1816	0.9750	0.3852	0.9020	0.1221s	0.3665	0.8980	0.8922
45
0328	0.1314	0.9833	0.3859	0.9020	0.1220s	0.3655	0.8980	0.8922
46
0329	0.1264	0.9833	0.3830	0.9040	0.1066s	0.3613	0.8990	0.8933
47
0330	0.1402	0.9833	0.3759	0.9020	0.1303s	0.3533	0.9030	0.8974
48
0331	0.1385	0.9917	0.3748	0.9020	0.1224s	0.3522	0.9090	0.9041
49
0332	0.1377	1.0000	0.3729	0.9040	0.1056s	0.3506	0.9100	0.9053
50
0333	0.1299	0.9583	0.3733	0.9040	0.1219s	0.3518	0.9110	0.9062
51
0334	0.1214	1.0000	0.3741	0.9060	0.1219s	0.3538	0.9070	0.9017
52
0335	0.1233	0.9750	0.3782	0.9040	0.1218s	0.3594	0.9020	0.8962
53
0336	0.1283	1.0000	0.3853	0.9000	0.1216s	0.3679	0.9010	0.8948
54
0337	0.1553	0.9750	0.3869	0.8980	0.1221s	0.3699	0.8970	0.8910
55
0338	0.1490	0.9750	0.3866	0.8960	0.1208s	0.3711	0.9010	0.8950
56
0339	0.1366	0.9917	0.3811	0.9020	0.1224s	0.3657	0.9030	0.8972
57
0340	0.1616	0.9667	0.3761	0.9020	0.1224s	0.3603	0.9060	0.9003
58
0341	0.1533	0.9833	0.3705	0.9100	0.1214s	0.3527	0.9060	0.9011
59
0342	0.1310	0.9750	0.3688	0.9120	0.1220s	0.3497	0.9100	0.9056
0
0343	0.1274	0.9750	0.3681	0.9140	0.1227s	0.3486	0.9100	0.9055
0
0344	0.1252	0.9750	0.3698	0.9160	0.1223s	0.3520	0.9050	0.8999
0
0345	0.1313	0.9917	0.3736	0.9160	0.1219s	0.3582	0.9040	0.8986
0
0346	0.1193	0.9750	0.3794	0.9060	0.1220s	0.3661	0.8970	0.8907
0
0347	0.1382	0.9750	0.3837	0.9000	0.1226s	0.3725	0.8930	0.8858
1
0348	0.1446	0.9833	0.3810	0.9000	0.1222s	0.3723	0.8970	0.8903
2
0349	0.1381	0.9917	0.3778	0.9060	0.1222s	0.3703	0.8980	0.8918
3
0350	0.1207	0.9833	0.3772	0.9040	0.1223s	0.3709	0.9000	0.8938
4
0351	0.1430	0.9750	0.3771	0.9020	0.1224s	0.3714	0.9020	0.8963
5
0352	0.1257	0.9667	0.3754	0.9060	0.1223s	0.3716	0.9020	0.8963
6
0353	0.1234	0.9750	0.3741	0.9080	0.1222s	0.3716	0.9040	0.8980
7
0354	0.1420	0.9583	0.3713	0.9080	0.1220s	0.3688	0.9040	0.8978
8
0355	0.1292	0.9750	0.3646	0.9080	0.1218s	0.3632	0.9040	0.8980
9
0356	0.1258	0.9833	0.3583	0.9100	0.1222s	0.3571	0.9050	0.8991
10
0357	0.1124	1.0000	0.3542	0.9120	0.1220s	0.3530	0.9090	0.9040
0
0358	0.1341	0.9750	0.3526	0.9120	0.1221s	0.3513	0.9040	0.8987
0
0359	0.1265	1.0000	0.3542	0.9120	0.1215s	0.3549	0.9040	0.8991
0
0360	0.1489	0.9917	0.3560	0.9080	0.1219s	0.3563	0.9050	0.9000
1
0361	0.1339	0.9917	0.3575	0.9080	0.1223s	0.3583	0.9030	0.8978
2
0362	0.1309	0.9833	0.3577	0.9040	0.1224s	0.3603	0.9040	0.8992
3
0363	0.1258	0.9750	0.3574	0.9080	0.1221s	0.3610	0.9040	0.8985
4
0364	0.1117	0.9750	0.3560	0.9020	0.1045s	0.3599	0.9080	0.9028
5
0365	0.1259	0.9833	0.3540	0.9060	0.1221s	0.3573	0.9000	0.8940
6
0366	0.1424	0.9750	0.3500	0.9100	0.1219s	0.3525	0.9060	0.9007
7
0367	0.1279	0.9750	0.3480	0.9100	0.1052s	0.3502	0.9040	0.8987
0
0368	0.1353	0.9833	0.3488	0.9080	0.1223s	0.3531	0.9040	0.8982
0
0369	0.1435	0.9583	0.3517	0.9100	0.1225s	0.3590	0.9030	0.8966
1
0370	0.1353	0.9667	0.3558	0.9060	0.1201s	0.3654	0.9020	0.8958
2
0371	0.1620	0.9917	0.3588	0.9100	0.1220s	0.3683	0.9040	0.8982
3
0372	0.1206	0.9833	0.3634	0.9060	0.1221s	0.3716	0.9030	0.8975
4
0373	0.1319	0.9917	0.3664	0.9040	0.1217s	0.3727	0.8990	0.8935
5
0374	0.1515	0.9833	0.3580	0.9140	0.1223s	0.3617	0.9020	0.8959
6
0375	0.1377	0.9833	0.3511	0.9140	0.1224s	0.3516	0.9020	0.8964
7
0376	0.1140	0.9833	0.3525	0.9120	0.1219s	0.3490	0.8990	0.8931
8
0377	0.1412	0.9833	0.3584	0.9100	0.1220s	0.3515	0.9020	0.8958
9
0378	0.1555	0.9667	0.3643	0.9100	0.1218s	0.3560	0.8980	0.8916
10
0379	0.1406	0.9833	0.3635	0.9040	0.1220s	0.3561	0.8990	0.8925
11
0380	0.1318	0.9917	0.3653	0.9040	0.1218s	0.3606	0.8990	0.8925
12
0381	0.1340	0.9917	0.3722	0.8980	0.1058s	0.3698	0.9010	0.8949
13
0382	0.1447	0.9667	0.3794	0.8980	0.1222s	0.3776	0.9000	0.8938
14
0383	0.1335	0.9750	0.3792	0.8980	0.1224s	0.3769	0.9000	0.8937
15
0384	0.1507	0.9667	0.3713	0.9000	0.1224s	0.3678	0.8990	0.8927
16
0385	0.1436	0.9583	0.3601	0.9080	0.1223s	0.3535	0.9030	0.8975
17
0386	0.1303	0.9917	0.3534	0.9120	0.1249s	0.3408	0.9030	0.8973
18
0387	0.1213	0.9750	0.3529	0.9160	0.1221s	0.3347	0.9070	0.9021
19
0388	0.1254	0.9833	0.3568	0.9120	0.1221s	0.3347	0.9040	0.8985
0
0389	0.1418	0.9750	0.3629	0.9120	0.1218s	0.3405	0.9020	0.8961
1
0390	0.1335	0.9917	0.3748	0.9040	0.1225s	0.3544	0.9030	0.8968
2
0391	0.1375	0.9917	0.3879	0.8900	0.1222s	0.3693	0.9020	0.8958
3
0392	0.1457	0.9583	0.3908	0.8900	0.1224s	0.3739	0.9060	0.8997
4
0393	0.1286	0.9750	0.3815	0.8900	0.1219s	0.3660	0.9060	0.9000
5
0394	0.1368	0.9750	0.3758	0.8960	0.1221s	0.3598	0.9080	0.9024
6
0395	0.1177	0.9750	0.3682	0.9020	0.1226s	0.3525	0.9030	0.8972
7
0396	0.1347	0.9917	0.3652	0.9040	0.1225s	0.3501	0.9020	0.8962
8
0397	0.1393	1.0000	0.3647	0.9040	0.1221s	0.3496	0.9000	0.8941
9
0398	0.1321	0.9833	0.3666	0.9040	0.1225s	0.3520	0.9020	0.8961
10
0399	0.1382	0.9583	0.3686	0.9080	0.1224s	0.3517	0.9030	0.8970
11
0400	0.1492	0.9833	0.3690	0.9120	0.1222s	0.3497	0.9030	0.8972
12
0401	0.1323	0.9750	0.3689	0.9140	0.1222s	0.3498	0.8990	0.8929
13
0402	0.1477	0.9667	0.3668	0.9100	0.1220s	0.3510	0.9020	0.8963
14
0403	0.1289	0.9500	0.3667	0.9100	0.1217s	0.3541	0.9030	0.8972
15
0404	0.1250	0.9750	0.3708	0.9020	0.1217s	0.3623	0.9030	0.8969
16
0405	0.1358	0.9917	0.3800	0.8920	0.1221s	0.3762	0.9020	0.8961
17
0406	0.1249	0.9917	0.3822	0.8900	0.1219s	0.3795	0.9000	0.8940
18
0407	0.1435	0.9833	0.3790	0.9000	0.1216s	0.3743	0.9020	0.8957
19
0408	0.1332	0.9833	0.3661	0.9040	0.1216s	0.3578	0.9020	0.8958
20
0409	0.1277	0.9833	0.3600	0.9100	0.1220s	0.3497	0.9010	0.8949
21
0410	0.1493	0.9667	0.3565	0.9100	0.1220s	0.3467	0.9030	0.8974
22
0411	0.1237	0.9667	0.3551	0.9100	0.1224s	0.3473	0.9050	0.8997
23
0412	0.1094	0.9917	0.3553	0.9100	0.1219s	0.3494	0.9020	0.8964
24
0413	0.1336	0.9750	0.3578	0.9100	0.1217s	0.3548	0.9020	0.8956
25
0414	0.1377	0.9917	0.3636	0.9020	0.1221s	0.3629	0.9020	0.8958
26
0415	0.1292	0.9917	0.3799	0.8960	0.1217s	0.3796	0.9010	0.8945
27
0416	0.1182	0.9833	0.3909	0.8860	0.1222s	0.3899	0.8980	0.8916
28
0417	0.1556	0.9750	0.3863	0.8940	0.1216s	0.3839	0.8960	0.8893
29
0418	0.1324	0.9750	0.3734	0.8960	0.1223s	0.3675	0.9010	0.8947
30
0419	0.1605	0.9750	0.3623	0.9080	0.1220s	0.3541	0.9000	0.8936
31
0420	0.1268	0.9917	0.3560	0.9100	0.1242s	0.3475	0.9050	0.8991
32
0421	0.1371	0.9750	0.3532	0.9100	0.1218s	0.3458	0.9050	0.8992
33
0422	0.1494	0.9833	0.3550	0.9060	0.1223s	0.3482	0.9070	0.9014
34
0423	0.1266	0.9917	0.3595	0.9060	0.1216s	0.3538	0.9060	0.9003
35
0424	0.1494	0.9500	0.3658	0.8960	0.1221s	0.3622	0.9060	0.8999
36
0425	0.1538	0.9333	0.3729	0.8900	0.1219s	0.3693	0.9050	0.8989
37
0426	0.1490	0.9833	0.3733	0.8920	0.1221s	0.3667	0.9030	0.8968
38
0427	0.1302	0.9833	0.3676	0.9040	0.1224s	0.3572	0.9020	0.8957
39
0428	0.1322	0.9667	0.3666	0.9040	0.1221s	0.3517	0.9000	0.8939
40
0429	0.1463	0.9750	0.3679	0.9020	0.1221s	0.3505	0.9040	0.8984
41
0430	0.1256	0.9500	0.3737	0.9040	0.1219s	0.3551	0.8970	0.8906
42
0431	0.1252	0.9917	0.3783	0.9060	0.1219s	0.3578	0.8970	0.8905
43
0432	0.1699	0.9500	0.3812	0.9040	0.1221s	0.3593	0.9000	0.8935
44
0433	0.1428	0.9833	0.3820	0.9020	0.1222s	0.3602	0.9010	0.8946
45
0434	0.1376	1.0000	0.3812	0.8960	0.1215s	0.3609	0.9040	0.8980
46
0435	0.1305	1.0000	0.3793	0.8940	0.1218s	0.3598	0.9010	0.8955
47
0436	0.1358	0.9583	0.3844	0.8920	0.1218s	0.3658	0.8990	0.8939
48
0437	0.1224	0.9833	0.3888	0.8900	0.1218s	0.3700	0.8960	0.8911
49
0438	0.1201	0.9667	0.3900	0.8900	0.1221s	0.3702	0.8970	0.8921
50
0439	0.1342	0.9583	0.3866	0.8900	0.1220s	0.3650	0.9010	0.8959
51
0440	0.1379	0.9917	0.3854	0.8940	0.1222s	0.3620	0.9050	0.8995
52
0441	0.1285	0.9833	0.3879	0.8980	0.1148s	0.3612	0.9050	0.8990
53
0442	0.1284	0.9917	0.3966	0.8960	0.1212s	0.3646	0.9000	0.8935
54
0443	0.1466	0.9750	0.4088	0.8920	0.1222s	0.3731	0.8970	0.8906
55
0444	0.1479	0.9750	0.4122	0.8920	0.1217s	0.3742	0.8950	0.8884
56
0445	0.1571	0.9583	0.3981	0.8980	0.1188s	0.3617	0.8990	0.8928
57
0446	0.1455	0.9667	0.3831	0.9040	0.1222s	0.3496	0.9020	0.8961
58
0447	0.1295	0.9750	0.3750	0.9020	0.1223s	0.3450	0.9030	0.8979
59
0448	0.1215	0.9750	0.3762	0.8980	0.1227s	0.3517	0.9050	0.9004
60
0449	0.1285	0.9667	0.3786	0.8960	0.1224s	0.3582	0.9030	0.8982
61
0450	0.1362	0.9667	0.3768	0.8900	0.1224s	0.3583	0.9080	0.9030
62
0451	0.1473	0.9917	0.3793	0.8920	0.1218s	0.3601	0.9070	0.9016
63
0452	0.1305	0.9917	0.3906	0.8900	0.1217s	0.3697	0.9030	0.8969
64
0453	0.1599	0.9750	0.3995	0.8860	0.1219s	0.3763	0.9020	0.8953
65
0454	0.1290	0.9667	0.3995	0.8880	0.1221s	0.3751	0.9020	0.8955
66
0455	0.1311	0.9667	0.3905	0.8940	0.1218s	0.3668	0.9060	0.9000
67
0456	0.1172	0.9917	0.3798	0.8980	0.1222s	0.3566	0.9020	0.8958
68
0457	0.1147	0.9750	0.3707	0.9040	0.1220s	0.3487	0.9030	0.8975
69
0458	0.1520	0.9833	0.3648	0.9020	0.1215s	0.3469	0.9030	0.8979
70
0459	0.1340	0.9917	0.3637	0.9000	0.1223s	0.3504	0.9050	0.8999
71
0460	0.1228	0.9750	0.3673	0.8980	0.1220s	0.3580	0.9060	0.9008
72
0461	0.1394	0.9500	0.3723	0.8980	0.1223s	0.3644	0.9050	0.8996
73
0462	0.1251	0.9833	0.3806	0.8920	0.1220s	0.3726	0.9080	0.9028
74
0463	0.1419	0.9750	0.3858	0.8920	0.1219s	0.3764	0.9050	0.8994
75
0464	0.1272	0.9833	0.3883	0.8920	0.1224s	0.3772	0.9050	0.8991
76
0465	0.1379	0.9667	0.3865	0.9000	0.1220s	0.3731	0.9060	0.9003
77
0466	0.1284	1.0000	0.3803	0.9020	0.1226s	0.3655	0.9060	0.9001
78
0467	0.1202	0.9750	0.3776	0.9020	0.1221s	0.3625	0.9070	0.9012
79
0468	0.1183	0.9917	0.3771	0.9020	0.1127s	0.3625	0.9060	0.9003
80
0469	0.1398	0.9917	0.3793	0.9000	0.1049s	0.3638	0.9060	0.9002
81
0470	0.1300	0.9833	0.3808	0.9000	0.1061s	0.3646	0.9060	0.9003
82
0471	0.1385	0.9833	0.3847	0.8960	0.1215s	0.3698	0.9030	0.8970
83
0472	0.1313	0.9667	0.3918	0.8880	0.1197s	0.3803	0.9030	0.8969
84
0473	0.1501	0.9583	0.3978	0.8900	0.1189s	0.3910	0.9000	0.8933
85
0474	0.1314	0.9750	0.4032	0.8860	0.1131s	0.3997	0.8990	0.8925
86
0475	0.1418	1.0000	0.3967	0.8840	0.1088s	0.3944	0.8990	0.8926
87
0476	0.1362	0.9833	0.3894	0.8900	0.0986s	0.3855	0.9030	0.8970
88
0477	0.1200	0.9917	0.3840	0.8960	0.1087s	0.3768	0.9050	0.8989
89
0478	0.1315	0.9750	0.3787	0.9000	0.1214s	0.3672	0.9060	0.9002
90
0479	0.1545	0.9917	0.3767	0.9040	0.1090s	0.3624	0.9020	0.8963
91
0480	0.1254	0.9917	0.3745	0.9000	0.1212s	0.3582	0.9030	0.8976
92
0481	0.1274	0.9750	0.3762	0.9000	0.1217s	0.3571	0.9020	0.8967
93
0482	0.1296	0.9583	0.3794	0.9020	0.1049s	0.3605	0.9000	0.8946
94
0483	0.1357	0.9833	0.3843	0.8980	0.1191s	0.3653	0.9040	0.8984
95
0484	0.1333	0.9833	0.3833	0.9000	0.1043s	0.3661	0.9090	0.9036
96
0485	0.1414	0.9833	0.3846	0.8980	0.1221s	0.3683	0.9070	0.9012
97
0486	0.1233	0.9833	0.3878	0.8980	0.1220s	0.3712	0.9090	0.9033
98
0487	0.1210	0.9750	0.3891	0.8920	0.1221s	0.3717	0.9100	0.9047
99
0488	0.1387	0.9583	0.3836	0.8960	0.1219s	0.3652	0.9070	0.9015
100
0489	0.1185	0.9833	0.3765	0.9020	0.1222s	0.3563	0.9020	0.8964
101
0490	0.1232	0.9917	0.3723	0.9000	0.1044s	0.3513	0.9070	0.9020
102
0491	0.1392	0.9500	0.3726	0.8980	0.1042s	0.3524	0.9070	0.9019
103
0492	0.1398	0.9750	0.3774	0.9020	0.1217s	0.3572	0.9060	0.9008
104
0493	0.1294	0.9917	0.3838	0.9000	0.1221s	0.3617	0.9030	0.8976
105
0494	0.1406	0.9833	0.3883	0.8960	0.1222s	0.3625	0.9050	0.9001
106
0495	0.1506	0.9833	0.3887	0.8980	0.1218s	0.3594	0.9070	0.9018
107
0496	0.1248	0.9833	0.3872	0.9020	0.1223s	0.3538	0.9080	0.9027
108
0497	0.1480	0.9750	0.3893	0.8980	0.1195s	0.3524	0.9060	0.9008
109
0498	0.1381	0.9583	0.3911	0.8980	0.1217s	0.3544	0.9010	0.8954
110
0499	0.1570	0.9833	0.3869	0.8980	0.1220s	0.3520	0.9020	0.8967
111
0500	0.1500	0.9667	0.3916	0.8940	0.1221s	0.3580	0.9040	0.8990
112
0501	0.1181	0.9833	0.3954	0.8960	0.1218s	0.3643	0.9020	0.8971
113
0502	0.1207	0.9833	0.3915	0.8940	0.1223s	0.3640	0.9040	0.8992
114
0503	0.1521	1.0000	0.3831	0.9000	0.1222s	0.3555	0.9070	0.9019
115
0504	0.1305	0.9583	0.3770	0.8980	0.1222s	0.3471	0.9080	0.9028
116
0505	0.1463	0.9667	0.3771	0.9000	0.1222s	0.3439	0.9110	0.9065
117
0506	0.1294	0.9917	0.3804	0.9060	0.1220s	0.3461	0.9070	0.9023
118
0507	0.1240	0.9917	0.3840	0.9000	0.1218s	0.3502	0.9060	0.9009
119
0508	0.1329	0.9667	0.3873	0.8980	0.1221s	0.3553	0.9040	0.8988
120
0509	0.1394	0.9833	0.3871	0.8960	0.1217s	0.3583	0.9070	0.9014
121
0510	0.1442	0.9667	0.3826	0.8980	0.1222s	0.3578	0.9070	0.9016
122
0511	0.1290	0.9833	0.3792	0.8980	0.1218s	0.3574	0.9100	0.9052
123
0512	0.1488	0.9833	0.3781	0.8940	0.1232s	0.3581	0.9070	0.9023
124
0513	0.1608	0.9750	0.3753	0.8960	0.1218s	0.3548	0.9070	0.9025
125
0514	0.1403	1.0000	0.3737	0.9000	0.1223s	0.3528	0.9060	0.9013
126
0515	0.1159	0.9833	0.3745	0.9060	0.1219s	0.3524	0.9070	0.9021
127
0516	0.1368	0.9667	0.3796	0.9020	0.1218s	0.3550	0.9110	0.9066
128
0517	0.1230	0.9917	0.3890	0.9000	0.1197s	0.3615	0.9090	0.9039
129
0518	0.1176	0.9833	0.3971	0.8960	0.1221s	0.3672	0.9050	0.8996
130
0519	0.1348	0.9667	0.4057	0.8900	0.1221s	0.3765	0.9030	0.8972
131
0520	0.1352	0.9833	0.4051	0.8900	0.1217s	0.3777	0.9040	0.8981
132
0521	0.1592	0.9833	0.3947	0.8940	0.1213s	0.3708	0.9110	0.9057
133
0522	0.1184	0.9833	0.3863	0.8980	0.1221s	0.3649	0.9090	0.9039
134
0523	0.1598	0.9750	0.3793	0.8980	0.1221s	0.3605	0.9090	0.9040
135
0524	0.1187	0.9750	0.3756	0.8980	0.1218s	0.3583	0.9050	0.9000
136
0525	0.1433	0.9667	0.3773	0.8960	0.1220s	0.3607	0.9030	0.8979
137
0526	0.1314	0.9833	0.3851	0.8980	0.1218s	0.3677	0.9030	0.8983
138
0527	0.1321	0.9667	0.3922	0.8900	0.1220s	0.3724	0.8990	0.8938
139
0528	0.1524	0.9667	0.4009	0.8880	0.1214s	0.3764	0.8950	0.8894
140
0529	0.1535	0.9917	0.4030	0.8900	0.1225s	0.3766	0.8940	0.8882
141
0530	0.1448	0.9833	0.3962	0.8880	0.1219s	0.3714	0.8990	0.8937
142
0531	0.1491	0.9667	0.3883	0.8960	0.1220s	0.3647	0.9070	0.9015
143
0532	0.1181	0.9833	0.3828	0.8960	0.1217s	0.3587	0.9110	0.9061
144
0533	0.1526	0.9917	0.3792	0.9000	0.1213s	0.3533	0.9100	0.9054
145
0534	0.1421	0.9750	0.3800	0.8960	0.1051s	0.3529	0.9100	0.9052
146
0535	0.1187	0.9750	0.3826	0.8960	0.1222s	0.3553	0.9070	0.9017
147
0536	0.1376	1.0000	0.3855	0.8960	0.1215s	0.3600	0.9030	0.8977
148
0537	0.1356	0.9917	0.3852	0.8920	0.1219s	0.3626	0.9050	0.8996
149
0538	0.1446	0.9833	0.3852	0.8900	0.1218s	0.3649	0.9010	0.8953
150
0539	0.1220	1.0000	0.3856	0.8940	0.1221s	0.3683	0.9020	0.8965
151
0540	0.1173	0.9917	0.3845	0.8900	0.1221s	0.3697	0.9000	0.8945
152
0541	0.1156	0.9917	0.3868	0.8900	0.1219s	0.3730	0.8990	0.8934
153
0542	0.1210	0.9833	0.3844	0.8900	0.1223s	0.3714	0.8980	0.8923
154
0543	0.1529	0.9750	0.3768	0.9000	0.1218s	0.3607	0.9020	0.8969
155
0544	0.1134	0.9833	0.3746	0.9000	0.1218s	0.3553	0.9020	0.8966
156
0545	0.1296	0.9833	0.3748	0.9000	0.1215s	0.3541	0.9060	0.9009
157
0546	0.1403	0.9750	0.3761	0.9000	0.1218s	0.3557	0.9040	0.8987
158
0547	0.1224	0.9917	0.3789	0.8960	0.1222s	0.3582	0.9030	0.8975
159
0548	0.1462	0.9667	0.3803	0.8980	0.1222s	0.3613	0.9050	0.8998
160
0549	0.1381	0.9750	0.3800	0.8980	0.1212s	0.3629	0.9060	0.9007
161
0550	0.1239	0.9833	0.3818	0.8960	0.1221s	0.3670	0.9040	0.8983
162
0551	0.1206	0.9750	0.3832	0.8960	0.1223s	0.3687	0.9010	0.8953
163
0552	0.1415	0.9750	0.3854	0.8940	0.1217s	0.3702	0.9010	0.8952
164
0553	0.1191	0.9833	0.3835	0.8940	0.1224s	0.3672	0.9020	0.8964
165
0554	0.1403	0.9917	0.3849	0.8860	0.1221s	0.3663	0.9030	0.8978
166
0555	0.1330	0.9750	0.3858	0.8880	0.1222s	0.3657	0.9050	0.8996
167
0556	0.1377	0.9750	0.3862	0.8900	0.1220s	0.3656	0.9070	0.9017
168
0557	0.1317	0.9917	0.3871	0.8920	0.1220s	0.3666	0.9080	0.9025
169
0558	0.1205	0.9833	0.3866	0.8960	0.1224s	0.3675	0.9090	0.9036
170
0559	0.1093	0.9833	0.3877	0.8980	0.1218s	0.3692	0.9060	0.9003
171
0560	0.1354	0.9833	0.3858	0.8980	0.1222s	0.3691	0.9060	0.9005
172
0561	0.1274	0.9750	0.3854	0.8980	0.1222s	0.3683	0.9050	0.8995
173
0562	0.1357	0.9750	0.3841	0.8960	0.1218s	0.3666	0.9050	0.8997
174
0563	0.1174	0.9917	0.3879	0.8960	0.1222s	0.3708	0.9040	0.8987
175
0564	0.1520	0.9583	0.3951	0.8940	0.1220s	0.3764	0.9050	0.8993
176
0565	0.1299	0.9833	0.3994	0.8900	0.1224s	0.3802	0.9050	0.8991
177
0566	0.1329	0.9833	0.4077	0.8920	0.1221s	0.3854	0.9020	0.8956
178
0567	0.1204	0.9833	0.4125	0.8920	0.1221s	0.3883	0.8980	0.8919
179
0568	0.1360	0.9917	0.4091	0.8920	0.1228s	0.3839	0.8960	0.8898
180
0569	0.1544	0.9750	0.4014	0.8900	0.1218s	0.3773	0.9020	0.8964
181
0570	0.1192	0.9833	0.3919	0.8940	0.1221s	0.3693	0.9110	0.9060
182
0571	0.1132	0.9917	0.3863	0.8980	0.1221s	0.3641	0.9100	0.9049
183
0572	0.1234	0.9750	0.3814	0.9020	0.1226s	0.3596	0.9090	0.9039
184
0573	0.1397	0.9667	0.3796	0.8960	0.1219s	0.3585	0.9090	0.9043
185
0574	0.1249	0.9750	0.3806	0.8960	0.1224s	0.3592	0.9090	0.9045
186
0575	0.1532	0.9667	0.3836	0.9020	0.1046s	0.3603	0.9090	0.9045
187
0576	0.1453	0.9833	0.3947	0.8980	0.1223s	0.3681	0.9060	0.9013
188
0577	0.1368	0.9667	0.4080	0.8900	0.1216s	0.3788	0.8960	0.8901
189
0578	0.1214	1.0000	0.4181	0.8900	0.1220s	0.3872	0.8900	0.8837
190
0579	0.1525	0.9500	0.4204	0.8880	0.1218s	0.3897	0.8890	0.8824
191
0580	0.1427	0.9750	0.4109	0.8920	0.1223s	0.3827	0.8930	0.8868
192
0581	0.1319	1.0000	0.4013	0.8940	0.1220s	0.3759	0.8940	0.8878
193
0582	0.1475	0.9833	0.3881	0.8940	0.1222s	0.3669	0.9000	0.8946
194
0583	0.1160	0.9917	0.3777	0.9020	0.1225s	0.3595	0.9070	0.9025
195
0584	0.1186	1.0000	0.3709	0.9060	0.1223s	0.3540	0.9110	0.9065
196
0585	0.1537	0.9667	0.3701	0.9060	0.1246s	0.3550	0.9120	0.9076
197
0586	0.1486	0.9833	0.3749	0.9040	0.1037s	0.3601	0.9050	0.9001
198
0587	0.1352	0.9833	0.3838	0.9000	0.1217s	0.3672	0.8990	0.8934
199
Early stop! Min loss:0.34802111983299255,  Max accuracy:0.916
Early stop model validation loss:0.34802111983299255,  accuracy:0.91
Optimization Finished!
Total time elapsed: 71.1315s
test max acc:0.9150
Loading 366th epoch
stru_node_to_hop attention:tensor([[0.2452, 0.2511, 0.2516, 0.2521],
        [0.2501, 0.2500, 0.2500, 0.2499],
        [0.2484, 0.2507, 0.2504, 0.2504],
        [0.2453, 0.2504, 0.2520, 0.2523],
        [0.2481, 0.2510, 0.2504, 0.2504],
        [0.2501, 0.2509, 0.2496, 0.2494],
        [0.2512, 0.2497, 0.2496, 0.2495],
        [0.2506, 0.2497, 0.2499, 0.2498],
        [0.2493, 0.2509, 0.2500, 0.2498],
        [0.2488, 0.2508, 0.2503, 0.2501],
        [0.2495, 0.2503, 0.2501, 0.2501],
        [0.2492, 0.2507, 0.2501, 0.2499],
        [0.2503, 0.2500, 0.2499, 0.2498],
        [0.2514, 0.2500, 0.2493, 0.2493],
        [0.2500, 0.2502, 0.2500, 0.2498],
        [0.2514, 0.2503, 0.2494, 0.2489],
        [0.2493, 0.2507, 0.2501, 0.2499],
        [0.2503, 0.2504, 0.2498, 0.2495],
        [0.2499, 0.2502, 0.2500, 0.2499],
        [0.2522, 0.2501, 0.2492, 0.2485],
        [0.2501, 0.2500, 0.2500, 0.2499],
        [0.2488, 0.2512, 0.2502, 0.2499],
        [0.2505, 0.2498, 0.2499, 0.2498],
        [0.2482, 0.2508, 0.2505, 0.2505],
        [0.2498, 0.2500, 0.2501, 0.2501],
        [0.2499, 0.2503, 0.2500, 0.2499],
        [0.2482, 0.2512, 0.2504, 0.2502],
        [0.2499, 0.2502, 0.2500, 0.2499],
        [0.2503, 0.2496, 0.2500, 0.2501],
        [0.2485, 0.2511, 0.2503, 0.2501],
        [0.2505, 0.2500, 0.2499, 0.2497],
        [0.2486, 0.2513, 0.2502, 0.2498],
        [0.2489, 0.2511, 0.2501, 0.2498],
        [0.2496, 0.2502, 0.2501, 0.2501],
        [0.2487, 0.2516, 0.2500, 0.2496],
        [0.2506, 0.2497, 0.2499, 0.2499],
        [0.2491, 0.2504, 0.2503, 0.2502],
        [0.2486, 0.2503, 0.2505, 0.2506],
        [0.2490, 0.2506, 0.2502, 0.2501],
        [0.2506, 0.2500, 0.2497, 0.2497],
        [0.2502, 0.2499, 0.2500, 0.2499],
        [0.2494, 0.2508, 0.2500, 0.2498],
        [0.2491, 0.2507, 0.2502, 0.2501],
        [0.2501, 0.2500, 0.2500, 0.2500],
        [0.2487, 0.2505, 0.2504, 0.2504],
        [0.1413, 0.1934, 0.2710, 0.3943],
        [0.2498, 0.2503, 0.2500, 0.2498],
        [0.2499, 0.2501, 0.2500, 0.2500],
        [0.2486, 0.2511, 0.2502, 0.2501],
        [0.2485, 0.2512, 0.2503, 0.2501],
        [0.2481, 0.2501, 0.2508, 0.2510],
        [0.2490, 0.2507, 0.2502, 0.2501],
        [0.2500, 0.2499, 0.2500, 0.2500],
        [0.2507, 0.2500, 0.2497, 0.2496],
        [0.2486, 0.2508, 0.2503, 0.2502],
        [0.2467, 0.2513, 0.2509, 0.2510],
        [0.2509, 0.2505, 0.2495, 0.2491],
        [0.2502, 0.2503, 0.2499, 0.2496],
        [0.2486, 0.2517, 0.2501, 0.2496],
        [0.2487, 0.2517, 0.2500, 0.2496],
        [0.2457, 0.2528, 0.2511, 0.2505],
        [0.2500, 0.2503, 0.2499, 0.2498],
        [0.2499, 0.2507, 0.2499, 0.2496],
        [0.2477, 0.2503, 0.2508, 0.2513],
        [0.2502, 0.2500, 0.2499, 0.2499],
        [0.2480, 0.2505, 0.2506, 0.2508],
        [0.2496, 0.2517, 0.2497, 0.2490],
        [0.2477, 0.2508, 0.2507, 0.2508],
        [0.2500, 0.2500, 0.2500, 0.2500],
        [0.2491, 0.2505, 0.2502, 0.2502],
        [0.2478, 0.2512, 0.2506, 0.2504],
        [0.2498, 0.2500, 0.2501, 0.2501],
        [0.2494, 0.2504, 0.2503, 0.2499],
        [0.2488, 0.2519, 0.2499, 0.2495],
        [0.2500, 0.2500, 0.2500, 0.2500],
        [0.2486, 0.2504, 0.2505, 0.2504],
        [0.2479, 0.2511, 0.2505, 0.2505],
        [0.2507, 0.2499, 0.2497, 0.2497],
        [0.2486, 0.2504, 0.2505, 0.2504],
        [0.2505, 0.2498, 0.2498, 0.2498],
        [0.2511, 0.2499, 0.2497, 0.2493],
        [0.2495, 0.2514, 0.2498, 0.2493],
        [0.2511, 0.2499, 0.2496, 0.2494],
        [0.2495, 0.2502, 0.2501, 0.2502],
        [0.2504, 0.2498, 0.2499, 0.2499],
        [0.2488, 0.2505, 0.2503, 0.2503],
        [0.2484, 0.2505, 0.2505, 0.2506],
        [0.2488, 0.2505, 0.2503, 0.2503],
        [0.2493, 0.2523, 0.2498, 0.2486],
        [0.2512, 0.2499, 0.2496, 0.2494],
        [0.2494, 0.2501, 0.2502, 0.2502],
        [0.2501, 0.2500, 0.2500, 0.2500],
        [0.2498, 0.2501, 0.2501, 0.2500],
        [0.2506, 0.2499, 0.2498, 0.2497],
        [0.2496, 0.2503, 0.2501, 0.2500],
        [0.2492, 0.2504, 0.2502, 0.2502],
        [0.2485, 0.2511, 0.2503, 0.2501],
        [0.2501, 0.2501, 0.2500, 0.2498],
        [0.2495, 0.2507, 0.2499, 0.2498],
        [0.2510, 0.2502, 0.2494, 0.2493]], device='cuda:1')
fea_node_to_hop attention:tensor([[0.3351, 0.3316, 0.3333],
        [0.3348, 0.3327, 0.3325],
        [0.3298, 0.3351, 0.3350],
        [0.3309, 0.3341, 0.3350],
        [0.3334, 0.3330, 0.3336],
        [0.3277, 0.3368, 0.3355],
        [0.3289, 0.3336, 0.3375],
        [0.3292, 0.3354, 0.3355],
        [0.3291, 0.3350, 0.3360],
        [0.3322, 0.3326, 0.3352],
        [0.3326, 0.3332, 0.3343],
        [0.3324, 0.3331, 0.3345],
        [0.3312, 0.3328, 0.3360],
        [0.3324, 0.3338, 0.3338],
        [0.3289, 0.3353, 0.3359],
        [0.3318, 0.3340, 0.3342],
        [0.3292, 0.3350, 0.3359],
        [0.3315, 0.3335, 0.3350],
        [0.3302, 0.3346, 0.3352],
        [0.3304, 0.3336, 0.3359],
        [0.3333, 0.3332, 0.3335],
        [0.3329, 0.3320, 0.3350],
        [0.3338, 0.3329, 0.3333],
        [0.3320, 0.3343, 0.3337],
        [0.3323, 0.3341, 0.3335],
        [0.3334, 0.3326, 0.3340],
        [0.3286, 0.3349, 0.3365],
        [0.3317, 0.3335, 0.3348],
        [0.3294, 0.3347, 0.3359],
        [0.3336, 0.3327, 0.3337],
        [0.3320, 0.3338, 0.3343],
        [0.3298, 0.3332, 0.3370],
        [0.3303, 0.3340, 0.3356],
        [0.3328, 0.3326, 0.3346],
        [0.3358, 0.3321, 0.3321],
        [0.3338, 0.3334, 0.3328],
        [0.3309, 0.3344, 0.3348],
        [0.3332, 0.3322, 0.3346],
        [0.3312, 0.3336, 0.3351],
        [0.3308, 0.3344, 0.3349],
        [0.3328, 0.3333, 0.3339],
        [0.3301, 0.3346, 0.3353],
        [0.3337, 0.3328, 0.3335],
        [0.3333, 0.3333, 0.3334],
        [0.3298, 0.3360, 0.3342],
        [0.3261, 0.3251, 0.3489],
        [0.3312, 0.3342, 0.3346],
        [0.3307, 0.3344, 0.3349],
        [0.3295, 0.3344, 0.3362],
        [0.3256, 0.3366, 0.3378],
        [0.3329, 0.3334, 0.3336],
        [0.3305, 0.3335, 0.3360],
        [0.3333, 0.3334, 0.3333],
        [0.3302, 0.3327, 0.3371],
        [0.3338, 0.3328, 0.3334],
        [0.3303, 0.3348, 0.3349],
        [0.3329, 0.3335, 0.3337],
        [0.3297, 0.3341, 0.3362],
        [0.3333, 0.3326, 0.3341],
        [0.3331, 0.3320, 0.3349],
        [0.3271, 0.3362, 0.3368],
        [0.3308, 0.3333, 0.3359],
        [0.3296, 0.3345, 0.3359],
        [0.3308, 0.3344, 0.3347],
        [0.3336, 0.3330, 0.3334],
        [0.3309, 0.3338, 0.3353],
        [0.3336, 0.3326, 0.3338],
        [0.3320, 0.3334, 0.3345],
        [0.3335, 0.3334, 0.3331],
        [0.3293, 0.3350, 0.3357],
        [0.3304, 0.3347, 0.3349],
        [0.3321, 0.3330, 0.3349],
        [0.3311, 0.3334, 0.3355],
        [0.3309, 0.3337, 0.3354],
        [0.3333, 0.3333, 0.3333],
        [0.3301, 0.3341, 0.3358],
        [0.3306, 0.3348, 0.3346],
        [0.3336, 0.3331, 0.3333],
        [0.3316, 0.3330, 0.3354],
        [0.3300, 0.3347, 0.3353],
        [0.3317, 0.3342, 0.3342],
        [0.3266, 0.3371, 0.3363],
        [0.3325, 0.3323, 0.3352],
        [0.3307, 0.3351, 0.3342],
        [0.3328, 0.3332, 0.3340],
        [0.3283, 0.3349, 0.3368],
        [0.3351, 0.3328, 0.3321],
        [0.3302, 0.3349, 0.3350],
        [0.3266, 0.3341, 0.3394],
        [0.3302, 0.3338, 0.3360],
        [0.3331, 0.3335, 0.3334],
        [0.3334, 0.3333, 0.3332],
        [0.3329, 0.3333, 0.3338],
        [0.3321, 0.3338, 0.3341],
        [0.3333, 0.3332, 0.3336],
        [0.3314, 0.3341, 0.3345],
        [0.3305, 0.3329, 0.3366],
        [0.3338, 0.3310, 0.3352],
        [0.3297, 0.3347, 0.3357],
        [0.3315, 0.3343, 0.3342]], device='cuda:1')
perception attention:tensor([0.5000, 0.5000], device='cuda:1')
Test set results: loss= 0.3502 accuracy= 0.9040 F1_score= 0.8987
