# epoch	loss_train	acc_train	loss_val	acc_val	time	acc_test	f1_test
0001	1.7969	0.2083	1.6828	0.3540	0.1223s	1.6686	0.3680	0.2406
0
0002	1.6694	0.3917	1.5268	0.4500	0.1218s	1.4984	0.4740	0.3519
0
0003	1.5232	0.4417	1.3410	0.6480	0.1045s	1.3132	0.6780	0.6106
0
0004	1.3115	0.6583	1.1369	0.8280	0.1193s	1.1146	0.8240	0.8035
0
0005	1.1127	0.7917	0.9657	0.8600	0.1224s	0.9485	0.8590	0.8523
0
0006	0.9416	0.8167	0.8244	0.8740	0.1222s	0.8110	0.8730	0.8675
0
0007	0.8252	0.7750	0.6987	0.8920	0.1242s	0.6861	0.8790	0.8738
0
0008	0.7012	0.8333	0.6028	0.9000	0.1231s	0.5890	0.8960	0.8908
0
0009	0.5609	0.8833	0.5360	0.8980	0.1201s	0.5165	0.8870	0.8792
0
0010	0.4900	0.9000	0.4873	0.8900	0.1216s	0.4624	0.8910	0.8840
0
0011	0.4603	0.9167	0.4470	0.9020	0.1220s	0.4198	0.8930	0.8863
0
0012	0.4088	0.9333	0.4180	0.8980	0.1200s	0.3883	0.9010	0.8953
0
0013	0.3776	0.8917	0.3976	0.9020	0.1222s	0.3659	0.9050	0.9001
0
0014	0.3291	0.9333	0.3877	0.9040	0.1042s	0.3544	0.9030	0.8979
0
0015	0.2831	0.9667	0.3844	0.8900	0.1093s	0.3493	0.9040	0.8987
0
0016	0.2845	0.9750	0.3878	0.8920	0.1217s	0.3504	0.8980	0.8915
0
0017	0.2405	0.9583	0.3949	0.8940	0.1045s	0.3552	0.8900	0.8827
1
0018	0.2289	1.0000	0.3976	0.8920	0.1218s	0.3557	0.8890	0.8815
2
0019	0.2138	0.9667	0.3928	0.8940	0.1221s	0.3492	0.8920	0.8849
3
0020	0.2250	0.9500	0.3883	0.8980	0.1220s	0.3439	0.8970	0.8909
4
0021	0.2157	0.9417	0.3861	0.9000	0.1222s	0.3418	0.9010	0.8953
5
0022	0.1775	0.9417	0.3831	0.8960	0.1045s	0.3390	0.9000	0.8945
6
0023	0.1929	0.9750	0.3850	0.9000	0.1217s	0.3414	0.9000	0.8952
0
0024	0.2050	0.9500	0.3906	0.8940	0.1231s	0.3499	0.9000	0.8946
1
0025	0.1790	0.9667	0.3972	0.8920	0.1187s	0.3580	0.8980	0.8921
2
0026	0.1883	0.9417	0.3989	0.8900	0.1224s	0.3593	0.8980	0.8919
3
0027	0.1770	0.9833	0.4030	0.8860	0.1223s	0.3635	0.8910	0.8840
4
0028	0.1489	0.9917	0.4051	0.8920	0.1215s	0.3659	0.8920	0.8850
5
0029	0.1977	0.9750	0.4050	0.8880	0.1223s	0.3653	0.8930	0.8864
6
0030	0.1865	0.9500	0.3997	0.8880	0.1221s	0.3613	0.8940	0.8871
7
0031	0.1534	0.9750	0.3979	0.8880	0.1222s	0.3621	0.8950	0.8882
8
0032	0.1862	0.9833	0.3992	0.8900	0.1219s	0.3674	0.8930	0.8861
9
0033	0.1520	0.9917	0.4040	0.8880	0.1198s	0.3754	0.8920	0.8855
10
0034	0.1725	1.0000	0.4043	0.8840	0.1231s	0.3765	0.8900	0.8830
11
0035	0.1870	0.9583	0.4032	0.8760	0.1044s	0.3764	0.8950	0.8887
12
0036	0.1619	0.9500	0.4051	0.8780	0.1044s	0.3785	0.8920	0.8851
13
0037	0.1608	0.9833	0.4071	0.8820	0.1044s	0.3794	0.8910	0.8844
14
0038	0.1591	0.9833	0.4099	0.8780	0.1047s	0.3806	0.8890	0.8827
15
0039	0.1895	0.9583	0.4038	0.8820	0.1046s	0.3739	0.8900	0.8839
16
0040	0.1702	0.9583	0.3983	0.8840	0.1220s	0.3683	0.8900	0.8831
17
0041	0.1489	0.9750	0.3947	0.8880	0.1222s	0.3648	0.8960	0.8894
18
0042	0.1555	0.9833	0.3934	0.8900	0.1048s	0.3643	0.8920	0.8853
19
0043	0.1684	0.9500	0.3962	0.8860	0.1254s	0.3677	0.8870	0.8803
20
0044	0.1628	0.9750	0.4017	0.8880	0.1055s	0.3736	0.8840	0.8769
21
0045	0.1873	0.9583	0.3990	0.8880	0.1192s	0.3718	0.8880	0.8809
22
0046	0.1453	0.9583	0.3932	0.8900	0.1223s	0.3669	0.8870	0.8796
23
0047	0.1703	0.9750	0.3871	0.8900	0.1223s	0.3607	0.8950	0.8885
24
0048	0.1541	0.9750	0.3849	0.8900	0.1219s	0.3573	0.8970	0.8905
25
0049	0.1558	0.9333	0.3857	0.8900	0.1207s	0.3572	0.8960	0.8893
26
0050	0.1461	0.9917	0.3834	0.8900	0.1214s	0.3548	0.8970	0.8905
27
0051	0.1531	0.9833	0.3807	0.8880	0.1217s	0.3524	0.8980	0.8916
28
0052	0.1759	0.9583	0.3832	0.8900	0.1229s	0.3560	0.8970	0.8904
0
0053	0.1606	0.9833	0.3875	0.8900	0.1245s	0.3604	0.8960	0.8896
1
0054	0.1580	0.9750	0.3887	0.8880	0.1222s	0.3613	0.8950	0.8881
2
0055	0.1552	0.9750	0.3850	0.8920	0.1222s	0.3569	0.8950	0.8879
3
0056	0.1514	0.9917	0.3792	0.8940	0.1221s	0.3498	0.8960	0.8894
4
0057	0.1521	0.9833	0.3720	0.8980	0.1046s	0.3410	0.9000	0.8941
0
0058	0.1376	1.0000	0.3687	0.9060	0.1199s	0.3372	0.9020	0.8966
0
0059	0.1521	0.9833	0.3680	0.9000	0.1211s	0.3368	0.9070	0.9022
0
0060	0.1389	0.9833	0.3696	0.9020	0.1213s	0.3382	0.9040	0.8989
0
0061	0.1670	0.9750	0.3723	0.9040	0.1061s	0.3409	0.9030	0.8977
1
0062	0.1514	0.9917	0.3792	0.9000	0.1143s	0.3484	0.9000	0.8940
2
0063	0.1419	0.9500	0.3878	0.8940	0.1200s	0.3566	0.8960	0.8892
3
0064	0.1470	0.9667	0.3942	0.8920	0.1216s	0.3624	0.8940	0.8874
4
0065	0.1650	0.9917	0.3963	0.8900	0.1218s	0.3636	0.8930	0.8863
5
0066	0.1650	0.9750	0.3874	0.8960	0.1218s	0.3544	0.9000	0.8939
6
0067	0.1426	0.9917	0.3798	0.9020	0.1044s	0.3460	0.9000	0.8940
7
0068	0.1535	0.9833	0.3741	0.9080	0.1206s	0.3379	0.9070	0.9024
8
0069	0.1523	0.9750	0.3738	0.9040	0.1058s	0.3358	0.9080	0.9035
0
0070	0.1424	0.9917	0.3739	0.9060	0.1196s	0.3364	0.9090	0.9045
1
0071	0.1692	0.9750	0.3749	0.9080	0.1218s	0.3372	0.9080	0.9033
2
0072	0.1571	0.9833	0.3799	0.9080	0.1147s	0.3428	0.9060	0.9007
0
0073	0.1523	0.9583	0.3856	0.9040	0.1218s	0.3484	0.9030	0.8974
0
0074	0.1521	0.9833	0.3893	0.8980	0.1219s	0.3527	0.9000	0.8941
1
0075	0.1392	0.9917	0.3888	0.9020	0.1217s	0.3525	0.9050	0.8995
2
0076	0.1489	0.9917	0.3895	0.8980	0.1219s	0.3540	0.9060	0.9006
3
0077	0.1454	1.0000	0.3866	0.9000	0.1213s	0.3518	0.9090	0.9040
4
0078	0.1474	0.9333	0.3835	0.9000	0.1223s	0.3487	0.9090	0.9038
5
0079	0.1521	0.9917	0.3807	0.9060	0.1223s	0.3458	0.9080	0.9027
6
0080	0.1354	0.9917	0.3850	0.8980	0.1213s	0.3491	0.9070	0.9017
7
0081	0.1431	0.9833	0.3925	0.8980	0.1211s	0.3568	0.9070	0.9019
8
0082	0.1390	0.9917	0.3969	0.9000	0.1044s	0.3625	0.9030	0.8979
9
0083	0.1445	0.9667	0.3958	0.9000	0.1221s	0.3631	0.9000	0.8946
10
0084	0.1377	0.9917	0.3888	0.9000	0.1232s	0.3581	0.8980	0.8926
11
0085	0.1452	1.0000	0.3831	0.9000	0.1219s	0.3539	0.9030	0.8977
12
0086	0.1413	0.9917	0.3809	0.9020	0.1217s	0.3514	0.9010	0.8955
13
0087	0.1425	0.9500	0.3780	0.9060	0.1044s	0.3459	0.9060	0.9013
14
0088	0.1514	0.9750	0.3788	0.9020	0.1200s	0.3433	0.9060	0.9014
15
0089	0.1189	0.9750	0.3799	0.9060	0.1224s	0.3416	0.9090	0.9041
16
0090	0.1368	0.9917	0.3782	0.9080	0.1223s	0.3384	0.9060	0.9008
17
0091	0.1411	1.0000	0.3786	0.9100	0.1224s	0.3388	0.9100	0.9050
0
0092	0.1600	0.9667	0.3786	0.9080	0.1216s	0.3401	0.9080	0.9026
0
0093	0.1633	0.9667	0.3801	0.9060	0.1123s	0.3454	0.9070	0.9018
1
0094	0.1307	0.9917	0.3817	0.9000	0.1191s	0.3506	0.9040	0.8990
2
0095	0.1309	0.9917	0.3862	0.9000	0.1219s	0.3575	0.9040	0.8992
3
0096	0.1661	0.9750	0.3833	0.9000	0.1225s	0.3539	0.9060	0.9012
4
0097	0.1355	0.9917	0.3806	0.8960	0.1214s	0.3490	0.9060	0.9008
5
0098	0.1698	0.9750	0.3782	0.9040	0.1225s	0.3435	0.9080	0.9031
6
0099	0.1370	0.9667	0.3771	0.9080	0.1219s	0.3394	0.9130	0.9081
7
0100	0.1345	0.9833	0.3771	0.9080	0.1181s	0.3368	0.9090	0.9038
8
0101	0.1437	0.9583	0.3770	0.9080	0.1210s	0.3365	0.9100	0.9050
9
0102	0.1462	0.9667	0.3769	0.9080	0.1043s	0.3377	0.9130	0.9082
10
0103	0.1536	0.9750	0.3773	0.9060	0.1046s	0.3398	0.9100	0.9051
11
0104	0.1258	0.9833	0.3764	0.9080	0.1043s	0.3406	0.9100	0.9047
12
0105	0.1359	0.9833	0.3761	0.9080	0.1216s	0.3412	0.9080	0.9030
13
0106	0.1378	1.0000	0.3754	0.9060	0.1217s	0.3416	0.9070	0.9019
14
0107	0.1513	1.0000	0.3813	0.8980	0.1224s	0.3455	0.9070	0.9018
15
0108	0.1491	0.9583	0.3884	0.9000	0.1221s	0.3493	0.9060	0.9004
16
0109	0.1386	0.9833	0.3911	0.8960	0.1048s	0.3470	0.9070	0.9013
17
0110	0.1471	0.9667	0.3949	0.9000	0.1221s	0.3456	0.9080	0.9026
18
0111	0.1593	0.9750	0.3966	0.9040	0.1221s	0.3453	0.9020	0.8972
19
0112	0.1499	0.9917	0.3904	0.9100	0.1223s	0.3390	0.9050	0.9006
20
0113	0.1613	0.9667	0.3832	0.9100	0.1219s	0.3328	0.9100	0.9057
0
0114	0.1446	1.0000	0.3787	0.9100	0.1044s	0.3314	0.9150	0.9109
0
0115	0.1421	1.0000	0.3798	0.9040	0.1223s	0.3369	0.9120	0.9070
0
0116	0.1593	0.9750	0.3870	0.9040	0.1219s	0.3481	0.9070	0.9017
1
0117	0.1278	1.0000	0.3999	0.8940	0.1203s	0.3624	0.8980	0.8922
2
0118	0.1355	0.9750	0.4105	0.8940	0.1193s	0.3728	0.8930	0.8865
3
0119	0.1435	0.9667	0.4047	0.8940	0.1209s	0.3665	0.8970	0.8906
4
0120	0.1378	0.9833	0.3955	0.8940	0.1223s	0.3565	0.9070	0.9010
5
0121	0.1250	0.9667	0.3849	0.9020	0.1218s	0.3448	0.9080	0.9022
6
0122	0.1457	0.9750	0.3779	0.9120	0.1196s	0.3362	0.9140	0.9097
7
0123	0.1363	0.9750	0.3768	0.9120	0.1222s	0.3338	0.9160	0.9120
0
0124	0.1537	0.9750	0.3807	0.9060	0.1054s	0.3353	0.9110	0.9063
0
0125	0.1412	0.9833	0.3885	0.9040	0.1223s	0.3429	0.9070	0.9018
1
0126	0.1778	0.9750	0.3967	0.9000	0.1214s	0.3513	0.9030	0.8974
2
0127	0.1308	0.9917	0.4016	0.8920	0.1236s	0.3565	0.8990	0.8930
3
0128	0.1417	0.9750	0.4021	0.8960	0.1214s	0.3585	0.8980	0.8918
4
0129	0.1460	1.0000	0.3986	0.8960	0.1223s	0.3569	0.9000	0.8940
5
0130	0.1272	0.9833	0.3938	0.8960	0.1046s	0.3541	0.9030	0.8971
6
0131	0.1279	1.0000	0.3884	0.9000	0.1218s	0.3502	0.9080	0.9027
7
0132	0.1601	0.9750	0.3873	0.9040	0.1224s	0.3497	0.9070	0.9016
8
0133	0.1290	0.9833	0.3864	0.9020	0.1223s	0.3499	0.9080	0.9029
9
0134	0.1466	1.0000	0.3829	0.9080	0.1220s	0.3451	0.9110	0.9066
10
0135	0.1413	0.9750	0.3808	0.9100	0.1225s	0.3419	0.9110	0.9062
11
0136	0.1293	0.9833	0.3815	0.9040	0.1074s	0.3426	0.9140	0.9093
12
0137	0.1300	0.9667	0.3848	0.9020	0.1218s	0.3462	0.9150	0.9101
13
0138	0.1291	0.9750	0.3900	0.9000	0.1219s	0.3517	0.9130	0.9081
14
0139	0.1499	0.9750	0.3959	0.8920	0.1220s	0.3578	0.9060	0.9007
15
0140	0.1320	0.9833	0.4039	0.8940	0.1221s	0.3638	0.9040	0.8985
16
0141	0.1511	0.9833	0.4105	0.8880	0.1220s	0.3690	0.8980	0.8915
17
0142	0.1440	0.9667	0.4064	0.8980	0.1118s	0.3645	0.9020	0.8962
18
0143	0.1255	0.9667	0.4015	0.9020	0.1173s	0.3597	0.9030	0.8973
19
0144	0.1392	0.9750	0.3951	0.9020	0.1175s	0.3546	0.9060	0.9012
20
0145	0.1476	0.9917	0.3876	0.8980	0.1198s	0.3498	0.9100	0.9056
21
0146	0.1308	0.9917	0.3820	0.9020	0.1225s	0.3465	0.9070	0.9020
22
0147	0.1406	0.9750	0.3889	0.9020	0.1110s	0.3542	0.9100	0.9050
23
0148	0.1501	0.9917	0.3948	0.9000	0.1200s	0.3582	0.9070	0.9014
24
0149	0.1519	0.9833	0.3985	0.8980	0.1223s	0.3609	0.9080	0.9022
25
0150	0.1452	0.9750	0.3991	0.9000	0.1224s	0.3599	0.9060	0.9002
26
0151	0.1428	0.9917	0.3978	0.8980	0.1226s	0.3584	0.9070	0.9013
27
0152	0.1331	0.9750	0.3927	0.8980	0.1151s	0.3552	0.9050	0.8992
28
0153	0.1192	0.9583	0.3887	0.9000	0.1226s	0.3547	0.9040	0.8982
29
0154	0.1286	0.9833	0.3891	0.9020	0.1198s	0.3558	0.9000	0.8942
30
0155	0.1545	1.0000	0.3849	0.9040	0.1197s	0.3508	0.9060	0.9014
31
0156	0.1348	0.9833	0.3804	0.9060	0.1218s	0.3453	0.9100	0.9057
32
0157	0.1209	0.9833	0.3752	0.9060	0.1222s	0.3402	0.9100	0.9056
33
0158	0.1293	0.9833	0.3755	0.9040	0.1223s	0.3410	0.9060	0.9013
34
0159	0.1266	0.9750	0.3803	0.9040	0.1188s	0.3452	0.9050	0.9001
35
0160	0.1463	0.9750	0.3855	0.8980	0.1199s	0.3495	0.9040	0.8985
36
0161	0.1289	0.9833	0.3889	0.8980	0.1222s	0.3516	0.9040	0.8984
37
0162	0.1374	0.9833	0.3873	0.8980	0.1224s	0.3493	0.9050	0.8995
38
0163	0.1565	0.9917	0.3808	0.9000	0.1177s	0.3445	0.9090	0.9037
39
0164	0.1238	0.9833	0.3767	0.9020	0.1112s	0.3424	0.9080	0.9029
40
0165	0.1365	0.9833	0.3750	0.9020	0.1223s	0.3430	0.9110	0.9064
41
0166	0.1201	0.9917	0.3756	0.9000	0.1222s	0.3447	0.9110	0.9066
42
0167	0.1654	0.9500	0.3844	0.8980	0.1221s	0.3559	0.9070	0.9026
43
0168	0.1458	0.9750	0.3897	0.8920	0.1223s	0.3597	0.9030	0.8983
44
0169	0.1352	0.9833	0.3917	0.8920	0.1202s	0.3602	0.9030	0.8984
45
0170	0.1306	0.9917	0.3831	0.8960	0.1198s	0.3523	0.9060	0.9013
46
0171	0.1493	0.9750	0.3726	0.9020	0.1337s	0.3427	0.9080	0.9032
47
0172	0.1290	0.9917	0.3674	0.9000	0.1395s	0.3369	0.9120	0.9077
48
0173	0.1166	0.9750	0.3681	0.9000	0.1364s	0.3373	0.9130	0.9084
0
0174	0.1502	0.9833	0.3748	0.9020	0.1395s	0.3447	0.9090	0.9043
1
0175	0.1319	0.9833	0.3828	0.9020	0.1392s	0.3537	0.9030	0.8978
2
0176	0.1703	0.9583	0.3933	0.8940	0.1394s	0.3628	0.9030	0.8979
3
0177	0.1253	0.9667	0.4015	0.8900	0.1395s	0.3712	0.8980	0.8927
4
0178	0.1318	0.9917	0.3988	0.8880	0.1391s	0.3713	0.8970	0.8915
5
0179	0.1344	0.9500	0.3841	0.9000	0.1397s	0.3617	0.9020	0.8968
6
0180	0.1386	0.9667	0.3743	0.8960	0.1393s	0.3545	0.9050	0.9003
7
0181	0.1271	0.9833	0.3733	0.8940	0.1395s	0.3547	0.9070	0.9030
8
0182	0.1314	0.9750	0.3745	0.8960	0.1399s	0.3555	0.9060	0.9018
9
0183	0.1270	0.9833	0.3785	0.9000	0.1386s	0.3588	0.9030	0.8981
10
0184	0.1334	1.0000	0.3867	0.8980	0.1392s	0.3637	0.9000	0.8946
11
0185	0.1176	0.9917	0.3994	0.8900	0.1395s	0.3732	0.8960	0.8906
12
0186	0.1394	0.9667	0.4050	0.8880	0.1389s	0.3778	0.8940	0.8882
13
0187	0.1384	0.9667	0.4022	0.8880	0.1182s	0.3764	0.8960	0.8904
14
0188	0.1701	0.9750	0.3867	0.8980	0.1389s	0.3659	0.9000	0.8948
15
0189	0.1185	0.9833	0.3757	0.8960	0.1391s	0.3584	0.9040	0.8994
16
0190	0.1307	0.9750	0.3720	0.8940	0.1395s	0.3570	0.9100	0.9057
17
0191	0.1414	0.9833	0.3742	0.8940	0.1397s	0.3601	0.9090	0.9047
18
0192	0.1231	0.9833	0.3801	0.8960	0.1398s	0.3642	0.9010	0.8958
19
0193	0.1213	0.9833	0.3845	0.8980	0.1394s	0.3655	0.9000	0.8947
20
0194	0.1411	0.9833	0.3909	0.9000	0.1392s	0.3676	0.8990	0.8935
21
0195	0.1391	0.9917	0.3972	0.8960	0.1393s	0.3702	0.8970	0.8912
22
0196	0.1361	0.9667	0.3943	0.9020	0.1386s	0.3681	0.9000	0.8940
23
0197	0.1123	0.9917	0.3889	0.9020	0.1387s	0.3636	0.9050	0.8992
24
0198	0.1393	0.9917	0.3829	0.9060	0.1392s	0.3588	0.9090	0.9039
25
0199	0.1466	0.9833	0.3810	0.9020	0.1390s	0.3589	0.9060	0.9003
26
0200	0.1264	0.9750	0.3834	0.9020	0.1431s	0.3640	0.9070	0.9016
27
0201	0.1181	0.9917	0.3902	0.8980	0.1226s	0.3719	0.9010	0.8953
28
0202	0.1245	1.0000	0.3952	0.8920	0.1230s	0.3777	0.8960	0.8901
29
0203	0.1457	0.9833	0.3959	0.8940	0.1236s	0.3784	0.8980	0.8920
30
0204	0.1422	0.9833	0.3936	0.8940	0.1046s	0.3756	0.8950	0.8888
31
0205	0.1304	0.9917	0.3862	0.8980	0.1232s	0.3681	0.9010	0.8953
32
0206	0.1377	0.9833	0.3776	0.9020	0.1222s	0.3583	0.9060	0.9004
33
0207	0.1383	0.9667	0.3725	0.9060	0.1193s	0.3515	0.9100	0.9051
34
0208	0.1563	0.9500	0.3722	0.9060	0.1237s	0.3484	0.9110	0.9064
35
0209	0.1353	0.9750	0.3741	0.9040	0.1072s	0.3475	0.9100	0.9049
36
0210	0.1453	0.9833	0.3806	0.9040	0.1224s	0.3519	0.9030	0.8972
37
0211	0.1483	0.9750	0.3893	0.8940	0.1234s	0.3595	0.9040	0.8984
38
0212	0.1211	0.9917	0.3973	0.8900	0.1215s	0.3661	0.9000	0.8940
39
0213	0.1480	0.9833	0.3977	0.8900	0.1224s	0.3682	0.9000	0.8939
40
0214	0.1409	0.9833	0.3889	0.9020	0.1220s	0.3601	0.9010	0.8952
41
0215	0.1241	0.9583	0.3809	0.9000	0.1260s	0.3512	0.9060	0.9009
42
0216	0.1428	0.9583	0.3733	0.9040	0.1225s	0.3435	0.9090	0.9038
43
0217	0.1398	1.0000	0.3696	0.9060	0.1218s	0.3381	0.9100	0.9053
44
0218	0.1334	0.9833	0.3715	0.9060	0.1216s	0.3398	0.9090	0.9042
45
0219	0.1410	0.9750	0.3757	0.9020	0.1234s	0.3452	0.9060	0.9009
46
0220	0.1351	0.9667	0.3855	0.9000	0.1228s	0.3549	0.9030	0.8974
47
0221	0.1256	0.9917	0.3939	0.8920	0.1229s	0.3638	0.9000	0.8942
48
0222	0.1367	0.9750	0.3931	0.8940	0.1122s	0.3646	0.8990	0.8930
49
0223	0.1535	0.9583	0.3845	0.8980	0.1059s	0.3578	0.9000	0.8945
50
0224	0.1556	0.9833	0.3733	0.9000	0.1220s	0.3499	0.9020	0.8965
51
0225	0.1174	1.0000	0.3632	0.9020	0.1233s	0.3422	0.9080	0.9034
52
0226	0.1499	0.9917	0.3607	0.9020	0.1214s	0.3406	0.9100	0.9051
0
0227	0.1333	0.9917	0.3602	0.9020	0.1062s	0.3399	0.9080	0.9031
0
0228	0.1567	0.9833	0.3620	0.9000	0.1220s	0.3419	0.9080	0.9028
0
0229	0.1330	0.9750	0.3657	0.8980	0.1060s	0.3462	0.9090	0.9039
1
0230	0.1178	0.9750	0.3747	0.8980	0.1218s	0.3556	0.9030	0.8974
2
0231	0.1477	0.9583	0.3803	0.8980	0.1223s	0.3624	0.9010	0.8953
3
0232	0.1345	0.9833	0.3834	0.8980	0.1046s	0.3659	0.9010	0.8953
4
0233	0.1442	0.9833	0.3850	0.8980	0.1223s	0.3682	0.9010	0.8952
5
0234	0.1144	1.0000	0.3816	0.8920	0.1047s	0.3652	0.9030	0.8971
6
0235	0.1315	0.9917	0.3749	0.8960	0.1230s	0.3591	0.9040	0.8984
7
0236	0.1537	0.9833	0.3664	0.8960	0.1222s	0.3504	0.9070	0.9015
8
0237	0.1277	0.9667	0.3633	0.8940	0.1240s	0.3473	0.9100	0.9049
9
0238	0.1345	0.9667	0.3645	0.8940	0.1216s	0.3496	0.9090	0.9041
10
0239	0.1279	0.9667	0.3699	0.8940	0.1260s	0.3566	0.9080	0.9028
11
0240	0.1275	0.9833	0.3752	0.8940	0.1228s	0.3632	0.9060	0.9004
12
0241	0.1377	1.0000	0.3805	0.8960	0.1230s	0.3690	0.9010	0.8949
13
0242	0.1348	0.9750	0.3809	0.8960	0.1227s	0.3696	0.9010	0.8949
14
0243	0.1178	0.9917	0.3771	0.8980	0.1224s	0.3657	0.9000	0.8938
15
0244	0.1332	0.9833	0.3720	0.8960	0.1247s	0.3604	0.9070	0.9015
16
0245	0.1339	0.9833	0.3713	0.9000	0.1223s	0.3597	0.9070	0.9017
17
0246	0.1331	0.9917	0.3712	0.9040	0.1229s	0.3588	0.9030	0.8972
18
0247	0.1688	0.9750	0.3741	0.8980	0.1233s	0.3604	0.9040	0.8983
19
0248	0.1373	0.9750	0.3767	0.8980	0.1218s	0.3635	0.9050	0.8992
20
0249	0.1239	0.9833	0.3762	0.9020	0.1218s	0.3640	0.9030	0.8972
21
0250	0.1454	0.9667	0.3792	0.9000	0.1238s	0.3681	0.9030	0.8972
22
0251	0.1341	0.9917	0.3785	0.8980	0.1217s	0.3681	0.9060	0.9004
23
0252	0.1312	0.9750	0.3770	0.8960	0.1217s	0.3668	0.9060	0.9007
24
0253	0.1485	0.9750	0.3712	0.9020	0.1050s	0.3590	0.9070	0.9016
25
0254	0.1223	0.9917	0.3670	0.9040	0.1225s	0.3515	0.9060	0.9006
26
0255	0.1306	0.9750	0.3659	0.9040	0.1217s	0.3477	0.9050	0.8995
27
0256	0.1512	0.9500	0.3661	0.9060	0.1047s	0.3462	0.9050	0.8994
28
0257	0.1306	0.9750	0.3679	0.9040	0.1220s	0.3479	0.9060	0.9003
29
0258	0.1307	0.9750	0.3706	0.9020	0.1220s	0.3520	0.9080	0.9025
30
0259	0.1208	0.9833	0.3764	0.9020	0.1222s	0.3587	0.9020	0.8962
31
0260	0.1335	0.9833	0.3794	0.8980	0.1218s	0.3622	0.9030	0.8970
32
0261	0.1362	0.9833	0.3800	0.9020	0.1223s	0.3615	0.9020	0.8962
33
0262	0.1633	0.9917	0.3738	0.9040	0.1226s	0.3553	0.9030	0.8975
34
0263	0.1362	0.9917	0.3663	0.9020	0.1227s	0.3471	0.9030	0.8975
35
0264	0.1452	0.9667	0.3649	0.9120	0.1227s	0.3421	0.9040	0.8992
36
0265	0.1289	0.9917	0.3668	0.9100	0.1224s	0.3426	0.9080	0.9034
0
0266	0.1427	0.9917	0.3701	0.9060	0.1223s	0.3461	0.9030	0.8979
1
0267	0.1560	0.9583	0.3733	0.9020	0.1217s	0.3527	0.8990	0.8932
2
0268	0.1150	0.9750	0.3786	0.8940	0.1225s	0.3626	0.9020	0.8964
3
0269	0.1357	0.9750	0.3877	0.8980	0.1226s	0.3762	0.9030	0.8969
4
0270	0.1498	0.9750	0.3928	0.8900	0.1061s	0.3839	0.9040	0.8974
5
0271	0.1374	0.9750	0.3873	0.8880	0.1236s	0.3795	0.9050	0.8986
6
0272	0.1230	1.0000	0.3776	0.9000	0.1222s	0.3688	0.9050	0.8993
7
0273	0.1315	0.9917	0.3704	0.9060	0.1225s	0.3607	0.9040	0.8986
8
0274	0.1555	0.9833	0.3617	0.9060	0.1263s	0.3490	0.9090	0.9039
9
0275	0.1391	0.9583	0.3600	0.9080	0.1222s	0.3455	0.9040	0.8987
10
0276	0.1473	0.9833	0.3614	0.9080	0.1223s	0.3464	0.9040	0.8991
0
0277	0.1460	0.9583	0.3633	0.9060	0.1218s	0.3497	0.9030	0.8977
1
0278	0.1286	0.9833	0.3693	0.9020	0.1223s	0.3566	0.9000	0.8944
2
0279	0.1271	0.9750	0.3821	0.8900	0.1222s	0.3700	0.8980	0.8919
3
0280	0.1397	0.9750	0.3903	0.8920	0.1218s	0.3789	0.8970	0.8904
4
0281	0.1387	0.9667	0.3934	0.8920	0.1224s	0.3826	0.9000	0.8934
5
0282	0.1194	0.9750	0.3912	0.8900	0.1069s	0.3808	0.9010	0.8948
6
0283	0.1411	0.9667	0.3830	0.9020	0.1195s	0.3740	0.9030	0.8965
7
0284	0.1191	0.9833	0.3767	0.9060	0.1219s	0.3685	0.9070	0.9014
8
0285	0.1244	0.9750	0.3717	0.9060	0.1048s	0.3635	0.9100	0.9050
9
0286	0.1261	0.9500	0.3675	0.9040	0.1224s	0.3569	0.9080	0.9036
10
0287	0.1542	1.0000	0.3685	0.9060	0.1231s	0.3570	0.9040	0.8991
11
0288	0.1325	0.9750	0.3735	0.8960	0.1223s	0.3630	0.9020	0.8971
12
0289	0.1403	0.9917	0.3870	0.8880	0.1215s	0.3772	0.8960	0.8906
13
0290	0.1349	0.9833	0.4037	0.8880	0.1221s	0.3916	0.8900	0.8838
14
0291	0.1301	0.9750	0.4168	0.8880	0.1227s	0.4031	0.8880	0.8813
15
0292	0.1344	0.9750	0.4135	0.8860	0.1235s	0.3980	0.8940	0.8871
16
0293	0.1174	0.9917	0.4054	0.8860	0.1222s	0.3893	0.8980	0.8915
17
0294	0.1189	1.0000	0.3955	0.8960	0.1217s	0.3793	0.9060	0.8997
18
0295	0.1102	0.9833	0.3889	0.9000	0.1224s	0.3723	0.9060	0.9001
19
0296	0.1442	0.9750	0.3814	0.9020	0.1221s	0.3641	0.9110	0.9061
20
0297	0.1328	0.9917	0.3766	0.9080	0.1229s	0.3581	0.9080	0.9032
21
0298	0.1318	0.9750	0.3742	0.9080	0.1221s	0.3558	0.9100	0.9054
22
0299	0.1219	0.9750	0.3772	0.9020	0.1221s	0.3589	0.9110	0.9067
23
0300	0.1364	0.9917	0.3859	0.8980	0.1221s	0.3677	0.9010	0.8955
24
0301	0.1110	0.9750	0.4043	0.8940	0.1219s	0.3849	0.8910	0.8850
25
0302	0.1649	0.9833	0.4125	0.8880	0.1062s	0.3914	0.8910	0.8852
26
0303	0.1499	0.9667	0.4067	0.8900	0.1222s	0.3850	0.8950	0.8886
27
0304	0.1158	1.0000	0.3971	0.9000	0.1223s	0.3749	0.9010	0.8950
28
0305	0.1350	0.9750	0.3876	0.8980	0.1220s	0.3654	0.9010	0.8959
29
0306	0.1219	0.9750	0.3804	0.9000	0.1220s	0.3584	0.9010	0.8960
30
0307	0.1299	0.9917	0.3771	0.9000	0.1221s	0.3562	0.9030	0.8985
31
0308	0.1521	0.9750	0.3764	0.9000	0.1221s	0.3566	0.9070	0.9026
32
0309	0.1420	0.9750	0.3817	0.9020	0.1091s	0.3628	0.9050	0.8997
33
0310	0.1416	0.9833	0.3900	0.9020	0.1226s	0.3708	0.9010	0.8956
34
0311	0.1322	0.9750	0.3945	0.8960	0.1220s	0.3751	0.8960	0.8904
35
0312	0.1486	0.9750	0.3889	0.8980	0.1218s	0.3686	0.9000	0.8945
36
0313	0.1290	0.9917	0.3838	0.8980	0.1051s	0.3628	0.9030	0.8973
37
0314	0.1392	0.9917	0.3747	0.9020	0.1222s	0.3543	0.9040	0.8982
38
0315	0.1216	0.9833	0.3688	0.9080	0.1222s	0.3483	0.9050	0.9001
39
0316	0.1301	0.9750	0.3677	0.9060	0.1217s	0.3471	0.9050	0.9003
40
0317	0.1331	0.9417	0.3642	0.9080	0.1220s	0.3456	0.9060	0.9012
41
0318	0.1437	0.9750	0.3632	0.9080	0.1208s	0.3472	0.9070	0.9025
42
0319	0.1400	0.9833	0.3626	0.9060	0.1226s	0.3498	0.9020	0.8972
43
0320	0.1300	0.9833	0.3669	0.9080	0.1223s	0.3578	0.9050	0.9001
44
0321	0.1259	0.9750	0.3750	0.9020	0.1235s	0.3684	0.9050	0.9003
45
0322	0.1235	0.9833	0.3785	0.9040	0.1219s	0.3725	0.9050	0.9004
46
0323	0.1406	0.9917	0.3728	0.9040	0.1153s	0.3658	0.9020	0.8968
47
0324	0.1349	0.9667	0.3642	0.9060	0.1226s	0.3564	0.9030	0.8984
48
0325	0.1424	0.9667	0.3610	0.9080	0.1207s	0.3521	0.9060	0.9017
49
0326	0.1450	0.9833	0.3637	0.9080	0.1226s	0.3533	0.9050	0.9007
50
0327	0.1343	0.9583	0.3650	0.9060	0.1227s	0.3526	0.9100	0.9056
51
0328	0.1301	0.9833	0.3715	0.9020	0.1221s	0.3580	0.9010	0.8959
52
0329	0.1619	0.9917	0.3873	0.8980	0.1225s	0.3726	0.9030	0.8978
53
0330	0.1318	0.9750	0.4050	0.8900	0.1220s	0.3894	0.8980	0.8920
54
0331	0.1437	0.9917	0.4124	0.8860	0.1233s	0.3959	0.8950	0.8887
55
0332	0.1434	1.0000	0.3999	0.8940	0.1222s	0.3845	0.8960	0.8902
56
0333	0.1353	0.9833	0.3854	0.9000	0.1222s	0.3726	0.9060	0.9010
57
0334	0.1359	0.9917	0.3770	0.9000	0.1223s	0.3665	0.9050	0.8999
58
0335	0.1299	0.9917	0.3726	0.9000	0.1205s	0.3631	0.9050	0.9003
59
0336	0.1203	1.0000	0.3725	0.9020	0.1231s	0.3626	0.9060	0.9017
60
0337	0.1273	0.9917	0.3722	0.8980	0.1222s	0.3608	0.9080	0.9039
61
0338	0.1554	0.9750	0.3685	0.8960	0.1221s	0.3543	0.9090	0.9044
62
0339	0.1201	0.9833	0.3709	0.8960	0.1123s	0.3552	0.9050	0.9003
63
0340	0.1328	0.9833	0.3852	0.8960	0.1219s	0.3661	0.8970	0.8913
64
0341	0.1245	0.9667	0.3990	0.8900	0.1223s	0.3768	0.8940	0.8877
65
0342	0.1373	0.9833	0.4054	0.8920	0.1224s	0.3812	0.8940	0.8876
66
0343	0.1229	0.9833	0.4015	0.8900	0.1247s	0.3767	0.8980	0.8914
67
0344	0.1483	0.9667	0.3924	0.8920	0.1224s	0.3671	0.9020	0.8954
68
0345	0.1286	0.9833	0.3811	0.8960	0.1223s	0.3554	0.9110	0.9054
69
0346	0.1355	0.9917	0.3717	0.8980	0.1222s	0.3472	0.9090	0.9045
70
0347	0.1206	0.9833	0.3720	0.9020	0.1213s	0.3484	0.9070	0.9027
71
0348	0.1259	1.0000	0.3769	0.9000	0.1211s	0.3557	0.9000	0.8956
72
0349	0.1534	0.9667	0.3816	0.8920	0.1222s	0.3612	0.8980	0.8931
73
0350	0.1149	0.9833	0.3892	0.8860	0.1191s	0.3672	0.8960	0.8905
74
0351	0.1378	0.9750	0.3961	0.8860	0.1222s	0.3716	0.8980	0.8927
75
0352	0.1437	0.9667	0.4053	0.8880	0.1220s	0.3777	0.8940	0.8875
76
0353	0.1301	0.9667	0.4021	0.8940	0.1223s	0.3720	0.8930	0.8866
77
0354	0.1295	0.9917	0.3943	0.8920	0.1227s	0.3622	0.9020	0.8964
78
0355	0.1236	0.9833	0.3880	0.8920	0.1221s	0.3527	0.9060	0.9008
79
0356	0.1473	0.9833	0.3837	0.8960	0.1186s	0.3476	0.9080	0.9029
80
0357	0.1345	0.9917	0.3822	0.8960	0.1216s	0.3466	0.9080	0.9027
81
0358	0.1255	0.9917	0.3819	0.8980	0.1236s	0.3464	0.9080	0.9027
82
0359	0.1432	0.9750	0.3831	0.8920	0.1222s	0.3478	0.9070	0.9019
83
0360	0.1488	0.9750	0.3875	0.9000	0.1224s	0.3528	0.9060	0.9008
84
0361	0.1555	0.9500	0.3876	0.8960	0.1215s	0.3516	0.9030	0.8974
85
0362	0.1459	0.9750	0.3876	0.8980	0.1219s	0.3497	0.9040	0.8989
86
0363	0.1387	0.9583	0.3860	0.8940	0.1222s	0.3471	0.9070	0.9018
87
0364	0.1386	0.9750	0.3870	0.8940	0.1220s	0.3472	0.9070	0.9020
88
0365	0.1293	1.0000	0.3853	0.9000	0.1216s	0.3456	0.9100	0.9050
89
0366	0.1303	0.9833	0.3820	0.9040	0.1214s	0.3433	0.9130	0.9083
90
0367	0.1282	1.0000	0.3813	0.9020	0.1218s	0.3453	0.9080	0.9029
91
0368	0.1368	0.9833	0.3826	0.9020	0.1221s	0.3494	0.9080	0.9029
92
0369	0.1317	0.9917	0.3859	0.9020	0.1220s	0.3545	0.9030	0.8976
93
0370	0.1271	1.0000	0.3918	0.8920	0.1215s	0.3626	0.9000	0.8941
94
0371	0.1409	0.9833	0.3980	0.8900	0.1223s	0.3708	0.9030	0.8972
95
0372	0.1431	1.0000	0.3963	0.8940	0.1222s	0.3704	0.9030	0.8972
96
0373	0.1303	0.9917	0.3866	0.8940	0.1236s	0.3616	0.9070	0.9013
97
0374	0.1404	0.9750	0.3792	0.8960	0.1224s	0.3535	0.9110	0.9063
98
0375	0.1170	0.9833	0.3765	0.9020	0.1221s	0.3491	0.9090	0.9043
99
0376	0.1321	0.9750	0.3773	0.9040	0.1220s	0.3487	0.9130	0.9088
100
0377	0.1752	0.9667	0.3812	0.9020	0.1221s	0.3530	0.9100	0.9052
101
0378	0.1384	0.9750	0.3908	0.8940	0.1216s	0.3659	0.9030	0.8976
102
0379	0.1255	0.9917	0.4089	0.8860	0.1222s	0.3865	0.8970	0.8915
103
0380	0.1572	0.9750	0.4125	0.8820	0.1216s	0.3933	0.8960	0.8904
104
0381	0.1221	0.9917	0.3981	0.8840	0.1219s	0.3820	0.9000	0.8948
105
0382	0.1420	0.9750	0.3868	0.8940	0.1219s	0.3727	0.9050	0.9002
106
0383	0.1214	0.9917	0.3786	0.9000	0.1226s	0.3636	0.9070	0.9019
107
0384	0.1370	0.9750	0.3751	0.9040	0.1051s	0.3598	0.9100	0.9052
108
0385	0.1297	0.9833	0.3741	0.9020	0.1218s	0.3585	0.9120	0.9073
109
0386	0.1461	0.9917	0.3765	0.9080	0.1218s	0.3630	0.9100	0.9053
110
0387	0.1380	0.9833	0.3834	0.9060	0.1216s	0.3719	0.9080	0.9025
111
0388	0.1298	0.9667	0.4015	0.8940	0.1228s	0.3925	0.9040	0.8982
112
0389	0.1329	0.9917	0.4179	0.8820	0.1225s	0.4094	0.8970	0.8903
113
0390	0.1366	0.9583	0.4213	0.8800	0.1222s	0.4112	0.8940	0.8872
114
0391	0.1657	0.9833	0.4127	0.8820	0.1220s	0.3998	0.8980	0.8918
115
0392	0.1350	0.9833	0.3945	0.8960	0.1218s	0.3779	0.9000	0.8939
116
0393	0.1521	0.9833	0.3812	0.9020	0.1663s	0.3608	0.9070	0.9015
117
0394	0.1279	0.9833	0.3742	0.9040	0.1227s	0.3528	0.9170	0.9127
118
0395	0.1251	0.9833	0.3687	0.9000	0.1223s	0.3498	0.9140	0.9095
119
0396	0.1633	0.9083	0.3700	0.9060	0.1208s	0.3564	0.9110	0.9059
120
0397	0.1211	0.9917	0.3780	0.8980	0.1222s	0.3684	0.9080	0.9026
121
0398	0.1372	0.9750	0.3895	0.8900	0.1210s	0.3817	0.9040	0.8977
122
0399	0.1255	0.9750	0.3929	0.8860	0.1218s	0.3831	0.9050	0.8989
123
0400	0.1361	0.9667	0.3898	0.8920	0.1209s	0.3755	0.9010	0.8946
124
0401	0.1316	0.9833	0.3831	0.9000	0.1162s	0.3654	0.9000	0.8941
125
0402	0.1382	0.9667	0.3760	0.9040	0.1039s	0.3550	0.9010	0.8953
126
0403	0.1098	0.9917	0.3720	0.9060	0.1127s	0.3470	0.9070	0.9019
127
0404	0.1343	0.9833	0.3716	0.9020	0.1220s	0.3465	0.9090	0.9038
128
0405	0.1414	0.9500	0.3677	0.9080	0.1222s	0.3450	0.9070	0.9019
129
0406	0.1230	0.9833	0.3675	0.9040	0.1224s	0.3486	0.9040	0.8990
130
0407	0.1266	1.0000	0.3709	0.9040	0.1225s	0.3557	0.9080	0.9030
131
0408	0.1171	0.9833	0.3786	0.8980	0.1192s	0.3665	0.9050	0.8998
132
0409	0.1331	0.9833	0.3844	0.8960	0.1227s	0.3731	0.9020	0.8968
133
0410	0.1256	0.9917	0.3888	0.9000	0.1217s	0.3770	0.9020	0.8965
134
0411	0.1346	0.9750	0.3809	0.9000	0.1224s	0.3682	0.9030	0.8976
135
0412	0.1314	0.9917	0.3754	0.9020	0.1223s	0.3593	0.9030	0.8976
136
0413	0.1410	0.9667	0.3738	0.9020	0.1226s	0.3537	0.9040	0.8984
137
0414	0.1173	0.9917	0.3765	0.9020	0.1222s	0.3529	0.9060	0.9003
138
0415	0.1229	0.9833	0.3753	0.9000	0.1224s	0.3516	0.9070	0.9016
139
0416	0.1364	0.9667	0.3691	0.9000	0.1223s	0.3488	0.9060	0.9006
140
0417	0.1403	0.9750	0.3647	0.9020	0.1268s	0.3497	0.9050	0.8998
141
0418	0.1366	0.9833	0.3709	0.8980	0.1220s	0.3617	0.9060	0.9007
142
0419	0.1385	0.9667	0.3879	0.8880	0.1219s	0.3817	0.8990	0.8931
143
0420	0.1449	0.9750	0.4017	0.8800	0.1228s	0.3959	0.8940	0.8870
144
0421	0.1242	0.9750	0.4049	0.8820	0.1222s	0.3985	0.8940	0.8870
145
0422	0.1421	0.9917	0.3934	0.8840	0.1222s	0.3862	0.8980	0.8915
146
0423	0.1376	0.9583	0.3778	0.8960	0.1230s	0.3681	0.9090	0.9040
147
0424	0.1306	0.9833	0.3690	0.9080	0.1222s	0.3542	0.9110	0.9064
148
0425	0.1364	0.9417	0.3686	0.9040	0.1225s	0.3495	0.9130	0.9086
149
0426	0.1388	0.9583	0.3691	0.9100	0.1217s	0.3496	0.9140	0.9098
150
0427	0.1529	0.9667	0.3725	0.9040	0.1222s	0.3544	0.9110	0.9062
151
0428	0.1294	0.9833	0.3822	0.8980	0.1225s	0.3656	0.9090	0.9043
152
0429	0.1399	0.9917	0.3939	0.8940	0.1218s	0.3776	0.9000	0.8944
153
0430	0.1459	0.9667	0.3999	0.8940	0.1203s	0.3834	0.9010	0.8954
154
0431	0.1271	1.0000	0.3988	0.8880	0.1202s	0.3818	0.8990	0.8928
155
0432	0.1263	1.0000	0.3870	0.8940	0.1224s	0.3694	0.9040	0.8986
156
0433	0.1319	0.9667	0.3746	0.8980	0.1223s	0.3559	0.9110	0.9065
157
0434	0.1200	0.9667	0.3675	0.9040	0.1229s	0.3474	0.9100	0.9050
158
0435	0.1517	0.9833	0.3683	0.8960	0.1223s	0.3437	0.9030	0.8978
159
0436	0.1501	0.9750	0.3753	0.8940	0.1226s	0.3495	0.9060	0.9008
160
0437	0.1335	0.9833	0.3807	0.8940	0.1321s	0.3552	0.9060	0.9006
161
0438	0.1210	0.9917	0.3869	0.8940	0.1300s	0.3607	0.9010	0.8951
162
0439	0.1252	0.9833	0.3917	0.8940	0.1370s	0.3659	0.9030	0.8971
163
0440	0.1171	0.9833	0.3923	0.8960	0.1382s	0.3676	0.9030	0.8971
164
0441	0.1255	1.0000	0.3873	0.9000	0.1388s	0.3641	0.9020	0.8963
165
0442	0.1430	0.9750	0.3824	0.8980	0.1389s	0.3588	0.9020	0.8970
166
0443	0.1336	0.9667	0.3744	0.9000	0.1394s	0.3494	0.9080	0.9037
167
0444	0.1495	0.9750	0.3656	0.9020	0.1397s	0.3389	0.9150	0.9111
168
0445	0.1442	0.9583	0.3651	0.9000	0.1393s	0.3389	0.9080	0.9030
169
0446	0.1142	0.9833	0.3701	0.9000	0.1235s	0.3443	0.9050	0.9002
170
0447	0.1255	0.9917	0.3811	0.8960	0.1230s	0.3558	0.9000	0.8950
171
0448	0.1636	1.0000	0.3942	0.8920	0.1221s	0.3682	0.8930	0.8874
172
0449	0.1536	0.9750	0.4020	0.8940	0.1218s	0.3743	0.8930	0.8872
173
0450	0.1177	0.9917	0.4095	0.8900	0.1059s	0.3796	0.8900	0.8839
174
0451	0.1228	0.9917	0.4096	0.8920	0.1212s	0.3777	0.8950	0.8892
175
0452	0.1274	0.9833	0.4005	0.9000	0.1219s	0.3684	0.8970	0.8913
176
0453	0.1600	0.9667	0.3861	0.9000	0.1061s	0.3549	0.8990	0.8938
177
0454	0.1384	0.9750	0.3753	0.9020	0.1199s	0.3441	0.9070	0.9026
178
0455	0.1367	0.9750	0.3742	0.9020	0.1223s	0.3421	0.9090	0.9049
179
0456	0.1419	0.9833	0.3768	0.9000	0.1233s	0.3442	0.9080	0.9043
180
0457	0.1471	0.9750	0.3751	0.8940	0.1219s	0.3439	0.9060	0.9014
181
0458	0.1304	1.0000	0.3790	0.8940	0.1222s	0.3492	0.9020	0.8969
182
0459	0.1337	0.9667	0.3905	0.8900	0.1259s	0.3619	0.8960	0.8901
183
0460	0.1035	0.9917	0.4008	0.8900	0.1219s	0.3723	0.8930	0.8868
184
0461	0.1382	0.9583	0.3932	0.8900	0.1222s	0.3661	0.8940	0.8879
185
0462	0.1380	0.9667	0.3771	0.8940	0.1221s	0.3512	0.9000	0.8947
186
0463	0.1270	0.9833	0.3650	0.9060	0.1237s	0.3390	0.9030	0.8982
187
0464	0.1312	1.0000	0.3605	0.9040	0.1215s	0.3323	0.9070	0.9026
188
0465	0.1322	0.9833	0.3597	0.9060	0.1224s	0.3298	0.9090	0.9048
189
0466	0.1538	0.9833	0.3604	0.9040	0.1222s	0.3305	0.9010	0.8962
0
0467	0.1338	1.0000	0.3666	0.8960	0.1230s	0.3378	0.9030	0.8979
1
0468	0.1354	0.9833	0.3757	0.8960	0.1220s	0.3474	0.9010	0.8956
2
0469	0.1298	0.9750	0.3831	0.8960	0.1235s	0.3538	0.9000	0.8945
3
0470	0.1146	0.9917	0.3866	0.8940	0.1214s	0.3573	0.9000	0.8943
4
0471	0.1152	0.9833	0.3834	0.8960	0.1237s	0.3548	0.8990	0.8932
5
0472	0.1362	0.9833	0.3770	0.8940	0.1223s	0.3493	0.9010	0.8954
6
0473	0.1241	0.9750	0.3712	0.8980	0.1219s	0.3439	0.9030	0.8975
7
0474	0.1225	0.9833	0.3671	0.9040	0.1210s	0.3394	0.9020	0.8968
8
0475	0.1314	0.9833	0.3679	0.9060	0.1221s	0.3384	0.9080	0.9030
9
0476	0.1277	1.0000	0.3705	0.9040	0.1221s	0.3403	0.9110	0.9067
10
0477	0.1608	0.9833	0.3737	0.9040	0.1225s	0.3436	0.9100	0.9053
11
0478	0.1413	0.9750	0.3815	0.9000	0.1053s	0.3516	0.8980	0.8920
12
0479	0.1261	0.9917	0.3935	0.8940	0.1219s	0.3634	0.8950	0.8886
13
0480	0.1487	0.9667	0.4017	0.8920	0.1227s	0.3711	0.8960	0.8892
14
0481	0.1360	0.9750	0.4018	0.8880	0.1223s	0.3717	0.8960	0.8900
15
0482	0.1386	0.9667	0.3923	0.8880	0.1220s	0.3624	0.9000	0.8943
16
0483	0.1141	0.9833	0.3834	0.8920	0.1219s	0.3535	0.9050	0.8997
17
0484	0.1135	0.9917	0.3766	0.8980	0.1232s	0.3449	0.9080	0.9029
18
0485	0.1424	0.9667	0.3739	0.9020	0.1220s	0.3401	0.9070	0.9021
19
0486	0.1229	0.9667	0.3746	0.9060	0.1218s	0.3389	0.9100	0.9052
20
0487	0.1165	0.9833	0.3769	0.9020	0.1225s	0.3392	0.9100	0.9050
21
0488	0.1335	0.9917	0.3812	0.9000	0.1218s	0.3419	0.9100	0.9049
22
0489	0.1258	0.9917	0.3877	0.8960	0.1237s	0.3470	0.9050	0.8992
23
0490	0.1405	0.9667	0.3965	0.9000	0.1227s	0.3542	0.9060	0.9004
24
0491	0.1445	0.9833	0.4079	0.8960	0.1219s	0.3648	0.9040	0.8978
25
0492	0.1588	0.9583	0.4112	0.8960	0.1223s	0.3685	0.9020	0.8956
26
0493	0.1287	0.9917	0.4116	0.8880	0.1228s	0.3710	0.9010	0.8945
27
0494	0.1250	1.0000	0.4094	0.8920	0.1224s	0.3713	0.9000	0.8939
28
0495	0.1417	1.0000	0.4068	0.8940	0.1218s	0.3703	0.9030	0.8972
29
0496	0.1357	0.9833	0.3993	0.8960	0.1228s	0.3636	0.9030	0.8972
30
0497	0.1200	0.9750	0.3928	0.8960	0.1221s	0.3582	0.9060	0.9004
31
0498	0.1328	0.9833	0.3917	0.8960	0.1222s	0.3575	0.9040	0.8982
32
0499	0.1413	0.9583	0.3909	0.8940	0.1222s	0.3584	0.9010	0.8952
33
0500	0.1207	1.0000	0.3902	0.8920	0.1217s	0.3587	0.9010	0.8952
34
0501	0.1268	0.9583	0.3882	0.8940	0.1220s	0.3569	0.9030	0.8973
35
0502	0.1468	0.9917	0.3925	0.8920	0.1225s	0.3614	0.9030	0.8971
36
0503	0.1365	0.9667	0.3935	0.9020	0.1216s	0.3626	0.9020	0.8957
37
0504	0.1258	0.9833	0.3927	0.9000	0.1221s	0.3625	0.9000	0.8937
38
0505	0.1352	0.9667	0.3913	0.8980	0.1235s	0.3612	0.9000	0.8937
39
0506	0.1501	0.9750	0.3863	0.9020	0.1225s	0.3563	0.9010	0.8949
40
0507	0.1318	0.9667	0.3833	0.9000	0.1219s	0.3521	0.9040	0.8983
41
0508	0.1377	0.9917	0.3876	0.9020	0.1233s	0.3547	0.9020	0.8964
42
0509	0.1331	1.0000	0.3914	0.9000	0.1220s	0.3578	0.9010	0.8953
43
0510	0.1403	0.9583	0.3894	0.9020	0.1217s	0.3566	0.9010	0.8954
44
0511	0.1416	0.9833	0.3831	0.9020	0.1223s	0.3533	0.9020	0.8963
45
0512	0.1228	0.9833	0.3795	0.9060	0.1223s	0.3512	0.9000	0.8940
46
0513	0.1126	0.9917	0.3788	0.9040	0.1220s	0.3510	0.9030	0.8974
47
0514	0.1262	1.0000	0.3828	0.9040	0.1232s	0.3549	0.9040	0.8986
48
0515	0.1270	0.9917	0.3834	0.9020	0.1207s	0.3550	0.9050	0.8997
49
0516	0.1381	0.9750	0.3888	0.8980	0.1222s	0.3606	0.9040	0.8987
50
0517	0.1321	1.0000	0.3904	0.8940	0.1231s	0.3626	0.9060	0.9006
51
0518	0.1263	1.0000	0.3896	0.8940	0.1219s	0.3618	0.9080	0.9025
52
0519	0.1262	0.9833	0.3859	0.8960	0.1220s	0.3581	0.9040	0.8981
53
0520	0.1327	0.9750	0.3781	0.9060	0.1256s	0.3495	0.9030	0.8970
54
0521	0.1303	0.9833	0.3765	0.9040	0.1225s	0.3461	0.9060	0.9004
55
0522	0.1313	0.9833	0.3778	0.9000	0.1216s	0.3461	0.9000	0.8946
56
0523	0.1547	0.9833	0.3755	0.9060	0.1221s	0.3451	0.9000	0.8947
57
0524	0.1477	0.9833	0.3794	0.9020	0.1227s	0.3505	0.9000	0.8942
58
0525	0.1209	0.9917	0.3856	0.8980	0.1223s	0.3581	0.9040	0.8985
59
0526	0.1078	1.0000	0.3947	0.8900	0.1151s	0.3681	0.8970	0.8911
60
0527	0.1239	0.9750	0.3939	0.8900	0.1126s	0.3680	0.9010	0.8953
61
0528	0.1410	0.9833	0.3849	0.9000	0.1217s	0.3604	0.9080	0.9025
62
0529	0.1504	0.9833	0.3769	0.9060	0.1230s	0.3529	0.9000	0.8941
63
0530	0.1491	0.9917	0.3755	0.9080	0.1220s	0.3506	0.9010	0.8953
64
0531	0.1452	0.9833	0.3746	0.9060	0.1216s	0.3500	0.9030	0.8976
65
0532	0.1564	0.9833	0.3729	0.9060	0.1221s	0.3493	0.9040	0.8989
66
0533	0.1297	1.0000	0.3704	0.9100	0.1219s	0.3492	0.9030	0.8976
67
0534	0.1288	0.9833	0.3666	0.9040	0.1222s	0.3470	0.9040	0.8989
68
0535	0.1078	0.9833	0.3671	0.9060	0.1222s	0.3492	0.9030	0.8975
69
0536	0.1324	1.0000	0.3706	0.9080	0.1225s	0.3543	0.9010	0.8955
70
0537	0.1339	0.9750	0.3737	0.9020	0.1220s	0.3602	0.9000	0.8943
71
0538	0.1380	0.9750	0.3797	0.8940	0.1222s	0.3683	0.8980	0.8921
72
0539	0.1382	0.9833	0.3870	0.8880	0.1218s	0.3778	0.8990	0.8934
73
0540	0.1133	0.9917	0.3930	0.8900	0.1220s	0.3860	0.8990	0.8934
74
0541	0.1382	0.9833	0.3840	0.8900	0.1217s	0.3778	0.9080	0.9027
75
0542	0.1480	0.9917	0.3720	0.9040	0.1224s	0.3659	0.9030	0.8975
76
0543	0.1235	0.9917	0.3689	0.9020	0.1219s	0.3619	0.9020	0.8967
77
0544	0.1426	0.9833	0.3695	0.9020	0.1227s	0.3612	0.8990	0.8933
78
0545	0.1436	0.9667	0.3728	0.9080	0.1226s	0.3646	0.8960	0.8904
79
0546	0.1281	0.9667	0.3734	0.9080	0.1219s	0.3678	0.8960	0.8903
80
0547	0.1393	0.9917	0.3738	0.9000	0.1213s	0.3710	0.8980	0.8921
81
0548	0.1289	0.9750	0.3779	0.8980	0.1047s	0.3761	0.8970	0.8915
82
0549	0.1293	0.9833	0.3866	0.8920	0.1199s	0.3833	0.8980	0.8921
83
0550	0.1204	0.9917	0.3924	0.8860	0.1221s	0.3871	0.8990	0.8930
84
0551	0.1275	0.9917	0.3958	0.8880	0.1220s	0.3888	0.8980	0.8915
85
0552	0.1257	0.9500	0.3904	0.8900	0.1047s	0.3828	0.9010	0.8948
86
0553	0.1186	1.0000	0.3855	0.8940	0.1192s	0.3771	0.9000	0.8937
87
0554	0.1466	0.9667	0.3799	0.8960	0.1215s	0.3720	0.8990	0.8929
88
0555	0.1212	1.0000	0.3750	0.8960	0.1211s	0.3670	0.8980	0.8920
89
0556	0.1445	0.9917	0.3703	0.9000	0.1213s	0.3630	0.8950	0.8894
90
0557	0.1420	0.9667	0.3701	0.8940	0.1219s	0.3627	0.8970	0.8913
91
0558	0.1171	0.9750	0.3747	0.8920	0.1237s	0.3674	0.8930	0.8874
92
0559	0.1439	0.9667	0.3759	0.8940	0.1222s	0.3675	0.8980	0.8929
93
0560	0.1287	0.9917	0.3829	0.8880	0.1215s	0.3733	0.8950	0.8894
94
0561	0.1555	0.9333	0.3868	0.8900	0.1220s	0.3743	0.8970	0.8906
95
0562	0.1527	0.9833	0.3933	0.8920	0.1217s	0.3780	0.8950	0.8879
96
0563	0.1495	0.9750	0.3950	0.8900	0.1231s	0.3767	0.8950	0.8882
97
0564	0.1127	0.9833	0.3912	0.8920	0.1220s	0.3705	0.8960	0.8896
98
0565	0.1180	0.9833	0.3904	0.8880	0.1225s	0.3673	0.8950	0.8885
99
0566	0.1199	0.9917	0.3855	0.8920	0.1222s	0.3602	0.8970	0.8904
100
0567	0.1331	0.9833	0.3768	0.9020	0.1208s	0.3495	0.9000	0.8938
101
0568	0.1260	1.0000	0.3722	0.9000	0.1235s	0.3431	0.9030	0.8978
102
0569	0.1439	0.9917	0.3702	0.9020	0.1219s	0.3400	0.9060	0.9010
103
0570	0.1624	0.9833	0.3703	0.9020	0.1221s	0.3398	0.9100	0.9055
104
0571	0.1453	0.9750	0.3725	0.9020	0.1226s	0.3420	0.9090	0.9043
105
0572	0.1344	0.9833	0.3768	0.9000	0.1215s	0.3460	0.9060	0.9004
106
0573	0.1439	0.9833	0.3874	0.8940	0.1238s	0.3571	0.9000	0.8938
107
0574	0.1246	0.9833	0.3974	0.8920	0.1220s	0.3668	0.8970	0.8910
108
0575	0.1177	1.0000	0.4030	0.8900	0.1219s	0.3717	0.8960	0.8893
109
0576	0.1195	0.9500	0.3967	0.8920	0.1216s	0.3632	0.8960	0.8900
110
0577	0.1433	0.9667	0.3836	0.8960	0.1221s	0.3469	0.8970	0.8915
111
0578	0.1310	0.9667	0.3788	0.8980	0.1228s	0.3388	0.9020	0.8971
112
0579	0.1374	0.9833	0.3771	0.8960	0.1225s	0.3350	0.9060	0.9015
113
0580	0.1256	0.9750	0.3763	0.8980	0.1220s	0.3346	0.9080	0.9034
114
0581	0.1323	0.9917	0.3758	0.8980	0.1220s	0.3373	0.9070	0.9022
115
0582	0.1343	0.9833	0.3816	0.8980	0.1220s	0.3487	0.9000	0.8942
116
0583	0.1364	0.9750	0.4059	0.8920	0.1232s	0.3763	0.8910	0.8843
117
0584	0.1446	0.9750	0.4264	0.8820	0.1222s	0.4003	0.8860	0.8786
118
0585	0.1510	0.9833	0.4337	0.8800	0.1222s	0.4090	0.8870	0.8799
119
0586	0.1280	0.9917	0.4302	0.8800	0.1218s	0.4070	0.8880	0.8809
120
0587	0.1568	0.9833	0.4026	0.8920	0.1178s	0.3811	0.8920	0.8849
121
0588	0.1436	0.9833	0.3813	0.8980	0.1215s	0.3595	0.9000	0.8940
122
0589	0.1291	0.9833	0.3723	0.9040	0.1211s	0.3490	0.9030	0.8978
123
0590	0.1150	0.9833	0.3709	0.9060	0.1243s	0.3456	0.9050	0.9003
124
0591	0.1554	0.9667	0.3719	0.9020	0.1221s	0.3470	0.9050	0.9002
125
0592	0.1396	0.9583	0.3768	0.8960	0.1221s	0.3528	0.9020	0.8969
126
0593	0.1374	0.9667	0.3851	0.8980	0.1227s	0.3623	0.8940	0.8882
127
0594	0.1490	0.9500	0.3905	0.8980	0.1212s	0.3680	0.8920	0.8861
128
0595	0.1292	0.9917	0.3905	0.8940	0.1224s	0.3694	0.8910	0.8848
129
0596	0.1116	0.9917	0.3858	0.8960	0.1215s	0.3657	0.8950	0.8894
130
0597	0.1314	0.9583	0.3781	0.8940	0.1218s	0.3605	0.8970	0.8912
131
0598	0.1374	0.9750	0.3792	0.8880	0.1053s	0.3652	0.8940	0.8883
132
0599	0.1275	0.9917	0.3835	0.8880	0.1219s	0.3718	0.8960	0.8902
133
0600	0.1260	0.9833	0.3797	0.8860	0.1226s	0.3676	0.8960	0.8904
134
0601	0.1222	0.9833	0.3765	0.8920	0.1220s	0.3622	0.8990	0.8934
135
0602	0.1413	0.9750	0.3786	0.8960	0.1044s	0.3585	0.8980	0.8924
136
0603	0.1299	0.9833	0.3832	0.8960	0.1217s	0.3591	0.8980	0.8929
137
0604	0.1366	0.9500	0.3890	0.8940	0.1219s	0.3627	0.8950	0.8893
138
0605	0.1570	0.9917	0.3809	0.8940	0.1218s	0.3548	0.8990	0.8938
139
0606	0.1290	1.0000	0.3758	0.9000	0.1231s	0.3525	0.9010	0.8957
140
0607	0.1161	0.9833	0.3731	0.8920	0.1221s	0.3542	0.9030	0.8976
141
0608	0.1163	1.0000	0.3791	0.8920	0.1222s	0.3627	0.9020	0.8968
142
0609	0.1121	0.9750	0.3877	0.8860	0.1221s	0.3724	0.8970	0.8914
143
0610	0.1244	0.9917	0.3927	0.8880	0.1222s	0.3775	0.8980	0.8923
144
0611	0.1293	0.9833	0.3890	0.8880	0.1219s	0.3733	0.8960	0.8905
145
0612	0.1295	0.9833	0.3807	0.8840	0.1221s	0.3638	0.9030	0.8980
146
0613	0.1230	1.0000	0.3750	0.8960	0.1235s	0.3568	0.9030	0.8981
147
0614	0.1362	0.9833	0.3709	0.8960	0.1222s	0.3510	0.9060	0.9013
148
0615	0.1236	0.9667	0.3721	0.8940	0.1216s	0.3495	0.9080	0.9034
149
0616	0.1361	0.9750	0.3773	0.8940	0.1222s	0.3534	0.9050	0.9003
150
0617	0.1274	0.9833	0.3826	0.8920	0.1216s	0.3578	0.9020	0.8971
151
0618	0.1341	0.9667	0.3872	0.8940	0.1221s	0.3624	0.9010	0.8956
152
0619	0.1152	0.9917	0.3892	0.8940	0.1217s	0.3645	0.9020	0.8966
153
0620	0.1345	0.9750	0.3907	0.8960	0.1218s	0.3681	0.9000	0.8944
154
0621	0.1436	0.9750	0.3908	0.8920	0.1234s	0.3708	0.9020	0.8965
155
0622	0.1307	0.9750	0.3878	0.8920	0.1157s	0.3713	0.9010	0.8960
156
0623	0.1355	0.9917	0.3849	0.8960	0.1213s	0.3709	0.8990	0.8941
157
0624	0.1550	0.9917	0.3811	0.8960	0.1225s	0.3676	0.9030	0.8983
158
0625	0.1459	0.9500	0.3821	0.8920	0.1219s	0.3674	0.9010	0.8956
159
0626	0.1334	0.9833	0.3985	0.8960	0.1226s	0.3798	0.8980	0.8917
160
0627	0.1330	0.9917	0.4128	0.8880	0.1222s	0.3903	0.8930	0.8867
161
0628	0.1443	0.9833	0.4125	0.8860	0.1221s	0.3898	0.8890	0.8829
162
0629	0.1439	0.9750	0.4054	0.8880	0.1212s	0.3842	0.8920	0.8863
163
0630	0.1186	0.9750	0.3907	0.8940	0.1222s	0.3725	0.8950	0.8895
164
0631	0.1241	0.9583	0.3814	0.8920	0.1214s	0.3663	0.8960	0.8909
165
0632	0.1195	0.9917	0.3775	0.8940	0.1217s	0.3635	0.8970	0.8922
166
0633	0.1460	0.9667	0.3793	0.9000	0.1226s	0.3638	0.8990	0.8943
167
0634	0.1548	1.0000	0.3871	0.8980	0.1220s	0.3693	0.8990	0.8934
168
0635	0.1281	0.9833	0.3979	0.8920	0.1217s	0.3784	0.8950	0.8888
169
0636	0.1429	0.9750	0.4006	0.8900	0.1221s	0.3808	0.8940	0.8872
170
0637	0.1447	0.9750	0.3949	0.8920	0.1224s	0.3752	0.8970	0.8906
171
0638	0.1346	0.9833	0.3880	0.8980	0.1221s	0.3693	0.8980	0.8918
172
0639	0.1134	0.9917	0.3820	0.9040	0.1221s	0.3635	0.9020	0.8966
173
0640	0.1314	0.9667	0.3817	0.9040	0.1214s	0.3637	0.9030	0.8976
174
0641	0.1491	0.9917	0.3868	0.9000	0.1219s	0.3680	0.9030	0.8975
175
0642	0.1193	0.9833	0.3932	0.9020	0.1216s	0.3735	0.9010	0.8958
176
0643	0.1339	0.9750	0.4012	0.8980	0.1217s	0.3786	0.8990	0.8934
177
0644	0.1157	1.0000	0.4035	0.8960	0.1219s	0.3790	0.8990	0.8935
178
0645	0.1670	0.9500	0.4014	0.8960	0.1248s	0.3751	0.9010	0.8951
179
0646	0.1451	0.9750	0.3995	0.9040	0.1217s	0.3701	0.9070	0.9015
180
0647	0.1220	0.9750	0.4015	0.8980	0.1220s	0.3691	0.9060	0.9004
181
0648	0.1277	0.9667	0.4065	0.8980	0.1213s	0.3724	0.9040	0.8980
182
0649	0.1126	0.9917	0.4115	0.8940	0.1221s	0.3760	0.9030	0.8971
183
0650	0.1462	0.9667	0.4172	0.8900	0.1220s	0.3814	0.9030	0.8966
184
0651	0.1448	0.9833	0.4145	0.8900	0.1108s	0.3797	0.9010	0.8944
185
0652	0.1183	1.0000	0.4103	0.8900	0.1193s	0.3771	0.9000	0.8935
186
0653	0.1135	1.0000	0.4100	0.8920	0.1221s	0.3787	0.8990	0.8929
187
0654	0.1359	1.0000	0.4100	0.8940	0.1223s	0.3816	0.8990	0.8930
188
0655	0.1485	0.9917	0.4071	0.8940	0.1213s	0.3803	0.8990	0.8932
189
0656	0.1444	0.9667	0.4054	0.8960	0.1218s	0.3782	0.8970	0.8908
190
0657	0.1371	0.9917	0.4042	0.8980	0.1220s	0.3769	0.8990	0.8928
191
0658	0.1127	0.9917	0.4074	0.8960	0.1221s	0.3801	0.8990	0.8927
192
0659	0.1241	0.9833	0.4122	0.8900	0.1226s	0.3849	0.8950	0.8883
193
0660	0.1277	0.9667	0.4141	0.8900	0.1224s	0.3873	0.8950	0.8882
194
0661	0.1547	0.9833	0.4156	0.8900	0.1222s	0.3891	0.8970	0.8900
195
0662	0.1260	1.0000	0.4173	0.8940	0.1216s	0.3912	0.8990	0.8920
196
0663	0.1266	0.9667	0.4127	0.8980	0.1221s	0.3878	0.9020	0.8953
197
0664	0.1131	0.9917	0.4046	0.8920	0.1221s	0.3818	0.9020	0.8957
198
0665	0.1174	0.9833	0.3963	0.8980	0.1220s	0.3757	0.9010	0.8948
199
Early stop! Min loss:0.35967499017715454,  Max accuracy:0.912
Early stop model validation loss:0.35967499017715454,  accuracy:0.906
Optimization Finished!
Total time elapsed: 81.6154s
test max acc:0.9170
Loading 464th epoch
stru_node_to_hop attention:tensor([[0.2497, 0.2506, 0.2499, 0.2499],
        [0.2505, 0.2497, 0.2499, 0.2499],
        [0.2461, 0.2519, 0.2510, 0.2509],
        [0.2498, 0.2519, 0.2494, 0.2489],
        [0.2456, 0.2513, 0.2514, 0.2517],
        [0.2522, 0.2505, 0.2488, 0.2486],
        [0.2476, 0.2517, 0.2503, 0.2503],
        [0.2499, 0.2499, 0.2501, 0.2501],
        [0.2502, 0.2501, 0.2499, 0.2498],
        [0.2480, 0.2512, 0.2505, 0.2503],
        [0.2504, 0.2498, 0.2499, 0.2499],
        [0.2492, 0.2505, 0.2502, 0.2500],
        [0.2498, 0.2502, 0.2500, 0.2500],
        [0.2503, 0.2502, 0.2499, 0.2496],
        [0.2492, 0.2506, 0.2502, 0.2500],
        [0.2499, 0.2504, 0.2499, 0.2498],
        [0.2495, 0.2502, 0.2502, 0.2501],
        [0.2475, 0.2515, 0.2507, 0.2502],
        [0.2491, 0.2504, 0.2502, 0.2502],
        [0.2504, 0.2503, 0.2498, 0.2496],
        [0.2499, 0.2501, 0.2500, 0.2500],
        [0.2477, 0.2525, 0.2501, 0.2497],
        [0.2497, 0.2503, 0.2500, 0.2499],
        [0.2487, 0.2509, 0.2502, 0.2502],
        [0.2501, 0.2500, 0.2500, 0.2499],
        [0.2495, 0.2503, 0.2502, 0.2500],
        [0.2496, 0.2507, 0.2500, 0.2497],
        [0.2485, 0.2507, 0.2504, 0.2503],
        [0.2498, 0.2500, 0.2501, 0.2501],
        [0.2505, 0.2504, 0.2497, 0.2493],
        [0.2488, 0.2507, 0.2503, 0.2502],
        [0.2490, 0.2506, 0.2503, 0.2501],
        [0.2495, 0.2507, 0.2500, 0.2498],
        [0.2499, 0.2500, 0.2500, 0.2501],
        [0.2498, 0.2504, 0.2500, 0.2498],
        [0.2491, 0.2507, 0.2501, 0.2501],
        [0.2506, 0.2499, 0.2499, 0.2496],
        [0.2489, 0.2504, 0.2503, 0.2504],
        [0.2485, 0.2507, 0.2504, 0.2503],
        [0.2489, 0.2505, 0.2503, 0.2503],
        [0.2499, 0.2500, 0.2501, 0.2501],
        [0.2502, 0.2497, 0.2501, 0.2500],
        [0.2491, 0.2505, 0.2503, 0.2502],
        [0.2501, 0.2500, 0.2500, 0.2500],
        [0.2481, 0.2508, 0.2506, 0.2505],
        [0.1486, 0.1889, 0.2707, 0.3918],
        [0.2503, 0.2500, 0.2499, 0.2498],
        [0.2465, 0.2518, 0.2509, 0.2508],
        [0.2486, 0.2505, 0.2505, 0.2504],
        [0.2496, 0.2504, 0.2501, 0.2500],
        [0.2474, 0.2514, 0.2506, 0.2507],
        [0.2492, 0.2505, 0.2502, 0.2500],
        [0.2503, 0.2499, 0.2499, 0.2499],
        [0.2500, 0.2501, 0.2500, 0.2499],
        [0.2483, 0.2506, 0.2505, 0.2506],
        [0.2516, 0.2495, 0.2494, 0.2494],
        [0.2503, 0.2511, 0.2496, 0.2490],
        [0.2495, 0.2504, 0.2500, 0.2501],
        [0.2486, 0.2506, 0.2505, 0.2503],
        [0.2507, 0.2507, 0.2494, 0.2492],
        [0.2508, 0.2496, 0.2499, 0.2497],
        [0.2485, 0.2511, 0.2503, 0.2502],
        [0.2500, 0.2500, 0.2501, 0.2499],
        [0.2485, 0.2523, 0.2500, 0.2492],
        [0.2506, 0.2497, 0.2498, 0.2498],
        [0.2496, 0.2498, 0.2503, 0.2504],
        [0.2490, 0.2519, 0.2498, 0.2493],
        [0.2498, 0.2499, 0.2502, 0.2502],
        [0.2500, 0.2501, 0.2500, 0.2499],
        [0.2491, 0.2506, 0.2502, 0.2501],
        [0.2491, 0.2509, 0.2500, 0.2499],
        [0.2495, 0.2501, 0.2502, 0.2503],
        [0.2496, 0.2507, 0.2500, 0.2497],
        [0.2495, 0.2507, 0.2499, 0.2499],
        [0.2508, 0.2494, 0.2499, 0.2500],
        [0.2493, 0.2505, 0.2502, 0.2500],
        [0.2495, 0.2511, 0.2499, 0.2495],
        [0.2515, 0.2490, 0.2497, 0.2498],
        [0.2494, 0.2503, 0.2501, 0.2501],
        [0.2491, 0.2504, 0.2503, 0.2502],
        [0.2492, 0.2506, 0.2501, 0.2501],
        [0.2499, 0.2505, 0.2500, 0.2496],
        [0.2507, 0.2498, 0.2498, 0.2497],
        [0.2497, 0.2503, 0.2501, 0.2500],
        [0.2493, 0.2505, 0.2501, 0.2501],
        [0.2502, 0.2499, 0.2500, 0.2500],
        [0.2483, 0.2505, 0.2505, 0.2507],
        [0.2483, 0.2510, 0.2504, 0.2503],
        [0.2493, 0.2512, 0.2501, 0.2495],
        [0.2517, 0.2499, 0.2493, 0.2491],
        [0.2492, 0.2504, 0.2502, 0.2502],
        [0.2505, 0.2498, 0.2499, 0.2499],
        [0.2501, 0.2500, 0.2500, 0.2500],
        [0.2483, 0.2509, 0.2505, 0.2503],
        [0.2498, 0.2502, 0.2500, 0.2500],
        [0.2495, 0.2502, 0.2502, 0.2501],
        [0.2493, 0.2507, 0.2501, 0.2500],
        [0.2498, 0.2504, 0.2499, 0.2498],
        [0.2494, 0.2503, 0.2502, 0.2501],
        [0.2536, 0.2491, 0.2490, 0.2483]], device='cuda:1')
fea_node_to_hop attention:tensor([[0.3330, 0.3328, 0.3343],
        [0.3336, 0.3332, 0.3331],
        [0.3311, 0.3341, 0.3348],
        [0.3282, 0.3358, 0.3360],
        [0.3329, 0.3348, 0.3323],
        [0.3283, 0.3352, 0.3365],
        [0.3272, 0.3348, 0.3380],
        [0.3331, 0.3333, 0.3336],
        [0.3300, 0.3347, 0.3352],
        [0.3310, 0.3334, 0.3356],
        [0.3340, 0.3330, 0.3330],
        [0.3301, 0.3345, 0.3354],
        [0.3331, 0.3336, 0.3333],
        [0.3318, 0.3326, 0.3357],
        [0.3288, 0.3348, 0.3364],
        [0.3314, 0.3339, 0.3348],
        [0.3302, 0.3352, 0.3346],
        [0.3272, 0.3361, 0.3367],
        [0.3328, 0.3331, 0.3342],
        [0.3305, 0.3341, 0.3354],
        [0.3322, 0.3336, 0.3341],
        [0.3340, 0.3315, 0.3345],
        [0.3318, 0.3340, 0.3342],
        [0.3312, 0.3348, 0.3340],
        [0.3331, 0.3333, 0.3336],
        [0.3310, 0.3338, 0.3352],
        [0.3317, 0.3338, 0.3346],
        [0.3272, 0.3358, 0.3369],
        [0.3319, 0.3335, 0.3346],
        [0.3326, 0.3328, 0.3346],
        [0.3286, 0.3354, 0.3359],
        [0.3290, 0.3339, 0.3372],
        [0.3312, 0.3341, 0.3346],
        [0.3337, 0.3336, 0.3327],
        [0.3326, 0.3338, 0.3336],
        [0.3301, 0.3348, 0.3351],
        [0.3316, 0.3331, 0.3353],
        [0.3286, 0.3360, 0.3353],
        [0.3311, 0.3337, 0.3352],
        [0.3288, 0.3368, 0.3344],
        [0.3325, 0.3338, 0.3338],
        [0.3327, 0.3335, 0.3339],
        [0.3292, 0.3359, 0.3349],
        [0.3336, 0.3332, 0.3332],
        [0.3330, 0.3337, 0.3333],
        [0.3321, 0.3234, 0.3445],
        [0.3328, 0.3335, 0.3337],
        [0.3280, 0.3357, 0.3363],
        [0.3301, 0.3333, 0.3366],
        [0.3308, 0.3346, 0.3346],
        [0.3346, 0.3329, 0.3325],
        [0.3309, 0.3338, 0.3353],
        [0.3337, 0.3332, 0.3331],
        [0.3334, 0.3330, 0.3336],
        [0.3349, 0.3317, 0.3334],
        [0.3319, 0.3337, 0.3344],
        [0.3327, 0.3332, 0.3341],
        [0.3298, 0.3342, 0.3360],
        [0.3339, 0.3325, 0.3337],
        [0.3330, 0.3322, 0.3348],
        [0.3299, 0.3349, 0.3352],
        [0.3296, 0.3347, 0.3356],
        [0.3314, 0.3340, 0.3346],
        [0.3291, 0.3353, 0.3356],
        [0.3352, 0.3322, 0.3325],
        [0.3314, 0.3343, 0.3343],
        [0.3303, 0.3348, 0.3348],
        [0.3318, 0.3349, 0.3333],
        [0.3327, 0.3330, 0.3343],
        [0.3320, 0.3336, 0.3344],
        [0.3290, 0.3358, 0.3353],
        [0.3299, 0.3347, 0.3354],
        [0.3296, 0.3346, 0.3358],
        [0.3327, 0.3336, 0.3337],
        [0.3334, 0.3335, 0.3331],
        [0.3282, 0.3360, 0.3358],
        [0.3325, 0.3329, 0.3346],
        [0.3295, 0.3357, 0.3349],
        [0.3344, 0.3330, 0.3326],
        [0.3324, 0.3340, 0.3336],
        [0.3311, 0.3342, 0.3347],
        [0.3302, 0.3340, 0.3358],
        [0.3313, 0.3338, 0.3348],
        [0.3304, 0.3342, 0.3354],
        [0.3346, 0.3329, 0.3325],
        [0.3328, 0.3335, 0.3338],
        [0.3350, 0.3321, 0.3329],
        [0.3310, 0.3344, 0.3346],
        [0.3305, 0.3337, 0.3358],
        [0.3289, 0.3352, 0.3359],
        [0.3318, 0.3340, 0.3341],
        [0.3341, 0.3333, 0.3326],
        [0.3333, 0.3333, 0.3334],
        [0.3340, 0.3327, 0.3333],
        [0.3338, 0.3329, 0.3333],
        [0.3314, 0.3339, 0.3348],
        [0.3322, 0.3332, 0.3346],
        [0.3321, 0.3332, 0.3348],
        [0.3299, 0.3354, 0.3347],
        [0.3308, 0.3350, 0.3342]], device='cuda:1')
perception attention:tensor([0.5000, 0.5000], device='cuda:1')
Test set results: loss= 0.3298 accuracy= 0.9090 F1_score= 0.9048
