# epoch	loss_train	acc_train	loss_val	acc_val	time	acc_test	f1_test
0001	1.7994	0.1667	1.7008	0.3260	0.1167s	1.6886	0.3340	0.2551
0
0002	1.6935	0.3667	1.5647	0.4140	0.1197s	1.5363	0.4320	0.2942
0
0003	1.5498	0.4417	1.4020	0.5220	0.1222s	1.3692	0.5840	0.5057
0
0004	1.3578	0.6167	1.2068	0.7660	0.1188s	1.1778	0.7920	0.7720
0
0005	1.1305	0.7750	1.0289	0.8420	0.1221s	1.0030	0.8480	0.8402
0
0006	0.9963	0.8333	0.8826	0.8520	0.1129s	0.8582	0.8530	0.8456
0
0007	0.8346	0.8000	0.7515	0.8640	0.1229s	0.7302	0.8700	0.8632
0
0008	0.7044	0.8833	0.6456	0.8820	0.1190s	0.6245	0.8730	0.8642
0
0009	0.6188	0.8583	0.5702	0.8920	0.1225s	0.5478	0.8790	0.8702
0
0010	0.5556	0.8750	0.5137	0.8900	0.1049s	0.4885	0.8880	0.8805
0
0011	0.4403	0.9417	0.4731	0.8860	0.1176s	0.4435	0.8930	0.8858
0
0012	0.3956	0.8917	0.4453	0.8940	0.1203s	0.4118	0.8860	0.8779
0
0013	0.3701	0.9500	0.4342	0.8840	0.1223s	0.3979	0.8830	0.8732
0
0014	0.3105	0.9250	0.4324	0.8680	0.1182s	0.3947	0.8810	0.8712
0
0015	0.2959	0.9500	0.4081	0.8800	0.1175s	0.3705	0.8950	0.8871
0
0016	0.2907	0.9667	0.3914	0.8880	0.1207s	0.3530	0.8960	0.8900
0
0017	0.2484	0.9417	0.3841	0.8960	0.1178s	0.3447	0.8990	0.8933
0
0018	0.2492	0.9750	0.3824	0.8980	0.1118s	0.3411	0.8970	0.8903
0
0019	0.2327	0.9417	0.3905	0.8940	0.1156s	0.3471	0.8940	0.8866
0
0020	0.2267	0.9583	0.4051	0.8900	0.1198s	0.3592	0.8880	0.8793
1
0021	0.2300	0.9750	0.4177	0.8880	0.1195s	0.3702	0.8850	0.8755
2
0022	0.2108	0.9750	0.4205	0.8800	0.1099s	0.3735	0.8800	0.8704
3
0023	0.2066	0.9417	0.4099	0.8800	0.1048s	0.3658	0.8860	0.8778
4
0024	0.1856	0.9583	0.4044	0.8800	0.1051s	0.3625	0.8910	0.8836
5
0025	0.1941	0.9750	0.4024	0.8820	0.1051s	0.3631	0.8880	0.8810
6
0026	0.1804	0.9583	0.4038	0.8840	0.1048s	0.3655	0.8910	0.8846
7
0027	0.1935	0.9667	0.4041	0.8900	0.1150s	0.3646	0.8900	0.8834
8
0028	0.1638	0.9833	0.4088	0.8940	0.1121s	0.3684	0.8900	0.8829
9
0029	0.1979	0.9667	0.4149	0.8940	0.1056s	0.3725	0.8870	0.8797
10
0030	0.1682	0.9583	0.4219	0.8940	0.1160s	0.3779	0.8860	0.8793
11
0031	0.1580	0.9500	0.4255	0.8940	0.1106s	0.3812	0.8860	0.8790
12
0032	0.1669	1.0000	0.4278	0.8940	0.1049s	0.3834	0.8880	0.8813
13
0033	0.1675	0.9750	0.4249	0.8920	0.1171s	0.3813	0.8860	0.8793
14
0034	0.1816	0.9583	0.4144	0.8920	0.1223s	0.3742	0.8870	0.8806
15
0035	0.1514	0.9583	0.4095	0.8900	0.1221s	0.3733	0.8930	0.8865
16
0036	0.1769	0.9750	0.4084	0.8800	0.1139s	0.3752	0.8990	0.8932
17
0037	0.1594	0.9833	0.4122	0.8740	0.1105s	0.3805	0.8940	0.8879
18
0038	0.1692	0.9500	0.4142	0.8760	0.1046s	0.3825	0.8950	0.8883
19
0039	0.1591	0.9750	0.4122	0.8760	0.1195s	0.3791	0.8950	0.8885
20
0040	0.1508	0.9917	0.4096	0.8860	0.1186s	0.3741	0.8920	0.8857
21
0041	0.1611	0.9750	0.4097	0.8880	0.1152s	0.3719	0.8940	0.8877
22
0042	0.1455	1.0000	0.4125	0.8860	0.1192s	0.3728	0.8890	0.8822
23
0043	0.1639	0.9750	0.4136	0.8880	0.1157s	0.3732	0.8870	0.8801
24
0044	0.1490	0.9500	0.4126	0.8900	0.1053s	0.3727	0.8870	0.8799
25
0045	0.1621	1.0000	0.4099	0.8880	0.1222s	0.3728	0.8870	0.8801
26
0046	0.1601	0.9833	0.4079	0.8840	0.1192s	0.3742	0.8900	0.8830
27
0047	0.1452	0.9833	0.4036	0.8840	0.1128s	0.3725	0.8900	0.8828
28
0048	0.1550	0.9667	0.4018	0.8860	0.1197s	0.3722	0.8830	0.8755
29
0049	0.1740	1.0000	0.4015	0.8900	0.1173s	0.3726	0.8880	0.8814
30
0050	0.1488	0.9833	0.3995	0.8880	0.1232s	0.3710	0.8870	0.8802
31
0051	0.1444	1.0000	0.3975	0.8880	0.1176s	0.3685	0.8920	0.8853
32
0052	0.1559	0.9750	0.3925	0.8880	0.1096s	0.3627	0.8960	0.8890
33
0053	0.1523	0.9833	0.3882	0.8960	0.1049s	0.3565	0.9020	0.8964
34
0054	0.1673	0.9917	0.3883	0.8940	0.1227s	0.3543	0.9010	0.8956
35
0055	0.1621	0.9917	0.3919	0.8940	0.1051s	0.3550	0.9000	0.8939
36
0056	0.1494	0.9583	0.3955	0.8900	0.1207s	0.3560	0.8980	0.8918
37
0057	0.1647	0.9750	0.3970	0.8900	0.1205s	0.3563	0.8970	0.8905
38
0058	0.1762	0.9833	0.3953	0.8920	0.1208s	0.3551	0.9000	0.8938
39
0059	0.1485	0.9917	0.3932	0.8940	0.1232s	0.3538	0.8990	0.8925
40
0060	0.1494	0.9417	0.3869	0.8940	0.1201s	0.3494	0.9000	0.8937
41
0061	0.1468	0.9833	0.3836	0.8980	0.1049s	0.3490	0.9040	0.8984
42
0062	0.1433	0.9917	0.3817	0.9000	0.1197s	0.3496	0.9020	0.8964
0
0063	0.1658	0.9667	0.3875	0.8960	0.1227s	0.3570	0.9020	0.8961
0
0064	0.1603	0.9750	0.3980	0.8780	0.1146s	0.3675	0.8990	0.8931
1
0065	0.1754	0.9833	0.4073	0.8780	0.1176s	0.3757	0.8950	0.8885
2
0066	0.1410	0.9833	0.4129	0.8760	0.1160s	0.3797	0.8890	0.8822
3
0067	0.1654	1.0000	0.4125	0.8780	0.1048s	0.3762	0.8900	0.8824
4
0068	0.1774	0.9750	0.4037	0.8860	0.1220s	0.3651	0.8900	0.8822
5
0069	0.1289	0.9750	0.3958	0.8920	0.1179s	0.3556	0.8980	0.8910
6
0070	0.1476	0.9583	0.3901	0.8940	0.1048s	0.3503	0.8970	0.8904
7
0071	0.1284	0.9917	0.3883	0.8960	0.1105s	0.3501	0.8960	0.8896
8
0072	0.1557	0.9667	0.3844	0.9000	0.1049s	0.3494	0.8990	0.8928
9
0073	0.1494	0.9750	0.3845	0.9000	0.1250s	0.3521	0.9000	0.8936
0
0074	0.1257	0.9917	0.3886	0.9000	0.1224s	0.3579	0.9010	0.8953
0
0075	0.1457	0.9833	0.3913	0.8980	0.1199s	0.3625	0.8990	0.8933
0
0076	0.1686	0.9750	0.3925	0.8980	0.1201s	0.3640	0.8980	0.8921
1
0077	0.1533	0.9917	0.3948	0.8940	0.1154s	0.3651	0.8980	0.8916
2
0078	0.1506	0.9833	0.3994	0.8900	0.1217s	0.3677	0.8990	0.8919
3
0079	0.1629	0.9833	0.4007	0.8920	0.1174s	0.3657	0.9000	0.8933
4
0080	0.1340	1.0000	0.4054	0.8920	0.1045s	0.3669	0.9010	0.8939
5
0081	0.1524	0.9833	0.4045	0.8880	0.1223s	0.3639	0.8990	0.8913
6
0082	0.1399	0.9833	0.3973	0.8900	0.1197s	0.3562	0.9010	0.8942
7
0083	0.1437	1.0000	0.3870	0.8980	0.1200s	0.3478	0.9060	0.9004
8
0084	0.1212	0.9917	0.3807	0.9000	0.1200s	0.3444	0.9050	0.8996
9
0085	0.1405	0.9917	0.3783	0.9000	0.1201s	0.3456	0.9080	0.9032
0
0086	0.1215	0.9917	0.3783	0.9020	0.1196s	0.3483	0.9050	0.9003
0
0087	0.1524	0.9750	0.3796	0.9000	0.1051s	0.3513	0.9030	0.8986
0
0088	0.1626	0.9500	0.3849	0.9020	0.1127s	0.3567	0.9040	0.8990
1
0089	0.1489	0.9750	0.3963	0.9020	0.1224s	0.3660	0.9040	0.8985
0
0090	0.1433	0.9667	0.4027	0.8980	0.1155s	0.3713	0.9000	0.8939
0
0091	0.1466	0.9833	0.4025	0.8940	0.1187s	0.3720	0.9040	0.8977
1
0092	0.1643	0.9583	0.3952	0.8900	0.1131s	0.3669	0.9050	0.8986
2
0093	0.1345	0.9917	0.3857	0.8900	0.1144s	0.3580	0.9070	0.9014
3
0094	0.1445	0.9833	0.3771	0.8960	0.1174s	0.3491	0.9080	0.9031
4
0095	0.1380	0.9750	0.3739	0.9000	0.1047s	0.3456	0.9110	0.9062
0
0096	0.1401	0.9750	0.3766	0.9000	0.1049s	0.3480	0.9080	0.9034
0
0097	0.1262	0.9833	0.3831	0.8920	0.1161s	0.3558	0.8960	0.8908
1
0098	0.1526	0.9417	0.3935	0.8860	0.1169s	0.3659	0.8930	0.8874
2
0099	0.1436	0.9750	0.4079	0.8840	0.1042s	0.3782	0.8910	0.8838
3
0100	0.1408	0.9500	0.4186	0.8860	0.1043s	0.3874	0.8950	0.8880
4
0101	0.1431	0.9833	0.4248	0.8860	0.1170s	0.3919	0.8920	0.8852
5
0102	0.1266	0.9833	0.4192	0.8920	0.1177s	0.3853	0.8930	0.8863
6
0103	0.1364	0.9917	0.4090	0.8960	0.1050s	0.3756	0.8980	0.8918
7
0104	0.1408	0.9750	0.3959	0.8960	0.1144s	0.3627	0.9020	0.8963
8
0105	0.1518	0.9750	0.3861	0.8940	0.1148s	0.3518	0.9070	0.9020
9
0106	0.1514	0.9833	0.3852	0.8940	0.1201s	0.3492	0.9050	0.9002
10
0107	0.1586	0.9917	0.3877	0.8920	0.1200s	0.3512	0.9040	0.8989
11
0108	0.1398	0.9833	0.3915	0.8960	0.1221s	0.3556	0.9010	0.8954
12
0109	0.1529	0.9917	0.3943	0.8900	0.1203s	0.3599	0.9000	0.8946
13
0110	0.1237	0.9917	0.4026	0.8900	0.1228s	0.3695	0.9010	0.8953
14
0111	0.1350	0.9750	0.4120	0.8900	0.1205s	0.3791	0.8980	0.8914
15
0112	0.1354	0.9917	0.4152	0.8860	0.1163s	0.3833	0.8950	0.8879
16
0113	0.1422	0.9750	0.4085	0.8920	0.1204s	0.3764	0.9020	0.8958
17
0114	0.1450	0.9750	0.3977	0.8940	0.1149s	0.3655	0.9030	0.8969
18
0115	0.1489	1.0000	0.3882	0.9000	0.1196s	0.3553	0.9040	0.8985
19
0116	0.1527	0.9583	0.3828	0.8960	0.1178s	0.3490	0.9030	0.8977
20
0117	0.1582	0.9500	0.3808	0.9000	0.1050s	0.3484	0.9090	0.9042
21
0118	0.1297	0.9833	0.3809	0.8980	0.1045s	0.3521	0.9060	0.9010
22
0119	0.1341	0.9917	0.3838	0.8940	0.1099s	0.3583	0.9060	0.9009
23
0120	0.1276	0.9750	0.3880	0.8960	0.1178s	0.3663	0.9000	0.8943
24
0121	0.1530	0.9833	0.3923	0.8940	0.1151s	0.3740	0.8970	0.8912
25
0122	0.1302	0.9833	0.3990	0.8940	0.1176s	0.3825	0.8950	0.8888
26
0123	0.1326	0.9917	0.4010	0.8940	0.1199s	0.3831	0.8960	0.8903
27
0124	0.1298	1.0000	0.3954	0.9020	0.1198s	0.3758	0.8980	0.8926
28
0125	0.1588	1.0000	0.3850	0.8980	0.1224s	0.3619	0.9060	0.9011
0
0126	0.1563	0.9750	0.3805	0.9020	0.1197s	0.3530	0.9070	0.9019
1
0127	0.1301	0.9667	0.3812	0.9060	0.1049s	0.3520	0.9060	0.9008
0
0128	0.1533	0.9750	0.3843	0.9000	0.1214s	0.3564	0.9060	0.9004
0
0129	0.1411	1.0000	0.3863	0.8980	0.1157s	0.3602	0.9080	0.9029
1
0130	0.1194	0.9917	0.3884	0.8960	0.1180s	0.3650	0.9070	0.9013
2
0131	0.1279	0.9833	0.3891	0.8900	0.1154s	0.3685	0.9030	0.8971
3
0132	0.1407	0.9750	0.3805	0.8980	0.1078s	0.3613	0.9000	0.8942
4
0133	0.1431	0.9917	0.3829	0.8960	0.1130s	0.3635	0.8980	0.8922
5
0134	0.1373	0.9750	0.3938	0.8880	0.1200s	0.3732	0.8970	0.8913
6
0135	0.1492	0.9667	0.4025	0.8840	0.1200s	0.3802	0.8930	0.8873
7
0136	0.1547	0.9667	0.4001	0.8920	0.1173s	0.3764	0.8930	0.8874
8
0137	0.1544	0.9917	0.3898	0.8980	0.1109s	0.3665	0.8970	0.8917
9
0138	0.1577	0.9750	0.3818	0.9000	0.1046s	0.3589	0.9040	0.8986
10
0139	0.1378	0.9750	0.3816	0.9060	0.1095s	0.3568	0.9030	0.8976
11
0140	0.1587	0.9750	0.3873	0.9020	0.1206s	0.3599	0.9070	0.9014
0
0141	0.1353	0.9667	0.3965	0.8940	0.1176s	0.3662	0.9070	0.9012
1
0142	0.1691	0.9750	0.4018	0.8900	0.1222s	0.3697	0.9080	0.9021
2
0143	0.1483	0.9833	0.3982	0.8920	0.1203s	0.3655	0.9090	0.9037
3
0144	0.1290	0.9667	0.3908	0.9000	0.1229s	0.3583	0.9070	0.9016
4
0145	0.1537	0.9583	0.3871	0.9020	0.1128s	0.3558	0.9050	0.8996
5
0146	0.1435	0.9667	0.3895	0.8980	0.1177s	0.3599	0.9020	0.8963
6
0147	0.1147	0.9917	0.3994	0.8900	0.1048s	0.3717	0.8880	0.8813
7
0148	0.1295	0.9917	0.4100	0.8920	0.1177s	0.3838	0.8890	0.8824
8
0149	0.1295	0.9917	0.4088	0.8880	0.1049s	0.3830	0.8860	0.8791
9
0150	0.1340	0.9833	0.3973	0.8880	0.1224s	0.3699	0.8920	0.8856
10
0151	0.1285	0.9667	0.3888	0.8900	0.1198s	0.3585	0.8960	0.8900
11
0152	0.1414	0.9833	0.3831	0.9040	0.1174s	0.3496	0.9040	0.8985
12
0153	0.1373	0.9917	0.3816	0.9060	0.1045s	0.3451	0.9070	0.9019
13
0154	0.1234	0.9667	0.3836	0.9060	0.1169s	0.3447	0.9070	0.9022
0
0155	0.1459	0.9917	0.3885	0.9060	0.1129s	0.3495	0.9080	0.9024
0
0156	0.1448	0.9917	0.3935	0.9040	0.1047s	0.3546	0.9030	0.8969
0
0157	0.1243	0.9917	0.3986	0.8980	0.1047s	0.3590	0.8970	0.8905
1
0158	0.1327	0.9917	0.3953	0.9020	0.1052s	0.3557	0.9000	0.8936
2
0159	0.1334	0.9667	0.3869	0.9020	0.1203s	0.3485	0.9040	0.8982
3
0160	0.1204	0.9917	0.3781	0.9060	0.1201s	0.3403	0.9060	0.9005
4
0161	0.1469	0.9833	0.3749	0.9080	0.1212s	0.3383	0.9070	0.9019
0
0162	0.1523	0.9667	0.3760	0.9060	0.1153s	0.3425	0.9030	0.8978
0
0163	0.1198	0.9750	0.3808	0.8980	0.1106s	0.3496	0.9010	0.8958
1
0164	0.1347	0.9917	0.3864	0.8920	0.1159s	0.3569	0.8990	0.8935
2
0165	0.1298	0.9917	0.3943	0.8860	0.1232s	0.3649	0.9000	0.8936
3
0166	0.1489	0.9750	0.3978	0.8920	0.1198s	0.3659	0.9030	0.8966
4
0167	0.1307	0.9750	0.3962	0.8980	0.1225s	0.3622	0.9040	0.8974
5
0168	0.1327	0.9833	0.3884	0.9040	0.1196s	0.3526	0.9070	0.9012
6
0169	0.1247	0.9750	0.3818	0.9060	0.1197s	0.3454	0.9090	0.9035
7
0170	0.1251	0.9917	0.3780	0.9040	0.1199s	0.3419	0.9090	0.9038
8
0171	0.1103	0.9833	0.3775	0.9020	0.1200s	0.3435	0.9050	0.8997
9
0172	0.1318	0.9917	0.3798	0.9000	0.1154s	0.3488	0.9050	0.8998
10
0173	0.1457	0.9833	0.3803	0.8980	0.1227s	0.3536	0.9010	0.8954
11
0174	0.1326	0.9750	0.3755	0.9020	0.1203s	0.3528	0.9050	0.8999
12
0175	0.1280	0.9833	0.3711	0.9020	0.1050s	0.3503	0.9060	0.9011
13
0176	0.1434	0.9667	0.3653	0.9040	0.1171s	0.3445	0.9100	0.9055
0
0177	0.1416	0.9667	0.3646	0.9100	0.1225s	0.3434	0.9070	0.9017
0
0178	0.1262	0.9917	0.3679	0.9060	0.1203s	0.3466	0.9090	0.9043
0
0179	0.1350	0.9917	0.3728	0.9000	0.1221s	0.3500	0.9080	0.9032
1
0180	0.1400	0.9917	0.3815	0.8980	0.1061s	0.3576	0.9040	0.8984
2
0181	0.1639	0.9583	0.3830	0.8980	0.1226s	0.3592	0.9030	0.8966
3
0182	0.1414	0.9917	0.3878	0.8920	0.1199s	0.3646	0.9000	0.8938
4
0183	0.1451	0.9667	0.3931	0.8900	0.1226s	0.3701	0.8980	0.8915
5
0184	0.1240	1.0000	0.3939	0.8960	0.1248s	0.3711	0.8950	0.8887
6
0185	0.1314	0.9833	0.3906	0.9000	0.1177s	0.3673	0.9000	0.8944
7
0186	0.1495	0.9750	0.3785	0.9060	0.1202s	0.3566	0.9070	0.9018
8
0187	0.1234	0.9750	0.3731	0.9020	0.1220s	0.3526	0.9070	0.9017
9
0188	0.1310	0.9917	0.3710	0.9040	0.1063s	0.3524	0.9090	0.9036
10
0189	0.1132	0.9917	0.3735	0.9000	0.1046s	0.3565	0.9070	0.9019
11
0190	0.1485	0.9667	0.3779	0.9000	0.1198s	0.3608	0.9050	0.9000
12
0191	0.1316	0.9833	0.3858	0.8980	0.1205s	0.3682	0.9040	0.8981
13
0192	0.1437	0.9917	0.3930	0.8920	0.1112s	0.3742	0.9000	0.8934
14
0193	0.1409	0.9667	0.3982	0.8900	0.1168s	0.3774	0.8980	0.8912
15
0194	0.1395	0.9833	0.3937	0.8940	0.1220s	0.3732	0.9010	0.8945
16
0195	0.1262	0.9833	0.3834	0.9000	0.1151s	0.3646	0.9040	0.8982
17
0196	0.1316	0.9917	0.3795	0.8980	0.1049s	0.3627	0.9000	0.8934
18
0197	0.1487	0.9833	0.3766	0.9040	0.1198s	0.3586	0.9030	0.8973
19
0198	0.1546	0.9833	0.3780	0.9040	0.1195s	0.3599	0.9040	0.8985
20
0199	0.1358	0.9750	0.3779	0.9000	0.1223s	0.3617	0.9030	0.8971
21
0200	0.1216	1.0000	0.3780	0.8980	0.1177s	0.3613	0.9020	0.8957
22
0201	0.1135	0.9833	0.3834	0.8940	0.1159s	0.3660	0.9010	0.8944
23
0202	0.1444	0.9583	0.3846	0.8960	0.1218s	0.3652	0.9000	0.8936
24
0203	0.1462	0.9750	0.3841	0.8960	0.1200s	0.3625	0.9010	0.8946
25
0204	0.1294	0.9833	0.3822	0.8980	0.1210s	0.3587	0.9010	0.8949
26
0205	0.1548	0.9333	0.3798	0.9020	0.1229s	0.3559	0.9020	0.8962
27
0206	0.1343	0.9833	0.3802	0.9020	0.1213s	0.3572	0.9030	0.8971
28
0207	0.1220	0.9833	0.3831	0.9000	0.1192s	0.3614	0.9020	0.8964
29
0208	0.1257	0.9750	0.3865	0.8960	0.1052s	0.3668	0.8990	0.8926
30
0209	0.1325	0.9750	0.3832	0.8960	0.1043s	0.3642	0.8990	0.8929
31
0210	0.1243	0.9833	0.3788	0.9040	0.1175s	0.3607	0.8980	0.8920
32
0211	0.1349	0.9750	0.3701	0.9080	0.1202s	0.3527	0.9020	0.8963
33
0212	0.1183	0.9833	0.3646	0.9120	0.1197s	0.3479	0.9050	0.8998
34
0213	0.1590	0.9667	0.3670	0.9120	0.1200s	0.3500	0.9070	0.9017
0
0214	0.1347	0.9833	0.3764	0.9080	0.1201s	0.3577	0.9050	0.8992
0
0215	0.1335	1.0000	0.3881	0.8960	0.1223s	0.3676	0.8970	0.8901
1
0216	0.1168	0.9750	0.3996	0.8900	0.1053s	0.3779	0.8940	0.8869
2
0217	0.1197	0.9917	0.4053	0.8860	0.1047s	0.3835	0.8950	0.8882
3
0218	0.1261	0.9750	0.4021	0.8840	0.1106s	0.3821	0.8950	0.8882
4
0219	0.1294	0.9500	0.3906	0.8940	0.1199s	0.3735	0.8970	0.8906
5
0220	0.1376	0.9667	0.3820	0.8960	0.1075s	0.3664	0.9000	0.8939
6
0221	0.1115	0.9917	0.3778	0.9020	0.1044s	0.3618	0.9050	0.8991
7
0222	0.1279	0.9750	0.3819	0.9020	0.1181s	0.3652	0.9050	0.8992
8
0223	0.1705	0.9667	0.3868	0.9000	0.1223s	0.3695	0.9020	0.8960
9
0224	0.1321	0.9833	0.3843	0.9000	0.1224s	0.3700	0.9010	0.8953
10
0225	0.1348	0.9833	0.3793	0.9020	0.1227s	0.3677	0.9020	0.8966
11
0226	0.1499	0.9750	0.3708	0.9060	0.1174s	0.3617	0.9060	0.9009
12
0227	0.1299	0.9750	0.3641	0.9060	0.1212s	0.3564	0.9070	0.9016
13
0228	0.1256	0.9583	0.3622	0.9080	0.1221s	0.3562	0.9050	0.8999
0
0229	0.1346	0.9667	0.3681	0.9020	0.1201s	0.3643	0.9040	0.8990
0
0230	0.1427	0.9833	0.3766	0.9000	0.1044s	0.3738	0.9010	0.8957
1
0231	0.1397	0.9667	0.3806	0.8940	0.1224s	0.3770	0.8990	0.8934
2
0232	0.1334	0.9667	0.3817	0.8940	0.1201s	0.3769	0.9030	0.8971
3
0233	0.1284	0.9833	0.3793	0.8960	0.1178s	0.3741	0.9040	0.8976
4
0234	0.1281	1.0000	0.3791	0.9040	0.1156s	0.3734	0.9010	0.8945
5
0235	0.1541	0.9833	0.3829	0.8980	0.1047s	0.3761	0.8950	0.8886
6
0236	0.1533	0.9750	0.3801	0.8980	0.1200s	0.3725	0.8970	0.8912
7
0237	0.1264	0.9917	0.3718	0.9000	0.1195s	0.3621	0.9010	0.8959
8
0238	0.1509	0.9750	0.3665	0.9020	0.1154s	0.3537	0.9070	0.9023
9
0239	0.1159	0.9833	0.3628	0.9020	0.1226s	0.3490	0.9110	0.9060
10
0240	0.1293	0.9750	0.3634	0.9040	0.1172s	0.3484	0.9120	0.9067
11
0241	0.1261	0.9833	0.3679	0.9040	0.1204s	0.3533	0.9120	0.9064
12
0242	0.1296	1.0000	0.3760	0.9020	0.1137s	0.3623	0.9090	0.9029
13
0243	0.1823	0.9583	0.3840	0.9000	0.1196s	0.3701	0.9070	0.9004
14
0244	0.1204	0.9917	0.3855	0.8960	0.1226s	0.3709	0.9060	0.8995
15
0245	0.1270	1.0000	0.3765	0.9080	0.1189s	0.3623	0.9060	0.8997
16
0246	0.1368	0.9833	0.3673	0.9120	0.1149s	0.3520	0.9100	0.9044
17
0247	0.1384	0.9750	0.3610	0.9080	0.1092s	0.3442	0.9110	0.9064
0
0248	0.1349	0.9833	0.3605	0.9080	0.1225s	0.3436	0.9130	0.9087
0
0249	0.1231	0.9667	0.3624	0.9080	0.1202s	0.3467	0.9100	0.9059
0
0250	0.1317	0.9750	0.3666	0.9040	0.1205s	0.3521	0.9050	0.9005
1
0251	0.1609	0.9750	0.3742	0.9060	0.1047s	0.3597	0.9040	0.8986
2
0252	0.1177	0.9750	0.3858	0.8960	0.1048s	0.3695	0.9030	0.8971
3
0253	0.1472	0.9833	0.3950	0.8920	0.1152s	0.3755	0.9000	0.8932
4
0254	0.1519	0.9750	0.3957	0.8940	0.1175s	0.3730	0.9010	0.8946
5
0255	0.1513	0.9750	0.3921	0.8940	0.1168s	0.3683	0.9020	0.8957
6
0256	0.1233	0.9750	0.3862	0.8960	0.1195s	0.3613	0.9020	0.8959
7
0257	0.1225	0.9917	0.3740	0.9100	0.1040s	0.3501	0.9070	0.9014
8
0258	0.1521	0.9750	0.3677	0.9080	0.1224s	0.3447	0.9100	0.9056
9
0259	0.1387	0.9667	0.3669	0.9080	0.1167s	0.3459	0.9080	0.9036
10
0260	0.1373	0.9833	0.3701	0.9060	0.1184s	0.3494	0.9060	0.9014
11
0261	0.1363	0.9833	0.3750	0.9060	0.1224s	0.3552	0.9040	0.8997
12
0262	0.1370	0.9917	0.3770	0.9080	0.1159s	0.3570	0.9020	0.8963
13
0263	0.1423	0.9750	0.3783	0.9040	0.1193s	0.3584	0.9010	0.8949
14
0264	0.1332	1.0000	0.3796	0.8980	0.1196s	0.3594	0.8980	0.8916
15
0265	0.1376	0.9750	0.3796	0.8980	0.1201s	0.3593	0.9010	0.8950
16
0266	0.1226	0.9833	0.3757	0.9000	0.1226s	0.3546	0.9030	0.8972
17
0267	0.1564	0.9750	0.3654	0.9060	0.1143s	0.3423	0.9060	0.9003
18
0268	0.1173	0.9917	0.3629	0.9040	0.1047s	0.3392	0.9130	0.9083
19
0269	0.1365	0.9750	0.3643	0.8980	0.1128s	0.3408	0.9120	0.9071
20
0270	0.1352	0.9417	0.3681	0.9040	0.1161s	0.3448	0.9080	0.9036
21
0271	0.1309	0.9833	0.3737	0.9000	0.1198s	0.3502	0.9060	0.9018
22
0272	0.1308	0.9833	0.3789	0.8980	0.1199s	0.3558	0.8980	0.8927
23
0273	0.1408	0.9667	0.3866	0.8940	0.1221s	0.3640	0.8940	0.8879
24
0274	0.1309	0.9667	0.3878	0.8980	0.1222s	0.3670	0.8930	0.8864
25
0275	0.1180	0.9750	0.3832	0.8980	0.1229s	0.3653	0.8950	0.8885
26
0276	0.1203	0.9583	0.3763	0.9000	0.1200s	0.3607	0.8990	0.8931
27
0277	0.1456	0.9833	0.3739	0.8960	0.1199s	0.3606	0.9040	0.8988
28
0278	0.1243	0.9833	0.3744	0.8980	0.1158s	0.3640	0.9050	0.8995
29
0279	0.1212	0.9917	0.3782	0.8960	0.1195s	0.3702	0.9050	0.8992
30
0280	0.1172	0.9750	0.3795	0.8980	0.1214s	0.3728	0.9060	0.9005
31
0281	0.1456	0.9583	0.3772	0.8960	0.1111s	0.3695	0.9030	0.8967
32
0282	0.1435	0.9750	0.3766	0.8980	0.1289s	0.3666	0.9050	0.8989
33
0283	0.1281	0.9917	0.3805	0.9000	0.1224s	0.3666	0.9040	0.8981
34
0284	0.1082	0.9917	0.3927	0.8940	0.1205s	0.3734	0.9010	0.8945
35
0285	0.1278	0.9917	0.4058	0.8900	0.1223s	0.3827	0.8980	0.8913
36
0286	0.1132	0.9917	0.4134	0.8900	0.1223s	0.3878	0.8940	0.8878
37
0287	0.1304	0.9750	0.4144	0.8880	0.1221s	0.3890	0.8920	0.8857
38
0288	0.1278	0.9833	0.4073	0.8920	0.1221s	0.3848	0.8920	0.8858
39
0289	0.1114	1.0000	0.3999	0.8940	0.1217s	0.3804	0.8980	0.8924
40
0290	0.1508	0.9750	0.3928	0.9060	0.1046s	0.3749	0.9030	0.8972
41
0291	0.1409	0.9833	0.3969	0.9000	0.1217s	0.3771	0.9000	0.8946
42
0292	0.1248	0.9750	0.4000	0.8980	0.1227s	0.3775	0.8990	0.8940
43
0293	0.1157	0.9917	0.3987	0.9020	0.1222s	0.3741	0.9000	0.8949
44
0294	0.1210	0.9917	0.3966	0.9060	0.1195s	0.3711	0.9060	0.9011
45
0295	0.1292	0.9750	0.3951	0.9040	0.1045s	0.3699	0.9070	0.9016
46
0296	0.1179	0.9917	0.3977	0.9040	0.1210s	0.3713	0.9040	0.8983
47
0297	0.1321	0.9583	0.4020	0.9040	0.1043s	0.3746	0.9000	0.8941
48
0298	0.1406	0.9750	0.4058	0.8960	0.1199s	0.3795	0.8980	0.8925
49
0299	0.1253	0.9500	0.4021	0.8980	0.1047s	0.3782	0.8970	0.8918
50
0300	0.1465	0.9833	0.3913	0.9040	0.1222s	0.3695	0.9040	0.8992
51
0301	0.1249	0.9917	0.3843	0.9040	0.1227s	0.3632	0.9070	0.9021
52
0302	0.1186	0.9833	0.3834	0.9000	0.1220s	0.3618	0.9070	0.9016
53
0303	0.1240	0.9750	0.3855	0.9020	0.1216s	0.3610	0.9050	0.8993
54
0304	0.1270	0.9750	0.3910	0.9060	0.1189s	0.3638	0.8990	0.8937
55
0305	0.1417	0.9750	0.3963	0.9000	0.1047s	0.3664	0.8950	0.8895
56
0306	0.1263	0.9833	0.3978	0.8960	0.1046s	0.3653	0.8950	0.8892
57
0307	0.1325	0.9833	0.3882	0.8980	0.1048s	0.3545	0.9010	0.8951
58
0308	0.1447	0.9833	0.3774	0.9120	0.1049s	0.3442	0.9060	0.9007
59
0309	0.1500	0.9667	0.3728	0.9160	0.1044s	0.3408	0.9060	0.9010
0
0310	0.1333	0.9750	0.3747	0.9080	0.1202s	0.3453	0.9080	0.9035
0
0311	0.1504	0.9833	0.3759	0.9060	0.1223s	0.3499	0.9080	0.9038
1
0312	0.1351	0.9500	0.3743	0.9040	0.1354s	0.3509	0.9040	0.8993
2
0313	0.1366	0.9667	0.3716	0.9060	0.0976s	0.3488	0.9040	0.8990
3
0314	0.1395	0.9750	0.3745	0.9060	0.1026s	0.3517	0.9040	0.8991
4
0315	0.1482	0.9667	0.3779	0.9040	0.1055s	0.3534	0.9060	0.9009
5
0316	0.1354	0.9917	0.3827	0.9060	0.1111s	0.3570	0.9000	0.8944
6
0317	0.1267	0.9833	0.3889	0.8980	0.1197s	0.3612	0.8990	0.8933
7
0318	0.1352	0.9833	0.3857	0.9040	0.1203s	0.3561	0.9070	0.9015
8
0319	0.1444	0.9750	0.3796	0.9000	0.1229s	0.3478	0.9060	0.9007
9
0320	0.1300	0.9917	0.3760	0.9020	0.1194s	0.3422	0.9130	0.9083
10
0321	0.1496	0.9833	0.3777	0.9040	0.1196s	0.3441	0.9120	0.9075
11
0322	0.1342	0.9750	0.3795	0.9080	0.1217s	0.3482	0.9090	0.9044
12
0323	0.1420	0.9833	0.3810	0.9000	0.1226s	0.3530	0.9070	0.9022
13
0324	0.1288	0.9750	0.3856	0.9020	0.1172s	0.3598	0.9010	0.8954
14
0325	0.1469	0.9917	0.3931	0.8920	0.1217s	0.3686	0.8940	0.8879
15
0326	0.1219	0.9667	0.3986	0.8920	0.1222s	0.3742	0.8930	0.8871
16
0327	0.1346	0.9667	0.3999	0.8880	0.1160s	0.3745	0.8950	0.8892
17
0328	0.1261	0.9833	0.3923	0.8940	0.1230s	0.3645	0.9000	0.8947
18
0329	0.1331	0.9750	0.3833	0.9000	0.1167s	0.3520	0.9060	0.9006
19
0330	0.1654	0.9750	0.3813	0.9060	0.1132s	0.3500	0.9060	0.9008
20
0331	0.1147	0.9750	0.3834	0.9020	0.1144s	0.3520	0.9060	0.9008
21
0332	0.1167	0.9917	0.3884	0.8980	0.1199s	0.3576	0.9090	0.9040
22
0333	0.1408	0.9583	0.3935	0.8960	0.1158s	0.3626	0.9050	0.8995
23
0334	0.1350	0.9667	0.3960	0.8960	0.1132s	0.3654	0.9050	0.8996
24
0335	0.1324	0.9833	0.3973	0.8940	0.1115s	0.3676	0.9010	0.8953
25
0336	0.1253	1.0000	0.3973	0.9000	0.1057s	0.3678	0.9000	0.8944
26
0337	0.1319	0.9667	0.3957	0.8940	0.1132s	0.3634	0.9030	0.8974
27
0338	0.1531	0.9667	0.3914	0.8960	0.1232s	0.3566	0.9030	0.8971
28
0339	0.1263	1.0000	0.3843	0.9000	0.1236s	0.3483	0.9060	0.9004
29
0340	0.1285	0.9917	0.3818	0.9020	0.1237s	0.3458	0.9070	0.9016
30
0341	0.1460	0.9833	0.3798	0.9040	0.1237s	0.3451	0.9070	0.9016
31
0342	0.1367	0.9917	0.3796	0.9040	0.1239s	0.3474	0.9050	0.8995
32
0343	0.1524	0.9500	0.3863	0.8980	0.1234s	0.3580	0.9010	0.8950
33
0344	0.1619	0.9750	0.3985	0.8960	0.1235s	0.3738	0.9000	0.8939
34
0345	0.1250	0.9917	0.4067	0.8900	0.1134s	0.3843	0.8990	0.8928
35
0346	0.1220	0.9917	0.4087	0.8920	0.1212s	0.3884	0.8980	0.8921
36
0347	0.1307	0.9833	0.4040	0.8960	0.1229s	0.3849	0.9000	0.8942
37
0348	0.1294	0.9667	0.3953	0.9000	0.1236s	0.3749	0.9010	0.8953
38
0349	0.1415	0.9917	0.3905	0.8940	0.1232s	0.3669	0.8990	0.8929
39
0350	0.1417	0.9750	0.3875	0.8980	0.1235s	0.3610	0.9000	0.8941
40
0351	0.1483	0.9667	0.3827	0.8980	0.1235s	0.3549	0.9050	0.8994
41
0352	0.1196	0.9833	0.3780	0.9020	0.1236s	0.3500	0.9070	0.9016
42
0353	0.1380	0.9750	0.3766	0.9040	0.1062s	0.3508	0.9050	0.8994
43
0354	0.1415	0.9833	0.3779	0.8980	0.1235s	0.3540	0.9060	0.9005
44
0355	0.1358	0.9750	0.3818	0.8980	0.1237s	0.3592	0.9060	0.9003
45
0356	0.1293	0.9833	0.3893	0.9000	0.1236s	0.3666	0.9060	0.9003
46
0357	0.1368	0.9833	0.3978	0.8980	0.1223s	0.3737	0.9020	0.8960
47
0358	0.1194	0.9667	0.4003	0.8980	0.1234s	0.3742	0.9020	0.8955
48
0359	0.1320	0.9667	0.3954	0.8980	0.1238s	0.3679	0.9040	0.8978
49
0360	0.1324	0.9917	0.3926	0.9000	0.1236s	0.3643	0.9050	0.8990
50
0361	0.1422	0.9750	0.3881	0.9000	0.1232s	0.3594	0.9060	0.9004
51
0362	0.1374	0.9917	0.3817	0.9060	0.1234s	0.3512	0.9050	0.8995
52
0363	0.1165	1.0000	0.3783	0.9080	0.1238s	0.3466	0.9060	0.9008
53
0364	0.1176	0.9833	0.3764	0.9060	0.1235s	0.3445	0.9070	0.9018
54
0365	0.1335	0.9917	0.3771	0.9040	0.1239s	0.3471	0.9060	0.9007
55
0366	0.1315	0.9750	0.3808	0.9000	0.1240s	0.3532	0.9060	0.9005
56
0367	0.1155	0.9833	0.3856	0.8940	0.1239s	0.3600	0.9040	0.8981
57
0368	0.1333	0.9750	0.3862	0.9000	0.1036s	0.3607	0.9050	0.8995
58
0369	0.1385	0.9833	0.3862	0.8960	0.1183s	0.3614	0.9030	0.8971
59
0370	0.1363	0.9667	0.3841	0.9000	0.1235s	0.3587	0.9020	0.8960
60
0371	0.1440	0.9833	0.3804	0.9020	0.1225s	0.3533	0.9060	0.8999
61
0372	0.1102	0.9750	0.3806	0.9020	0.1237s	0.3521	0.9030	0.8972
62
0373	0.1289	1.0000	0.3803	0.8980	0.1220s	0.3515	0.9030	0.8972
63
0374	0.1444	0.9917	0.3757	0.9060	0.1227s	0.3487	0.9060	0.9006
64
0375	0.1360	0.9750	0.3721	0.9060	0.1223s	0.3470	0.9070	0.9017
65
0376	0.1305	0.9833	0.3698	0.9080	0.1226s	0.3468	0.9070	0.9017
66
0377	0.1281	0.9833	0.3710	0.9000	0.1223s	0.3509	0.9050	0.8994
67
0378	0.1204	0.9750	0.3768	0.8980	0.1222s	0.3592	0.8990	0.8926
68
0379	0.1221	0.9833	0.3806	0.8980	0.1219s	0.3638	0.9000	0.8939
69
0380	0.1234	0.9917	0.3840	0.8920	0.1222s	0.3671	0.9010	0.8952
70
0381	0.1079	0.9833	0.3870	0.9000	0.1209s	0.3679	0.8980	0.8915
71
0382	0.1267	0.9833	0.3841	0.9020	0.1094s	0.3624	0.9020	0.8962
72
0383	0.1169	1.0000	0.3808	0.9000	0.1226s	0.3569	0.9040	0.8988
73
0384	0.1409	0.9667	0.3739	0.8980	0.1088s	0.3486	0.9070	0.9019
74
0385	0.1376	0.9750	0.3658	0.8980	0.1112s	0.3417	0.9120	0.9075
75
0386	0.1412	0.9833	0.3629	0.9000	0.1130s	0.3404	0.9100	0.9054
76
0387	0.1536	1.0000	0.3674	0.9020	0.1205s	0.3467	0.9050	0.8997
77
0388	0.1348	0.9667	0.3762	0.9000	0.1264s	0.3557	0.9030	0.8972
78
0389	0.1228	0.9833	0.3833	0.8980	0.1390s	0.3619	0.8970	0.8905
79
0390	0.1346	0.9833	0.3872	0.8960	0.1402s	0.3653	0.9000	0.8939
80
0391	0.1093	0.9833	0.3862	0.8980	0.1394s	0.3641	0.9000	0.8941
81
0392	0.1353	0.9917	0.3770	0.9000	0.1244s	0.3544	0.9080	0.9030
82
0393	0.1233	1.0000	0.3689	0.9060	0.1221s	0.3446	0.9060	0.9010
83
0394	0.1268	0.9750	0.3644	0.9080	0.1229s	0.3383	0.9080	0.9033
84
0395	0.1256	0.9917	0.3627	0.9080	0.1267s	0.3343	0.9090	0.9044
85
0396	0.1212	0.9750	0.3638	0.9020	0.1221s	0.3341	0.9090	0.9043
86
0397	0.1199	0.9667	0.3676	0.9000	0.1202s	0.3368	0.9080	0.9031
87
0398	0.1244	0.9500	0.3785	0.8980	0.1224s	0.3456	0.9040	0.8983
88
0399	0.1476	0.9833	0.3910	0.8960	0.1238s	0.3564	0.9000	0.8933
89
0400	0.1369	0.9667	0.4003	0.8960	0.1224s	0.3657	0.8930	0.8866
90
0401	0.1375	0.9917	0.3978	0.8960	0.1229s	0.3639	0.8940	0.8875
91
0402	0.1320	0.9417	0.3845	0.9000	0.1222s	0.3519	0.8990	0.8931
92
0403	0.1288	0.9917	0.3692	0.9020	0.1229s	0.3366	0.9070	0.9020
93
0404	0.1357	0.9500	0.3631	0.9060	0.1227s	0.3291	0.9110	0.9066
94
0405	0.1227	0.9750	0.3612	0.9060	0.1222s	0.3265	0.9130	0.9089
95
0406	0.1404	0.9667	0.3618	0.9060	0.1225s	0.3288	0.9110	0.9067
96
0407	0.1304	1.0000	0.3659	0.9000	0.1228s	0.3357	0.9070	0.9021
97
0408	0.1429	0.9917	0.3787	0.8980	0.1225s	0.3495	0.9040	0.8983
98
0409	0.1451	0.9667	0.3950	0.8900	0.1223s	0.3651	0.8950	0.8877
99
0410	0.1235	0.9833	0.4066	0.8860	0.1243s	0.3762	0.8910	0.8835
100
0411	0.1351	0.9750	0.3977	0.8960	0.1224s	0.3697	0.8930	0.8856
101
0412	0.1373	0.9583	0.3853	0.8940	0.1238s	0.3607	0.8940	0.8873
102
0413	0.1363	0.9833	0.3765	0.9040	0.1227s	0.3537	0.8990	0.8934
103
0414	0.1277	0.9667	0.3694	0.9060	0.1237s	0.3485	0.9040	0.8989
104
0415	0.1203	0.9917	0.3644	0.9020	0.1223s	0.3446	0.9020	0.8970
105
0416	0.1401	0.9500	0.3662	0.9020	0.1231s	0.3486	0.9030	0.8981
106
0417	0.1190	0.9667	0.3696	0.9000	0.1214s	0.3529	0.8960	0.8909
107
0418	0.1409	0.9750	0.3754	0.8980	0.1219s	0.3572	0.8960	0.8907
108
0419	0.1278	0.9833	0.3775	0.9000	0.1101s	0.3579	0.8960	0.8905
109
0420	0.1347	0.9833	0.3790	0.9000	0.1224s	0.3590	0.8980	0.8919
110
0421	0.1479	0.9917	0.3785	0.9000	0.1224s	0.3594	0.9020	0.8959
111
0422	0.1369	0.9833	0.3776	0.8940	0.1221s	0.3615	0.9030	0.8967
112
0423	0.1125	0.9917	0.3759	0.8940	0.1247s	0.3624	0.9040	0.8984
113
0424	0.1116	0.9917	0.3733	0.8980	0.1215s	0.3622	0.9050	0.8997
114
0425	0.1509	0.9583	0.3663	0.9040	0.1222s	0.3555	0.9050	0.8996
115
0426	0.1245	0.9833	0.3628	0.9060	0.1232s	0.3512	0.9080	0.9033
116
0427	0.1305	0.9917	0.3645	0.9020	0.1221s	0.3515	0.9000	0.8949
117
0428	0.1193	1.0000	0.3665	0.9040	0.1224s	0.3532	0.9040	0.8991
118
0429	0.1470	0.9833	0.3662	0.9040	0.1226s	0.3545	0.9000	0.8950
119
0430	0.1201	0.9750	0.3688	0.9000	0.1222s	0.3587	0.9020	0.8968
120
0431	0.1404	0.9833	0.3777	0.8960	0.1221s	0.3680	0.8970	0.8908
121
0432	0.1442	0.9750	0.3828	0.8980	0.1231s	0.3716	0.9000	0.8940
122
0433	0.1280	0.9917	0.3823	0.8980	0.1047s	0.3696	0.9010	0.8950
123
0434	0.1660	0.9917	0.3748	0.8980	0.1221s	0.3603	0.9010	0.8949
124
0435	0.1205	0.9917	0.3696	0.9020	0.1222s	0.3538	0.9010	0.8955
125
0436	0.1357	0.9917	0.3689	0.9000	0.1223s	0.3530	0.9000	0.8943
126
0437	0.1355	0.9583	0.3676	0.9000	0.1226s	0.3517	0.8990	0.8933
127
0438	0.1188	1.0000	0.3654	0.9020	0.1221s	0.3497	0.9040	0.8988
128
0439	0.1271	0.9833	0.3660	0.9020	0.1221s	0.3497	0.9020	0.8968
129
0440	0.1184	0.9917	0.3660	0.9020	0.1221s	0.3497	0.9030	0.8980
130
0441	0.1477	0.9833	0.3679	0.9020	0.1227s	0.3516	0.9000	0.8945
131
0442	0.1386	0.9917	0.3716	0.9000	0.1220s	0.3543	0.8990	0.8930
132
0443	0.1304	0.9833	0.3733	0.8980	0.1224s	0.3542	0.9000	0.8945
133
0444	0.1457	0.9500	0.3737	0.9020	0.1220s	0.3524	0.9010	0.8958
134
0445	0.1142	0.9750	0.3753	0.9000	0.1234s	0.3505	0.9040	0.8993
135
0446	0.1337	0.9667	0.3750	0.8980	0.1222s	0.3490	0.9050	0.9004
136
0447	0.1306	0.9667	0.3714	0.9000	0.1222s	0.3458	0.9030	0.8983
137
0448	0.1407	0.9833	0.3678	0.9000	0.1228s	0.3447	0.9080	0.9039
138
0449	0.1368	0.9667	0.3667	0.9020	0.1227s	0.3471	0.9090	0.9043
139
0450	0.1487	0.9833	0.3651	0.9080	0.1265s	0.3485	0.9050	0.9002
140
0451	0.1306	0.9833	0.3648	0.8960	0.1218s	0.3496	0.9030	0.8983
141
0452	0.1308	0.9750	0.3674	0.8980	0.1222s	0.3515	0.9020	0.8966
142
0453	0.1232	0.9750	0.3743	0.9000	0.1223s	0.3568	0.9020	0.8960
143
0454	0.1476	1.0000	0.3798	0.8960	0.1049s	0.3605	0.9060	0.8999
144
0455	0.1273	0.9917	0.3802	0.8960	0.1190s	0.3601	0.9030	0.8966
145
0456	0.1267	0.9833	0.3754	0.9020	0.1223s	0.3553	0.9040	0.8976
146
0457	0.1195	1.0000	0.3709	0.9040	0.1220s	0.3503	0.9050	0.8987
147
0458	0.1247	1.0000	0.3676	0.9020	0.1229s	0.3466	0.9060	0.9006
148
0459	0.1445	0.9750	0.3662	0.9020	0.1227s	0.3449	0.9020	0.8964
149
0460	0.1328	0.9917	0.3672	0.9020	0.1223s	0.3460	0.9010	0.8955
150
0461	0.1256	0.9833	0.3674	0.9020	0.1222s	0.3470	0.9010	0.8956
151
0462	0.1263	0.9917	0.3710	0.9020	0.1231s	0.3512	0.9030	0.8978
152
0463	0.1254	0.9917	0.3745	0.9000	0.1221s	0.3546	0.9030	0.8976
153
0464	0.1074	0.9917	0.3800	0.8940	0.1221s	0.3600	0.9010	0.8952
154
0465	0.1059	0.9917	0.3884	0.8860	0.1222s	0.3678	0.9020	0.8964
155
0466	0.1343	0.9833	0.3928	0.8840	0.1225s	0.3707	0.9030	0.8978
156
0467	0.1481	0.9667	0.3896	0.8880	0.1228s	0.3666	0.9020	0.8965
157
0468	0.1295	0.9833	0.3798	0.8960	0.1220s	0.3571	0.9060	0.9010
158
0469	0.1445	1.0000	0.3751	0.8960	0.1220s	0.3526	0.9080	0.9032
159
0470	0.1143	0.9833	0.3724	0.9000	0.1222s	0.3512	0.9040	0.8987
160
0471	0.1411	0.9667	0.3715	0.9020	0.1236s	0.3537	0.9130	0.9086
161
0472	0.1230	0.9833	0.3769	0.9000	0.1226s	0.3608	0.9150	0.9109
162
0473	0.1770	0.9250	0.3821	0.8980	0.1224s	0.3665	0.9060	0.9009
163
0474	0.1466	0.9833	0.3888	0.8980	0.1225s	0.3728	0.9030	0.8978
164
0475	0.1401	0.9750	0.3916	0.8940	0.1229s	0.3729	0.9010	0.8955
165
0476	0.1394	0.9500	0.3950	0.8920	0.1217s	0.3739	0.9020	0.8966
166
0477	0.1227	0.9750	0.3996	0.8900	0.1223s	0.3763	0.9040	0.8986
167
0478	0.1217	0.9917	0.4037	0.8980	0.1224s	0.3785	0.8980	0.8933
168
0479	0.1498	0.9750	0.4042	0.8960	0.1217s	0.3772	0.8960	0.8913
169
0480	0.1703	0.9750	0.3949	0.9000	0.1237s	0.3672	0.8990	0.8944
170
0481	0.1251	0.9750	0.3859	0.8980	0.1221s	0.3605	0.9030	0.8979
171
0482	0.1461	0.9583	0.3876	0.9000	0.1221s	0.3643	0.9080	0.9034
172
0483	0.1209	0.9917	0.4011	0.8900	0.1218s	0.3782	0.9030	0.8977
173
0484	0.1269	0.9667	0.4154	0.8860	0.1053s	0.3913	0.8980	0.8921
174
0485	0.1491	0.9833	0.4150	0.8920	0.1194s	0.3888	0.8990	0.8923
175
0486	0.1523	0.9833	0.4051	0.8940	0.1224s	0.3767	0.9030	0.8967
176
0487	0.1422	0.9667	0.3976	0.8980	0.1220s	0.3668	0.9020	0.8960
177
0488	0.1206	0.9833	0.3990	0.8980	0.1223s	0.3666	0.9020	0.8963
178
0489	0.1397	0.9833	0.4032	0.8900	0.1236s	0.3705	0.8980	0.8923
179
0490	0.1217	0.9833	0.4027	0.8920	0.1226s	0.3711	0.8970	0.8916
180
0491	0.1138	1.0000	0.3946	0.8920	0.1221s	0.3651	0.8960	0.8906
181
0492	0.1455	0.9583	0.3866	0.9020	0.1050s	0.3596	0.8990	0.8940
182
0493	0.1275	0.9750	0.3872	0.8960	0.1223s	0.3624	0.8990	0.8935
183
0494	0.1442	1.0000	0.3915	0.8920	0.1230s	0.3679	0.8960	0.8898
184
0495	0.1345	0.9750	0.3939	0.8940	0.1221s	0.3693	0.8970	0.8907
185
0496	0.1401	1.0000	0.3942	0.8960	0.1221s	0.3665	0.9030	0.8969
186
0497	0.1417	0.9750	0.3941	0.9000	0.1227s	0.3635	0.9010	0.8953
187
0498	0.1423	0.9917	0.3938	0.9020	0.1229s	0.3604	0.9040	0.8982
188
0499	0.1386	0.9750	0.3902	0.9000	0.1227s	0.3538	0.9040	0.8983
189
0500	0.1372	0.9917	0.3917	0.8960	0.1220s	0.3526	0.9080	0.9026
190
0501	0.1343	0.9667	0.3938	0.8940	0.1199s	0.3544	0.9050	0.8996
191
0502	0.1384	0.9917	0.3939	0.8940	0.1221s	0.3566	0.9030	0.8976
192
0503	0.1103	0.9667	0.3965	0.8940	0.1233s	0.3632	0.8960	0.8904
193
0504	0.1292	1.0000	0.3956	0.8940	0.1220s	0.3651	0.8980	0.8928
194
0505	0.1335	0.9750	0.3865	0.8960	0.1221s	0.3587	0.9000	0.8946
195
0506	0.1424	0.9500	0.3806	0.9000	0.1222s	0.3547	0.8990	0.8934
196
0507	0.1327	0.9583	0.3748	0.9040	0.1227s	0.3495	0.9020	0.8964
197
0508	0.1236	0.9917	0.3720	0.9040	0.1229s	0.3463	0.9010	0.8951
198
0509	0.1142	0.9750	0.3698	0.9060	0.1225s	0.3421	0.9080	0.9028
199
Early stop! Min loss:0.36049655079841614,  Max accuracy:0.916
Early stop model validation loss:0.36049655079841614,  accuracy:0.908
Optimization Finished!
Total time elapsed: 60.8755s
test max acc:0.9150
Loading 247th epoch
stru_node_to_hop attention:tensor([[0.2511, 0.2515, 0.2491, 0.2484],
        [0.2490, 0.2505, 0.2503, 0.2502],
        [0.2498, 0.2502, 0.2500, 0.2500],
        [0.2502, 0.2510, 0.2496, 0.2493],
        [0.2502, 0.2497, 0.2501, 0.2501],
        [0.2492, 0.2515, 0.2497, 0.2496],
        [0.2496, 0.2502, 0.2501, 0.2501],
        [0.2490, 0.2502, 0.2504, 0.2504],
        [0.2489, 0.2509, 0.2502, 0.2501],
        [0.2494, 0.2500, 0.2503, 0.2503],
        [0.2503, 0.2499, 0.2499, 0.2499],
        [0.2498, 0.2501, 0.2501, 0.2500],
        [0.2499, 0.2501, 0.2500, 0.2500],
        [0.2501, 0.2503, 0.2499, 0.2497],
        [0.2489, 0.2504, 0.2503, 0.2504],
        [0.2506, 0.2506, 0.2496, 0.2491],
        [0.2485, 0.2508, 0.2504, 0.2503],
        [0.2485, 0.2512, 0.2503, 0.2500],
        [0.2500, 0.2500, 0.2500, 0.2500],
        [0.2504, 0.2501, 0.2498, 0.2497],
        [0.2498, 0.2501, 0.2500, 0.2500],
        [0.2475, 0.2527, 0.2502, 0.2496],
        [0.2491, 0.2503, 0.2503, 0.2503],
        [0.2490, 0.2505, 0.2503, 0.2502],
        [0.2500, 0.2502, 0.2499, 0.2499],
        [0.2477, 0.2510, 0.2507, 0.2506],
        [0.2498, 0.2502, 0.2500, 0.2499],
        [0.2496, 0.2503, 0.2501, 0.2500],
        [0.2499, 0.2501, 0.2500, 0.2500],
        [0.2507, 0.2505, 0.2495, 0.2493],
        [0.2458, 0.2521, 0.2512, 0.2509],
        [0.2492, 0.2506, 0.2503, 0.2499],
        [0.2488, 0.2510, 0.2503, 0.2500],
        [0.2501, 0.2501, 0.2499, 0.2499],
        [0.2476, 0.2511, 0.2509, 0.2505],
        [0.2501, 0.2499, 0.2500, 0.2500],
        [0.2503, 0.2498, 0.2500, 0.2499],
        [0.2493, 0.2500, 0.2503, 0.2504],
        [0.2497, 0.2501, 0.2502, 0.2501],
        [0.2516, 0.2500, 0.2493, 0.2491],
        [0.2501, 0.2500, 0.2499, 0.2500],
        [0.2504, 0.2498, 0.2499, 0.2498],
        [0.2492, 0.2507, 0.2501, 0.2500],
        [0.2491, 0.2503, 0.2503, 0.2503],
        [0.2504, 0.2499, 0.2499, 0.2499],
        [0.1426, 0.1869, 0.2814, 0.3891],
        [0.2503, 0.2499, 0.2500, 0.2498],
        [0.2498, 0.2502, 0.2500, 0.2499],
        [0.2482, 0.2511, 0.2505, 0.2503],
        [0.2504, 0.2499, 0.2499, 0.2499],
        [0.2497, 0.2506, 0.2500, 0.2497],
        [0.2493, 0.2504, 0.2502, 0.2501],
        [0.2500, 0.2500, 0.2500, 0.2500],
        [0.2495, 0.2503, 0.2502, 0.2501],
        [0.2493, 0.2505, 0.2502, 0.2500],
        [0.2473, 0.2511, 0.2507, 0.2509],
        [0.2484, 0.2518, 0.2502, 0.2496],
        [0.2488, 0.2508, 0.2504, 0.2500],
        [0.2491, 0.2510, 0.2501, 0.2498],
        [0.2486, 0.2514, 0.2502, 0.2499],
        [0.2462, 0.2521, 0.2511, 0.2507],
        [0.2488, 0.2505, 0.2504, 0.2503],
        [0.2498, 0.2504, 0.2500, 0.2499],
        [0.2499, 0.2492, 0.2503, 0.2507],
        [0.2500, 0.2500, 0.2500, 0.2500],
        [0.2467, 0.2506, 0.2513, 0.2513],
        [0.2487, 0.2516, 0.2501, 0.2497],
        [0.2461, 0.2507, 0.2515, 0.2517],
        [0.2499, 0.2501, 0.2500, 0.2500],
        [0.2480, 0.2510, 0.2506, 0.2505],
        [0.2495, 0.2510, 0.2499, 0.2496],
        [0.2498, 0.2501, 0.2500, 0.2500],
        [0.2494, 0.2504, 0.2502, 0.2500],
        [0.2491, 0.2514, 0.2500, 0.2495],
        [0.2502, 0.2499, 0.2499, 0.2500],
        [0.2480, 0.2510, 0.2506, 0.2505],
        [0.2521, 0.2504, 0.2490, 0.2485],
        [0.2496, 0.2503, 0.2502, 0.2500],
        [0.2495, 0.2502, 0.2501, 0.2501],
        [0.2503, 0.2499, 0.2499, 0.2499],
        [0.2486, 0.2509, 0.2503, 0.2502],
        [0.2507, 0.2504, 0.2496, 0.2493],
        [0.2528, 0.2489, 0.2493, 0.2491],
        [0.2500, 0.2501, 0.2499, 0.2499],
        [0.2498, 0.2502, 0.2501, 0.2500],
        [0.2491, 0.2503, 0.2503, 0.2503],
        [0.2486, 0.2504, 0.2504, 0.2506],
        [0.2475, 0.2514, 0.2508, 0.2504],
        [0.2498, 0.2509, 0.2499, 0.2494],
        [0.2525, 0.2493, 0.2492, 0.2490],
        [0.2498, 0.2502, 0.2500, 0.2500],
        [0.2500, 0.2500, 0.2500, 0.2500],
        [0.2495, 0.2501, 0.2502, 0.2502],
        [0.2494, 0.2503, 0.2502, 0.2501],
        [0.2503, 0.2498, 0.2499, 0.2500],
        [0.2500, 0.2500, 0.2500, 0.2500],
        [0.2498, 0.2501, 0.2501, 0.2500],
        [0.2514, 0.2485, 0.2500, 0.2500],
        [0.2473, 0.2518, 0.2505, 0.2503],
        [0.2510, 0.2496, 0.2497, 0.2497]], device='cuda:1')
fea_node_to_hop attention:tensor([[0.3320, 0.3339, 0.3341],
        [0.3327, 0.3336, 0.3337],
        [0.3288, 0.3363, 0.3349],
        [0.3305, 0.3345, 0.3350],
        [0.3323, 0.3343, 0.3333],
        [0.3324, 0.3322, 0.3354],
        [0.3320, 0.3345, 0.3336],
        [0.3330, 0.3334, 0.3336],
        [0.3295, 0.3351, 0.3354],
        [0.3333, 0.3331, 0.3336],
        [0.3327, 0.3330, 0.3344],
        [0.3325, 0.3337, 0.3338],
        [0.3334, 0.3334, 0.3332],
        [0.3311, 0.3335, 0.3354],
        [0.3329, 0.3336, 0.3335],
        [0.3288, 0.3350, 0.3361],
        [0.3300, 0.3345, 0.3355],
        [0.3305, 0.3348, 0.3347],
        [0.3334, 0.3333, 0.3333],
        [0.3331, 0.3325, 0.3344],
        [0.3314, 0.3347, 0.3339],
        [0.3335, 0.3313, 0.3352],
        [0.3327, 0.3337, 0.3335],
        [0.3338, 0.3330, 0.3332],
        [0.3331, 0.3331, 0.3338],
        [0.3288, 0.3351, 0.3362],
        [0.3323, 0.3333, 0.3343],
        [0.3320, 0.3329, 0.3350],
        [0.3314, 0.3327, 0.3359],
        [0.3334, 0.3323, 0.3343],
        [0.3274, 0.3352, 0.3373],
        [0.3330, 0.3320, 0.3351],
        [0.3319, 0.3335, 0.3346],
        [0.3340, 0.3326, 0.3333],
        [0.3335, 0.3332, 0.3332],
        [0.3322, 0.3342, 0.3335],
        [0.3334, 0.3325, 0.3341],
        [0.3346, 0.3313, 0.3341],
        [0.3325, 0.3338, 0.3337],
        [0.3293, 0.3354, 0.3353],
        [0.3347, 0.3332, 0.3320],
        [0.3321, 0.3342, 0.3337],
        [0.3316, 0.3337, 0.3347],
        [0.3292, 0.3356, 0.3352],
        [0.3346, 0.3316, 0.3338],
        [0.3220, 0.3313, 0.3467],
        [0.3306, 0.3346, 0.3347],
        [0.3332, 0.3330, 0.3338],
        [0.3324, 0.3318, 0.3358],
        [0.3340, 0.3329, 0.3331],
        [0.3321, 0.3339, 0.3339],
        [0.3328, 0.3335, 0.3337],
        [0.3334, 0.3333, 0.3333],
        [0.3294, 0.3343, 0.3363],
        [0.3327, 0.3330, 0.3343],
        [0.3323, 0.3334, 0.3343],
        [0.3320, 0.3337, 0.3344],
        [0.3251, 0.3376, 0.3372],
        [0.3353, 0.3309, 0.3338],
        [0.3319, 0.3329, 0.3352],
        [0.3284, 0.3357, 0.3359],
        [0.3308, 0.3335, 0.3357],
        [0.3343, 0.3321, 0.3336],
        [0.3315, 0.3342, 0.3343],
        [0.3333, 0.3333, 0.3334],
        [0.3286, 0.3352, 0.3362],
        [0.3289, 0.3349, 0.3362],
        [0.3309, 0.3339, 0.3352],
        [0.3334, 0.3331, 0.3335],
        [0.3260, 0.3358, 0.3382],
        [0.3302, 0.3343, 0.3355],
        [0.3325, 0.3337, 0.3338],
        [0.3316, 0.3334, 0.3349],
        [0.3325, 0.3321, 0.3354],
        [0.3365, 0.3315, 0.3320],
        [0.3295, 0.3343, 0.3363],
        [0.3311, 0.3335, 0.3354],
        [0.3323, 0.3340, 0.3336],
        [0.3325, 0.3343, 0.3332],
        [0.3329, 0.3337, 0.3334],
        [0.3316, 0.3342, 0.3342],
        [0.3282, 0.3364, 0.3354],
        [0.3304, 0.3340, 0.3356],
        [0.3330, 0.3337, 0.3333],
        [0.3328, 0.3332, 0.3339],
        [0.3299, 0.3347, 0.3355],
        [0.3343, 0.3324, 0.3333],
        [0.3314, 0.3336, 0.3350],
        [0.3296, 0.3345, 0.3359],
        [0.3307, 0.3336, 0.3357],
        [0.3317, 0.3345, 0.3339],
        [0.3330, 0.3333, 0.3337],
        [0.3334, 0.3332, 0.3334],
        [0.3297, 0.3358, 0.3345],
        [0.3333, 0.3333, 0.3334],
        [0.3334, 0.3333, 0.3333],
        [0.3324, 0.3333, 0.3343],
        [0.3299, 0.3351, 0.3349],
        [0.3308, 0.3338, 0.3355],
        [0.3336, 0.3329, 0.3335]], device='cuda:1')
perception attention:tensor([0.5000, 0.5000], device='cuda:1')
Test set results: loss= 0.3436 accuracy= 0.9130 F1_score= 0.9087
