# epoch	loss_train	acc_train	loss_val	acc_val	time	acc_test	f1_test
0001	1.8012	0.1333	1.6931	0.5080	0.1214s	1.6831	0.5300	0.4604
0
0002	1.6783	0.4167	1.5361	0.4740	0.1219s	1.5111	0.4900	0.3720
0
0003	1.4979	0.5250	1.3559	0.6260	0.1219s	1.3290	0.6400	0.5705
0
0004	1.3286	0.5667	1.1537	0.7600	0.1222s	1.1314	0.7920	0.7741
0
0005	1.0991	0.8500	0.9855	0.8120	0.1224s	0.9659	0.8300	0.8157
0
0006	0.9409	0.8500	0.8478	0.8480	0.1229s	0.8313	0.8500	0.8417
0
0007	0.7842	0.8417	0.7297	0.8660	0.1222s	0.7166	0.8540	0.8474
0
0008	0.6943	0.9000	0.6352	0.8780	0.1218s	0.6223	0.8660	0.8597
0
0009	0.6149	0.8750	0.5665	0.8720	0.1217s	0.5514	0.8860	0.8791
0
0010	0.5141	0.9250	0.5145	0.8720	0.1221s	0.4935	0.8880	0.8800
0
0011	0.4705	0.9167	0.4730	0.8800	0.1226s	0.4481	0.8860	0.8781
0
0012	0.3800	0.9167	0.4403	0.8860	0.1224s	0.4130	0.8890	0.8820
0
0013	0.3679	0.9500	0.4203	0.8860	0.1227s	0.3907	0.8890	0.8822
0
0014	0.3289	0.9250	0.4096	0.8860	0.1224s	0.3780	0.8830	0.8766
0
0015	0.3032	0.9667	0.3989	0.8920	0.1223s	0.3643	0.8850	0.8786
0
0016	0.2547	0.9500	0.3926	0.8940	0.1224s	0.3558	0.8930	0.8868
0
0017	0.2455	0.9667	0.3971	0.8820	0.1225s	0.3580	0.8980	0.8921
0
0018	0.2633	0.9667	0.3966	0.8860	0.1227s	0.3551	0.8950	0.8893
1
0019	0.2312	0.9333	0.3937	0.8900	0.1224s	0.3505	0.8980	0.8927
2
0020	0.2274	0.9417	0.3929	0.8920	0.1246s	0.3469	0.8900	0.8839
3
0021	0.2268	0.9417	0.3945	0.8920	0.1226s	0.3474	0.8900	0.8835
4
0022	0.2194	0.9333	0.3962	0.8900	0.1221s	0.3491	0.8910	0.8846
5
0023	0.2029	0.9500	0.3984	0.8880	0.1217s	0.3518	0.8890	0.8826
6
0024	0.1996	0.9750	0.4014	0.8900	0.1224s	0.3556	0.8870	0.8808
7
0025	0.1929	0.9917	0.4067	0.8820	0.1049s	0.3632	0.8930	0.8873
8
0026	0.1797	0.9917	0.4125	0.8820	0.1226s	0.3703	0.8910	0.8846
9
0027	0.1874	0.9750	0.4133	0.8820	0.1222s	0.3714	0.8960	0.8899
10
0028	0.1829	0.9667	0.4180	0.8840	0.1056s	0.3765	0.8920	0.8854
11
0029	0.1830	0.9917	0.4256	0.8820	0.1048s	0.3848	0.8920	0.8852
12
0030	0.1535	0.9833	0.4317	0.8840	0.1201s	0.3918	0.8940	0.8872
13
0031	0.1665	0.9833	0.4327	0.8860	0.1223s	0.3942	0.8910	0.8840
14
0032	0.1516	0.9917	0.4288	0.8860	0.1217s	0.3917	0.8900	0.8827
15
0033	0.1589	1.0000	0.4238	0.8860	0.1223s	0.3882	0.8870	0.8796
16
0034	0.1955	0.9667	0.4172	0.8860	0.1221s	0.3827	0.8910	0.8840
17
0035	0.1567	0.9917	0.4165	0.8860	0.1219s	0.3829	0.8910	0.8843
18
0036	0.1851	0.9667	0.4184	0.8820	0.1223s	0.3856	0.8880	0.8808
19
0037	0.1573	0.9750	0.4184	0.8840	0.1220s	0.3845	0.8920	0.8852
20
0038	0.1975	0.9750	0.4203	0.8820	0.1219s	0.3840	0.8920	0.8847
21
0039	0.1829	0.9583	0.4224	0.8860	0.1220s	0.3829	0.8890	0.8816
22
0040	0.1489	0.9750	0.4281	0.8880	0.1219s	0.3855	0.8840	0.8765
23
0041	0.1740	0.9750	0.4294	0.8900	0.1224s	0.3848	0.8840	0.8763
24
0042	0.1390	0.9833	0.4277	0.8860	0.1222s	0.3821	0.8870	0.8796
25
0043	0.1764	0.9917	0.4242	0.8840	0.1218s	0.3789	0.8880	0.8803
26
0044	0.1922	0.9667	0.4188	0.8840	0.1217s	0.3744	0.8890	0.8812
27
0045	0.1669	0.9833	0.4169	0.8880	0.1206s	0.3744	0.8910	0.8833
28
0046	0.1521	0.9833	0.4165	0.8840	0.1208s	0.3759	0.8890	0.8812
29
0047	0.1492	0.9917	0.4167	0.8780	0.1046s	0.3776	0.8910	0.8836
30
0048	0.1480	0.9750	0.4156	0.8800	0.1221s	0.3776	0.8900	0.8826
31
0049	0.1677	0.9750	0.4087	0.8820	0.1228s	0.3701	0.8910	0.8842
32
0050	0.1589	0.9917	0.4011	0.8880	0.1221s	0.3600	0.8980	0.8922
33
0051	0.1684	0.9833	0.3971	0.8960	0.1226s	0.3529	0.8970	0.8907
34
0052	0.1603	1.0000	0.3970	0.8980	0.1221s	0.3500	0.8960	0.8899
0
0053	0.1630	0.9750	0.4004	0.8940	0.1220s	0.3516	0.8960	0.8896
0
0054	0.1547	0.9917	0.4006	0.8940	0.1219s	0.3510	0.8940	0.8875
1
0055	0.1589	0.9667	0.3984	0.8940	0.1221s	0.3491	0.8960	0.8895
2
0056	0.1592	0.9667	0.3941	0.8980	0.1219s	0.3467	0.8970	0.8909
3
0057	0.1470	0.9833	0.3933	0.8940	0.1218s	0.3486	0.8950	0.8886
0
0058	0.1438	0.9750	0.3955	0.8940	0.1248s	0.3541	0.8930	0.8862
1
0059	0.1687	0.9667	0.3990	0.8900	0.1081s	0.3597	0.8930	0.8863
2
0060	0.1425	0.9833	0.4004	0.8860	0.1198s	0.3623	0.8940	0.8873
3
0061	0.1535	0.9583	0.3961	0.8900	0.1218s	0.3576	0.8950	0.8886
4
0062	0.1609	0.9833	0.3909	0.8940	0.1431s	0.3507	0.8980	0.8921
5
0063	0.1564	0.9750	0.3920	0.8960	0.1404s	0.3497	0.8980	0.8919
0
0064	0.1535	0.9667	0.3970	0.8880	0.1192s	0.3522	0.8970	0.8906
1
0065	0.1535	0.9833	0.3959	0.9000	0.0980s	0.3493	0.8990	0.8934
2
0066	0.1472	0.9833	0.3930	0.9000	0.1070s	0.3462	0.9000	0.8943
0
0067	0.1466	0.9833	0.3882	0.9000	0.1207s	0.3403	0.9030	0.8973
0
0068	0.1392	0.9833	0.3855	0.9060	0.1237s	0.3358	0.9030	0.8976
0
0069	0.1761	0.9750	0.3861	0.9080	0.1240s	0.3374	0.9030	0.8975
0
0070	0.1421	0.9833	0.3920	0.8920	0.1234s	0.3448	0.9040	0.8981
0
0071	0.1438	0.9833	0.3993	0.8900	0.1230s	0.3530	0.9000	0.8933
1
0072	0.1279	1.0000	0.4044	0.8920	0.1232s	0.3587	0.9020	0.8955
2
0073	0.1567	0.9917	0.4021	0.8920	0.1237s	0.3575	0.9010	0.8944
3
0074	0.1545	0.9750	0.3951	0.8960	0.1235s	0.3505	0.9010	0.8944
4
0075	0.1380	1.0000	0.3879	0.9000	0.1236s	0.3426	0.9030	0.8973
5
0076	0.1240	0.9750	0.3842	0.9040	0.1236s	0.3393	0.9060	0.9011
6
0077	0.1513	0.9833	0.3808	0.9080	0.1228s	0.3367	0.9060	0.9010
0
0078	0.1500	0.9667	0.3776	0.9040	0.1232s	0.3351	0.9130	0.9087
0
0079	0.1455	0.9833	0.3783	0.9000	0.1091s	0.3379	0.9110	0.9063
0
0080	0.1411	0.9917	0.3813	0.9000	0.1045s	0.3417	0.9110	0.9063
1
0081	0.1410	0.9833	0.3835	0.8980	0.1039s	0.3436	0.9090	0.9041
2
0082	0.1398	0.9833	0.3873	0.8980	0.1122s	0.3475	0.9050	0.8993
3
0083	0.1323	0.9833	0.3947	0.8920	0.1143s	0.3568	0.9050	0.8990
4
0084	0.1496	0.9750	0.3978	0.8920	0.1415s	0.3604	0.9020	0.8957
5
0085	0.1242	0.9917	0.3985	0.8940	0.1195s	0.3635	0.9020	0.8954
6
0086	0.1631	0.9917	0.3912	0.9000	0.1399s	0.3593	0.9010	0.8948
7
0087	0.1447	0.9917	0.3810	0.9100	0.1350s	0.3506	0.9050	0.8996
8
0088	0.1258	0.9917	0.3725	0.9100	0.0997s	0.3418	0.9120	0.9072
0
0089	0.1508	0.9583	0.3713	0.9120	0.1091s	0.3422	0.9100	0.9051
0
0090	0.1523	0.9583	0.3704	0.9100	0.1222s	0.3429	0.9080	0.9032
0
0091	0.1436	0.9833	0.3704	0.9040	0.1225s	0.3444	0.9070	0.9019
0
0092	0.1338	0.9750	0.3723	0.9060	0.1234s	0.3475	0.9060	0.9006
1
0093	0.1423	0.9833	0.3802	0.9020	0.1226s	0.3556	0.9060	0.8999
2
0094	0.1300	0.9917	0.3880	0.8980	0.1218s	0.3619	0.9070	0.9009
3
0095	0.1456	0.9667	0.3937	0.9020	0.1227s	0.3662	0.9080	0.9020
4
0096	0.1619	0.9917	0.3920	0.8980	0.1225s	0.3624	0.9090	0.9030
5
0097	0.1574	0.9833	0.3908	0.8940	0.1217s	0.3599	0.9040	0.8981
6
0098	0.1436	0.9833	0.3883	0.8960	0.1257s	0.3557	0.9060	0.9005
7
0099	0.1452	1.0000	0.3828	0.9000	0.1199s	0.3502	0.9060	0.9004
8
0100	0.1369	0.9917	0.3777	0.9060	0.1228s	0.3441	0.9070	0.9018
9
0101	0.1380	0.9833	0.3754	0.9040	0.1226s	0.3412	0.9070	0.9015
10
0102	0.1528	0.9917	0.3774	0.9060	0.1233s	0.3435	0.9050	0.8996
11
0103	0.1463	1.0000	0.3829	0.9080	0.1224s	0.3508	0.9030	0.8975
12
0104	0.1374	1.0000	0.3915	0.9040	0.1047s	0.3614	0.9040	0.8981
13
0105	0.1404	0.9750	0.3990	0.8900	0.1221s	0.3703	0.9030	0.8966
14
0106	0.1338	0.9833	0.4028	0.8900	0.1237s	0.3743	0.9010	0.8941
15
0107	0.1458	0.9833	0.3997	0.8920	0.1224s	0.3702	0.9030	0.8963
16
0108	0.1356	0.9583	0.3918	0.8960	0.1236s	0.3605	0.9030	0.8963
17
0109	0.1461	0.9750	0.3826	0.9020	0.1222s	0.3479	0.9030	0.8969
18
0110	0.1449	0.9667	0.3786	0.9040	0.1234s	0.3425	0.9070	0.9018
19
0111	0.1753	0.9750	0.3806	0.9020	0.1225s	0.3451	0.9080	0.9028
20
0112	0.1584	0.9833	0.3860	0.9080	0.1224s	0.3512	0.9030	0.8973
21
0113	0.1436	0.9750	0.3915	0.9040	0.1224s	0.3579	0.8970	0.8903
22
0114	0.1436	1.0000	0.3962	0.8960	0.1223s	0.3657	0.8970	0.8900
23
0115	0.1447	0.9917	0.3998	0.8940	0.1220s	0.3717	0.9010	0.8944
24
0116	0.1531	0.9750	0.4040	0.8900	0.1217s	0.3781	0.9010	0.8940
25
0117	0.1459	0.9833	0.4061	0.8840	0.1226s	0.3818	0.8990	0.8917
26
0118	0.1250	0.9667	0.3991	0.8860	0.1215s	0.3747	0.9020	0.8953
27
0119	0.1568	0.9917	0.3881	0.8940	0.1238s	0.3633	0.9030	0.8966
28
0120	0.1442	0.9583	0.3795	0.9020	0.1042s	0.3533	0.9060	0.9003
29
0121	0.1628	0.9583	0.3762	0.9040	0.1259s	0.3478	0.9050	0.8996
30
0122	0.1313	0.9833	0.3752	0.9060	0.1220s	0.3463	0.9060	0.9005
31
0123	0.1377	0.9750	0.3762	0.9020	0.1217s	0.3475	0.9070	0.9014
32
0124	0.1465	0.9917	0.3791	0.9040	0.1236s	0.3518	0.9080	0.9019
33
0125	0.1474	0.9583	0.3823	0.9020	0.1219s	0.3570	0.9080	0.9022
34
0126	0.1451	0.9917	0.3830	0.9020	0.1241s	0.3588	0.9070	0.9012
35
0127	0.1379	1.0000	0.3884	0.8960	0.1217s	0.3656	0.9080	0.9022
36
0128	0.1495	0.9750	0.3911	0.8960	0.1221s	0.3689	0.9060	0.8999
37
0129	0.1602	0.9750	0.3906	0.8920	0.1210s	0.3689	0.9060	0.9002
38
0130	0.1407	0.9833	0.3855	0.8960	0.1204s	0.3640	0.9060	0.9004
39
0131	0.1395	0.9917	0.3774	0.9040	0.1223s	0.3539	0.9080	0.9022
40
0132	0.1565	0.9917	0.3751	0.9080	0.1222s	0.3490	0.9070	0.9012
41
0133	0.1299	0.9667	0.3756	0.9060	0.1215s	0.3484	0.9070	0.9017
42
0134	0.1379	0.9667	0.3788	0.9020	0.1227s	0.3524	0.9050	0.8993
43
0135	0.1384	0.9667	0.3810	0.9040	0.1220s	0.3553	0.9040	0.8979
44
0136	0.1359	0.9917	0.3838	0.9020	0.1219s	0.3580	0.9040	0.8976
45
0137	0.1329	0.9750	0.3857	0.9020	0.1221s	0.3614	0.9070	0.9010
46
0138	0.1230	0.9917	0.3930	0.9000	0.1219s	0.3690	0.9060	0.8999
47
0139	0.1321	0.9583	0.3998	0.8880	0.1220s	0.3759	0.9050	0.8987
48
0140	0.1400	1.0000	0.4014	0.8880	0.1218s	0.3779	0.9020	0.8956
49
0141	0.1358	0.9667	0.3904	0.8940	0.1221s	0.3693	0.9040	0.8983
50
0142	0.1233	0.9917	0.3804	0.9020	0.1232s	0.3616	0.9040	0.8986
51
0143	0.1318	1.0000	0.3711	0.9080	0.1214s	0.3532	0.9070	0.9018
52
0144	0.1264	0.9750	0.3682	0.9120	0.1221s	0.3506	0.9080	0.9026
53
0145	0.1397	0.9750	0.3691	0.9100	0.1230s	0.3510	0.9060	0.9005
0
0146	0.1370	0.9667	0.3700	0.9060	0.1219s	0.3521	0.9030	0.8973
1
0147	0.1558	0.9833	0.3737	0.9080	0.1226s	0.3554	0.9040	0.8983
2
0148	0.1444	0.9917	0.3742	0.9040	0.1226s	0.3544	0.9050	0.8992
3
0149	0.1183	1.0000	0.3753	0.9060	0.1220s	0.3553	0.9040	0.8979
4
0150	0.1226	0.9917	0.3786	0.9060	0.1225s	0.3582	0.9030	0.8968
5
0151	0.1628	0.9750	0.3815	0.9040	0.1216s	0.3610	0.9020	0.8957
6
0152	0.1263	0.9833	0.3823	0.9040	0.1220s	0.3625	0.9040	0.8979
7
0153	0.1431	0.9917	0.3805	0.9020	0.1268s	0.3630	0.9040	0.8977
8
0154	0.1334	0.9833	0.3788	0.8980	0.1221s	0.3629	0.9060	0.8999
9
0155	0.1173	0.9917	0.3753	0.8960	0.1225s	0.3609	0.9070	0.9011
10
0156	0.1427	0.9917	0.3670	0.9020	0.1229s	0.3535	0.9020	0.8964
11
0157	0.1477	0.9917	0.3594	0.9120	0.1226s	0.3443	0.9020	0.8964
0
0158	0.1455	0.9917	0.3583	0.9100	0.1244s	0.3413	0.9020	0.8966
0
0159	0.1274	0.9917	0.3591	0.9100	0.1219s	0.3404	0.9070	0.9019
0
0160	0.1396	0.9583	0.3609	0.9080	0.1227s	0.3413	0.9080	0.9029
1
0161	0.1338	0.9750	0.3636	0.9060	0.1220s	0.3463	0.9060	0.9003
2
0162	0.1480	0.9750	0.3745	0.9040	0.1237s	0.3573	0.9040	0.8980
3
0163	0.1378	0.9833	0.3926	0.8900	0.1222s	0.3742	0.9040	0.8975
4
0164	0.1556	0.9667	0.4032	0.8840	0.1213s	0.3844	0.9030	0.8961
5
0165	0.1422	0.9917	0.4023	0.8840	0.1214s	0.3846	0.9050	0.8980
6
0166	0.1336	0.9667	0.3869	0.8860	0.1221s	0.3700	0.9010	0.8939
7
0167	0.1246	1.0000	0.3702	0.9000	0.1219s	0.3520	0.9030	0.8971
8
0168	0.1435	0.9833	0.3605	0.9080	0.1217s	0.3380	0.9070	0.9019
9
0169	0.1343	0.9667	0.3635	0.9100	0.1226s	0.3356	0.9060	0.9010
10
0170	0.1353	0.9917	0.3762	0.9060	0.1220s	0.3441	0.9060	0.9008
11
0171	0.1278	0.9917	0.3868	0.9060	0.1219s	0.3534	0.8990	0.8929
12
0172	0.1937	0.9750	0.3914	0.8980	0.1215s	0.3588	0.8980	0.8917
13
0173	0.1364	1.0000	0.3942	0.8920	0.1219s	0.3636	0.8960	0.8892
14
0174	0.1411	0.9833	0.3926	0.8940	0.1223s	0.3647	0.8970	0.8900
15
0175	0.1388	0.9750	0.3901	0.8940	0.1230s	0.3644	0.9040	0.8975
16
0176	0.1423	0.9917	0.3900	0.8900	0.1222s	0.3661	0.9040	0.8977
17
0177	0.1336	0.9833	0.3879	0.8840	0.1214s	0.3649	0.9040	0.8982
18
0178	0.1492	0.9833	0.3788	0.8920	0.1218s	0.3562	0.9000	0.8946
19
0179	0.1257	0.9750	0.3712	0.8980	0.1221s	0.3476	0.9060	0.9009
20
0180	0.1372	0.9583	0.3699	0.9040	0.1226s	0.3441	0.9070	0.9018
21
0181	0.1328	0.9917	0.3789	0.9020	0.1225s	0.3493	0.8980	0.8921
22
0182	0.1350	0.9750	0.3871	0.9040	0.1216s	0.3545	0.8970	0.8907
23
0183	0.1457	0.9667	0.3918	0.9000	0.1226s	0.3587	0.8940	0.8870
24
0184	0.1265	0.9917	0.3921	0.8920	0.1219s	0.3605	0.8940	0.8871
25
0185	0.1477	0.9833	0.3827	0.8980	0.1221s	0.3551	0.9000	0.8937
26
0186	0.1311	0.9833	0.3757	0.9000	0.1221s	0.3522	0.9040	0.8981
27
0187	0.1580	0.9833	0.3775	0.8980	0.1219s	0.3580	0.9050	0.8990
28
0188	0.1275	0.9750	0.3817	0.8880	0.1222s	0.3640	0.9000	0.8941
29
0189	0.1417	0.9667	0.3791	0.8900	0.1220s	0.3603	0.9010	0.8957
30
0190	0.1363	0.9917	0.3776	0.8940	0.1216s	0.3563	0.9010	0.8960
31
0191	0.1634	0.9750	0.3764	0.9000	0.1223s	0.3506	0.9000	0.8944
32
0192	0.1461	0.9833	0.3758	0.9040	0.1229s	0.3476	0.9010	0.8953
33
0193	0.1598	0.9667	0.3748	0.9040	0.1218s	0.3468	0.9010	0.8953
34
0194	0.1396	0.9667	0.3753	0.9040	0.1222s	0.3495	0.9070	0.9017
35
0195	0.1442	1.0000	0.3763	0.9080	0.1222s	0.3547	0.9040	0.8987
36
0196	0.1330	0.9750	0.3752	0.9040	0.1049s	0.3593	0.8990	0.8927
37
0197	0.1297	0.9750	0.3747	0.9080	0.1199s	0.3633	0.9000	0.8937
38
0198	0.1348	0.9917	0.3713	0.9060	0.1220s	0.3618	0.9040	0.8979
39
0199	0.1407	1.0000	0.3691	0.9040	0.1221s	0.3586	0.9060	0.8998
40
0200	0.1183	0.9750	0.3691	0.9020	0.1225s	0.3570	0.9030	0.8969
41
0201	0.1426	0.9750	0.3690	0.9040	0.1237s	0.3544	0.9020	0.8958
42
0202	0.1452	0.9833	0.3708	0.9020	0.1223s	0.3560	0.9020	0.8958
43
0203	0.1133	0.9750	0.3706	0.9020	0.1220s	0.3559	0.9000	0.8936
44
0204	0.1352	0.9833	0.3702	0.9060	0.1221s	0.3546	0.9000	0.8936
45
0205	0.1480	0.9750	0.3669	0.9060	0.1227s	0.3504	0.9000	0.8939
46
0206	0.1137	1.0000	0.3632	0.9100	0.1221s	0.3465	0.9040	0.8985
47
0207	0.1240	0.9917	0.3617	0.9100	0.1224s	0.3449	0.9060	0.9006
48
0208	0.1374	0.9750	0.3607	0.9060	0.1049s	0.3466	0.9060	0.9005
49
0209	0.1564	0.9833	0.3649	0.9040	0.1206s	0.3551	0.9080	0.9025
50
0210	0.1363	1.0000	0.3709	0.8980	0.1222s	0.3642	0.9040	0.8980
51
0211	0.1427	0.9833	0.3743	0.8940	0.1224s	0.3687	0.9030	0.8973
52
0212	0.1394	0.9833	0.3725	0.8980	0.1224s	0.3670	0.9020	0.8962
53
0213	0.1543	0.9500	0.3652	0.9040	0.1222s	0.3564	0.9040	0.8984
54
0214	0.1267	0.9917	0.3611	0.9060	0.1205s	0.3489	0.9050	0.8997
55
0215	0.1332	0.9750	0.3627	0.9040	0.1226s	0.3480	0.9100	0.9047
56
0216	0.1055	1.0000	0.3651	0.9060	0.1232s	0.3502	0.9090	0.9039
57
0217	0.1385	0.9750	0.3660	0.9060	0.1219s	0.3536	0.9090	0.9036
58
0218	0.1151	0.9750	0.3679	0.9100	0.1216s	0.3574	0.9080	0.9025
59
0219	0.1369	0.9750	0.3726	0.9060	0.1223s	0.3632	0.9070	0.9015
60
0220	0.1233	0.9667	0.3779	0.8980	0.1216s	0.3683	0.9020	0.8960
61
0221	0.1536	0.9917	0.3765	0.9040	0.1220s	0.3651	0.9030	0.8975
62
0222	0.1431	0.9583	0.3701	0.9060	0.1223s	0.3567	0.9120	0.9074
63
0223	0.1359	0.9750	0.3695	0.9080	0.1221s	0.3536	0.9100	0.9054
64
0224	0.1478	0.9833	0.3722	0.9060	0.1220s	0.3537	0.9120	0.9075
65
0225	0.1439	0.9750	0.3745	0.9000	0.1047s	0.3558	0.9100	0.9055
66
0226	0.1275	0.9667	0.3767	0.9040	0.1223s	0.3578	0.9060	0.9007
67
0227	0.1529	0.9750	0.3782	0.9040	0.1222s	0.3598	0.9040	0.8982
68
0228	0.1330	0.9833	0.3782	0.9000	0.1050s	0.3599	0.9060	0.9005
69
0229	0.1528	0.9667	0.3730	0.9020	0.1223s	0.3554	0.9100	0.9048
70
0230	0.1494	0.9750	0.3700	0.9020	0.1047s	0.3528	0.9070	0.9016
71
0231	0.1581	0.9667	0.3707	0.8980	0.1049s	0.3537	0.9080	0.9028
72
0232	0.1366	0.9917	0.3741	0.9000	0.1224s	0.3572	0.9050	0.8997
73
0233	0.1242	0.9667	0.3762	0.8980	0.1211s	0.3596	0.9070	0.9020
74
0234	0.1392	0.9583	0.3712	0.9020	0.1220s	0.3537	0.9080	0.9034
75
0235	0.1587	0.9750	0.3654	0.9040	0.1223s	0.3472	0.9060	0.9013
76
0236	0.1747	0.9917	0.3625	0.9000	0.1225s	0.3429	0.9110	0.9065
77
0237	0.1392	0.9583	0.3639	0.9040	0.1226s	0.3437	0.9060	0.9010
78
0238	0.1150	0.9917	0.3685	0.8960	0.1203s	0.3486	0.9040	0.8991
79
0239	0.1398	0.9917	0.3738	0.8900	0.1219s	0.3535	0.9050	0.8998
80
0240	0.1390	0.9833	0.3755	0.9000	0.1231s	0.3552	0.9080	0.9029
81
0241	0.1215	0.9833	0.3723	0.9040	0.1211s	0.3526	0.9020	0.8965
82
0242	0.1211	1.0000	0.3719	0.9060	0.1054s	0.3531	0.9040	0.8988
83
0243	0.1487	0.9750	0.3746	0.9020	0.1219s	0.3575	0.9050	0.8997
84
0244	0.1152	0.9833	0.3798	0.8960	0.1217s	0.3645	0.9040	0.8986
85
0245	0.1361	0.9917	0.3799	0.8980	0.1228s	0.3658	0.9050	0.8996
86
0246	0.1503	0.9667	0.3723	0.9000	0.1224s	0.3586	0.9040	0.8990
87
0247	0.1178	0.9667	0.3672	0.9020	0.1224s	0.3535	0.9070	0.9021
88
0248	0.1340	1.0000	0.3639	0.9080	0.1217s	0.3494	0.9080	0.9031
89
0249	0.1437	0.9917	0.3630	0.9060	0.1227s	0.3467	0.9090	0.9042
90
0250	0.1377	0.9917	0.3652	0.9080	0.1226s	0.3468	0.9070	0.9020
91
0251	0.1405	0.9917	0.3702	0.9040	0.1053s	0.3499	0.9070	0.9021
92
0252	0.1256	0.9917	0.3763	0.9040	0.1229s	0.3539	0.9050	0.8998
93
0253	0.1458	0.9833	0.3822	0.9020	0.1207s	0.3587	0.9030	0.8976
94
0254	0.1461	0.9833	0.3872	0.8980	0.1224s	0.3629	0.9040	0.8987
95
0255	0.1245	0.9833	0.3871	0.9000	0.1223s	0.3623	0.9090	0.9045
96
0256	0.1182	0.9917	0.3852	0.9020	0.1228s	0.3586	0.9090	0.9044
97
0257	0.1386	1.0000	0.3779	0.9100	0.1221s	0.3498	0.9110	0.9068
98
0258	0.1260	0.9750	0.3736	0.9100	0.1220s	0.3433	0.9130	0.9086
99
0259	0.1344	1.0000	0.3733	0.9080	0.1256s	0.3399	0.9140	0.9094
100
0260	0.1378	0.9667	0.3773	0.9060	0.1223s	0.3406	0.9100	0.9051
101
0261	0.1472	0.9833	0.3820	0.9000	0.1215s	0.3434	0.9080	0.9031
102
0262	0.1111	0.9917	0.3832	0.8980	0.1225s	0.3445	0.9070	0.9020
103
0263	0.1350	0.9750	0.3832	0.8980	0.1223s	0.3448	0.9030	0.8979
104
0264	0.1403	0.9750	0.3849	0.8940	0.1227s	0.3477	0.9030	0.8979
105
0265	0.1421	0.9667	0.3864	0.8960	0.1220s	0.3504	0.9070	0.9025
106
0266	0.1441	0.9917	0.3876	0.8980	0.1218s	0.3529	0.9060	0.9012
107
0267	0.1478	0.9750	0.3862	0.9020	0.1213s	0.3523	0.9070	0.9022
108
0268	0.1422	0.9750	0.3791	0.9040	0.1212s	0.3443	0.9090	0.9043
109
0269	0.1258	0.9833	0.3756	0.9060	0.1222s	0.3394	0.9070	0.9026
110
0270	0.1364	0.9917	0.3769	0.9100	0.1223s	0.3400	0.9090	0.9043
111
0271	0.1492	0.9667	0.3844	0.9020	0.1226s	0.3461	0.9060	0.9010
112
0272	0.1439	0.9917	0.4005	0.8940	0.1218s	0.3615	0.9000	0.8943
113
0273	0.1215	0.9917	0.4140	0.8920	0.1231s	0.3739	0.8950	0.8890
114
0274	0.1268	0.9750	0.4150	0.8900	0.1222s	0.3744	0.8900	0.8832
115
0275	0.1344	0.9750	0.4012	0.8980	0.1219s	0.3599	0.8980	0.8925
116
0276	0.1495	0.9583	0.3865	0.9040	0.1220s	0.3433	0.9020	0.8969
117
0277	0.2017	0.9667	0.3799	0.9060	0.1217s	0.3333	0.9080	0.9036
118
0278	0.1272	0.9833	0.3786	0.9080	0.1223s	0.3305	0.9120	0.9077
119
0279	0.1454	0.9917	0.3794	0.9040	0.1214s	0.3324	0.9110	0.9065
120
0280	0.1314	0.9917	0.3882	0.9060	0.1258s	0.3418	0.9060	0.9008
121
0281	0.1538	0.9583	0.4068	0.8940	0.1229s	0.3589	0.9030	0.8968
122
0282	0.1380	0.9750	0.4220	0.8860	0.1219s	0.3732	0.8960	0.8902
123
0283	0.1409	0.9667	0.4195	0.8860	0.1228s	0.3713	0.8970	0.8911
124
0284	0.1363	0.9750	0.4054	0.8920	0.1220s	0.3581	0.8970	0.8912
125
0285	0.1453	1.0000	0.3943	0.8980	0.1221s	0.3468	0.9050	0.9001
126
0286	0.1318	0.9917	0.3892	0.9040	0.1220s	0.3407	0.9070	0.9021
127
0287	0.1337	0.9917	0.3895	0.9020	0.1215s	0.3413	0.9060	0.9011
128
0288	0.1407	0.9667	0.3911	0.9000	0.1227s	0.3449	0.9070	0.9022
129
0289	0.1400	0.9833	0.3951	0.8920	0.1229s	0.3509	0.9040	0.8989
130
0290	0.1626	0.9833	0.4033	0.8940	0.1221s	0.3598	0.9000	0.8943
131
0291	0.1466	0.9917	0.4104	0.8860	0.1210s	0.3677	0.9000	0.8942
132
0292	0.1281	0.9667	0.4117	0.8860	0.1223s	0.3687	0.8960	0.8901
133
0293	0.1121	0.9917	0.4104	0.8920	0.1222s	0.3674	0.8940	0.8882
134
0294	0.1628	0.9583	0.3997	0.8980	0.1220s	0.3579	0.8990	0.8938
135
0295	0.1328	1.0000	0.3939	0.8980	0.1220s	0.3543	0.9030	0.8982
136
0296	0.1191	0.9833	0.3913	0.9020	0.1048s	0.3535	0.9070	0.9025
137
0297	0.1403	0.9833	0.3923	0.9020	0.1200s	0.3577	0.9030	0.8982
138
0298	0.1291	0.9917	0.3943	0.8960	0.1157s	0.3620	0.9050	0.9001
139
0299	0.1372	0.9917	0.3977	0.8920	0.1204s	0.3660	0.9060	0.9011
140
0300	0.1267	0.9833	0.3981	0.8920	0.1055s	0.3667	0.9010	0.8956
141
0301	0.1438	0.9833	0.3973	0.8900	0.1215s	0.3669	0.9010	0.8955
142
0302	0.1388	0.9917	0.3950	0.8960	0.1047s	0.3661	0.8990	0.8937
143
0303	0.1449	0.9917	0.3929	0.8980	0.1046s	0.3656	0.9010	0.8958
144
0304	0.1489	0.9750	0.3880	0.9000	0.1130s	0.3621	0.9020	0.8971
145
0305	0.1346	0.9750	0.3859	0.9020	0.1221s	0.3609	0.9030	0.8984
146
0306	0.1266	0.9833	0.3881	0.9020	0.1221s	0.3646	0.8990	0.8941
147
0307	0.1504	1.0000	0.3901	0.9000	0.1225s	0.3678	0.9020	0.8970
148
0308	0.1420	0.9750	0.3887	0.8960	0.1072s	0.3678	0.9000	0.8947
149
0309	0.1498	0.9583	0.3865	0.9000	0.1198s	0.3664	0.8990	0.8936
150
0310	0.1405	0.9833	0.3842	0.8940	0.1203s	0.3648	0.9010	0.8956
151
0311	0.1332	0.9667	0.3803	0.8940	0.1226s	0.3611	0.9040	0.8992
152
0312	0.1373	0.9750	0.3755	0.9000	0.1227s	0.3546	0.9100	0.9056
153
0313	0.1454	0.9750	0.3736	0.9060	0.1217s	0.3522	0.9090	0.9045
154
0314	0.1325	0.9917	0.3740	0.9060	0.1222s	0.3534	0.9070	0.9023
155
0315	0.1331	1.0000	0.3755	0.9020	0.1219s	0.3562	0.9050	0.9003
156
0316	0.1222	0.9917	0.3789	0.9000	0.1221s	0.3603	0.9060	0.9012
157
0317	0.1267	0.9833	0.3846	0.9000	0.1046s	0.3658	0.9050	0.8996
158
0318	0.1313	0.9750	0.3887	0.9000	0.1221s	0.3701	0.9040	0.8988
159
0319	0.1441	0.9833	0.3889	0.9000	0.1224s	0.3702	0.9040	0.8990
160
0320	0.1582	0.9917	0.3838	0.9040	0.1050s	0.3651	0.9050	0.9002
161
0321	0.1346	0.9917	0.3793	0.9020	0.1224s	0.3603	0.9090	0.9044
162
0322	0.1450	0.9750	0.3749	0.8980	0.1221s	0.3557	0.9090	0.9045
163
0323	0.1229	0.9667	0.3721	0.9060	0.1221s	0.3535	0.9060	0.9012
164
0324	0.1351	1.0000	0.3702	0.9100	0.1237s	0.3529	0.9110	0.9067
165
0325	0.1413	0.9750	0.3692	0.9120	0.1202s	0.3536	0.9120	0.9079
166
0326	0.1248	0.9917	0.3714	0.9080	0.1223s	0.3560	0.9120	0.9078
0
0327	0.1254	0.9833	0.3795	0.9000	0.1217s	0.3639	0.9040	0.8990
1
0328	0.1303	0.9833	0.3886	0.8980	0.1221s	0.3724	0.9010	0.8951
2
0329	0.1404	0.9917	0.3954	0.8920	0.1200s	0.3785	0.8970	0.8907
3
0330	0.1336	0.9833	0.3953	0.8920	0.1219s	0.3787	0.8990	0.8926
4
0331	0.1399	0.9833	0.3918	0.8960	0.1226s	0.3757	0.8970	0.8909
5
0332	0.1261	1.0000	0.3878	0.8920	0.1224s	0.3716	0.8980	0.8923
6
0333	0.1396	0.9833	0.3830	0.8960	0.1225s	0.3663	0.9040	0.8994
7
0334	0.1236	1.0000	0.3774	0.9040	0.1224s	0.3597	0.9040	0.8991
8
0335	0.1305	0.9833	0.3745	0.9020	0.1225s	0.3534	0.9050	0.9000
9
0336	0.1204	0.9750	0.3742	0.9020	0.1230s	0.3506	0.9080	0.9033
10
0337	0.1545	0.9917	0.3743	0.9000	0.1223s	0.3496	0.9070	0.9020
11
0338	0.1375	1.0000	0.3775	0.8960	0.1218s	0.3524	0.9050	0.8999
12
0339	0.1440	0.9833	0.3802	0.8980	0.1221s	0.3544	0.9060	0.9011
13
0340	0.1318	0.9833	0.3798	0.8980	0.1220s	0.3528	0.9050	0.9001
14
0341	0.1463	0.9500	0.3778	0.8980	0.1220s	0.3489	0.9060	0.9012
15
0342	0.1490	0.9750	0.3783	0.8980	0.1222s	0.3475	0.9070	0.9022
16
0343	0.1401	0.9500	0.3823	0.8960	0.1220s	0.3498	0.9080	0.9029
17
0344	0.1257	0.9917	0.3884	0.8940	0.1220s	0.3553	0.9110	0.9063
18
0345	0.1349	0.9833	0.3959	0.8960	0.1223s	0.3632	0.9100	0.9051
19
0346	0.1319	0.9917	0.3995	0.8980	0.1221s	0.3652	0.9080	0.9027
20
0347	0.1365	0.9917	0.4020	0.8980	0.1225s	0.3667	0.9040	0.8983
21
0348	0.1487	0.9833	0.3984	0.9000	0.1237s	0.3614	0.9030	0.8970
22
0349	0.1268	0.9917	0.3951	0.9020	0.1225s	0.3553	0.9040	0.8986
23
0350	0.1251	0.9833	0.3961	0.9020	0.1209s	0.3534	0.9030	0.8978
24
0351	0.1320	0.9833	0.3976	0.9040	0.1227s	0.3525	0.9000	0.8949
25
0352	0.1307	1.0000	0.3963	0.9040	0.1209s	0.3500	0.9020	0.8968
26
0353	0.1348	0.9583	0.3921	0.9020	0.1045s	0.3466	0.9050	0.9001
27
0354	0.1283	0.9667	0.3928	0.9000	0.1181s	0.3499	0.9070	0.9017
28
0355	0.1145	1.0000	0.3986	0.8960	0.1225s	0.3573	0.9080	0.9023
29
0356	0.1203	0.9917	0.4074	0.8920	0.1224s	0.3667	0.9080	0.9024
30
0357	0.1142	0.9917	0.4145	0.8920	0.1215s	0.3725	0.9010	0.8948
31
0358	0.1262	0.9917	0.4176	0.8860	0.1042s	0.3733	0.9020	0.8959
32
0359	0.1477	0.9917	0.4102	0.8940	0.1216s	0.3658	0.9030	0.8969
33
0360	0.1339	0.9667	0.4004	0.9020	0.1232s	0.3562	0.9040	0.8984
34
0361	0.1205	0.9750	0.3942	0.9040	0.1047s	0.3505	0.9050	0.8998
35
0362	0.1298	0.9917	0.3901	0.9020	0.1221s	0.3485	0.9060	0.9011
36
0363	0.1223	0.9917	0.3896	0.9020	0.1224s	0.3512	0.9040	0.8991
37
0364	0.1167	0.9833	0.3948	0.9000	0.1225s	0.3577	0.9070	0.9020
38
0365	0.1267	1.0000	0.4022	0.8960	0.1213s	0.3658	0.9030	0.8977
39
0366	0.1202	1.0000	0.4069	0.8940	0.1213s	0.3688	0.8970	0.8911
40
0367	0.1245	0.9833	0.4045	0.8940	0.1223s	0.3659	0.8990	0.8930
41
0368	0.1009	1.0000	0.4010	0.9000	0.1223s	0.3622	0.9010	0.8955
42
0369	0.1393	1.0000	0.3973	0.8980	0.1225s	0.3585	0.9050	0.8996
43
0370	0.1435	0.9833	0.3898	0.9020	0.1223s	0.3509	0.9070	0.9015
44
0371	0.1376	0.9833	0.3891	0.9020	0.1223s	0.3511	0.9100	0.9048
45
0372	0.1373	0.9667	0.3928	0.9020	0.1233s	0.3551	0.9100	0.9045
46
0373	0.1457	0.9917	0.3963	0.9000	0.1203s	0.3599	0.9050	0.8990
47
0374	0.1203	0.9917	0.3952	0.8980	0.1219s	0.3593	0.9060	0.9001
48
0375	0.1453	0.9833	0.3925	0.9000	0.1218s	0.3557	0.9070	0.9011
49
0376	0.1192	0.9750	0.3910	0.8980	0.1231s	0.3521	0.9100	0.9052
50
0377	0.1331	0.9750	0.3918	0.8960	0.1218s	0.3511	0.9090	0.9048
51
0378	0.1381	0.9750	0.3900	0.8980	0.1199s	0.3477	0.9100	0.9060
52
0379	0.1292	1.0000	0.3868	0.9020	0.1201s	0.3428	0.9070	0.9024
53
0380	0.1146	0.9917	0.3852	0.9060	0.1217s	0.3400	0.9070	0.9022
54
0381	0.1386	0.9750	0.3879	0.9020	0.1222s	0.3434	0.9130	0.9081
55
0382	0.1306	0.9833	0.3919	0.9040	0.1201s	0.3477	0.9100	0.9052
56
0383	0.1456	0.9833	0.3910	0.8980	0.1045s	0.3467	0.9090	0.9045
57
0384	0.1317	0.9500	0.3889	0.8980	0.1217s	0.3459	0.9130	0.9084
58
0385	0.1355	0.9833	0.3839	0.9000	0.1221s	0.3428	0.9130	0.9083
59
0386	0.1233	1.0000	0.3802	0.9000	0.1045s	0.3406	0.9140	0.9094
60
0387	0.1454	0.9750	0.3770	0.9040	0.1219s	0.3395	0.9110	0.9065
61
0388	0.1519	0.9667	0.3714	0.9060	0.1225s	0.3339	0.9080	0.9033
62
0389	0.1482	0.9917	0.3690	0.9040	0.1219s	0.3300	0.9140	0.9092
63
0390	0.1404	0.9833	0.3689	0.9040	0.1221s	0.3298	0.9140	0.9092
64
0391	0.1174	0.9750	0.3716	0.9040	0.1224s	0.3329	0.9140	0.9092
65
0392	0.1295	0.9833	0.3769	0.9020	0.1221s	0.3382	0.9150	0.9101
66
0393	0.1316	0.9833	0.3828	0.9020	0.1224s	0.3436	0.9090	0.9039
67
0394	0.1127	0.9750	0.3865	0.9000	0.1223s	0.3477	0.9090	0.9040
68
0395	0.1708	0.9667	0.3811	0.9020	0.1207s	0.3422	0.9090	0.9040
69
0396	0.1283	0.9917	0.3729	0.9000	0.1261s	0.3351	0.9130	0.9081
70
0397	0.1239	0.9833	0.3678	0.9040	0.1218s	0.3310	0.9140	0.9095
71
0398	0.1382	0.9917	0.3669	0.9040	0.1058s	0.3312	0.9140	0.9094
72
0399	0.1273	1.0000	0.3681	0.8980	0.1215s	0.3330	0.9140	0.9094
73
0400	0.1528	0.9667	0.3711	0.9020	0.1046s	0.3368	0.9130	0.9082
74
0401	0.1301	0.9833	0.3758	0.8980	0.1220s	0.3420	0.9110	0.9057
75
0402	0.1273	0.9833	0.3818	0.8960	0.1224s	0.3474	0.9090	0.9031
76
0403	0.1261	1.0000	0.3809	0.8980	0.1217s	0.3466	0.9080	0.9022
77
0404	0.1447	0.9833	0.3799	0.8980	0.1227s	0.3458	0.9070	0.9013
78
0405	0.1167	0.9917	0.3803	0.8960	0.1224s	0.3470	0.9090	0.9034
79
0406	0.1218	1.0000	0.3793	0.8960	0.1228s	0.3461	0.9070	0.9014
80
0407	0.1347	0.9833	0.3754	0.8980	0.1229s	0.3432	0.9080	0.9027
81
0408	0.1220	0.9833	0.3734	0.8960	0.1224s	0.3415	0.9100	0.9051
82
0409	0.1199	0.9917	0.3744	0.8960	0.1224s	0.3425	0.9110	0.9061
83
0410	0.1082	0.9917	0.3751	0.8960	0.1046s	0.3435	0.9090	0.9037
84
0411	0.1158	1.0000	0.3758	0.9000	0.1192s	0.3437	0.9090	0.9037
85
0412	0.1207	1.0000	0.3767	0.8980	0.1239s	0.3435	0.9100	0.9051
86
0413	0.1350	0.9667	0.3789	0.9000	0.1202s	0.3450	0.9110	0.9060
87
0414	0.1472	0.9667	0.3823	0.9000	0.1222s	0.3477	0.9140	0.9090
88
0415	0.1336	0.9667	0.3849	0.9000	0.1221s	0.3496	0.9080	0.9024
89
0416	0.1372	0.9667	0.3828	0.8960	0.1232s	0.3479	0.9080	0.9026
90
0417	0.1548	0.9667	0.3804	0.8980	0.1225s	0.3452	0.9070	0.9016
91
0418	0.1378	0.9833	0.3810	0.8940	0.1220s	0.3461	0.9090	0.9040
92
0419	0.1324	0.9917	0.3831	0.8960	0.1226s	0.3483	0.9100	0.9050
93
0420	0.1184	0.9667	0.3841	0.8960	0.1224s	0.3491	0.9040	0.8997
94
0421	0.1428	0.9667	0.3815	0.9000	0.1216s	0.3470	0.9070	0.9025
95
0422	0.1543	0.9833	0.3782	0.9040	0.1221s	0.3435	0.9060	0.9009
96
0423	0.1159	0.9833	0.3762	0.9020	0.1216s	0.3427	0.9050	0.8998
97
0424	0.1348	0.9833	0.3752	0.9020	0.1217s	0.3435	0.9040	0.8988
98
0425	0.1154	0.9917	0.3751	0.9000	0.1219s	0.3446	0.9070	0.9017
99
0426	0.1227	0.9917	0.3734	0.8980	0.1210s	0.3443	0.9060	0.9005
100
0427	0.1370	0.9917	0.3710	0.9000	0.1203s	0.3430	0.9130	0.9082
101
0428	0.1202	0.9750	0.3671	0.9040	0.1217s	0.3401	0.9120	0.9073
102
0429	0.1287	0.9917	0.3638	0.9020	0.1218s	0.3366	0.9100	0.9053
103
0430	0.1270	0.9667	0.3629	0.9040	0.1221s	0.3350	0.9080	0.9031
104
0431	0.1263	0.9833	0.3655	0.9060	0.1194s	0.3370	0.9080	0.9035
105
0432	0.1196	0.9833	0.3700	0.9040	0.1191s	0.3414	0.9100	0.9049
106
0433	0.1467	0.9833	0.3715	0.8980	0.1221s	0.3443	0.9090	0.9033
107
0434	0.1384	0.9750	0.3702	0.8980	0.1225s	0.3434	0.9090	0.9034
108
0435	0.1285	0.9750	0.3711	0.9000	0.1230s	0.3452	0.9080	0.9025
109
0436	0.1297	0.9833	0.3768	0.9020	0.1221s	0.3520	0.9060	0.9000
110
0437	0.1243	0.9750	0.3758	0.9020	0.1228s	0.3525	0.9080	0.9025
111
0438	0.1229	0.9833	0.3713	0.9020	0.1206s	0.3489	0.9080	0.9024
112
0439	0.1115	0.9917	0.3672	0.9040	0.1220s	0.3443	0.9110	0.9061
113
0440	0.1245	0.9750	0.3647	0.9040	0.1222s	0.3418	0.9100	0.9054
114
0441	0.1320	0.9833	0.3645	0.9060	0.1070s	0.3424	0.9090	0.9041
115
0442	0.1253	1.0000	0.3662	0.9060	0.1217s	0.3447	0.9110	0.9060
116
0443	0.1459	0.9833	0.3702	0.9060	0.1228s	0.3493	0.9090	0.9037
117
0444	0.1205	0.9917	0.3768	0.8960	0.1219s	0.3551	0.9100	0.9049
118
0445	0.1211	0.9917	0.3832	0.8920	0.1220s	0.3605	0.9100	0.9046
119
0446	0.1261	0.9667	0.3865	0.8900	0.1224s	0.3628	0.9120	0.9063
120
0447	0.1458	0.9917	0.3833	0.8940	0.1222s	0.3584	0.9100	0.9044
121
0448	0.1276	0.9917	0.3807	0.8940	0.1223s	0.3538	0.9090	0.9034
122
0449	0.1314	0.9917	0.3825	0.8960	0.1170s	0.3530	0.9070	0.9011
123
0450	0.1356	0.9917	0.3835	0.8940	0.1222s	0.3520	0.9080	0.9024
124
0451	0.1257	0.9833	0.3809	0.8980	0.1223s	0.3483	0.9060	0.9004
125
0452	0.1176	0.9917	0.3794	0.9000	0.1063s	0.3463	0.9060	0.9006
126
0453	0.1205	0.9750	0.3774	0.9040	0.1217s	0.3448	0.9060	0.9006
127
0454	0.1452	0.9917	0.3767	0.9040	0.1221s	0.3460	0.9070	0.9017
128
0455	0.1304	0.9583	0.3779	0.9060	0.1219s	0.3468	0.9090	0.9039
129
0456	0.1103	0.9750	0.3820	0.9020	0.1220s	0.3501	0.9100	0.9050
130
0457	0.1361	0.9917	0.3905	0.8920	0.1226s	0.3570	0.9040	0.8984
131
0458	0.1327	0.9833	0.3952	0.8960	0.1221s	0.3605	0.9050	0.8993
132
0459	0.1346	0.9917	0.3929	0.8960	0.1210s	0.3559	0.9030	0.8972
133
0460	0.1343	0.9667	0.3879	0.8980	0.1221s	0.3475	0.9040	0.8984
134
0461	0.1209	0.9833	0.3877	0.8980	0.1202s	0.3442	0.9040	0.8983
135
0462	0.1301	0.9917	0.3848	0.8980	0.1053s	0.3393	0.9030	0.8974
136
0463	0.1096	1.0000	0.3831	0.8960	0.1213s	0.3373	0.9060	0.9007
137
0464	0.1156	0.9917	0.3842	0.9000	0.1223s	0.3390	0.9050	0.8998
138
0465	0.1216	0.9833	0.3859	0.9000	0.1220s	0.3412	0.9050	0.8997
139
0466	0.1164	1.0000	0.3883	0.9000	0.1219s	0.3431	0.9060	0.9006
140
0467	0.1611	0.9833	0.3922	0.8960	0.1224s	0.3466	0.9060	0.9004
141
0468	0.1345	0.9917	0.3911	0.8960	0.1220s	0.3448	0.9040	0.8986
142
0469	0.1355	0.9667	0.3857	0.9020	0.1047s	0.3399	0.9060	0.9009
143
0470	0.1186	0.9917	0.3813	0.9000	0.1201s	0.3355	0.9070	0.9019
144
0471	0.1262	1.0000	0.3818	0.9000	0.1223s	0.3354	0.9070	0.9020
145
0472	0.1377	0.9417	0.3821	0.9040	0.1210s	0.3366	0.9050	0.8996
146
0473	0.1560	0.9833	0.3831	0.9040	0.1236s	0.3389	0.9070	0.9018
147
0474	0.1474	0.9667	0.3850	0.8980	0.1204s	0.3435	0.9090	0.9037
148
0475	0.1344	0.9833	0.3899	0.8920	0.1222s	0.3496	0.9060	0.9004
149
0476	0.1166	0.9750	0.3949	0.8920	0.1217s	0.3561	0.9040	0.8981
150
0477	0.1316	1.0000	0.3967	0.8960	0.1103s	0.3581	0.9050	0.8992
151
0478	0.1342	0.9917	0.3924	0.9000	0.1192s	0.3535	0.9030	0.8975
152
0479	0.1187	0.9833	0.3876	0.9000	0.1210s	0.3483	0.9040	0.8984
153
0480	0.1339	0.9833	0.3848	0.9000	0.1222s	0.3463	0.9010	0.8952
154
0481	0.1615	0.9750	0.3810	0.9040	0.1223s	0.3435	0.9030	0.8974
155
0482	0.1537	0.9833	0.3763	0.9020	0.1077s	0.3416	0.9060	0.9006
156
0483	0.1289	0.9667	0.3750	0.9060	0.1222s	0.3434	0.9050	0.8994
157
0484	0.1259	0.9917	0.3780	0.8980	0.1218s	0.3484	0.9030	0.8970
158
0485	0.1299	0.9750	0.3807	0.9000	0.1218s	0.3525	0.9020	0.8960
159
0486	0.1302	0.9750	0.3830	0.8960	0.1224s	0.3559	0.9050	0.8996
160
0487	0.1160	0.9667	0.3859	0.8960	0.1222s	0.3593	0.9070	0.9013
161
0488	0.1342	0.9583	0.3881	0.8960	0.1219s	0.3618	0.9050	0.8992
162
0489	0.1411	1.0000	0.3921	0.8920	0.1225s	0.3650	0.9020	0.8959
163
0490	0.1101	0.9833	0.3948	0.8920	0.1220s	0.3650	0.8970	0.8904
164
0491	0.1488	0.9750	0.3931	0.8940	0.1217s	0.3608	0.8960	0.8900
165
0492	0.1317	0.9833	0.3919	0.8920	0.1262s	0.3585	0.8970	0.8915
166
0493	0.1449	0.9833	0.3842	0.8920	0.1218s	0.3511	0.9010	0.8958
167
0494	0.1494	0.9833	0.3771	0.9020	0.1217s	0.3461	0.9050	0.8998
168
0495	0.1410	0.9667	0.3737	0.9040	0.1222s	0.3454	0.9080	0.9028
169
0496	0.1180	0.9833	0.3764	0.9020	0.1216s	0.3513	0.9060	0.9005
170
0497	0.1105	0.9917	0.3860	0.8940	0.1224s	0.3634	0.9060	0.8999
171
0498	0.1293	0.9667	0.3981	0.8920	0.1220s	0.3764	0.9020	0.8955
172
0499	0.1306	0.9750	0.4023	0.8940	0.1213s	0.3809	0.9010	0.8945
173
0500	0.1322	0.9583	0.3995	0.8940	0.1058s	0.3782	0.9030	0.8964
174
0501	0.1229	0.9917	0.3959	0.8900	0.1077s	0.3745	0.9000	0.8937
175
0502	0.1305	0.9750	0.3881	0.8980	0.1213s	0.3663	0.8990	0.8932
176
0503	0.1382	0.9667	0.3805	0.9000	0.1221s	0.3572	0.9020	0.8965
177
0504	0.1428	0.9750	0.3761	0.9040	0.1224s	0.3514	0.9080	0.9029
178
0505	0.1356	0.9667	0.3733	0.9060	0.1222s	0.3494	0.9070	0.9024
179
0506	0.1317	1.0000	0.3728	0.9060	0.1048s	0.3495	0.9070	0.9020
180
0507	0.1080	0.9917	0.3740	0.9040	0.1220s	0.3510	0.9060	0.9004
181
0508	0.1208	0.9833	0.3807	0.8980	0.1223s	0.3563	0.9080	0.9022
182
0509	0.1364	0.9417	0.3867	0.8940	0.1045s	0.3606	0.9050	0.8992
183
0510	0.1303	0.9750	0.3955	0.8920	0.1045s	0.3672	0.8980	0.8916
184
0511	0.1192	0.9833	0.3982	0.8940	0.1199s	0.3683	0.8960	0.8894
185
0512	0.1365	0.9667	0.3880	0.8960	0.1211s	0.3578	0.9000	0.8937
186
0513	0.1353	0.9833	0.3843	0.8960	0.1218s	0.3534	0.9000	0.8938
187
0514	0.1247	0.9750	0.3796	0.9020	0.1214s	0.3489	0.9030	0.8974
188
0515	0.1338	0.9917	0.3766	0.9040	0.1217s	0.3467	0.9020	0.8965
189
0516	0.1389	0.9583	0.3746	0.9000	0.1050s	0.3471	0.9030	0.8973
190
0517	0.1285	0.9917	0.3766	0.9000	0.1219s	0.3517	0.9020	0.8965
191
0518	0.1433	0.9667	0.3780	0.9000	0.1219s	0.3531	0.9030	0.8974
192
0519	0.1218	0.9667	0.3808	0.9000	0.1219s	0.3551	0.9030	0.8972
193
0520	0.1311	0.9833	0.3801	0.9040	0.1230s	0.3532	0.9030	0.8974
194
0521	0.1423	0.9833	0.3783	0.9060	0.1218s	0.3499	0.9050	0.8994
195
0522	0.1225	0.9917	0.3810	0.9020	0.1220s	0.3510	0.9030	0.8971
196
0523	0.1392	1.0000	0.3863	0.9020	0.1211s	0.3548	0.9030	0.8971
197
0524	0.1181	0.9750	0.3906	0.8980	0.1210s	0.3579	0.8990	0.8927
198
0525	0.1382	0.9917	0.3953	0.8960	0.1219s	0.3610	0.9020	0.8953
199
Early stop! Min loss:0.35834091901779175,  Max accuracy:0.912
Early stop model validation loss:0.35834091901779175,  accuracy:0.91
Optimization Finished!
Total time elapsed: 64.0179s
test max acc:0.9150
Loading 157th epoch
stru_node_to_hop attention:tensor([[0.2514, 0.2507, 0.2491, 0.2488],
        [0.2496, 0.2501, 0.2501, 0.2501],
        [0.2472, 0.2516, 0.2507, 0.2505],
        [0.2496, 0.2507, 0.2500, 0.2498],
        [0.2480, 0.2511, 0.2505, 0.2504],
        [0.2513, 0.2503, 0.2493, 0.2491],
        [0.2497, 0.2508, 0.2498, 0.2497],
        [0.2494, 0.2505, 0.2501, 0.2500],
        [0.2496, 0.2502, 0.2501, 0.2501],
        [0.2494, 0.2504, 0.2502, 0.2500],
        [0.2498, 0.2501, 0.2501, 0.2501],
        [0.2498, 0.2500, 0.2501, 0.2501],
        [0.2500, 0.2499, 0.2500, 0.2500],
        [0.2507, 0.2502, 0.2497, 0.2494],
        [0.2514, 0.2499, 0.2494, 0.2494],
        [0.2507, 0.2505, 0.2496, 0.2492],
        [0.2487, 0.2511, 0.2502, 0.2500],
        [0.2473, 0.2521, 0.2505, 0.2501],
        [0.2501, 0.2500, 0.2500, 0.2500],
        [0.2488, 0.2510, 0.2502, 0.2500],
        [0.2501, 0.2500, 0.2499, 0.2499],
        [0.2481, 0.2510, 0.2505, 0.2504],
        [0.2494, 0.2503, 0.2502, 0.2501],
        [0.2488, 0.2508, 0.2502, 0.2502],
        [0.2499, 0.2501, 0.2500, 0.2499],
        [0.2480, 0.2511, 0.2506, 0.2504],
        [0.2498, 0.2502, 0.2500, 0.2500],
        [0.2494, 0.2503, 0.2501, 0.2501],
        [0.2505, 0.2498, 0.2499, 0.2498],
        [0.2497, 0.2503, 0.2500, 0.2500],
        [0.2462, 0.2518, 0.2511, 0.2508],
        [0.2478, 0.2510, 0.2507, 0.2505],
        [0.2491, 0.2506, 0.2502, 0.2501],
        [0.2483, 0.2508, 0.2505, 0.2504],
        [0.2492, 0.2507, 0.2502, 0.2499],
        [0.2486, 0.2509, 0.2502, 0.2503],
        [0.2498, 0.2502, 0.2500, 0.2499],
        [0.2479, 0.2506, 0.2507, 0.2508],
        [0.2502, 0.2500, 0.2499, 0.2499],
        [0.2509, 0.2502, 0.2495, 0.2494],
        [0.2495, 0.2502, 0.2502, 0.2502],
        [0.2498, 0.2506, 0.2499, 0.2497],
        [0.2494, 0.2505, 0.2501, 0.2500],
        [0.2497, 0.2502, 0.2501, 0.2500],
        [0.2473, 0.2515, 0.2508, 0.2505],
        [0.1562, 0.1939, 0.2778, 0.3722],
        [0.2498, 0.2502, 0.2501, 0.2499],
        [0.2493, 0.2506, 0.2501, 0.2500],
        [0.2488, 0.2505, 0.2504, 0.2503],
        [0.2492, 0.2505, 0.2502, 0.2501],
        [0.2493, 0.2505, 0.2501, 0.2501],
        [0.2499, 0.2500, 0.2500, 0.2501],
        [0.2500, 0.2500, 0.2500, 0.2500],
        [0.2497, 0.2503, 0.2501, 0.2500],
        [0.2491, 0.2507, 0.2502, 0.2500],
        [0.2484, 0.2509, 0.2504, 0.2504],
        [0.2491, 0.2515, 0.2499, 0.2495],
        [0.2486, 0.2505, 0.2505, 0.2504],
        [0.2485, 0.2507, 0.2505, 0.2503],
        [0.2490, 0.2509, 0.2501, 0.2499],
        [0.2482, 0.2509, 0.2505, 0.2504],
        [0.2485, 0.2508, 0.2504, 0.2503],
        [0.2500, 0.2500, 0.2500, 0.2499],
        [0.2497, 0.2496, 0.2503, 0.2504],
        [0.2501, 0.2500, 0.2500, 0.2500],
        [0.2497, 0.2497, 0.2503, 0.2503],
        [0.2485, 0.2527, 0.2497, 0.2491],
        [0.2477, 0.2503, 0.2510, 0.2511],
        [0.2500, 0.2500, 0.2500, 0.2500],
        [0.2494, 0.2504, 0.2501, 0.2500],
        [0.2483, 0.2513, 0.2503, 0.2501],
        [0.2493, 0.2501, 0.2502, 0.2503],
        [0.2491, 0.2507, 0.2502, 0.2500],
        [0.2490, 0.2514, 0.2500, 0.2496],
        [0.2501, 0.2500, 0.2500, 0.2500],
        [0.2495, 0.2504, 0.2501, 0.2500],
        [0.2507, 0.2508, 0.2495, 0.2491],
        [0.2545, 0.2472, 0.2490, 0.2493],
        [0.2499, 0.2502, 0.2500, 0.2500],
        [0.2482, 0.2505, 0.2507, 0.2507],
        [0.2501, 0.2505, 0.2499, 0.2495],
        [0.2502, 0.2506, 0.2498, 0.2495],
        [0.2517, 0.2497, 0.2494, 0.2492],
        [0.2503, 0.2499, 0.2499, 0.2499],
        [0.2497, 0.2502, 0.2500, 0.2500],
        [0.2487, 0.2505, 0.2504, 0.2504],
        [0.2490, 0.2503, 0.2503, 0.2504],
        [0.2490, 0.2505, 0.2503, 0.2502],
        [0.2500, 0.2506, 0.2498, 0.2496],
        [0.2512, 0.2499, 0.2496, 0.2494],
        [0.2485, 0.2506, 0.2505, 0.2505],
        [0.2500, 0.2500, 0.2500, 0.2500],
        [0.2501, 0.2499, 0.2500, 0.2500],
        [0.2476, 0.2512, 0.2507, 0.2505],
        [0.2479, 0.2510, 0.2506, 0.2505],
        [0.2501, 0.2500, 0.2500, 0.2500],
        [0.2502, 0.2498, 0.2500, 0.2500],
        [0.2506, 0.2496, 0.2499, 0.2499],
        [0.2503, 0.2499, 0.2500, 0.2498],
        [0.2500, 0.2504, 0.2498, 0.2497]], device='cuda:1')
fea_node_to_hop attention:tensor([[0.3320, 0.3337, 0.3344],
        [0.3334, 0.3333, 0.3334],
        [0.3314, 0.3334, 0.3351],
        [0.3325, 0.3333, 0.3342],
        [0.3356, 0.3312, 0.3332],
        [0.3304, 0.3344, 0.3351],
        [0.3287, 0.3344, 0.3369],
        [0.3326, 0.3335, 0.3338],
        [0.3317, 0.3342, 0.3341],
        [0.3320, 0.3333, 0.3346],
        [0.3332, 0.3333, 0.3335],
        [0.3323, 0.3339, 0.3338],
        [0.3332, 0.3335, 0.3333],
        [0.3329, 0.3323, 0.3348],
        [0.3302, 0.3349, 0.3349],
        [0.3304, 0.3346, 0.3350],
        [0.3286, 0.3345, 0.3369],
        [0.3301, 0.3338, 0.3361],
        [0.3342, 0.3332, 0.3326],
        [0.3282, 0.3350, 0.3369],
        [0.3339, 0.3326, 0.3335],
        [0.3289, 0.3360, 0.3352],
        [0.3322, 0.3333, 0.3345],
        [0.3314, 0.3341, 0.3345],
        [0.3325, 0.3337, 0.3338],
        [0.3267, 0.3359, 0.3374],
        [0.3327, 0.3332, 0.3341],
        [0.3306, 0.3348, 0.3346],
        [0.3309, 0.3349, 0.3342],
        [0.3352, 0.3317, 0.3331],
        [0.3271, 0.3356, 0.3374],
        [0.3296, 0.3334, 0.3369],
        [0.3316, 0.3344, 0.3341],
        [0.3297, 0.3343, 0.3360],
        [0.3329, 0.3330, 0.3341],
        [0.3270, 0.3367, 0.3363],
        [0.3330, 0.3330, 0.3340],
        [0.3334, 0.3327, 0.3339],
        [0.3339, 0.3329, 0.3332],
        [0.3275, 0.3375, 0.3349],
        [0.3313, 0.3343, 0.3343],
        [0.3293, 0.3355, 0.3352],
        [0.3310, 0.3341, 0.3349],
        [0.3330, 0.3334, 0.3336],
        [0.3297, 0.3361, 0.3342],
        [0.3186, 0.3695, 0.3119],
        [0.3320, 0.3338, 0.3343],
        [0.3309, 0.3342, 0.3350],
        [0.3304, 0.3344, 0.3351],
        [0.3314, 0.3342, 0.3344],
        [0.3331, 0.3335, 0.3335],
        [0.3340, 0.3331, 0.3329],
        [0.3332, 0.3334, 0.3334],
        [0.3288, 0.3344, 0.3368],
        [0.3341, 0.3323, 0.3336],
        [0.3309, 0.3347, 0.3344],
        [0.3323, 0.3334, 0.3342],
        [0.3299, 0.3349, 0.3352],
        [0.3342, 0.3322, 0.3336],
        [0.3340, 0.3321, 0.3339],
        [0.3297, 0.3352, 0.3351],
        [0.3286, 0.3347, 0.3367],
        [0.3324, 0.3337, 0.3339],
        [0.3347, 0.3327, 0.3327],
        [0.3331, 0.3334, 0.3335],
        [0.3319, 0.3338, 0.3344],
        [0.3300, 0.3348, 0.3352],
        [0.3320, 0.3339, 0.3341],
        [0.3336, 0.3330, 0.3334],
        [0.3314, 0.3344, 0.3342],
        [0.3299, 0.3342, 0.3359],
        [0.3319, 0.3336, 0.3345],
        [0.3292, 0.3342, 0.3366],
        [0.3307, 0.3336, 0.3357],
        [0.3335, 0.3333, 0.3332],
        [0.3316, 0.3336, 0.3348],
        [0.3309, 0.3339, 0.3352],
        [0.3278, 0.3347, 0.3374],
        [0.3315, 0.3331, 0.3353],
        [0.3282, 0.3356, 0.3362],
        [0.3321, 0.3343, 0.3336],
        [0.3310, 0.3341, 0.3349],
        [0.3314, 0.3334, 0.3352],
        [0.3338, 0.3332, 0.3330],
        [0.3322, 0.3339, 0.3339],
        [0.3304, 0.3341, 0.3356],
        [0.3316, 0.3342, 0.3341],
        [0.3325, 0.3333, 0.3342],
        [0.3323, 0.3335, 0.3342],
        [0.3285, 0.3348, 0.3367],
        [0.3284, 0.3354, 0.3363],
        [0.3333, 0.3333, 0.3333],
        [0.3328, 0.3336, 0.3336],
        [0.3276, 0.3366, 0.3358],
        [0.3295, 0.3355, 0.3350],
        [0.3334, 0.3332, 0.3334],
        [0.3339, 0.3328, 0.3333],
        [0.3295, 0.3362, 0.3343],
        [0.3348, 0.3319, 0.3334],
        [0.3319, 0.3341, 0.3341]], device='cuda:1')
perception attention:tensor([0.5000, 0.5000], device='cuda:1')
Test set results: loss= 0.3413 accuracy= 0.9020 F1_score= 0.8966
