# epoch	loss_train	acc_train	loss_val	acc_val	time	acc_test	f1_test
0001	1.8051	0.1833	1.6989	0.3280	0.6715s	1.6934	0.3400	0.2279
0
0002	1.7139	0.3250	1.5581	0.4060	0.1125s	1.5378	0.3960	0.2900
0
0003	1.5473	0.4583	1.3880	0.5120	0.1200s	1.3592	0.5340	0.4528
0
0004	1.3619	0.5583	1.1977	0.7220	0.1238s	1.1687	0.7450	0.7209
0
0005	1.1428	0.7500	1.0257	0.8520	0.1045s	0.9976	0.8580	0.8491
0
0006	0.9815	0.8333	0.8902	0.8380	0.1221s	0.8635	0.8430	0.8367
0
0007	0.8366	0.8167	0.7706	0.8520	0.1218s	0.7414	0.8560	0.8492
0
0008	0.7076	0.8167	0.6714	0.8720	0.1226s	0.6361	0.8770	0.8693
0
0009	0.5833	0.8583	0.6007	0.8740	0.1219s	0.5601	0.8790	0.8714
0
0010	0.5158	0.9333	0.5441	0.8800	0.1216s	0.5003	0.8870	0.8797
0
0011	0.4394	0.9333	0.4999	0.8840	0.1223s	0.4550	0.8830	0.8763
0
0012	0.4038	0.9583	0.4725	0.8760	0.1221s	0.4283	0.8780	0.8713
0
0013	0.3687	0.9417	0.4449	0.8680	0.1221s	0.4030	0.8770	0.8706
0
0014	0.3103	0.9333	0.4171	0.8860	0.1224s	0.3793	0.8870	0.8799
0
0015	0.2876	0.9417	0.3997	0.8880	0.1059s	0.3643	0.8940	0.8883
0
0016	0.2627	0.9750	0.3909	0.8860	0.1222s	0.3584	0.8960	0.8906
0
0017	0.2539	0.9333	0.3861	0.8880	0.1044s	0.3569	0.8910	0.8848
0
0018	0.2265	0.9333	0.3890	0.8860	0.1215s	0.3607	0.8890	0.8823
0
0019	0.2430	0.9333	0.3952	0.8880	0.1231s	0.3657	0.8910	0.8834
1
0020	0.2120	0.9833	0.3939	0.8920	0.1215s	0.3633	0.8870	0.8794
0
0021	0.1821	0.9667	0.3874	0.8940	0.1222s	0.3571	0.8890	0.8818
0
0022	0.1914	0.9750	0.3875	0.8940	0.1218s	0.3571	0.8910	0.8845
0
0023	0.1907	0.9750	0.3907	0.8940	0.1230s	0.3606	0.8880	0.8808
0
0024	0.2032	0.9500	0.3981	0.8880	0.1216s	0.3684	0.8890	0.8819
0
0025	0.1952	0.9667	0.4074	0.8840	0.1043s	0.3785	0.8850	0.8773
1
0026	0.1657	0.9833	0.4133	0.8840	0.1218s	0.3848	0.8880	0.8803
2
0027	0.1836	0.9750	0.4151	0.8840	0.1230s	0.3865	0.8890	0.8815
3
0028	0.1550	0.9667	0.4175	0.8800	0.1222s	0.3893	0.8900	0.8824
4
0029	0.1727	0.9833	0.4134	0.8840	0.1225s	0.3853	0.8900	0.8826
5
0030	0.1674	0.9667	0.4098	0.8840	0.1220s	0.3821	0.8910	0.8840
6
0031	0.1592	0.9750	0.4073	0.8820	0.1255s	0.3798	0.8910	0.8842
7
0032	0.2128	0.9750	0.4097	0.8840	0.1222s	0.3822	0.8920	0.8851
8
0033	0.1471	1.0000	0.4114	0.8840	0.1219s	0.3839	0.8930	0.8861
9
0034	0.1705	0.9833	0.4085	0.8900	0.1222s	0.3810	0.8940	0.8872
10
0035	0.1652	0.9667	0.4078	0.8900	0.1233s	0.3798	0.8900	0.8832
11
0036	0.1350	0.9833	0.4112	0.8860	0.1217s	0.3822	0.8890	0.8819
12
0037	0.1486	0.9667	0.4132	0.8860	0.1219s	0.3844	0.8900	0.8829
13
0038	0.1675	0.9750	0.4184	0.8820	0.1218s	0.3894	0.8890	0.8814
14
0039	0.1443	0.9833	0.4277	0.8820	0.1241s	0.3983	0.8880	0.8804
15
0040	0.1540	0.9917	0.4299	0.8800	0.1212s	0.4009	0.8860	0.8786
16
0041	0.1420	0.9833	0.4305	0.8800	0.1214s	0.4027	0.8870	0.8799
17
0042	0.1894	0.9333	0.4156	0.8800	0.1224s	0.3914	0.8890	0.8819
18
0043	0.1794	0.9583	0.4017	0.8940	0.1227s	0.3805	0.8920	0.8855
19
0044	0.1678	0.9583	0.3947	0.8840	0.1232s	0.3755	0.8900	0.8839
0
0045	0.1390	1.0000	0.3947	0.8860	0.1216s	0.3765	0.8910	0.8851
1
0046	0.1592	0.9833	0.3957	0.8900	0.1220s	0.3783	0.8900	0.8843
2
0047	0.1518	0.9750	0.3959	0.8940	0.1221s	0.3780	0.8930	0.8871
3
0048	0.1582	0.9667	0.4015	0.8860	0.1222s	0.3819	0.8880	0.8808
0
0049	0.1680	0.9833	0.4126	0.8800	0.1218s	0.3904	0.8830	0.8752
1
0050	0.1810	0.9583	0.4165	0.8780	0.1221s	0.3921	0.8790	0.8706
2
0051	0.1593	0.9583	0.4105	0.8920	0.1220s	0.3847	0.8870	0.8799
3
0052	0.1613	0.9750	0.3974	0.8920	0.1223s	0.3716	0.8920	0.8852
4
0053	0.1679	0.9500	0.3885	0.8880	0.1226s	0.3632	0.8970	0.8913
5
0054	0.1730	0.9750	0.3859	0.8900	0.1218s	0.3608	0.8980	0.8929
6
0055	0.1495	0.9750	0.3835	0.8920	0.1213s	0.3586	0.8950	0.8894
0
0056	0.1575	0.9667	0.3846	0.8920	0.1220s	0.3607	0.8960	0.8901
0
0057	0.1482	0.9583	0.3916	0.8920	0.1238s	0.3677	0.8940	0.8879
1
0058	0.1603	0.9583	0.4055	0.8900	0.1218s	0.3788	0.8850	0.8779
2
0059	0.1406	0.9917	0.4144	0.8800	0.1216s	0.3842	0.8830	0.8752
3
0060	0.1383	0.9917	0.4155	0.8800	0.1217s	0.3825	0.8840	0.8767
4
0061	0.1534	0.9833	0.4049	0.8840	0.1215s	0.3695	0.8880	0.8812
5
0062	0.1517	0.9833	0.3948	0.8980	0.1220s	0.3562	0.8910	0.8847
6
0063	0.1537	0.9833	0.3904	0.9020	0.1218s	0.3483	0.8990	0.8937
0
0064	0.1742	0.9667	0.3853	0.9000	0.1218s	0.3445	0.9000	0.8950
0
0065	0.1631	0.9833	0.3815	0.9020	0.1219s	0.3429	0.9020	0.8974
1
0066	0.1656	0.9667	0.3829	0.9020	0.1231s	0.3470	0.9070	0.9021
0
0067	0.1391	1.0000	0.3869	0.8980	0.1239s	0.3530	0.9020	0.8963
0
0068	0.1485	0.9667	0.3941	0.8900	0.1217s	0.3610	0.8970	0.8908
1
0069	0.1657	0.9583	0.3986	0.8860	0.1226s	0.3634	0.8930	0.8860
2
0070	0.1511	0.9917	0.4027	0.8860	0.1218s	0.3648	0.8930	0.8864
3
0071	0.1480	0.9667	0.4063	0.8860	0.1226s	0.3642	0.8940	0.8875
4
0072	0.1447	0.9833	0.4097	0.8960	0.1222s	0.3650	0.8880	0.8816
5
0073	0.1363	0.9917	0.4019	0.8940	0.1217s	0.3582	0.8900	0.8837
6
0074	0.1633	0.9667	0.3852	0.8960	0.1221s	0.3445	0.8980	0.8924
7
0075	0.1413	0.9917	0.3778	0.9000	0.1217s	0.3405	0.9030	0.8979
8
0076	0.1407	0.9750	0.3744	0.9020	0.1214s	0.3399	0.9070	0.9020
0
0077	0.1477	0.9833	0.3760	0.9020	0.1221s	0.3426	0.9050	0.8996
0
0078	0.1619	0.9917	0.3794	0.8940	0.1223s	0.3451	0.9030	0.8976
0
0079	0.1431	0.9750	0.3789	0.8960	0.1225s	0.3439	0.9030	0.8974
1
0080	0.1602	0.9750	0.3768	0.9000	0.1260s	0.3406	0.9070	0.9016
2
0081	0.1489	0.9833	0.3751	0.9020	0.1237s	0.3377	0.9030	0.8974
3
0082	0.1616	0.9667	0.3724	0.8980	0.1205s	0.3337	0.9030	0.8977
0
0083	0.1431	0.9833	0.3734	0.9000	0.1040s	0.3344	0.9020	0.8965
0
0084	0.1276	0.9833	0.3783	0.8980	0.1219s	0.3414	0.9000	0.8946
1
0085	0.1668	0.9750	0.3789	0.8940	0.1231s	0.3468	0.8990	0.8939
2
0086	0.1424	0.9750	0.3805	0.8920	0.1222s	0.3512	0.8970	0.8918
3
0087	0.1550	0.9667	0.3807	0.8900	0.1220s	0.3536	0.9000	0.8943
4
0088	0.1560	0.9917	0.3806	0.8920	0.1222s	0.3554	0.9020	0.8967
5
0089	0.1508	0.9583	0.3821	0.8920	0.1229s	0.3570	0.9040	0.8989
6
0090	0.1363	0.9917	0.3814	0.9000	0.1219s	0.3564	0.9100	0.9052
7
0091	0.1485	0.9667	0.3778	0.9040	0.1217s	0.3524	0.9110	0.9061
8
0092	0.1523	0.9500	0.3712	0.9060	0.1228s	0.3457	0.9080	0.9029
0
0093	0.1464	0.9750	0.3722	0.9020	0.1213s	0.3480	0.9050	0.8999
0
0094	0.1453	0.9750	0.3804	0.8960	0.1110s	0.3570	0.8980	0.8931
1
0095	0.1414	0.9750	0.3976	0.8880	0.1193s	0.3742	0.8910	0.8855
2
0096	0.1725	0.9750	0.4022	0.8880	0.1222s	0.3785	0.8890	0.8832
3
0097	0.1615	0.9667	0.3934	0.8920	0.1213s	0.3693	0.8940	0.8886
4
0098	0.1549	0.9917	0.3827	0.8940	0.1044s	0.3555	0.8970	0.8917
5
0099	0.1461	0.9667	0.3756	0.9060	0.1215s	0.3473	0.9040	0.8992
6
0100	0.1392	0.9917	0.3732	0.9040	0.1220s	0.3418	0.9070	0.9022
0
0101	0.1339	1.0000	0.3738	0.9020	0.1221s	0.3411	0.9130	0.9086
1
0102	0.1283	1.0000	0.3769	0.9060	0.1223s	0.3434	0.9140	0.9093
2
0103	0.1537	0.9833	0.3815	0.9040	0.1219s	0.3477	0.9090	0.9040
0
0104	0.1395	0.9833	0.3858	0.9020	0.1227s	0.3516	0.9030	0.8971
1
0105	0.1393	1.0000	0.3936	0.8980	0.1218s	0.3582	0.8990	0.8928
2
0106	0.1401	0.9833	0.4010	0.8940	0.1221s	0.3650	0.8940	0.8877
3
0107	0.1529	0.9833	0.4107	0.8840	0.1243s	0.3728	0.8890	0.8819
4
0108	0.1471	0.9667	0.4128	0.8880	0.1048s	0.3728	0.8880	0.8813
5
0109	0.1314	0.9917	0.4088	0.8840	0.1220s	0.3669	0.8930	0.8871
6
0110	0.1394	0.9833	0.4005	0.8880	0.1137s	0.3579	0.8940	0.8884
7
0111	0.1193	0.9917	0.3911	0.9000	0.1223s	0.3488	0.9020	0.8971
8
0112	0.1195	1.0000	0.3866	0.9000	0.1215s	0.3445	0.9080	0.9038
9
0113	0.1605	0.9500	0.3823	0.9000	0.1223s	0.3410	0.9110	0.9072
10
0114	0.1560	0.9750	0.3800	0.9060	0.1235s	0.3381	0.9060	0.9015
11
0115	0.1366	0.9750	0.3822	0.9100	0.1219s	0.3411	0.9070	0.9023
0
0116	0.1586	0.9917	0.3917	0.8980	0.1221s	0.3507	0.9010	0.8955
0
0117	0.1304	0.9917	0.4055	0.8860	0.1224s	0.3635	0.8930	0.8863
1
0118	0.1303	1.0000	0.4136	0.8820	0.1221s	0.3707	0.8910	0.8837
2
0119	0.1557	0.9750	0.4105	0.8900	0.1220s	0.3693	0.8940	0.8866
3
0120	0.1339	0.9833	0.4036	0.8920	0.1223s	0.3631	0.9030	0.8970
4
0121	0.1460	0.9833	0.3952	0.8920	0.1234s	0.3556	0.9030	0.8971
5
0122	0.1422	0.9833	0.3859	0.8960	0.1222s	0.3485	0.9020	0.8962
6
0123	0.1442	0.9667	0.3812	0.9060	0.1218s	0.3448	0.9030	0.8975
7
0124	0.1380	0.9750	0.3796	0.9120	0.1212s	0.3438	0.9080	0.9030
8
0125	0.1481	0.9583	0.3878	0.9000	0.1199s	0.3512	0.9030	0.8974
0
0126	0.1462	0.9750	0.4016	0.8900	0.1216s	0.3641	0.9000	0.8944
1
0127	0.1354	0.9917	0.4204	0.8900	0.1221s	0.3818	0.8930	0.8871
2
0128	0.1381	0.9833	0.4235	0.8820	0.1231s	0.3854	0.8930	0.8871
3
0129	0.1375	0.9667	0.4135	0.8820	0.1222s	0.3770	0.8960	0.8896
4
0130	0.1585	0.9833	0.3966	0.8900	0.1055s	0.3629	0.9020	0.8960
5
0131	0.1359	0.9750	0.3853	0.9100	0.1214s	0.3527	0.9040	0.8986
6
0132	0.1321	0.9917	0.3832	0.9060	0.1221s	0.3495	0.9050	0.9001
7
0133	0.1304	1.0000	0.3827	0.9060	0.1215s	0.3492	0.9070	0.9023
8
0134	0.1376	0.9667	0.3836	0.9060	0.1058s	0.3519	0.9060	0.9007
9
0135	0.1477	0.9583	0.3880	0.9080	0.1216s	0.3579	0.9030	0.8972
10
0136	0.1333	0.9833	0.3986	0.8860	0.1229s	0.3706	0.9000	0.8940
11
0137	0.1645	0.9667	0.4092	0.8820	0.1220s	0.3823	0.8910	0.8840
12
0138	0.1175	0.9833	0.4138	0.8800	0.1219s	0.3877	0.8910	0.8845
13
0139	0.1407	0.9917	0.4081	0.8880	0.1214s	0.3816	0.8930	0.8869
14
0140	0.1511	0.9750	0.3930	0.9000	0.1214s	0.3645	0.8990	0.8934
15
0141	0.1422	0.9750	0.3837	0.9080	0.1222s	0.3507	0.9090	0.9041
16
0142	0.1437	0.9667	0.3847	0.9120	0.1216s	0.3481	0.9150	0.9110
17
0143	0.1224	0.9750	0.3905	0.9040	0.1228s	0.3526	0.9090	0.9049
0
0144	0.1471	0.9667	0.3963	0.9040	0.1216s	0.3582	0.9080	0.9034
1
0145	0.1398	0.9917	0.4010	0.9000	0.1218s	0.3627	0.9100	0.9050
2
0146	0.1455	0.9500	0.4030	0.8920	0.1213s	0.3650	0.9000	0.8939
3
0147	0.1289	0.9917	0.4005	0.8880	0.1213s	0.3643	0.8970	0.8906
4
0148	0.1507	0.9833	0.3965	0.8860	0.1220s	0.3617	0.8970	0.8904
5
0149	0.1181	0.9917	0.3927	0.8900	0.1070s	0.3585	0.8980	0.8923
6
0150	0.1206	0.9667	0.3890	0.8920	0.1215s	0.3542	0.9020	0.8965
7
0151	0.1177	0.9833	0.3844	0.8940	0.1233s	0.3492	0.9040	0.8990
8
0152	0.1153	0.9833	0.3821	0.8960	0.1220s	0.3454	0.9080	0.9031
9
0153	0.1255	0.9917	0.3821	0.8980	0.1219s	0.3427	0.9090	0.9042
10
0154	0.1115	0.9917	0.3863	0.8980	0.1217s	0.3466	0.9070	0.9020
11
0155	0.1300	0.9750	0.3928	0.8900	0.1223s	0.3532	0.9030	0.8973
12
0156	0.1558	0.9917	0.3933	0.8920	0.1220s	0.3535	0.9030	0.8973
13
0157	0.1454	0.9833	0.3935	0.8940	0.1056s	0.3549	0.9010	0.8950
14
0158	0.1304	0.9833	0.3958	0.8960	0.1220s	0.3581	0.9020	0.8960
15
0159	0.1439	0.9750	0.3946	0.8980	0.1223s	0.3584	0.9030	0.8973
16
0160	0.1195	0.9917	0.3951	0.8940	0.1217s	0.3599	0.9030	0.8971
17
0161	0.1225	0.9833	0.4009	0.8900	0.1216s	0.3653	0.8970	0.8909
18
0162	0.1311	0.9583	0.4049	0.8860	0.1221s	0.3678	0.8970	0.8911
19
0163	0.1257	0.9917	0.4060	0.8860	0.1221s	0.3675	0.8970	0.8908
20
0164	0.1445	0.9500	0.4008	0.8860	0.1219s	0.3622	0.9000	0.8942
21
0165	0.1387	0.9917	0.3952	0.8960	0.1219s	0.3596	0.9030	0.8970
22
0166	0.1299	1.0000	0.3919	0.9020	0.1230s	0.3597	0.9080	0.9026
23
0167	0.1419	0.9833	0.3916	0.9000	0.1215s	0.3630	0.9060	0.9003
24
0168	0.1305	1.0000	0.3943	0.8940	0.1221s	0.3679	0.9050	0.8991
25
0169	0.1318	0.9750	0.3984	0.8920	0.1220s	0.3736	0.9020	0.8963
26
0170	0.1271	0.9917	0.3988	0.8960	0.1218s	0.3734	0.8980	0.8921
27
0171	0.1200	0.9750	0.3958	0.9000	0.1220s	0.3686	0.9030	0.8979
28
0172	0.1343	0.9917	0.3902	0.8980	0.1196s	0.3612	0.9050	0.8997
29
0173	0.1395	0.9583	0.3889	0.8960	0.1213s	0.3570	0.9040	0.8985
30
0174	0.1394	0.9667	0.3900	0.8900	0.1216s	0.3559	0.9010	0.8952
31
0175	0.1438	0.9583	0.3921	0.8880	0.1216s	0.3573	0.9000	0.8941
32
0176	0.1221	0.9833	0.3941	0.8860	0.1050s	0.3595	0.9000	0.8941
33
0177	0.1316	0.9667	0.3927	0.8840	0.1220s	0.3584	0.9000	0.8939
34
0178	0.1205	0.9750	0.3922	0.8880	0.1217s	0.3597	0.9010	0.8950
35
0179	0.1213	0.9750	0.3907	0.8880	0.1219s	0.3593	0.9020	0.8961
36
0180	0.1526	0.9833	0.3882	0.8960	0.1224s	0.3582	0.9030	0.8973
37
0181	0.1321	0.9667	0.3866	0.8940	0.1226s	0.3565	0.9020	0.8962
38
0182	0.1234	0.9917	0.3863	0.8940	0.1223s	0.3565	0.9020	0.8963
39
0183	0.1368	0.9833	0.3886	0.8960	0.1219s	0.3583	0.9020	0.8962
40
0184	0.1572	0.9917	0.3949	0.8920	0.1213s	0.3624	0.8990	0.8927
41
0185	0.1442	0.9833	0.3975	0.8840	0.1217s	0.3638	0.8950	0.8886
42
0186	0.1174	0.9750	0.3961	0.8840	0.1220s	0.3629	0.8930	0.8866
43
0187	0.1327	0.9750	0.3909	0.8860	0.1062s	0.3575	0.8930	0.8866
44
0188	0.1366	0.9833	0.3849	0.8940	0.1046s	0.3537	0.8980	0.8919
45
0189	0.1266	0.9917	0.3806	0.8940	0.1220s	0.3533	0.9060	0.9004
46
0190	0.1676	0.9750	0.3775	0.8980	0.1218s	0.3528	0.9070	0.9015
47
0191	0.1308	0.9750	0.3767	0.8980	0.1217s	0.3526	0.9070	0.9014
48
0192	0.1379	0.9917	0.3803	0.8980	0.1217s	0.3563	0.9020	0.8957
49
0193	0.1497	0.9667	0.3853	0.8920	0.1334s	0.3599	0.8980	0.8914
50
0194	0.1348	0.9750	0.3880	0.8940	0.1225s	0.3628	0.8970	0.8902
51
0195	0.1456	0.9667	0.3893	0.8940	0.1225s	0.3656	0.8960	0.8890
52
0196	0.1132	1.0000	0.3894	0.8920	0.1226s	0.3681	0.8960	0.8890
53
0197	0.1415	0.9750	0.3860	0.8920	0.1223s	0.3669	0.8990	0.8924
54
0198	0.1304	1.0000	0.3832	0.8900	0.1218s	0.3643	0.9010	0.8947
55
0199	0.1288	0.9833	0.3781	0.8960	0.1224s	0.3590	0.9020	0.8960
56
0200	0.1185	0.9917	0.3751	0.8980	0.1221s	0.3539	0.9000	0.8938
57
0201	0.1249	0.9833	0.3737	0.9060	0.1221s	0.3496	0.9030	0.8971
58
0202	0.1654	0.9833	0.3761	0.9040	0.1223s	0.3515	0.9000	0.8937
59
0203	0.1298	1.0000	0.3815	0.9000	0.1223s	0.3569	0.9000	0.8936
60
0204	0.1304	0.9917	0.3897	0.8960	0.1225s	0.3659	0.9030	0.8965
61
0205	0.1755	0.9583	0.3913	0.8960	0.1222s	0.3675	0.9020	0.8954
62
0206	0.1315	0.9750	0.3870	0.8960	0.1221s	0.3635	0.9000	0.8934
63
0207	0.1345	0.9917	0.3818	0.8960	0.1217s	0.3597	0.9030	0.8968
64
0208	0.1427	0.9583	0.3750	0.9020	0.1222s	0.3525	0.9030	0.8971
65
0209	0.1218	0.9833	0.3712	0.9040	0.1220s	0.3464	0.9060	0.9003
66
0210	0.1497	0.9750	0.3716	0.9060	0.1226s	0.3436	0.9070	0.9016
67
0211	0.1311	1.0000	0.3792	0.9060	0.1225s	0.3493	0.9010	0.8951
68
0212	0.1194	0.9833	0.3929	0.8960	0.1216s	0.3614	0.8940	0.8878
69
0213	0.1500	0.9750	0.4002	0.8960	0.1208s	0.3685	0.8920	0.8854
70
0214	0.1116	0.9833	0.4039	0.8920	0.1225s	0.3725	0.8930	0.8861
71
0215	0.1378	0.9917	0.4036	0.8920	0.1223s	0.3720	0.8950	0.8881
72
0216	0.1398	0.9750	0.3970	0.8960	0.1236s	0.3676	0.8950	0.8885
73
0217	0.1342	0.9833	0.3916	0.8960	0.1220s	0.3627	0.9000	0.8943
74
0218	0.1352	0.9833	0.3842	0.9040	0.1224s	0.3547	0.9020	0.8965
75
0219	0.1197	0.9917	0.3796	0.9080	0.1224s	0.3496	0.9030	0.8977
76
0220	0.1197	0.9750	0.3771	0.9060	0.1222s	0.3466	0.9080	0.9029
77
0221	0.1377	0.9667	0.3783	0.9000	0.1224s	0.3484	0.9070	0.9019
78
0222	0.1355	0.9917	0.3819	0.9020	0.1218s	0.3521	0.9040	0.8987
79
0223	0.1193	1.0000	0.3870	0.9000	0.1216s	0.3573	0.9010	0.8955
80
0224	0.1321	0.9833	0.3942	0.8980	0.1222s	0.3644	0.8980	0.8921
81
0225	0.1301	0.9667	0.3973	0.8920	0.1222s	0.3682	0.8990	0.8930
82
0226	0.1189	1.0000	0.3944	0.8940	0.1226s	0.3655	0.8980	0.8918
83
0227	0.1214	0.9917	0.3918	0.8980	0.1231s	0.3617	0.8990	0.8931
84
0228	0.1336	0.9750	0.3848	0.9100	0.1220s	0.3552	0.9020	0.8967
85
0229	0.1260	0.9917	0.3809	0.9120	0.1223s	0.3539	0.9060	0.9013
86
0230	0.1352	0.9917	0.3798	0.9100	0.1224s	0.3547	0.9060	0.9010
0
0231	0.1551	0.9583	0.3783	0.9100	0.1194s	0.3539	0.9040	0.8987
1
0232	0.1309	0.9833	0.3789	0.9100	0.1197s	0.3550	0.9020	0.8967
2
0233	0.1247	0.9917	0.3844	0.9040	0.1222s	0.3601	0.9000	0.8944
3
0234	0.1215	0.9750	0.3887	0.9020	0.1224s	0.3640	0.8990	0.8936
4
0235	0.1245	0.9917	0.3902	0.9040	0.1223s	0.3666	0.8980	0.8927
5
0236	0.1187	1.0000	0.3877	0.9000	0.1224s	0.3653	0.8990	0.8934
6
0237	0.1210	0.9917	0.3814	0.9040	0.1223s	0.3600	0.9020	0.8966
7
0238	0.1312	0.9500	0.3745	0.9060	0.1222s	0.3535	0.9020	0.8964
8
0239	0.1332	0.9917	0.3724	0.9080	0.1222s	0.3538	0.9010	0.8952
9
0240	0.1301	0.9667	0.3693	0.9080	0.1218s	0.3514	0.9030	0.8976
10
0241	0.1401	0.9917	0.3715	0.9100	0.1225s	0.3532	0.9020	0.8967
0
0242	0.1185	0.9833	0.3772	0.9100	0.1226s	0.3586	0.9010	0.8954
1
0243	0.1514	0.9500	0.3799	0.9080	0.1224s	0.3600	0.8990	0.8933
2
0244	0.1410	0.9583	0.3823	0.9080	0.1222s	0.3613	0.8950	0.8891
3
0245	0.1322	0.9833	0.3839	0.9020	0.1220s	0.3614	0.8980	0.8924
4
0246	0.1219	1.0000	0.3803	0.9020	0.1224s	0.3570	0.8970	0.8916
5
0247	0.1557	0.9667	0.3748	0.9060	0.1221s	0.3512	0.9060	0.9016
6
0248	0.1217	0.9917	0.3694	0.9040	0.1225s	0.3467	0.9110	0.9068
7
0249	0.1150	0.9917	0.3660	0.9040	0.1222s	0.3454	0.9090	0.9044
8
0250	0.1236	0.9833	0.3665	0.9040	0.1224s	0.3491	0.9070	0.9021
0
0251	0.1231	1.0000	0.3724	0.9020	0.1227s	0.3578	0.9030	0.8976
1
0252	0.1418	0.9833	0.3822	0.9060	0.1224s	0.3676	0.8970	0.8915
2
0253	0.1524	0.9833	0.3856	0.9020	0.1246s	0.3685	0.8990	0.8933
3
0254	0.1216	0.9667	0.3839	0.9000	0.1217s	0.3647	0.8960	0.8903
4
0255	0.1381	0.9833	0.3782	0.9040	0.1226s	0.3590	0.9020	0.8967
5
0256	0.1165	0.9917	0.3754	0.9000	0.1218s	0.3568	0.9020	0.8965
6
0257	0.1522	0.9833	0.3724	0.9020	0.1187s	0.3553	0.9020	0.8965
7
0258	0.1351	0.9917	0.3719	0.9060	0.1049s	0.3559	0.9000	0.8943
8
0259	0.1326	0.9917	0.3676	0.9040	0.1068s	0.3532	0.9030	0.8977
9
0260	0.1407	1.0000	0.3668	0.9060	0.1112s	0.3509	0.9070	0.9019
10
0261	0.1184	0.9833	0.3762	0.9020	0.1052s	0.3556	0.8990	0.8933
11
0262	0.1415	0.9833	0.3960	0.8960	0.1259s	0.3695	0.8950	0.8887
12
0263	0.1329	0.9750	0.4101	0.8960	0.1246s	0.3794	0.8930	0.8862
13
0264	0.1541	0.9833	0.4187	0.8900	0.1221s	0.3857	0.8870	0.8797
14
0265	0.1360	0.9750	0.4174	0.8860	0.1224s	0.3840	0.8920	0.8852
15
0266	0.1609	0.9917	0.3998	0.8940	0.1216s	0.3713	0.8980	0.8921
16
0267	0.1230	0.9917	0.3896	0.8980	0.1218s	0.3661	0.9020	0.8965
17
0268	0.1521	0.9917	0.3810	0.8920	0.1219s	0.3593	0.8970	0.8915
18
0269	0.1381	0.9917	0.3754	0.8940	0.1222s	0.3536	0.8990	0.8935
19
0270	0.1367	0.9750	0.3679	0.8960	0.1221s	0.3455	0.9010	0.8960
20
0271	0.1424	0.9583	0.3712	0.9080	0.1215s	0.3452	0.9020	0.8962
21
0272	0.1064	0.9917	0.3934	0.8940	0.1214s	0.3634	0.8910	0.8847
22
0273	0.1392	0.9417	0.4221	0.8880	0.1220s	0.3871	0.8800	0.8744
23
0274	0.1291	0.9750	0.4250	0.8840	0.1220s	0.3873	0.8800	0.8738
24
0275	0.1426	0.9667	0.4090	0.8880	0.1218s	0.3701	0.8900	0.8834
25
0276	0.1258	0.9750	0.3871	0.8960	0.1222s	0.3494	0.8950	0.8888
26
0277	0.1277	0.9917	0.3795	0.8980	0.1217s	0.3439	0.9030	0.8973
27
0278	0.1174	0.9833	0.3791	0.8960	0.1224s	0.3451	0.9020	0.8966
28
0279	0.1054	0.9833	0.3846	0.8940	0.1218s	0.3505	0.9010	0.8955
29
0280	0.1527	0.9833	0.3855	0.8940	0.1252s	0.3509	0.9020	0.8965
30
0281	0.1338	0.9833	0.3831	0.8960	0.1227s	0.3480	0.9010	0.8955
31
0282	0.1389	0.9917	0.3832	0.9000	0.1214s	0.3469	0.9010	0.8953
32
0283	0.1288	0.9750	0.3868	0.8980	0.1216s	0.3507	0.9040	0.8985
33
0284	0.1165	0.9750	0.3918	0.8900	0.1220s	0.3561	0.8960	0.8897
34
0285	0.1575	0.9917	0.3959	0.8920	0.1223s	0.3611	0.8940	0.8873
35
0286	0.1203	0.9833	0.3976	0.8900	0.1229s	0.3632	0.8970	0.8903
36
0287	0.1252	0.9833	0.3974	0.8880	0.1225s	0.3628	0.9000	0.8934
37
0288	0.1339	0.9667	0.3942	0.8920	0.1223s	0.3602	0.9020	0.8959
38
0289	0.1224	1.0000	0.3883	0.8980	0.1221s	0.3540	0.9040	0.8984
39
0290	0.1231	0.9917	0.3824	0.8960	0.1245s	0.3477	0.9050	0.9000
40
0291	0.1379	0.9917	0.3814	0.8960	0.1223s	0.3457	0.9070	0.9022
41
0292	0.1273	0.9750	0.3838	0.8980	0.1218s	0.3477	0.9050	0.8999
42
0293	0.1213	0.9833	0.3887	0.8960	0.1227s	0.3530	0.9060	0.9010
43
0294	0.1344	0.9833	0.3945	0.8920	0.1165s	0.3598	0.9040	0.8986
44
0295	0.1258	0.9833	0.3948	0.8900	0.1244s	0.3624	0.9020	0.8962
45
0296	0.1374	0.9917	0.3926	0.8920	0.1220s	0.3589	0.9050	0.8996
46
0297	0.1196	0.9750	0.3864	0.9020	0.1222s	0.3520	0.9070	0.9019
47
0298	0.1242	0.9833	0.3825	0.9020	0.1225s	0.3482	0.9070	0.9022
48
0299	0.1225	0.9833	0.3830	0.9000	0.1220s	0.3475	0.9060	0.9012
49
0300	0.1209	0.9583	0.3886	0.8980	0.1220s	0.3526	0.9080	0.9026
50
0301	0.1686	0.9917	0.3954	0.8960	0.1225s	0.3582	0.9050	0.8992
51
0302	0.1259	0.9917	0.4034	0.8960	0.1222s	0.3665	0.9030	0.8968
52
0303	0.1231	0.9750	0.4082	0.8900	0.1218s	0.3709	0.8990	0.8925
53
0304	0.1448	1.0000	0.4008	0.8920	0.1219s	0.3654	0.8990	0.8931
54
0305	0.1463	0.9917	0.3896	0.8980	0.1224s	0.3577	0.9060	0.9013
55
0306	0.1274	0.9917	0.3822	0.8980	0.1224s	0.3534	0.9090	0.9042
56
0307	0.1347	0.9917	0.3786	0.9000	0.1123s	0.3526	0.9070	0.9022
57
0308	0.1228	0.9833	0.3790	0.9020	0.1230s	0.3546	0.9050	0.9000
58
0309	0.1432	0.9833	0.3827	0.8980	0.1219s	0.3603	0.9030	0.8977
59
0310	0.1264	0.9917	0.3887	0.8980	0.1223s	0.3678	0.9010	0.8956
60
0311	0.1542	0.9667	0.3970	0.8940	0.1218s	0.3755	0.9010	0.8954
61
0312	0.1345	1.0000	0.3961	0.8980	0.1219s	0.3719	0.8980	0.8921
62
0313	0.1570	0.9667	0.3942	0.8980	0.1218s	0.3662	0.8990	0.8929
63
0314	0.1414	0.9833	0.4008	0.8960	0.1224s	0.3693	0.8960	0.8899
64
0315	0.1484	0.9667	0.4066	0.8920	0.1223s	0.3734	0.8930	0.8868
65
0316	0.1359	0.9917	0.4053	0.8940	0.1218s	0.3738	0.8920	0.8855
66
0317	0.1326	0.9750	0.3959	0.9000	0.1221s	0.3675	0.8960	0.8899
67
0318	0.1370	0.9750	0.3887	0.8960	0.1217s	0.3631	0.9030	0.8973
68
0319	0.1386	0.9833	0.3871	0.8980	0.1218s	0.3634	0.9040	0.8984
69
0320	0.1513	1.0000	0.3900	0.8960	0.1221s	0.3673	0.9020	0.8963
70
0321	0.1482	1.0000	0.3959	0.8960	0.1220s	0.3730	0.8950	0.8889
71
0322	0.1370	0.9833	0.4015	0.8960	0.1217s	0.3757	0.8960	0.8901
72
0323	0.1473	0.9750	0.3991	0.8960	0.1221s	0.3718	0.8980	0.8921
73
0324	0.1182	0.9917	0.3925	0.8980	0.1221s	0.3650	0.8980	0.8925
74
0325	0.1295	0.9583	0.3891	0.9020	0.1224s	0.3627	0.9030	0.8977
75
0326	0.1320	0.9833	0.3929	0.9040	0.1236s	0.3675	0.9030	0.8980
76
0327	0.1285	1.0000	0.3931	0.9000	0.1226s	0.3692	0.9020	0.8966
77
0328	0.1490	0.9583	0.3986	0.9000	0.1218s	0.3749	0.9010	0.8955
78
0329	0.1341	0.9833	0.4075	0.8920	0.1224s	0.3816	0.8960	0.8892
79
0330	0.1133	0.9917	0.4133	0.8900	0.1086s	0.3843	0.8940	0.8867
80
0331	0.1266	0.9750	0.4126	0.8920	0.1219s	0.3807	0.9000	0.8933
81
0332	0.1286	0.9917	0.4036	0.8960	0.1223s	0.3698	0.9030	0.8969
82
0333	0.1316	0.9833	0.3934	0.8980	0.1220s	0.3584	0.9050	0.8991
83
0334	0.1300	0.9833	0.3894	0.8980	0.1224s	0.3533	0.9070	0.9014
84
0335	0.1227	0.9833	0.3880	0.9000	0.1217s	0.3531	0.9090	0.9036
85
0336	0.1215	0.9917	0.3885	0.9020	0.1217s	0.3564	0.9070	0.9021
86
0337	0.1382	0.9667	0.3921	0.8980	0.1222s	0.3620	0.9060	0.9008
87
0338	0.1359	0.9583	0.3998	0.8980	0.1219s	0.3704	0.9030	0.8970
88
0339	0.1405	0.9833	0.4070	0.8980	0.1224s	0.3770	0.9030	0.8968
89
0340	0.1401	0.9583	0.4129	0.8980	0.1218s	0.3815	0.8990	0.8926
90
0341	0.1384	0.9667	0.4132	0.8960	0.1221s	0.3819	0.8980	0.8921
91
0342	0.1516	0.9750	0.4052	0.8940	0.1223s	0.3736	0.9000	0.8942
92
0343	0.1383	0.9833	0.3962	0.8980	0.1228s	0.3644	0.9000	0.8940
93
0344	0.1231	0.9833	0.3914	0.8980	0.1047s	0.3611	0.9000	0.8942
94
0345	0.1297	0.9917	0.3923	0.8980	0.1225s	0.3650	0.8990	0.8936
95
0346	0.1682	0.9750	0.3981	0.8960	0.1222s	0.3723	0.9010	0.8958
96
0347	0.1304	0.9750	0.3996	0.8960	0.1223s	0.3755	0.8990	0.8933
97
0348	0.1498	0.9750	0.3938	0.8960	0.1224s	0.3717	0.9020	0.8964
98
0349	0.1428	0.9917	0.3898	0.9000	0.1222s	0.3691	0.9070	0.9015
99
0350	0.1392	0.9750	0.3882	0.9020	0.1218s	0.3678	0.9060	0.9004
100
0351	0.1451	0.9833	0.3852	0.9020	0.1221s	0.3638	0.9080	0.9028
101
0352	0.1479	1.0000	0.3806	0.9080	0.1224s	0.3565	0.9080	0.9029
102
0353	0.1377	0.9833	0.3778	0.9120	0.1220s	0.3520	0.9110	0.9062
103
0354	0.1249	0.9583	0.3756	0.9120	0.1220s	0.3490	0.9120	0.9076
0
0355	0.1302	0.9917	0.3757	0.9120	0.1220s	0.3495	0.9110	0.9062
0
0356	0.1278	0.9667	0.3820	0.9040	0.1224s	0.3558	0.9050	0.8996
0
0357	0.1190	0.9917	0.3899	0.9040	0.1174s	0.3641	0.9000	0.8945
1
0358	0.1451	0.9833	0.3950	0.8980	0.1221s	0.3708	0.8970	0.8913
2
0359	0.1376	0.9583	0.3998	0.8960	0.1221s	0.3766	0.8960	0.8903
3
0360	0.1456	0.9667	0.3886	0.9000	0.1222s	0.3672	0.8970	0.8906
4
0361	0.1176	0.9833	0.3757	0.9040	0.1219s	0.3546	0.9010	0.8953
5
0362	0.1288	0.9833	0.3722	0.9020	0.1222s	0.3504	0.9030	0.8976
6
0363	0.1592	1.0000	0.3733	0.9020	0.1227s	0.3505	0.9030	0.8976
7
0364	0.1351	0.9833	0.3745	0.9020	0.1218s	0.3516	0.9040	0.8987
8
0365	0.1330	0.9667	0.3764	0.9020	0.1223s	0.3537	0.9030	0.8973
9
0366	0.1450	0.9667	0.3816	0.8980	0.1224s	0.3577	0.9040	0.8980
10
0367	0.1238	0.9833	0.3878	0.9000	0.1222s	0.3629	0.9060	0.9000
11
0368	0.1416	0.9917	0.3911	0.8980	0.1224s	0.3661	0.9060	0.9000
12
0369	0.1306	0.9833	0.3871	0.9000	0.1217s	0.3631	0.9060	0.9000
13
0370	0.1222	1.0000	0.3799	0.9000	0.1224s	0.3566	0.9060	0.9004
14
0371	0.1440	0.9917	0.3747	0.9040	0.1320s	0.3525	0.9040	0.8983
15
0372	0.1257	0.9833	0.3752	0.9060	0.1343s	0.3539	0.9040	0.8983
16
0373	0.1223	0.9833	0.3801	0.9040	0.1411s	0.3599	0.9000	0.8945
17
0374	0.1422	0.9583	0.3831	0.8980	0.1137s	0.3635	0.8990	0.8936
18
0375	0.1332	1.0000	0.3828	0.9020	0.1238s	0.3626	0.9000	0.8943
19
0376	0.1326	0.9917	0.3811	0.9020	0.1219s	0.3592	0.9020	0.8961
20
0377	0.1379	0.9833	0.3798	0.9020	0.1216s	0.3562	0.9020	0.8960
21
0378	0.1121	0.9833	0.3829	0.8980	0.1218s	0.3584	0.9040	0.8983
22
0379	0.1270	0.9583	0.3837	0.9000	0.1219s	0.3589	0.9070	0.9016
23
0380	0.1338	0.9750	0.3826	0.9000	0.1227s	0.3582	0.9080	0.9030
24
0381	0.1485	0.9750	0.3787	0.8980	0.1215s	0.3556	0.9090	0.9042
25
0382	0.1296	0.9750	0.3789	0.9020	0.1215s	0.3570	0.9060	0.9007
26
0383	0.1264	0.9750	0.3843	0.9020	0.1218s	0.3650	0.9020	0.8960
27
0384	0.1292	0.9917	0.3885	0.9020	0.1223s	0.3715	0.9010	0.8955
28
0385	0.1240	0.9917	0.3877	0.9020	0.1210s	0.3725	0.9010	0.8957
29
0386	0.1423	0.9750	0.3844	0.9020	0.1212s	0.3701	0.9040	0.8989
30
0387	0.1368	0.9833	0.3801	0.9020	0.1219s	0.3656	0.9080	0.9028
31
0388	0.1112	0.9917	0.3780	0.8980	0.1220s	0.3625	0.9080	0.9029
32
0389	0.1112	0.9833	0.3770	0.8960	0.1043s	0.3613	0.9050	0.8999
33
0390	0.1277	0.9833	0.3781	0.8980	0.1225s	0.3618	0.9100	0.9052
34
0391	0.1415	0.9833	0.3769	0.8980	0.1225s	0.3605	0.9100	0.9051
35
0392	0.1339	0.9833	0.3751	0.8980	0.1221s	0.3592	0.9090	0.9039
36
0393	0.1479	0.9833	0.3772	0.8960	0.1223s	0.3608	0.9050	0.8996
37
0394	0.1508	0.9750	0.3791	0.9020	0.1224s	0.3627	0.9040	0.8986
38
0395	0.1356	0.9833	0.3796	0.9020	0.1220s	0.3657	0.9010	0.8949
39
0396	0.1184	0.9833	0.3779	0.9020	0.1221s	0.3676	0.9040	0.8981
40
0397	0.1365	0.9833	0.3761	0.9020	0.1218s	0.3694	0.9030	0.8969
41
0398	0.1419	0.9750	0.3721	0.9000	0.1231s	0.3674	0.9040	0.8982
42
0399	0.1495	0.9667	0.3686	0.9040	0.1220s	0.3651	0.9040	0.8984
43
0400	0.1227	0.9833	0.3634	0.9060	0.1220s	0.3608	0.9050	0.8999
44
0401	0.1223	1.0000	0.3592	0.9040	0.1218s	0.3548	0.9070	0.9019
0
0402	0.1208	0.9833	0.3581	0.9040	0.1222s	0.3523	0.9080	0.9029
0
0403	0.1415	0.9750	0.3604	0.9060	0.1216s	0.3524	0.9070	0.9017
0
0404	0.1419	0.9917	0.3673	0.9060	0.1215s	0.3578	0.9060	0.9006
1
0405	0.1217	1.0000	0.3754	0.9020	0.1220s	0.3654	0.9050	0.8995
2
0406	0.1239	1.0000	0.3801	0.9020	0.1222s	0.3702	0.9030	0.8973
3
0407	0.1379	0.9667	0.3754	0.9060	0.1220s	0.3664	0.9000	0.8941
4
0408	0.1376	0.9750	0.3656	0.9080	0.1219s	0.3567	0.9030	0.8973
5
0409	0.1201	0.9833	0.3545	0.9120	0.1035s	0.3464	0.9020	0.8960
6
0410	0.1343	0.9667	0.3475	0.9080	0.1040s	0.3386	0.9060	0.9011
0
0411	0.1437	0.9833	0.3458	0.9100	0.1219s	0.3349	0.9110	0.9066
0
0412	0.1279	0.9833	0.3459	0.9100	0.1219s	0.3341	0.9090	0.9046
0
0413	0.1475	0.9917	0.3476	0.9020	0.1220s	0.3360	0.9070	0.9024
1
0414	0.1391	0.9833	0.3573	0.9080	0.1220s	0.3461	0.9060	0.9000
2
0415	0.1349	1.0000	0.3718	0.9040	0.1221s	0.3611	0.9050	0.8987
3
0416	0.1284	1.0000	0.3869	0.9000	0.1215s	0.3757	0.8990	0.8923
4
0417	0.1379	0.9917	0.3881	0.8980	0.1217s	0.3770	0.9020	0.8960
5
0418	0.1424	0.9750	0.3774	0.9040	0.1218s	0.3683	0.8980	0.8918
6
0419	0.1290	0.9750	0.3665	0.9040	0.1221s	0.3592	0.8990	0.8929
7
0420	0.1422	0.9750	0.3564	0.9040	0.1219s	0.3492	0.9070	0.9019
8
0421	0.1342	0.9750	0.3513	0.9120	0.1217s	0.3425	0.9090	0.9040
9
0422	0.1281	0.9750	0.3523	0.9160	0.1224s	0.3415	0.9100	0.9051
0
0423	0.1265	1.0000	0.3558	0.9100	0.1206s	0.3437	0.9100	0.9054
0
0424	0.1261	0.9750	0.3605	0.9060	0.1216s	0.3487	0.9040	0.8989
1
0425	0.1481	0.9667	0.3679	0.9060	0.1223s	0.3559	0.9010	0.8955
2
0426	0.1457	0.9833	0.3736	0.9140	0.1225s	0.3610	0.9020	0.8962
3
0427	0.1036	0.9917	0.3798	0.9060	0.1222s	0.3665	0.9030	0.8969
4
0428	0.1340	0.9500	0.3832	0.8980	0.1225s	0.3678	0.8990	0.8925
5
0429	0.1422	0.9833	0.3803	0.9000	0.1205s	0.3627	0.9010	0.8945
6
0430	0.1267	0.9917	0.3759	0.9060	0.1222s	0.3548	0.8970	0.8907
7
0431	0.1223	0.9833	0.3743	0.9040	0.1220s	0.3514	0.8960	0.8897
8
0432	0.1147	1.0000	0.3726	0.9020	0.1216s	0.3480	0.9030	0.8975
9
0433	0.1422	0.9917	0.3705	0.9100	0.1217s	0.3450	0.9040	0.8988
10
0434	0.1442	0.9833	0.3697	0.9100	0.1223s	0.3437	0.9010	0.8954
11
0435	0.1389	0.9917	0.3730	0.9120	0.1221s	0.3463	0.8980	0.8922
12
0436	0.1277	0.9833	0.3814	0.9080	0.1225s	0.3547	0.8990	0.8933
13
0437	0.1240	0.9667	0.3864	0.9040	0.1222s	0.3593	0.9000	0.8944
14
0438	0.1231	0.9833	0.3848	0.9020	0.1227s	0.3568	0.9020	0.8964
15
0439	0.1307	0.9917	0.3824	0.9080	0.1224s	0.3536	0.9070	0.9011
16
0440	0.1278	1.0000	0.3791	0.9100	0.1217s	0.3494	0.9120	0.9065
17
0441	0.1374	0.9833	0.3756	0.9140	0.1221s	0.3453	0.9070	0.9015
18
0442	0.1418	0.9917	0.3730	0.9160	0.1217s	0.3423	0.9040	0.8985
19
0443	0.1362	0.9667	0.3746	0.9100	0.1220s	0.3433	0.9050	0.8995
0
0444	0.1285	0.9833	0.3799	0.9120	0.1215s	0.3478	0.9020	0.8961
1
0445	0.1264	0.9750	0.3875	0.9120	0.1219s	0.3551	0.9020	0.8960
2
0446	0.1167	0.9750	0.3949	0.9060	0.1219s	0.3626	0.8980	0.8917
3
0447	0.1338	0.9917	0.3946	0.9060	0.1222s	0.3613	0.8990	0.8926
4
0448	0.1369	0.9917	0.3884	0.9100	0.1222s	0.3543	0.9010	0.8952
5
0449	0.1344	0.9833	0.3829	0.9120	0.1222s	0.3459	0.9050	0.8994
6
0450	0.1140	0.9917	0.3791	0.9120	0.1224s	0.3404	0.9040	0.8985
7
0451	0.1225	0.9750	0.3755	0.9120	0.1219s	0.3370	0.9090	0.9040
8
0452	0.1451	1.0000	0.3780	0.9140	0.1216s	0.3421	0.9080	0.9024
9
0453	0.1406	0.9833	0.3809	0.9100	0.1223s	0.3477	0.9050	0.8993
10
0454	0.1247	0.9833	0.3829	0.9080	0.1218s	0.3526	0.9070	0.9014
11
0455	0.1155	0.9750	0.3828	0.9100	0.1222s	0.3547	0.9050	0.8994
12
0456	0.1267	1.0000	0.3819	0.9140	0.1219s	0.3554	0.9030	0.8974
13
0457	0.1407	0.9750	0.3843	0.9100	0.1059s	0.3588	0.8990	0.8933
14
0458	0.1443	1.0000	0.3876	0.9080	0.1222s	0.3608	0.8970	0.8912
15
0459	0.1234	0.9917	0.3875	0.9060	0.1220s	0.3593	0.9020	0.8958
16
0460	0.1351	0.9583	0.3822	0.9080	0.1222s	0.3527	0.9010	0.8951
17
0461	0.1318	0.9833	0.3764	0.9120	0.1222s	0.3450	0.9030	0.8978
18
0462	0.1312	0.9667	0.3723	0.9120	0.1222s	0.3394	0.9060	0.9012
19
0463	0.1443	0.9833	0.3701	0.9100	0.1222s	0.3377	0.9040	0.8992
20
0464	0.1553	0.9667	0.3699	0.9100	0.1224s	0.3386	0.9040	0.8989
21
0465	0.1196	0.9667	0.3764	0.9100	0.1220s	0.3463	0.9070	0.9013
22
0466	0.1298	0.9917	0.3883	0.9040	0.1221s	0.3588	0.9110	0.9054
23
0467	0.1280	1.0000	0.3954	0.8940	0.1216s	0.3665	0.9050	0.8988
24
0468	0.1361	1.0000	0.3925	0.8980	0.1217s	0.3647	0.9040	0.8976
25
0469	0.1464	0.9917	0.3822	0.9100	0.1224s	0.3546	0.9040	0.8982
26
0470	0.1281	0.9750	0.3751	0.9120	0.1233s	0.3461	0.9040	0.8985
27
0471	0.1295	0.9583	0.3738	0.9100	0.1223s	0.3427	0.9090	0.9043
28
0472	0.1320	0.9667	0.3764	0.9160	0.1061s	0.3433	0.9090	0.9045
29
0473	0.1327	0.9750	0.3774	0.9140	0.1202s	0.3421	0.9090	0.9046
0
0474	0.1167	0.9833	0.3765	0.9140	0.1391s	0.3418	0.9090	0.9044
1
0475	0.1176	0.9583	0.3800	0.9120	0.1400s	0.3465	0.9040	0.8988
2
0476	0.1455	0.9833	0.3895	0.9060	0.1392s	0.3576	0.8990	0.8935
3
0477	0.1335	0.9833	0.3964	0.9020	0.1393s	0.3649	0.8950	0.8888
4
0478	0.1471	0.9833	0.3986	0.9000	0.1390s	0.3668	0.8960	0.8895
5
0479	0.1448	0.9750	0.3874	0.9000	0.1359s	0.3550	0.9030	0.8969
6
0480	0.1216	1.0000	0.3811	0.9060	0.1393s	0.3481	0.9040	0.8985
7
0481	0.1319	1.0000	0.3769	0.9060	0.1394s	0.3433	0.9090	0.9043
8
0482	0.1224	0.9833	0.3756	0.9080	0.1391s	0.3414	0.9090	0.9044
9
0483	0.1320	0.9833	0.3759	0.9100	0.1386s	0.3424	0.9110	0.9066
10
0484	0.1309	0.9750	0.3764	0.9080	0.1393s	0.3455	0.9110	0.9065
11
0485	0.1430	0.9750	0.3770	0.9080	0.1389s	0.3484	0.9060	0.9010
12
0486	0.1168	0.9833	0.3782	0.9040	0.1400s	0.3514	0.9030	0.8980
13
0487	0.1398	0.9833	0.3789	0.9040	0.1393s	0.3526	0.9040	0.8988
14
0488	0.1286	0.9833	0.3796	0.9060	0.1390s	0.3535	0.9030	0.8973
15
0489	0.1462	0.9833	0.3791	0.9040	0.1378s	0.3534	0.9020	0.8963
16
0490	0.1194	1.0000	0.3771	0.9020	0.1401s	0.3514	0.9040	0.8984
17
0491	0.1248	0.9833	0.3769	0.9040	0.1394s	0.3506	0.9050	0.8995
18
0492	0.1298	0.9750	0.3737	0.9060	0.1388s	0.3479	0.9090	0.9038
19
0493	0.1088	0.9833	0.3734	0.9040	0.1391s	0.3485	0.9090	0.9041
20
0494	0.1231	0.9833	0.3715	0.9040	0.1364s	0.3473	0.9080	0.9033
21
0495	0.1408	0.9750	0.3696	0.9020	0.1393s	0.3457	0.9070	0.9022
22
0496	0.1495	0.9750	0.3681	0.9060	0.1034s	0.3444	0.9110	0.9061
23
0497	0.1285	0.9667	0.3717	0.9080	0.1042s	0.3486	0.9030	0.8972
24
0498	0.1310	0.9750	0.3781	0.9080	0.1189s	0.3541	0.9010	0.8952
25
0499	0.1536	0.9583	0.3793	0.9060	0.1224s	0.3530	0.9030	0.8971
26
0500	0.1550	0.9500	0.3748	0.9080	0.1221s	0.3467	0.9040	0.8983
27
0501	0.1264	0.9583	0.3712	0.9080	0.1222s	0.3408	0.9020	0.8966
28
0502	0.1204	0.9583	0.3680	0.9080	0.1251s	0.3373	0.9040	0.8990
29
0503	0.1592	0.9667	0.3672	0.9120	0.1221s	0.3383	0.9050	0.8998
30
0504	0.1340	0.9833	0.3686	0.9020	0.1222s	0.3404	0.9010	0.8954
31
0505	0.1457	0.9917	0.3711	0.9080	0.1221s	0.3446	0.9050	0.8992
32
0506	0.1336	0.9917	0.3764	0.9060	0.1219s	0.3503	0.9050	0.8995
33
0507	0.1302	0.9750	0.3785	0.9040	0.1049s	0.3533	0.9040	0.8985
34
0508	0.1384	1.0000	0.3765	0.9000	0.1236s	0.3508	0.9000	0.8941
35
0509	0.1272	0.9750	0.3750	0.9020	0.1221s	0.3477	0.9020	0.8966
36
0510	0.1212	0.9917	0.3753	0.9060	0.1218s	0.3458	0.9020	0.8966
37
0511	0.1254	0.9583	0.3764	0.9080	0.1221s	0.3449	0.8980	0.8924
38
0512	0.1400	0.9917	0.3780	0.9080	0.1223s	0.3448	0.8990	0.8937
39
0513	0.1372	0.9917	0.3780	0.9060	0.1215s	0.3423	0.9000	0.8948
40
0514	0.1382	0.9667	0.3806	0.9080	0.1222s	0.3422	0.9010	0.8958
41
0515	0.1185	0.9833	0.3819	0.9080	0.1219s	0.3423	0.9050	0.8999
42
0516	0.1322	0.9833	0.3834	0.9100	0.1223s	0.3444	0.9080	0.9032
43
0517	0.1277	0.9917	0.3844	0.9060	0.1222s	0.3466	0.9070	0.9022
44
0518	0.1349	0.9833	0.3859	0.9020	0.1221s	0.3509	0.9000	0.8947
45
0519	0.1316	0.9833	0.3918	0.9040	0.1221s	0.3604	0.8970	0.8912
46
0520	0.1191	0.9917	0.3963	0.8980	0.1224s	0.3676	0.8940	0.8879
47
0521	0.1311	0.9750	0.3971	0.8960	0.1219s	0.3690	0.8910	0.8844
48
0522	0.1369	1.0000	0.3966	0.8940	0.1220s	0.3663	0.8930	0.8867
49
0523	0.1272	0.9750	0.3972	0.8940	0.1221s	0.3640	0.8930	0.8866
50
0524	0.1119	0.9667	0.3930	0.8940	0.1222s	0.3570	0.8990	0.8933
51
0525	0.1501	0.9750	0.3847	0.8980	0.1223s	0.3445	0.9020	0.8965
52
0526	0.1420	0.9833	0.3847	0.9020	0.1181s	0.3414	0.9040	0.8990
53
0527	0.1446	0.9667	0.3911	0.9040	0.1216s	0.3461	0.9100	0.9054
54
0528	0.1318	0.9917	0.3956	0.9040	0.1245s	0.3518	0.9080	0.9032
55
0529	0.1376	0.9833	0.3961	0.9060	0.1218s	0.3558	0.9070	0.9021
56
0530	0.1539	0.9917	0.3979	0.9020	0.1221s	0.3634	0.9020	0.8964
57
0531	0.1399	1.0000	0.3981	0.8980	0.1221s	0.3688	0.8950	0.8886
58
0532	0.1327	0.9750	0.3985	0.8920	0.1224s	0.3731	0.8960	0.8897
59
0533	0.1243	0.9833	0.4022	0.8940	0.1222s	0.3790	0.8950	0.8884
60
0534	0.1388	0.9750	0.4013	0.8900	0.1221s	0.3773	0.8980	0.8922
61
0535	0.1372	0.9833	0.3942	0.8960	0.1217s	0.3678	0.8990	0.8934
62
0536	0.1226	1.0000	0.3824	0.9000	0.1222s	0.3537	0.9030	0.8978
63
0537	0.1238	0.9750	0.3775	0.9060	0.1217s	0.3467	0.9040	0.8990
64
0538	0.1182	0.9917	0.3776	0.9080	0.1224s	0.3475	0.9010	0.8958
65
0539	0.1341	0.9583	0.3797	0.9080	0.1221s	0.3509	0.9030	0.8976
66
0540	0.1610	0.9750	0.3821	0.9080	0.1223s	0.3555	0.9040	0.8989
67
0541	0.1377	0.9583	0.3829	0.9100	0.1230s	0.3588	0.9020	0.8968
68
0542	0.1447	0.9750	0.3812	0.9000	0.1216s	0.3592	0.9000	0.8941
69
0543	0.1288	0.9917	0.3816	0.9000	0.1205s	0.3608	0.9000	0.8939
70
0544	0.1286	0.9917	0.3837	0.8980	0.1213s	0.3626	0.9020	0.8965
71
0545	0.1453	0.9750	0.3867	0.8960	0.1125s	0.3653	0.8990	0.8933
72
0546	0.1299	0.9750	0.3825	0.9020	0.1217s	0.3608	0.9010	0.8957
73
0547	0.1387	0.9667	0.3777	0.9000	0.1217s	0.3542	0.9040	0.8993
74
0548	0.1232	0.9917	0.3768	0.8960	0.1217s	0.3501	0.9100	0.9058
75
0549	0.1587	0.9500	0.3699	0.8980	0.1220s	0.3436	0.9080	0.9039
76
0550	0.1334	0.9667	0.3635	0.9080	0.1221s	0.3395	0.9060	0.9017
77
0551	0.1275	0.9750	0.3610	0.9160	0.1222s	0.3378	0.9080	0.9038
78
0552	0.1306	0.9917	0.3597	0.9120	0.1224s	0.3379	0.9060	0.9016
0
0553	0.1309	0.9833	0.3607	0.9140	0.1221s	0.3409	0.9000	0.8946
1
0554	0.1170	0.9750	0.3646	0.9100	0.1245s	0.3447	0.9020	0.8963
2
0555	0.1335	0.9667	0.3660	0.9040	0.1227s	0.3468	0.9030	0.8978
3
0556	0.1118	0.9667	0.3622	0.9020	0.1222s	0.3438	0.9030	0.8978
4
0557	0.1387	0.9833	0.3576	0.9060	0.1222s	0.3397	0.9040	0.8991
5
0558	0.1326	0.9500	0.3555	0.9080	0.1221s	0.3382	0.9060	0.9011
6
0559	0.1517	0.9667	0.3572	0.9080	0.1220s	0.3406	0.9020	0.8971
7
0560	0.1437	0.9667	0.3635	0.9100	0.1219s	0.3482	0.9040	0.8987
8
0561	0.1504	1.0000	0.3714	0.9060	0.1226s	0.3568	0.9030	0.8976
9
0562	0.1340	0.9750	0.3707	0.9040	0.1223s	0.3582	0.9030	0.8983
10
0563	0.1309	0.9833	0.3677	0.9060	0.1221s	0.3573	0.9040	0.8993
11
0564	0.1340	0.9917	0.3648	0.9160	0.1219s	0.3543	0.9040	0.8989
12
0565	0.1416	0.9833	0.3661	0.9060	0.1219s	0.3534	0.9030	0.8975
0
0566	0.1182	0.9750	0.3681	0.9020	0.1215s	0.3517	0.9040	0.8985
1
0567	0.1380	1.0000	0.3721	0.9020	0.1220s	0.3519	0.9030	0.8979
2
0568	0.1207	0.9750	0.3746	0.9020	0.1219s	0.3529	0.9070	0.9017
3
0569	0.1307	1.0000	0.3742	0.9040	0.1182s	0.3522	0.9040	0.8985
4
0570	0.1273	0.9917	0.3724	0.9020	0.1234s	0.3515	0.9060	0.9008
5
0571	0.1269	0.9750	0.3718	0.9040	0.1217s	0.3522	0.9050	0.8996
6
0572	0.1388	1.0000	0.3713	0.9020	0.1215s	0.3531	0.9060	0.9007
7
0573	0.1163	1.0000	0.3725	0.9020	0.1226s	0.3541	0.9040	0.8985
8
0574	0.1325	0.9833	0.3774	0.9000	0.1223s	0.3564	0.9050	0.9000
9
0575	0.1105	1.0000	0.3807	0.9000	0.1225s	0.3553	0.9040	0.8988
10
0576	0.1219	0.9917	0.3825	0.8960	0.1226s	0.3535	0.9060	0.9007
11
0577	0.1192	0.9750	0.3811	0.8960	0.1225s	0.3499	0.9040	0.8984
12
0578	0.1329	0.9583	0.3738	0.8940	0.1219s	0.3428	0.9020	0.8966
13
0579	0.1306	0.9917	0.3711	0.9020	0.1224s	0.3426	0.9060	0.9009
14
0580	0.1223	0.9833	0.3696	0.9040	0.1227s	0.3447	0.9080	0.9025
15
0581	0.1215	0.9750	0.3722	0.9020	0.1195s	0.3506	0.9060	0.9002
16
0582	0.1477	0.9833	0.3726	0.8980	0.1219s	0.3537	0.9080	0.9029
17
0583	0.1448	0.9667	0.3713	0.8980	0.1226s	0.3537	0.9100	0.9051
18
0584	0.1247	0.9750	0.3671	0.9000	0.1223s	0.3488	0.9070	0.9018
19
0585	0.1261	0.9917	0.3619	0.9000	0.1218s	0.3419	0.9070	0.9020
20
0586	0.1092	0.9917	0.3599	0.9020	0.1219s	0.3381	0.9070	0.9023
21
0587	0.1302	0.9833	0.3590	0.9000	0.1222s	0.3372	0.9080	0.9030
22
0588	0.1267	0.9583	0.3616	0.9000	0.1215s	0.3407	0.9070	0.9014
23
0589	0.1466	0.9833	0.3668	0.8940	0.1223s	0.3473	0.9050	0.8995
24
0590	0.1271	1.0000	0.3693	0.8980	0.1221s	0.3517	0.9080	0.9025
25
0591	0.1318	0.9833	0.3694	0.9000	0.1217s	0.3527	0.9110	0.9055
26
0592	0.1259	0.9833	0.3685	0.9040	0.1217s	0.3523	0.9070	0.9016
27
0593	0.1483	0.9750	0.3666	0.9060	0.1223s	0.3489	0.9090	0.9040
28
0594	0.1359	0.9500	0.3654	0.9020	0.1220s	0.3444	0.9080	0.9028
29
0595	0.1258	1.0000	0.3667	0.9000	0.1223s	0.3430	0.9070	0.9018
30
0596	0.1246	0.9917	0.3679	0.9040	0.1217s	0.3417	0.9060	0.9009
31
0597	0.1443	0.9583	0.3642	0.9060	0.1220s	0.3376	0.9130	0.9086
32
0598	0.1168	0.9750	0.3614	0.9020	0.1218s	0.3343	0.9130	0.9083
33
0599	0.1309	0.9667	0.3574	0.9040	0.1221s	0.3305	0.9120	0.9074
34
0600	0.1300	0.9917	0.3585	0.9000	0.1221s	0.3328	0.9120	0.9071
35
0601	0.1082	0.9750	0.3638	0.8960	0.1221s	0.3400	0.9100	0.9046
36
0602	0.1138	1.0000	0.3755	0.8940	0.1215s	0.3522	0.9060	0.9003
37
0603	0.1185	0.9583	0.3861	0.8940	0.1222s	0.3619	0.9020	0.8958
38
0604	0.1361	0.9750	0.3890	0.8980	0.1219s	0.3635	0.9010	0.8946
39
0605	0.1423	0.9917	0.3825	0.8940	0.1222s	0.3564	0.9020	0.8956
40
0606	0.1401	0.9917	0.3718	0.9020	0.1223s	0.3464	0.9080	0.9023
41
0607	0.1264	0.9833	0.3635	0.9040	0.1222s	0.3391	0.9080	0.9029
42
0608	0.1131	0.9833	0.3598	0.9140	0.1222s	0.3359	0.9110	0.9065
43
0609	0.1532	0.9667	0.3550	0.9100	0.1220s	0.3316	0.9120	0.9074
44
0610	0.1326	0.9750	0.3539	0.9040	0.1223s	0.3298	0.9110	0.9063
45
0611	0.1476	0.9833	0.3556	0.9020	0.1220s	0.3317	0.9100	0.9050
46
0612	0.1216	0.9667	0.3583	0.9020	0.1218s	0.3360	0.9110	0.9061
47
0613	0.1149	0.9833	0.3659	0.9020	0.1221s	0.3446	0.9070	0.9018
48
0614	0.1386	0.9667	0.3749	0.9020	0.1202s	0.3545	0.9040	0.8987
49
0615	0.1282	0.9750	0.3830	0.8980	0.1225s	0.3619	0.8970	0.8911
50
0616	0.1244	0.9833	0.3857	0.8960	0.1221s	0.3651	0.8950	0.8889
51
0617	0.1302	0.9667	0.3775	0.8960	0.1220s	0.3586	0.9030	0.8978
52
0618	0.1292	0.9833	0.3693	0.9060	0.1221s	0.3519	0.9030	0.8975
53
0619	0.1147	0.9917	0.3676	0.9060	0.1223s	0.3522	0.9080	0.9028
54
0620	0.1314	0.9917	0.3615	0.9100	0.1222s	0.3473	0.9120	0.9072
55
0621	0.1333	0.9583	0.3594	0.9040	0.1223s	0.3423	0.9140	0.9094
56
0622	0.1313	0.9583	0.3668	0.9060	0.1167s	0.3465	0.9100	0.9051
57
0623	0.1255	0.9917	0.3785	0.9020	0.1047s	0.3550	0.9010	0.8953
58
0624	0.1157	0.9750	0.3852	0.9020	0.1219s	0.3601	0.8940	0.8880
59
0625	0.1320	0.9917	0.3834	0.9020	0.1219s	0.3604	0.8990	0.8936
60
0626	0.1269	0.9667	0.3730	0.8960	0.1042s	0.3549	0.9070	0.9020
61
0627	0.1203	0.9667	0.3663	0.8960	0.1225s	0.3530	0.9040	0.8986
62
0628	0.1367	0.9917	0.3622	0.9020	0.1221s	0.3527	0.9060	0.9002
63
0629	0.1441	0.9667	0.3652	0.8980	0.1220s	0.3568	0.9040	0.8984
64
0630	0.1388	0.9750	0.3642	0.9000	0.1220s	0.3542	0.9020	0.8965
65
0631	0.1260	0.9917	0.3623	0.9040	0.1224s	0.3497	0.9040	0.8985
66
0632	0.1109	0.9917	0.3620	0.9040	0.1220s	0.3441	0.9080	0.9024
67
0633	0.1194	1.0000	0.3680	0.9020	0.1221s	0.3438	0.9090	0.9039
68
0634	0.1279	0.9750	0.3766	0.9000	0.1225s	0.3484	0.9050	0.8994
69
0635	0.1224	1.0000	0.3813	0.9020	0.1227s	0.3520	0.9030	0.8976
70
0636	0.1400	0.9833	0.3803	0.9000	0.1218s	0.3518	0.9040	0.8987
71
0637	0.1397	0.9917	0.3818	0.8980	0.1218s	0.3550	0.9010	0.8954
72
0638	0.1200	0.9917	0.3823	0.8960	0.1218s	0.3575	0.8980	0.8923
73
0639	0.1351	0.9750	0.3818	0.8940	0.1222s	0.3573	0.9000	0.8947
74
0640	0.1377	0.9583	0.3815	0.8960	0.1220s	0.3576	0.9010	0.8958
75
0641	0.1539	0.9667	0.3831	0.8960	0.1222s	0.3592	0.9010	0.8956
76
0642	0.1283	0.9667	0.3858	0.8980	0.1111s	0.3612	0.9020	0.8964
77
0643	0.1296	0.9833	0.3850	0.9020	0.1225s	0.3604	0.9040	0.8983
78
0644	0.1097	0.9833	0.3858	0.9040	0.1221s	0.3604	0.9040	0.8983
79
0645	0.1362	0.9833	0.3841	0.9000	0.1220s	0.3573	0.9050	0.8995
80
0646	0.1279	0.9917	0.3810	0.8980	0.1225s	0.3527	0.9070	0.9019
81
0647	0.1285	0.9833	0.3808	0.8980	0.1223s	0.3522	0.9120	0.9073
82
0648	0.1202	0.9833	0.3809	0.8980	0.1222s	0.3522	0.9080	0.9033
83
0649	0.1172	0.9833	0.3816	0.8980	0.1221s	0.3546	0.9040	0.8990
84
0650	0.1344	1.0000	0.3815	0.8940	0.1222s	0.3580	0.9060	0.9013
85
0651	0.1191	0.9917	0.3854	0.8900	0.1226s	0.3630	0.9050	0.9002
86
0652	0.1229	0.9750	0.3886	0.8980	0.1224s	0.3652	0.9020	0.8966
87
0653	0.1280	0.9917	0.3881	0.8960	0.1224s	0.3626	0.9010	0.8954
88
0654	0.1228	1.0000	0.3866	0.9020	0.1222s	0.3580	0.9040	0.8986
89
0655	0.1199	0.9667	0.3832	0.9000	0.1219s	0.3504	0.9080	0.9029
90
0656	0.1179	0.9917	0.3813	0.9000	0.1046s	0.3450	0.9090	0.9043
91
0657	0.1322	0.9833	0.3821	0.9000	0.1219s	0.3427	0.9090	0.9043
92
0658	0.1354	0.9750	0.3838	0.9000	0.1222s	0.3429	0.9090	0.9041
93
0659	0.1214	1.0000	0.3819	0.9040	0.1226s	0.3421	0.9100	0.9053
94
0660	0.1213	0.9833	0.3788	0.9000	0.1225s	0.3421	0.9070	0.9021
95
0661	0.1143	0.9750	0.3807	0.9000	0.1227s	0.3459	0.9070	0.9021
96
0662	0.1272	0.9917	0.3825	0.8960	0.1220s	0.3496	0.9050	0.8998
97
0663	0.1225	0.9667	0.3811	0.8940	0.1222s	0.3506	0.9060	0.9009
98
0664	0.1432	0.9500	0.3774	0.8900	0.1219s	0.3503	0.9080	0.9029
99
0665	0.1102	0.9833	0.3762	0.8920	0.1218s	0.3516	0.9060	0.9007
100
0666	0.1308	0.9833	0.3758	0.8920	0.1225s	0.3513	0.9050	0.8998
101
0667	0.1242	0.9833	0.3767	0.8940	0.1201s	0.3499	0.9060	0.9008
102
0668	0.1432	0.9833	0.3724	0.9000	0.1219s	0.3440	0.9100	0.9053
103
0669	0.1361	0.9917	0.3738	0.9040	0.1224s	0.3422	0.9150	0.9107
104
0670	0.1208	1.0000	0.3795	0.8980	0.1219s	0.3465	0.9040	0.8984
105
0671	0.1263	0.9750	0.3796	0.8980	0.1224s	0.3474	0.9040	0.8983
106
0672	0.1380	0.9833	0.3729	0.8960	0.1211s	0.3438	0.9060	0.9005
107
0673	0.1390	0.9750	0.3643	0.8980	0.1223s	0.3397	0.9130	0.9083
108
0674	0.1135	0.9750	0.3602	0.8980	0.1220s	0.3394	0.9100	0.9052
109
0675	0.1387	0.9583	0.3569	0.8960	0.1224s	0.3405	0.9080	0.9033
110
0676	0.1513	0.9667	0.3573	0.8980	0.1222s	0.3423	0.9070	0.9024
111
0677	0.1593	0.9750	0.3647	0.8960	0.1220s	0.3492	0.9060	0.9013
112
0678	0.1235	0.9833	0.3732	0.8940	0.1219s	0.3564	0.9040	0.8989
113
0679	0.1477	0.9500	0.3842	0.8940	0.1046s	0.3649	0.8950	0.8890
114
0680	0.1195	1.0000	0.3879	0.8940	0.1047s	0.3665	0.8980	0.8921
115
0681	0.1393	0.9917	0.3771	0.8960	0.1194s	0.3538	0.9090	0.9037
116
0682	0.1458	0.9917	0.3662	0.9040	0.1222s	0.3403	0.9100	0.9050
117
0683	0.1145	0.9833	0.3603	0.9040	0.1109s	0.3327	0.9080	0.9030
118
0684	0.1209	0.9750	0.3570	0.9120	0.1220s	0.3296	0.9130	0.9086
119
0685	0.1224	0.9667	0.3553	0.9060	0.1218s	0.3294	0.9130	0.9087
120
0686	0.1441	0.9667	0.3550	0.9100	0.1219s	0.3321	0.9120	0.9075
121
0687	0.1313	0.9833	0.3622	0.9060	0.1219s	0.3407	0.9080	0.9026
122
0688	0.1421	1.0000	0.3731	0.8940	0.1225s	0.3521	0.9030	0.8971
123
0689	0.1265	0.9833	0.3849	0.8900	0.1222s	0.3642	0.8970	0.8909
124
0690	0.1302	0.9833	0.3831	0.8880	0.1223s	0.3629	0.8970	0.8909
125
0691	0.1459	0.9917	0.3704	0.8980	0.1222s	0.3497	0.9030	0.8976
126
0692	0.1390	0.9833	0.3615	0.8980	0.1219s	0.3399	0.9060	0.9007
127
0693	0.1713	0.9417	0.3597	0.9000	0.1225s	0.3369	0.9090	0.9038
128
0694	0.1458	0.9667	0.3561	0.9020	0.1221s	0.3340	0.9110	0.9063
129
0695	0.1249	0.9750	0.3551	0.9060	0.1218s	0.3348	0.9100	0.9055
130
0696	0.1411	0.9833	0.3581	0.9080	0.1222s	0.3391	0.9120	0.9071
131
0697	0.1214	0.9667	0.3670	0.9000	0.1220s	0.3475	0.9080	0.9026
132
0698	0.1234	0.9833	0.3755	0.8940	0.1225s	0.3554	0.9020	0.8965
133
0699	0.1440	0.9750	0.3779	0.8940	0.1216s	0.3588	0.9000	0.8944
134
0700	0.1326	0.9833	0.3725	0.8940	0.1221s	0.3544	0.9050	0.8998
135
0701	0.1309	0.9833	0.3646	0.9000	0.1213s	0.3480	0.9090	0.9038
136
0702	0.1376	0.9750	0.3583	0.9060	0.1219s	0.3426	0.9050	0.8998
137
0703	0.1206	1.0000	0.3585	0.9080	0.1224s	0.3440	0.9050	0.8997
138
0704	0.1383	0.9833	0.3615	0.9040	0.1217s	0.3477	0.9040	0.8986
139
0705	0.1191	0.9833	0.3633	0.9040	0.1225s	0.3496	0.9050	0.8996
140
0706	0.1245	1.0000	0.3647	0.9080	0.1221s	0.3508	0.9070	0.9017
141
0707	0.1296	0.9917	0.3663	0.9060	0.1222s	0.3516	0.9060	0.9003
142
0708	0.1427	0.9917	0.3719	0.9020	0.1221s	0.3550	0.9070	0.9014
143
0709	0.1188	0.9667	0.3798	0.9000	0.1221s	0.3600	0.9040	0.8983
144
0710	0.1448	0.9750	0.3829	0.9000	0.1221s	0.3617	0.9040	0.8983
145
0711	0.1131	1.0000	0.3851	0.9000	0.1221s	0.3629	0.9040	0.8983
146
0712	0.1259	0.9917	0.3829	0.9020	0.1225s	0.3604	0.9030	0.8978
147
0713	0.1360	0.9750	0.3744	0.8960	0.1226s	0.3514	0.9040	0.8992
148
0714	0.1361	0.9917	0.3681	0.8980	0.1055s	0.3445	0.9030	0.8981
149
0715	0.1329	1.0000	0.3659	0.9040	0.1220s	0.3431	0.9010	0.8961
150
0716	0.1390	0.9667	0.3676	0.9000	0.1220s	0.3469	0.9060	0.9015
151
0717	0.1603	0.9333	0.3752	0.9060	0.1219s	0.3537	0.9100	0.9051
152
0718	0.1296	1.0000	0.3879	0.9040	0.1216s	0.3635	0.9080	0.9029
153
0719	0.1465	0.9750	0.4042	0.8820	0.1219s	0.3765	0.9000	0.8947
154
0720	0.1298	0.9917	0.4135	0.8820	0.1220s	0.3841	0.8950	0.8895
155
0721	0.1437	0.9833	0.4063	0.8900	0.1202s	0.3764	0.8980	0.8923
156
0722	0.1402	0.9833	0.3934	0.8960	0.1225s	0.3632	0.9030	0.8976
157
0723	0.1269	0.9667	0.3797	0.9040	0.1213s	0.3488	0.9060	0.9010
158
0724	0.1231	1.0000	0.3720	0.9020	0.1140s	0.3403	0.9080	0.9030
159
0725	0.1224	0.9833	0.3712	0.9040	0.1242s	0.3404	0.9040	0.8989
160
0726	0.1367	0.9833	0.3779	0.9040	0.1220s	0.3475	0.9050	0.9003
161
0727	0.1271	0.9750	0.3855	0.8980	0.1221s	0.3549	0.9060	0.9012
162
0728	0.1194	0.9833	0.3910	0.8940	0.1220s	0.3613	0.9080	0.9028
163
0729	0.1574	0.9667	0.3879	0.8960	0.1222s	0.3600	0.9060	0.9007
164
0730	0.1323	0.9667	0.3832	0.8980	0.1221s	0.3562	0.9080	0.9029
165
0731	0.1197	0.9833	0.3797	0.9000	0.1217s	0.3536	0.9040	0.8991
166
0732	0.1232	0.9833	0.3791	0.9080	0.1217s	0.3521	0.9030	0.8983
167
0733	0.1589	0.9667	0.3752	0.9060	0.1199s	0.3481	0.9060	0.9014
168
0734	0.1349	0.9917	0.3707	0.9080	0.1223s	0.3438	0.9060	0.9014
169
0735	0.1264	0.9667	0.3672	0.9080	0.1218s	0.3413	0.9070	0.9022
170
0736	0.1396	0.9750	0.3715	0.9040	0.1225s	0.3460	0.9070	0.9019
171
0737	0.1356	0.9917	0.3790	0.8960	0.1224s	0.3519	0.9020	0.8972
172
0738	0.1186	0.9750	0.3894	0.8980	0.1215s	0.3603	0.8970	0.8917
173
0739	0.1437	0.9667	0.3941	0.8960	0.1225s	0.3629	0.8970	0.8914
174
0740	0.1352	0.9750	0.3910	0.8940	0.1205s	0.3588	0.9020	0.8966
175
0741	0.1321	1.0000	0.3817	0.9000	0.1222s	0.3496	0.9070	0.9013
176
0742	0.1096	0.9667	0.3755	0.9040	0.1222s	0.3435	0.9080	0.9028
177
0743	0.1286	0.9750	0.3743	0.9060	0.1216s	0.3420	0.9070	0.9019
178
0744	0.1531	0.9750	0.3774	0.9080	0.1222s	0.3447	0.9070	0.9024
179
0745	0.1248	1.0000	0.3805	0.9100	0.1222s	0.3483	0.9060	0.9013
180
0746	0.1338	1.0000	0.3828	0.9080	0.1227s	0.3510	0.9040	0.8993
181
0747	0.1397	0.9750	0.3842	0.9040	0.1220s	0.3535	0.9030	0.8977
182
0748	0.1383	0.9667	0.3851	0.8920	0.1227s	0.3565	0.9050	0.8994
183
0749	0.1254	0.9833	0.3859	0.8880	0.1220s	0.3574	0.9010	0.8950
184
0750	0.1341	0.9667	0.3807	0.8940	0.1216s	0.3518	0.9020	0.8968
185
0751	0.1250	0.9833	0.3787	0.8960	0.1221s	0.3496	0.9020	0.8970
186
0752	0.1669	0.9750	0.3748	0.8960	0.1221s	0.3461	0.9020	0.8971
187
0753	0.1524	0.9833	0.3717	0.8980	0.1222s	0.3446	0.9060	0.9013
188
0754	0.1468	0.9750	0.3730	0.9000	0.1224s	0.3471	0.9060	0.9009
189
0755	0.1304	0.9667	0.3799	0.9000	0.1204s	0.3543	0.9020	0.8967
190
0756	0.1385	1.0000	0.3882	0.8880	0.1044s	0.3625	0.9020	0.8961
191
0757	0.1363	0.9750	0.3895	0.8900	0.1219s	0.3641	0.8970	0.8908
192
0758	0.1383	0.9917	0.3855	0.8900	0.1198s	0.3606	0.9010	0.8953
193
0759	0.1157	1.0000	0.3786	0.8920	0.1220s	0.3553	0.9030	0.8978
194
0760	0.1274	0.9917	0.3734	0.8980	0.1106s	0.3506	0.9040	0.8985
195
0761	0.1296	0.9583	0.3703	0.8940	0.1220s	0.3487	0.9040	0.8989
196
0762	0.1384	1.0000	0.3691	0.8960	0.1223s	0.3484	0.9030	0.8980
197
0763	0.1358	0.9750	0.3691	0.8980	0.1222s	0.3478	0.9040	0.8991
198
0764	0.1402	0.9750	0.3698	0.8980	0.1219s	0.3481	0.9040	0.8990
199
Early stop! Min loss:0.34580016136169434,  Max accuracy:0.916
Early stop model validation loss:0.34580016136169434,  accuracy:0.91
Optimization Finished!
Total time elapsed: 94.4526s
test max acc:0.9150
Loading 410th epoch
stru_node_to_hop attention:tensor([[0.2506, 0.2509, 0.2494, 0.2492],
        [0.2480, 0.2509, 0.2506, 0.2505],
        [0.2497, 0.2505, 0.2500, 0.2498],
        [0.2463, 0.2496, 0.2517, 0.2524],
        [0.2495, 0.2501, 0.2502, 0.2503],
        [0.2503, 0.2501, 0.2499, 0.2497],
        [0.2506, 0.2498, 0.2499, 0.2498],
        [0.2502, 0.2502, 0.2499, 0.2497],
        [0.2506, 0.2503, 0.2496, 0.2495],
        [0.2471, 0.2513, 0.2509, 0.2508],
        [0.2493, 0.2503, 0.2503, 0.2502],
        [0.2486, 0.2507, 0.2504, 0.2504],
        [0.2493, 0.2507, 0.2501, 0.2500],
        [0.2482, 0.2511, 0.2504, 0.2503],
        [0.2512, 0.2498, 0.2496, 0.2493],
        [0.2510, 0.2507, 0.2496, 0.2487],
        [0.2490, 0.2505, 0.2503, 0.2503],
        [0.2477, 0.2514, 0.2505, 0.2505],
        [0.2493, 0.2504, 0.2503, 0.2501],
        [0.2502, 0.2502, 0.2499, 0.2497],
        [0.2493, 0.2503, 0.2502, 0.2501],
        [0.2490, 0.2507, 0.2501, 0.2502],
        [0.2499, 0.2499, 0.2502, 0.2501],
        [0.2480, 0.2514, 0.2503, 0.2503],
        [0.2502, 0.2500, 0.2499, 0.2498],
        [0.2492, 0.2506, 0.2501, 0.2501],
        [0.2496, 0.2505, 0.2501, 0.2498],
        [0.2482, 0.2507, 0.2505, 0.2506],
        [0.2513, 0.2495, 0.2496, 0.2496],
        [0.2502, 0.2506, 0.2496, 0.2496],
        [0.2501, 0.2500, 0.2499, 0.2499],
        [0.2468, 0.2510, 0.2511, 0.2512],
        [0.2490, 0.2508, 0.2502, 0.2500],
        [0.2493, 0.2501, 0.2503, 0.2503],
        [0.2473, 0.2516, 0.2506, 0.2504],
        [0.2479, 0.2511, 0.2505, 0.2505],
        [0.2504, 0.2501, 0.2499, 0.2496],
        [0.2470, 0.2510, 0.2509, 0.2511],
        [0.2501, 0.2498, 0.2500, 0.2501],
        [0.2528, 0.2497, 0.2488, 0.2486],
        [0.2506, 0.2498, 0.2498, 0.2498],
        [0.2507, 0.2504, 0.2496, 0.2493],
        [0.2488, 0.2504, 0.2504, 0.2504],
        [0.2503, 0.2499, 0.2499, 0.2499],
        [0.2500, 0.2498, 0.2501, 0.2501],
        [0.1429, 0.1875, 0.2727, 0.3969],
        [0.2500, 0.2501, 0.2501, 0.2499],
        [0.2483, 0.2510, 0.2504, 0.2503],
        [0.2499, 0.2503, 0.2500, 0.2499],
        [0.2497, 0.2503, 0.2501, 0.2500],
        [0.2465, 0.2518, 0.2509, 0.2509],
        [0.2507, 0.2498, 0.2498, 0.2497],
        [0.2500, 0.2500, 0.2500, 0.2500],
        [0.2502, 0.2502, 0.2499, 0.2497],
        [0.2472, 0.2517, 0.2505, 0.2506],
        [0.2478, 0.2509, 0.2506, 0.2507],
        [0.2489, 0.2513, 0.2501, 0.2498],
        [0.2501, 0.2499, 0.2500, 0.2499],
        [0.2487, 0.2506, 0.2503, 0.2503],
        [0.2491, 0.2504, 0.2503, 0.2502],
        [0.2470, 0.2517, 0.2508, 0.2504],
        [0.2500, 0.2503, 0.2498, 0.2498],
        [0.2502, 0.2511, 0.2495, 0.2491],
        [0.2498, 0.2513, 0.2499, 0.2491],
        [0.2498, 0.2500, 0.2501, 0.2501],
        [0.2485, 0.2496, 0.2508, 0.2510],
        [0.2488, 0.2516, 0.2501, 0.2495],
        [0.2485, 0.2501, 0.2506, 0.2508],
        [0.2498, 0.2501, 0.2501, 0.2501],
        [0.2490, 0.2507, 0.2502, 0.2501],
        [0.2481, 0.2510, 0.2505, 0.2505],
        [0.2501, 0.2500, 0.2499, 0.2499],
        [0.2509, 0.2502, 0.2495, 0.2493],
        [0.2496, 0.2517, 0.2496, 0.2490],
        [0.2499, 0.2501, 0.2500, 0.2500],
        [0.2494, 0.2499, 0.2503, 0.2503],
        [0.2485, 0.2510, 0.2503, 0.2502],
        [0.2511, 0.2500, 0.2495, 0.2494],
        [0.2499, 0.2500, 0.2500, 0.2500],
        [0.2499, 0.2500, 0.2501, 0.2500],
        [0.2520, 0.2495, 0.2495, 0.2490],
        [0.2505, 0.2509, 0.2495, 0.2491],
        [0.2469, 0.2513, 0.2508, 0.2509],
        [0.2494, 0.2502, 0.2502, 0.2502],
        [0.2501, 0.2501, 0.2499, 0.2499],
        [0.2503, 0.2497, 0.2500, 0.2499],
        [0.2481, 0.2508, 0.2506, 0.2506],
        [0.2474, 0.2516, 0.2506, 0.2503],
        [0.2497, 0.2503, 0.2501, 0.2499],
        [0.2531, 0.2488, 0.2492, 0.2489],
        [0.2490, 0.2507, 0.2502, 0.2501],
        [0.2481, 0.2510, 0.2505, 0.2504],
        [0.2505, 0.2500, 0.2498, 0.2497],
        [0.2479, 0.2510, 0.2506, 0.2505],
        [0.2496, 0.2501, 0.2501, 0.2501],
        [0.2499, 0.2501, 0.2500, 0.2500],
        [0.2502, 0.2497, 0.2500, 0.2501],
        [0.2494, 0.2497, 0.2504, 0.2505],
        [0.2488, 0.2504, 0.2504, 0.2505],
        [0.2504, 0.2500, 0.2498, 0.2497]], device='cuda:1')
fea_node_to_hop attention:tensor([[0.3330, 0.3327, 0.3343],
        [0.3303, 0.3349, 0.3348],
        [0.3328, 0.3322, 0.3349],
        [0.3346, 0.3330, 0.3324],
        [0.3336, 0.3321, 0.3343],
        [0.3311, 0.3346, 0.3343],
        [0.3316, 0.3321, 0.3363],
        [0.3330, 0.3326, 0.3344],
        [0.3328, 0.3331, 0.3342],
        [0.3309, 0.3336, 0.3354],
        [0.3335, 0.3330, 0.3335],
        [0.3311, 0.3338, 0.3351],
        [0.3313, 0.3343, 0.3344],
        [0.3352, 0.3328, 0.3321],
        [0.3291, 0.3346, 0.3363],
        [0.3280, 0.3348, 0.3373],
        [0.3310, 0.3344, 0.3346],
        [0.3293, 0.3353, 0.3354],
        [0.3299, 0.3329, 0.3372],
        [0.3334, 0.3321, 0.3344],
        [0.3318, 0.3344, 0.3338],
        [0.3323, 0.3341, 0.3336],
        [0.3326, 0.3331, 0.3343],
        [0.3305, 0.3348, 0.3347],
        [0.3325, 0.3336, 0.3339],
        [0.3308, 0.3341, 0.3351],
        [0.3308, 0.3332, 0.3360],
        [0.3300, 0.3354, 0.3347],
        [0.3313, 0.3337, 0.3351],
        [0.3287, 0.3363, 0.3350],
        [0.3304, 0.3344, 0.3352],
        [0.3296, 0.3345, 0.3359],
        [0.3320, 0.3337, 0.3343],
        [0.3308, 0.3345, 0.3346],
        [0.3350, 0.3319, 0.3331],
        [0.3294, 0.3341, 0.3365],
        [0.3290, 0.3344, 0.3365],
        [0.3287, 0.3345, 0.3368],
        [0.3327, 0.3339, 0.3334],
        [0.3322, 0.3333, 0.3345],
        [0.3334, 0.3334, 0.3331],
        [0.3306, 0.3340, 0.3355],
        [0.3318, 0.3334, 0.3348],
        [0.3348, 0.3325, 0.3327],
        [0.3344, 0.3310, 0.3346],
        [0.3386, 0.3102, 0.3512],
        [0.3299, 0.3352, 0.3349],
        [0.3318, 0.3336, 0.3346],
        [0.3316, 0.3335, 0.3349],
        [0.3316, 0.3339, 0.3345],
        [0.3309, 0.3344, 0.3347],
        [0.3331, 0.3325, 0.3343],
        [0.3334, 0.3333, 0.3333],
        [0.3269, 0.3354, 0.3377],
        [0.3341, 0.3328, 0.3331],
        [0.3316, 0.3325, 0.3359],
        [0.3318, 0.3343, 0.3339],
        [0.3301, 0.3344, 0.3355],
        [0.3323, 0.3330, 0.3347],
        [0.3320, 0.3332, 0.3348],
        [0.3335, 0.3316, 0.3348],
        [0.3330, 0.3340, 0.3330],
        [0.3297, 0.3348, 0.3355],
        [0.3323, 0.3335, 0.3342],
        [0.3332, 0.3336, 0.3332],
        [0.3281, 0.3358, 0.3362],
        [0.3292, 0.3346, 0.3362],
        [0.3297, 0.3344, 0.3360],
        [0.3325, 0.3334, 0.3341],
        [0.3328, 0.3329, 0.3343],
        [0.3293, 0.3354, 0.3353],
        [0.3331, 0.3334, 0.3335],
        [0.3317, 0.3330, 0.3353],
        [0.3302, 0.3340, 0.3358],
        [0.3334, 0.3328, 0.3338],
        [0.3324, 0.3339, 0.3337],
        [0.3321, 0.3340, 0.3339],
        [0.3307, 0.3339, 0.3354],
        [0.3321, 0.3332, 0.3347],
        [0.3318, 0.3341, 0.3342],
        [0.3318, 0.3353, 0.3329],
        [0.3309, 0.3340, 0.3351],
        [0.3326, 0.3329, 0.3344],
        [0.3326, 0.3334, 0.3340],
        [0.3333, 0.3321, 0.3346],
        [0.3330, 0.3337, 0.3333],
        [0.3334, 0.3330, 0.3336],
        [0.3262, 0.3359, 0.3379],
        [0.3308, 0.3346, 0.3346],
        [0.3302, 0.3347, 0.3352],
        [0.3303, 0.3340, 0.3357],
        [0.3283, 0.3351, 0.3367],
        [0.3344, 0.3319, 0.3337],
        [0.3290, 0.3360, 0.3350],
        [0.3333, 0.3330, 0.3338],
        [0.3329, 0.3334, 0.3336],
        [0.3344, 0.3328, 0.3328],
        [0.3318, 0.3355, 0.3327],
        [0.3277, 0.3357, 0.3366],
        [0.3317, 0.3338, 0.3345]], device='cuda:1')
perception attention:tensor([0.5000, 0.5000], device='cuda:1')
Test set results: loss= 0.3349 accuracy= 0.9110 F1_score= 0.9066
