# epoch	loss_train	acc_train	loss_val	acc_val	time	acc_test	f1_test
0001	1.7973	0.1917	1.7036	0.4180	0.1046s	1.6936	0.4130	0.3051
0
0002	1.6910	0.4167	1.5544	0.4100	0.1202s	1.5302	0.3980	0.2751
0
0003	1.5494	0.5083	1.3772	0.5060	0.1220s	1.3488	0.5190	0.4613
0
0004	1.3626	0.5833	1.1807	0.7400	0.1222s	1.1549	0.7560	0.7324
0
0005	1.1519	0.7333	1.0000	0.8500	0.1221s	0.9752	0.8490	0.8340
0
0006	0.9567	0.7833	0.8612	0.8340	0.1223s	0.8385	0.8470	0.8401
0
0007	0.8522	0.8000	0.7364	0.8580	0.1219s	0.7178	0.8630	0.8573
0
0008	0.7130	0.8833	0.6324	0.8880	0.1224s	0.6154	0.8910	0.8848
0
0009	0.5974	0.9000	0.5648	0.8740	0.1221s	0.5473	0.8920	0.8851
0
0010	0.5148	0.8500	0.5109	0.8760	0.1175s	0.4903	0.8960	0.8891
0
0011	0.4559	0.9083	0.4668	0.8920	0.1220s	0.4435	0.8950	0.8876
0
0012	0.3965	0.9417	0.4385	0.8920	0.1199s	0.4137	0.8920	0.8839
0
0013	0.3873	0.8917	0.4113	0.8960	0.1222s	0.3862	0.9070	0.9009
0
0014	0.3067	0.9250	0.3950	0.8840	0.1221s	0.3701	0.8980	0.8924
0
0015	0.2900	0.9333	0.3880	0.8820	0.1226s	0.3626	0.9020	0.8966
0
0016	0.2791	0.9417	0.3828	0.8880	0.1217s	0.3559	0.9040	0.8987
0
0017	0.2912	0.9583	0.3855	0.8880	0.1218s	0.3580	0.9020	0.8963
0
0018	0.2338	0.9583	0.3867	0.8900	0.1221s	0.3571	0.8990	0.8928
1
0019	0.2564	0.9750	0.3928	0.8880	0.1225s	0.3611	0.9020	0.8958
2
0020	0.2292	0.9333	0.3954	0.8880	0.1220s	0.3617	0.8990	0.8925
3
0021	0.1858	0.9583	0.3960	0.8820	0.1220s	0.3605	0.8990	0.8926
4
0022	0.2040	0.9833	0.3932	0.8920	0.1230s	0.3586	0.8970	0.8906
5
0023	0.2155	0.9583	0.3913	0.8940	0.1196s	0.3593	0.8960	0.8901
6
0024	0.1912	0.9583	0.3951	0.8920	0.1226s	0.3666	0.8960	0.8906
7
0025	0.1868	0.9750	0.4034	0.8800	0.1201s	0.3766	0.8960	0.8903
8
0026	0.1528	0.9833	0.4102	0.8800	0.1221s	0.3842	0.8950	0.8891
9
0027	0.1692	0.9667	0.4120	0.8780	0.1221s	0.3855	0.8980	0.8921
10
0028	0.1899	0.9833	0.4143	0.8800	0.1225s	0.3867	0.8970	0.8908
11
0029	0.1887	0.9333	0.4143	0.8800	0.1217s	0.3845	0.8960	0.8890
12
0030	0.1528	0.9583	0.4162	0.8840	0.1180s	0.3844	0.8910	0.8838
13
0031	0.1632	0.9833	0.4201	0.8860	0.1195s	0.3869	0.8920	0.8849
14
0032	0.1567	0.9750	0.4242	0.8860	0.1221s	0.3904	0.8900	0.8828
15
0033	0.1782	0.9750	0.4264	0.8900	0.1223s	0.3933	0.8870	0.8799
16
0034	0.1402	0.9833	0.4218	0.8900	0.1223s	0.3915	0.8900	0.8830
17
0035	0.1840	0.9667	0.4153	0.8820	0.1221s	0.3883	0.8920	0.8855
18
0036	0.1618	0.9667	0.4129	0.8840	0.1219s	0.3885	0.8900	0.8837
19
0037	0.1452	0.9917	0.4145	0.8820	0.1219s	0.3920	0.8920	0.8855
20
0038	0.1525	0.9667	0.4149	0.8820	0.1221s	0.3935	0.8900	0.8834
21
0039	0.1724	0.9583	0.4107	0.8820	0.1223s	0.3893	0.8890	0.8822
22
0040	0.1890	0.9750	0.4018	0.8860	0.1220s	0.3797	0.8930	0.8867
23
0041	0.1693	0.9833	0.3954	0.8900	0.1218s	0.3720	0.8960	0.8897
24
0042	0.1700	0.9750	0.3934	0.8960	0.1195s	0.3696	0.8960	0.8893
25
0043	0.1546	0.9917	0.3950	0.8900	0.1224s	0.3711	0.8940	0.8875
0
0044	0.1642	0.9833	0.3975	0.8880	0.1223s	0.3754	0.8910	0.8844
1
0045	0.1578	0.9917	0.4005	0.8860	0.1224s	0.3799	0.8860	0.8792
2
0046	0.1677	0.9667	0.4053	0.8820	0.1113s	0.3863	0.8880	0.8811
3
0047	0.1525	0.9750	0.4137	0.8820	0.1221s	0.3953	0.8830	0.8753
4
0048	0.1608	0.9500	0.4205	0.8780	0.1223s	0.4020	0.8800	0.8723
5
0049	0.1895	0.9833	0.4171	0.8780	0.1222s	0.3979	0.8830	0.8752
6
0050	0.1531	0.9750	0.4106	0.8820	0.1197s	0.3899	0.8810	0.8731
7
0051	0.1544	0.9833	0.4014	0.8840	0.1223s	0.3797	0.8870	0.8800
8
0052	0.1690	0.9583	0.3912	0.8940	0.1224s	0.3682	0.8920	0.8854
9
0053	0.1395	0.9917	0.3827	0.8960	0.1218s	0.3583	0.8940	0.8878
10
0054	0.1734	0.9833	0.3808	0.8980	0.1223s	0.3552	0.8960	0.8901
0
0055	0.1673	0.9750	0.3793	0.9000	0.1218s	0.3533	0.9000	0.8944
0
0056	0.1673	0.9750	0.3817	0.8960	0.1198s	0.3550	0.9010	0.8951
0
0057	0.1710	0.9833	0.3863	0.8880	0.1221s	0.3602	0.8970	0.8906
1
0058	0.1688	0.9583	0.3913	0.8860	0.1193s	0.3662	0.8960	0.8896
2
0059	0.1699	0.9917	0.4008	0.8840	0.1220s	0.3768	0.8900	0.8820
3
0060	0.1661	0.9667	0.4031	0.8860	0.1220s	0.3802	0.8920	0.8838
4
0061	0.1528	0.9833	0.3970	0.8900	0.1226s	0.3747	0.8940	0.8868
5
0062	0.1588	0.9917	0.3860	0.8940	0.1224s	0.3636	0.8970	0.8910
6
0063	0.1541	0.9917	0.3758	0.8980	0.1224s	0.3519	0.9000	0.8944
7
0064	0.1423	0.9917	0.3707	0.9020	0.1199s	0.3438	0.8980	0.8924
0
0065	0.1481	0.9667	0.3692	0.9000	0.1221s	0.3401	0.9020	0.8970
0
0066	0.1488	0.9917	0.3691	0.9020	0.1219s	0.3405	0.9010	0.8958
0
0067	0.1491	0.9833	0.3724	0.8980	0.1223s	0.3459	0.8990	0.8932
0
0068	0.1380	0.9917	0.3818	0.8960	0.1225s	0.3562	0.8960	0.8900
1
0069	0.1732	0.9583	0.3922	0.8900	0.1226s	0.3669	0.8940	0.8875
2
0070	0.1341	1.0000	0.3985	0.8860	0.1222s	0.3730	0.8940	0.8868
3
0071	0.1489	0.9917	0.3957	0.8880	0.1219s	0.3694	0.8980	0.8909
4
0072	0.1489	1.0000	0.3856	0.8880	0.1219s	0.3582	0.9020	0.8959
5
0073	0.1639	0.9500	0.3728	0.8980	0.1219s	0.3438	0.9040	0.8983
6
0074	0.1374	0.9750	0.3665	0.9020	0.1221s	0.3359	0.9050	0.8996
7
0075	0.1456	0.9583	0.3669	0.9000	0.1222s	0.3359	0.9070	0.9018
0
0076	0.1294	1.0000	0.3695	0.8980	0.1224s	0.3392	0.9010	0.8952
1
0077	0.1402	0.9833	0.3753	0.8920	0.1220s	0.3459	0.8980	0.8918
2
0078	0.1638	0.9667	0.3861	0.8860	0.1219s	0.3568	0.8970	0.8903
3
0079	0.1436	0.9917	0.3944	0.8880	0.1221s	0.3655	0.8950	0.8882
4
0080	0.1414	0.9917	0.3981	0.8840	0.1223s	0.3697	0.8940	0.8868
5
0081	0.1492	0.9833	0.3889	0.8880	0.1233s	0.3610	0.9000	0.8937
6
0082	0.1500	0.9833	0.3798	0.8900	0.1220s	0.3508	0.9010	0.8953
7
0083	0.1515	0.9667	0.3727	0.8960	0.1227s	0.3415	0.9070	0.9023
8
0084	0.1459	0.9833	0.3673	0.9000	0.1226s	0.3339	0.9090	0.9043
9
0085	0.1376	1.0000	0.3645	0.9080	0.1223s	0.3283	0.9090	0.9041
10
0086	0.1692	0.9417	0.3666	0.9040	0.1221s	0.3293	0.9050	0.8997
0
0087	0.1446	0.9833	0.3722	0.9020	0.1215s	0.3355	0.9040	0.8984
1
0088	0.1527	0.9500	0.3827	0.8900	0.1221s	0.3453	0.8970	0.8910
2
0089	0.1551	0.9667	0.3946	0.8900	0.1219s	0.3577	0.8910	0.8847
3
0090	0.1505	0.9750	0.3951	0.8880	0.1220s	0.3587	0.8910	0.8846
4
0091	0.1554	0.9833	0.3905	0.8820	0.1216s	0.3542	0.8960	0.8898
5
0092	0.1532	0.9583	0.3806	0.8940	0.1220s	0.3439	0.9040	0.8986
6
0093	0.1416	0.9583	0.3760	0.9020	0.1222s	0.3391	0.9030	0.8974
7
0094	0.1382	0.9667	0.3772	0.8980	0.1219s	0.3408	0.9040	0.8984
8
0095	0.1412	1.0000	0.3786	0.8960	0.1220s	0.3419	0.9070	0.9013
9
0096	0.1468	0.9833	0.3797	0.8960	0.1128s	0.3431	0.9080	0.9023
10
0097	0.1370	0.9583	0.3848	0.8900	0.1209s	0.3501	0.9080	0.9022
11
0098	0.1389	0.9750	0.3850	0.8880	0.1220s	0.3500	0.9040	0.8978
12
0099	0.1461	0.9667	0.3875	0.8900	0.1225s	0.3502	0.9060	0.8999
13
0100	0.1328	0.9833	0.3881	0.8900	0.1235s	0.3486	0.9010	0.8946
14
0101	0.1245	0.9833	0.3868	0.8960	0.1221s	0.3458	0.9020	0.8961
15
0102	0.1327	0.9750	0.3843	0.8940	0.1216s	0.3427	0.9020	0.8956
16
0103	0.1578	0.9667	0.3792	0.8980	0.1167s	0.3384	0.9010	0.8952
17
0104	0.1345	0.9917	0.3765	0.8980	0.1195s	0.3377	0.9030	0.8980
18
0105	0.1258	0.9917	0.3745	0.8960	0.1193s	0.3378	0.9050	0.9001
19
0106	0.1525	0.9917	0.3745	0.8920	0.1223s	0.3394	0.9070	0.9022
20
0107	0.1447	0.9833	0.3779	0.8980	0.1218s	0.3446	0.9050	0.8991
21
0108	0.1737	0.9833	0.3820	0.8940	0.1198s	0.3485	0.9060	0.8997
22
0109	0.1242	0.9750	0.3882	0.8900	0.1223s	0.3540	0.9090	0.9028
23
0110	0.1450	0.9667	0.3929	0.8880	0.1223s	0.3572	0.9030	0.8963
24
0111	0.1483	0.9750	0.3950	0.8900	0.1227s	0.3571	0.9000	0.8932
25
0112	0.1809	0.9750	0.3893	0.9000	0.1224s	0.3498	0.9020	0.8956
26
0113	0.1572	0.9750	0.3853	0.8980	0.1218s	0.3452	0.9010	0.8947
27
0114	0.1577	0.9917	0.3797	0.8980	0.1182s	0.3407	0.9070	0.9020
28
0115	0.1397	0.9750	0.3769	0.8980	0.1225s	0.3397	0.9090	0.9047
29
0116	0.1437	0.9917	0.3732	0.9020	0.1220s	0.3393	0.9060	0.9014
30
0117	0.1383	0.9833	0.3698	0.9020	0.1219s	0.3388	0.9070	0.9022
31
0118	0.1314	0.9750	0.3709	0.9020	0.1221s	0.3414	0.9040	0.8985
32
0119	0.1483	0.9750	0.3731	0.9000	0.1196s	0.3432	0.9060	0.9001
33
0120	0.1473	1.0000	0.3746	0.8980	0.1221s	0.3435	0.9030	0.8972
34
0121	0.1481	0.9583	0.3796	0.9040	0.1219s	0.3474	0.9010	0.8953
35
0122	0.1404	0.9917	0.3836	0.8980	0.1172s	0.3509	0.8990	0.8931
36
0123	0.1381	0.9833	0.3827	0.9000	0.1192s	0.3496	0.9010	0.8952
37
0124	0.1423	0.9500	0.3767	0.9040	0.1220s	0.3441	0.9020	0.8963
38
0125	0.1380	0.9583	0.3731	0.9020	0.1221s	0.3413	0.9050	0.8998
39
0126	0.1390	0.9750	0.3732	0.9080	0.1223s	0.3424	0.9060	0.9007
40
0127	0.1180	0.9917	0.3754	0.9080	0.1224s	0.3443	0.9060	0.9005
0
0128	0.1280	0.9917	0.3814	0.9060	0.1047s	0.3507	0.9030	0.8971
0
0129	0.1490	0.9583	0.3886	0.8980	0.1047s	0.3604	0.9020	0.8963
1
0130	0.1426	0.9583	0.3994	0.8920	0.1227s	0.3734	0.8950	0.8885
2
0131	0.1440	0.9750	0.4066	0.8920	0.1224s	0.3803	0.8910	0.8841
3
0132	0.1268	1.0000	0.4103	0.8880	0.1207s	0.3846	0.8910	0.8840
4
0133	0.1505	0.9833	0.3983	0.8940	0.1222s	0.3735	0.8990	0.8929
5
0134	0.1778	0.9750	0.3851	0.9000	0.1219s	0.3606	0.9030	0.8972
6
0135	0.1381	1.0000	0.3822	0.9060	0.1217s	0.3566	0.9050	0.8993
7
0136	0.1441	0.9750	0.3839	0.9060	0.1202s	0.3563	0.9060	0.9008
8
0137	0.1255	0.9750	0.3901	0.9060	0.1221s	0.3599	0.9040	0.8983
9
0138	0.1313	0.9917	0.3961	0.9020	0.1201s	0.3644	0.9000	0.8938
10
0139	0.1441	0.9750	0.3991	0.8980	0.1228s	0.3664	0.8970	0.8911
11
0140	0.1134	0.9917	0.3951	0.9000	0.1219s	0.3638	0.8980	0.8923
12
0141	0.1293	0.9917	0.3959	0.8980	0.1220s	0.3646	0.8970	0.8912
13
0142	0.1234	1.0000	0.3879	0.9040	0.1221s	0.3595	0.9040	0.8986
14
0143	0.1342	0.9750	0.3858	0.8980	0.1227s	0.3570	0.9040	0.8987
15
0144	0.1546	0.9667	0.3797	0.9060	0.1218s	0.3512	0.9050	0.9002
16
0145	0.1601	0.9583	0.3792	0.9060	0.1167s	0.3520	0.9060	0.9012
17
0146	0.1468	0.9917	0.3797	0.9080	0.1061s	0.3533	0.9060	0.9008
18
0147	0.1252	1.0000	0.3802	0.9060	0.1235s	0.3537	0.9070	0.9017
0
0148	0.1565	0.9833	0.3883	0.8960	0.1230s	0.3607	0.9010	0.8956
1
0149	0.1556	0.9667	0.3925	0.8960	0.1232s	0.3646	0.9000	0.8947
2
0150	0.1192	0.9667	0.3935	0.9000	0.1233s	0.3647	0.8990	0.8934
3
0151	0.1295	0.9917	0.3900	0.9020	0.1236s	0.3613	0.8980	0.8921
4
0152	0.1301	0.9750	0.3870	0.9020	0.1233s	0.3583	0.9000	0.8942
5
0153	0.1278	1.0000	0.3780	0.9020	0.1232s	0.3513	0.9000	0.8943
6
0154	0.1505	0.9917	0.3726	0.9020	0.1232s	0.3484	0.9000	0.8944
7
0155	0.1436	0.9917	0.3714	0.9040	0.1027s	0.3489	0.9030	0.8977
8
0156	0.1394	0.9917	0.3729	0.9080	0.1137s	0.3511	0.9040	0.8987
9
0157	0.1347	0.9667	0.3765	0.9040	0.1219s	0.3547	0.9010	0.8953
0
0158	0.1357	0.9917	0.3780	0.8980	0.1217s	0.3548	0.9030	0.8970
1
0159	0.1438	0.9750	0.3843	0.8980	0.1231s	0.3596	0.9050	0.8991
2
0160	0.1298	0.9917	0.3926	0.9000	0.1213s	0.3673	0.9020	0.8959
3
0161	0.1302	0.9833	0.3954	0.8960	0.1221s	0.3707	0.8980	0.8917
4
0162	0.1321	0.9750	0.3937	0.9000	0.1211s	0.3702	0.8990	0.8927
5
0163	0.1445	0.9917	0.3918	0.9000	0.1222s	0.3690	0.9010	0.8949
6
0164	0.1456	0.9833	0.3910	0.8940	0.1223s	0.3702	0.9030	0.8970
7
0165	0.1332	0.9583	0.3912	0.8900	0.1233s	0.3720	0.9030	0.8973
8
0166	0.1464	0.9667	0.3909	0.8960	0.1234s	0.3704	0.9000	0.8944
9
0167	0.1308	1.0000	0.3900	0.8980	0.1221s	0.3666	0.9000	0.8946
10
0168	0.1445	0.9667	0.3922	0.8940	0.1223s	0.3640	0.8990	0.8933
11
0169	0.1298	0.9917	0.4031	0.8920	0.1216s	0.3704	0.8970	0.8910
12
0170	0.1313	0.9917	0.4123	0.8900	0.1221s	0.3762	0.8940	0.8877
13
0171	0.1441	0.9917	0.4143	0.8860	0.1051s	0.3766	0.8980	0.8912
14
0172	0.1525	0.9750	0.4089	0.8920	0.1133s	0.3724	0.8990	0.8929
15
0173	0.1280	0.9833	0.3988	0.8960	0.1300s	0.3645	0.9000	0.8943
16
0174	0.1306	0.9750	0.3865	0.9020	0.1241s	0.3557	0.9010	0.8952
17
0175	0.1449	0.9750	0.3815	0.8960	0.1250s	0.3538	0.9030	0.8977
18
0176	0.1384	0.9833	0.3851	0.8980	0.1232s	0.3618	0.9050	0.8995
19
0177	0.1369	0.9833	0.3935	0.9000	0.1249s	0.3728	0.8980	0.8922
20
0178	0.1398	1.0000	0.4018	0.8980	0.1234s	0.3809	0.8970	0.8913
21
0179	0.1445	0.9833	0.4163	0.8840	0.1253s	0.3911	0.8950	0.8895
22
0180	0.1270	0.9750	0.4262	0.8840	0.1231s	0.3971	0.8920	0.8864
23
0181	0.1726	0.9750	0.4104	0.8880	0.1254s	0.3809	0.8980	0.8921
24
0182	0.1388	0.9583	0.3961	0.9000	0.1231s	0.3662	0.9000	0.8940
25
0183	0.1271	1.0000	0.3933	0.9000	0.1231s	0.3637	0.9030	0.8972
26
0184	0.1402	0.9750	0.3944	0.9000	0.1233s	0.3669	0.9050	0.8996
27
0185	0.1292	0.9750	0.3952	0.8980	0.1234s	0.3724	0.8980	0.8922
28
0186	0.1296	0.9667	0.3986	0.8920	0.1245s	0.3813	0.8970	0.8906
29
0187	0.1238	1.0000	0.4091	0.8880	0.1232s	0.3946	0.8990	0.8924
30
0188	0.1339	0.9667	0.4176	0.8840	0.1244s	0.4029	0.8960	0.8895
31
0189	0.1498	0.9833	0.4282	0.8820	0.1234s	0.4110	0.8960	0.8892
32
0190	0.1573	0.9750	0.4293	0.8820	0.1327s	0.4086	0.8920	0.8851
33
0191	0.1405	0.9583	0.4256	0.8900	0.1222s	0.4032	0.8940	0.8874
34
0192	0.1525	0.9667	0.4110	0.8900	0.1230s	0.3886	0.9010	0.8947
35
0193	0.1474	0.9917	0.3969	0.8960	0.1256s	0.3749	0.8980	0.8918
36
0194	0.1438	0.9833	0.3939	0.8920	0.1228s	0.3719	0.9000	0.8940
37
0195	0.1524	1.0000	0.3929	0.8920	0.1223s	0.3725	0.9000	0.8936
38
0196	0.1252	0.9917	0.3962	0.8960	0.1245s	0.3781	0.8990	0.8926
39
0197	0.1405	0.9750	0.4030	0.8920	0.1224s	0.3850	0.8970	0.8902
40
0198	0.1371	0.9667	0.4012	0.8960	0.1221s	0.3836	0.8970	0.8901
41
0199	0.1370	0.9917	0.3975	0.8960	0.1244s	0.3789	0.8950	0.8885
42
0200	0.1361	0.9833	0.3977	0.8960	0.1220s	0.3773	0.8960	0.8899
43
0201	0.1337	0.9917	0.3990	0.8920	0.1239s	0.3760	0.8970	0.8910
44
0202	0.1333	0.9917	0.4023	0.8920	0.1221s	0.3779	0.8980	0.8924
45
0203	0.1425	0.9750	0.4042	0.8920	0.1241s	0.3779	0.8950	0.8888
46
0204	0.1605	0.9917	0.4056	0.8960	0.1222s	0.3758	0.8960	0.8897
47
0205	0.1380	0.9833	0.4080	0.8880	0.1233s	0.3751	0.8980	0.8914
48
0206	0.1299	1.0000	0.4060	0.8900	0.1221s	0.3713	0.8970	0.8903
49
0207	0.1367	0.9667	0.3999	0.8900	0.1237s	0.3653	0.8990	0.8926
50
0208	0.1270	0.9833	0.3932	0.8940	0.1225s	0.3582	0.8970	0.8905
51
0209	0.1149	0.9833	0.3890	0.9000	0.1221s	0.3545	0.9020	0.8963
52
0210	0.1253	0.9750	0.3880	0.9000	0.1229s	0.3548	0.9020	0.8961
53
0211	0.1370	0.9750	0.3911	0.8920	0.1224s	0.3583	0.8970	0.8910
54
0212	0.1278	0.9833	0.3996	0.8940	0.1218s	0.3692	0.8990	0.8934
55
0213	0.1262	0.9750	0.4130	0.8880	0.1249s	0.3828	0.8990	0.8931
56
0214	0.1376	0.9750	0.4247	0.8880	0.1225s	0.3917	0.8980	0.8922
57
0215	0.1276	0.9750	0.4259	0.8860	0.1227s	0.3907	0.8940	0.8881
58
0216	0.1192	0.9833	0.4198	0.8880	0.1210s	0.3826	0.8970	0.8909
59
0217	0.1139	0.9917	0.4020	0.8920	0.1068s	0.3632	0.9010	0.8948
60
0218	0.1188	0.9917	0.3922	0.9040	0.1211s	0.3515	0.8990	0.8930
61
0219	0.1213	0.9833	0.3896	0.9000	0.1062s	0.3469	0.9040	0.8991
62
0220	0.1302	0.9917	0.3906	0.9040	0.1053s	0.3475	0.9070	0.9024
63
0221	0.1330	0.9667	0.3906	0.9000	0.1193s	0.3495	0.9040	0.8991
64
0222	0.1557	0.9750	0.3944	0.8980	0.1095s	0.3551	0.9000	0.8943
65
0223	0.1468	0.9917	0.4052	0.8880	0.1224s	0.3658	0.9010	0.8953
66
0224	0.1542	0.9583	0.4225	0.8840	0.1215s	0.3821	0.8980	0.8919
67
0225	0.1237	1.0000	0.4359	0.8840	0.1220s	0.3936	0.9000	0.8941
68
0226	0.1257	0.9750	0.4314	0.8820	0.1222s	0.3898	0.9000	0.8943
69
0227	0.1355	0.9833	0.4163	0.8900	0.1234s	0.3753	0.8970	0.8910
70
0228	0.1498	0.9750	0.3970	0.8940	0.1222s	0.3573	0.9010	0.8956
71
0229	0.1319	0.9833	0.3867	0.9020	0.1233s	0.3494	0.9050	0.8999
72
0230	0.1534	0.9667	0.3858	0.8980	0.1217s	0.3529	0.9050	0.9000
73
0231	0.1331	0.9833	0.3887	0.8960	0.1217s	0.3593	0.9060	0.9013
74
0232	0.1657	0.9750	0.3932	0.8900	0.1222s	0.3635	0.9050	0.8997
75
0233	0.1198	0.9833	0.3966	0.8960	0.1225s	0.3655	0.9040	0.8985
76
0234	0.1279	0.9667	0.4013	0.8900	0.1232s	0.3675	0.9060	0.9007
77
0235	0.1259	0.9750	0.4046	0.8920	0.1214s	0.3674	0.9010	0.8952
78
0236	0.1212	0.9667	0.4013	0.8920	0.1218s	0.3626	0.9010	0.8953
79
0237	0.1272	0.9917	0.3985	0.8920	0.1218s	0.3582	0.9020	0.8959
80
0238	0.1287	0.9750	0.3939	0.8960	0.1096s	0.3526	0.9070	0.9015
81
0239	0.1246	0.9833	0.3871	0.8960	0.1162s	0.3452	0.9060	0.9009
82
0240	0.1180	0.9833	0.3843	0.8980	0.1111s	0.3421	0.9060	0.9009
83
0241	0.1304	0.9750	0.3818	0.8980	0.1049s	0.3384	0.9050	0.9002
84
0242	0.1422	0.9917	0.3814	0.9080	0.1046s	0.3355	0.9040	0.8990
85
0243	0.1236	0.9917	0.3848	0.9000	0.1071s	0.3383	0.9060	0.9010
0
0244	0.1203	0.9917	0.3899	0.8980	0.1068s	0.3439	0.9050	0.8999
1
0245	0.1601	0.9583	0.3975	0.8920	0.1046s	0.3514	0.9020	0.8967
2
0246	0.1353	0.9750	0.4067	0.8920	0.1047s	0.3607	0.9000	0.8941
3
0247	0.1130	0.9833	0.4129	0.8920	0.1050s	0.3673	0.8940	0.8877
4
0248	0.1256	0.9917	0.4139	0.8960	0.1230s	0.3686	0.8960	0.8901
5
0249	0.1396	0.9917	0.4157	0.8940	0.1217s	0.3700	0.8940	0.8880
6
0250	0.1420	0.9833	0.4157	0.8960	0.1217s	0.3703	0.8920	0.8858
7
0251	0.1389	0.9833	0.4109	0.8960	0.1225s	0.3672	0.8940	0.8879
8
0252	0.1285	0.9833	0.4001	0.9000	0.1220s	0.3588	0.8980	0.8920
9
0253	0.1280	0.9917	0.3935	0.8920	0.1220s	0.3555	0.8990	0.8931
10
0254	0.1306	0.9750	0.3866	0.8900	0.1222s	0.3508	0.9080	0.9029
11
0255	0.1461	0.9750	0.3832	0.8940	0.1220s	0.3477	0.9070	0.9023
12
0256	0.1180	0.9917	0.3801	0.8940	0.1218s	0.3443	0.9080	0.9029
13
0257	0.1465	0.9500	0.3782	0.8960	0.1222s	0.3425	0.9070	0.9019
14
0258	0.1300	0.9833	0.3844	0.8900	0.1220s	0.3475	0.9040	0.8986
15
0259	0.1281	0.9833	0.4007	0.8920	0.1217s	0.3622	0.8980	0.8920
16
0260	0.1319	0.9583	0.4100	0.8920	0.1218s	0.3703	0.8930	0.8864
17
0261	0.1238	0.9750	0.4073	0.8880	0.1218s	0.3677	0.8950	0.8884
18
0262	0.1385	0.9667	0.3969	0.8940	0.1228s	0.3599	0.8960	0.8896
19
0263	0.1447	0.9750	0.3871	0.8920	0.1215s	0.3523	0.9000	0.8943
20
0264	0.1552	0.9667	0.3798	0.8960	0.1060s	0.3464	0.9070	0.9020
21
0265	0.1566	0.9500	0.3764	0.8940	0.1217s	0.3440	0.9070	0.9021
22
0266	0.1424	0.9583	0.3761	0.8960	0.1074s	0.3449	0.9070	0.9021
23
0267	0.1395	0.9833	0.3817	0.8960	0.1080s	0.3527	0.9050	0.8995
24
0268	0.1276	0.9750	0.3880	0.8900	0.1161s	0.3602	0.9050	0.8995
25
0269	0.1303	0.9917	0.3943	0.8880	0.1237s	0.3672	0.9020	0.8960
26
0270	0.1321	0.9833	0.4004	0.8880	0.1067s	0.3722	0.9010	0.8950
27
0271	0.1244	0.9750	0.4051	0.8880	0.1247s	0.3756	0.9010	0.8949
28
0272	0.1422	0.9500	0.4078	0.8900	0.1046s	0.3773	0.8970	0.8905
29
0273	0.1363	0.9750	0.4043	0.8940	0.1217s	0.3738	0.8990	0.8928
30
0274	0.1233	0.9917	0.3978	0.8940	0.1221s	0.3683	0.8990	0.8931
31
0275	0.1247	1.0000	0.3908	0.8960	0.1220s	0.3640	0.9000	0.8942
32
0276	0.1289	0.9417	0.3877	0.8960	0.1212s	0.3645	0.9020	0.8963
33
0277	0.1202	0.9833	0.3878	0.8920	0.1221s	0.3659	0.9040	0.8982
34
0278	0.1523	0.9583	0.3987	0.8840	0.1222s	0.3762	0.9040	0.8979
35
0279	0.1173	0.9833	0.4164	0.8840	0.1221s	0.3921	0.9000	0.8933
36
0280	0.1530	0.9917	0.4284	0.8840	0.1214s	0.4021	0.8960	0.8885
37
0281	0.1371	0.9833	0.4328	0.8800	0.1219s	0.4077	0.8980	0.8906
38
0282	0.1374	0.9750	0.4241	0.8820	0.1219s	0.4017	0.8940	0.8866
39
0283	0.1308	0.9917	0.4065	0.8900	0.1235s	0.3870	0.8970	0.8906
40
0284	0.1372	0.9833	0.3929	0.8880	0.1217s	0.3736	0.9010	0.8952
41
0285	0.1315	0.9583	0.3880	0.8980	0.1223s	0.3681	0.9020	0.8966
42
0286	0.1372	0.9750	0.3864	0.8980	0.1214s	0.3666	0.9010	0.8957
43
0287	0.1390	0.9500	0.3888	0.8980	0.1050s	0.3706	0.9000	0.8946
44
0288	0.1311	0.9833	0.3938	0.8940	0.1226s	0.3774	0.8990	0.8934
45
0289	0.1413	0.9917	0.3998	0.8900	0.1075s	0.3853	0.8960	0.8902
46
0290	0.1167	0.9833	0.4100	0.8880	0.1046s	0.3961	0.8900	0.8837
47
0291	0.1361	0.9750	0.4149	0.8860	0.1179s	0.4005	0.8860	0.8799
48
0292	0.1224	0.9917	0.4147	0.8860	0.1142s	0.3997	0.8890	0.8824
49
0293	0.1379	0.9833	0.4107	0.8920	0.1053s	0.3943	0.8930	0.8862
50
0294	0.1341	0.9833	0.4028	0.8880	0.1084s	0.3857	0.8990	0.8928
51
0295	0.1259	0.9833	0.3973	0.8920	0.1051s	0.3798	0.8990	0.8930
52
0296	0.1293	0.9833	0.3920	0.8960	0.1048s	0.3737	0.9010	0.8956
53
0297	0.1408	0.9667	0.3897	0.8980	0.1080s	0.3696	0.9020	0.8969
54
0298	0.1527	0.9833	0.3883	0.8980	0.1223s	0.3672	0.9000	0.8942
55
0299	0.1277	0.9833	0.3887	0.9020	0.1051s	0.3665	0.9000	0.8942
56
0300	0.1641	0.9833	0.3874	0.9020	0.1193s	0.3665	0.9030	0.8975
57
0301	0.1710	0.9667	0.3919	0.9000	0.1217s	0.3726	0.9020	0.8960
58
0302	0.1417	0.9917	0.3955	0.9000	0.1230s	0.3790	0.8980	0.8921
59
0303	0.1446	0.9750	0.3955	0.8960	0.1219s	0.3824	0.8960	0.8899
60
0304	0.1179	1.0000	0.3941	0.9040	0.1220s	0.3834	0.8980	0.8923
61
0305	0.1145	0.9833	0.3915	0.8980	0.1219s	0.3836	0.9010	0.8952
62
0306	0.1407	0.9667	0.3874	0.9020	0.1220s	0.3794	0.9020	0.8969
63
0307	0.1377	0.9667	0.3840	0.9060	0.1226s	0.3733	0.9060	0.9015
64
0308	0.1510	0.9833	0.3836	0.9080	0.1220s	0.3701	0.9030	0.8982
65
0309	0.1381	0.9917	0.3838	0.9060	0.1237s	0.3681	0.9020	0.8971
0
0310	0.1282	0.9833	0.3846	0.9000	0.1223s	0.3689	0.9040	0.8991
1
0311	0.1485	1.0000	0.3870	0.9040	0.1223s	0.3722	0.9020	0.8966
2
0312	0.1243	0.9917	0.3904	0.9000	0.1263s	0.3757	0.9030	0.8972
3
0313	0.1434	0.9583	0.3910	0.8960	0.1046s	0.3773	0.9050	0.8992
4
0314	0.1117	0.9917	0.3892	0.8940	0.1066s	0.3774	0.9040	0.8985
5
0315	0.1361	0.9833	0.3863	0.8960	0.1068s	0.3758	0.9030	0.8974
6
0316	0.1311	0.9833	0.3875	0.8960	0.1044s	0.3763	0.9010	0.8952
7
0317	0.1566	0.9750	0.3845	0.8980	0.1224s	0.3705	0.9030	0.8974
8
0318	0.1169	0.9917	0.3873	0.8980	0.1223s	0.3705	0.8990	0.8931
9
0319	0.1139	0.9917	0.3914	0.8980	0.1053s	0.3725	0.8970	0.8910
10
0320	0.1338	0.9667	0.3946	0.9000	0.1085s	0.3761	0.8960	0.8898
11
0321	0.1198	0.9667	0.3933	0.8940	0.1061s	0.3760	0.8990	0.8929
12
0322	0.1332	0.9833	0.3915	0.8940	0.1054s	0.3748	0.9030	0.8971
13
0323	0.1216	0.9833	0.3892	0.8920	0.1081s	0.3730	0.9070	0.9017
14
0324	0.1216	0.9750	0.3878	0.8940	0.1047s	0.3723	0.9090	0.9040
15
0325	0.1225	1.0000	0.3892	0.8940	0.1061s	0.3727	0.9060	0.9008
16
0326	0.1389	0.9750	0.3840	0.8920	0.1191s	0.3646	0.9070	0.9017
17
0327	0.1099	0.9750	0.3806	0.8940	0.1226s	0.3583	0.9050	0.8996
18
0328	0.1357	0.9667	0.3792	0.8900	0.1226s	0.3548	0.9040	0.8980
19
0329	0.1393	0.9750	0.3808	0.8920	0.1230s	0.3544	0.9010	0.8950
20
0330	0.1382	0.9917	0.3871	0.8920	0.1226s	0.3595	0.8990	0.8932
21
0331	0.1261	0.9917	0.3876	0.8920	0.1219s	0.3606	0.8990	0.8931
22
0332	0.1379	0.9833	0.3817	0.8900	0.1218s	0.3568	0.9000	0.8945
23
0333	0.1439	1.0000	0.3798	0.8920	0.1225s	0.3552	0.9040	0.8984
24
0334	0.1403	0.9667	0.3778	0.8940	0.1221s	0.3538	0.9060	0.9005
25
0335	0.1428	1.0000	0.3798	0.8960	0.1215s	0.3563	0.9050	0.8996
26
0336	0.1324	0.9833	0.3845	0.8980	0.1214s	0.3615	0.9080	0.9025
27
0337	0.1415	0.9917	0.3892	0.8980	0.1219s	0.3676	0.9060	0.9003
28
0338	0.1486	0.9833	0.3932	0.8920	0.1222s	0.3728	0.8990	0.8927
29
0339	0.1274	0.9917	0.3988	0.8900	0.1043s	0.3781	0.8960	0.8895
30
0340	0.1367	0.9667	0.3895	0.8900	0.1079s	0.3692	0.8980	0.8915
31
0341	0.1233	0.9417	0.3801	0.8980	0.1046s	0.3589	0.9010	0.8950
32
0342	0.1355	0.9583	0.3719	0.9020	0.1091s	0.3496	0.9060	0.9007
33
0343	0.1250	0.9833	0.3681	0.9020	0.1061s	0.3432	0.9100	0.9051
34
0344	0.1407	0.9750	0.3698	0.9020	0.1073s	0.3420	0.9090	0.9037
35
0345	0.1446	0.9833	0.3744	0.9000	0.1048s	0.3453	0.9080	0.9026
36
0346	0.1406	0.9583	0.3849	0.8920	0.1217s	0.3568	0.9010	0.8946
37
0347	0.1421	0.9917	0.4013	0.8900	0.1063s	0.3732	0.8960	0.8889
38
0348	0.1513	0.9750	0.4173	0.8800	0.1225s	0.3903	0.8930	0.8860
39
0349	0.1465	0.9833	0.4229	0.8760	0.1059s	0.3980	0.8960	0.8888
40
0350	0.1461	0.9583	0.4152	0.8860	0.1194s	0.3930	0.9010	0.8942
41
0351	0.1534	0.9750	0.4006	0.8920	0.1218s	0.3823	0.9010	0.8946
42
0352	0.1305	0.9833	0.3860	0.8940	0.1237s	0.3692	0.9040	0.8984
43
0353	0.1531	0.9750	0.3775	0.9000	0.1220s	0.3593	0.9030	0.8981
44
0354	0.1225	0.9833	0.3771	0.8980	0.1224s	0.3556	0.9030	0.8981
45
0355	0.1085	0.9917	0.3815	0.9020	0.1221s	0.3559	0.9030	0.8985
46
0356	0.1393	0.9583	0.3814	0.9000	0.1217s	0.3531	0.9040	0.8995
47
0357	0.1504	0.9583	0.3827	0.8980	0.1218s	0.3539	0.9020	0.8966
48
0358	0.1615	0.9833	0.3821	0.8980	0.1221s	0.3532	0.9040	0.8981
49
0359	0.1363	0.9750	0.3866	0.8940	0.1225s	0.3565	0.9050	0.8988
50
0360	0.1287	0.9833	0.3986	0.8920	0.1225s	0.3669	0.9060	0.9000
51
0361	0.1353	0.9667	0.4022	0.8880	0.1219s	0.3705	0.9030	0.8968
52
0362	0.1652	0.9750	0.3951	0.8940	0.1224s	0.3656	0.9060	0.8996
53
0363	0.1314	0.9833	0.3898	0.8920	0.1234s	0.3614	0.9050	0.8991
54
0364	0.1409	0.9750	0.3881	0.8920	0.1228s	0.3617	0.9010	0.8953
55
0365	0.1156	0.9833	0.3870	0.8920	0.1243s	0.3618	0.8970	0.8916
56
0366	0.1300	0.9667	0.3915	0.8900	0.1064s	0.3664	0.8970	0.8917
57
0367	0.1115	0.9917	0.3900	0.8920	0.1048s	0.3652	0.8980	0.8930
58
0368	0.1533	1.0000	0.3834	0.8940	0.1214s	0.3583	0.8980	0.8928
59
0369	0.1172	0.9917	0.3761	0.9000	0.1076s	0.3515	0.9000	0.8941
60
0370	0.1400	0.9833	0.3742	0.8980	0.1047s	0.3499	0.9020	0.8959
61
0371	0.1236	0.9833	0.3725	0.9000	0.1043s	0.3485	0.9050	0.8989
62
0372	0.1365	0.9583	0.3718	0.9000	0.1221s	0.3474	0.9070	0.9011
63
0373	0.1268	0.9750	0.3689	0.9060	0.1159s	0.3450	0.9090	0.9037
64
0374	0.1568	0.9833	0.3638	0.9040	0.1160s	0.3423	0.9120	0.9072
65
0375	0.1538	0.9667	0.3633	0.9040	0.1053s	0.3456	0.9100	0.9045
0
0376	0.1377	0.9750	0.3664	0.8980	0.1048s	0.3498	0.9060	0.9010
0
0377	0.1212	0.9833	0.3751	0.9000	0.1217s	0.3569	0.9020	0.8972
1
0378	0.1294	0.9750	0.3873	0.8960	0.1221s	0.3659	0.8990	0.8939
2
0379	0.1345	0.9917	0.3909	0.8920	0.1219s	0.3667	0.8960	0.8905
3
0380	0.1261	1.0000	0.3878	0.8900	0.1234s	0.3635	0.8960	0.8905
4
0381	0.1327	0.9833	0.3831	0.8880	0.1220s	0.3598	0.8960	0.8896
5
0382	0.1432	0.9583	0.3808	0.8880	0.1216s	0.3583	0.8980	0.8917
6
0383	0.1339	0.9833	0.3768	0.8900	0.1219s	0.3569	0.9010	0.8945
7
0384	0.1438	0.9583	0.3684	0.9000	0.1220s	0.3518	0.9050	0.8995
8
0385	0.1279	0.9667	0.3670	0.8960	0.1221s	0.3534	0.9090	0.9041
9
0386	0.1599	0.9750	0.3698	0.8960	0.1225s	0.3582	0.9060	0.9012
10
0387	0.1497	1.0000	0.3754	0.8920	0.1219s	0.3637	0.9080	0.9032
11
0388	0.1543	0.9667	0.3767	0.8920	0.1224s	0.3613	0.9020	0.8968
12
0389	0.1286	0.9917	0.3791	0.8940	0.1239s	0.3597	0.8960	0.8904
13
0390	0.1365	0.9750	0.3851	0.8960	0.1224s	0.3632	0.8950	0.8890
14
0391	0.1323	0.9750	0.3907	0.8940	0.1065s	0.3673	0.8930	0.8865
15
0392	0.1429	0.9667	0.3877	0.8920	0.1039s	0.3651	0.8950	0.8889
16
0393	0.1500	0.9833	0.3783	0.8920	0.1046s	0.3596	0.8960	0.8896
17
0394	0.1330	0.9833	0.3795	0.8940	0.1066s	0.3644	0.8990	0.8928
18
0395	0.1104	1.0000	0.3889	0.8880	0.1049s	0.3761	0.8990	0.8923
19
0396	0.1386	0.9667	0.3967	0.8860	0.1044s	0.3841	0.8980	0.8908
20
0397	0.1478	0.9500	0.3901	0.8880	0.1195s	0.3775	0.9020	0.8955
21
0398	0.1521	0.9833	0.3824	0.8920	0.1223s	0.3676	0.9030	0.8977
22
0399	0.1333	0.9500	0.3836	0.8920	0.1072s	0.3644	0.8960	0.8901
23
0400	0.1351	0.9667	0.3874	0.8940	0.1111s	0.3636	0.8970	0.8914
24
0401	0.1405	0.9917	0.3905	0.8940	0.1061s	0.3640	0.8940	0.8878
25
0402	0.1339	0.9667	0.3932	0.8900	0.1049s	0.3671	0.8910	0.8843
26
0403	0.1334	0.9917	0.3908	0.8940	0.1045s	0.3660	0.8940	0.8876
27
0404	0.1253	0.9583	0.3802	0.8940	0.1227s	0.3586	0.8990	0.8930
28
0405	0.1239	1.0000	0.3731	0.9000	0.1223s	0.3544	0.9000	0.8940
29
0406	0.1278	1.0000	0.3711	0.9020	0.1220s	0.3536	0.9030	0.8975
30
0407	0.1225	0.9833	0.3724	0.9020	0.1223s	0.3554	0.9040	0.8987
31
0408	0.1338	0.9417	0.3720	0.9020	0.1219s	0.3551	0.9040	0.8988
32
0409	0.1309	0.9750	0.3758	0.9040	0.1224s	0.3591	0.9020	0.8964
33
0410	0.1325	0.9667	0.3791	0.9000	0.1225s	0.3632	0.9020	0.8964
34
0411	0.1334	0.9833	0.3821	0.8920	0.1225s	0.3655	0.8970	0.8909
35
0412	0.1168	0.9917	0.3858	0.8880	0.1236s	0.3685	0.8930	0.8868
36
0413	0.1387	0.9833	0.3826	0.8940	0.1222s	0.3636	0.8980	0.8919
37
0414	0.1430	0.9917	0.3793	0.8960	0.1216s	0.3586	0.9020	0.8960
38
0415	0.1222	0.9833	0.3763	0.9040	0.1252s	0.3540	0.9050	0.8994
39
0416	0.1244	0.9833	0.3769	0.9040	0.1235s	0.3534	0.9030	0.8972
40
0417	0.1212	0.9833	0.3785	0.9040	0.1188s	0.3548	0.8980	0.8918
41
0418	0.1427	0.9750	0.3797	0.9020	0.1053s	0.3566	0.8980	0.8919
42
0419	0.1226	0.9917	0.3811	0.9020	0.1073s	0.3585	0.9010	0.8950
43
0420	0.1183	0.9667	0.3819	0.9020	0.1047s	0.3604	0.9040	0.8980
44
0421	0.1263	0.9917	0.3811	0.9040	0.1044s	0.3599	0.9030	0.8971
45
0422	0.1139	1.0000	0.3769	0.9020	0.1047s	0.3559	0.9030	0.8974
46
0423	0.1212	0.9833	0.3734	0.9080	0.1218s	0.3511	0.9030	0.8971
47
0424	0.1364	0.9750	0.3725	0.9080	0.1209s	0.3507	0.9030	0.8972
0
0425	0.1345	0.9833	0.3713	0.9080	0.1064s	0.3478	0.9030	0.8971
0
0426	0.1227	0.9917	0.3719	0.9060	0.1046s	0.3466	0.9010	0.8950
0
0427	0.1323	1.0000	0.3752	0.9060	0.1043s	0.3486	0.9020	0.8960
1
0428	0.1226	0.9750	0.3777	0.9040	0.1130s	0.3516	0.9020	0.8960
2
0429	0.1504	0.9750	0.3796	0.9000	0.1215s	0.3562	0.9030	0.8969
3
0430	0.1190	1.0000	0.3838	0.9020	0.1219s	0.3638	0.9020	0.8961
4
0431	0.1322	0.9583	0.3915	0.8960	0.1218s	0.3749	0.9010	0.8946
5
0432	0.1337	0.9917	0.3934	0.8940	0.1219s	0.3794	0.9010	0.8944
6
0433	0.1383	0.9667	0.3860	0.9000	0.1207s	0.3728	0.9000	0.8936
7
0434	0.1266	0.9583	0.3796	0.9000	0.1216s	0.3647	0.9020	0.8957
8
0435	0.1292	0.9833	0.3791	0.9000	0.1221s	0.3604	0.9020	0.8961
9
0436	0.1258	0.9917	0.3823	0.9000	0.1222s	0.3602	0.9010	0.8949
10
0437	0.1370	0.9750	0.3859	0.8980	0.1216s	0.3623	0.9010	0.8950
11
0438	0.1116	0.9833	0.3856	0.8980	0.1224s	0.3631	0.9000	0.8941
12
0439	0.1512	0.9917	0.3861	0.9020	0.1237s	0.3676	0.9000	0.8937
13
0440	0.1117	0.9750	0.3897	0.9000	0.1219s	0.3747	0.8990	0.8929
14
0441	0.1342	0.9750	0.3977	0.8940	0.1217s	0.3852	0.8990	0.8925
15
0442	0.1374	0.9917	0.3989	0.8920	0.1221s	0.3894	0.8990	0.8923
16
0443	0.1455	0.9583	0.3977	0.8940	0.1073s	0.3883	0.8990	0.8923
17
0444	0.1324	0.9833	0.3937	0.8920	0.1076s	0.3832	0.9020	0.8958
18
0445	0.1342	1.0000	0.3917	0.8900	0.1076s	0.3795	0.9010	0.8947
19
0446	0.1216	0.9750	0.3890	0.8940	0.1060s	0.3747	0.9000	0.8943
20
0447	0.1346	0.9750	0.3843	0.8980	0.1045s	0.3685	0.9000	0.8944
21
0448	0.1350	0.9750	0.3826	0.8940	0.1076s	0.3667	0.9030	0.8972
22
0449	0.1364	0.9833	0.3885	0.8940	0.1215s	0.3725	0.9060	0.8999
23
0450	0.1554	0.9500	0.3963	0.9020	0.1042s	0.3804	0.9040	0.8978
24
0451	0.1383	0.9833	0.3984	0.8960	0.1131s	0.3832	0.8940	0.8870
25
0452	0.1536	0.9917	0.3924	0.9020	0.1045s	0.3793	0.8980	0.8918
26
0453	0.1317	0.9833	0.3788	0.9000	0.1045s	0.3688	0.9070	0.9018
27
0454	0.1270	0.9750	0.3698	0.9020	0.1218s	0.3595	0.9080	0.9029
28
0455	0.1392	0.9583	0.3708	0.9040	0.1215s	0.3590	0.9030	0.8974
29
0456	0.1246	1.0000	0.3736	0.9020	0.1222s	0.3601	0.9050	0.8994
30
0457	0.1323	0.9917	0.3768	0.9000	0.1218s	0.3610	0.9020	0.8966
31
0458	0.1392	0.9750	0.3813	0.9000	0.1232s	0.3628	0.9050	0.8993
32
0459	0.1254	0.9917	0.3875	0.8960	0.1218s	0.3664	0.9040	0.8979
33
0460	0.1219	0.9667	0.3872	0.8980	0.1220s	0.3656	0.9060	0.8999
34
0461	0.1357	0.9833	0.3861	0.9020	0.1220s	0.3636	0.9080	0.9019
35
0462	0.1332	0.9583	0.3873	0.9040	0.1217s	0.3631	0.9050	0.8990
36
0463	0.1337	0.9833	0.3861	0.9060	0.1218s	0.3605	0.9060	0.9006
37
0464	0.1327	0.9750	0.3798	0.9020	0.1222s	0.3541	0.9070	0.9019
38
0465	0.1298	0.9750	0.3765	0.9020	0.1223s	0.3505	0.9080	0.9030
39
0466	0.1184	0.9917	0.3714	0.9020	0.1220s	0.3465	0.9060	0.9009
40
0467	0.1205	0.9833	0.3699	0.9060	0.1045s	0.3471	0.9060	0.9009
41
0468	0.1383	0.9833	0.3700	0.9040	0.1053s	0.3490	0.9030	0.8975
42
0469	0.1170	0.9583	0.3738	0.9040	0.1057s	0.3547	0.9030	0.8972
43
0470	0.1219	0.9833	0.3787	0.8960	0.1088s	0.3600	0.9020	0.8962
44
0471	0.1573	0.9750	0.3815	0.9000	0.1079s	0.3603	0.9030	0.8973
45
0472	0.1178	0.9833	0.3867	0.9020	0.1062s	0.3624	0.9030	0.8971
46
0473	0.1229	1.0000	0.3888	0.9080	0.1044s	0.3612	0.9030	0.8975
47
0474	0.1591	0.9917	0.3860	0.9060	0.1055s	0.3579	0.9030	0.8976
0
0475	0.1242	0.9833	0.3757	0.9040	0.1042s	0.3492	0.9060	0.9011
1
0476	0.1466	0.9750	0.3668	0.9100	0.1148s	0.3422	0.9090	0.9044
2
0477	0.1468	0.9833	0.3659	0.9060	0.1220s	0.3422	0.9080	0.9032
0
0478	0.1195	0.9917	0.3658	0.9020	0.1216s	0.3449	0.9050	0.8999
1
0479	0.1369	0.9833	0.3705	0.9000	0.1214s	0.3522	0.9050	0.8996
2
0480	0.1206	0.9667	0.3746	0.8940	0.1218s	0.3576	0.9040	0.8983
3
0481	0.1255	0.9750	0.3768	0.8940	0.1222s	0.3593	0.9020	0.8962
4
0482	0.1234	0.9917	0.3783	0.8960	0.1209s	0.3586	0.9020	0.8960
5
0483	0.1358	0.9917	0.3785	0.9040	0.1058s	0.3563	0.9000	0.8937
6
0484	0.1113	0.9917	0.3749	0.9060	0.1272s	0.3518	0.9020	0.8960
7
0485	0.1404	0.9917	0.3710	0.9040	0.1199s	0.3475	0.9020	0.8958
8
0486	0.1181	1.0000	0.3684	0.9060	0.1254s	0.3447	0.9050	0.8992
9
0487	0.1477	0.9917	0.3673	0.9040	0.1054s	0.3437	0.9070	0.9011
10
0488	0.1433	0.9833	0.3625	0.9060	0.1042s	0.3389	0.9060	0.9004
11
0489	0.1301	0.9583	0.3597	0.9080	0.1308s	0.3376	0.9080	0.9028
0
0490	0.1341	0.9833	0.3612	0.9060	0.1044s	0.3413	0.9080	0.9026
0
0491	0.1325	0.9750	0.3668	0.9040	0.1109s	0.3505	0.9010	0.8949
1
0492	0.1281	0.9917	0.3772	0.9040	0.1044s	0.3630	0.8990	0.8927
2
0493	0.1244	0.9750	0.3860	0.8960	0.1046s	0.3718	0.8950	0.8883
3
0494	0.1271	1.0000	0.3810	0.9040	0.1268s	0.3650	0.8980	0.8917
4
0495	0.1196	0.9917	0.3703	0.9080	0.1041s	0.3513	0.9010	0.8950
5
0496	0.1227	1.0000	0.3637	0.9080	0.1266s	0.3413	0.9080	0.9032
6
0497	0.1443	0.9500	0.3632	0.9040	0.1272s	0.3391	0.9090	0.9041
7
0498	0.1375	0.9833	0.3666	0.9040	0.1047s	0.3422	0.9080	0.9030
8
0499	0.1501	0.9833	0.3743	0.8960	0.1281s	0.3517	0.9060	0.9003
9
0500	0.1274	0.9833	0.3824	0.8980	0.1042s	0.3614	0.9070	0.9010
10
0501	0.1351	1.0000	0.3851	0.8980	0.1047s	0.3646	0.9050	0.8986
11
0502	0.1137	0.9667	0.3852	0.9000	0.1045s	0.3644	0.9050	0.8986
12
0503	0.1057	0.9917	0.3834	0.9020	0.1208s	0.3630	0.9060	0.8998
13
0504	0.1214	0.9750	0.3798	0.9020	0.1220s	0.3598	0.9050	0.8993
14
0505	0.1280	0.9750	0.3804	0.9040	0.1216s	0.3608	0.9030	0.8970
15
0506	0.1210	0.9750	0.3782	0.9020	0.1222s	0.3577	0.9030	0.8969
16
0507	0.1338	0.9750	0.3743	0.9080	0.1199s	0.3536	0.9040	0.8981
17
0508	0.1236	0.9833	0.3702	0.9100	0.1219s	0.3509	0.9070	0.9015
18
0509	0.1171	0.9667	0.3690	0.9080	0.1230s	0.3525	0.9060	0.9005
0
0510	0.1070	1.0000	0.3715	0.9020	0.1224s	0.3581	0.9070	0.9012
1
0511	0.1571	0.9583	0.3776	0.8980	0.1225s	0.3679	0.9070	0.9011
2
0512	0.1249	0.9917	0.3809	0.8960	0.1224s	0.3732	0.9040	0.8977
3
0513	0.1440	0.9833	0.3771	0.8980	0.1220s	0.3686	0.9050	0.8989
4
0514	0.1305	0.9833	0.3743	0.9060	0.1224s	0.3630	0.9030	0.8971
5
0515	0.1340	0.9833	0.3741	0.9040	0.1238s	0.3605	0.9050	0.8990
6
0516	0.1275	0.9833	0.3780	0.9020	0.1238s	0.3621	0.9020	0.8957
7
0517	0.1470	0.9833	0.3773	0.9040	0.1224s	0.3612	0.9030	0.8967
8
0518	0.1167	0.9750	0.3746	0.9060	0.1223s	0.3604	0.9020	0.8958
9
0519	0.1171	0.9917	0.3696	0.9060	0.1220s	0.3575	0.9040	0.8980
10
0520	0.1293	0.9833	0.3662	0.9100	0.1055s	0.3564	0.9070	0.9014
11
0521	0.1407	0.9750	0.3657	0.9120	0.1213s	0.3565	0.9070	0.9015
0
0522	0.1119	0.9917	0.3655	0.9100	0.1044s	0.3566	0.9090	0.9036
0
0523	0.1455	0.9833	0.3685	0.9100	0.1184s	0.3587	0.9060	0.9006
1
0524	0.1363	0.9750	0.3753	0.9040	0.1044s	0.3649	0.9060	0.9003
2
0525	0.1589	0.9750	0.3810	0.8960	0.1219s	0.3694	0.9040	0.8980
3
0526	0.1323	0.9583	0.3813	0.9000	0.1195s	0.3682	0.9040	0.8981
4
0527	0.1259	0.9750	0.3834	0.9000	0.1223s	0.3684	0.9060	0.9001
5
0528	0.1287	0.9917	0.3838	0.9020	0.1227s	0.3669	0.9020	0.8956
6
0529	0.1188	0.9917	0.3766	0.8960	0.1197s	0.3584	0.9030	0.8967
7
0530	0.1180	0.9917	0.3743	0.8980	0.1223s	0.3553	0.9040	0.8978
8
0531	0.1258	0.9667	0.3700	0.8980	0.1220s	0.3512	0.9070	0.9011
9
0532	0.1248	0.9667	0.3689	0.9020	0.1226s	0.3498	0.9070	0.9015
10
0533	0.1293	1.0000	0.3711	0.9020	0.1049s	0.3523	0.9060	0.9004
11
0534	0.1271	0.9417	0.3718	0.9000	0.1219s	0.3532	0.9060	0.9004
12
0535	0.1296	0.9750	0.3775	0.8940	0.1224s	0.3591	0.9050	0.8994
13
0536	0.1204	0.9750	0.3845	0.8960	0.1217s	0.3647	0.9050	0.8994
14
0537	0.1349	0.9750	0.3861	0.8960	0.1226s	0.3625	0.9060	0.9004
15
0538	0.1202	0.9917	0.3824	0.9000	0.1218s	0.3571	0.9080	0.9023
16
0539	0.1680	0.9917	0.3797	0.9000	0.1219s	0.3538	0.9090	0.9035
17
0540	0.1258	0.9750	0.3752	0.9020	0.1220s	0.3480	0.9110	0.9057
18
0541	0.1193	0.9917	0.3737	0.9000	0.1094s	0.3466	0.9130	0.9080
19
0542	0.1395	0.9833	0.3764	0.9020	0.1227s	0.3491	0.9110	0.9058
20
0543	0.1212	0.9917	0.3863	0.8980	0.1232s	0.3591	0.9060	0.9003
21
0544	0.1283	0.9917	0.3953	0.8940	0.1183s	0.3695	0.9020	0.8959
22
0545	0.1250	0.9833	0.3949	0.8900	0.1221s	0.3704	0.9010	0.8950
23
0546	0.1262	0.9667	0.3905	0.8960	0.1224s	0.3648	0.9020	0.8962
24
0547	0.1184	0.9667	0.3854	0.9000	0.1218s	0.3586	0.9050	0.8995
25
0548	0.1232	0.9750	0.3801	0.9020	0.1227s	0.3534	0.9070	0.9016
26
0549	0.1316	1.0000	0.3832	0.9020	0.1197s	0.3559	0.9080	0.9026
27
0550	0.1060	0.9833	0.3881	0.9000	0.1048s	0.3600	0.9050	0.8992
28
0551	0.1184	0.9917	0.3923	0.9000	0.1211s	0.3641	0.9050	0.8994
29
0552	0.1133	0.9917	0.3915	0.8980	0.1175s	0.3638	0.9060	0.9004
30
0553	0.1318	0.9833	0.3870	0.8940	0.1173s	0.3604	0.9110	0.9058
31
0554	0.1261	0.9750	0.3818	0.8960	0.1215s	0.3548	0.9120	0.9069
32
0555	0.1230	0.9750	0.3808	0.8960	0.1216s	0.3522	0.9110	0.9060
33
0556	0.1451	0.9583	0.3850	0.8940	0.1220s	0.3552	0.9110	0.9057
34
0557	0.1172	0.9917	0.3931	0.9000	0.1225s	0.3629	0.9070	0.9012
35
0558	0.1124	0.9750	0.4026	0.8980	0.1225s	0.3723	0.9010	0.8945
36
0559	0.1390	0.9833	0.4038	0.8940	0.1224s	0.3742	0.8990	0.8925
37
0560	0.1321	0.9750	0.3964	0.8940	0.1227s	0.3702	0.9020	0.8961
38
0561	0.1481	0.9750	0.3900	0.9040	0.1221s	0.3665	0.9020	0.8962
39
0562	0.1354	0.9917	0.3860	0.8980	0.1220s	0.3650	0.9020	0.8962
40
0563	0.1351	0.9833	0.3867	0.9020	0.1220s	0.3662	0.8990	0.8932
41
0564	0.1440	0.9917	0.3859	0.9020	0.1220s	0.3657	0.8990	0.8932
42
0565	0.1271	0.9917	0.3838	0.9020	0.1222s	0.3641	0.9000	0.8939
43
0566	0.1125	0.9750	0.3807	0.9000	0.1227s	0.3617	0.9040	0.8983
44
0567	0.1269	0.9583	0.3817	0.9000	0.1162s	0.3630	0.9060	0.9001
45
0568	0.1306	0.9750	0.3772	0.9000	0.1222s	0.3597	0.9100	0.9045
46
0569	0.1451	0.9833	0.3745	0.9000	0.1218s	0.3577	0.9080	0.9022
47
0570	0.1322	0.9833	0.3705	0.9040	0.1227s	0.3547	0.9070	0.9017
48
0571	0.1381	0.9750	0.3738	0.9000	0.1226s	0.3576	0.9040	0.8983
49
0572	0.1330	0.9917	0.3790	0.9020	0.1174s	0.3632	0.9040	0.8978
50
0573	0.1375	0.9833	0.3815	0.9040	0.1202s	0.3658	0.9040	0.8975
51
0574	0.1335	1.0000	0.3765	0.9020	0.1225s	0.3617	0.9050	0.8985
52
0575	0.1224	0.9917	0.3758	0.9000	0.1176s	0.3620	0.9050	0.8985
53
0576	0.1407	0.9833	0.3764	0.9000	0.1217s	0.3632	0.9040	0.8975
54
0577	0.1172	0.9833	0.3781	0.9000	0.1223s	0.3647	0.9010	0.8942
55
0578	0.1087	0.9833	0.3802	0.9000	0.1218s	0.3640	0.9040	0.8976
56
0579	0.1605	0.9917	0.3835	0.9020	0.1221s	0.3653	0.8990	0.8920
57
0580	0.1293	0.9833	0.3891	0.9040	0.1176s	0.3678	0.8980	0.8911
58
0581	0.1300	0.9917	0.3867	0.9000	0.1198s	0.3635	0.8960	0.8895
59
0582	0.1417	1.0000	0.3796	0.9060	0.1226s	0.3564	0.8970	0.8904
60
0583	0.1482	0.9750	0.3724	0.9100	0.1170s	0.3519	0.9050	0.8987
61
0584	0.1426	0.9750	0.3734	0.9040	0.1223s	0.3566	0.9050	0.8982
62
0585	0.1090	0.9750	0.3794	0.9020	0.1229s	0.3649	0.9030	0.8963
63
0586	0.1334	1.0000	0.3827	0.8960	0.1224s	0.3680	0.9030	0.8963
64
0587	0.1342	0.9917	0.3845	0.8960	0.1178s	0.3680	0.9010	0.8943
65
0588	0.1408	0.9917	0.3803	0.9000	0.1224s	0.3614	0.9020	0.8955
66
0589	0.1528	0.9750	0.3778	0.9040	0.1250s	0.3562	0.9050	0.8991
67
0590	0.1462	0.9917	0.3798	0.9080	0.1236s	0.3547	0.9090	0.9035
68
0591	0.1267	0.9917	0.3796	0.9080	0.1221s	0.3529	0.9090	0.9036
69
0592	0.1283	0.9917	0.3806	0.9080	0.1220s	0.3537	0.9100	0.9043
70
0593	0.1298	0.9917	0.3823	0.9060	0.1223s	0.3560	0.9050	0.8993
71
0594	0.1330	0.9833	0.3817	0.9040	0.1205s	0.3570	0.9040	0.8984
72
0595	0.1195	0.9750	0.3811	0.9020	0.1051s	0.3571	0.9030	0.8973
73
0596	0.1351	0.9833	0.3797	0.9040	0.1149s	0.3551	0.9010	0.8952
74
0597	0.1388	0.9833	0.3789	0.9060	0.1224s	0.3526	0.9000	0.8940
75
0598	0.1361	0.9833	0.3810	0.9060	0.1220s	0.3522	0.9010	0.8945
76
0599	0.1425	0.9500	0.3777	0.9060	0.1226s	0.3464	0.9070	0.9009
77
0600	0.1314	0.9667	0.3772	0.9100	0.1225s	0.3432	0.9100	0.9044
78
0601	0.1377	0.9917	0.3774	0.9080	0.1175s	0.3402	0.9090	0.9037
79
0602	0.1302	0.9917	0.3782	0.9060	0.1231s	0.3395	0.9080	0.9024
80
0603	0.1297	0.9583	0.3794	0.9060	0.1220s	0.3415	0.9020	0.8960
81
0604	0.1323	0.9833	0.3829	0.9040	0.1231s	0.3471	0.9010	0.8950
82
0605	0.1201	0.9917	0.3942	0.8940	0.1236s	0.3591	0.8930	0.8864
83
0606	0.1519	0.9583	0.4038	0.8880	0.1236s	0.3698	0.8910	0.8846
84
0607	0.1258	0.9583	0.4034	0.8880	0.1239s	0.3707	0.8900	0.8834
85
0608	0.1289	0.9750	0.3882	0.9000	0.1244s	0.3578	0.9000	0.8941
86
0609	0.1356	0.9750	0.3741	0.9060	0.1036s	0.3441	0.9050	0.8996
87
0610	0.1293	0.9750	0.3646	0.9060	0.1141s	0.3351	0.9090	0.9041
88
0611	0.1328	0.9667	0.3632	0.9080	0.1223s	0.3330	0.9120	0.9070
89
0612	0.1408	0.9667	0.3672	0.9060	0.1225s	0.3371	0.9120	0.9066
90
0613	0.1389	0.9833	0.3730	0.9040	0.1058s	0.3441	0.9080	0.9021
91
0614	0.1239	0.9917	0.3802	0.9000	0.1190s	0.3520	0.9060	0.8993
92
0615	0.1427	0.9833	0.3822	0.9000	0.1219s	0.3552	0.9070	0.9005
93
0616	0.1334	0.9917	0.3798	0.8980	0.1220s	0.3539	0.9090	0.9025
94
0617	0.1068	0.9917	0.3747	0.9040	0.1236s	0.3503	0.9050	0.8985
95
0618	0.1315	0.9917	0.3670	0.9060	0.1194s	0.3426	0.9100	0.9045
96
0619	0.1640	0.9667	0.3633	0.9040	0.1217s	0.3389	0.9050	0.8993
97
0620	0.1325	0.9833	0.3639	0.9060	0.1046s	0.3388	0.9090	0.9035
98
0621	0.1263	0.9917	0.3669	0.9060	0.1230s	0.3408	0.9080	0.9022
99
0622	0.1250	0.9583	0.3761	0.9060	0.1092s	0.3486	0.9040	0.8982
100
0623	0.1375	0.9917	0.3819	0.9000	0.1073s	0.3545	0.9040	0.8981
101
0624	0.1495	0.9833	0.3774	0.9060	0.1213s	0.3510	0.9070	0.9011
102
0625	0.1297	0.9917	0.3662	0.9020	0.1044s	0.3431	0.9110	0.9056
103
0626	0.1195	0.9917	0.3621	0.9040	0.1133s	0.3431	0.9100	0.9046
104
0627	0.1191	0.9833	0.3648	0.8980	0.1197s	0.3491	0.9070	0.9014
105
0628	0.1412	0.9667	0.3659	0.9000	0.1045s	0.3510	0.9070	0.9012
106
0629	0.1371	0.9500	0.3629	0.9040	0.1221s	0.3482	0.9080	0.9025
107
0630	0.1277	1.0000	0.3637	0.9040	0.1225s	0.3474	0.9060	0.9004
108
0631	0.1446	0.9833	0.3618	0.9060	0.1223s	0.3438	0.9050	0.8991
109
0632	0.1252	0.9833	0.3631	0.9060	0.1173s	0.3448	0.9050	0.8989
110
0633	0.1303	0.9833	0.3694	0.9060	0.1058s	0.3516	0.9020	0.8961
111
0634	0.1256	0.9833	0.3707	0.9060	0.1228s	0.3550	0.9000	0.8941
112
0635	0.1272	0.9917	0.3689	0.9060	0.1239s	0.3554	0.9000	0.8943
113
0636	0.1177	0.9917	0.3649	0.9040	0.1046s	0.3532	0.9030	0.8970
114
0637	0.1688	0.9667	0.3624	0.9020	0.1237s	0.3507	0.9060	0.9003
115
0638	0.1424	0.9833	0.3596	0.9060	0.1222s	0.3450	0.9080	0.9025
116
0639	0.1346	0.9833	0.3588	0.9060	0.1235s	0.3407	0.9100	0.9048
0
0640	0.1515	0.9667	0.3597	0.9040	0.1221s	0.3387	0.9120	0.9069
0
0641	0.1456	0.9583	0.3632	0.9020	0.1213s	0.3398	0.9080	0.9030
1
0642	0.1138	0.9917	0.3647	0.9020	0.1220s	0.3404	0.9040	0.8988
2
0643	0.1394	0.9667	0.3652	0.9100	0.1236s	0.3413	0.9000	0.8945
3
0644	0.1388	0.9917	0.3678	0.9040	0.1220s	0.3446	0.8990	0.8935
4
0645	0.1231	0.9667	0.3678	0.9000	0.1239s	0.3458	0.8980	0.8920
5
0646	0.1296	0.9667	0.3672	0.8980	0.1213s	0.3447	0.9000	0.8947
6
0647	0.1474	0.9750	0.3630	0.9020	0.1283s	0.3400	0.9060	0.9011
7
0648	0.1513	0.9750	0.3583	0.8980	0.1239s	0.3338	0.9080	0.9034
8
0649	0.1184	0.9667	0.3562	0.9000	0.1233s	0.3307	0.9060	0.9015
0
0650	0.1191	1.0000	0.3582	0.8980	0.1236s	0.3316	0.9050	0.9003
0
0651	0.1277	0.9667	0.3616	0.9040	0.1235s	0.3344	0.9040	0.8993
1
0652	0.1191	0.9833	0.3663	0.9040	0.1229s	0.3385	0.9080	0.9031
2
0653	0.1167	0.9833	0.3682	0.9060	0.1106s	0.3406	0.9100	0.9049
3
0654	0.1393	0.9583	0.3674	0.9040	0.1103s	0.3401	0.9100	0.9048
4
0655	0.1361	0.9917	0.3666	0.9000	0.1248s	0.3404	0.9110	0.9058
5
0656	0.1280	0.9917	0.3658	0.9000	0.1229s	0.3398	0.9070	0.9019
6
0657	0.1318	0.9750	0.3670	0.9020	0.1249s	0.3412	0.9070	0.9019
7
0658	0.1431	0.9750	0.3659	0.9020	0.1231s	0.3403	0.9040	0.8987
8
0659	0.1336	0.9500	0.3601	0.8980	0.1235s	0.3351	0.9070	0.9023
9
0660	0.1417	0.9750	0.3601	0.8960	0.1253s	0.3349	0.9090	0.9045
10
0661	0.1262	0.9917	0.3645	0.8960	0.1050s	0.3393	0.9040	0.8987
11
0662	0.1319	1.0000	0.3689	0.8960	0.1044s	0.3445	0.9050	0.8998
12
0663	0.1321	0.9500	0.3737	0.8940	0.1180s	0.3480	0.8990	0.8931
13
0664	0.1239	0.9667	0.3770	0.8960	0.1246s	0.3505	0.8980	0.8921
14
0665	0.1194	0.9667	0.3790	0.8980	0.1230s	0.3514	0.8990	0.8934
15
0666	0.1463	0.9833	0.3723	0.8960	0.1230s	0.3448	0.9080	0.9029
16
0667	0.1099	1.0000	0.3673	0.9000	0.1323s	0.3398	0.9110	0.9062
17
0668	0.1302	0.9750	0.3663	0.8980	0.1241s	0.3389	0.9130	0.9088
18
0669	0.1312	0.9917	0.3664	0.9020	0.1222s	0.3397	0.9120	0.9078
19
0670	0.1209	0.9917	0.3667	0.9040	0.1052s	0.3410	0.9110	0.9067
20
0671	0.1431	0.9750	0.3714	0.8980	0.1224s	0.3458	0.9080	0.9032
21
0672	0.1494	0.9417	0.3776	0.8940	0.1232s	0.3511	0.9050	0.8999
22
0673	0.1186	1.0000	0.3865	0.8940	0.1254s	0.3589	0.8980	0.8919
23
0674	0.1214	0.9833	0.3933	0.8980	0.1253s	0.3646	0.8930	0.8867
24
0675	0.1275	0.9583	0.3992	0.8960	0.1231s	0.3698	0.8920	0.8854
25
0676	0.1303	0.9917	0.3894	0.8980	0.1227s	0.3600	0.8970	0.8910
26
0677	0.1324	0.9917	0.3790	0.8960	0.1220s	0.3488	0.9020	0.8963
27
0678	0.1274	0.9833	0.3698	0.9040	0.1219s	0.3383	0.9020	0.8969
28
0679	0.1264	0.9750	0.3669	0.9080	0.1222s	0.3330	0.9090	0.9042
29
0680	0.1334	0.9833	0.3670	0.9080	0.1244s	0.3328	0.9110	0.9067
30
0681	0.1167	0.9833	0.3689	0.9060	0.1226s	0.3360	0.9110	0.9064
31
0682	0.1402	0.9917	0.3748	0.8980	0.1234s	0.3433	0.9090	0.9041
32
0683	0.1393	0.9750	0.3840	0.8980	0.1221s	0.3527	0.9000	0.8946
33
0684	0.1179	0.9833	0.3942	0.8920	0.1221s	0.3630	0.8970	0.8914
34
0685	0.1167	1.0000	0.3990	0.8920	0.1259s	0.3682	0.8960	0.8897
35
0686	0.1269	0.9833	0.3969	0.8940	0.1227s	0.3678	0.8970	0.8906
36
0687	0.1284	0.9833	0.3930	0.8940	0.1224s	0.3655	0.9010	0.8950
37
0688	0.1651	0.9667	0.3855	0.8980	0.1235s	0.3593	0.9050	0.8996
38
0689	0.1070	0.9917	0.3821	0.9020	0.1217s	0.3567	0.9070	0.9018
39
0690	0.1429	0.9583	0.3800	0.9020	0.1255s	0.3568	0.9070	0.9019
40
0691	0.1219	0.9833	0.3780	0.9040	0.1222s	0.3556	0.9060	0.9008
41
0692	0.1530	0.9500	0.3794	0.9060	0.1231s	0.3582	0.9080	0.9030
42
0693	0.1381	0.9917	0.3812	0.9000	0.1219s	0.3609	0.9040	0.8987
43
0694	0.1233	0.9833	0.3808	0.9040	0.1245s	0.3592	0.9060	0.9007
44
0695	0.1196	1.0000	0.3820	0.9060	0.1219s	0.3603	0.9090	0.9037
45
0696	0.1186	1.0000	0.3827	0.9040	0.1237s	0.3608	0.9070	0.9017
46
0697	0.1168	1.0000	0.3816	0.9040	0.1218s	0.3610	0.9060	0.9006
47
0698	0.1400	0.9750	0.3790	0.9020	0.1220s	0.3585	0.9080	0.9029
48
0699	0.1401	0.9750	0.3779	0.9020	0.1217s	0.3562	0.9070	0.9019
49
0700	0.1366	0.9667	0.3768	0.9020	0.1222s	0.3531	0.9060	0.9008
50
0701	0.1450	0.9833	0.3762	0.9000	0.1232s	0.3499	0.9030	0.8976
51
0702	0.1308	0.9917	0.3789	0.9020	0.1222s	0.3513	0.9030	0.8979
52
0703	0.1126	0.9833	0.3807	0.8980	0.1234s	0.3527	0.9030	0.8975
53
0704	0.1225	1.0000	0.3834	0.9000	0.1221s	0.3564	0.8990	0.8928
54
0705	0.1455	0.9667	0.3834	0.9000	0.1238s	0.3571	0.8990	0.8928
55
0706	0.1355	0.9917	0.3792	0.8960	0.1220s	0.3544	0.9010	0.8951
56
0707	0.1418	0.9917	0.3757	0.8980	0.1214s	0.3518	0.9020	0.8961
57
0708	0.1295	1.0000	0.3741	0.9000	0.1217s	0.3507	0.9030	0.8972
58
0709	0.1231	0.9917	0.3735	0.9000	0.1219s	0.3495	0.9050	0.8995
59
0710	0.1288	0.9750	0.3730	0.9000	0.1231s	0.3479	0.9100	0.9047
60
0711	0.1343	0.9917	0.3717	0.8980	0.1220s	0.3460	0.9070	0.9016
61
0712	0.1351	0.9833	0.3684	0.9020	0.1234s	0.3413	0.9070	0.9017
62
0713	0.1105	0.9750	0.3706	0.9020	0.1219s	0.3405	0.9030	0.8974
63
0714	0.1199	0.9833	0.3768	0.9020	0.1233s	0.3443	0.8980	0.8923
64
0715	0.1412	0.9833	0.3787	0.8980	0.1222s	0.3459	0.8970	0.8908
65
0716	0.1226	0.9833	0.3797	0.9000	0.1257s	0.3478	0.8960	0.8898
66
0717	0.1425	0.9667	0.3773	0.9000	0.1214s	0.3454	0.9030	0.8972
67
0718	0.1094	0.9917	0.3793	0.8980	0.1044s	0.3477	0.9030	0.8972
68
0719	0.1269	0.9833	0.3811	0.8980	0.1195s	0.3497	0.9070	0.9014
69
0720	0.1199	0.9917	0.3786	0.8960	0.1221s	0.3480	0.9080	0.9025
70
0721	0.1271	0.9917	0.3733	0.9000	0.1223s	0.3431	0.9090	0.9036
71
0722	0.1428	0.9583	0.3686	0.9060	0.1212s	0.3362	0.9130	0.9082
72
0723	0.1363	0.9833	0.3681	0.9020	0.1228s	0.3337	0.9110	0.9061
73
0724	0.1310	0.9833	0.3697	0.9020	0.1218s	0.3350	0.9120	0.9074
74
0725	0.1290	0.9917	0.3714	0.9020	0.1220s	0.3385	0.9090	0.9042
75
0726	0.1172	0.9750	0.3764	0.9020	0.1220s	0.3463	0.9040	0.8986
76
0727	0.1428	0.9833	0.3850	0.8980	0.1223s	0.3572	0.9040	0.8986
77
0728	0.1368	0.9750	0.3964	0.8920	0.1216s	0.3709	0.9020	0.8960
78
0729	0.1280	0.9583	0.3971	0.8940	0.1219s	0.3737	0.9020	0.8962
79
0730	0.1316	0.9917	0.3946	0.8960	0.1233s	0.3732	0.9050	0.8994
80
0731	0.1206	0.9667	0.3841	0.8980	0.1222s	0.3632	0.9080	0.9027
81
0732	0.1299	0.9833	0.3727	0.9000	0.1221s	0.3510	0.9090	0.9040
82
0733	0.1152	0.9833	0.3685	0.9060	0.1235s	0.3452	0.9110	0.9065
83
0734	0.1392	1.0000	0.3683	0.9040	0.1217s	0.3437	0.9050	0.8998
84
0735	0.1458	0.9917	0.3731	0.9060	0.1218s	0.3470	0.9010	0.8952
85
0736	0.1271	1.0000	0.3797	0.9000	0.1223s	0.3530	0.8980	0.8919
86
0737	0.1214	0.9833	0.3872	0.8980	0.1223s	0.3600	0.8970	0.8909
87
0738	0.1367	0.9750	0.3905	0.8980	0.1224s	0.3638	0.9040	0.8984
88
0739	0.1328	0.9667	0.3959	0.8960	0.1221s	0.3703	0.9040	0.8979
89
0740	0.1202	0.9917	0.3976	0.8960	0.1233s	0.3743	0.9020	0.8959
90
0741	0.1339	0.9750	0.3997	0.8880	0.1222s	0.3790	0.9030	0.8967
91
0742	0.1474	0.9750	0.3901	0.8940	0.1223s	0.3707	0.9030	0.8970
92
0743	0.1215	0.9917	0.3828	0.8980	0.1222s	0.3626	0.9070	0.9015
93
0744	0.1338	0.9583	0.3775	0.9040	0.1223s	0.3544	0.9050	0.8994
94
0745	0.1325	0.9500	0.3779	0.9040	0.1216s	0.3528	0.9050	0.8992
95
0746	0.1402	0.9833	0.3787	0.9040	0.1219s	0.3530	0.9030	0.8972
96
0747	0.1191	0.9667	0.3805	0.9020	0.1230s	0.3539	0.9020	0.8964
97
0748	0.1411	0.9750	0.3793	0.9000	0.1221s	0.3522	0.9050	0.8994
98
0749	0.1274	0.9917	0.3779	0.9020	0.1228s	0.3509	0.9040	0.8983
99
0750	0.1321	0.9750	0.3772	0.9020	0.1220s	0.3511	0.9070	0.9013
100
0751	0.1408	0.9667	0.3796	0.9020	0.1222s	0.3541	0.9070	0.9010
101
0752	0.1298	0.9917	0.3827	0.8980	0.1219s	0.3589	0.9080	0.9022
102
0753	0.1263	0.9750	0.3862	0.8940	0.1223s	0.3621	0.9070	0.9012
103
0754	0.1223	0.9833	0.3947	0.8880	0.1237s	0.3698	0.9050	0.8985
104
0755	0.1443	0.9833	0.4004	0.8860	0.1219s	0.3740	0.9030	0.8961
105
0756	0.1231	0.9833	0.4053	0.8880	0.1220s	0.3777	0.9010	0.8945
106
0757	0.1273	0.9667	0.4014	0.8900	0.1263s	0.3749	0.9020	0.8957
107
0758	0.1199	0.9917	0.3948	0.8880	0.1225s	0.3696	0.9060	0.9001
108
0759	0.1512	0.9750	0.3866	0.8940	0.1218s	0.3618	0.9070	0.9016
109
0760	0.1315	0.9833	0.3807	0.8980	0.1219s	0.3548	0.9070	0.9015
110
0761	0.1184	0.9917	0.3781	0.9040	0.1223s	0.3502	0.9090	0.9037
111
0762	0.1417	0.9750	0.3773	0.9020	0.1225s	0.3469	0.9110	0.9057
112
0763	0.1355	0.9750	0.3786	0.8960	0.1226s	0.3468	0.9100	0.9045
113
0764	0.1276	0.9833	0.3836	0.8960	0.1216s	0.3509	0.9070	0.9013
114
0765	0.1544	0.9750	0.3875	0.8980	0.1222s	0.3544	0.9080	0.9021
115
0766	0.1254	0.9833	0.3927	0.8920	0.1221s	0.3603	0.9090	0.9033
116
0767	0.1253	1.0000	0.3983	0.8860	0.1223s	0.3667	0.9070	0.9010
117
0768	0.1192	0.9750	0.4030	0.8820	0.1222s	0.3724	0.9070	0.9011
118
0769	0.1374	1.0000	0.3976	0.8820	0.1218s	0.3679	0.9070	0.9012
119
0770	0.1491	0.9833	0.3892	0.8880	0.1220s	0.3584	0.9090	0.9033
120
0771	0.1288	0.9750	0.3815	0.8980	0.1042s	0.3488	0.9110	0.9055
121
0772	0.1222	0.9667	0.3777	0.8920	0.1229s	0.3440	0.9070	0.9011
122
0773	0.1186	0.9833	0.3738	0.8960	0.1221s	0.3395	0.9070	0.9013
123
0774	0.1321	0.9917	0.3737	0.8960	0.1224s	0.3382	0.9090	0.9037
124
0775	0.1399	0.9583	0.3771	0.8940	0.1223s	0.3408	0.9080	0.9025
125
0776	0.1504	0.9750	0.3843	0.8920	0.1224s	0.3482	0.9030	0.8971
126
0777	0.1364	0.9667	0.3887	0.8920	0.1231s	0.3532	0.9050	0.8992
127
0778	0.1219	0.9917	0.3929	0.8900	0.1221s	0.3582	0.9050	0.8992
128
0779	0.1343	1.0000	0.3957	0.8880	0.1224s	0.3614	0.9050	0.8989
129
0780	0.1185	1.0000	0.3932	0.8900	0.1226s	0.3591	0.9050	0.8990
130
0781	0.1193	0.9667	0.3921	0.8880	0.1219s	0.3588	0.9020	0.8962
131
0782	0.1373	0.9750	0.3879	0.8880	0.1225s	0.3550	0.9020	0.8963
132
0783	0.1229	0.9833	0.3837	0.8960	0.1221s	0.3506	0.9020	0.8965
133
0784	0.1415	0.9833	0.3808	0.9020	0.1220s	0.3470	0.9060	0.9008
134
0785	0.1186	1.0000	0.3823	0.9020	0.1220s	0.3479	0.9040	0.8984
135
0786	0.1302	0.9750	0.3880	0.8940	0.1224s	0.3524	0.9020	0.8962
136
0787	0.1313	0.9833	0.3948	0.8960	0.1221s	0.3578	0.8990	0.8928
137
0788	0.1335	0.9833	0.4001	0.8940	0.1236s	0.3630	0.8930	0.8865
138
0789	0.1385	0.9750	0.3990	0.8900	0.1221s	0.3629	0.8940	0.8872
139
0790	0.1498	0.9583	0.3857	0.9020	0.1222s	0.3508	0.9010	0.8953
140
0791	0.1185	0.9917	0.3795	0.9040	0.1217s	0.3462	0.9060	0.9010
141
0792	0.1391	0.9833	0.3783	0.9060	0.1046s	0.3469	0.9070	0.9020
142
0793	0.1263	0.9750	0.3804	0.9020	0.1044s	0.3516	0.9070	0.9021
143
0794	0.1217	0.9917	0.3873	0.8940	0.1221s	0.3600	0.9060	0.9011
144
0795	0.1421	0.9833	0.3967	0.8840	0.1218s	0.3692	0.9020	0.8967
145
0796	0.1509	0.9750	0.4004	0.8840	0.1223s	0.3713	0.9000	0.8941
146
0797	0.1167	1.0000	0.3988	0.8940	0.1235s	0.3685	0.9020	0.8955
147
0798	0.1147	0.9833	0.3943	0.8980	0.1210s	0.3635	0.9000	0.8930
148
0799	0.1195	0.9833	0.3923	0.9000	0.1234s	0.3617	0.8990	0.8923
149
0800	0.1391	0.9667	0.3877	0.9000	0.1217s	0.3573	0.9010	0.8949
150
0801	0.1279	0.9667	0.3821	0.9020	0.1227s	0.3514	0.9040	0.8982
151
0802	0.1525	0.9583	0.3803	0.9040	0.1224s	0.3495	0.9050	0.8993
152
0803	0.1404	0.9833	0.3792	0.9060	0.1220s	0.3500	0.9050	0.8992
153
0804	0.1268	1.0000	0.3801	0.9060	0.1231s	0.3524	0.9090	0.9036
154
0805	0.1250	0.9917	0.3859	0.8960	0.1223s	0.3600	0.9090	0.9035
155
0806	0.1243	0.9750	0.3888	0.8980	0.1216s	0.3640	0.9080	0.9023
156
0807	0.1186	0.9833	0.3854	0.9000	0.1222s	0.3606	0.9040	0.8982
157
0808	0.1382	0.9833	0.3835	0.9040	0.1219s	0.3589	0.9050	0.8991
158
0809	0.1131	1.0000	0.3800	0.9080	0.1234s	0.3550	0.9060	0.9003
159
0810	0.1243	0.9750	0.3801	0.9060	0.1219s	0.3553	0.9040	0.8981
160
0811	0.1106	0.9750	0.3838	0.9080	0.1223s	0.3593	0.9010	0.8950
161
0812	0.1346	0.9833	0.3865	0.9040	0.1220s	0.3638	0.9000	0.8940
162
0813	0.1451	0.9833	0.3908	0.9020	0.1219s	0.3693	0.9010	0.8949
163
0814	0.1321	0.9833	0.3925	0.8960	0.1241s	0.3722	0.9030	0.8971
164
0815	0.1247	0.9917	0.3918	0.8980	0.1224s	0.3722	0.9060	0.9001
165
0816	0.1254	0.9833	0.3857	0.8960	0.1217s	0.3659	0.9050	0.8992
166
0817	0.1294	0.9917	0.3755	0.9040	0.1228s	0.3549	0.9100	0.9051
167
0818	0.1076	0.9917	0.3689	0.9060	0.1222s	0.3466	0.9080	0.9028
168
0819	0.1277	0.9667	0.3692	0.9080	0.1220s	0.3438	0.9060	0.9006
169
0820	0.1418	0.9917	0.3751	0.9040	0.1230s	0.3469	0.9040	0.8986
170
0821	0.1265	0.9667	0.3823	0.9000	0.1227s	0.3528	0.9010	0.8954
171
0822	0.1578	0.9500	0.3868	0.8980	0.1221s	0.3583	0.8990	0.8929
172
0823	0.1244	0.9833	0.3883	0.8960	0.1228s	0.3623	0.8970	0.8907
173
0824	0.1458	0.9583	0.3875	0.8940	0.1226s	0.3620	0.9010	0.8947
174
0825	0.1214	0.9750	0.3862	0.8980	0.1222s	0.3620	0.9050	0.8993
175
0826	0.1203	0.9833	0.3850	0.9020	0.1227s	0.3615	0.9060	0.9006
176
0827	0.1284	0.9667	0.3857	0.8980	0.1215s	0.3622	0.9090	0.9037
177
0828	0.1464	0.9750	0.3836	0.8980	0.1219s	0.3599	0.9080	0.9029
178
0829	0.1288	0.9667	0.3811	0.9000	0.1223s	0.3560	0.9070	0.9018
179
0830	0.1553	0.9750	0.3788	0.8980	0.1218s	0.3504	0.9040	0.8984
180
0831	0.1390	0.9917	0.3808	0.9040	0.1223s	0.3485	0.8990	0.8927
181
0832	0.1281	0.9667	0.3878	0.8960	0.1222s	0.3522	0.9030	0.8974
182
0833	0.1356	0.9917	0.3911	0.8960	0.1220s	0.3546	0.9030	0.8973
183
0834	0.1185	0.9833	0.3873	0.9000	0.1245s	0.3523	0.9050	0.8995
184
0835	0.1144	0.9917	0.3826	0.9000	0.1221s	0.3515	0.9060	0.9003
185
0836	0.1231	1.0000	0.3838	0.9020	0.1218s	0.3569	0.9030	0.8975
186
0837	0.1141	0.9917	0.3874	0.8980	0.1215s	0.3642	0.9020	0.8964
187
0838	0.1228	0.9833	0.3914	0.8980	0.1218s	0.3718	0.9030	0.8976
188
0839	0.1300	0.9917	0.3907	0.8980	0.1221s	0.3740	0.9030	0.8974
189
0840	0.1370	0.9750	0.3864	0.8980	0.1220s	0.3709	0.9030	0.8974
190
0841	0.1149	0.9750	0.3849	0.8980	0.1221s	0.3692	0.9010	0.8949
191
0842	0.1452	0.9667	0.3894	0.8980	0.1222s	0.3728	0.8990	0.8926
192
0843	0.1511	0.9750	0.3898	0.9000	0.1231s	0.3739	0.8980	0.8913
193
0844	0.1470	0.9750	0.3871	0.9020	0.1220s	0.3722	0.8990	0.8926
194
0845	0.1585	0.9500	0.3809	0.9020	0.1223s	0.3674	0.9050	0.8993
195
0846	0.1470	0.9833	0.3772	0.9040	0.1218s	0.3645	0.9050	0.8993
196
0847	0.1352	0.9750	0.3787	0.9000	0.1216s	0.3674	0.9070	0.9012
197
0848	0.1472	0.9750	0.3772	0.8980	0.1221s	0.3654	0.9050	0.8992
198
0849	0.1390	0.9833	0.3779	0.9020	0.1220s	0.3651	0.9050	0.8992
199
Early stop! Min loss:0.3562156558036804,  Max accuracy:0.912
Early stop model validation loss:0.3562156558036804,  accuracy:0.9
Optimization Finished!
Total time elapsed: 102.3500s
test max acc:0.9130
Loading 648th epoch
stru_node_to_hop attention:tensor([[0.2482, 0.2502, 0.2510, 0.2507],
        [0.2498, 0.2501, 0.2500, 0.2500],
        [0.2492, 0.2502, 0.2503, 0.2504],
        [0.2441, 0.2489, 0.2531, 0.2540],
        [0.2481, 0.2508, 0.2506, 0.2505],
        [0.2507, 0.2497, 0.2498, 0.2497],
        [0.2487, 0.2506, 0.2503, 0.2504],
        [0.2493, 0.2504, 0.2502, 0.2501],
        [0.2498, 0.2506, 0.2499, 0.2497],
        [0.2476, 0.2513, 0.2506, 0.2504],
        [0.2503, 0.2499, 0.2499, 0.2499],
        [0.2520, 0.2494, 0.2494, 0.2493],
        [0.2501, 0.2501, 0.2499, 0.2499],
        [0.2488, 0.2503, 0.2502, 0.2506],
        [0.2493, 0.2505, 0.2501, 0.2501],
        [0.2524, 0.2504, 0.2490, 0.2481],
        [0.2487, 0.2510, 0.2503, 0.2500],
        [0.2473, 0.2524, 0.2504, 0.2498],
        [0.2503, 0.2498, 0.2499, 0.2500],
        [0.2502, 0.2505, 0.2499, 0.2494],
        [0.2485, 0.2503, 0.2506, 0.2506],
        [0.2492, 0.2499, 0.2505, 0.2505],
        [0.2502, 0.2499, 0.2501, 0.2498],
        [0.2492, 0.2502, 0.2503, 0.2503],
        [0.2498, 0.2500, 0.2501, 0.2501],
        [0.2487, 0.2504, 0.2505, 0.2504],
        [0.2502, 0.2499, 0.2500, 0.2500],
        [0.2505, 0.2501, 0.2498, 0.2495],
        [0.2495, 0.2502, 0.2502, 0.2501],
        [0.2505, 0.2504, 0.2497, 0.2494],
        [0.2487, 0.2514, 0.2502, 0.2498],
        [0.2490, 0.2509, 0.2502, 0.2499],
        [0.2483, 0.2508, 0.2505, 0.2504],
        [0.2483, 0.2507, 0.2506, 0.2504],
        [0.2493, 0.2508, 0.2501, 0.2498],
        [0.2502, 0.2499, 0.2499, 0.2499],
        [0.2496, 0.2502, 0.2501, 0.2500],
        [0.2480, 0.2499, 0.2509, 0.2511],
        [0.2503, 0.2498, 0.2500, 0.2500],
        [0.2501, 0.2505, 0.2497, 0.2497],
        [0.2517, 0.2497, 0.2494, 0.2493],
        [0.2473, 0.2514, 0.2508, 0.2505],
        [0.2489, 0.2511, 0.2502, 0.2499],
        [0.2499, 0.2500, 0.2500, 0.2500],
        [0.2482, 0.2506, 0.2507, 0.2505],
        [0.1149, 0.1724, 0.2756, 0.4372],
        [0.2495, 0.2502, 0.2502, 0.2502],
        [0.2494, 0.2505, 0.2501, 0.2500],
        [0.2501, 0.2502, 0.2498, 0.2498],
        [0.2491, 0.2503, 0.2503, 0.2503],
        [0.2485, 0.2509, 0.2503, 0.2503],
        [0.2502, 0.2500, 0.2499, 0.2499],
        [0.2498, 0.2501, 0.2501, 0.2501],
        [0.2501, 0.2499, 0.2500, 0.2500],
        [0.2491, 0.2503, 0.2505, 0.2501],
        [0.2469, 0.2510, 0.2511, 0.2511],
        [0.2503, 0.2520, 0.2492, 0.2485],
        [0.2507, 0.2497, 0.2500, 0.2496],
        [0.2498, 0.2503, 0.2500, 0.2499],
        [0.2504, 0.2505, 0.2497, 0.2495],
        [0.2508, 0.2495, 0.2498, 0.2499],
        [0.2479, 0.2514, 0.2504, 0.2503],
        [0.2515, 0.2497, 0.2495, 0.2493],
        [0.2488, 0.2507, 0.2502, 0.2503],
        [0.2503, 0.2501, 0.2498, 0.2498],
        [0.2490, 0.2504, 0.2503, 0.2503],
        [0.2501, 0.2504, 0.2500, 0.2496],
        [0.2486, 0.2503, 0.2505, 0.2506],
        [0.2500, 0.2500, 0.2500, 0.2500],
        [0.2494, 0.2504, 0.2501, 0.2501],
        [0.2478, 0.2526, 0.2500, 0.2495],
        [0.2496, 0.2505, 0.2500, 0.2499],
        [0.2491, 0.2506, 0.2504, 0.2499],
        [0.2485, 0.2516, 0.2502, 0.2497],
        [0.2503, 0.2499, 0.2499, 0.2499],
        [0.2496, 0.2504, 0.2501, 0.2499],
        [0.2471, 0.2514, 0.2508, 0.2507],
        [0.2503, 0.2502, 0.2497, 0.2498],
        [0.2492, 0.2505, 0.2502, 0.2502],
        [0.2474, 0.2501, 0.2511, 0.2513],
        [0.2484, 0.2505, 0.2506, 0.2505],
        [0.2493, 0.2506, 0.2502, 0.2500],
        [0.2494, 0.2502, 0.2502, 0.2502],
        [0.2497, 0.2501, 0.2501, 0.2501],
        [0.2501, 0.2500, 0.2500, 0.2499],
        [0.2492, 0.2504, 0.2502, 0.2502],
        [0.2473, 0.2505, 0.2510, 0.2512],
        [0.2490, 0.2508, 0.2502, 0.2500],
        [0.2487, 0.2512, 0.2503, 0.2498],
        [0.2512, 0.2494, 0.2498, 0.2496],
        [0.2488, 0.2504, 0.2504, 0.2504],
        [0.2494, 0.2503, 0.2502, 0.2501],
        [0.2497, 0.2501, 0.2501, 0.2501],
        [0.2496, 0.2501, 0.2501, 0.2501],
        [0.2498, 0.2501, 0.2501, 0.2500],
        [0.2501, 0.2500, 0.2500, 0.2500],
        [0.2494, 0.2504, 0.2501, 0.2501],
        [0.2511, 0.2495, 0.2497, 0.2497],
        [0.2485, 0.2509, 0.2505, 0.2502],
        [0.2518, 0.2495, 0.2495, 0.2491]], device='cuda:1')
fea_node_to_hop attention:tensor([[0.3353, 0.3315, 0.3332],
        [0.3330, 0.3335, 0.3335],
        [0.3295, 0.3355, 0.3351],
        [0.3336, 0.3330, 0.3334],
        [0.3331, 0.3332, 0.3337],
        [0.3313, 0.3341, 0.3346],
        [0.3320, 0.3319, 0.3362],
        [0.3300, 0.3354, 0.3346],
        [0.3275, 0.3365, 0.3361],
        [0.3307, 0.3328, 0.3366],
        [0.3343, 0.3326, 0.3331],
        [0.3354, 0.3328, 0.3318],
        [0.3331, 0.3333, 0.3336],
        [0.3333, 0.3343, 0.3324],
        [0.3282, 0.3352, 0.3366],
        [0.3319, 0.3319, 0.3362],
        [0.3297, 0.3344, 0.3359],
        [0.3309, 0.3334, 0.3358],
        [0.3332, 0.3334, 0.3334],
        [0.3329, 0.3322, 0.3349],
        [0.3311, 0.3353, 0.3336],
        [0.3341, 0.3323, 0.3336],
        [0.3309, 0.3337, 0.3354],
        [0.3337, 0.3327, 0.3336],
        [0.3313, 0.3341, 0.3345],
        [0.3303, 0.3345, 0.3352],
        [0.3331, 0.3337, 0.3332],
        [0.3310, 0.3349, 0.3341],
        [0.3307, 0.3340, 0.3353],
        [0.3307, 0.3333, 0.3360],
        [0.3247, 0.3371, 0.3382],
        [0.3288, 0.3339, 0.3374],
        [0.3304, 0.3343, 0.3352],
        [0.3284, 0.3358, 0.3358],
        [0.3337, 0.3327, 0.3336],
        [0.3328, 0.3335, 0.3336],
        [0.3307, 0.3344, 0.3349],
        [0.3330, 0.3323, 0.3347],
        [0.3341, 0.3330, 0.3329],
        [0.3314, 0.3333, 0.3353],
        [0.3337, 0.3332, 0.3331],
        [0.3303, 0.3348, 0.3349],
        [0.3285, 0.3353, 0.3362],
        [0.3333, 0.3334, 0.3334],
        [0.3323, 0.3339, 0.3338],
        [0.3132, 0.3062, 0.3806],
        [0.3332, 0.3334, 0.3333],
        [0.3305, 0.3341, 0.3354],
        [0.3289, 0.3352, 0.3359],
        [0.3300, 0.3354, 0.3346],
        [0.3337, 0.3329, 0.3334],
        [0.3318, 0.3337, 0.3346],
        [0.3324, 0.3340, 0.3337],
        [0.3314, 0.3339, 0.3347],
        [0.3347, 0.3327, 0.3326],
        [0.3341, 0.3319, 0.3340],
        [0.3308, 0.3343, 0.3349],
        [0.3347, 0.3323, 0.3330],
        [0.3352, 0.3316, 0.3333],
        [0.3338, 0.3321, 0.3341],
        [0.3358, 0.3310, 0.3332],
        [0.3295, 0.3336, 0.3369],
        [0.3340, 0.3328, 0.3332],
        [0.3329, 0.3335, 0.3336],
        [0.3332, 0.3336, 0.3332],
        [0.3324, 0.3333, 0.3344],
        [0.3322, 0.3334, 0.3344],
        [0.3337, 0.3326, 0.3337],
        [0.3337, 0.3333, 0.3330],
        [0.3280, 0.3351, 0.3369],
        [0.3276, 0.3362, 0.3362],
        [0.3326, 0.3331, 0.3343],
        [0.3312, 0.3335, 0.3354],
        [0.3331, 0.3320, 0.3349],
        [0.3347, 0.3328, 0.3325],
        [0.3304, 0.3333, 0.3363],
        [0.3301, 0.3347, 0.3352],
        [0.3332, 0.3317, 0.3351],
        [0.3328, 0.3321, 0.3351],
        [0.3291, 0.3355, 0.3355],
        [0.3319, 0.3351, 0.3330],
        [0.3300, 0.3354, 0.3346],
        [0.3323, 0.3340, 0.3337],
        [0.3316, 0.3331, 0.3353],
        [0.3325, 0.3336, 0.3339],
        [0.3307, 0.3344, 0.3349],
        [0.3311, 0.3351, 0.3338],
        [0.3332, 0.3328, 0.3340],
        [0.3312, 0.3328, 0.3359],
        [0.3283, 0.3357, 0.3360],
        [0.3300, 0.3345, 0.3355],
        [0.3326, 0.3334, 0.3339],
        [0.3324, 0.3333, 0.3343],
        [0.3301, 0.3358, 0.3341],
        [0.3330, 0.3334, 0.3336],
        [0.3339, 0.3330, 0.3331],
        [0.3332, 0.3331, 0.3337],
        [0.3315, 0.3332, 0.3353],
        [0.3304, 0.3341, 0.3355],
        [0.3309, 0.3348, 0.3343]], device='cuda:1')
perception attention:tensor([0.5000, 0.5000], device='cuda:1')
Test set results: loss= 0.3307 accuracy= 0.9060 F1_score= 0.9015
